Date,Open,High,Low,Close,Volume,OpenInt
2014-01-02,22.737,22.846,22.266,22.737,10326034,0
2014-01-03,22.757,23.043,22.628,22.823,5856833,0
2014-01-06,22.957,23.064,22.606,22.737,6988800,0
2014-01-07,22.779,22.891,22.497,22.757,8164373,0
2014-01-08,22.67,23.492,22.628,23.388,16166763,0
2014-01-09,23.366,23.535,22.67,23.086,23060600,0
2014-01-10,21.554,22.026,21.224,21.83,34540638,0
2014-01-13,22.004,22.136,21.703,21.807,11222142,0
2014-01-14,21.939,22.37,21.939,22.288,8454855,0
2014-01-15,22.392,22.891,22.37,22.868,14821808,0
2014-01-16,22.868,23.837,22.846,23.837,18470281,0
2014-01-17,23.815,24.895,23.815,24.528,25034605,0
2014-01-21,25.44,26.582,25.417,26.196,59622773,0
2014-01-22,26.367,26.602,25.931,26.389,26172777,0
2014-01-23,26.039,26.389,25.889,26.062,27012057,0
2014-01-24,25.717,25.869,24.615,24.704,28666648,0
2014-01-27,24.851,25.526,24.551,25.137,12967118,0
2014-01-28,25.44,25.676,25.288,25.587,8146611,0
2014-01-29,25.137,26.407,25.006,25.889,20586196,0
2014-01-30,26.018,26.062,25.544,25.804,10755742,0
2014-01-31,25.049,25.484,24.724,24.851,15290530,0
2014-02-03,24.873,25.309,24.188,24.255,12312394,0
2014-02-04,24.319,24.851,24.233,24.724,9214601,0
2014-02-05,24.682,24.724,23.662,23.902,16901848,0
2014-02-06,23.968,24.379,23.77,23.924,10213143,0
2014-02-07,23.991,24.276,23.924,24.231,7132498,0
2014-02-10,24.276,24.444,23.446,23.947,10242501,0
2014-02-11,24.317,24.724,24.097,24.528,9501946,0
2014-02-12,24.573,24.851,24.276,24.402,7450128,0
2014-02-13,24.097,24.786,24.075,24.682,5521520,0
2014-02-14,24.704,24.873,24.466,24.615,5296576,0
2014-02-18,24.528,24.769,24.276,24.682,6604034,0
2014-02-19,24.637,25.977,24.551,25.464,15438920,0
2014-02-20,25.464,25.634,25.115,25.506,10295366,0
2014-02-21,25.634,25.807,25.4,25.4,9367383,0
2014-02-24,25.378,25.589,25.179,25.484,7758053,0
2014-02-25,25.42,25.529,25.029,25.159,9852559,0
2014-02-26,25.224,26.327,24.984,26.089,15157357,0
2014-02-27,25.977,26.327,25.787,26.044,7144314,0
2014-02-28,25.913,26.022,25.311,25.42,8784851,0
2014-03-03,25.006,25.464,24.807,25.159,8524430,0
2014-03-04,25.356,25.742,25.247,25.546,8562140,0
2014-03-05,25.529,26.288,25.356,26.201,9254936,0
2014-03-06,26.394,26.761,26.089,26.111,18349791,0
2014-03-07,26.178,26.453,25.699,26.327,15813415,0
2014-03-10,26.022,26.044,25.356,25.849,11639698,0
2014-03-11,25.956,26.761,25.807,26.394,14939854,0
2014-03-12,26.133,26.804,26.089,26.349,8916197,0
2014-03-13,26.412,26.476,25.506,25.678,9402679,0
2014-03-14,25.807,25.871,25.137,25.634,10586863,0
2014-03-17,25.764,26.089,25.634,25.764,5610912,0
2014-03-18,25.807,26.044,25.634,25.977,4621496,0
2014-03-19,26.0,26.022,25.464,25.634,7368397,0
2014-03-20,25.464,25.956,25.378,25.787,7916614,0
2014-03-21,26.111,26.201,25.849,26.0,14974851,0
2014-03-24,26.133,26.476,25.849,26.0,13345147,0
2014-03-25,26.111,26.412,26.0,26.022,9716822,0
2014-03-26,26.223,26.306,25.656,25.678,6782400,0
2014-03-27,26.394,27.449,26.244,27.258,23346284,0
2014-03-28,27.449,27.605,26.846,27.023,15514768,0
2014-03-31,27.104,28.081,27.084,27.863,18361014,0
2014-04-01,28.036,28.533,27.694,28.234,11315354,0
2014-04-02,27.716,27.929,27.516,27.825,12231434,0
2014-04-03,27.78,27.907,27.471,27.583,9755166,0
2014-04-04,27.738,28.301,27.303,27.345,7575971,0
2014-04-07,27.364,27.716,26.761,27.002,14048172,0
2014-04-08,27.104,27.694,26.783,27.127,13622385,0
2014-04-09,28.322,28.489,27.78,28.147,23044271,0
2014-04-10,28.147,28.234,27.449,27.494,12318337,0
2014-04-11,27.127,27.303,26.718,27.147,20835917,0
2014-04-14,27.169,27.971,27.065,27.843,13706632,0
2014-04-15,27.738,28.322,27.516,28.256,14902872,0
2014-04-16,28.343,29.103,28.322,29.058,17019727,0
2014-04-17,29.232,29.614,28.925,29.358,18925368,0
2014-04-21,29.34,29.439,29.145,29.21,6359824,0
2014-04-22,29.188,29.461,28.97,29.255,10952066,0
2014-04-23,29.255,29.528,29.08,29.505,5843806,0
2014-04-24,29.548,29.658,29.358,29.399,5685090,0
2014-04-25,29.255,29.255,28.619,28.861,10607262,0
2014-04-28,28.97,28.97,28.256,28.663,10029000,0
2014-04-29,28.749,29.125,28.533,29.103,5056280,0
2014-04-30,29.015,29.21,28.925,29.165,8852950,0
2014-05-01,29.125,29.528,28.97,29.528,5246882,0
2014-05-02,29.592,30.077,29.483,29.703,5912076,0
2014-05-05,29.483,29.592,29.188,29.298,5600865,0
2014-05-06,29.298,29.298,28.794,28.816,6063474,0
2014-05-07,28.861,29.036,28.556,28.839,9140417,0
2014-05-08,28.816,29.276,28.707,28.816,5454992,0
2014-05-09,28.816,29.036,28.596,28.749,4385898,0
2014-05-12,29.165,29.99,29.145,29.968,9289647,0
2014-05-13,30.119,30.272,29.772,29.923,5167130,0
2014-05-14,29.945,29.945,29.361,29.421,6461639,0
2014-05-15,29.32,29.361,28.425,28.903,6151277,0
2014-05-16,28.861,29.232,28.596,29.188,7755566,0
2014-05-19,29.058,29.361,29.058,29.32,5504316,0
2014-05-20,29.08,29.188,28.254,28.533,16068209,0
2014-05-21,28.707,29.036,28.32,28.467,4904581,0
2014-05-22,28.686,28.816,28.489,28.707,3745438,0
2014-05-23,28.641,29.383,28.596,29.343,5088095,0
2014-05-27,29.343,29.728,29.21,29.255,5339666,0
2014-05-28,29.21,29.298,28.947,29.015,4304098,0
2014-05-29,29.036,29.463,28.903,29.463,3501240,0
2014-05-30,29.343,29.53,29.103,29.53,4440634,0
2014-06-02,29.88,30.101,29.361,30.012,6535093,0
2014-06-03,29.858,29.88,29.383,29.616,4954653,0
2014-06-04,29.53,30.057,29.383,29.99,3641136,0
2014-06-05,29.945,30.661,29.795,30.382,5904002,0
2014-06-06,30.272,31.139,30.25,31.139,7325381,0
2014-06-09,31.117,31.639,30.94,31.139,5255006,0
2014-06-10,30.94,31.095,30.617,30.877,3702994,0
2014-06-11,30.769,31.005,30.617,30.769,3775215,0
2014-06-12,30.617,30.792,30.227,30.401,4712691,0
2014-06-13,30.575,31.594,30.53,31.511,6644982,0
2014-06-16,31.444,31.511,31.072,31.139,3439088,0
2014-06-17,31.184,31.511,30.983,31.424,3405727,0
2014-06-18,31.27,31.832,31.005,31.768,5187988,0
2014-06-19,31.897,31.919,31.292,31.381,5892639,0
2014-06-20,31.529,31.791,31.381,31.724,6834527,0
2014-06-23,31.855,32.093,31.791,32.049,3528081,0
2014-06-24,32.049,32.093,31.337,31.401,4405740,0
2014-06-25,31.292,31.679,31.139,31.572,3771148,0
2014-06-26,32.789,32.944,31.982,32.417,13312755,0
2014-06-27,32.379,32.548,32.004,32.399,8253083,0
2014-06-30,32.313,32.335,31.855,32.313,5972901,0
2014-07-01,32.399,32.548,32.004,32.114,4792684,0
2014-07-02,32.226,32.313,32.114,32.226,4791131,0
2014-07-03,32.313,32.699,32.181,32.504,3602158,0
2014-07-07,32.526,32.657,31.897,31.982,7593370,0
2014-07-08,32.049,32.313,31.594,32.226,12557991,0
2014-07-09,33.07,34.2,32.9,34.044,25004349,0
2014-07-10,33.81,34.653,33.459,33.898,13093580,0
2014-07-11,33.938,34.675,33.898,34.653,7169212,0
2014-07-14,35.089,35.265,34.523,34.96,11184383,0
2014-07-15,34.982,35.13,34.567,34.982,9031268,0
2014-07-16,35.069,36.26,34.982,36.022,10885105,0
2014-07-17,35.715,35.958,35.309,35.435,10286875,0
2014-07-18,35.435,35.98,35.413,35.782,5812261,0
2014-07-21,35.562,36.199,35.498,36.065,8559005,0
2014-07-22,36.216,37.236,36.216,37.082,14539209,0
2014-07-23,37.367,37.367,36.889,36.997,9746843,0
2014-07-24,37.018,37.281,36.8,36.889,9654628,0
2014-07-25,36.759,36.759,35.87,35.936,9829488,0
2014-07-28,36.022,36.956,36.022,36.911,8300366,0
2014-07-29,37.082,37.194,36.671,36.691,7766622,0
2014-07-30,36.889,37.018,36.087,36.28,6306207,0
2014-07-31,35.958,36.087,34.982,35.562,11979479,0
2014-08-01,35.309,36.043,35.153,35.672,6721455,0
2014-08-04,35.98,36.324,35.693,36.26,6898350,0
2014-08-05,36.087,36.109,35.52,35.672,7852323,0
2014-08-06,35.329,36.087,35.329,35.737,5292039,0
2014-08-07,35.782,35.958,34.5,34.78,8860552,0
2014-08-08,34.176,35.11,33.918,35.002,6381988,0
2014-08-11,35.435,35.672,35.11,35.197,4558498,0
2014-08-12,35.265,35.672,35.11,35.197,7006177,0
2014-08-13,35.265,35.413,35.067,35.309,4325938,0
2014-08-14,35.22,35.371,35.13,35.287,2749784,0
2014-08-15,35.371,35.476,34.825,35.022,5198754,0
2014-08-18,35.22,35.562,35.11,35.476,5427796,0
2014-08-19,35.582,35.805,35.371,35.715,6056804,0
2014-08-20,35.605,36.282,35.562,35.87,6023598,0
2014-08-21,35.914,35.914,35.351,35.54,3935069,0
2014-08-22,35.435,35.936,35.309,35.76,3493808,0
2014-08-25,35.825,36.022,35.582,35.825,3351030,0
2014-08-26,35.805,36.327,35.715,36.065,3363699,0
2014-08-27,36.109,36.349,35.891,36.327,3497511,0
2014-08-28,36.131,36.26,35.914,36.022,3070752,0
2014-08-29,36.154,36.282,35.805,36.109,4213027,0
2014-09-02,36.176,36.349,36.002,36.238,4946037,0
2014-09-03,36.26,36.958,36.238,36.802,4999139,0
2014-09-04,36.914,37.739,36.761,37.174,7182111,0
2014-09-05,37.196,37.587,36.976,37.568,4415458,0
2014-09-08,37.568,37.61,36.869,36.976,5152674,0
2014-09-09,37.196,37.568,37.02,37.196,6856877,0
2014-09-10,37.063,37.389,36.847,37.389,6599835,0
2014-09-11,37.546,37.587,36.587,36.739,7832357,0
2014-09-12,36.914,36.914,35.98,36.349,9311763,0
2014-09-15,36.349,36.414,35.265,35.627,9589703,0
2014-09-16,34.935,35.847,34.891,35.13,20082028,0
2014-09-17,35.002,35.54,34.98,35.394,16922652,0
2014-09-18,35.498,35.693,35.089,35.22,7915282,0
2014-09-19,35.394,35.52,35.13,35.242,9190644,0
2014-09-22,35.153,35.153,34.197,34.411,10380715,0
2014-09-23,34.019,34.736,33.828,34.131,7579505,0
2014-09-24,34.285,34.673,34.019,34.564,5907185,0
2014-09-25,34.52,34.651,33.762,33.978,8868059,0
2014-09-26,34.131,35.287,34.019,35.197,9069960,0
2014-09-29,34.631,34.98,34.24,34.631,7984032,0
2014-09-30,35.287,35.52,34.736,34.98,10024815,0
2014-10-01,35.067,35.089,33.978,34.131,10001443,0
2014-10-02,34.176,34.218,32.372,33.389,11583082,0
2014-10-03,33.609,34.306,33.455,33.918,9341679,0
2014-10-06,34.285,34.891,34.086,34.758,10939856,0
2014-10-07,34.651,35.265,34.37,34.673,12006921,0
2014-10-08,34.758,34.935,33.675,34.935,15726131,0
2014-10-09,35.498,35.715,32.979,33.455,25657112,0
2014-10-10,33.111,33.369,31.784,31.975,18269583,0
2014-10-13,32.372,33.171,31.415,31.502,11505280,0
2014-10-14,31.848,32.02,30.566,31.063,16605160,0
2014-10-15,30.434,31.673,29.806,31.523,16921545,0
2014-10-16,30.566,31.848,30.456,31.739,12184324,0
2014-10-17,32.306,33.956,32.219,33.956,16453640,0
2014-10-20,33.784,34.153,33.564,34.109,7002134,0
2014-10-21,34.455,35.715,34.411,35.54,10582282,0
2014-10-22,35.672,35.914,34.869,35.045,12633533,0
2014-10-23,35.54,35.805,35.045,35.309,7924315,0
2014-10-24,35.498,36.022,35.265,35.98,5909767,0
2014-10-27,36.002,36.022,35.453,35.605,7108375,0
2014-10-28,35.87,36.199,35.672,36.087,5665674,0
2014-10-29,36.043,36.304,34.891,35.371,14340685,0
2014-10-30,35.153,35.562,34.411,35.265,8214275,0
2014-10-31,35.715,36.436,35.309,36.436,8566201,0
2014-11-03,36.48,37.02,36.199,36.802,7344389,0
2014-11-04,36.63,36.674,35.715,36.002,6077066,0
2014-11-05,36.327,36.349,35.218,35.413,8356575,0
2014-11-06,35.65,35.76,35.173,35.65,6530804,0
2014-11-07,35.87,35.914,35.371,35.562,6201831,0
2014-11-10,35.435,35.847,35.195,35.54,4922393,0
2014-11-11,35.476,35.891,35.285,35.825,3202767,0
2014-11-12,35.76,36.849,35.582,36.763,7284117,0
2014-11-13,36.827,37.001,36.304,36.458,5720609,0
2014-11-14,36.369,36.979,36.176,36.894,4055691,0
2014-11-17,36.827,36.916,36.48,36.653,3518725,0
2014-11-18,36.632,37.481,36.632,37.372,6760773,0
2014-11-19,37.308,37.308,36.199,36.349,7283863,0
2014-11-20,36.087,37.413,36.002,37.285,6236307,0
2014-11-21,38.154,38.655,37.741,38.003,9497317,0
2014-11-24,38.11,38.354,37.372,37.503,5940541,0
2014-11-25,37.678,38.463,37.612,37.83,6674002,0
2014-11-26,38.025,38.332,37.57,38.332,4198183,0
2014-11-28,38.31,38.31,37.372,37.656,4047971,0
2014-12-01,37.897,37.941,37.023,37.33,6117319,0
2014-12-02,37.285,37.83,37.154,37.678,6199724,0
2014-12-03,37.701,37.918,37.372,37.481,7466929,0
2014-12-04,37.741,38.003,37.351,37.548,6311346,0
2014-12-05,37.807,37.874,36.827,36.916,7493258,0
2014-12-08,36.805,36.938,35.349,35.476,10098409,0
2014-12-09,34.671,35.24,34.304,34.933,10402611,0
2014-12-10,34.8,35.218,33.931,34.037,8445962,0
2014-12-11,33.913,34.26,32.91,33.017,9317687,0
2014-12-12,32.665,33.297,32.344,32.386,8789933,0
2014-12-15,32.8,33.297,32.448,32.513,11808949,0
2014-12-16,32.755,33.129,31.386,31.428,13479772,0
2014-12-17,31.753,32.822,31.559,32.777,12161631,0
2014-12-18,33.736,34.388,33.451,34.368,13523821,0
2014-12-19,34.368,34.933,34.26,34.711,9261080,0
2014-12-22,34.8,34.822,33.713,34.283,7872055,0
2014-12-23,34.408,34.8,34.127,34.26,4836062,0
2014-12-24,34.349,34.498,33.891,34.349,2270233,0
2014-12-26,34.584,34.689,34.368,34.453,2918214,0
2014-12-29,34.498,34.755,34.26,34.453,3255112,0
2014-12-30,34.26,34.689,34.037,34.518,4252312,0
2014-12-31,34.518,34.911,34.349,34.388,4060098,0
2015-01-02,34.562,34.8,34.127,34.584,4784879,0
2015-01-05,34.059,34.082,32.426,32.578,9956781,0
2015-01-06,32.71,33.472,32.344,32.822,8896249,0
2015-01-07,33.232,33.913,33.129,33.671,7322580,0
2015-01-08,34.104,34.955,33.868,34.628,9030957,0
2015-01-09,34.911,35.173,34.304,35.087,7681105,0
2015-01-12,35.715,35.782,34.689,35.218,13928264,0
2015-01-13,35.87,36.002,34.193,34.408,17348856,0
2015-01-14,33.671,33.713,31.664,32.557,25223239,0
2015-01-15,33.017,33.167,32.448,32.6,12143954,0
2015-01-16,32.622,33.275,32.578,33.275,9991773,0
2015-01-20,33.451,33.931,32.8,33.868,11914001,0
2015-01-21,33.868,34.911,33.604,34.671,9458160,0
2015-01-22,34.911,35.0,34.215,34.933,7058149,0
2015-01-23,34.408,34.734,33.846,34.326,8567838,0
2015-01-26,34.215,35.087,33.891,35.02,5690039,0
2015-01-27,34.238,34.955,34.238,34.671,7168672,0
2015-01-28,34.911,35.24,34.326,34.408,7237022,0
2015-01-29,34.671,34.845,33.995,34.8,6761499,0
2015-01-30,34.518,34.955,34.015,34.082,7713870,0
2015-02-02,34.498,35.065,34.326,35.0,6749997,0
2015-02-03,35.65,36.199,35.195,36.176,8903024,0
2015-02-04,35.958,36.327,35.693,35.825,6955787,0
2015-02-05,35.87,37.31,35.805,37.243,11083291,0
2015-02-06,37.089,37.089,35.936,36.154,9601622,0
2015-02-09,35.126,35.126,33.927,34.144,14256192,0
2015-02-10,34.299,34.731,33.927,34.709,11520046,0
2015-02-11,34.344,34.344,33.27,33.731,12654078,0
2015-02-12,34.278,34.451,33.909,34.144,8861614,0
2015-02-13,34.473,34.731,34.032,34.496,7367525,0
2015-02-17,34.516,34.604,34.122,34.367,5952035,0
2015-02-18,34.322,34.646,34.077,34.581,5714678,0
2015-02-19,34.429,34.953,34.167,34.909,7618309,0
2015-02-20,34.753,35.063,34.256,34.451,6498983,0
2015-02-23,34.1,34.122,33.555,33.842,6406016,0
2015-02-24,33.969,34.429,33.886,34.344,4564672,0
2015-02-25,34.122,34.256,32.401,32.726,15739159,0
2015-02-26,32.926,33.144,32.593,32.97,8605370,0
2015-02-27,32.948,33.055,32.072,32.271,9533958,0
2015-03-02,32.359,32.771,32.161,32.616,8876753,0
2015-03-03,32.616,33.424,32.462,33.122,7519756,0
2015-03-04,32.161,32.251,30.875,31.832,18490790,0
2015-03-05,31.55,31.615,31.023,31.377,7863552,0
2015-03-06,31.222,31.766,31.045,31.592,9166195,0
2015-03-09,30.392,30.521,29.107,29.892,35930519,0
2015-03-10,29.649,29.934,29.327,29.449,15458887,0
2015-03-11,29.628,29.739,29.449,29.649,10631040,0
2015-03-12,29.957,30.283,29.327,29.628,9906086,0
2015-03-13,29.957,30.068,29.283,29.605,7750114,0
2015-03-16,29.761,29.828,28.753,28.997,13699103,0
2015-03-17,28.689,28.885,28.387,28.494,13442662,0
2015-03-18,28.387,29.305,28.278,28.974,25512789,0
2015-03-19,28.689,28.732,27.881,28.278,15794437,0
2015-03-20,28.408,28.56,28.145,28.301,17766158,0
2015-03-23,28.234,28.798,28.145,28.367,11595611,0
2015-03-24,28.145,28.601,27.821,28.56,14797966,0
2015-03-25,28.516,28.952,28.278,28.301,11979329,0
2015-03-26,28.056,28.387,28.011,28.101,13961775,0
2015-03-27,27.991,28.034,27.601,27.712,7788706,0
2015-03-30,28.034,28.387,27.881,28.278,7392337,0
2015-03-31,27.969,28.345,27.925,28.189,10546019,0
2015-04-01,28.167,28.583,28.056,28.367,17581309,0
2015-04-02,28.189,28.974,27.903,28.668,10738566,0
2015-04-06,28.952,29.327,28.821,29.15,10446420,0
2015-04-07,29.428,29.694,29.283,29.305,10485555,0
2015-04-08,29.694,30.113,29.539,29.828,19535981,0
2015-04-09,29.283,29.349,28.278,28.821,26735993,0
2015-04-10,28.885,28.952,28.367,28.689,16707261,0
2015-04-13,28.689,29.194,28.56,28.997,10508342,0
2015-04-14,29.172,29.327,29.018,29.172,10056376,0
2015-04-15,29.239,29.305,28.974,29.107,15834735,0
2015-04-16,29.739,29.892,29.327,29.349,19911912,0
2015-04-17,29.217,29.494,29.018,29.367,10896096,0
2015-04-20,29.517,29.957,29.367,29.628,8111286,0
2015-04-21,29.828,29.828,29.327,29.494,8062773,0
2015-04-22,29.539,29.628,29.305,29.605,6146989,0
2015-04-23,29.018,29.283,28.583,28.776,21108856,0
2015-04-24,28.952,28.997,28.732,28.843,9378406,0
2015-04-27,28.974,29.739,28.952,29.349,13108763,0
2015-04-28,29.539,29.979,29.349,29.408,6852563,0
2015-04-29,29.107,29.739,29.085,29.672,6823173,0
2015-04-30,29.605,29.605,29.063,29.283,11530526,0
2015-05-01,29.449,31.179,29.408,30.875,23083512,0
2015-05-04,30.832,31.09,30.566,30.566,8031352,0
2015-05-05,30.832,30.893,30.113,30.15,7180861,0
2015-05-06,30.414,30.479,29.784,29.892,6355776,0
2015-05-07,29.739,30.129,29.428,29.979,5873499,0
2015-05-08,30.194,30.35,29.848,30.216,5731533,0
2015-05-11,30.306,30.373,29.784,29.848,5004191,0
2015-05-12,29.694,29.869,29.561,29.628,5634859,0
2015-05-13,29.716,30.328,29.716,29.806,7007349,0
2015-05-14,30.09,30.283,29.806,29.828,5099863,0
2015-05-15,29.828,29.848,29.539,29.605,4253722,0
2015-05-18,29.561,29.583,29.082,29.302,7181569,0
2015-05-19,29.192,29.237,28.492,28.598,14095135,0
2015-05-20,28.71,28.774,28.469,28.58,7446304,0
2015-05-21,28.643,28.666,28.405,28.428,7724408,0
2015-05-22,28.405,28.536,28.274,28.296,6001085,0
2015-05-26,28.229,28.229,27.685,27.899,10081902,0
2015-05-27,27.856,28.096,27.707,27.964,7570791,0
2015-05-28,27.751,27.834,27.485,27.729,8259875,0
2015-05-29,27.574,27.662,27.2,27.332,10119237,0
2015-06-01,27.418,27.44,26.873,27.156,6412411,0
2015-06-02,27.156,27.987,27.133,27.596,8681919,0
2015-06-03,27.618,27.987,27.551,27.574,6749648,0
2015-06-04,27.395,27.662,27.267,27.332,6418218,0
2015-06-05,27.2,27.31,27.007,27.156,7892525,0
2015-06-08,27.111,27.156,26.765,26.788,8074726,0
2015-06-09,26.831,26.984,26.567,26.653,6873800,0
2015-06-10,26.851,26.94,26.544,26.608,7461584,0
2015-06-11,26.608,26.653,26.304,26.433,7048197,0
2015-06-12,26.391,26.589,26.286,26.369,6650179,0
2015-06-15,26.176,26.478,26.064,26.241,5833335,0
2015-06-16,26.176,26.347,26.064,26.286,5492942,0
2015-06-17,26.304,26.327,25.909,26.154,6742422,0
2015-06-18,26.241,26.391,25.954,26.064,6139153,0
2015-06-19,26.02,26.241,25.931,26.086,8738090,0
2015-06-22,26.02,26.02,25.56,25.715,11019635,0
2015-06-23,25.78,25.866,25.605,25.671,7530325,0
2015-06-24,25.605,25.909,25.56,25.671,8245632,0
2015-06-25,25.715,25.735,25.256,25.3,7102160,0
2015-06-26,25.32,25.715,25.278,25.56,7433133,0
2015-06-29,25.102,25.387,24.793,24.816,9113103,0
2015-06-30,25.124,25.146,24.379,24.379,10346232,0
2015-07-01,24.489,24.555,23.922,24.206,12956671,0
2015-07-02,24.251,24.555,24.14,24.273,6608881,0
2015-07-06,23.944,24.337,23.877,24.117,8250388,0
2015-07-07,23.966,24.294,23.135,24.184,14391645,0
2015-07-08,23.944,24.05,22.719,22.961,21026640,0
2015-07-09,23.483,23.988,23.113,23.158,18402004,0
2015-07-10,23.551,23.767,23.201,23.245,10892862,0
2015-07-13,23.551,23.704,23.373,23.662,8723958,0
2015-07-14,23.528,23.748,23.284,23.551,7941628,0
2015-07-15,23.551,23.595,23.004,23.113,8816662,0
2015-07-16,23.284,23.284,22.806,22.981,7474889,0
2015-07-17,22.939,23.068,22.652,22.939,7318982,0
2015-07-20,22.85,22.895,22.261,22.304,10412021,0
2015-07-21,22.304,22.828,22.219,22.368,11093677,0
2015-07-22,22.197,22.219,21.775,21.841,18581003,0
2015-07-23,22.063,22.283,21.648,21.775,10058457,0
2015-07-24,21.67,21.67,21.1,21.453,12628990,0
2015-07-27,21.23,21.841,20.967,21.033,12749405,0
2015-07-28,21.318,21.714,21.011,21.585,12411346,0
2015-07-29,21.692,22.346,21.628,22.219,14454279,0
2015-07-30,22.283,22.412,21.605,21.819,9071074,0
2015-07-31,22.063,22.174,21.563,21.585,8384935,0
2015-08-03,21.475,21.475,20.945,21.077,9853821,0
2015-08-04,21.73,22.019,21.165,21.274,11228271,0
2015-08-05,21.732,22.263,21.385,21.408,11383313,0
2015-08-06,21.408,21.843,21.143,21.732,10329451,0
2015-08-07,21.54,22.066,20.53,20.64,15157083,0
2015-08-10,20.903,22.132,20.64,22.11,12743745,0
2015-08-11,21.274,21.363,20.662,20.792,18139619,0
2015-08-12,20.596,20.967,20.355,20.859,13106020,0
2015-08-13,20.881,20.881,20.398,20.419,6599811,0
2015-08-14,20.442,20.684,20.355,20.64,6040120,0
2015-08-17,20.419,20.815,20.311,20.684,4984201,0
2015-08-18,20.398,20.53,20.267,20.333,7398679,0
2015-08-19,20.134,20.376,19.96,19.981,8481409,0
2015-08-20,20.157,20.223,19.697,19.806,8071303,0
2015-08-21,19.674,19.697,19.148,19.148,11487036,0
2015-08-24,17.985,18.732,17.482,17.985,18756801,0
2015-08-25,18.929,18.995,17.788,17.788,11993022,0
2015-08-26,18.117,18.184,17.591,18.117,12681008,0
2015-08-27,18.425,19.565,18.38,19.433,12502151,0
2015-08-28,19.478,20.662,19.301,20.64,19184758,0
2015-08-31,20.333,20.903,20.223,20.727,13890346,0
2015-09-01,20.069,20.442,19.894,20.223,14874001,0
2015-09-02,20.596,20.596,19.762,20.442,18456966,0
2015-09-03,20.618,21.385,20.508,20.989,12862785,0
2015-09-04,20.596,21.143,20.398,20.815,21929235,0
2015-09-08,21.65,21.65,21.055,21.318,8225405,0
2015-09-09,21.755,21.777,20.903,20.989,13432919,0
2015-09-10,20.967,21.318,20.859,21.121,13470999,0
2015-09-11,21.055,21.385,20.924,21.165,8934048,0
2015-09-14,21.011,21.077,20.442,20.573,14254949,0
2015-09-15,20.596,21.297,20.551,21.121,8182776,0
2015-09-16,21.274,21.673,21.274,21.628,9070734,0
2015-09-17,21.519,22.286,21.385,21.821,11178435,0
2015-09-18,21.605,21.999,21.408,21.866,13266051,0
2015-09-21,21.887,22.154,21.717,21.717,8074131,0
2015-09-22,21.055,21.121,20.573,20.837,11531079,0
2015-09-23,21.011,21.033,20.157,20.178,9546611,0
2015-09-24,19.894,20.311,19.433,20.134,11747497,0
2015-09-25,20.289,20.376,19.652,19.894,8664871,0
2015-09-28,20.748,21.143,20.178,21.033,43632929,0
2015-09-29,21.1,21.43,20.53,20.727,17917974,0
2015-09-30,21.077,21.297,20.684,21.188,19128497,0
2015-10-01,21.297,21.605,20.157,20.311,16807572,0
2015-10-02,20.069,20.881,19.96,20.881,12829504,0
2015-10-05,21.077,22.921,21.055,22.832,22083113,0
2015-10-06,22.877,24.193,22.832,24.082,26109963,0
2015-10-07,24.455,24.522,23.38,23.997,18970038,0
2015-10-08,23.797,24.366,23.313,24.148,16583350,0
2015-10-09,23.401,23.953,22.483,22.501,35861936,0
2015-10-12,22.546,22.568,21.866,22.11,14334526,0
2015-10-13,21.843,22.417,21.628,21.999,16521116,0
2015-10-14,22.132,22.177,21.732,21.821,19266692,0
2015-10-15,21.777,21.932,21.121,21.274,22705992,0
2015-10-16,21.453,21.475,20.684,20.945,12457425,0
2015-10-19,20.684,20.989,20.53,20.662,10514983,0
2015-10-20,20.53,20.748,20.419,20.64,11719153,0
2015-10-21,20.596,20.684,19.981,19.981,9339957,0
2015-10-22,20.091,20.815,19.851,19.938,15514344,0
2015-10-23,20.091,20.355,19.871,20.047,9253969,0
2015-10-26,20.025,20.157,19.104,19.236,11845119,0
2015-10-27,19.28,19.608,18.906,19.148,12283718,0
2015-10-28,19.192,20.025,19.104,19.718,15156128,0
2015-10-29,19.521,19.762,19.345,19.63,13418602,0
2015-10-30,19.674,19.871,19.455,19.586,15932017,0
2015-11-02,19.63,20.267,19.586,20.114,13669297,0
2015-11-03,20.178,21.011,20.157,20.573,11678008,0
2015-11-04,20.793,20.926,20.398,20.64,10077522,0
2015-11-05,20.398,20.508,19.935,20.243,10237512,0
2015-11-06,20.046,20.199,19.76,20.002,10616082,0
2015-11-09,19.738,19.804,18.703,18.946,19759821,0
2015-11-10,18.923,18.946,18.351,18.374,12875046,0
2015-11-11,18.44,18.638,17.779,17.779,15275533,0
2015-11-12,17.603,17.603,17.185,17.206,17807041,0
2015-11-13,17.273,17.734,17.206,17.581,11914626,0
2015-11-16,17.537,18.307,17.515,18.242,15333022,0
2015-11-17,18.329,18.615,18.131,18.197,15753039,0
2015-11-18,18.285,18.505,18.087,18.505,10808955,0
2015-11-19,18.726,19.319,18.703,19.276,14778118,0
2015-11-20,19.386,19.583,18.901,19.121,11300916,0
2015-11-23,19.913,20.332,19.518,19.958,20096863,0
2015-11-24,19.958,20.243,19.738,20.002,12263155,0
2015-11-25,19.913,20.793,19.869,20.705,11663441,0
2015-11-27,20.508,20.816,20.463,20.508,4472392,0
2015-11-30,20.53,20.926,20.485,20.596,10941161,0
2015-12-01,20.816,21.123,20.705,20.86,11610185,0
2015-12-02,20.727,21.08,20.485,20.573,11636688,0
2015-12-03,20.596,20.684,19.605,19.783,10598622,0
2015-12-04,19.869,20.618,19.804,20.551,13415223,0
2015-12-07,20.816,20.838,19.694,19.891,17017316,0
2015-12-08,19.386,19.407,18.703,18.746,22221791,0
2015-12-09,18.99,19.341,18.703,19.231,12813284,0
2015-12-10,19.341,20.551,19.231,20.177,16578166,0
2015-12-11,19.76,19.848,19.253,19.495,14170272,0
2015-12-14,19.451,19.913,19.099,19.804,16676281,0
2015-12-15,20.024,20.551,19.979,20.068,12693534,0
2015-12-16,20.31,20.398,19.958,20.332,11632994,0
2015-12-17,20.243,20.332,19.891,20.133,9819858,0
2015-12-18,20.155,20.705,20.09,20.31,14751762,0
2015-12-21,20.573,20.727,20.31,20.508,11359451,0
2015-12-22,20.573,21.057,20.376,21.036,8850397,0
2015-12-23,21.343,22.49,21.299,22.424,17759549,0
2015-12-24,22.356,22.508,22.181,22.268,5360266,0
2015-12-28,22.004,22.026,21.587,21.959,7093471,0
2015-12-29,22.246,22.597,22.004,22.29,6105833,0
2015-12-30,21.869,22.07,21.677,21.914,10688312,0
2015-12-31,21.721,21.959,21.587,21.721,6072270,0
2016-01-04,20.948,21.565,20.793,21.365,17232372,0
2016-01-05,21.388,21.499,20.155,20.398,17846361,0
2016-01-06,19.804,19.848,18.813,18.946,25073541,0
2016-01-07,18.462,18.726,18.109,18.197,15476728,0
2016-01-08,18.746,18.835,17.647,17.757,18955421,0
2016-01-11,18.242,18.242,17.382,17.603,21764584,0
2016-01-12,17.626,17.647,15.622,16.018,41493055,0
2016-01-13,16.107,16.371,15.579,15.688,20758833,0
2016-01-14,15.601,16.217,15.073,15.931,20125155,0
2016-01-15,15.27,15.446,14.897,15.183,23760625,0
2016-01-19,15.359,15.446,14.435,14.831,23605290,0
2016-01-20,14.324,14.974,13.511,14.831,30690476,0
2016-01-21,14.831,15.974,14.765,15.601,21631813,0
2016-01-22,16.041,16.327,15.029,15.117,15621934,0
2016-01-25,14.985,15.404,14.874,14.963,15450986,0
2016-01-26,15.161,15.799,14.885,15.71,16576431,0
2016-01-27,15.534,16.018,15.227,15.314,15692305,0
2016-01-28,15.777,15.821,15.007,15.404,12214602,0
2016-01-29,15.359,16.041,15.359,16.041,16253706,0
2016-02-01,16.239,16.239,15.645,15.865,12060214,0
2016-02-02,15.446,15.557,15.205,15.337,10071457,0
2016-02-03,15.602,16.73,15.137,16.685,15341399,0
2016-02-04,16.883,18.674,16.861,18.364,24330340,0
2016-02-05,17.988,18.784,17.414,17.944,19405762,0
2016-02-08,17.083,18.608,17.039,17.459,17887075,0
2016-02-09,17.061,17.558,16.752,17.259,12296904,0
2016-02-10,17.459,17.481,16.464,16.663,12304696,0
2016-02-11,16.264,16.685,15.712,16.199,14444437,0
2016-02-12,16.64,17.192,16.264,16.994,11775081,0
2016-02-16,17.237,17.966,16.972,17.944,9958379,0
2016-02-17,18.187,19.006,18.121,18.829,13159423,0
2016-02-18,18.872,18.917,17.857,17.944,13238788,0
2016-02-19,17.745,17.879,17.326,17.391,13987418,0
2016-02-22,17.767,19.735,17.767,19.69,24894036,0
2016-02-23,19.336,19.381,18.806,18.85,11994005,0
2016-02-24,18.254,19.413,18.232,19.359,14035399,0
2016-02-25,19.425,19.712,18.894,19.601,12516823,0
2016-02-26,20.155,20.354,19.491,19.601,10127138,0
2016-02-29,19.78,20.132,19.558,19.735,10441894,0
2016-03-01,20.155,20.332,19.712,20.132,7335551,0
2016-03-02,20.22,21.437,20.111,21.258,22178024,0
2016-03-03,20.773,21.437,20.264,20.928,16076542,0
2016-03-04,21.192,22.188,20.817,21.148,18463154,0
2016-03-07,21.347,22.254,21.237,22.188,18981895,0
2016-03-08,21.592,21.876,20.531,20.619,17122227,0
2016-03-09,20.839,21.038,20.155,20.817,9850766,0
2016-03-10,20.729,21.281,20.376,21.192,11283653,0
2016-03-11,21.459,21.766,20.884,21.038,10567859,0
2016-03-14,20.795,21.659,20.685,21.37,9808499,0
2016-03-15,20.994,21.038,20.132,20.242,14235518,0
2016-03-16,20.309,21.592,20.111,21.525,15622844,0
2016-03-17,21.788,22.098,21.503,21.966,17763480,0
2016-03-18,22.098,22.584,21.659,22.165,15215673,0
2016-03-21,21.966,22.188,21.459,21.854,8643266,0
2016-03-22,21.57,22.01,21.392,21.766,8978751,0
2016-03-23,21.415,21.659,20.441,20.596,11503479,0
2016-03-24,20.287,21.237,19.977,21.148,9382119,0
2016-03-28,21.37,21.743,20.934,21.437,7467047,0
2016-03-29,21.104,21.547,20.707,21.482,11130105,0
2016-03-30,21.726,21.798,21.281,21.392,8348847,0
2016-03-31,21.437,21.788,21.059,21.17,9026010,0
2016-04-01,20.862,21.303,20.663,21.281,7948997,0
2016-04-04,21.17,21.581,20.707,20.773,9021873,0
2016-04-05,20.531,21.104,20.463,20.795,6645603,0
2016-04-06,20.817,21.082,20.463,20.994,7609965,0
2016-04-07,20.839,21.659,20.839,20.95,13836292,0
2016-04-08,21.437,21.503,20.663,20.707,15885702,0
2016-04-11,21.059,21.766,20.839,21.525,20758135,0
2016-04-12,20.64,20.994,20.242,20.95,30227575,0
2016-04-13,21.192,22.257,21.027,21.637,22051217,0
2016-04-14,21.854,22.41,21.57,22.121,14207519,0
2016-04-15,22.055,22.432,21.966,22.121,12191869,0
2016-04-18,21.681,22.388,21.614,22.299,9504421,0
2016-04-19,22.494,23.268,22.454,23.268,11758517,0
2016-04-20,23.205,23.736,22.694,23.401,13726606,0
2016-04-21,23.601,23.668,22.873,23.028,10661816,0
2016-04-22,23.095,23.512,22.806,22.984,9119518,0
2016-04-25,22.784,22.873,22.322,22.454,8774209,0
2016-04-26,22.717,23.579,22.494,23.557,12273948,0
2016-04-27,23.779,25.104,23.736,24.993,21041676,0
2016-04-28,24.793,25.148,24.531,24.642,12143225,0
2016-04-29,24.926,25.415,24.464,24.686,18830629,0
2016-05-02,24.753,24.882,23.98,24.22,11722988,0
2016-05-03,23.601,23.713,22.672,22.873,13717979,0
2016-05-04,22.784,23.162,22.539,22.694,10203880,0
2016-05-05,22.873,23.006,22.031,22.208,9999542,0
2016-05-06,22.141,22.806,22.141,22.252,8319844,0
2016-05-09,21.852,21.852,20.923,20.966,15263634,0
2016-05-10,21.188,21.455,20.657,21.432,10035737,0
2016-05-11,21.477,21.699,21.143,21.143,7218180,0
2016-05-12,21.388,21.543,20.501,20.923,10395471,0
2016-05-13,20.722,21.143,20.347,20.391,8199232,0
2016-05-16,20.612,20.989,20.478,20.567,8968783,0
2016-05-17,20.545,20.945,20.235,20.612,8648171,0
2016-05-18,20.368,20.722,19.836,19.991,10483662,0
2016-05-19,19.77,20.235,19.46,20.213,11072372,0
2016-05-20,20.457,20.565,19.991,20.19,8516901,0
2016-05-23,20.567,20.744,20.235,20.567,9186899,0
2016-05-24,20.789,21.165,20.523,20.878,8335272,0
2016-05-25,21.077,21.455,21.01,21.276,6314928,0
2016-05-26,21.655,21.741,20.912,21.077,7045424,0
2016-05-27,21.077,21.165,20.634,20.722,10894960,0
2016-05-31,20.766,21.01,20.478,20.545,9515581,0
2016-06-01,20.391,20.612,20.168,20.612,7670407,0
2016-06-02,20.501,20.833,20.347,20.679,6208296,0
2016-06-03,20.923,21.21,20.567,21.1,9361571,0
2016-06-06,21.343,21.852,21.343,21.807,6905644,0
2016-06-07,21.699,21.83,21.587,21.699,4777847,0
2016-06-08,22.118,22.33,21.896,21.919,7239426,0
2016-06-09,21.499,21.83,21.1,21.807,8884420,0
2016-06-10,21.388,21.61,20.945,21.033,8508384,0
2016-06-13,20.989,21.288,20.657,20.657,5888687,0
2016-06-14,20.59,20.766,19.969,20.168,10427468,0
2016-06-15,20.523,21.254,20.402,20.945,8017777,0
2016-06-16,20.567,20.856,20.279,20.811,6148954,0
2016-06-17,20.945,21.388,20.856,21.233,13182940,0
2016-06-20,21.587,22.053,21.543,21.632,7629704,0
2016-06-21,21.565,21.941,21.432,21.852,6150857,0
2016-06-22,21.986,22.494,21.83,21.919,8797327,0
2016-06-23,22.342,22.539,22.118,22.494,9252085,0
2016-06-24,21.188,21.581,20.722,20.766,15342354,0
2016-06-27,20.567,20.612,19.836,20.168,9873326,0
2016-06-28,20.722,20.789,20.358,20.679,8200520,0
2016-06-29,21.077,21.1,19.969,20.168,16761386,0
2016-06-30,20.368,20.567,19.991,20.545,11179282,0
2016-07-01,20.567,21.254,20.539,21.165,8254503,0
2016-07-05,20.966,21.033,20.324,20.523,7381021,0
2016-07-06,20.302,20.501,20.013,20.368,11073893,0
2016-07-07,20.523,20.945,20.501,20.7,10002305,0
2016-07-08,20.945,21.896,20.923,21.764,11694169,0
2016-07-11,22.074,22.55,21.874,22.474,16657612,0
2016-07-12,23.715,23.938,23.117,23.693,24085669,0
2016-07-13,23.803,23.893,23.36,23.738,10922461,0
2016-07-14,23.982,24.157,23.648,23.738,10058486,0
2016-07-15,23.759,24.291,23.738,24.202,10390498,0
2016-07-18,23.982,24.247,23.748,24.202,7373164,0
2016-07-19,23.781,23.893,23.537,23.559,6669835,0
2016-07-20,23.292,23.559,22.939,23.515,7356672,0
2016-07-21,23.648,24.068,23.337,23.492,6804603,0
2016-07-22,23.448,23.626,23.25,23.426,4594198,0
2016-07-25,23.36,23.382,23.05,23.25,6246307,0
2016-07-26,23.162,23.648,23.095,23.648,5670876,0
2016-07-27,23.848,24.313,23.317,23.803,9464805,0
2016-07-28,23.648,23.774,23.239,23.671,6223263,0
2016-07-29,23.515,23.604,23.095,23.537,7407922,0
2016-08-01,23.382,23.481,23.184,23.205,5238491,0
2016-08-02,23.382,23.426,22.717,22.873,6165958,0
2016-08-03,22.895,23.228,22.661,23.14,6255212,0
2016-08-04,23.028,23.25,22.784,23.117,5313772,0
2016-08-05,23.228,23.339,23.095,23.339,5526445,0
2016-08-08,23.339,23.562,23.14,23.228,4274433,0
2016-08-09,23.162,23.339,23.006,23.006,3513932,0
2016-08-10,23.117,23.406,22.828,22.961,4261148,0
2016-08-11,23.006,23.205,22.895,23.162,4425825,0
2016-08-12,23.05,23.117,22.494,22.606,6241241,0
2016-08-15,22.784,23.517,22.739,23.384,5935692,0
2016-08-16,23.495,23.517,22.873,22.873,6207390,0
2016-08-17,22.961,23.117,22.739,23.028,4876422,0
2016-08-18,23.14,23.272,22.984,23.228,3852944,0
2016-08-19,22.984,23.028,22.717,22.828,5921732,0
2016-08-22,22.672,23.006,22.584,22.939,4141887,0
2016-08-23,23.14,23.428,23.05,23.339,5192192,0
2016-08-24,23.184,23.228,22.25,22.317,8872972,0
2016-08-25,22.406,22.649,22.295,22.406,5636502,0
2016-08-26,22.562,22.828,22.139,22.228,6771801,0
2016-08-29,22.25,22.806,22.228,22.806,6127372,0
2016-08-30,22.717,22.795,22.361,22.606,5069581,0
2016-08-31,22.406,22.628,22.272,22.406,7147721,0
2016-09-01,22.428,22.649,22.339,22.517,6046448,0
2016-09-02,22.672,22.828,22.25,22.517,7627150,0
2016-09-06,22.628,22.939,22.494,22.939,5739324,0
2016-09-07,22.895,22.961,22.517,22.694,6143380,0
2016-09-08,22.806,22.806,22.339,22.494,6150572,0
2016-09-09,22.339,22.339,21.095,21.338,15163121,0
2016-09-12,21.161,21.784,20.961,21.739,9753473,0
2016-09-13,21.406,21.439,21.005,21.161,8319590,0
2016-09-14,21.538,21.538,20.805,20.872,7068143,0
2016-09-15,20.895,21.161,20.828,21.05,6804527,0
2016-09-16,20.872,21.05,20.76,20.983,7328810,0
2016-09-19,21.228,21.228,20.672,20.805,9323830,0
2016-09-20,20.805,21.072,20.694,20.983,7022362,0
2016-09-21,21.206,21.517,21.005,21.494,7024557,0
2016-09-22,21.784,22.139,21.673,21.739,6889038,0
2016-09-23,21.65,21.984,21.549,21.694,5460073,0
2016-09-26,21.694,21.916,21.517,21.517,4548204,0
2016-09-27,21.383,21.484,21.116,21.45,5159237,0
2016-09-28,21.538,21.961,21.294,21.961,7982775,0
2016-09-29,21.961,22.45,21.85,22.139,12084366,0
2016-09-30,22.183,22.649,22.116,22.539,10291192,0
2016-10-03,22.539,22.584,22.139,22.494,7366597,0
2016-10-04,22.361,22.694,22.206,22.672,14390849,0
2016-10-05,22.784,23.14,22.606,23.117,13356326,0
2016-10-06,23.02,23.725,23.02,23.547,13392311,0
2016-10-07,23.725,23.783,22.991,23.242,10465305,0
2016-10-10,23.391,23.68,23.242,23.347,12295867,0
2016-10-11,22.028,22.028,20.665,20.68,44074954,0
2016-10-12,20.391,20.391,20.02,20.087,25809279,0
2016-10-13,19.583,19.946,19.427,19.82,17319958,0
2016-10-14,19.968,20.035,19.509,19.59,12648068,0
2016-10-17,19.59,19.709,19.472,19.524,11448781,0
2016-10-18,19.686,19.761,18.991,19.642,17905050,0
2016-10-19,19.598,20.324,19.539,20.035,13464056,0
2016-10-20,19.982,20.134,19.72,19.776,10719202,0
2016-10-21,19.686,20.05,19.509,19.916,8399078,0
2016-10-24,20.012,20.042,19.827,19.901,7683889,0
2016-10-25,20.197,20.561,19.997,20.22,13064673,0
2016-10-26,20.175,20.654,20.057,20.59,10519465,0
2016-10-27,20.635,20.924,20.605,20.91,12503119,0
2016-10-28,20.805,21.139,20.798,21.02,12059435,0
2016-10-31,21.072,21.583,20.997,21.279,14341990,0
2016-11-01,21.935,23.374,21.617,22.828,32459552,0
2016-11-02,22.589,23.182,22.555,22.828,10794063,0
2016-11-03,22.878,24.262,22.858,24.063,8112208,0
2016-11-04,23.735,25.408,23.475,25.11,6903273,0
2016-11-07,25.448,26.315,24.801,24.99,8405198,0
2016-11-08,24.3,26.59,24.3,26.4,6469708,0
2016-11-09,26.83,29.14,26.0,28.72,10672270,0
2016-11-10,29.08,29.7,28.3,29.1,8189354,0
2016-11-11,29.18,29.99,27.63,29.3,5335020,0
2016-11-14,29.5,29.94,28.61,29.62,5156709,0
2016-11-15,28.94,30.23,28.83,30.21,3668583,0
2016-11-16,29.69,31.69,29.66,31.42,6150093,0
2016-11-17,31.3,32.02,30.77,31.85,4692681,0
2016-11-18,31.73,31.77,30.16,30.42,4420755,0
2016-11-21,30.89,30.98,29.501,30.69,2986061,0
2016-11-22,31.1,31.91,30.54,31.34,4182721,0
2016-11-23,31.0,31.93,30.0,31.51,4112265,0
2016-11-25,31.24,32.19,31.11,31.7,3109628,0
2016-11-28,31.48,31.8,30.7,30.86,5121217,0
2016-11-29,30.02,30.4999,29.73,29.73,4927429,0
2016-11-30,30.06,30.44,28.85,28.97,5131371,0
2016-12-01,28.84,29.42,28.6,28.88,5006186,0
2016-12-02,28.86,29.625,28.73,29.04,3870545,0
2016-12-05,29.03,31.2768,28.89,31.22,7033168,0
2016-12-06,30.71,31.19,30.21,31.15,3248184,0
2016-12-07,31.3,31.89,30.7653,30.9,5778159,0
2016-12-08,31.28,31.84,30.8,31.31,3064978,0
2016-12-09,31.31,32.11,31.04,32.05,4344240,0
2016-12-12,32.16,32.35,30.85,31.24,3415212,0
2016-12-13,31.4,31.73,30.03,30.24,4214709,0
2016-12-14,30.11,31.32,30.03,30.45,3176106,0
2016-12-15,30.16,30.44,29.65,29.79,3752085,0
2016-12-16,29.65,30.42,29.16,29.4,8131199,0
2016-12-19,28.89,29.49,28.75,29.29,2568524,0
2016-12-20,29.9,30.33,29.77,30.16,3821369,0
2016-12-21,30.19,30.43,30.02,30.43,1811751,0
2016-12-22,30.21,30.35,29.54,29.75,3766693,0
2016-12-23,29.79,30.13,29.34,29.71,2881790,0
2016-12-27,29.58,30.04,29.4,29.65,1708936,0
2016-12-28,29.78,30.17,29.35,29.43,2751053,0
2016-12-29,29.43,29.44,28.6,28.89,3224586,0
2016-12-30,28.97,29.3779,28.01,28.08,2685997,0
2017-01-03,28.6,28.87,28.17,28.83,2746382,0
2017-01-04,29.02,30.3,29.02,30.26,3338215,0
2017-01-05,30.18,30.93,30.115,30.65,2444539,0
2017-01-06,30.69,31.1,30.31,30.68,2083593,0
2017-01-09,30.88,30.88,29.215,29.48,4199896,0
2017-01-10,29.83,31.1,29.73,30.98,3824105,0
2017-01-11,31.08,32.0,31.08,31.97,3064416,0
2017-01-12,33.0,33.5,32.51,33.04,4519604,0
2017-01-13,32.82,33.43,32.53,33.01,3026692,0
2017-01-17,32.97,33.04,32.52,32.64,1382007,0
2017-01-18,32.95,34.83,32.64,34.81,6415705,0
2017-01-19,34.22,35.63,34.18,35.42,5048205,0
2017-01-20,35.4,35.74,34.93,35.66,5330756,0
2017-01-23,35.92,36.395,35.455,36.29,5242745,0
2017-01-24,37.18,38.38,37.18,37.5,11863069,0
2017-01-25,38.58,38.94,36.31,36.53,13578259,0
2017-01-26,36.22,37.0699,35.51,36.3,5735363,0
2017-01-27,36.3,37.39,36.27,36.67,3617584,0
2017-01-30,36.48,36.59,35.77,36.55,3002398,0
2017-01-31,36.78,37.23,36.01,36.45,2689480,0
2017-02-01,36.58,37.19,36.2,36.26,2905397,0
2017-02-02,36.7,38.37,36.63,37.68,5049626,0
2017-02-03,37.87,38.05,36.83,36.86,5243235,0
2017-02-06,36.9,38.0,36.86,37.75,2833498,0
2017-02-07,38.04,38.25,37.31,37.97,3269794,0
2017-02-08,37.93,38.5,37.11,37.54,3117324,0
2017-02-09,37.41,37.75,36.994,37.42,3392130,0
2017-02-10,37.92,38.54,37.505,38.3,3628614,0
2017-02-13,38.79,39.78,38.45,38.48,5366057,0
2017-02-14,38.57,39.25,38.18,38.56,3746988,0
2017-02-15,38.25,38.3,37.73,37.87,11487876,0
2017-02-16,37.82,37.8303,36.35,36.46,7038984,0
2017-02-17,36.24,36.61,35.79,36.21,4516429,0
2017-02-21,36.31,37.01,36.23,36.71,3392155,0
2017-02-22,36.4,36.71,36.21,36.6,2587689,0
2017-02-23,36.86,36.88,34.26,34.32,7134560,0
2017-02-24,33.81,34.64,33.35,34.48,5763830,0
2017-02-27,34.52,35.38,34.19,34.78,3898216,0
2017-02-28,34.73,35.33,34.4,34.59,4034102,0
2017-03-01,35.93,38.15,35.85,37.99,10559772,0
2017-03-02,37.64,38.17,35.83,35.85,5097635,0
2017-03-03,36.06,36.89,35.75,36.38,3237996,0
2017-03-06,36.8,37.48,35.8,36.93,5764024,0
2017-03-07,36.81,36.89,35.75,35.8,3752274,0
2017-03-08,35.9,36.82,35.9,35.99,4485104,0
2017-03-09,36.07,36.55,34.89,35.36,4826219,0
2017-03-10,35.9,36.0,34.235,34.53,4051555,0
2017-03-13,35.21,35.52,34.53,34.7,2491431,0
2017-03-14,34.45,34.58,33.77,34.19,3112201,0
2017-03-15,34.4,35.29,33.95,35.14,3753386,0
2017-03-16,35.66,35.99,34.98,35.38,3644274,0
2017-03-17,35.57,35.98,34.95,34.97,3826827,0
2017-03-20,34.9,35.36,34.1,34.9,2688853,0
2017-03-21,34.9,35.25,33.17,33.22,4539218,0
2017-03-22,33.35,34.15,33.01,33.69,2878315,0
2017-03-23,33.41,33.69,33.11,33.31,3071983,0
2017-03-24,33.61,33.86,32.365,32.56,4110169,0
2017-03-27,31.74,32.57,31.29,32.47,3654470,0
2017-03-28,32.5,33.6368,32.45,32.92,4039654,0
2017-03-29,32.91,33.29,32.73,32.91,2611803,0
2017-03-30,33.0,35.14,32.96,33.49,7117891,0
2017-03-31,34.06,34.74,33.6,34.4,5186714,0
2017-04-03,34.62,35.0,33.502,34.22,4204663,0
2017-04-04,34.03,34.5,33.821,34.23,2297037,0
2017-04-05,34.79,35.09,33.755,33.85,4016724,0
2017-04-06,33.85,34.16,33.19,33.65,3626831,0
2017-04-07,33.25,34.13,33.151,33.73,3674104,0
2017-04-10,33.66,33.78,33.2,33.66,2573791,0
2017-04-11,33.57,34.46,33.15,34.39,3142542,0
2017-04-12,33.86,34.29,32.03,32.05,7598611,0
2017-04-13,32.11,32.47,30.99,30.99,6140205,0
2017-04-17,31.17,31.79,30.97,31.31,4097172,0
2017-04-18,30.78,32.37,30.45,31.76,5018853,0
2017-04-19,32.18,32.44,31.28,31.3,2464529,0
2017-04-20,31.89,32.3,31.46,32.04,5429644,0
2017-04-21,32.2,32.55,31.65,31.7,5043228,0
2017-04-24,32.24,33.44,32.15,33.31,7865601,0
2017-04-25,34.23,36.55,34.23,36.49,11200919,0
2017-04-26,36.0,37.2,35.85,36.45,7527541,0
2017-04-27,35.75,35.9,34.155,34.52,14772952,0
2017-04-28,34.81,34.945,33.68,33.73,5239790,0
2017-05-01,33.95,34.13,32.9,33.28,4984180,0
2017-05-02,33.31,34.33,33.3,33.33,3883018,0
2017-05-03,32.9,32.9,31.51,31.69,7329832,0
2017-05-04,31.22,31.36,30.42,31.04,7907714,0
2017-05-05,31.35,31.96,31.05,31.82,4191170,0
2017-05-08,31.37,31.37,30.66,31.02,3873115,0
2017-05-09,31.22,31.24,30.46,30.82,3415094,0
2017-05-10,30.95,31.46,30.7,31.08,3486751,0
2017-05-11,31.23,31.31,30.45,31.16,4109349,0
2017-05-12,31.0,32.13,30.96,31.79,3380516,0
2017-05-15,32.17,32.5,31.97,32.03,2383965,0
2017-05-16,32.1,32.4,31.75,32.16,2993429,0
2017-05-17,31.88,32.22,31.58,31.63,3710414,0
2017-05-18,31.45,32.17,31.1,31.92,2396801,0
2017-05-19,32.16,32.88,32.1,32.29,2619390,0
2017-05-22,32.65,33.2,32.47,32.96,3456229,0
2017-05-23,32.98,33.36,32.56,33.26,2949106,0
2017-05-24,33.27,33.92,33.045,33.51,3348172,0
2017-05-25,33.68,34.09,33.03,33.09,2324567,0
2017-05-26,32.87,33.36,32.87,33.27,2408086,0
2017-05-30,33.03,33.16,32.53,32.99,3222450,0
2017-05-31,32.88,33.05,31.76,32.94,4521155,0
2017-06-01,32.84,33.45,32.45,32.94,2372191,0
2017-06-02,32.39,33.0,32.35,32.86,2639669,0
2017-06-05,32.65,33.58,32.65,33.32,2604980,0
2017-06-06,33.11,33.49,32.78,32.94,2295347,0
2017-06-07,33.15,33.17,32.4,32.82,3330688,0
2017-06-08,32.6,33.65,32.59,33.5,3286543,0
2017-06-09,33.64,34.0,32.85,33.01,3064896,0
2017-06-12,32.82,33.21,31.63,31.78,4718559,0
2017-06-13,31.97,32.548,31.55,32.48,2997123,0
2017-06-14,32.57,32.68,31.21,31.54,3725284,0
2017-06-15,31.12,31.45,30.61,30.74,3226913,0
2017-06-16,30.8,30.8625,29.55,30.0,4751776,0
2017-06-19,30.37,31.3,30.16,30.89,3909182,0
2017-06-20,30.69,31.095,30.41,30.45,2567582,0
2017-06-21,30.59,30.59,29.6346,29.69,3489349,0
2017-06-22,29.81,30.25,29.66,29.8,2844561,0
2017-06-23,30.13,31.43,29.79,31.09,6410918,0
2017-06-26,31.19,31.295,30.65,31.18,2936282,0
2017-06-27,31.6,32.5,31.49,31.63,5464018,0
2017-06-28,32.1,33.0,31.93,32.95,3768854,0
2017-06-29,33.11,33.34,32.61,33.18,3839523,0
2017-06-30,33.16,33.45,32.535,32.65,3031674,0
2017-07-03,32.94,34.3,32.915,34.02,3114295,0
2017-07-05,34.17,34.255,33.57,33.77,4006801,0
2017-07-06,33.61,35.38,33.6,33.89,6221440,0
2017-07-07,34.0,34.37,33.265,34.19,3775650,0
2017-07-10,33.91,34.45,33.68,34.14,3036349,0
2017-07-11,34.22,35.08,33.99,35.0,4244668,0
2017-07-12,35.25,35.47,34.44,34.6,4334442,0
2017-07-13,35.45,36.38,35.43,36.01,5302075,0
2017-07-14,36.2,36.44,35.98,36.32,4216600,0
2017-07-17,36.44,36.69,36.205,36.4,3454078,0
2017-07-18,36.4,36.48,35.8,36.43,3052362,0
2017-07-19,36.61,36.62,36.07,36.5,4505436,0
2017-07-20,35.95,37.31,35.95,36.72,4761937,0
2017-07-21,36.55,36.8585,36.5055,36.62,2526923,0
2017-07-24,36.59,36.88,36.51,36.69,2244773,0
2017-07-25,37.07,37.38,36.865,37.3,3423670,0
2017-07-26,37.42,37.61,36.56,36.63,3450979,0
2017-07-27,36.84,37.07,36.085,36.36,2044309,0
2017-07-28,36.17,36.32,35.54,35.64,2851126,0
2017-07-31,35.97,36.44,35.665,36.4,2145750,0
2017-08-01,36.46,36.74,35.91,36.38,1939164,0
2017-08-02,36.27,37.33,36.2,37.28,2965022,0
2017-08-03,37.28,37.6,36.94,37.09,2884639,0
2017-08-04,37.34,37.5,36.73,37.42,2287400,0
2017-08-07,38.0,38.47,37.61,37.99,4919803,0
2017-08-08,38.5,40.3621,38.36,39.58,8781064,0
2017-08-09,39.21,39.45,38.4,38.62,3729227,0
2017-08-10,38.12,38.78,37.715,37.78,3515825,0
2017-08-11,37.21,37.91,36.93,37.78,2974324,0
2017-08-14,38.11,38.1584,37.1247,37.19,2129460,0
2017-08-15,37.3,37.98,37.14,37.5,1826553,0
2017-08-16,37.96,39.33,37.9101,39.23,4296789,0
2017-08-17,39.0,39.0,37.75,37.8,3295849,0
2017-08-18,37.88,38.21,37.34,37.76,2115171,0
2017-08-21,38.19,38.66,38.05,38.47,2334799,0
2017-08-22,38.74,40.1299,38.73,39.77,3869097,0
2017-08-23,39.56,41.44,39.45,41.06,4823468,0
2017-08-24,40.88,41.55,40.56,41.34,3189197,0
2017-08-25,41.68,41.8,40.84,41.21,2736072,0
2017-08-28,41.43,42.26,41.05,42.17,2682072,0
2017-08-29,41.66,43.18,41.38,43.0,3982049,0
2017-08-30,43.23,44.1,42.991,43.09,5537771,0
2017-08-31,43.67,44.0,43.18,43.88,4181440,0
2017-09-01,44.21,45.22,44.13,45.04,3375975,0
2017-09-05,45.08,45.12,43.7,44.42,5223391,0
2017-09-06,44.4,44.5,43.3,44.43,3419629,0
2017-09-07,44.16,44.9,44.0401,44.73,3319250,0
2017-09-08,44.37,44.37,42.24,42.61,7297467,0
2017-09-11,43.25,44.49,43.13,43.6,4174996,0
2017-09-12,44.59,45.2,44.33,45.0,4826836,0
2017-09-13,44.61,45.07,44.36,44.91,3368401,0
2017-09-14,44.48,45.0,43.75,44.8,4450462,0
2017-09-15,44.76,45.09,44.22,44.65,5439641,0
2017-09-18,44.8,45.09,44.66,44.91,3224782,0
2017-09-19,45.22,46.44,44.86,46.2,4854488,0
2017-09-20,46.98,47.95,46.53,47.5,5970651,0
2017-09-21,47.11,47.25,45.97,46.25,3695461,0
2017-09-22,45.31,45.78,44.67,45.38,3224564,0
2017-09-25,45.33,45.7,44.62,45.29,3071297,0
2017-09-26,45.11,45.52,44.72,44.74,4539129,0
2017-09-27,45.28,45.56,44.48,45.07,2391140,0
2017-09-28,45.07,46.46,44.81,46.08,5282162,0
2017-09-29,46.45,47.0,45.9,46.62,3823904,0
2017-10-02,46.43,48.03,46.41,47.65,4042323,0
2017-10-03,47.97,48.33,47.44,48.31,3309404,0
2017-10-04,48.27,49.3,47.75,47.91,4124246,0
2017-10-05,48.08,48.7293,47.65,48.25,3191580,0
2017-10-06,47.89,47.89,47.3,47.49,3963449,0
2017-10-09,47.63,47.72,46.58,47.07,2235684,0
2017-10-10,47.28,47.45,46.58,46.89,3578577,0
2017-10-11,46.72,47.0,46.21,46.94,2727964,0
2017-10-12,46.95,47.77,46.8,47.53,3027481,0
2017-10-13,48.32,48.6299,47.6,47.71,3275869,0
2017-10-16,48.0,48.93,47.48,48.24,4680114,0
2017-10-17,48.65,48.72,47.42,47.77,3957474,0
2017-10-18,47.38,47.84,46.51,47.75,4684668,0
2017-10-19,46.5,47.74,46.01,46.54,6033117,0
2017-10-20,47.12,48.13,47.06,47.93,4208611,0
2017-10-23,48.04,48.56,47.83,47.93,4020035,0
2017-10-24,48.13,50.31,48.06,50.08,6702271,0
2017-10-25,49.73,49.8799,48.51,49.52,3247954,0
2017-10-26,49.52,49.73,48.52,49.15,3468320,0
2017-10-27,47.71,48.25,47.01,47.91,3870215,0
2017-10-30,47.8,48.38,47.37,47.42,2072094,0
2017-10-31,47.19,48.07,46.38,47.78,2721478,0
2017-11-01,48.91,49.27,47.45,47.7,3174957,0
2017-11-02,47.68,47.7671,47.07,47.46,2059018,0
2017-11-03,47.25,47.43,46.71,47.12,1838986,0
2017-11-06,47.2,47.68,46.53,47.29,1725638,0
2017-11-07,47.11,47.2042,46.54,46.97,2168351,0
2017-11-08,46.73,46.77,45.37,45.89,3347930,0
2017-11-09,44.71,44.71,43.11,43.33,7671810,0
2017-11-10,42.93,44.46,42.75,43.01,4463839,0
