Date,Open,High,Low,Close,Volume,OpenInt
2014-01-02,40.37,40.49,39.31,39.59,21513369,0
2014-01-03,40.16,40.44,39.82,40.12,15760652,0
2014-01-06,40.05,40.32,39.75,39.93,12471735,0
2014-01-07,40.08,41.2,40.08,40.92,14137200,0
2014-01-08,41.29,41.72,41.02,41.02,18650739,0
2014-01-09,41.33,41.35,40.61,40.92,12897573,0
2014-01-10,40.95,41.35,40.82,41.23,8733437,0
2014-01-13,41.16,41.22,39.8,39.99,16049650,0
2014-01-14,40.21,41.14,40.04,41.14,14476330,0
2014-01-15,41.06,41.31,40.76,41.07,9484669,0
2014-01-16,40.43,40.75,40.11,40.34,16354700,0
2014-01-17,40.12,40.44,39.47,40.01,19704812,0
2014-01-21,39.98,40.05,38.86,39.52,21451539,0
2014-01-22,39.66,40.4,39.32,40.18,13006750,0
2014-01-23,39.31,39.77,39.14,39.39,15388466,0
2014-01-24,38.67,38.98,37.62,37.91,26369475,0
2014-01-27,37.6,37.94,36.62,36.65,26763750,0
2014-01-28,36.83,38.32,36.52,38.22,40629997,0
2014-01-29,35.77,36.31,34.82,34.89,67218451,0
2014-01-30,34.89,35.81,34.45,35.31,32251144,0
2014-01-31,34.7,36.33,34.55,36.01,30074719,0
2014-02-03,35.94,36.01,34.66,34.9,22197231,0
2014-02-04,35.08,35.86,34.86,35.66,21083367,0
2014-02-05,35.6,35.94,34.99,35.49,14041008,0
2014-02-06,35.65,36.75,35.61,36.24,14252623,0
2014-02-07,36.65,37.27,36.24,37.23,16205829,0
2014-02-10,38.1,38.13,37.25,37.76,17644789,0
2014-02-11,38.15,38.86,38.09,38.5,18351744,0
2014-02-12,38.58,38.91,38.03,38.11,14100073,0
2014-02-13,37.87,38.69,37.79,38.52,12090431,0
2014-02-14,38.43,38.45,38.11,38.23,9985905,0
2014-02-18,38.33,38.59,38.09,38.31,12107204,0
2014-02-19,38.06,38.33,37.68,37.81,15874055,0
2014-02-20,37.83,38.04,37.3,37.79,11156281,0
2014-02-21,37.9,37.96,37.22,37.29,12374064,0
2014-02-24,37.23,37.71,36.82,37.42,15750450,0
2014-02-25,37.48,37.58,37.02,37.26,9779164,0
2014-02-26,37.35,38.1,37.34,37.62,15781962,0
2014-02-27,37.81,38.47,37.74,38.47,15489417,0
2014-02-28,38.55,39.38,38.22,38.67,16958745,0
2014-03-03,37.64,38.66,37.43,38.25,14714725,0
2014-03-04,38.76,39.79,38.68,39.63,16201508,0
2014-03-05,39.83,40.15,39.19,39.5,12577158,0
2014-03-06,39.5,39.98,39.5,39.66,10626807,0
2014-03-07,39.87,39.91,38.45,38.7,14495920,0
2014-03-10,38.63,38.78,37.91,38.05,11852464,0
2014-03-11,38.25,38.3,37.43,37.56,12609198,0
2014-03-12,37.21,37.61,36.48,37.5,14796609,0
2014-03-13,38.05,38.42,36.81,37.23,21179684,0
2014-03-14,36.69,38.19,36.45,37.6,30862256,0
2014-03-17,39.0,39.36,38.61,39.11,29698341,0
2014-03-18,39.0,39.51,38.8,39.45,16934679,0
2014-03-19,39.76,39.94,38.51,38.61,19316269,0
2014-03-20,38.37,38.47,37.42,37.77,19516967,0
2014-03-21,38.1,38.27,37.73,37.94,16047736,0
2014-03-24,37.96,38.04,36.28,36.68,29588950,0
2014-03-25,37.0,37.07,35.86,35.93,31715094,0
2014-03-26,36.24,36.74,35.45,35.45,20938800,0
2014-03-27,35.5,36.15,35.05,35.59,21931189,0
2014-03-28,35.77,36.73,35.53,35.9,18292877,0
2014-03-31,36.43,36.58,35.73,35.9,15151470,0
2014-04-01,36.17,36.86,36.15,36.49,15738358,0
2014-04-02,36.7,36.86,36.56,36.64,14520164,0
2014-04-03,36.66,36.79,35.51,35.76,16826137,0
2014-04-04,36.01,36.05,33.83,34.26,41031747,0
2014-04-07,34.11,34.37,32.53,33.07,47767669,0
2014-04-08,33.1,34.43,33.02,33.83,35482370,0
2014-04-09,34.19,35.0,33.95,34.87,21642328,0
2014-04-10,34.88,34.98,33.09,33.4,34022941,0
2014-04-11,32.64,33.48,32.15,32.87,28042300,0
2014-04-14,33.55,34.04,33.04,33.44,26323206,0
2014-04-15,33.91,34.28,32.64,34.21,50502459,0
2014-04-16,36.98,37.3,35.81,36.35,61582031,0
2014-04-17,36.27,36.6,35.55,36.38,28934216,0
2014-04-21,36.6,36.65,35.89,36.4,16689816,0
2014-04-22,36.71,36.85,36.11,36.14,17916241,0
2014-04-23,36.08,36.19,35.4,35.44,19042366,0
2014-04-24,35.82,35.82,34.77,35.24,17237977,0
2014-04-25,35.03,35.1,34.29,34.48,19395189,0
2014-04-28,34.67,35.0,33.65,33.99,30432506,0
2014-04-29,34.37,35.89,34.12,35.83,28729247,0
2014-04-30,35.89,36.44,35.25,35.95,23319828,0
2014-05-01,36.26,36.69,36.0,36.51,19478044,0
2014-05-02,36.59,37.12,36.21,36.87,22450378,0
2014-05-05,36.68,37.05,36.3,36.91,13118940,0
2014-05-06,36.94,37.17,36.48,36.49,19119005,0
2014-05-07,35.98,35.99,33.67,34.07,66051644,0
2014-05-08,33.88,34.57,33.61,33.92,30410919,0
2014-05-09,34.01,34.1,33.41,33.76,20302586,0
2014-05-12,33.99,34.6,33.87,34.45,22522633,0
2014-05-13,34.45,34.69,34.17,34.4,12476298,0
2014-05-14,34.48,34.65,33.98,34.17,17039650,0
2014-05-15,34.18,34.19,33.4,33.8,18862417,0
2014-05-16,33.66,33.66,33.1,33.41,18847216,0
2014-05-19,33.41,33.99,33.28,33.89,14843214,0
2014-05-20,33.99,34.47,33.67,33.87,18579812,0
2014-05-21,34.0,34.39,33.89,34.36,13805008,0
2014-05-22,34.6,34.86,34.26,34.7,17516839,0
2014-05-23,34.85,35.08,34.51,35.02,16292962,0
2014-05-27,35.0,35.13,34.73,35.12,13056523,0
2014-05-28,35.15,35.17,34.42,34.78,16960753,0
2014-05-29,34.9,35.1,34.67,34.9,9780935,0
2014-05-30,34.92,34.93,34.13,34.65,13172159,0
2014-06-02,34.69,34.95,34.28,34.87,9178319,0
2014-06-03,34.75,34.97,34.58,34.65,6558002,0
2014-06-04,34.48,34.83,34.26,34.73,9434742,0
2014-06-05,34.79,34.99,34.36,34.94,11192682,0
2014-06-06,35.07,36.08,35.05,35.92,18706269,0
2014-06-09,35.86,36.32,35.54,36.04,14368250,0
2014-06-10,35.86,36.52,35.86,36.31,9182604,0
2014-06-11,36.25,36.84,36.11,36.63,13320811,0
2014-06-12,36.5,36.79,36.34,36.78,12427333,0
2014-06-13,36.88,37.06,36.64,36.94,12925545,0
2014-06-16,35.0,35.49,34.77,34.81,32418956,0
2014-06-17,34.8,34.94,34.3,34.43,24405930,0
2014-06-18,34.67,35.01,34.26,34.94,17836505,0
2014-06-19,35.14,35.2,34.52,34.68,16201039,0
2014-06-20,34.8,34.81,33.97,34.05,21596305,0
2014-06-23,34.13,34.22,33.37,33.64,26202397,0
2014-06-24,33.79,33.99,33.35,33.48,14592739,0
2014-06-25,33.38,33.65,33.1,33.25,18077555,0
2014-06-26,33.25,33.75,33.02,33.66,16010595,0
2014-06-27,33.85,34.55,33.7,34.25,25500697,0
2014-06-30,34.93,35.26,34.85,35.13,20491598,0
2014-07-01,35.5,35.7,35.21,35.35,18602047,0
2014-07-02,35.62,35.91,35.4,35.88,16541200,0
2014-07-03,36.07,36.15,35.9,36.14,8604898,0
2014-07-07,36.15,36.23,35.48,35.52,15713278,0
2014-07-08,35.64,35.66,34.28,34.53,23093164,0
2014-07-09,34.68,35.07,34.68,34.85,12626877,0
2014-07-10,34.33,34.97,34.1,34.93,18068584,0
2014-07-11,34.95,35.56,34.78,35.43,18372047,0
2014-07-14,35.8,35.95,35.45,35.7,18687852,0
2014-07-15,35.72,35.94,35.2,35.61,36469562,0
2014-07-16,34.42,34.45,33.72,33.79,56327712,0
2014-07-17,33.8,33.9,32.98,33.21,37523047,0
2014-07-18,33.2,33.35,32.93,33.33,21535239,0
2014-07-21,33.35,33.64,33.16,33.28,18427669,0
2014-07-22,33.55,33.84,33.4,33.6,18153995,0
2014-07-23,33.78,34.92,33.68,34.71,38598322,0
2014-07-24,35.09,36.55,35.04,36.17,47385653,0
2014-07-25,36.0,36.33,35.75,36.12,20141205,0
2014-07-28,36.23,36.23,35.51,35.9,14607545,0
2014-07-29,35.91,36.16,35.67,35.68,11572738,0
2014-07-30,35.94,36.99,35.8,36.6,29864194,0
2014-07-31,36.26,36.49,35.68,35.81,17926072,0
2014-08-01,35.69,36.08,35.31,35.62,14573633,0
2014-08-04,35.71,36.66,35.65,36.53,13098628,0
2014-08-05,36.42,36.42,35.62,35.7,17614252,0
2014-08-06,35.58,35.94,35.44,35.79,11770980,0
2014-08-07,36.0,36.0,35.53,35.66,11307186,0
2014-08-08,35.73,35.96,35.4,35.91,10592999,0
2014-08-11,36.1,36.15,35.75,35.79,8663652,0
2014-08-12,35.8,35.99,35.15,35.52,12904823,0
2014-08-13,35.96,36.45,35.77,36.19,16530419,0
2014-08-14,36.32,36.42,36.17,36.36,8925880,0
2014-08-15,36.25,36.57,36.12,36.47,13336894,0
2014-08-18,36.77,37.77,36.75,37.38,20137916,0
2014-08-19,37.56,37.94,37.5,37.83,17087434,0
2014-08-20,37.61,37.75,37.31,37.5,12656836,0
2014-08-21,37.65,37.75,37.31,37.64,12255057,0
2014-08-22,37.7,38.2,37.64,38.01,14881733,0
2014-08-25,38.1,38.22,37.54,37.71,14357445,0
2014-08-26,37.76,37.92,37.56,37.79,9517744,0
2014-08-27,38.3,38.72,37.83,38.18,24833570,0
2014-08-28,38.09,38.57,37.9,38.31,16477648,0
2014-08-29,38.57,38.67,38.2,38.51,11620353,0
2014-09-02,38.9,39.3,38.79,39.27,19795998,0
2014-09-03,39.49,39.6,38.69,38.87,16087431,0
2014-09-04,39.14,39.34,38.96,39.19,14758652,0
2014-09-05,39.05,39.8,39.05,39.59,26020045,0
2014-09-08,40.34,41.82,40.26,41.81,75404337,0
2014-09-09,42.01,42.06,40.6,40.78,52664719,0
2014-09-10,41.05,41.23,40.33,41.14,30721403,0
2014-09-11,41.02,41.56,40.93,41.26,25218692,0
2014-09-12,41.73,43.2,41.5,42.88,69683175,0
2014-09-15,43.98,44.01,42.14,42.55,72295794,0
2014-09-16,42.61,42.96,41.69,42.71,61408225,0
2014-09-17,42.37,42.96,42.3,42.59,39472991,0
2014-09-18,43.05,43.32,41.42,42.08,93445031,0
2014-09-19,42.44,43.19,39.55,40.93,233757325,0
2014-09-22,39.77,40.04,38.22,38.65,109027562,0
2014-09-23,38.15,39.27,37.9,39.05,66088050,0
2014-09-24,39.25,40.1,38.91,39.88,48994606,0
2014-09-25,39.56,39.8,38.82,38.95,35884659,0
2014-09-26,39.01,40.8,39.0,40.66,62145137,0
2014-09-29,40.41,41.09,40.16,40.52,35875919,0
2014-09-30,40.58,41.23,40.44,40.75,30378219,0
2014-10-01,40.66,41.24,40.11,40.32,35168031,0
2014-10-02,40.24,40.64,39.69,40.5,24585047,0
2014-10-03,40.65,41.69,40.65,41.03,38182397,0
2014-10-06,41.06,41.73,41.04,41.52,23570414,0
2014-10-07,41.06,41.29,40.78,40.93,22522544,0
2014-10-08,40.98,41.29,40.1,41.08,26590534,0
2014-10-09,40.9,41.25,40.42,41.1,33523800,0
2014-10-10,40.73,41.07,39.59,39.6,36755269,0
2014-10-13,39.52,40.07,38.29,38.38,38826100,0
2014-10-14,38.66,39.0,37.71,37.97,38512841,0
2014-10-15,37.27,38.08,36.2,37.82,41967526,0
2014-10-16,36.95,38.5,36.92,38.12,27000925,0
2014-10-17,38.74,38.98,38.31,38.45,24087627,0
2014-10-20,38.47,39.4,38.25,39.28,17796570,0
2014-10-21,39.65,40.48,39.46,40.18,41529978,0
2014-10-22,42.42,42.88,41.77,42.0,69345587,0
2014-10-23,42.38,42.83,42.26,42.6,30648394,0
2014-10-24,42.53,43.65,42.4,43.5,33799850,0
2014-10-27,43.31,44.82,43.29,44.7,36596512,0
2014-10-28,45.01,46.15,44.88,45.87,36889169,0
2014-10-29,45.94,45.98,45.13,45.43,25389077,0
2014-10-30,45.21,45.84,45.13,45.63,16209592,0
2014-10-31,46.19,46.52,45.67,46.05,18446806,0
2014-11-03,46.05,46.72,45.94,46.34,17115972,0
2014-11-04,45.99,47.13,45.74,47.08,25037739,0
2014-11-05,47.61,48.28,47.32,47.46,33009921,0
2014-11-06,47.37,47.98,46.6,47.93,22635275,0
2014-11-07,47.9,48.67,47.86,48.55,24159442,0
2014-11-10,48.8,49.63,48.79,49.41,24708202,0
2014-11-11,48.57,49.18,48.1,49.05,31582250,0
2014-11-12,49.33,50.63,49.22,50.6,30551866,0
2014-11-13,50.95,51.17,49.95,50.5,35513528,0
2014-11-14,50.52,51.95,50.47,51.75,28813234,0
2014-11-17,51.82,52.42,50.94,52.37,38386784,0
2014-11-18,52.28,52.62,51.34,51.75,26835012,0
2014-11-19,51.25,51.37,50.0,50.58,29251322,0
2014-11-20,50.6,52.23,50.27,51.25,28907994,0
2014-11-21,51.99,52.25,50.99,51.04,22225360,0
2014-11-24,51.25,51.83,51.07,51.83,14638148,0
2014-11-25,52.0,52.19,51.6,51.72,14209447,0
2014-11-26,51.56,52.26,51.52,51.93,13433125,0
2014-11-28,51.87,52.0,51.642,51.74,8913738,0
2014-12-01,51.43,51.43,49.66,50.1,23142900,0
2014-12-02,50.19,51.12,50.01,50.67,16297475,0
2014-12-03,50.63,50.97,50.2,50.28,14234622,0
2014-12-04,50.19,50.67,49.9,50.41,12157358,0
2014-12-05,51.03,51.25,50.51,50.99,15412797,0
2014-12-08,50.51,50.9,49.22,49.62,18186416,0
2014-12-09,48.75,50.53,48.29,50.51,19654676,0
2014-12-10,50.33,50.69,49.19,49.21,16177455,0
2014-12-11,49.54,50.58,49.43,49.94,21097784,0
2014-12-12,49.55,51.17,49.48,50.24,20369610,0
2014-12-15,50.42,50.92,49.5,49.82,18129008,0
2014-12-16,49.5,50.08,48.81,48.85,21390853,0
2014-12-17,49.02,50.25,48.9,50.12,17105275,0
2014-12-18,50.93,51.15,50.44,50.91,15337578,0
2014-12-19,51.07,51.47,50.83,50.88,24089927,0
2014-12-22,50.99,51.6,50.95,51.15,24019105,0
2014-12-23,51.46,51.46,49.93,50.02,15511336,0
2014-12-24,50.19,50.915,50.19,50.65,5962870,0
2014-12-26,50.65,51.06,50.61,50.86,5170048,0
2014-12-29,50.67,51.01,50.51,50.53,6624469,0
2014-12-30,50.4,51.27,50.35,51.22,10702553,0
2014-12-31,51.55,51.68,50.46,50.51,9304239,0
2015-01-02,50.66,50.78,49.47,50.17,11922558,0
2015-01-05,49.71,49.88,48.91,49.13,14387189,0
2015-01-06,49.2,49.88,48.33,49.21,16197469,0
2015-01-07,49.62,49.64,48.51,48.59,11787249,0
2015-01-08,48.99,50.23,48.72,50.23,14702484,0
2015-01-09,50.28,50.41,49.62,49.72,7464580,0
2015-01-12,49.92,49.93,48.56,48.8,10169966,0
2015-01-13,49.15,49.48,47.4,48.3,21599008,0
2015-01-14,47.7,48.09,47.07,47.51,15910117,0
2015-01-15,47.54,47.75,46.2,46.23,17113664,0
2015-01-16,46.06,46.59,45.85,46.47,14680677,0
2015-01-20,46.79,47.89,46.77,47.63,39764447,0
2015-01-21,47.6,48.38,47.32,48.18,16187297,0
2015-01-22,48.43,49.08,48.01,48.89,12223317,0
2015-01-23,48.79,49.23,48.63,48.95,14697376,0
2015-01-26,49.6,49.79,49.07,49.44,18966003,0
2015-01-27,49.14,49.28,47.66,47.99,45680909,0
2015-01-28,49.8,50.32,46.3,46.46,84413924,0
2015-01-29,43.56,43.8,41.8,43.73,74354356,0
2015-01-30,43.75,44.85,43.51,43.99,36029053,0
2015-02-02,44.43,44.76,43.88,44.69,20302989,0
2015-02-03,45.1,45.25,44.38,44.7,16984312,0
2015-02-04,44.8,44.97,43.88,44.04,16273152,0
2015-02-05,44.08,44.26,43.03,43.54,18406047,0
2015-02-06,43.57,43.66,42.67,42.94,16058598,0
2015-02-09,42.61,43.15,42.54,42.57,15507406,0
2015-02-10,42.9,43.17,42.66,43.07,12154820,0
2015-02-11,43.18,43.26,42.76,42.96,9787859,0
2015-02-12,43.07,44.16,42.86,43.92,18155784,0
2015-02-13,44.1,44.59,44.0,44.42,13781925,0
2015-02-17,44.37,44.54,43.35,43.53,12789355,0
2015-02-18,43.56,43.82,43.3,43.65,10409379,0
2015-02-19,43.65,44.42,43.5,44.37,13292309,0
2015-02-20,44.3,44.36,43.76,44.11,12032608,0
2015-02-23,43.99,43.99,43.42,43.53,12128253,0
2015-02-24,43.45,43.52,42.91,43.38,9796577,0
2015-02-25,43.21,44.72,43.21,44.43,17920300,0
2015-02-26,44.6,44.76,44.26,44.45,9219516,0
2015-02-27,44.41,44.57,44.04,44.28,10043781,0
2015-03-02,44.06,44.43,43.7,44.11,11027200,0
2015-03-03,43.68,43.95,42.42,42.62,22392300,0
2015-03-04,42.1,44.38,41.97,43.99,30098500,0
2015-03-05,44.18,44.31,43.5,44.16,11867700,0
2015-03-06,43.98,44.24,43.4,43.44,11888000,0
2015-03-09,43.6,43.93,42.67,42.98,11801900,0
2015-03-10,42.57,42.92,42.18,42.67,10600600,0
2015-03-11,42.81,42.99,42.36,42.5,10007300,0
2015-03-12,42.7,43.36,42.515,42.52,8387000,0
2015-03-13,42.84,42.98,42.44,42.87,9087000,0
2015-03-16,42.93,43.88,42.75,43.51,11376400,0
2015-03-17,43.54,44.16,43.46,43.78,9656100,0
2015-03-18,43.58,44.71,43.43,44.67,18919900,0
2015-03-19,44.81,45.45,44.81,44.98,14758000,0
2015-03-20,45.31,45.58,44.91,45.03,14194100,0
2015-03-23,45.25,45.54,44.71,44.72,8268800,0
2015-03-24,44.64,44.78,44.28,44.42,7559000,0
2015-03-25,44.59,44.93,44.13,44.2,14036800,0
2015-03-26,43.78,44.67,43.68,44.47,16162900,0
2015-03-27,45.2,45.67,45.01,45.1,20563400,0
2015-03-30,45.36,45.42,44.81,44.95,8884300,0
2015-03-31,44.81,45.2,44.42,44.435,10415517,0
2015-04-01,44.49,44.6,43.95,44.13,14722300,0
2015-04-02,44.08,44.36,43.68,44.15,12229300,0
2015-04-06,43.82,44.03,43.61,43.67,10717000,0
2015-04-07,43.79,44.22,43.56,43.61,11381508,0
2015-04-08,43.86,45.19,43.8,45.17,16071000,0
2015-04-09,45.7,46.17,45.16,45.63,13677975,0
2015-04-10,45.79,45.79,45.0,45.18,8436300,0
2015-04-13,45.23,45.59,44.72,44.77,8837300,0
2015-04-14,44.82,45.64,44.79,45.53,12365800,0
2015-04-15,45.46,45.83,45.23,45.73,15038962,0
2015-04-16,45.83,46.13,45.53,45.78,13833073,0
2015-04-17,45.31,45.44,44.25,44.45,13591600,0
2015-04-20,44.73,44.91,44.41,44.65,10228604,0
2015-04-21,45.15,45.18,44.45,44.49,18537995,0
2015-04-22,44.58,44.85,43.67,43.97,32281425,0
2015-04-23,43.92,44.06,43.58,43.69,14298800,0
2015-04-24,43.73,44.71,43.69,44.52,11281077,0
2015-04-27,44.65,45.1,44.25,44.36,10855400,0
2015-04-28,44.34,44.57,43.935,44.34,7197050,0
2015-04-29,43.88,44.05,43.09,43.28,12712500,0
2015-04-30,43.12,43.31,42.26,42.56,14257800,0
2015-05-01,42.55,42.68,42.09,42.51,10467600,0
2015-05-04,42.5,42.55,41.83,42.04,14483700,0
2015-05-05,41.86,42.0,40.81,41.3,19377100,0
2015-05-06,41.31,41.73,41.21,41.66,13967209,0
2015-05-07,44.93,44.98,43.54,43.87,28213712,0
2015-05-08,44.34,44.55,44.0,44.09,15750100,0
2015-05-11,43.82,44.14,43.59,43.6,11509600,0
2015-05-12,44.3,44.31,43.69,43.84,14264755,0
2015-05-13,44.03,44.67,43.98,44.395,10987244,0
2015-05-14,44.53,44.99,44.45,44.95,10301700,0
2015-05-15,45.0,45.07,44.69,44.75,7768294,0
2015-05-18,44.52,44.57,44.04,44.36,9217950,0
2015-05-19,44.49,44.66,39.12,40.98,45363929,0
2015-05-20,42.28,43.04,42.16,42.79,54530780,0
2015-05-21,43.09,43.87,43.05,43.67,30404200,0
2015-05-22,43.58,44.0,43.47,43.49,10279300,0
2015-05-26,43.41,43.5,42.58,42.85,12794630,0
2015-05-27,42.6,43.44,42.28,43.38,13686500,0
2015-05-28,43.06,43.42,42.93,43.07,9414027,0
2015-05-29,43.45,43.59,42.81,42.94,10927900,0
2015-06-01,43.05,43.63,42.91,43.35,11152854,0
2015-06-02,43.13,43.62,42.92,43.15,8865624,0
2015-06-03,43.3,43.78,42.97,43.21,11893300,0
2015-06-04,43.09,43.44,42.76,42.88,10033300,0
2015-06-05,42.83,43.26,42.7,42.81,9831100,0
2015-06-08,42.72,42.89,42.0,42.01,7625500,0
2015-06-09,41.92,41.95,41.02,41.63,11994556,0
2015-06-10,41.7,42.31,41.69,42.06,7943468,0
2015-06-11,42.09,42.21,40.55,40.94,23694970,0
2015-06-12,40.77,41.11,40.46,40.53,9230900,0
2015-06-15,40.24,40.67,40.21,40.47,10876200,0
2015-06-16,40.35,41.4,40.02,40.63,20454500,0
2015-06-17,40.8,41.52,40.78,40.96,11943000,0
2015-06-18,41.05,41.27,40.79,40.91,10017500,0
2015-06-19,40.9,40.93,40.37,40.51,11661400,0
2015-06-22,40.66,40.89,40.54,40.73,6141500,0
2015-06-23,40.74,40.8,40.51,40.65,6860632,0
2015-06-24,40.68,41.23,40.58,40.94,11462200,0
2015-06-25,41.1,41.38,40.9,41.06,10776200,0
2015-06-26,40.83,41.06,39.93,40.06,16430900,0
2015-06-29,39.49,39.78,38.85,38.91,12481300,0
2015-06-30,39.36,39.65,39.19,39.29,11258342,0
2015-07-01,39.46,39.78,39.15,39.33,6398400,0
2015-07-02,39.29,39.64,39.19,39.38,7712900,0
2015-07-06,38.76,39.12,38.46,38.61,11803400,0
2015-07-07,38.24,38.38,36.58,38.23,19432400,0
2015-07-08,37.2,37.49,36.94,37.23,20529100,0
2015-07-09,38.23,38.68,37.52,37.61,16909300,0
2015-07-10,38.35,38.42,37.61,37.92,10057500,0
2015-07-13,38.23,38.8,38.1,38.76,8713100,0
2015-07-14,38.65,39.03,38.44,38.63,9506509,0
2015-07-15,38.51,38.8,38.15,38.38,9147110,0
2015-07-16,38.7,38.96,38.6,38.91,8462400,0
2015-07-17,39.19,39.79,38.93,39.68,14864200,0
2015-07-20,39.98,39.98,39.26,39.54,14752000,0
2015-07-21,39.61,39.85,39.35,39.73,14861500,0
2015-07-22,38.51,39.63,38.26,39.24,17714700,0
2015-07-23,39.3,39.78,39.06,39.21,9267400,0
2015-07-24,39.58,39.58,38.67,38.85,8590700,0
2015-07-27,38.31,38.31,37.65,37.83,12942700,0
2015-07-28,37.64,37.92,37.27,37.72,10333000,0
2015-07-29,37.92,37.92,37.38,37.67,10290604,0
2015-07-30,37.5,37.69,37.3,37.42,9542600,0
2015-07-31,37.56,37.57,36.62,36.67,15446100,0
2015-08-03,36.67,36.98,36.37,36.69,9886896,0
2015-08-04,36.61,37.21,36.6,37.12,9051900,0
2015-08-05,37.32,37.71,37.23,37.25,6844000,0
2015-08-06,37.34,37.52,36.3,36.46,12297172,0
2015-08-07,36.52,36.76,36.15,36.67,11845400,0
2015-08-10,36.87,37.69,36.87,37.15,11351400,0
2015-08-11,36.74,36.77,35.73,36.03,13780987,0
2015-08-12,34.29,34.77,33.85,34.49,31443100,0
2015-08-13,35.08,36.61,34.82,35.93,28987600,0
2015-08-14,35.82,36.35,35.72,36.24,12241000,0
2015-08-17,36.24,36.24,35.76,36.1,7933500,0
2015-08-18,35.78,36.19,35.6,35.69,11445200,0
2015-08-19,35.67,35.67,35.03,35.19,8976600,0
2015-08-20,34.77,34.95,33.87,34.1,15604400,0
2015-08-21,33.58,34.02,32.91,32.93,18373600,0
2015-08-24,29.02,32.28,29.0,31.31,23163078,0
2015-08-25,32.98,33.03,31.53,31.74,15752200,0
2015-08-26,32.46,32.62,31.11,32.52,25414500,0
2015-08-27,33.36,33.77,32.95,33.69,19105000,0
2015-08-28,33.32,33.57,32.93,33.14,9366000,0
2015-08-31,32.91,32.99,32.23,32.24,13608900,0
2015-09-01,31.49,32.1,31.23,31.6,19903500,0
2015-09-02,32.01,32.03,31.38,31.77,15688000,0
2015-09-03,31.86,32.74,31.8,32.54,13748800,0
2015-09-04,32.0,32.29,31.44,31.58,13854100,0
2015-09-08,32.2,32.83,30.86,30.9,26873800,0
2015-09-09,30.4,31.8,30.35,31.52,47058500,0
2015-09-10,31.35,31.59,31.03,31.15,14329008,0
2015-09-11,31.09,31.43,30.63,31.43,14365300,0
2015-09-14,30.68,30.92,30.0,30.32,22186900,0
2015-09-15,29.72,31.23,29.41,31.04,25661600,0
2015-09-16,31.14,31.77,30.99,31.4,22179700,0
2015-09-17,31.31,31.33,30.81,30.93,17094184,0
2015-09-18,30.51,30.8,30.41,30.74,20538300,0
2015-09-21,31.2,31.74,30.88,31.17,18744900,0
2015-09-22,30.78,30.92,30.17,30.4,15614900,0
2015-09-23,30.56,30.57,29.63,29.74,12755387,0
2015-09-24,29.47,29.57,28.85,29.34,19104070,0
2015-09-25,29.66,29.71,28.91,29.13,12817500,0
2015-09-28,29.03,29.22,27.2,27.6,49536812,0
2015-09-29,28.58,29.23,27.85,28.26,41895400,0
2015-09-30,28.65,29.11,28.49,28.91,18317900,0
2015-10-01,28.95,29.0,28.44,28.91,14467600,0
2015-10-02,28.62,30.71,28.43,30.71,29250500,0
2015-10-05,30.8,31.2,30.35,30.85,12882605,0
2015-10-06,30.79,31.18,30.66,30.95,10963800,0
2015-10-07,31.31,31.99,31.21,31.87,12224842,0
2015-10-08,31.79,32.5,31.73,32.37,14245300,0
2015-10-09,32.35,32.69,31.99,32.52,11830000,0
2015-10-12,32.71,33.02,32.55,32.86,12567302,0
2015-10-13,32.56,32.83,32.32,32.34,15873800,0
2015-10-14,32.28,32.49,31.77,32.09,11282800,0
2015-10-15,32.42,33.49,32.4,33.48,19403800,0
2015-10-16,33.64,33.86,33.16,33.37,12498900,0
2015-10-19,33.26,33.63,33.18,33.5,10856512,0
2015-10-20,33.49,33.59,32.77,32.83,19349173,0
2015-10-21,32.06,32.43,31.01,31.12,30436500,0
2015-10-22,31.26,31.9,31.21,31.67,18501100,0
2015-10-23,32.65,33.36,32.24,33.17,24308600,0
2015-10-26,33.13,33.49,33.0,33.4,15810200,0
2015-10-27,34.97,35.47,33.88,34.3,26380800,0
2015-10-28,34.3,35.27,34.3,35.19,15174200,0
2015-10-29,34.87,35.15,34.7,35.05,10796100,0
2015-10-30,35.14,35.7,35.05,35.62,17418800,0
2015-11-02,35.46,35.48,35.07,35.27,15206694,0
2015-11-03,35.15,35.34,34.65,34.72,12394280,0
2015-11-04,34.89,35.24,34.75,35.07,17501809,0
2015-11-05,35.02,35.3,34.16,35.12,15679000,0
2015-11-06,34.94,35.2,33.46,34.2,16608500,0
2015-11-09,34.07,34.08,33.08,33.68,13645458,0
2015-11-10,33.45,34.13,33.26,33.99,11510900,0
2015-11-11,34.21,34.23,33.03,33.38,11806800,0
2015-11-12,33.2,33.85,33.13,33.23,14273100,0
2015-11-13,32.78,33.04,32.17,32.19,11063300,0
2015-11-16,32.23,32.99,32.12,32.94,11087800,0
2015-11-17,33.01,33.12,32.62,32.86,10270300,0
2015-11-18,32.89,33.02,32.32,32.98,11105600,0
2015-11-19,33.21,33.5,32.58,32.63,14222100,0
2015-11-20,32.86,33.3,32.69,33.11,12498500,0
2015-11-23,33.0,33.87,32.87,33.36,11900300,0
2015-11-24,33.09,33.19,32.61,32.96,13362700,0
2015-11-25,32.77,33.52,32.75,33.16,13257900,0
2015-11-27,32.79,33.08,32.44,32.94,5316000,0
2015-11-30,33.03,33.83,32.85,33.81,17534700,0
2015-12-01,33.87,33.89,33.47,33.71,11020453,0
2015-12-02,35.0,36.39,34.77,35.65,56699500,0
2015-12-03,35.59,35.72,34.1,34.34,17078602,0
2015-12-04,34.34,35.2,34.18,34.91,16109500,0
2015-12-07,34.76,34.92,34.47,34.68,12047900,0
2015-12-08,34.24,34.975,34.03,34.85,19852579,0
2015-12-09,35.8,35.84,33.15,34.4,45101900,0
2015-12-10,34.49,34.73,33.91,34.63,16174100,0
2015-12-11,34.01,34.15,32.82,32.91,14936100,0
2015-12-14,32.94,33.27,32.21,32.59,17557953,0
2015-12-15,32.53,33.39,32.5,33.03,16187200,0
2015-12-16,33.15,33.88,32.91,33.78,12689400,0
2015-12-17,33.81,34.08,33.11,33.23,13243500,0
2015-12-18,33.1,33.63,32.87,32.95,16921800,0
2015-12-21,33.12,33.3,32.69,32.97,9106700,0
2015-12-22,32.99,34.21,32.97,34.19,15531275,0
2015-12-23,34.24,34.58,33.99,34.45,13469100,0
2015-12-24,34.19,34.74,34.1,34.11,3470658,0
2015-12-28,33.9,33.91,33.35,33.6,11020755,0
2015-12-29,33.63,34.17,33.6,34.04,12621892,0
2015-12-30,33.85,34.04,33.35,33.37,5296111,0
2015-12-31,33.22,33.685,33.18,33.26,6913545,0
2016-01-04,32.12,32.35,31.14,31.4,21361882,0
2016-01-05,31.55,32.325,31.53,32.2,13535943,0
2016-01-06,31.67,32.455,31.6,32.16,14737014,0
2016-01-07,30.97,31.19,30.02,30.16,18778160,0
2016-01-08,30.51,31.54,30.0,30.63,24216301,0
2016-01-11,30.65,30.7501,29.74,30.17,17140122,0
2016-01-12,30.58,30.97,30.21,30.69,10986129,0
2016-01-13,30.89,31.17,29.325,29.44,15501579,0
2016-01-14,29.69,30.57,28.71,30.32,14114619,0
2016-01-15,29.28,29.77,28.585,29.14,16027879,0
2016-01-19,29.84,30.0,29.31,29.74,20052900,0
2016-01-20,28.98,29.11,27.44,28.78,19471887,0
2016-01-21,28.75,29.795,28.1899,29.31,14573510,0
2016-01-22,29.97,30.52,29.31,29.75,14411536,0
2016-01-25,29.96,30.39,29.66,29.78,22009281,0
2016-01-26,29.76,30.19,29.62,29.98,10610233,0
2016-01-27,29.9,30.53,29.445,29.69,12091127,0
2016-01-28,30.59,30.63,28.6,28.75,14692778,0
2016-01-29,29.1,29.49,28.51,29.43,15236101,0
2016-02-01,29.27,29.785,28.791,29.57,11336818,0
2016-02-02,29.32,30.23,28.13,29.06,33549453,0
2016-02-03,28.446,28.61,26.57,27.68,51626980,0
2016-02-04,27.91,29.23,27.71,29.15,25847933,0
2016-02-05,29.06,29.14,27.725,27.97,14500082,0
2016-02-08,27.61,27.97,26.48,27.05,22975359,0
2016-02-09,26.64,27.69,26.51,26.82,13102621,0
2016-02-10,27.11,27.81,26.84,27.1,8313143,0
2016-02-11,26.46,26.97,26.15,26.76,10162282,0
2016-02-12,27.12,27.321,26.715,27.04,12116342,0
2016-02-16,27.98,29.44,27.94,29.28,18526578,0
2016-02-17,29.47,29.66,29.06,29.37,12195311,0
2016-02-18,29.56,30.14,29.39,29.42,13909052,0
2016-02-19,30.19,30.23,29.7,30.04,19752490,0
2016-02-22,30.65,31.21,30.39,31.17,20485981,0
2016-02-23,31.2,31.3801,30.505,30.67,14328651,0
2016-02-24,30.41,31.115,29.8,30.95,11892872,0
2016-02-25,30.74,31.36,30.24,31.36,18763143,0
2016-02-26,31.68,31.895,31.22,31.37,15527298,0
2016-02-29,31.31,32.46,31.31,31.79,17203783,0
2016-03-01,32.04,32.85,32.04,32.8,13379355,0
2016-03-02,32.81,33.24,32.77,32.91,9603092,0
2016-03-03,32.71,33.21,32.425,32.88,10583098,0
2016-03-04,32.91,33.9275,32.7572,33.86,21892117,0
2016-03-07,33.68,34.38,33.59,33.96,19527187,0
2016-03-08,33.66,33.82,32.84,32.93,15749619,0
2016-03-09,33.09,33.52,32.775,33.51,10427100,0
2016-03-10,33.59,33.6,32.09,32.82,19452743,0
2016-03-11,33.29,33.859,32.835,33.81,11000168,0
2016-03-14,33.75,34.085,33.51,33.58,8252743,0
2016-03-15,33.32,33.46,33.11,33.26,10672318,0
2016-03-16,33.03,34.08,33.0,34.01,11002524,0
2016-03-17,33.88,34.55,33.87,34.275,9335705,0
2016-03-18,34.54,35.21,34.384,35.17,20552638,0
2016-03-21,35.0,36.1,35.0,35.47,13551348,0
2016-03-22,34.68,35.61,34.68,35.41,11613931,0
2016-03-23,35.43,35.695,34.71,34.8,12217705,0
2016-03-24,34.45,34.865,33.93,34.86,14118615,0
2016-03-28,35.39,35.4489,34.62,35.23,11840414,0
2016-03-29,35.05,36.43,35.01,36.32,22040654,0
2016-03-30,36.61,37.28,36.44,36.56,18010097,0
2016-03-31,36.51,37.02,36.5,36.81,16851307,0
2016-04-01,36.54,36.88,36.31,36.48,12698298,0
2016-04-04,36.55,37.5,36.54,37.02,18709311,0
2016-04-05,36.7,36.925,36.22,36.41,11183728,0
2016-04-06,36.4,37.0,36.31,36.66,18268777,0
2016-04-07,35.86,37.25,35.72,36.17,36555682,0
2016-04-08,36.85,36.92,35.62,36.07,18979898,0
2016-04-11,36.38,36.845,36.32,36.48,11563997,0
2016-04-12,36.65,36.83,36.28,36.66,9185830,0
2016-04-13,36.94,37.35,36.9,37.31,15706938,0
2016-04-14,37.47,37.5,36.85,37.17,15631038,0
2016-04-15,37.13,37.15,36.42,36.51,17781778,0
2016-04-18,36.24,37.0,35.88,36.52,16464877,0
2016-04-19,36.46,36.73,36.11,36.33,17858362,0
2016-04-20,37.1,38.185,37.0,37.84,28754832,0
2016-04-21,37.92,38.12,37.35,37.67,11100579,0
2016-04-22,37.5,38.09,37.16,37.48,8311424,0
2016-04-25,37.47,37.54,37.18,37.23,8869587,0
2016-04-26,37.32,37.54,36.91,37.11,9285094,0
2016-04-27,37.52,37.59,36.63,36.95,15325758,0
2016-04-28,36.84,37.44,36.51,36.59,10379697,0
2016-04-29,36.51,36.98,36.15,36.6,11113466,0
2016-05-02,36.65,36.735,36.32,36.53,6068974,0
2016-05-03,36.25,36.41,35.91,36.01,8401859,0
2016-05-04,35.81,36.09,35.74,35.99,8718288,0
2016-05-05,37.06,37.45,36.858,36.93,12138175,0
2016-05-06,36.55,37.31,36.49,37.23,8167679,0
2016-05-09,36.97,37.35,36.92,37.18,5845751,0
2016-05-10,37.17,37.58,37.14,37.44,6665582,0
2016-05-11,37.28,37.63,37.2,37.38,8876253,0
2016-05-12,37.39,37.51,36.79,37.03,7974775,0
2016-05-13,36.91,37.07,36.38,36.48,10104824,0
2016-05-16,37.03,37.79,36.88,37.48,16168637,0
2016-05-17,37.44,37.6997,37.25,37.27,10601482,0
2016-05-18,37.09,37.4999,36.89,37.23,7730228,0
2016-05-19,36.94,37.23,36.67,37.02,6630346,0
2016-05-20,36.05,36.72,35.35,36.5,33891016,0
2016-05-23,36.46,36.945,36.43,36.66,7092678,0
2016-05-24,36.85,37.63,36.77,37.53,8653419,0
2016-05-25,36.63,36.96,35.47,35.59,28676062,0
2016-05-26,36.13,36.85,36.07,36.76,15382633,0
2016-05-27,36.88,37.88,36.84,37.82,13782568,0
2016-05-31,37.73,38.08,37.5,37.94,10486367,0
2016-06-01,37.25,37.735,36.56,36.65,20810754,0
2016-06-02,36.66,37.22,36.5789,37.15,11453752,0
2016-06-03,37.11,37.11,36.5,36.59,11366723,0
2016-06-06,36.67,37.2,36.52,37.07,8254393,0
2016-06-07,36.9,36.99,36.625,36.73,13633212,0
2016-06-08,36.84,37.295,36.84,36.97,8379917,0
2016-06-09,36.82,37.73,36.71,37.35,13991686,0
2016-06-10,36.97,37.14,36.59,36.83,10507157,0
2016-06-13,36.7,36.91,36.42,36.47,6013257,0
2016-06-14,36.63,37.44,36.63,37.4,11684908,0
2016-06-15,37.43,37.605,37.1,37.32,9174100,0
2016-06-16,37.39,37.45,36.54,37.39,9565111,0
2016-06-17,37.43,37.4399,36.81,36.94,11413653,0
2016-06-20,37.27,37.68,37.24,37.29,8335370,0
2016-06-21,37.37,37.55,37.2,37.4,4956615,0
2016-06-22,37.37,37.52,37.17,37.36,5030226,0
2016-06-23,37.64,37.78,37.41,37.78,6619087,0
2016-06-24,36.4,36.95,36.085,36.24,17610569,0
2016-06-27,35.87,36.01,35.05,35.22,11640623,0
2016-06-28,35.58,36.14,35.5,36.04,9667210,0
2016-06-29,36.25,37.08,36.25,36.86,9334115,0
2016-06-30,36.89,37.58,36.89,37.56,12160224,0
2016-07-01,37.56,38.08,37.43,37.99,9991175,0
2016-07-05,37.68,37.77,37.17,37.5,7980567,0
2016-07-06,37.43,37.56,37.13,37.51,7206267,0
2016-07-07,37.57,37.76,37.29,37.52,7168377,0
2016-07-08,37.53,37.84,37.06,37.74,8053063,0
2016-07-11,37.44,38.15,37.37,37.96,17057355,0
2016-07-12,38.0,38.33,37.87,37.89,13497151,0
2016-07-13,37.99,38.0,37.1,37.64,8618987,0
2016-07-14,37.85,38.35,37.85,37.96,10270897,0
2016-07-15,38.16,38.185,37.68,37.72,13159549,0
2016-07-18,37.68,37.97,37.5,37.95,15173442,0
2016-07-19,37.77,38.49,37.65,38.17,10255380,0
2016-07-20,38.36,38.93,38.26,38.9,7826958,0
2016-07-21,39.01,39.25,38.72,38.85,7370742,0
2016-07-22,38.9,39.42,38.78,39.38,10639863,0
2016-07-25,39.2,39.21,38.22,38.32,39843435,0
2016-07-26,38.07,38.83,37.9,38.76,14035460,0
2016-07-27,38.66,38.77,38.43,38.66,11674660,0
2016-07-28,38.58,38.64,38.23,38.52,6947565,0
2016-07-29,38.47,38.52,38.075,38.19,12394448,0
2016-08-01,38.18,38.89,38.1,38.8,9134643,0
2016-08-02,38.6,38.67,38.26,38.57,6611427,0
2016-08-03,38.43,38.55,38.28,38.39,5730894,0
2016-08-04,38.47,39.03,38.43,38.92,8691382,0
2016-08-05,39.0,39.15,38.9,38.98,6584951,0
2016-08-08,39.0,39.27,38.86,39.24,8573860,0
2016-08-09,39.24,39.31,39.1,39.24,5455005,0
2016-08-10,39.34,39.98,39.3,39.93,11835649,0
2016-08-11,41.12,41.73,40.93,41.27,21797439,0
2016-08-12,41.28,42.98,41.28,42.94,24294820,0
2016-08-15,43.18,43.29,42.43,42.67,9135730,0
2016-08-16,42.3,42.79,41.95,42.49,13041878,0
2016-08-17,42.39,42.75,42.39,42.7,7134673,0
2016-08-18,42.69,42.97,42.585,42.9,8402826,0
2016-08-19,42.8,43.12,42.645,43.02,7148951,0
2016-08-22,42.84,42.87,42.33,42.52,6185440,0
2016-08-23,42.61,42.91,42.45,42.6,8472747,0
2016-08-24,42.5,42.77,41.79,41.91,6544471,0
2016-08-25,41.83,42.235,41.73,42.03,4750704,0
2016-08-26,42.15,42.61,41.94,42.27,5843879,0
2016-08-29,42.2,42.46,42.0801,42.26,4191810,0
2016-08-30,42.28,42.74,42.28,42.58,5599469,0
2016-08-31,42.46,42.8,42.46,42.75,6631663,0
2016-09-01,42.78,43.095,42.72,42.93,5149045,0
2016-09-02,43.27,43.6,43.08,43.28,6085735,0
2016-09-06,43.5,44.85,43.5,44.71,13991293,0
2016-09-07,44.55,44.92,44.19,44.35,7545255,0
2016-09-08,44.07,44.72,44.03,44.34,7112825,0
2016-09-09,43.92,44.15,42.82,42.92,11728037,0
2016-09-12,42.28,43.65,42.18,43.46,9236652,0
2016-09-13,43.19,43.52,42.69,43.04,9250431,0
2016-09-14,42.91,43.62,42.86,43.46,9925480,0
2016-09-15,43.41,44.05,43.22,43.99,10779286,0
2016-09-16,43.94,44.02,43.47,43.67,12278677,0
2016-09-19,43.92,43.95,43.0,43.19,7346026,0
2016-09-20,43.24,43.385,42.66,42.79,8014387,0
2016-09-21,42.89,44.22,42.89,44.14,11104228,0
2016-09-22,43.94,44.87,43.74,44.14,30553150,0
2016-09-23,43.5,43.76,42.54,42.8,31327692,0
2016-09-26,42.38,42.735,41.85,42.29,11754295,0
2016-09-27,42.43,43.41,42.32,43.37,7796912,0
2016-09-28,43.4,43.72,43.25,43.69,6888441,0
2016-09-29,43.17,43.3,42.43,42.57,8320104,0
2016-09-30,42.74,43.25,42.72,43.1,9762253,0
2016-10-03,42.95,43.18,42.82,43.13,6790650,0
2016-10-04,43.2,43.5,42.9638,43.18,7804817,0
2016-10-05,43.23,43.87,43.22,43.71,5346085,0
2016-10-06,43.64,43.82,43.37,43.68,5278476,0
2016-10-07,43.26,43.68,43.12,43.22,7573576,0
2016-10-10,43.36,44.07,43.25,43.92,5017508,0
2016-10-11,43.87,44.08,42.49,42.68,8401640,0
2016-10-12,42.6,42.78,42.05,42.36,6494890,0
2016-10-13,42.0,42.08,41.17,41.62,13321849,0
2016-10-14,42.04,42.25,41.405,41.44,6853418,0
2016-10-17,41.35,41.94,41.24,41.79,5577916,0
2016-10-18,42.04,42.605,41.63,41.68,11150278,0
2016-10-19,42.3,42.94,42.26,42.73,11781289,0
2016-10-20,42.69,42.69,42.07,42.38,10094008,0
2016-10-21,42.1,42.2,41.73,42.175,3893610,0
2016-10-24,42.5,42.68,42.38,42.59,4225271,0
2016-10-25,42.72,42.75,42.43,42.55,4802532,0
2016-10-26,42.26,42.44,41.95,42.08,4681978,0
2016-10-27,42.31,42.49,41.81,41.87,5957362,0
2016-10-28,42.03,42.22,41.71,41.79,4977066,0
2016-10-31,42.03,42.16,41.55,41.55,3749658,0
2016-11-01,41.13,41.34,40.69,41.33,11751521,0
2016-11-02,41.8,42.16,40.36,40.68,13019956,0
2016-11-03,40.62,40.75,40.175,40.23,8112820,0
2016-11-04,39.96,40.67,39.8,40.28,4579437,0
2016-11-07,41.17,41.23,40.8601,41.05,4951292,0
2016-11-08,40.97,41.28,40.68,41.16,3955117,0
2016-11-09,40.44,41.39,40.219,41.21,23064203,0
2016-11-10,41.55,41.65,39.54,40.16,15862186,0
2016-11-11,39.84,40.52,39.37,40.42,14861253,0
2016-11-14,40.36,40.39,38.87,39.3,12692293,0
2016-11-15,39.61,40.45,39.58,40.21,13364918,0
2016-11-16,40.1,41.05,40.1,40.98,10983639,0
2016-11-17,41.34,41.65,41.2,41.45,8224331,0
2016-11-18,41.48,41.65,40.9,41.19,7483260,0
2016-11-21,41.44,41.48,40.94,41.11,9424488,0
2016-11-22,41.2,41.395,40.83,41.01,7546096,0
2016-11-23,40.91,40.98,40.545,40.96,3319560,0
2016-11-25,41.08,41.08,40.71,40.87,2470403,0
2016-11-28,40.85,41.7,40.74,41.45,5915326,0
2016-11-29,41.43,41.83,41.12,41.6,6979868,0
2016-11-30,41.62,41.67,40.88,41.02,6237375,0
2016-12-01,41.0,41.04,39.53,39.63,11338483,0
2016-12-02,39.77,40.32,39.58,40.07,7173804,0
2016-12-05,40.02,40.39,39.85,40.2,4244389,0
2016-12-06,40.31,40.42,39.88,39.97,5621061,0
2016-12-07,39.98,40.57,39.75,40.52,6265621,0
2016-12-08,40.66,41.6,40.4168,41.41,8924571,0
2016-12-09,41.52,41.8,41.44,41.76,6535868,0
2016-12-12,41.45,41.53,41.125,41.3,4382732,0
2016-12-13,41.35,41.79,41.14,41.47,6397888,0
2016-12-14,41.44,41.53,40.83,40.91,18368304,0
2016-12-15,40.0,40.0,38.25,38.41,41886044,0
2016-12-16,38.62,39.22,38.42,38.61,20695227,0
2016-12-19,38.66,38.79,38.27,38.42,13420788,0
2016-12-20,38.4,39.18,38.24,39.16,14544363,0
2016-12-21,39.08,39.32,38.97,39.15,8031685,0
2016-12-22,38.69,38.79,38.26,38.5,8398238,0
2016-12-23,38.46,38.81,38.37,38.66,3728669,0
2016-12-27,38.59,39.065,38.5,38.92,3251687,0
2016-12-28,39.12,39.22,38.71,38.73,4277613,0
2016-12-29,38.76,38.93,38.48,38.64,3980383,0
2016-12-30,38.72,39.0,38.43,38.67,6432792,0
2017-01-03,39.11,39.18,38.64,38.9,5851413,0
2017-01-04,39.0,40.25,38.92,40.06,11650117,0
2017-01-05,40.31,41.37,40.24,41.34,9785300,0
2017-01-06,41.25,41.34,40.85,41.23,5124225,0
2017-01-09,41.17,41.66,41.125,41.34,7255729,0
2017-01-10,41.89,42.37,41.54,42.3,6769139,0
2017-01-11,42.27,42.59,42.07,42.59,5485320,0
2017-01-12,42.34,42.4604,41.7,42.11,5769148,0
2017-01-13,42.11,42.46,42.02,42.27,3977250,0
2017-01-17,42.06,42.18,41.84,41.99,4700371,0
2017-01-18,42.15,42.15,41.8,42.03,3420873,0
2017-01-19,42.05,42.19,41.9,42.09,5309789,0
2017-01-20,42.33,42.535,41.865,42.05,4848628,0
2017-01-23,41.95,42.45,41.84,42.4,11529482,0
2017-01-24,43.65,44.22,43.43,43.9,23922964,0
2017-01-25,44.11,45.0,44.09,44.94,10844393,0
2017-01-26,44.83,45.08,44.4,44.55,8807431,0
2017-01-27,44.54,44.71,44.23,44.42,4704655,0
2017-01-30,44.22,44.22,43.705,43.93,5765830,0
2017-01-31,43.78,44.15,43.67,44.07,4755015,0
2017-02-01,44.25,44.26,43.71,43.78,5042798,0
2017-02-02,43.63,43.995,43.58,43.69,4905963,0
2017-02-03,43.9,43.99,43.66,43.71,6422438,0
2017-02-06,43.62,44.53,43.56,44.4,6903410,0
2017-02-07,44.43,44.5934,44.19,44.37,4399985,0
2017-02-08,44.5,45.19,44.34,45.07,4450021,0
2017-02-09,44.95,45.24,44.82,45.08,3037878,0
2017-02-10,45.15,45.23,44.96,45.03,3775900,0
2017-02-13,45.08,45.57,44.94,45.46,6102197,0
2017-02-14,45.38,45.58,44.9,45.02,6175399,0
2017-02-15,45.03,46.72,44.64,45.65,21579258,0
2017-02-16,45.65,45.69,45.01,45.15,7317945,0
2017-02-17,44.95,45.34,44.79,45.1,9113906,0
2017-02-21,45.22,45.61,45.1,45.5,6702416,0
2017-02-22,45.47,46.345,45.45,45.98,6649516,0
2017-02-23,46.04,46.14,45.29,45.41,6778197,0
2017-02-24,45.14,45.55,44.95,45.55,3634712,0
2017-02-27,45.45,45.74,45.24,45.71,2617150,0
2017-02-28,45.57,45.75,45.25,45.69,5481030,0
2017-03-01,45.89,46.41,45.89,46.24,6840902,0
2017-03-02,46.02,46.13,45.62,45.94,5957656,0
2017-03-03,45.88,46.0,45.6,45.91,4522548,0
2017-03-06,45.61,45.69,45.39,45.64,5028818,0
2017-03-07,45.5,45.915,45.49,45.73,3576554,0
2017-03-08,45.85,46.19,45.73,45.98,3145446,0
2017-03-09,45.87,46.12,45.68,45.94,3294831,0
2017-03-10,46.2,46.2,45.75,45.98,2990428,0
2017-03-13,46.38,47.0,46.1,46.57,4702990,0
2017-03-14,46.41,46.755,46.19,46.37,3800294,0
2017-03-15,46.55,46.55,45.9,46.29,6279298,0
2017-03-16,46.6,46.62,46.3,46.61,3627081,0
2017-03-17,46.73,46.9,46.5,46.59,5335773,0
2017-03-20,46.62,47.16,46.52,46.77,5822991,0
2017-03-21,47.0,47.19,45.68,45.77,6469439,0
2017-03-22,45.61,46.14,45.6,46.06,6773395,0
2017-03-23,46.13,46.78,46.09,46.6,8297815,0
2017-03-24,46.65,46.865,46.14,46.4,5533419,0
2017-03-27,45.92,46.48,45.74,46.4,4965373,0
2017-03-28,46.33,46.76,46.24,46.57,4248623,0
2017-03-29,46.52,46.84,46.3,46.78,4086553,0
2017-03-30,46.8,47.045,46.6,46.62,3423953,0
2017-03-31,46.52,46.7,46.27,46.41,7229335,0
2017-04-03,46.5,46.85,46.16,46.43,7675378,0
2017-04-04,46.3,46.47,46.12,46.23,4430393,0
2017-04-05,46.41,46.92,46.24,46.38,4729099,0
2017-04-06,46.38,46.43,46.04,46.28,4049972,0
2017-04-07,46.23,46.53,45.96,46.44,4629814,0
2017-04-10,46.49,47.415,46.4,47.21,7108456,0
2017-04-11,47.03,47.21,46.42,46.79,5593867,0
2017-04-12,46.8,47.16,46.67,46.83,4289698,0
2017-04-13,46.85,47.11,46.6072,46.9,3619325,0
2017-04-17,47.02,47.42,46.92,47.39,3727851,0
2017-04-18,47.25,47.745,47.14,47.56,8876191,0
2017-04-19,47.6,47.88,46.925,47.0,11466719,0
2017-04-20,47.25,47.84,47.07,47.67,9174884,0
2017-04-21,47.73,47.77,47.37,47.52,5930817,0
2017-04-24,47.89,48.2,47.75,48.15,9853806,0
2017-04-25,48.29,48.46,48.155,48.4,10279747,0
2017-04-26,48.4,48.47,48.17,48.26,4053137,0
2017-04-27,48.08,48.47,48.02,48.36,10635392,0
2017-04-28,48.45,48.5,48.16,48.21,4925538,0
2017-05-01,48.22,48.78,48.12,48.61,6386442,0
2017-05-02,48.72,49.3,48.72,49.09,6065278,0
2017-05-03,49.19,49.19,48.17,48.54,4702411,0
2017-05-04,48.63,48.68,48.16,48.45,6208892,0
2017-05-05,48.45,48.66,48.27,48.49,7835467,0
2017-05-08,48.71,48.96,48.51,48.85,10052476,0
2017-05-09,49.14,49.67,48.94,49.49,10269914,0
2017-05-10,49.4,49.6,49.14,49.4,8357844,0
2017-05-11,49.45,49.71,49.14,49.69,6142929,0
2017-05-12,49.75,49.75,49.44,49.65,6185430,0
2017-05-15,49.71,49.94,49.48,49.86,9117093,0
2017-05-16,50.05,51.12,50.03,50.96,19407146,0
2017-05-17,50.7,50.7,49.445,49.65,20942326,0
2017-05-18,48.68,50.03,47.74,49.63,13737509,0
2017-05-19,50.03,51.23,50.01,50.18,11167311,0
2017-05-22,50.51,51.08,50.215,50.65,9683372,0
2017-05-23,50.66,50.9,50.26,50.31,7341282,0
2017-05-24,50.4,50.59,49.9,50.32,12230716,0
2017-05-25,50.48,50.75,50.05,50.6,11961171,0
2017-05-26,50.5,50.74,50.32,50.67,6049182,0
2017-05-30,50.67,50.94,50.5,50.56,8399468,0
2017-05-31,50.6,50.65,49.965,50.32,8670114,0
2017-06-01,50.49,50.7,50.07,50.65,7776690,0
2017-06-02,50.53,50.75,50.31,50.6,9856676,0
2017-06-05,50.52,50.88,50.4,50.6,16590127,0
2017-06-06,50.42,50.76,50.3,50.5,27315854,0
2017-06-07,50.47,50.72,50.28,50.55,25992379,0
2017-06-08,55.35,55.94,53.49,55.72,75380221,0
2017-06-09,56.155,57.39,53.66,54.02,74171957,0
2017-06-12,53.79,54.55,52.6,53.12,57719387,0
2017-06-13,53.65,54.08,52.0,52.0,157309832,0
2017-06-14,52.42,54.26,52.16,52.63,72063407,0
2017-06-15,52.17,52.76,51.645,52.58,71278308,0
2017-06-16,52.79,53.3,51.9,52.58,268809891,0
2017-06-19,54.46,55.03,54.46,54.46,38879651,0
2017-06-20,54.54,54.9,53.79,53.81,44862823,0
2017-06-21,53.94,55.17,53.89,55.09,28731684,0
2017-06-22,54.75,55.45,54.42,54.56,17258704,0
2017-06-23,54.49,54.99,54.45,54.73,13055094,0
2017-06-26,55.38,55.6,53.97,54.31,22716288,0
2017-06-27,54.44,54.73,53.53,53.64,17023503,0
2017-06-28,54.09,55.1,53.765,54.95,14674536,0
2017-06-29,54.49,54.92,53.13,54.3,11914394,0
2017-06-30,54.33,54.73,54.075,54.48,8813752,0
2017-07-03,55.08,55.25,54.045,54.45,4559540,0
2017-07-05,54.5,55.84,54.23,55.62,8806210,0
2017-07-06,55.05,55.2,54.41,54.53,5978306,0
2017-07-07,54.65,54.91,54.3099,54.55,2776117,0
2017-07-10,54.28,54.98,54.27,54.8,4164190,0
2017-07-11,54.76,55.35,54.59,55.25,10195118,0
2017-07-12,55.66,56.57,55.66,56.34,5835981,0
2017-07-13,56.44,56.68,56.06,56.46,3798459,0
2017-07-14,56.54,57.41,56.53,57.23,4420254,0
2017-07-17,57.68,57.88,57.13,57.51,6899162,0
2017-07-18,57.13,58.745,56.73,58.47,7126611,0
2017-07-19,59.27,59.33,58.19,58.36,8675920,0
2017-07-20,58.46,58.58,58.02,58.45,8490062,0
2017-07-21,58.19,58.4,57.76,58.16,8826711,0
2017-07-24,58.28,58.5,58.02,58.15,3671203,0
2017-07-25,57.98,58.365,57.865,58.035,3264422,0
2017-07-26,57.95,59.03,57.93,58.91,5443308,0
2017-07-27,59.61,60.215,57.56,58.43,8395031,0
2017-07-28,58.11,59.64,57.98,59.19,5871045,0
2017-07-31,59.7,59.89,58.07,58.4,6693966,0
2017-08-01,58.6,58.8,58.11,58.5,4151539,0
2017-08-02,58.95,59.25,56.9,57.66,5845999,0
2017-08-03,57.87,58.33,57.13,58.15,4725928,0
2017-08-04,58.39,58.57,58.0136,58.51,7330402,0
2017-08-07,58.85,60.16,58.7563,60.03,5532960,0
2017-08-08,59.77,60.44,59.62,59.86,4205630,0
2017-08-09,59.23,59.95,59.07,59.77,3070923,0
2017-08-10,59.2,59.51,57.87,58.03,4419461,0
2017-08-11,57.78,58.2325,56.84,57.92,5552244,0
2017-08-14,58.7,59.02,58.5,58.87,7402729,0
2017-08-15,59.28,60.135,58.79,59.99,7861356,0
2017-08-16,60.43,60.85,60.21,60.65,7640296,0
2017-08-17,63.05,63.46,62.09,62.2,11941820,0
2017-08-18,62.36,63.7,62.055,63.13,13008984,0
2017-08-21,63.15,64.0,62.9,63.6,4594092,0
2017-08-22,63.76,65.52,63.755,65.42,5619326,0
2017-08-23,65.01,66.0,64.64,65.82,4131096,0
2017-08-24,66.06,66.1999,65.34,65.5,4055465,0
2017-08-25,65.41,65.56,64.26,64.51,5940948,0
2017-08-28,64.43,64.43,63.13,63.53,5555856,0
2017-08-29,62.3,63.72,62.1,63.17,3589210,0
2017-08-30,63.65,64.58,63.63,64.16,5288489,0
2017-08-31,64.5,64.76,63.835,64.08,3674293,0
2017-09-01,64.17,64.38,63.86,64.05,2188277,0
2017-09-05,63.53,64.3,63.28,63.86,3273278,0
2017-09-06,63.71,64.2787,62.9,63.32,4875894,0
2017-09-07,63.56,64.18,63.17,64.02,3940309,0
2017-09-08,63.72,64.3395,63.5,63.58,3296920,0
2017-09-11,64.69,65.26,64.4,65.14,5463044,0
2017-09-12,65.3,65.63,65.06,65.36,6663381,0
2017-09-13,65.4,66.71,65.4,66.61,10754532,0
2017-09-14,66.26,66.905,65.72,66.08,11458058,0
2017-09-15,66.39,66.66,66.015,66.41,8584445,0
2017-09-18,67.0,67.2834,66.56,67.11,5322810,0
2017-09-19,67.3,67.61,67.07,67.43,4473124,0
2017-09-20,67.37,67.59,66.4,66.92,11432986,0
2017-09-21,67.0,67.22,66.055,66.59,4123943,0
2017-09-22,66.45,67.39,66.23,67.34,8523288,0
2017-09-25,67.0,67.0,64.21,64.96,18000134,0
2017-09-26,65.08,65.82,64.24,64.45,6648815,0
2017-09-27,65.13,66.27,65.01,65.8,13977439,0
2017-09-28,65.9,66.19,65.54,65.5803,7213430,0
2017-09-29,65.64,66.61,65.64,66.24,5452375,0
2017-10-02,66.6,66.98,66.29,66.51,20420985,0
2017-10-03,67.19,67.93,66.96,67.81,5700909,0
2017-10-04,67.79,68.22,67.48,67.66,4289637,0
2017-10-05,67.75,68.1,66.96,67.72,3451432,0
2017-10-06,67.49,68.075,67.32,67.85,1933540,0
2017-10-09,67.85,69.06,67.75,68.74,2754961,0
2017-10-10,68.51,69.51,68.51,68.93,5689154,0
2017-10-11,68.75,69.38,68.7102,69.22,4251650,0
2017-10-12,69.0,69.23,67.8,67.91,4109955,0
2017-10-13,68.17,68.18,67.38,67.52,3380693,0
2017-10-16,67.91,68.13,67.36,68.04,4518484,0
2017-10-17,68.0,68.1,66.63,66.78,4258702,0
2017-10-18,67.2,68.04,66.98,67.79,5355587,0
2017-10-19,66.97,67.54,66.65,67.45,3294665,0
2017-10-20,67.65,68.36,67.45,67.51,7149342,0
2017-10-23,67.63,68.0,66.4,66.51,3956944,0
2017-10-24,66.69,67.203,66.4,66.61,3665780,0
2017-10-25,66.66,67.04,65.19,65.4,4550598,0
2017-10-26,65.5,66.01,65.07,65.57,4966564,0
2017-10-27,66.48,67.73,65.87,67.52,7604777,0
2017-10-30,68.08,68.96,67.94,68.86,7764554,0
2017-10-31,69.5,70.27,68.96,70.12,10680460,0
2017-11-01,70.85,71.385,69.84,70.59,9883635,0
2017-11-02,72.06,72.47,69.84,70.51,10054593,0
2017-11-03,71.01,71.3999,69.84,70.23,6321515,0
2017-11-06,70.27,71.96,70.27,71.71,7129828,0
2017-11-07,72.2,72.47,71.62,72.22,9161521,0
2017-11-08,72.0,72.2,71.09,71.16,7363365,0
2017-11-09,70.46,70.68,68.77,70.19,10054663,0
2017-11-10,70.6,70.745,69.94,70.56,4439900,0
