Date,Open,High,Low,Close,Volume,OpenInt
2014-01-02,20.658,20.828,20.431,20.53,156724,0
2014-01-03,20.614,20.938,20.349,20.523,104501,0
2014-01-06,20.697,20.697,20.128,20.191,175975,0
2014-01-07,20.324,20.677,20.141,20.485,195964,0
2014-01-08,20.399,20.731,20.141,20.576,254391,0
2014-01-09,20.717,20.717,20.135,20.451,332034,0
2014-01-10,20.451,21.267,20.172,20.355,154980,0
2014-01-13,20.362,20.697,19.849,20.038,227376,0
2014-01-14,20.178,20.485,19.926,20.379,209160,0
2014-01-15,20.491,21.094,20.373,20.99,105892,0
2014-01-16,20.886,21.183,20.62,21.067,96047,0
2014-01-17,21.1,21.237,20.834,21.009,100208,0
2014-01-21,21.067,21.695,20.937,21.658,181531,0
2014-01-22,21.658,22.2,21.419,22.175,153127,0
2014-01-23,22.085,22.129,21.267,21.6,207772,0
2014-01-24,21.412,21.58,20.731,20.924,239415,0
2014-01-27,20.99,21.255,20.258,20.517,132443,0
2014-01-28,20.589,21.19,20.405,21.054,290202,0
2014-01-29,20.744,21.255,19.843,19.999,173039,0
2014-01-30,20.238,20.756,19.843,20.025,295915,0
2014-01-31,19.578,19.926,19.155,19.215,346854,0
2014-02-03,19.066,19.389,17.816,18.151,364611,0
2014-02-04,18.21,18.528,17.368,18.101,278592,0
2014-02-05,17.938,18.055,17.43,17.829,188318,0
2014-02-06,17.835,18.224,17.835,18.151,176305,0
2014-02-07,18.114,18.197,17.724,18.036,201851,0
2014-02-10,18.068,18.068,17.691,17.803,201615,0
2014-02-11,17.744,18.19,17.577,18.016,167680,0
2014-02-12,17.747,18.373,17.747,18.256,148627,0
2014-02-13,18.003,18.541,17.803,18.243,132175,0
2014-02-14,18.217,18.885,18.043,18.688,179818,0
2014-02-18,18.82,19.162,18.627,19.053,180548,0
2014-02-19,19.014,19.162,18.508,18.587,146077,0
2014-02-20,18.676,19.253,18.424,19.138,189379,0
2014-02-21,19.253,19.253,18.749,19.014,208824,0
2014-02-24,18.981,19.313,18.627,19.162,154098,0
2014-02-25,18.994,19.309,18.308,18.437,179191,0
2014-02-26,18.724,19.046,18.334,18.82,116715,0
2014-02-27,18.688,19.125,18.587,19.105,115990,0
2014-02-28,19.162,19.401,19.014,19.358,187204,0
2014-03-03,18.941,18.988,18.302,18.82,299144,0
2014-03-04,19.138,20.258,19.138,19.926,953290,0
2014-03-05,19.843,20.231,19.661,19.92,103360,0
2014-03-06,20.038,20.201,19.448,19.882,129334,0
2014-03-07,20.089,20.123,19.401,19.843,132408,0
2014-03-10,19.824,19.985,19.435,19.726,109204,0
2014-03-11,19.693,19.89,18.846,18.903,197917,0
2014-03-12,18.768,19.099,18.463,18.961,134555,0
2014-03-13,19.014,19.014,17.492,17.731,226046,0
2014-03-14,17.609,17.934,17.33,17.918,307534,0
2014-03-17,18.308,18.335,17.531,17.678,223371,0
2014-03-18,17.634,18.43,17.531,18.41,180517,0
2014-03-19,18.417,18.82,18.378,18.781,245926,0
2014-03-20,18.788,19.112,18.694,18.859,234698,0
2014-03-21,18.896,19.142,18.41,18.627,351800,0
2014-03-24,18.682,18.748,18.335,18.627,231176,0
2014-03-25,18.788,18.825,18.385,18.694,157958,0
2014-03-26,18.873,18.873,18.055,18.12,163623,0
2014-03-27,18.095,18.41,17.867,17.984,113035,0
2014-03-28,17.984,18.328,17.764,17.79,84262,0
2014-03-31,17.944,18.332,17.784,18.055,180844,0
2014-04-01,18.197,18.646,17.589,18.554,302591,0
2014-04-02,18.548,18.607,18.315,18.475,130360,0
2014-04-03,18.488,18.488,17.944,18.009,142725,0
2014-04-04,17.944,18.148,17.167,17.291,198821,0
2014-04-07,17.225,17.225,16.727,16.798,364380,0
2014-04-08,16.753,17.18,16.629,16.924,126170,0
2014-04-09,16.961,17.349,16.766,17.291,144854,0
2014-04-10,17.2,17.465,16.693,16.825,156654,0
2014-04-11,16.875,17.096,16.617,16.629,168996,0
2014-04-14,16.76,17.2,16.617,17.083,208041,0
2014-04-15,17.142,17.167,16.487,16.772,141811,0
2014-04-16,16.941,17.194,16.707,16.997,114136,0
2014-04-17,16.968,17.336,16.844,17.297,111225,0
2014-04-21,17.297,17.556,17.167,17.472,152830,0
2014-04-22,17.465,17.829,17.375,17.816,131475,0
2014-04-23,17.764,18.107,17.542,17.958,263320,0
2014-04-24,18.528,19.093,18.107,18.6,392238,0
2014-04-25,18.541,18.827,18.197,18.41,230715,0
2014-04-28,18.463,18.761,18.171,18.347,206027,0
2014-04-29,18.444,18.521,18.082,18.114,129314,0
2014-04-30,18.062,18.501,17.964,18.367,184529,0
2014-05-01,18.275,18.708,17.77,18.36,203712,0
2014-05-02,18.229,18.935,18.225,18.721,180803,0
2014-05-05,19.506,20.677,19.415,20.451,415264,0
2014-05-06,20.278,20.57,19.752,19.907,255123,0
2014-05-07,20.011,20.011,19.377,19.895,208000,0
2014-05-08,19.933,20.349,19.487,19.564,217462,0
2014-05-09,19.441,20.076,19.181,19.92,175314,0
2014-05-12,20.011,20.802,19.965,20.691,155791,0
2014-05-13,20.652,20.652,19.919,20.116,199537,0
2014-05-14,20.089,20.089,19.389,19.506,158319,0
2014-05-15,19.313,19.506,18.833,19.358,178495,0
2014-05-16,19.325,19.752,19.195,19.617,155425,0
2014-05-19,19.598,19.952,19.494,19.742,65871,0
2014-05-20,19.467,19.63,18.721,19.014,240669,0
2014-05-21,19.053,19.648,19.053,19.506,188448,0
2014-05-22,19.584,19.837,19.408,19.7,109008,0
2014-05-23,19.655,20.271,19.519,20.265,105157,0
2014-05-27,20.373,20.556,20.116,20.543,175196,0
2014-05-28,20.362,20.53,20.172,20.324,105651,0
2014-05-29,20.159,20.498,20.063,20.297,97221,0
2014-05-30,20.362,20.425,20.083,20.211,159884,0
2014-06-02,20.491,20.701,20.058,20.368,207487,0
2014-06-03,20.33,20.355,19.72,19.895,624843,0
2014-06-04,19.843,20.076,19.591,19.888,186879,0
2014-06-05,20.198,21.015,19.713,20.854,327911,0
2014-06-06,21.035,21.56,21.021,21.456,194207,0
2014-06-09,21.5,21.896,21.379,21.766,179830,0
2014-06-10,21.592,21.708,21.219,21.371,107789,0
2014-06-11,21.201,21.305,20.941,21.111,107440,0
2014-06-12,21.025,21.051,20.648,20.927,125709,0
2014-06-13,21.019,21.019,20.565,20.713,142114,0
2014-06-16,20.7,20.98,20.35,20.908,137548,0
2014-06-17,20.974,21.345,20.908,21.305,183867,0
2014-06-18,21.332,21.826,21.142,21.786,215218,0
2014-06-19,21.981,21.981,21.219,21.546,150960,0
2014-06-20,21.741,21.741,21.13,21.492,510158,0
2014-06-23,21.644,21.644,21.266,21.434,99807,0
2014-06-24,21.272,21.741,21.039,21.111,164941,0
2014-06-25,20.943,21.506,20.943,21.434,114845,0
2014-06-26,21.391,21.411,21.084,21.312,103469,0
2014-06-27,21.143,21.746,21.1,21.631,241436,0
2014-06-30,21.532,21.884,21.285,21.8,193377,0
2014-07-01,21.941,22.528,21.661,22.229,225323,0
2014-07-02,22.176,22.528,21.766,21.975,140696,0
2014-07-03,22.235,22.436,22.059,22.397,70634,0
2014-07-07,22.294,22.456,21.581,21.631,140049,0
2014-07-08,21.519,21.586,20.896,21.278,443817,0
2014-07-09,21.338,21.559,21.239,21.345,114800,0
2014-07-10,20.779,21.278,20.596,21.15,172694,0
2014-07-11,21.13,21.423,21.012,21.253,135121,0
2014-07-14,21.305,21.566,21.219,21.312,132748,0
2014-07-15,21.259,21.526,20.591,20.798,126825,0
2014-07-16,20.967,21.253,20.525,20.747,141963,0
2014-07-17,20.651,21.15,19.998,20.126,181682,0
2014-07-18,20.096,20.857,20.024,20.798,170684,0
2014-07-21,20.545,20.774,20.182,20.621,117753,0
2014-07-22,20.72,21.509,20.71,21.295,209178,0
2014-07-23,21.315,21.559,20.593,20.651,83020,0
2014-07-24,20.71,20.817,20.126,20.172,95309,0
2014-07-25,19.998,20.291,19.539,19.705,159191,0
2014-07-28,19.783,19.783,19.102,19.471,139904,0
2014-07-29,19.579,19.958,19.481,19.491,99856,0
2014-07-30,19.686,19.705,19.131,19.471,126700,0
2014-07-31,19.131,19.613,18.943,19.139,199283,0
2014-08-01,19.325,19.432,18.808,19.168,144576,0
2014-08-04,19.276,19.599,18.887,19.569,227759,0
2014-08-05,19.646,19.774,19.188,19.392,190644,0
2014-08-06,19.178,19.51,18.828,19.092,172985,0
2014-08-07,17.599,18.878,17.569,18.447,355813,0
2014-08-08,18.505,18.848,18.203,18.789,149977,0
2014-08-11,18.858,19.246,18.378,18.633,179367,0
2014-08-12,18.515,18.709,18.028,18.087,137367,0
2014-08-13,18.163,18.551,18.008,18.144,144857,0
2014-08-14,18.144,18.252,17.959,18.048,97172,0
2014-08-15,18.183,18.291,17.675,18.087,152437,0
2014-08-18,18.321,18.779,18.223,18.652,161011,0
2014-08-19,18.633,18.828,18.475,18.633,124838,0
2014-08-20,18.495,18.495,18.116,18.193,65258,0
2014-08-21,18.153,18.624,17.755,18.398,109623,0
2014-08-22,18.407,18.456,18.106,18.116,87352,0
2014-08-25,18.36,18.466,18.008,18.213,116176,0
2014-08-26,18.183,18.285,17.939,18.213,136948,0
2014-08-27,18.203,18.378,18.124,18.291,51556,0
2014-08-28,18.789,18.789,17.909,17.989,81127,0
2014-08-29,17.959,18.281,17.881,18.203,71689,0
2014-09-02,18.203,18.232,17.729,17.969,349304,0
2014-09-03,18.087,18.604,17.871,18.028,814570,0
2014-09-04,18.232,18.789,18.106,18.437,169269,0
2014-09-05,18.36,18.689,18.153,18.652,141425,0
2014-09-08,18.604,18.68,18.311,18.594,150826,0
2014-09-09,18.584,18.584,18.057,18.144,165637,0
2014-09-10,18.134,18.252,17.979,18.213,90279,0
2014-09-11,17.989,18.495,17.833,18.427,237361,0
2014-09-12,18.189,18.447,17.919,18.048,116498,0
2014-09-15,17.979,18.232,17.589,17.675,171008,0
2014-09-16,17.589,18.153,17.569,18.057,136662,0
2014-09-17,18.048,18.173,17.89,17.929,116482,0
2014-09-18,18.018,18.252,17.979,18.193,115465,0
2014-09-19,18.242,18.242,17.842,17.881,206376,0
2014-09-22,17.618,17.755,17.481,17.559,110187,0
2014-09-23,17.501,17.579,17.335,17.404,154441,0
2014-09-24,17.511,17.511,17.234,17.394,88867,0
2014-09-25,17.315,17.364,16.992,17.052,143379,0
2014-09-26,17.052,17.247,16.876,17.002,99753,0
2014-09-29,16.769,17.101,16.594,17.062,93283,0
2014-09-30,17.012,17.15,16.584,16.594,315456,0
2014-10-01,16.622,17.072,16.516,16.848,253077,0
2014-10-02,16.896,17.481,16.866,17.169,165339,0
2014-10-03,17.384,17.491,16.984,17.384,239278,0
2014-10-06,17.384,17.422,16.955,16.992,135052,0
2014-10-07,16.857,17.217,16.555,16.594,301487,0
2014-10-08,16.536,16.925,16.369,16.848,170909,0
2014-10-09,16.886,16.996,16.398,16.555,151092,0
2014-10-10,16.436,17.16,16.417,16.613,169225,0
2014-10-13,16.594,17.12,16.436,16.769,203914,0
2014-10-14,17.002,17.705,16.769,17.11,190251,0
2014-10-15,16.652,17.804,16.584,17.685,168793,0
2014-10-16,17.441,17.909,17.325,17.511,261755,0
2014-10-17,17.745,17.852,17.199,17.422,201212,0
2014-10-20,17.296,17.657,17.12,17.627,204921,0
2014-10-21,17.715,18.116,17.223,18.067,233417,0
2014-10-22,18.008,18.183,17.451,17.461,109276,0
2014-10-23,17.675,18.252,17.675,18.153,116592,0
2014-10-24,18.223,18.331,17.296,17.814,213005,0
2014-10-27,17.675,17.919,17.325,17.823,77671,0
2014-10-28,17.833,18.868,17.814,18.818,183658,0
2014-10-29,18.914,19.052,18.466,18.671,119866,0
2014-10-30,18.525,19.208,18.437,18.963,149496,0
2014-10-31,18.893,19.452,18.893,19.168,233084,0
2014-11-03,19.168,19.676,18.955,19.637,268227,0
2014-11-04,19.412,19.793,19.412,19.754,254915,0
2014-11-05,19.783,19.998,19.5,19.774,178092,0
2014-11-06,19.923,20.369,18.68,20.36,198389,0
2014-11-07,20.416,20.456,20.058,20.301,197107,0
2014-11-10,20.369,20.476,20.192,20.331,212658,0
2014-11-11,20.291,20.7,20.116,20.613,117929,0
2014-11-12,20.525,20.983,20.354,20.944,130318,0
2014-11-13,21.051,21.051,20.516,20.603,163515,0
2014-11-14,20.593,20.603,20.387,20.446,183837,0
2014-11-17,20.377,20.416,19.9,19.968,156757,0
2014-11-18,20.038,20.406,19.872,20.232,205358,0
2014-11-19,20.222,20.222,19.452,19.569,275431,0
2014-11-20,19.442,19.998,19.256,19.948,148146,0
2014-11-21,20.35,20.363,20.076,20.106,126646,0
2014-11-24,20.135,20.72,20.106,20.67,112602,0
2014-11-25,20.69,20.798,20.496,20.603,103778,0
2014-11-26,20.575,20.789,20.369,20.631,113200,0
2014-11-28,20.74,20.74,20.28,20.3,119920,0
2014-12-01,20.33,20.475,20.094,20.124,215574,0
2014-12-02,20.17,20.376,20.124,20.23,385838,0
2014-12-03,20.33,20.475,20.25,20.368,168927,0
2014-12-04,20.349,20.349,20.152,20.31,202223,0
2014-12-05,20.32,20.935,20.32,20.74,166589,0
2014-12-08,20.613,20.915,20.396,20.545,157810,0
2014-12-09,20.28,21.278,20.25,21.249,170868,0
2014-12-10,21.455,21.455,20.7,20.72,144890,0
2014-12-11,20.838,21.513,20.828,20.848,132512,0
2014-12-12,20.555,20.975,20.475,20.495,147538,0
2014-12-15,20.631,20.975,20.24,20.465,191108,0
2014-12-16,20.405,21.004,20.405,20.545,152389,0
2014-12-17,20.545,21.19,20.26,21.103,194445,0
2014-12-18,21.407,21.719,21.2,21.513,174964,0
2014-12-19,21.464,21.838,21.132,21.219,520316,0
2014-12-22,21.2,21.455,21.004,21.445,144039,0
2014-12-23,21.661,21.818,21.513,21.719,72670,0
2014-12-24,21.71,22.033,21.622,21.954,53710,0
2014-12-26,21.876,22.18,21.808,21.916,55963,0
2014-12-29,21.886,22.043,21.758,21.847,74477,0
2014-12-30,21.808,22.033,21.651,21.886,92741,0
2014-12-31,21.994,22.288,21.896,21.935,103834,0
2015-01-02,22.092,22.219,21.162,21.484,92604,0
2015-01-05,21.358,21.484,20.68,20.755,148873,0
2015-01-06,20.75,20.809,20.076,20.425,128517,0
2015-01-07,20.621,20.71,20.27,20.613,135400,0
2015-01-08,20.584,21.132,20.535,21.122,168944,0
2015-01-09,21.063,21.063,20.76,20.975,112885,0
2015-01-12,20.906,21.004,20.565,20.935,147532,0
2015-01-13,21.014,21.543,20.935,21.348,146365,0
2015-01-14,21.024,21.523,21.024,21.367,99062,0
2015-01-15,21.367,21.367,20.575,20.868,92803,0
2015-01-16,20.799,21.503,20.799,21.484,130827,0
2015-01-20,21.484,21.543,20.975,21.181,149763,0
2015-01-21,21.113,21.367,21.004,21.162,118115,0
2015-01-22,21.259,22.141,21.162,22.072,140401,0
2015-01-23,21.935,22.209,21.778,22.014,105037,0
2015-01-26,22.062,22.386,21.896,22.327,79214,0
2015-01-27,22.072,22.425,21.788,22.366,85632,0
2015-01-28,22.366,22.434,21.612,21.768,138544,0
2015-01-29,21.838,22.111,21.563,22.092,115799,0
2015-01-30,21.856,22.092,21.338,21.367,140690,0
2015-02-02,21.828,22.131,21.387,22.102,97242,0
2015-02-03,22.053,22.895,22.023,22.808,259308,0
2015-02-04,22.708,23.463,22.708,23.111,185396,0
2015-02-05,23.278,23.295,22.818,23.198,120033,0
2015-02-06,22.788,23.405,22.289,22.738,218642,0
2015-02-09,22.856,22.856,22.092,22.199,134704,0
2015-02-10,22.366,22.493,21.964,22.386,86183,0
2015-02-11,22.307,22.464,22.048,22.434,88715,0
2015-02-12,22.63,23.013,22.611,22.924,89351,0
2015-02-13,22.924,23.023,22.758,22.895,88989,0
2015-02-17,23.023,23.023,22.625,22.67,94737,0
2015-02-18,22.611,22.895,22.592,22.778,114091,0
2015-02-19,22.689,23.023,22.689,22.963,78126,0
2015-02-20,22.914,23.258,22.718,23.258,99818,0
2015-02-23,23.268,23.365,22.993,23.12,246223,0
2015-02-24,23.189,23.415,23.149,23.385,124390,0
2015-02-25,23.434,23.444,22.934,23.13,90157,0
2015-02-26,23.315,23.315,22.953,23.092,176727,0
2015-02-27,23.268,23.365,22.004,22.053,331236,0
2015-03-02,22.023,22.708,21.778,22.601,242528,0
2015-03-03,22.483,22.67,21.847,22.053,409418,0
2015-03-04,21.876,22.17,21.641,21.838,121366,0
2015-03-05,21.828,21.944,21.455,21.778,87885,0
2015-03-06,21.543,21.838,21.249,21.474,80842,0
2015-03-09,21.493,21.603,21.328,21.474,64408,0
2015-03-10,21.073,21.464,21.073,21.348,90234,0
2015-03-11,21.162,21.493,21.162,21.435,107893,0
2015-03-12,21.651,22.053,21.503,21.974,116976,0
2015-03-13,21.974,21.974,21.338,21.7,107075,0
2015-03-16,21.886,22.053,21.758,21.994,67573,0
2015-03-17,21.866,22.033,21.69,21.808,121161,0
2015-03-18,21.553,22.053,21.543,22.053,80842,0
2015-03-19,21.944,22.043,21.68,21.994,83598,0
2015-03-20,22.053,23.149,21.935,22.953,641740,0
2015-03-23,22.846,23.159,22.758,23.043,88090,0
2015-03-24,23.023,23.12,22.904,23.033,110852,0
2015-03-25,23.092,23.405,22.904,23.023,255593,0
2015-03-26,22.875,23.072,22.798,23.043,76556,0
2015-03-27,22.993,23.355,22.64,23.278,109014,0
2015-03-30,23.434,24.247,23.415,24.208,183018,0
2015-03-31,24.001,24.12,23.59,24.031,169543,0
2015-04-01,23.982,23.982,23.258,23.355,195574,0
2015-04-02,23.297,23.513,23.268,23.365,111670,0
2015-04-06,23.208,23.541,23.208,23.326,93092,0
2015-04-07,23.317,23.483,23.033,23.063,103124,0
2015-04-08,23.12,23.385,23.033,23.198,148721,0
2015-04-09,23.336,23.513,22.601,22.993,70410,0
2015-04-10,23.149,23.463,23.149,23.365,58692,0
2015-04-13,23.365,23.806,23.208,23.355,102381,0
2015-04-14,23.355,23.875,23.179,23.69,75024,0
2015-04-15,23.826,24.335,23.67,24.061,105061,0
2015-04-16,24.001,24.051,23.746,23.776,117174,0
2015-04-17,23.326,23.513,22.953,23.111,92887,0
2015-04-20,23.268,23.945,23.218,23.728,118015,0
2015-04-21,23.895,24.021,23.62,23.865,88409,0
2015-04-22,23.895,24.071,23.463,24.021,70814,0
2015-04-23,23.945,24.658,23.945,24.394,164135,0
2015-04-24,24.492,24.492,24.11,24.16,109338,0
2015-04-27,24.267,24.599,23.66,24.08,160256,0
2015-04-28,24.169,24.522,23.991,24.443,101181,0
2015-04-29,24.316,24.316,23.875,24.031,76147,0
2015-04-30,23.855,24.1,23.288,23.483,210782,0
2015-05-01,23.532,23.816,23.082,23.66,100645,0
2015-05-04,23.69,23.875,23.561,23.728,94725,0
2015-05-05,23.561,23.756,23.198,23.355,98298,0
2015-05-06,23.278,23.675,23.198,23.65,152845,0
2015-05-07,23.288,23.288,20.985,22.307,720628,0
2015-05-08,22.64,22.64,22.131,22.298,133309,0
2015-05-11,22.209,22.66,22.189,22.298,149131,0
2015-05-12,22.131,22.347,21.866,22.337,187169,0
2015-05-13,22.337,22.738,22.043,22.728,163883,0
2015-05-14,22.856,23.013,22.543,22.934,142700,0
2015-05-15,22.758,22.885,22.444,22.67,67311,0
2015-05-18,22.553,23.179,22.454,23.179,115212,0
2015-05-19,22.91,23.317,22.91,23.14,100120,0
2015-05-20,23.208,23.855,22.91,23.796,231455,0
2015-05-21,23.796,23.855,23.307,23.69,247938,0
2015-05-22,23.62,23.855,23.395,23.816,144639,0
2015-05-26,23.59,23.796,23.483,23.746,300583,0
2015-05-27,23.65,24.061,23.551,23.915,243038,0
2015-05-28,23.935,23.935,23.605,23.816,157962,0
2015-05-29,23.796,23.935,23.023,23.189,442899,0
2015-06-01,23.434,23.59,22.856,23.345,115924,0
2015-06-02,23.238,23.61,23.065,23.425,113575,0
2015-06-03,23.444,23.738,23.238,23.62,168831,0
2015-06-04,23.415,23.581,23.082,23.198,68796,0
2015-06-05,23.13,23.453,22.875,23.355,69513,0
2015-06-08,23.288,23.59,23.111,23.425,149437,0
2015-06-09,23.385,23.493,23.033,23.218,82931,0
2015-06-10,23.297,23.868,23.179,23.672,161789,0
2015-06-11,23.749,23.838,23.533,23.622,61500,0
2015-06-12,23.445,23.799,23.416,23.622,52222,0
2015-06-15,23.464,23.464,22.982,23.179,140716,0
2015-06-16,23.159,23.445,23.091,23.189,112369,0
2015-06-17,23.346,23.356,22.816,22.972,109220,0
2015-06-18,23.062,23.337,23.012,23.149,117653,0
2015-06-19,23.14,23.218,22.972,22.982,232258,0
2015-06-22,23.198,23.346,22.942,23.002,117145,0
2015-06-23,22.962,22.992,22.608,22.736,134229,0
2015-06-24,22.686,22.992,22.57,22.677,113996,0
2015-06-25,22.816,22.883,22.352,22.57,124054,0
2015-06-26,22.647,22.893,22.156,22.431,537364,0
2015-06-29,22.303,22.962,22.018,22.037,212547,0
2015-06-30,22.313,22.604,22.097,22.166,290427,0
2015-07-01,22.391,22.923,22.294,22.49,135128,0
2015-07-02,22.333,22.617,22.116,22.391,117450,0
2015-07-06,22.166,22.5,22.116,22.421,125985,0
2015-07-07,22.401,22.401,21.948,22.264,113996,0
2015-07-08,21.939,22.284,21.555,21.761,482703,0
2015-07-09,22.116,22.264,21.831,21.89,115215,0
2015-07-10,22.097,22.303,21.929,22.274,87376,0
2015-07-13,22.382,22.913,22.264,22.816,144882,0
2015-07-14,22.816,22.933,22.55,22.58,63828,0
2015-07-15,22.53,22.786,22.077,22.166,85305,0
2015-07-16,22.303,22.53,22.106,22.175,142850,0
2015-07-17,22.264,22.617,22.126,22.55,127914,0
2015-07-20,22.56,22.736,22.352,22.657,87376,0
2015-07-21,22.637,22.873,22.146,22.274,130862,0
2015-07-22,22.204,22.657,22.156,22.647,100889,0
2015-07-23,22.637,22.686,22.224,22.244,115519,0
2015-07-24,22.244,22.284,21.654,21.801,112877,0
2015-07-27,21.703,21.851,21.575,21.771,157175,0
2015-07-28,21.91,22.194,21.378,22.018,139192,0
2015-07-29,21.958,22.146,21.929,21.978,144577,0
2015-07-30,21.86,22.175,21.771,22.008,126797,0
2015-07-31,22.077,22.303,21.654,21.841,205232,0
2015-08-03,21.89,21.89,21.289,21.535,136148,0
2015-08-04,21.486,21.87,21.447,21.476,120092,0
2015-08-05,21.683,21.88,21.466,21.614,144171,0
2015-08-06,21.132,22.627,21.132,22.45,329423,0
2015-08-07,22.254,22.776,22.116,22.343,150978,0
2015-08-10,22.49,22.816,22.294,22.56,174346,0
2015-08-11,22.343,22.657,22.284,22.647,128892,0
2015-08-12,22.352,22.726,22.254,22.56,92964,0
2015-08-13,22.598,22.826,22.323,22.52,101702,0
2015-08-14,22.431,22.864,22.431,22.864,73152,0
2015-08-17,22.776,22.826,22.362,22.637,158293,0
2015-08-18,22.637,22.756,22.47,22.677,137770,0
2015-08-19,22.637,22.647,22.294,22.323,133808,0
2015-08-20,22.087,22.352,21.89,21.929,130556,0
2015-08-21,21.644,21.91,21.162,21.329,204318,0
2015-08-24,20.176,20.974,19.818,20.079,201669,0
2015-08-25,20.768,20.768,19.381,19.527,175667,0
2015-08-26,19.99,20.04,19.547,19.813,287631,0
2015-08-27,20.01,20.422,19.597,20.403,148642,0
2015-08-28,20.236,20.452,20.05,20.186,131470,0
2015-08-31,20.109,20.492,20.089,20.355,128727,0
2015-09-01,19.873,20.276,19.468,19.497,150978,0
2015-09-02,19.744,19.98,19.488,19.813,152198,0
2015-09-03,19.793,19.97,19.607,19.645,117958,0
2015-09-04,19.361,19.675,19.193,19.381,150368,0
2015-09-08,19.685,19.704,19.361,19.547,157887,0
2015-09-09,19.685,20.01,19.381,19.685,239471,0
2015-09-10,19.665,19.813,19.39,19.567,73304,0
2015-09-11,19.459,19.853,19.281,19.823,135839,0
2015-09-14,19.823,19.873,19.381,19.617,134316,0
2015-09-15,19.675,20.166,19.627,20.0,120092,0
2015-09-16,20.069,20.336,19.96,20.266,80468,0
2015-09-17,20.206,20.499,20.079,20.196,83007,0
2015-09-18,19.843,20.059,19.537,19.636,350419,0
2015-09-21,19.803,20.0,19.587,19.774,112777,0
2015-09-22,19.567,19.597,19.222,19.439,107391,0
2015-09-23,19.439,19.517,19.105,19.321,138121,0
2015-09-24,19.125,19.281,18.936,19.241,173688,0
2015-09-25,19.429,19.636,19.125,19.331,188266,0
2015-09-28,19.281,19.507,19.143,19.439,218334,0
2015-09-29,19.478,19.478,18.7,18.819,228804,0
2015-09-30,19.025,19.183,18.859,19.075,103328,0
2015-10-01,19.065,19.143,18.7,18.888,136246,0
2015-10-02,18.73,19.291,18.554,19.261,111456,0
2015-10-05,19.311,19.99,19.311,19.97,97214,0
2015-10-06,19.96,20.196,19.675,19.714,111760,0
2015-10-07,19.793,20.326,19.793,20.306,74100,0
2015-10-08,20.226,21.043,20.226,21.004,133198,0
2015-10-09,21.024,21.063,20.562,20.572,115926,0
2015-10-12,20.592,21.083,20.393,20.768,79579,0
2015-10-13,20.62,20.808,20.316,20.326,52120,0
2015-10-14,20.286,20.412,19.95,20.0,87784,0
2015-10-15,20.109,20.738,19.98,20.738,90220,0
2015-10-16,20.808,21.122,20.276,20.886,131166,0
2015-10-19,20.718,20.944,20.601,20.905,71257,0
2015-10-20,20.857,21.26,20.688,20.788,82397,0
2015-10-21,20.896,20.896,20.128,20.138,124562,0
2015-10-22,20.316,20.934,20.109,20.778,129743,0
2015-10-23,21.034,21.181,20.738,21.162,60757,0
2015-10-26,21.162,21.22,20.837,20.857,80060,0
2015-10-27,20.768,20.768,20.256,20.462,98553,0
2015-10-28,20.552,21.122,20.316,20.934,179527,0
2015-10-29,20.857,20.934,20.412,20.562,222606,0
2015-10-30,20.512,20.668,20.128,20.147,189890,0
2015-11-02,20.099,21.88,19.311,21.349,315584,0
2015-11-03,21.113,22.617,20.905,22.362,270920,0
2015-11-04,22.382,24.193,22.382,24.094,307984,0
2015-11-05,24.035,24.035,23.454,24.015,215392,0
2015-11-06,23.898,24.114,23.032,23.848,244450,0
2015-11-09,23.829,24.174,23.583,23.966,179755,0
2015-11-10,23.838,24.174,22.992,24.055,178919,0
2015-11-11,24.055,24.636,23.858,24.252,259183,0
2015-11-12,24.144,24.174,23.268,23.652,230124,0
2015-11-13,23.612,23.868,23.042,23.11,226772,0
2015-11-16,23.022,23.337,23.022,23.13,233275,0
2015-11-17,23.228,23.672,23.012,23.268,162458,0
2015-11-18,23.396,23.819,23.248,23.73,191416,0
2015-11-19,23.74,23.898,23.425,23.583,147727,0
2015-11-20,23.682,24.005,23.425,23.749,169876,0
2015-11-23,23.652,24.33,23.652,24.075,151282,0
2015-11-24,23.898,24.468,23.898,24.38,139496,0
2015-11-25,24.35,24.804,24.212,24.586,148438,0
2015-11-27,24.547,24.941,24.37,24.754,104039,0
2015-11-30,24.832,24.842,24.358,24.428,144451,0
2015-12-01,24.547,24.615,23.954,24.032,189445,0
2015-12-02,23.992,24.24,23.775,23.825,124123,0
2015-12-03,23.934,23.983,23.34,23.468,186834,0
2015-12-04,23.478,24.328,23.429,24.25,166503,0
2015-12-07,24.181,24.181,23.568,23.785,130996,0
2015-12-08,23.587,24.299,23.35,24.062,277746,0
2015-12-09,23.992,24.448,23.123,23.152,209190,0
2015-12-10,23.172,23.261,22.757,23.064,367601,0
2015-12-11,22.598,23.231,22.371,22.48,350809,0
2015-12-14,22.381,23.271,22.381,23.241,323407,0
2015-12-15,23.39,23.488,22.589,23.113,172066,0
2015-12-16,23.231,23.518,22.895,23.123,133627,0
2015-12-17,23.321,23.34,22.707,22.817,147789,0
2015-12-18,22.678,22.777,22.381,22.5,393698,0
2015-12-21,22.618,22.905,22.431,22.589,105303,0
2015-12-22,22.638,22.875,22.303,22.837,121560,0
2015-12-23,22.964,23.201,22.827,22.944,115217,0
2015-12-24,23.123,23.523,22.737,23.41,103207,0
2015-12-28,23.37,23.498,23.113,23.251,140329,0
2015-12-29,23.35,23.434,23.019,23.251,223943,0
2015-12-30,23.231,23.568,23.231,23.4,103634,0
2015-12-31,23.301,23.568,22.925,22.954,168910,0
2016-01-04,22.56,22.697,21.857,21.897,139676,0
2016-01-05,22.045,22.075,21.64,21.848,111601,0
2016-01-06,21.61,21.758,21.349,21.442,68748,0
2016-01-07,21.017,21.224,20.85,20.967,139299,0
2016-01-08,21.007,21.126,20.266,20.286,167496,0
2016-01-11,20.365,20.523,19.949,20.423,142582,0
2016-01-12,20.473,20.717,19.861,20.306,137696,0
2016-01-13,20.326,20.404,19.634,19.752,192475,0
2016-01-14,19.781,20.019,19.524,19.752,109201,0
2016-01-15,19.168,19.682,18.931,19.604,196438,0
2016-01-19,19.811,19.821,19.06,19.267,142125,0
2016-01-20,19.06,19.994,18.843,19.702,122392,0
2016-01-21,19.702,20.137,19.574,19.722,113519,0
2016-01-22,20.276,20.725,19.772,20.543,139917,0
2016-01-25,20.296,20.68,20.049,20.088,143136,0
2016-01-26,20.216,20.75,20.216,20.68,101605,0
2016-01-27,20.543,20.66,20.078,20.206,109983,0
2016-01-28,20.433,20.473,20.053,20.206,63032,0
2016-01-29,20.286,21.324,20.286,21.284,217007,0
2016-02-01,21.156,21.244,20.75,20.947,90673,0
2016-02-02,20.74,21.047,20.573,20.641,62368,0
2016-02-03,20.83,21.067,20.316,20.8,76326,0
2016-02-04,20.71,21.175,20.631,20.7,77921,0
2016-02-05,20.613,20.75,19.929,19.979,116861,0
2016-02-08,19.811,20.331,19.524,20.236,95523,0
2016-02-09,20.009,20.375,19.722,19.871,106717,0
2016-02-10,20.049,20.76,20.049,20.156,88136,0
2016-02-11,19.762,20.355,19.762,20.226,56091,0
2016-02-12,20.483,20.651,20.118,20.404,66701,0
2016-02-16,20.631,20.86,20.384,20.7,81245,0
2016-02-17,20.86,21.166,20.453,20.72,155456,0
2016-02-18,20.68,20.76,19.772,20.613,111481,0
2016-02-19,20.563,20.8,20.318,20.73,125593,0
2016-02-22,20.899,21.244,20.72,21.146,91061,0
2016-02-23,21.175,21.531,21.107,21.107,78582,0
2016-02-24,20.84,22.55,20.84,22.164,224924,0
2016-02-25,22.56,24.477,22.54,24.141,301252,0
2016-02-26,24.052,24.715,24.022,24.665,241354,0
2016-02-29,24.685,25.555,24.477,24.537,278323,0
2016-03-01,24.872,25.831,24.872,25.219,176578,0
2016-03-02,25.041,25.228,24.744,24.971,134358,0
2016-03-03,24.971,25.505,24.971,25.09,165419,0
2016-03-04,24.971,25.308,24.438,25.011,143015,0
2016-03-07,24.932,25.594,24.912,25.545,177927,0
2016-03-08,25.456,25.456,24.556,25.1,190379,0
2016-03-09,25.189,25.337,24.962,25.061,146528,0
2016-03-10,25.228,25.228,24.724,24.902,122311,0
2016-03-11,25.09,25.189,24.794,24.981,234155,0
2016-03-14,25.061,26.178,24.877,25.811,282253,0
2016-03-15,25.594,25.732,25.139,25.179,116048,0
2016-03-16,25.061,25.931,25.061,25.742,95106,0
2016-03-17,25.673,26.592,25.673,26.325,155917,0
2016-03-18,26.513,27.176,26.365,26.849,385542,0
2016-03-21,26.692,27.196,26.305,26.799,223899,0
2016-03-22,26.722,27.571,26.612,27.057,168354,0
2016-03-23,27.067,27.067,26.256,26.385,223526,0
2016-03-24,26.296,26.712,26.296,26.622,87552,0
2016-03-28,26.592,26.742,26.325,26.465,100321,0
2016-03-29,26.395,27.7,26.395,27.7,158852,0
2016-03-30,27.828,27.957,27.216,27.483,106307,0
2016-03-31,27.503,27.838,27.373,27.68,176614,0
2016-04-01,27.512,27.957,27.344,27.878,109230,0
2016-04-04,27.927,27.947,26.829,26.879,225251,0
2016-04-05,26.692,27.358,26.523,26.612,196832,0
2016-04-06,26.523,26.682,26.296,26.602,265069,0
2016-04-07,26.296,26.879,25.96,26.049,367615,0
2016-04-08,26.168,26.949,26.078,26.455,292361,0
2016-04-11,26.632,26.998,26.228,26.246,168093,0
2016-04-12,26.246,26.751,26.246,26.325,165121,0
2016-04-13,26.355,27.086,26.355,27.047,231414,0
2016-04-14,27.008,27.503,26.41,27.275,175486,0
2016-04-15,27.136,27.285,26.829,26.959,89767,0
2016-04-18,26.929,27.067,26.819,26.939,107386,0
2016-04-19,27.096,27.216,26.582,26.582,132406,0
2016-04-20,26.662,26.989,26.445,26.829,102526,0
2016-04-21,26.829,27.106,26.622,26.692,146879,0
2016-04-22,26.732,27.433,26.732,27.226,138026,0
2016-04-25,27.076,27.076,26.095,26.266,116967,0
2016-04-26,26.395,26.761,26.325,26.742,247985,0
2016-04-27,26.672,27.126,26.533,26.899,168637,0
2016-04-28,26.702,26.979,26.128,26.198,90725,0
2016-04-29,26.276,26.622,25.901,26.218,249248,0
2016-05-02,26.335,26.652,26.068,26.513,138660,0
2016-05-03,26.325,26.485,25.821,25.901,87246,0
2016-05-04,25.831,26.168,25.174,25.357,264017,0
2016-05-05,25.634,27.818,25.624,27.69,200296,0
2016-05-06,27.512,27.838,27.309,27.68,242988,0
2016-05-09,27.68,27.854,27.285,27.473,249206,0
2016-05-10,27.433,28.282,27.304,27.927,139448,0
2016-05-11,27.917,27.967,27.275,27.275,100903,0
2016-05-12,27.353,27.571,26.959,27.028,112014,0
2016-05-13,26.929,28.125,26.929,27.532,132776,0
2016-05-16,27.383,28.244,27.324,27.947,180298,0
2016-05-17,27.947,27.947,26.692,26.929,184299,0
2016-05-18,26.751,27.236,26.552,26.989,160029,0
2016-05-19,26.712,27.067,26.276,26.632,104450,0
2016-05-20,26.819,27.246,26.652,27.057,99137,0
2016-05-23,27.047,27.265,26.692,26.959,84997,0
2016-05-24,27.186,27.898,27.186,27.818,106450,0
2016-05-25,27.917,28.115,27.71,27.848,97557,0
2016-05-26,27.73,28.055,27.433,27.483,130444,0
2016-05-27,27.561,27.788,27.393,27.621,175860,0
2016-05-31,27.621,27.621,26.819,27.126,247035,0
2016-06-01,27.096,27.848,26.919,27.72,100674,0
2016-06-02,27.532,27.591,27.047,27.581,84934,0
2016-06-03,27.571,27.571,27.086,27.353,67112,0
2016-06-06,27.304,27.531,27.076,27.196,148208,0
2016-06-07,27.166,27.443,27.038,27.166,82538,0
2016-06-08,27.236,27.607,27.106,27.543,91503,0
2016-06-09,27.354,27.553,27.086,27.474,53294,0
2016-06-10,27.166,27.305,26.888,26.938,38168,0
2016-06-13,26.838,26.908,26.382,26.462,70225,0
2016-06-14,26.462,26.462,25.736,26.084,134628,0
2016-06-15,26.292,26.367,25.806,25.826,106478,0
2016-06-16,25.588,25.866,25.38,25.776,101081,0
2016-06-17,25.866,25.955,25.538,25.658,223052,0
2016-06-20,26.014,26.347,25.946,26.024,103457,0
2016-06-21,26.064,26.307,25.717,25.836,79978,0
2016-06-22,25.946,26.204,25.776,25.965,101008,0
2016-06-23,26.252,26.68,26.252,26.66,77826,0
2016-06-24,25.399,26.645,25.399,26.074,218886,0
2016-06-27,25.846,26.342,25.608,25.994,342951,0
2016-06-28,26.262,26.462,25.697,25.707,132951,0
2016-06-29,26.014,26.452,25.984,26.352,86923,0
2016-06-30,26.352,27.315,26.272,27.305,148992,0
2016-07-01,27.394,27.633,26.958,27.037,90673,0
2016-07-05,26.958,26.958,26.54,26.759,73130,0
2016-07-06,26.759,26.888,26.302,26.858,67909,0
2016-07-07,26.828,26.997,26.54,26.64,97440,0
2016-07-08,26.798,27.275,26.68,27.216,206261,0
2016-07-11,27.226,27.95,27.067,27.662,93596,0
2016-07-12,27.801,28.189,27.682,27.97,83668,0
2016-07-13,28.159,28.486,27.95,28.208,143285,0
2016-07-14,28.486,28.486,27.702,27.781,61060,0
2016-07-15,28.0,28.228,27.753,27.901,98959,0
2016-07-18,27.811,27.94,27.523,27.633,88992,0
2016-07-19,27.722,27.752,27.325,27.345,105650,0
2016-07-20,27.335,27.335,26.968,27.007,160111,0
2016-07-21,26.908,26.968,26.154,26.322,114662,0
2016-07-22,26.292,26.655,26.064,26.342,71950,0
2016-07-25,26.332,26.456,26.269,26.352,48777,0
2016-07-26,26.342,26.6,26.214,26.392,70717,0
2016-07-27,26.53,26.54,26.272,26.352,142510,0
2016-07-28,26.272,26.589,26.242,26.402,81288,0
2016-07-29,26.392,26.511,26.184,26.272,73798,0
2016-08-01,26.174,26.462,25.926,26.272,105420,0
2016-08-02,26.292,26.59,25.936,26.124,91890,0
2016-08-03,26.054,26.154,25.896,26.104,79211,0
2016-08-04,26.252,26.272,25.136,25.558,170170,0
2016-08-05,25.558,26.59,25.558,26.442,142228,0
2016-08-08,26.501,27.086,26.392,27.047,130282,0
2016-08-09,27.086,27.226,26.828,27.027,105028,0
2016-08-10,27.067,27.176,26.908,27.146,80770,0
2016-08-11,27.255,27.578,26.997,27.364,80293,0
2016-08-12,27.226,27.226,26.858,27.017,40237,0
2016-08-15,26.838,27.335,26.838,27.116,74449,0
2016-08-16,27.086,27.236,26.818,26.838,64224,0
2016-08-17,26.908,27.285,26.64,27.027,75588,0
2016-08-18,27.106,27.434,27.007,27.354,65921,0
2016-08-19,27.345,27.563,26.853,27.454,110104,0
2016-08-22,27.315,27.523,27.067,27.484,58943,0
2016-08-23,27.494,27.791,26.908,27.662,47374,0
2016-08-24,27.642,27.891,27.513,27.771,72780,0
2016-08-25,27.573,27.851,27.464,27.712,59943,0
2016-08-26,27.742,27.871,27.295,27.484,33054,0
2016-08-29,27.523,27.841,27.474,27.761,36291,0
2016-08-30,27.801,27.96,27.633,27.96,46625,0
2016-08-31,27.92,28.347,27.503,28.099,154063,0
2016-09-01,28.0,28.447,27.791,28.417,79958,0
2016-09-02,28.437,28.783,28.437,28.773,125763,0
2016-09-06,28.843,28.933,28.347,28.823,85552,0
2016-09-07,28.773,28.843,28.496,28.595,62660,0
2016-09-08,28.585,28.585,27.692,27.821,78518,0
2016-09-09,27.543,27.543,26.66,26.67,136317,0
2016-09-12,26.64,27.384,26.312,27.384,187869,0
2016-09-13,27.096,27.246,26.918,27.037,110447,0
2016-09-14,27.136,27.156,26.905,27.096,81669,0
2016-09-15,27.146,27.553,27.057,27.345,45199,0
2016-09-16,27.494,27.95,27.042,27.95,204476,0
2016-09-19,28.169,28.437,27.94,28.139,85040,0
2016-09-20,28.189,28.506,28.099,28.198,157018,0
2016-09-21,28.248,28.59,28.039,28.337,85931,0
2016-09-22,28.397,28.745,28.397,28.585,86606,0
2016-09-23,28.506,28.635,28.149,28.198,95921,0
2016-09-26,27.99,28.208,27.662,27.821,70966,0
2016-09-27,27.861,28.189,27.752,28.109,64617,0
2016-09-28,28.169,28.277,27.93,28.139,67527,0
2016-09-29,28.129,28.307,27.99,28.01,54006,0
2016-09-30,28.198,28.803,28.079,28.585,122829,0
2016-10-03,28.506,29.003,28.407,28.953,100881,0
2016-10-04,28.893,29.757,28.893,29.677,184013,0
2016-10-05,29.826,30.57,29.637,30.253,129550,0
2016-10-06,30.283,30.521,29.983,30.501,109585,0
2016-10-07,30.412,30.412,29.31,29.369,248389,0
2016-10-10,29.379,29.876,29.379,29.727,44274,0
2016-10-11,29.727,29.866,29.131,29.28,108116,0
2016-10-12,29.231,30.124,29.181,29.379,59235,0
2016-10-13,29.28,29.28,28.833,29.081,65508,0
2016-10-14,29.28,29.479,29.032,29.131,57995,0
2016-10-17,29.032,29.131,28.685,29.081,63291,0
2016-10-18,29.379,29.627,28.883,28.983,103449,0
2016-10-19,29.081,29.081,28.451,28.635,93077,0
2016-10-20,28.337,28.933,28.287,28.685,66419,0
2016-10-21,28.387,29.379,28.387,29.28,90526,0
2016-10-24,29.529,29.876,29.032,29.578,115503,0
2016-10-25,29.578,29.578,28.933,29.329,133994,0
2016-10-26,29.081,29.329,28.685,28.933,144455,0
2016-10-27,29.032,29.329,28.833,29.28,109061,0
2016-10-28,29.181,29.379,29.032,29.231,95192,0
2016-10-31,29.379,29.777,28.933,29.727,155605,0
2016-11-01,29.876,29.96,28.337,28.833,149414,0
2016-11-02,28.833,29.061,28.337,28.337,116296,0
2016-11-03,28.535,28.535,27.246,27.345,188941,0
2016-11-04,27.295,28.595,27.295,27.345,156658,0
2016-11-07,27.891,28.287,27.692,28.139,95693,0
2016-11-08,28.039,28.486,27.866,28.139,79802,0
2016-11-09,28.139,29.876,27.94,29.578,151287,0
2016-11-10,29.727,30.372,29.081,30.149,252707,0
2016-11-11,30.173,31.96,30.173,31.96,279420,0
2016-11-14,32.01,32.853,31.96,32.804,207896,0
2016-11-15,33.25,33.25,31.96,32.06,164359,0
2016-11-16,32.01,32.158,31.712,32.158,124080,0
2016-11-17,32.357,32.754,32.357,32.605,106872,0
2016-11-18,32.754,32.804,32.456,32.556,149719,0
2016-11-21,32.655,32.903,32.357,32.655,156548,0
2016-11-22,32.704,32.854,32.382,32.804,167792,0
2016-11-23,32.655,33.3,32.605,33.151,114553,0
2016-11-25,33.201,33.647,32.903,33.647,49134,0
2016-11-28,33.449,33.524,32.977,33.25,108510,0
2016-11-29,33.25,33.25,31.762,32.953,147306,0
2016-11-30,33.232,33.381,32.434,32.783,119486,0
2016-12-01,32.933,33.381,32.235,32.584,108723,0
2016-12-02,32.484,32.584,32.036,32.385,93656,0
2016-12-05,32.634,33.281,32.235,32.733,145235,0
2016-12-06,32.683,32.833,32.285,32.634,163913,0
2016-12-07,32.484,32.683,32.326,32.584,177284,0
2016-12-08,32.534,32.883,32.434,32.833,220140,0
2016-12-09,32.833,33.281,32.634,32.933,262457,0
2016-12-12,32.982,33.281,32.683,32.933,231744,0
2016-12-13,32.933,33.381,32.484,32.584,167527,0
2016-12-14,32.484,33.132,32.434,32.484,130962,0
2016-12-15,32.584,32.883,32.135,32.634,165342,0
2016-12-16,32.733,33.182,32.434,32.584,296407,0
2016-12-19,32.534,33.082,32.135,32.634,156228,0
2016-12-20,32.982,33.381,32.833,33.381,195286,0
2016-12-21,33.232,33.53,32.933,32.982,94470,0
2016-12-22,32.982,33.506,32.683,32.683,105997,0
2016-12-23,32.833,33.132,32.733,33.132,66414,0
2016-12-27,33.232,33.78,33.182,33.58,82223,0
2016-12-28,33.68,33.73,33.082,33.281,82200,0
2016-12-29,33.381,33.63,33.182,33.431,57913,0
2016-12-30,33.63,33.63,32.783,32.933,100291,0
2017-01-03,33.331,33.58,32.833,33.232,127313,0
2017-01-04,33.331,34.042,33.132,33.979,137989,0
2017-01-05,33.929,33.979,32.584,32.982,140215,0
2017-01-06,33.032,33.281,32.534,32.584,70817,0
2017-01-09,32.385,33.082,32.135,32.683,249063,0
2017-01-10,32.833,33.331,32.484,33.281,177467,0
2017-01-11,33.182,33.63,32.933,33.63,133331,0
2017-01-12,33.232,33.381,31.936,32.484,118280,0
2017-01-13,32.634,33.182,32.634,32.783,113831,0
2017-01-17,32.484,32.484,31.849,32.285,111010,0
2017-01-18,32.185,32.385,31.886,32.086,100766,0
2017-01-19,32.185,32.484,31.886,32.135,110757,0
2017-01-20,32.185,32.933,32.086,32.584,113807,0
2017-01-23,32.385,32.783,32.335,32.683,115866,0
2017-01-24,32.883,33.879,32.883,33.78,105219,0
2017-01-25,34.128,34.876,34.029,34.527,119463,0
2017-01-26,34.427,34.826,34.128,34.726,116907,0
2017-01-27,34.726,34.926,34.577,34.876,156883,0
2017-01-30,34.477,34.527,33.73,33.78,135039,0
2017-01-31,33.58,33.904,33.207,33.829,120056,0
2017-02-01,34.029,34.079,33.381,33.78,87952,0
2017-02-02,33.78,33.78,33.281,33.381,100752,0
2017-02-03,33.381,33.879,33.331,33.879,87986,0
2017-02-06,33.78,33.854,33.431,33.481,101630,0
2017-02-07,33.53,33.879,33.331,33.879,97454,0
2017-02-08,33.63,33.979,33.481,33.829,78398,0
2017-02-09,33.979,34.377,33.929,34.228,107790,0
2017-02-10,34.427,34.627,33.879,34.228,122470,0
2017-02-13,34.377,34.876,34.377,34.876,143824,0
2017-02-14,34.627,34.627,34.029,34.328,81797,0
2017-02-15,34.079,34.79,34.029,34.477,122179,0
2017-02-16,34.577,34.876,34.128,34.826,101653,0
2017-02-17,34.876,34.876,34.128,34.228,163126,0
2017-02-21,34.228,34.826,34.153,34.527,135832,0
2017-02-22,34.377,34.427,33.481,34.278,165372,0
2017-02-23,32.385,34.153,29.993,31.837,521932,0
2017-02-24,34.676,34.676,32.982,34.377,292437,0
2017-02-27,34.328,34.377,33.68,34.029,169183,0
2017-02-28,33.879,33.929,33.132,33.53,169539,0
2017-03-01,33.979,35.224,33.979,35.175,235645,0
2017-03-02,35.075,35.523,34.876,35.424,257059,0
2017-03-03,35.374,35.723,34.926,35.175,209755,0
2017-03-06,34.876,35.075,34.228,34.676,267971,0
2017-03-07,34.477,34.975,34.328,34.776,209089,0
2017-03-08,34.876,35.03,34.427,34.726,176201,0
2017-03-09,34.726,34.95,34.527,34.826,147941,0
2017-03-10,35.025,35.374,34.676,35.274,173819,0
2017-03-13,35.274,35.548,35.15,35.224,140089,0
2017-03-14,34.975,35.374,34.776,35.224,127099,0
2017-03-15,35.474,36.171,35.224,36.071,199506,0
2017-03-16,36.071,36.47,36.022,36.42,149785,0
2017-03-17,36.47,36.918,36.171,36.869,344734,0
2017-03-20,36.719,36.968,36.321,36.57,134977,0
2017-03-21,36.819,36.819,35.673,35.772,215275,0
2017-03-22,35.623,35.872,35.324,35.474,157194,0
2017-03-23,35.474,36.321,35.424,36.221,118344,0
2017-03-24,36.37,36.619,35.772,36.121,179901,0
2017-03-27,35.573,35.772,34.876,34.926,167716,0
2017-03-28,34.776,35.06,34.577,34.676,186672,0
2017-03-29,34.577,35.075,34.278,34.826,120755,0
2017-03-30,34.876,35.175,34.776,35.125,117793,0
2017-03-31,35.075,35.523,34.926,35.224,122637,0
2017-04-03,35.175,35.324,33.73,34.228,232248,0
2017-04-04,34.178,34.826,34.178,34.627,141829,0
2017-04-05,34.776,35.274,33.979,34.079,119187,0
2017-04-06,34.128,34.627,33.929,34.278,87843,0
2017-04-07,34.178,34.477,34.029,34.178,159079,0
2017-04-10,34.178,34.676,33.879,34.278,62736,0
2017-04-11,34.128,35.175,34.029,35.125,95196,0
2017-04-12,35.025,35.075,34.079,34.178,100699,0
2017-04-13,34.029,34.328,33.78,33.829,93735,0
2017-04-17,33.979,34.577,33.879,34.527,95543,0
2017-04-18,34.278,34.676,34.278,34.477,96763,0
2017-04-19,34.627,34.876,34.477,34.776,100403,0
2017-04-20,34.926,35.847,34.926,35.723,101527,0
2017-04-21,35.623,36.37,35.324,36.071,176707,0
2017-04-24,36.719,36.869,36.42,36.619,93735,0
2017-04-25,36.869,37.616,36.819,36.869,119074,0
2017-04-26,36.918,37.616,36.37,37.118,220435,0
2017-04-27,37.217,37.466,36.893,37.168,139312,0
2017-04-28,37.118,37.516,36.47,36.52,120470,0
2017-05-01,36.57,37.317,36.37,37.317,135348,0
2017-05-02,37.317,37.566,37.018,37.367,122088,0
2017-05-03,37.168,37.267,36.769,37.068,95138,0
2017-05-04,37.118,37.566,36.669,37.118,119195,0
2017-05-05,37.367,37.417,35.972,36.121,188581,0
2017-05-08,36.071,36.819,35.922,36.769,131540,0
2017-05-09,36.819,37.068,36.37,36.819,151963,0
2017-05-10,36.769,36.968,36.321,36.42,90755,0
2017-05-11,36.321,36.819,35.972,36.619,76056,0
2017-05-12,36.47,36.669,36.171,36.171,91286,0
2017-05-15,36.171,36.719,36.171,36.47,86215,0
2017-05-16,36.47,36.669,36.071,36.52,109387,0
2017-05-17,35.822,36.42,35.324,35.324,199780,0
2017-05-18,35.374,35.872,35.175,35.374,130552,0
2017-05-19,35.424,36.819,35.424,36.52,197984,0
2017-05-22,36.719,36.869,36.221,36.669,94047,0
2017-05-23,36.819,36.819,36.121,36.52,111738,0
2017-05-24,36.619,36.918,36.121,36.769,120319,0
2017-05-25,36.918,36.918,36.121,36.321,82896,0
2017-05-26,36.171,36.619,36.121,36.42,83614,0
2017-05-30,36.271,36.42,35.872,36.022,85490,0
2017-05-31,36.171,36.221,35.623,36.047,169081,0
2017-06-01,36.121,36.669,35.922,36.619,96847,0
2017-06-02,36.619,37.616,36.47,37.168,131645,0
2017-06-05,37.168,37.289,36.719,36.769,106012,0
2017-06-06,36.47,36.669,36.221,36.47,110426,0
2017-06-07,36.5,36.65,35.925,36.1,80260,0
2017-06-08,36.15,36.95,35.9962,36.75,91864,0
2017-06-09,36.9,37.65,36.75,37.55,183337,0
2017-06-12,37.4,37.8,35.9855,37.3,150113,0
2017-06-13,37.45,38.0,37.25,37.95,143348,0
2017-06-14,37.85,38.2,37.75,38.1,120711,0
2017-06-15,37.7,38.2,37.6,37.65,96560,0
2017-06-16,37.3,37.7,37.1,37.3,221775,0
2017-06-19,37.4,37.6,37.1,37.25,125679,0
2017-06-20,37.1,37.4,36.625,36.85,85199,0
2017-06-21,36.9,36.9622,36.0999,36.15,107185,0
2017-06-22,36.25,36.35,35.8,36.1,92247,0
2017-06-23,36.0,36.25,35.85,36.2,164131,0
2017-06-26,36.25,36.25,35.8,36.05,75183,0
2017-06-27,36.05,36.5,35.65,35.65,107856,0
2017-06-28,36.0,36.3,35.68,36.3,176546,0
2017-06-29,36.4,36.85,35.85,36.4,157406,0
2017-06-30,36.45,36.95,36.1,36.85,109475,0
2017-07-03,37.0,37.2,36.75,37.0,52991,0
2017-07-05,36.95,37.3,36.8,37.05,85410,0
2017-07-06,36.8,37.2,36.55,36.6,82590,0
2017-07-07,36.9,37.55,36.75,37.2,69493,0
2017-07-10,37.1,37.6125,36.75,37.25,99953,0
2017-07-11,37.2,37.55,36.75,37.3,163305,0
2017-07-12,37.55,37.75,37.1,37.55,66201,0
2017-07-13,37.55,37.55,36.85,37.55,85506,0
2017-07-14,37.45,37.8,37.1,37.5,84577,0
2017-07-17,37.45,37.75,37.2,37.65,79543,0
2017-07-18,37.55,37.7,37.0,37.15,64876,0
2017-07-19,37.15,37.6,37.15,37.525,55334,0
2017-07-20,37.6,37.7,37.05,37.5,67090,0
2017-07-21,37.7,37.75,37.25,37.3,112542,0
2017-07-24,37.3,37.3,34.9,35.2,259691,0
2017-07-25,35.4,35.8,34.85,35.0,383985,0
2017-07-26,35.25,35.25,34.3,34.4,156052,0
2017-07-27,34.45,34.6,33.75,33.9,132238,0
2017-07-28,33.85,34.1,33.475,33.8,126526,0
2017-07-31,33.75,34.0,33.25,33.8,181018,0
2017-08-01,34.0,34.25,33.55,33.95,139780,0
2017-08-02,33.95,34.05,33.35,33.75,89116,0
2017-08-03,33.4,33.8,29.95,33.7,688466,0
2017-08-04,32.95,35.3,32.851,35.2,248511,0
2017-08-07,35.1,35.45,34.4,34.95,220148,0
2017-08-08,34.85,35.15,34.6,34.9,175956,0
2017-08-09,34.75,34.75,33.65,33.8,142467,0
2017-08-10,33.6,33.65,33.05,33.4,117644,0
2017-08-11,33.55,33.7,33.05,33.1,111124,0
2017-08-14,33.25,33.8,33.25,33.7,72868,0
2017-08-15,33.8,33.95,32.675,32.7,96084,0
2017-08-16,32.9,33.0,32.4,32.4,163084,0
2017-08-17,32.25,32.45,31.525,31.65,180516,0
2017-08-18,31.3,32.05,31.3,31.65,118746,0
2017-08-21,31.7,31.95,31.35,31.7,158102,0
2017-08-22,31.95,32.4,31.825,32.25,60142,0
2017-08-23,32.15,32.15,31.75,31.85,67309,0
2017-08-24,31.9,32.0,31.45,31.8,74328,0
2017-08-25,31.85,32.05,31.45,31.8,81401,0
2017-08-28,31.85,32.0,31.4972,31.9,124027,0
2017-08-29,31.8,32.2,31.6,32.0,126873,0
2017-08-30,31.95,32.4,31.95,32.3,106856,0
2017-08-31,32.4,32.9,32.35,32.6,96934,0
2017-09-01,32.7,32.95,32.55,32.75,89868,0
2017-09-05,32.65,33.0,32.3,32.35,105203,0
2017-09-06,32.5,32.775,32.4,32.55,108256,0
2017-09-07,32.75,32.75,31.8,31.85,126828,0
2017-09-08,31.75,32.275,31.6001,31.85,228282,0
2017-09-11,32.0,32.175,31.75,31.9,119698,0
2017-09-12,31.95,32.45,31.85,31.95,148170,0
2017-09-13,31.95,32.8,31.9,32.6,129051,0
2017-09-14,32.6,32.65,32.2,32.65,68424,0
2017-09-15,32.7,33.0,32.4,32.95,314200,0
2017-09-18,33.05,33.3499,32.75,33.15,99377,0
2017-09-19,33.15,33.2,32.9,33.2,104326,0
2017-09-20,33.1,33.85,32.39,33.45,125866,0
2017-09-21,33.55,33.7,33.2,33.325,135551,0
2017-09-22,33.15,33.6,33.1,33.3,138343,0
2017-09-25,33.25,33.5,33.05,33.4,86081,0
2017-09-26,33.45,34.0,33.35,33.7,85716,0
2017-09-27,33.9,35.2,33.8,34.95,161878,0
2017-09-28,34.95,35.025,34.45,34.85,111536,0
2017-09-29,34.9,35.0,34.4,34.475,238787,0
2017-10-02,34.5,35.15,34.3,35.15,170185,0
2017-10-03,35.2,35.5,34.75,35.45,151513,0
2017-10-04,35.4,35.6,34.95,35.35,97247,0
2017-10-05,35.4,35.4,34.95,35.15,102879,0
2017-10-06,34.95,35.55,34.8,35.45,145263,0
2017-10-09,35.45,35.75,33.0373,35.4,111739,0
2017-10-10,35.45,35.55,34.55,34.8,167612,0
2017-10-11,34.75,35.0,34.1,34.25,164340,0
2017-10-12,34.2,34.5,34.05,34.15,190054,0
2017-10-13,34.15,34.45,33.75,33.85,183352,0
2017-10-16,33.95,35.15,33.8,34.3,106172,0
2017-10-17,34.2,34.4,33.65,33.75,76359,0
2017-10-18,33.85,34.45,33.8,34.25,84206,0
2017-10-19,34.05,34.2681,33.8,34.2,96730,0
2017-10-20,34.55,35.1,34.4,34.6,134106,0
2017-10-23,34.55,35.7,34.35,34.65,120751,0
2017-10-24,34.6,35.525,34.6,35.1,162305,0
2017-10-25,35.15,35.525,34.45,34.9,117973,0
2017-10-26,35.0,35.125,34.75,34.75,73151,0
2017-10-27,34.8,35.15,34.5,34.8,101936,0
2017-10-30,34.55,34.7,33.95,34.3,176796,0
2017-10-31,34.5,35.4,34.5,35.0,183281,0
2017-11-01,35.25,35.25,34.1,34.4,118289,0
2017-11-02,34.3,34.76,34.15,34.35,139086,0
2017-11-03,34.3,34.7,33.95,34.45,151794,0
2017-11-06,34.5,34.75,34.25,34.65,107802,0
2017-11-07,34.65,34.75,34.4,34.6,180383,0
2017-11-08,34.5,35.25,34.1,34.425,102899,0
2017-11-09,34.15,34.5,33.3,33.35,150974,0
2017-11-10,33.25,34.15,33.25,33.8,134502,0
