Date,Open,High,Low,Close,Volume,OpenInt
2014-01-02,1.19,1.22,1.18,1.22,139883,0
2014-01-03,1.22,1.27,1.2,1.26,124497,0
2014-01-06,1.25,1.31,1.25,1.3,133485,0
2014-01-07,1.29,1.3,1.23,1.25,135317,0
2014-01-08,1.21,1.24,1.18,1.23,50622,0
2014-01-09,1.23,1.27,1.21,1.22,40802,0
2014-01-10,1.25,1.25,1.2,1.2,67248,0
2014-01-13,1.22,1.27,1.2,1.27,147531,0
2014-01-14,1.27,1.3,1.25,1.27,88813,0
2014-01-15,1.26,1.34,1.26,1.34,114104,0
2014-01-16,1.35,1.45,1.35,1.43,466915,0
2014-01-17,1.45,1.59,1.45,1.54,356628,0
2014-01-21,1.54,1.59,1.48,1.53,226676,0
2014-01-22,1.53,1.56,1.53,1.53,117079,0
2014-01-23,1.59,1.65,1.53,1.61,173703,0
2014-01-24,1.63,1.63,1.44,1.5,211383,0
2014-01-27,1.5,1.55,1.37,1.39,197470,0
2014-01-28,1.41,1.46,1.36,1.39,141865,0
2014-01-29,1.43,1.45,1.33,1.37,198843,0
2014-01-30,1.31,1.34,1.26,1.34,244214,0
2014-01-31,1.35,1.4,1.32,1.36,56042,0
2014-02-03,1.4,1.42,1.36,1.4,86138,0
2014-02-04,1.42,1.42,1.35,1.38,130165,0
2014-02-05,1.4,1.47,1.38,1.45,126634,0
2014-02-06,1.49,1.53,1.4,1.43,89003,0
2014-02-07,1.43,1.53,1.4,1.52,174882,0
2014-02-10,1.58,1.76,1.56,1.74,432128,0
2014-02-11,1.76,1.87,1.67,1.68,428343,0
2014-02-12,1.66,1.76,1.61,1.66,274315,0
2014-02-13,1.68,1.75,1.65,1.75,123934,0
2014-02-14,1.81,1.84,1.8,1.84,193765,0
2014-02-18,1.89,1.94,1.78,1.8,213274,0
2014-02-19,1.81,1.81,1.61,1.65,309655,0
2014-02-20,1.64,1.73,1.63,1.7,130673,0
2014-02-21,1.71,1.72,1.66,1.69,110236,0
2014-02-24,1.7,1.73,1.68,1.68,85198,0
2014-02-25,1.67,1.74,1.65,1.7,127749,0
2014-02-26,1.65,1.68,1.56,1.59,290879,0
2014-02-27,1.58,1.62,1.55,1.55,91787,0
2014-02-28,1.58,1.63,1.58,1.6,148078,0
2014-03-03,1.65,1.72,1.65,1.66,108232,0
2014-03-04,1.63,1.65,1.62,1.62,65132,0
2014-03-05,1.6,1.64,1.59,1.62,207774,0
2014-03-06,1.65,1.65,1.6,1.6,108327,0
2014-03-07,1.62,1.63,1.54,1.56,239771,0
2014-03-10,1.54,1.54,1.49,1.49,266274,0
2014-03-11,1.53,1.54,1.5,1.5,98052,0
2014-03-12,1.54,1.58,1.52,1.58,443977,0
2014-03-13,1.6,1.65,1.59,1.63,463626,0
2014-03-14,1.67,1.67,1.53,1.53,359030,0
2014-03-17,1.54,1.55,1.51,1.53,111395,0
2014-03-18,1.51,1.54,1.48,1.51,217354,0
2014-03-19,1.49,1.5,1.45,1.47,229149,0
2014-03-20,1.46,1.5,1.45,1.48,81807,0
2014-03-21,1.52,1.53,1.4,1.4,251626,0
2014-03-24,1.4,1.43,1.34,1.36,304357,0
2014-03-25,1.34,1.39,1.33,1.37,92947,0
2014-03-26,1.4,1.4,1.34,1.37,100100,0
2014-03-27,1.33,1.36,1.31,1.31,146507,0
2014-03-28,1.32,1.37,1.32,1.37,48872,0
2014-03-31,1.35,1.39,1.35,1.39,127257,0
2014-04-01,1.37,1.44,1.37,1.43,103516,0
2014-04-02,1.43,1.45,1.4,1.45,80606,0
2014-04-03,1.41,1.43,1.38,1.38,62079,0
2014-04-04,1.43,1.5,1.41,1.5,102499,0
2014-04-07,1.46,1.5,1.39,1.39,84655,0
2014-04-08,1.43,1.5,1.42,1.5,106587,0
2014-04-09,1.47,1.5,1.43,1.44,44404,0
2014-04-10,1.43,1.46,1.42,1.44,70560,0
2014-04-11,1.43,1.44,1.36,1.37,90217,0
2014-04-14,1.39,1.44,1.38,1.38,47302,0
2014-04-15,1.31,1.36,1.29,1.35,255503,0
2014-04-16,1.32,1.33,1.27,1.29,95802,0
2014-04-17,1.34,1.44,1.32,1.37,193342,0
2014-04-21,1.37,1.39,1.34,1.36,148147,0
2014-04-22,1.39,1.39,1.35,1.36,81586,0
2014-04-23,1.33,1.41,1.33,1.39,80947,0
2014-04-24,1.4,1.44,1.4,1.42,75623,0
2014-04-25,1.44,1.48,1.43,1.47,71647,0
2014-04-28,1.44,1.46,1.4,1.41,52955,0
2014-04-29,1.41,1.47,1.41,1.43,26241,0
2014-04-30,1.43,1.43,1.35,1.39,43100,0
2014-05-01,1.39,1.41,1.37,1.37,30524,0
2014-05-02,1.36,1.4,1.35,1.38,69628,0
2014-05-05,1.38,1.4,1.35,1.36,27295,0
2014-05-06,1.36,1.38,1.34,1.36,55595,0
2014-05-07,1.36,1.37,1.3,1.32,54340,0
2014-05-08,1.3,1.32,1.3,1.3,38445,0
2014-05-09,1.3,1.31,1.28,1.31,54151,0
2014-05-12,1.3,1.34,1.3,1.32,79513,0
2014-05-13,1.33,1.34,1.3,1.33,41660,0
2014-05-14,1.33,1.36,1.3,1.34,42147,0
2014-05-15,1.33,1.34,1.27,1.3,70151,0
2014-05-16,1.3,1.31,1.27,1.3,55723,0
2014-05-19,1.3,1.35,1.3,1.31,36014,0
2014-05-20,1.33,1.34,1.3,1.34,71626,0
2014-05-21,1.34,1.36,1.32,1.33,101644,0
2014-05-22,1.35,1.35,1.33,1.33,74601,0
2014-05-23,1.32,1.35,1.32,1.34,30457,0
2014-05-27,1.34,1.34,1.29,1.31,57697,0
2014-05-28,1.29,1.31,1.28,1.3,61650,0
2014-05-29,1.31,1.35,1.29,1.35,71559,0
2014-05-30,1.35,1.35,1.29,1.35,125242,0
2014-06-02,1.31,1.32,1.29,1.29,104742,0
2014-06-03,1.31,1.35,1.29,1.35,42965,0
2014-06-04,1.34,1.35,1.29,1.34,77065,0
2014-06-05,1.29,1.35,1.29,1.35,51303,0
2014-06-06,1.32,1.33,1.3,1.31,75973,0
2014-06-09,1.32,1.36,1.29,1.36,74947,0
2014-06-10,1.35,1.36,1.31,1.31,111735,0
2014-06-11,1.34,1.35,1.28,1.32,91983,0
2014-06-12,1.34,1.46,1.33,1.46,472497,0
2014-06-13,1.46,1.46,1.4,1.45,120040,0
2014-06-16,1.45,1.47,1.4,1.43,173405,0
2014-06-17,1.4,1.43,1.34,1.41,81682,0
2014-06-18,1.39,1.41,1.38,1.4,112517,0
2014-06-19,1.41,1.5,1.41,1.49,567386,0
2014-06-20,1.5,1.52,1.45,1.47,481095,0
2014-06-23,1.48,1.51,1.44,1.5,258496,0
2014-06-24,1.5,1.5,1.41,1.45,322122,0
2014-06-25,1.42,1.45,1.32,1.4,207132,0
2014-06-26,1.37,1.4,1.35,1.38,77251,0
2014-06-27,1.4,1.41,1.34,1.36,156005,0
2014-06-30,1.36,1.41,1.34,1.4,143757,0
2014-07-01,1.4,1.45,1.4,1.43,63431,0
2014-07-02,1.41,1.47,1.39,1.42,97800,0
2014-07-03,1.42,1.43,1.38,1.42,63395,0
2014-07-07,1.42,1.49,1.39,1.45,211290,0
2014-07-08,1.5,1.5,1.39,1.43,97059,0
2014-07-09,1.41,1.59,1.41,1.56,854095,0
2014-07-10,1.59,1.59,1.37,1.42,882844,0
2014-07-11,1.46,1.46,1.4,1.44,142700,0
2014-07-14,1.38,1.45,1.38,1.45,312245,0
2014-07-15,1.47,1.47,1.39,1.41,115972,0
2014-07-16,1.4,1.48,1.4,1.42,65797,0
2014-07-17,1.45,1.48,1.41,1.45,105917,0
2014-07-18,1.47,1.49,1.44,1.47,106797,0
2014-07-21,1.5,1.5,1.4,1.44,204705,0
2014-07-22,1.41,1.44,1.37,1.4,142792,0
2014-07-23,1.4,1.42,1.38,1.42,95306,0
2014-07-24,1.42,1.42,1.27,1.31,434475,0
2014-07-25,1.33,1.37,1.33,1.36,137557,0
2014-07-28,1.37,1.41,1.34,1.4,100971,0
2014-07-29,1.42,1.43,1.38,1.43,73588,0
2014-07-30,1.4,1.44,1.37,1.44,53724,0
2014-07-31,1.41,1.44,1.37,1.41,95739,0
2014-08-01,1.4,1.43,1.37,1.4,61400,0
2014-08-04,1.36,1.4,1.36,1.38,98007,0
2014-08-05,1.38,1.39,1.35,1.38,47640,0
2014-08-06,1.39,1.4,1.38,1.39,39549,0
2014-08-07,1.4,1.41,1.39,1.41,51655,0
2014-08-08,1.45,1.45,1.4,1.45,113583,0
2014-08-11,1.48,1.52,1.44,1.48,306030,0
2014-08-12,1.51,1.52,1.42,1.49,183599,0
2014-08-13,1.49,1.51,1.43,1.51,43390,0
2014-08-14,1.53,1.53,1.48,1.53,121832,0
2014-08-15,1.51,1.51,1.46,1.49,70890,0
2014-08-18,1.49,1.51,1.47,1.5,27075,0
2014-08-19,1.48,1.5,1.47,1.5,36197,0
2014-08-20,1.5,1.5,1.44,1.45,91850,0
2014-08-21,1.39,1.44,1.39,1.4,137311,0
2014-08-22,1.39,1.44,1.39,1.43,41310,0
2014-08-25,1.44,1.44,1.4,1.44,44648,0
2014-08-26,1.43,1.44,1.4,1.43,58593,0
2014-08-27,1.42,1.43,1.39,1.42,29213,0
2014-08-28,1.42,1.45,1.4,1.43,72584,0
2014-08-29,1.43,1.44,1.4,1.43,53640,0
2014-09-02,1.41,1.42,1.34,1.4,218500,0
2014-09-03,1.36,1.38,1.33,1.35,186557,0
2014-09-04,1.45,1.55,1.44,1.45,1232132,0
2014-09-05,1.45,1.53,1.45,1.51,248466,0
2014-09-08,1.55,1.55,1.45,1.5,247825,0
2014-09-09,1.53,1.53,1.46,1.5,153001,0
2014-09-10,1.46,1.52,1.46,1.49,113035,0
2014-09-11,1.5,1.52,1.48,1.5,191874,0
2014-09-12,1.51,1.64,1.5,1.58,538207,0
2014-09-15,1.6,1.6,1.55,1.6,154458,0
2014-09-16,1.62,1.64,1.58,1.58,156005,0
2014-09-17,1.6,1.62,1.55,1.58,159619,0
2014-09-18,1.57,1.57,1.46,1.48,183343,0
2014-09-19,1.46,1.52,1.4,1.42,266261,0
2014-09-22,1.4,1.45,1.3,1.37,367678,0
2014-09-23,1.42,1.43,1.38,1.43,76748,0
2014-09-24,1.43,1.43,1.35,1.41,59623,0
2014-09-25,1.41,1.42,1.37,1.39,135867,0
2014-09-26,1.37,1.42,1.33,1.35,125634,0
2014-09-29,1.39,1.39,1.34,1.34,102008,0
2014-09-30,1.34,1.37,1.33,1.34,64137,0
2014-10-01,1.33,1.34,1.3,1.32,88785,0
2014-10-02,1.35,1.35,1.29,1.31,104879,0
2014-10-03,1.29,1.3,1.2,1.25,225004,0
2014-10-06,1.26,1.33,1.22,1.27,193009,0
2014-10-07,1.28,1.3,1.25,1.29,59793,0
2014-10-08,1.26,1.33,1.21,1.33,137953,0
2014-10-09,1.35,1.35,1.27,1.3,78222,0
2014-10-10,1.31,1.32,1.22,1.32,94616,0
2014-10-13,1.32,1.32,1.27,1.31,39126,0
2014-10-14,1.26,1.3,1.26,1.29,98190,0
2014-10-15,1.32,1.32,1.27,1.3,83775,0
2014-10-16,1.3,1.3,1.27,1.3,41070,0
2014-10-17,1.32,1.32,1.25,1.28,40785,0
2014-10-20,1.34,1.34,1.26,1.31,62174,0
2014-10-21,1.33,1.35,1.31,1.35,92332,0
2014-10-22,1.31,1.32,1.2,1.26,212732,0
2014-10-23,1.2,1.23,1.19,1.2,207051,0
2014-10-24,1.21,1.21,1.15,1.17,98071,0
2014-10-27,1.14,1.22,1.1,1.22,180250,0
2014-10-28,1.18,1.25,1.16,1.25,80301,0
2014-10-29,1.24,1.3,1.24,1.28,227084,0
2014-10-30,1.22,1.24,1.16,1.24,180280,0
2014-10-31,1.15,1.19,1.1,1.18,286077,0
2014-11-03,1.18,1.18,1.11,1.13,182009,0
2014-11-04,1.13,1.16,1.09,1.1,226495,0
2014-11-05,1.09,1.09,0.99,1.04,392367,0
2014-11-06,1.0,1.04,0.97,1.03,237557,0
2014-11-07,1.04,1.08,1.0,1.05,238379,0
2014-11-10,1.05,1.07,1.02,1.07,108641,0
2014-11-11,1.08,1.12,1.05,1.12,102896,0
2014-11-12,1.13,1.13,1.08,1.13,84823,0
2014-11-13,1.13,1.13,1.04,1.06,87197,0
2014-11-14,1.05,1.13,1.03,1.13,458744,0
2014-11-17,1.1,1.18,1.08,1.14,130013,0
2014-11-18,1.15,1.18,1.1,1.15,234380,0
2014-11-19,1.13,1.13,1.05,1.08,191165,0
2014-11-20,1.1,1.12,1.06,1.09,103449,0
2014-11-21,1.1,1.11,1.04,1.06,214447,0
2014-11-24,1.04,1.07,1.04,1.06,102793,0
2014-11-25,1.06,1.07,1.03,1.06,95725,0
2014-11-26,1.04,1.06,1.04,1.06,43671,0
2014-11-28,1.02,1.06,0.99,1.06,163786,0
2014-12-01,1.03,1.07,0.99,1.04,287420,0
2014-12-02,1.04,1.05,1.0,1.04,198950,0
2014-12-03,1.05,1.05,1.03,1.05,30442,0
2014-12-04,1.04,1.05,1.01,1.05,57798,0
2014-12-05,1.02,1.05,1.0,1.05,64310,0
2014-12-08,1.05,1.05,1.0,1.01,65559,0
2014-12-09,1.01,1.08,1.01,1.01,320211,0
2014-12-10,1.05,1.05,1.0,1.02,57638,0
2014-12-11,1.0,1.05,0.98,1.0,166840,0
2014-12-12,0.98,1.0,0.92,0.96,281883,0
2014-12-15,0.96,1.01,0.91,0.95,240378,0
2014-12-16,0.94,0.98,0.87,0.87,180536,0
2014-12-17,0.86,0.97,0.86,0.97,133937,0
2014-12-18,0.94,0.98,0.91,0.96,77236,0
2014-12-19,0.95,0.97,0.89,0.97,292893,0
2014-12-22,0.93,0.93,0.9,0.93,115431,0
2014-12-23,0.91,0.93,0.9,0.91,156192,0
2014-12-24,0.92,0.98,0.91,0.94,73756,0
2014-12-26,0.98,0.98,0.94,0.97,75254,0
2014-12-29,0.94,0.99,0.92,0.92,145596,0
2014-12-30,0.92,0.98,0.92,0.95,172962,0
2014-12-31,0.95,1.01,0.94,0.94,126992,0
2015-01-02,0.95,0.97,0.93,0.95,182200,0
2015-01-05,0.95,0.99,0.95,0.95,70998,0
2015-01-06,0.98,1.04,0.96,1.0,269211,0
2015-01-07,0.98,1.04,0.98,0.99,104831,0
2015-01-08,1.07,1.18,1.05,1.11,918986,0
2015-01-09,1.1,1.19,1.06,1.14,604090,0
2015-01-12,1.14,1.17,1.12,1.17,413400,0
2015-01-13,1.16,1.18,1.1,1.1,431040,0
2015-01-14,1.12,1.15,1.07,1.15,525600,0
2015-01-15,1.15,1.16,1.11,1.15,299752,0
2015-01-16,1.12,1.15,1.03,1.12,1310261,0
2015-01-20,1.15,1.24,1.14,1.21,766195,0
2015-01-21,1.2,1.27,1.16,1.2,391572,0
2015-01-22,1.25,1.25,1.19,1.21,274306,0
2015-01-23,1.18,1.23,1.14,1.15,291239,0
2015-01-26,1.17,1.2,1.12,1.2,245766,0
2015-01-27,1.22,1.22,1.18,1.2,194737,0
2015-01-28,1.19,1.19,1.15,1.15,121498,0
2015-01-29,1.17,1.2,1.11,1.2,313911,0
2015-01-30,1.19,1.2,1.15,1.2,149012,0
2015-02-02,1.2,1.2,1.15,1.16,195700,0
2015-02-03,1.16,1.17,1.1,1.13,298166,0
2015-02-04,1.13,1.16,1.11,1.16,172572,0
2015-02-05,1.15,1.19,1.12,1.16,147226,0
2015-02-06,1.13,1.14,1.1,1.13,392064,0
2015-02-09,1.13,1.15,1.11,1.13,145726,0
2015-02-10,1.14,1.14,1.1,1.14,182766,0
2015-02-11,1.13,1.13,1.08,1.09,283702,0
2015-02-12,1.1,1.1,1.07,1.07,216485,0
2015-02-13,1.09,1.11,1.08,1.1,120485,0
2015-02-17,1.12,1.12,1.1,1.1,83436,0
2015-02-18,1.13,1.13,1.1,1.12,134779,0
2015-02-19,1.1,1.13,1.08,1.13,105226,0
2015-02-20,1.07,1.11,1.07,1.1,142139,0
2015-02-23,1.11,1.11,1.09,1.1,170828,0
2015-02-24,1.1,1.1,1.07,1.09,171710,0
2015-02-25,1.09,1.11,1.08,1.11,74837,0
2015-02-26,1.1,1.11,1.07,1.1,145627,0
2015-02-27,1.09,1.12,1.07,1.11,160391,0
2015-03-02,1.1,1.11,1.07,1.07,100500,0
2015-03-03,1.07,1.1,1.07,1.09,85900,0
2015-03-04,1.09,1.09,1.04,1.05,163600,0
2015-03-05,1.05,1.06,1.04,1.05,93500,0
2015-03-06,1.05,1.05,0.97,0.97,420000,0
2015-03-09,0.97,0.98,0.94,0.94,242200,0
2015-03-10,0.94,0.95,0.88,0.9,313100,0
2015-03-11,0.86,0.92,0.82,0.92,356700,0
2015-03-12,0.9,0.94,0.9,0.94,163000,0
2015-03-13,0.92,0.92,0.88,0.9,172000,0
2015-03-16,0.9,0.9,0.88,0.89,123500,0
2015-03-17,0.88,0.9,0.87,0.89,103400,0
2015-03-18,0.88,0.96,0.88,0.95,166400,0
2015-03-19,0.95,0.95,0.9,0.93,32200,0
2015-03-20,0.94,0.96,0.92,0.93,75700,0
2015-03-23,0.9,0.95,0.9,0.92,83500,0
2015-03-24,0.92,0.96,0.92,0.94,72700,0
2015-03-25,0.93,0.95,0.93,0.95,52700,0
2015-03-26,0.95,0.96,0.93,0.93,40900,0
2015-03-27,0.9,0.92,0.9,0.91,59900,0
2015-03-30,0.9,0.92,0.86,0.88,107100,0
2015-03-31,0.86,0.92,0.86,0.9,36544,0
2015-04-01,0.92,0.92,0.88,0.9,62300,0
2015-04-02,0.85,0.89,0.85,0.87,240200,0
2015-04-06,0.88,0.89,0.85,0.88,174200,0
2015-04-07,0.86,0.88,0.83,0.84,150216,0
2015-04-08,0.82,0.85,0.8,0.82,173900,0
2015-04-09,0.81,0.82,0.76,0.82,207269,0
2015-04-10,0.8,0.82,0.8,0.81,106100,0
2015-04-13,0.8,0.81,0.79,0.79,155200,0
2015-04-14,0.79,0.8,0.79,0.8,79400,0
2015-04-15,0.79,0.84,0.79,0.83,133505,0
2015-04-16,0.84,0.85,0.8,0.84,120218,0
2015-04-17,0.82,0.84,0.8,0.82,89700,0
2015-04-20,0.8,0.83,0.8,0.81,107887,0
2015-04-21,0.82,0.83,0.81,0.83,54816,0
2015-04-22,0.83,0.83,0.8,0.81,99775,0
2015-04-23,0.8,0.82,0.8,0.82,72700,0
2015-04-24,0.82,0.82,0.8,0.8,81609,0
2015-04-27,0.8,0.82,0.8,0.82,110500,0
2015-04-28,0.82,0.83,0.82,0.82,127309,0
2015-04-29,0.83,0.84,0.8,0.81,183000,0
2015-04-30,0.8,0.82,0.79,0.81,36600,0
2015-05-01,0.8,0.81,0.78,0.78,76100,0
2015-05-04,0.8,0.82,0.79,0.81,57600,0
2015-05-05,0.81,0.82,0.8,0.8,30600,0
2015-05-06,0.8,0.83,0.76,0.79,248515,0
2015-05-07,0.77,0.81,0.75,0.79,122467,0
2015-05-08,0.77,0.83,0.77,0.8,62500,0
2015-05-11,0.77,0.82,0.77,0.77,106200,0
2015-05-12,0.8,0.83,0.8,0.81,105239,0
2015-05-13,0.82,0.84,0.8,0.81,254101,0
2015-05-14,0.79,0.84,0.79,0.83,107900,0
2015-05-15,0.83,0.88,0.81,0.84,158874,0
2015-05-18,0.85,0.95,0.85,0.93,260618,0
2015-05-19,0.92,0.92,0.83,0.9,169517,0
2015-05-20,0.9,0.92,0.9,0.9,54327,0
2015-05-21,0.9,0.91,0.87,0.9,96600,0
2015-05-22,0.91,0.92,0.85,0.92,83500,0
2015-05-26,0.93,0.93,0.87,0.91,103966,0
2015-05-27,0.9,0.91,0.85,0.89,84700,0
2015-05-28,0.88,0.91,0.87,0.9,76621,0
2015-05-29,0.91,0.94,0.9,0.92,66100,0
2015-06-01,0.91,0.93,0.9,0.91,52528,0
2015-06-02,0.9,0.93,0.9,0.92,55463,0
2015-06-03,0.92,0.92,0.87,0.89,95900,0
2015-06-04,0.88,0.9,0.88,0.88,45900,0
2015-06-05,0.88,0.89,0.87,0.89,65400,0
2015-06-08,0.88,0.91,0.85,0.85,118800,0
2015-06-09,0.85,0.9,0.85,0.9,76970,0
2015-06-10,0.88,0.88,0.85,0.88,45588,0
2015-06-11,0.86,0.88,0.86,0.88,52410,0
2015-06-12,0.88,0.9,0.87,0.88,44500,0
2015-06-15,0.87,0.9,0.86,0.88,68200,0
2015-06-16,0.89,0.91,0.88,0.91,56400,0
2015-06-17,0.91,0.92,0.88,0.89,70700,0
2015-06-18,0.88,0.88,0.86,0.87,89400,0
2015-06-19,0.87,0.88,0.85,0.87,58300,0
2015-06-22,0.89,0.89,0.83,0.86,61000,0
2015-06-23,0.84,0.84,0.8,0.82,129027,0
2015-06-24,0.81,0.83,0.81,0.83,74400,0
2015-06-25,0.81,0.82,0.8,0.8,52600,0
2015-06-26,0.81,0.82,0.81,0.82,81400,0
2015-06-29,0.8,0.81,0.79,0.81,225600,0
2015-06-30,0.8,0.84,0.79,0.84,65152,0
2015-07-01,0.83,0.84,0.81,0.83,40600,0
2015-07-02,0.83,0.85,0.82,0.85,137500,0
2015-07-06,0.83,0.84,0.8,0.84,64400,0
2015-07-07,0.8,0.81,0.78,0.81,155800,0
2015-07-08,0.79,0.81,0.78,0.79,85800,0
2015-07-09,0.79,0.79,0.77,0.77,86800,0
2015-07-10,0.77,0.77,0.75,0.76,92300,0
2015-07-13,0.77,0.79,0.75,0.78,77700,0
2015-07-14,0.77,0.81,0.75,0.8,42363,0
2015-07-15,0.76,0.78,0.75,0.76,151624,0
2015-07-16,0.76,0.77,0.75,0.75,44300,0
2015-07-17,0.76,0.77,0.72,0.73,146300,0
2015-07-20,0.73,0.73,0.65,0.69,205000,0
2015-07-21,0.7,0.71,0.65,0.66,126200,0
2015-07-22,0.63,0.67,0.63,0.63,95400,0
2015-07-23,0.64,0.65,0.61,0.63,131900,0
2015-07-24,0.63,0.64,0.61,0.64,89100,0
2015-07-27,0.62,0.63,0.58,0.58,77600,0
2015-07-28,0.58,0.61,0.58,0.6,49900,0
2015-07-29,0.59,0.6,0.59,0.6,48800,0
2015-07-30,0.6,0.63,0.59,0.63,34600,0
2015-07-31,0.61,0.63,0.61,0.62,46900,0
2015-08-03,0.63,0.78,0.63,0.72,245529,0
2015-08-04,0.56,0.76,0.56,0.69,161000,0
2015-08-05,0.74,0.74,0.69,0.69,49000,0
2015-08-06,0.7,0.73,0.68,0.72,61468,0
2015-08-07,0.73,0.77,0.72,0.77,141600,0
2015-08-10,0.75,0.76,0.71,0.75,19900,0
2015-08-11,0.76,0.76,0.73,0.73,34516,0
2015-08-12,0.71,0.75,0.66,0.68,204300,0
2015-08-13,0.65,0.7,0.65,0.67,73000,0
2015-08-14,0.68,0.7,0.65,0.66,23400,0
2015-08-17,0.63,0.68,0.57,0.59,113600,0
2015-08-18,0.58,0.65,0.58,0.6,45700,0
2015-08-19,0.62,0.63,0.59,0.63,119000,0
2015-08-20,0.66,0.66,0.62,0.64,63500,0
2015-08-21,0.6,0.65,0.59,0.59,76200,0
2015-08-24,0.56,0.6,0.49,0.56,137704,0
2015-08-25,0.55,0.55,0.51,0.54,97500,0
2015-08-26,0.54,0.54,0.5,0.5,62200,0
2015-08-27,0.52,0.61,0.5,0.5,44700,0
2015-08-28,0.52,0.53,0.5,0.53,26200,0
2015-08-31,0.54,0.55,0.53,0.54,34300,0
2015-09-01,0.6,0.6,0.54,0.55,31500,0
2015-09-02,0.56,0.57,0.53,0.56,23800,0
2015-09-03,0.56,0.56,0.52,0.52,38100,0
2015-09-04,0.51,0.54,0.51,0.51,42500,0
2015-09-08,0.51,0.55,0.51,0.53,126700,0
2015-09-09,0.53,0.54,0.52,0.54,33600,0
2015-09-10,0.55,0.57,0.51,0.55,107133,0
2015-09-11,0.55,0.55,0.53,0.53,41000,0
2015-09-14,0.51,0.53,0.49,0.49,96800,0
2015-09-15,0.48,0.53,0.48,0.51,34700,0
2015-09-16,0.51,0.53,0.51,0.51,18400,0
2015-09-17,0.54,0.55,0.52,0.53,76649,0
2015-09-18,0.52,0.55,0.52,0.52,75100,0
2015-09-21,0.52,0.56,0.52,0.53,69200,0
2015-09-22,0.52,0.55,0.52,0.54,25700,0
2015-09-23,0.54,0.55,0.52,0.52,22085,0
2015-09-24,0.53,0.55,0.53,0.53,45047,0
2015-09-25,0.52,0.56,0.52,0.53,60600,0
2015-09-28,0.52,0.56,0.51,0.54,109614,0
2015-09-29,0.52,0.57,0.52,0.56,56200,0
2015-09-30,0.56,0.6,0.56,0.58,25600,0
2015-10-01,0.58,0.59,0.55,0.57,32800,0
2015-10-02,0.53,0.57,0.53,0.56,44900,0
2015-10-05,0.57,0.58,0.54,0.54,22941,0
2015-10-06,0.52,0.57,0.52,0.57,65100,0
2015-10-07,0.57,0.58,0.55,0.57,46093,0
2015-10-08,0.54,0.57,0.54,0.56,36300,0
2015-10-09,0.55,0.57,0.55,0.55,62700,0
2015-10-12,0.56,0.56,0.53,0.53,63311,0
2015-10-13,0.54,0.56,0.54,0.55,53600,0
2015-10-14,0.55,0.59,0.52,0.58,249900,0
2015-10-15,0.59,0.59,0.55,0.58,120600,0
2015-10-16,0.58,0.59,0.54,0.57,92800,0
2015-10-19,0.58,0.59,0.55,0.58,78020,0
2015-10-20,0.6,0.62,0.6,0.62,137100,0
2015-10-21,0.62,0.62,0.59,0.6,136000,0
2015-10-22,0.6,0.6,0.58,0.59,145200,0
2015-10-23,0.59,0.6,0.57,0.57,88200,0
2015-10-26,0.58,0.6,0.56,0.59,251600,0
2015-10-27,0.58,0.6,0.58,0.58,43200,0
2015-10-28,0.58,0.61,0.58,0.59,440200,0
2015-10-29,0.6,0.62,0.56,0.58,168400,0
2015-10-30,0.57,0.58,0.56,0.56,49000,0
2015-11-02,0.56,0.58,0.56,0.58,141915,0
2015-11-03,0.58,0.58,0.55,0.58,222165,0
2015-11-04,0.58,0.58,0.55,0.58,180635,0
2015-11-05,0.57,0.57,0.55,0.55,66300,0
2015-11-06,0.55,0.57,0.55,0.56,79100,0
2015-11-09,0.56,0.56,0.53,0.54,61688,0
2015-11-10,0.53,0.55,0.53,0.55,64900,0
2015-11-11,0.55,0.55,0.53,0.53,76900,0
2015-11-12,0.53,0.55,0.53,0.55,45200,0
2015-11-13,0.55,0.55,0.53,0.53,34500,0
2015-11-16,0.53,0.55,0.53,0.55,11900,0
2015-11-17,0.54,0.55,0.54,0.54,68800,0
2015-11-18,0.54,0.54,0.52,0.52,368800,0
2015-11-19,0.53,0.54,0.52,0.53,26000,0
2015-11-20,0.53,0.53,0.5,0.5,76700,0
2015-11-23,0.5,0.51,0.5,0.51,38800,0
2015-11-24,0.51,0.53,0.5,0.52,47800,0
2015-11-25,0.51,0.52,0.5,0.51,44000,0
2015-11-27,0.52,0.52,0.5,0.5,5400,0
2015-11-30,0.52,0.52,0.5,0.52,49800,0
2015-12-01,0.53,0.53,0.51,0.52,66681,0
2015-12-02,0.52,0.53,0.52,0.52,31089,0
2015-12-03,0.51,0.53,0.51,0.53,109457,0
2015-12-04,0.51,0.55,0.51,0.54,58500,0
2015-12-07,0.55,0.56,0.53,0.53,46000,0
2015-12-08,0.53,0.55,0.53,0.54,31633,0
2015-12-09,0.53,0.55,0.53,0.54,18200,0
2015-12-10,0.56,0.56,0.51,0.52,82300,0
2015-12-11,0.55,0.56,0.53,0.56,99000,0
2015-12-14,0.56,0.57,0.55,0.56,102926,0
2015-12-15,0.56,0.56,0.55,0.55,127600,0
2015-12-16,0.56,0.58,0.55,0.56,93500,0
2015-12-17,0.56,0.58,0.55,0.58,68900,0
2015-12-18,0.57,0.59,0.56,0.59,67500,0
2015-12-21,0.62,0.62,0.58,0.61,112600,0
2015-12-22,0.62,0.65,0.61,0.63,106580,0
2015-12-23,0.65,0.69,0.64,0.67,105700,0
2015-12-24,0.68,0.7,0.65,0.666,105321,0
2015-12-28,0.68,0.72,0.65,0.72,92142,0
2015-12-29,0.69,0.726,0.66,0.7,184113,0
2015-12-30,0.7,0.726,0.6613,0.67,231750,0
2015-12-31,0.66,0.69,0.63,0.678,141098,0
2016-01-04,0.71,0.71,0.6417,0.6603,94753,0
2016-01-05,0.6437,0.6601,0.6188,0.65,42230,0
2016-01-06,0.65,0.6501,0.6021,0.63,57881,0
2016-01-07,0.6633,0.6636,0.6288,0.643,24800,0
2016-01-08,0.64,0.6401,0.6201,0.6201,51738,0
2016-01-11,0.6105,0.62,0.59,0.6,97463,0
2016-01-12,0.59,0.61,0.57,0.58,68567,0
2016-01-13,0.57,0.5831,0.5618,0.5618,35606,0
2016-01-14,0.5575,0.5724,0.5575,0.56,59350,0
2016-01-15,0.5633,0.5726,0.555,0.5685,122556,0
2016-01-19,0.57,0.57,0.5,0.5,197700,0
2016-01-20,0.5002,0.54,0.5,0.5377,81086,0
2016-01-21,0.54,0.5494,0.5296,0.5368,30737,0
2016-01-22,0.5606,0.57,0.5419,0.5485,41498,0
2016-01-25,0.54,0.56,0.54,0.5576,32224,0
2016-01-26,0.5697,0.6119,0.544,0.6119,69143,0
2016-01-27,0.6024,0.64,0.5999,0.64,113459,0
2016-01-28,0.61,0.62,0.5811,0.5811,184235,0
2016-01-29,0.5699,0.61,0.5699,0.605,309662,0
2016-02-01,0.6356,0.65,0.58,0.6498,141677,0
2016-02-02,0.6575,0.6575,0.58,0.6,61324,0
2016-02-03,0.63,0.649,0.583,0.62,38888,0
2016-02-04,0.6386,0.66,0.5881,0.648,117454,0
2016-02-05,0.65,0.65,0.62,0.6497,53223,0
2016-02-08,0.64,0.71,0.6003,0.6003,293869,0
2016-02-09,0.61,0.6526,0.61,0.614,56310,0
2016-02-10,0.62,0.6402,0.6,0.615,52489,0
2016-02-11,0.6325,0.7,0.6325,0.66,212598,0
2016-02-12,0.66,0.7,0.6556,0.6792,119356,0
2016-02-16,0.67,0.72,0.66,0.6869,113895,0
2016-02-17,0.699,0.72,0.661,0.72,54683,0
2016-02-18,0.72,0.7375,0.7101,0.7353,150846,0
2016-02-19,0.739,0.8,0.7363,0.784,287956,0
2016-02-22,0.79,0.82,0.7601,0.7714,171506,0
2016-02-23,0.771,0.8,0.73,0.79,129802,0
2016-02-24,0.8,0.8148,0.7453,0.7688,199900,0
2016-02-25,0.7795,0.78,0.75,0.77,61451,0
2016-02-26,0.77,0.78,0.74,0.74,88882,0
2016-02-29,0.74,0.76,0.725,0.7596,81703,0
2016-03-01,0.7405,0.76,0.641,0.709,412062,0
2016-03-02,0.68,0.7089,0.67,0.6907,88309,0
2016-03-03,0.6901,0.79,0.6901,0.775,248551,0
2016-03-04,0.775,0.84,0.76,0.7898,229068,0
2016-03-07,0.7813,0.82,0.74,0.76,204978,0
2016-03-08,0.7425,0.7599,0.69,0.6906,249201,0
2016-03-09,0.67,0.7053,0.6601,0.69,85824,0
2016-03-10,0.695,0.7298,0.6745,0.7236,309258,0
2016-03-11,0.723,0.7599,0.723,0.7551,119731,0
2016-03-14,0.75,0.7642,0.725,0.7304,165602,0
2016-03-15,0.726,0.75,0.684,0.6981,167023,0
2016-03-16,0.6772,0.75,0.6772,0.7301,126511,0
2016-03-17,0.77,0.77,0.73,0.735,125881,0
2016-03-18,0.753,0.753,0.72,0.73,83626,0
2016-03-21,0.7019,0.7444,0.7019,0.73,162416,0
2016-03-22,0.73,0.7344,0.6944,0.7108,171034,0
2016-03-23,0.71,0.7178,0.6745,0.69,179544,0
2016-03-24,0.6745,0.6999,0.66,0.66,73517,0
2016-03-28,0.68,0.68,0.66,0.6676,62241,0
2016-03-29,0.6651,0.6909,0.6573,0.69,47270,0
2016-03-30,0.69,0.72,0.68,0.7051,87722,0
2016-03-31,0.69,0.7179,0.69,0.7062,64854,0
2016-04-01,0.67,0.71,0.645,0.71,60894,0
2016-04-04,0.7,0.71,0.6722,0.69,89352,0
2016-04-05,0.6854,0.6874,0.67,0.6756,74914,0
2016-04-06,0.6585,0.6895,0.6585,0.6807,34381,0
2016-04-07,0.81,0.95,0.79,0.94,3045514,0
2016-04-08,1.0,1.24,1.0,1.119,2946626,0
2016-04-11,1.15,1.27,1.14,1.22,2979158,0
2016-04-12,1.21,1.27,1.1,1.21,1367461,0
2016-04-13,1.16,1.2,1.15,1.16,483482,0
2016-04-14,1.14,1.17,1.1099,1.17,411022,0
2016-04-15,1.15,1.18,1.13,1.1601,319846,0
2016-04-18,1.18,1.2,1.14,1.15,462788,0
2016-04-19,1.2,1.35,1.16,1.35,1292432,0
2016-04-20,1.4,1.42,1.2113,1.22,986671,0
2016-04-21,1.23,1.25,1.15,1.17,612912,0
2016-04-22,1.2,1.2,1.11,1.1501,347922,0
2016-04-25,1.12,1.1699,1.1,1.1,388856,0
2016-04-26,1.09,1.16,1.09,1.15,225906,0
2016-04-27,1.18,1.19,1.08,1.08,493309,0
2016-04-28,1.08,1.1801,1.08,1.16,455727,0
2016-04-29,1.21,1.24,1.1,1.149,552687,0
2016-05-02,1.14,1.17,1.1,1.1,446467,0
2016-05-03,1.1,1.12,1.03,1.05,435956,0
2016-05-04,1.03,1.11,1.0,1.09,870058,0
2016-05-05,1.11,1.14,1.04,1.07,284041,0
2016-05-06,1.08,1.14,1.06,1.13,323361,0
2016-05-09,1.14,1.14,1.03,1.05,410705,0
2016-05-10,1.06,1.1,1.0,1.1,315374,0
2016-05-11,1.13,1.2359,1.11,1.19,574397,0
2016-05-12,1.2,1.25,1.1277,1.19,342649,0
2016-05-13,1.16,1.23,1.12,1.12,153546,0
2016-05-16,1.16,1.23,1.12,1.2,414178,0
2016-05-17,1.18,1.3,1.18,1.21,438612,0
2016-05-18,1.19,1.28,1.1,1.15,471532,0
2016-05-19,1.1,1.13,1.05,1.1,395751,0
2016-05-20,1.13,1.13,1.06,1.08,176447,0
2016-05-23,1.05,1.15,1.05,1.1,410391,0
2016-05-24,1.08,1.08,1.02,1.03,291827,0
2016-05-25,1.03,1.065,1.0,1.04,564185,0
2016-05-26,1.09,1.139,1.03,1.07,226942,0
2016-05-27,1.07,1.08,1.02,1.03,233789,0
2016-05-31,1.03,1.08,1.02,1.05,273775,0
2016-06-01,1.08,1.08,1.01,1.07,347904,0
2016-06-02,1.03,1.09,1.02,1.03,179577,0
2016-06-03,1.09,1.18,1.05,1.14,627711,0
2016-06-06,1.15,1.18,1.11,1.12,458318,0
2016-06-07,1.12,1.18,1.12,1.14,543061,0
2016-06-08,1.25,1.33,1.24,1.28,771952,0
2016-06-09,1.28,1.34,1.24,1.26,550442,0
2016-06-10,1.26,1.3,1.118,1.17,620458,0
2016-06-13,1.18,1.21,1.06,1.08,1011220,0
2016-06-14,1.08,1.1,1.02,1.05,666405,0
2016-06-15,1.07,1.17,1.06,1.1213,435551,0
2016-06-16,1.16,1.21,1.13,1.16,777479,0
2016-06-17,1.2,1.25,1.18,1.22,528503,0
2016-06-20,1.2,1.26,1.15,1.25,561947,0
2016-06-21,1.25,1.26,1.2,1.21,280469,0
2016-06-22,1.2,1.24,1.16,1.177,230270,0
2016-06-23,1.17,1.24,1.17,1.2216,287829,0
2016-06-24,1.42,1.49,1.26,1.29,852110,0
2016-06-27,1.33,1.37,1.27,1.29,435123,0
2016-06-28,1.29,1.4,1.27,1.4,615117,0
2016-06-29,1.4,1.58,1.4,1.56,921486,0
2016-06-30,1.56,1.67,1.431,1.63,1043860,0
2016-07-01,1.78,1.83,1.61,1.66,1081768,0
2016-07-05,1.64,1.65,1.5,1.5,1026485,0
2016-07-06,1.62,1.65,1.48,1.54,1272594,0
2016-07-07,1.53,1.6,1.47,1.53,558610,0
2016-07-08,1.53,1.54,1.43,1.47,1060833,0
2016-07-11,1.45,1.54,1.42,1.5,871780,0
2016-07-12,1.5,1.5042,1.43,1.4499,512072,0
2016-07-13,1.47,1.5201,1.42,1.5199,560269,0
2016-07-14,1.5,1.59,1.45,1.54,629806,0
2016-07-15,1.5,1.57,1.43,1.45,544455,0
2016-07-18,1.44,1.45,1.42,1.44,320884,0
2016-07-19,1.44,1.45,1.3735,1.3748,351947,0
2016-07-20,1.33,1.37,1.3,1.335,581240,0
2016-07-21,1.35,1.389,1.32,1.3575,335885,0
2016-07-22,1.35,1.37,1.33,1.35,161595,0
2016-07-25,1.34,1.34,1.31,1.33,341347,0
2016-07-26,1.34,1.36,1.32,1.32,299676,0
2016-07-27,1.35,1.49,1.34,1.47,593539,0
2016-07-28,1.48,1.5061,1.43,1.46,350413,0
2016-07-29,1.5,1.52,1.41,1.51,321695,0
2016-08-01,1.51,1.575,1.46,1.5101,379071,0
2016-08-02,1.56,1.56,1.42,1.46,421660,0
2016-08-03,1.43,1.49,1.4,1.47,302633,0
2016-08-04,1.47,1.47,1.4,1.41,174684,0
2016-08-05,1.36,1.43,1.33,1.43,251230,0
2016-08-08,1.48,1.53,1.46,1.53,610261,0
2016-08-09,1.5,1.59,1.49,1.58,554019,0
2016-08-10,1.6,1.81,1.6,1.81,1241333,0
2016-08-11,1.88,1.88,1.63,1.68,774309,0
2016-08-12,1.73,1.74,1.62,1.65,385218,0
2016-08-15,1.65,1.67,1.61,1.63,316771,0
2016-08-16,1.65,1.75,1.63,1.72,335171,0
2016-08-17,1.73,1.75,1.61,1.75,384509,0
2016-08-18,1.75,1.75,1.64,1.7,219897,0
2016-08-19,1.64,1.7,1.63,1.65,197651,0
2016-08-22,1.62,1.64,1.52,1.55,567716,0
2016-08-23,1.54,1.58,1.44,1.4664,551392,0
2016-08-24,1.4,1.43,1.32,1.39,1069473,0
2016-08-25,1.34,1.45,1.34,1.42,544578,0
2016-08-26,1.42,1.49,1.36,1.36,427415,0
2016-08-29,1.35,1.43,1.33,1.43,295430,0
2016-08-30,1.42,1.42,1.3,1.3,472938,0
2016-08-31,1.3,1.34,1.3,1.32,376696,0
2016-09-01,1.31,1.38,1.3,1.35,346387,0
2016-09-02,1.4,1.47,1.37,1.47,443646,0
2016-09-06,1.5,1.68,1.5,1.68,658945,0
2016-09-07,1.73,1.75,1.55,1.63,475646,0
2016-09-08,1.65,1.74,1.51,1.55,381905,0
2016-09-09,1.53,1.55,1.39,1.39,492427,0
2016-09-12,1.34,1.44,1.33,1.41,244154,0
2016-09-13,1.42,1.5,1.34,1.38,276437,0
2016-09-14,1.38,1.4,1.33,1.36,243520,0
2016-09-15,1.34,1.41,1.32,1.3893,525178,0
2016-09-16,1.37,1.384,1.34,1.35,174954,0
2016-09-19,1.38,1.39,1.34,1.36,153435,0
2016-09-20,1.36,1.38,1.36,1.38,64072,0
2016-09-21,1.41,1.52,1.37,1.52,367836,0
2016-09-22,1.55,1.58,1.44,1.445,398196,0
2016-09-23,1.43,1.44,1.38,1.43,272907,0
2016-09-26,1.41,1.4288,1.38,1.38,159758,0
2016-09-27,1.35,1.38,1.33,1.35,198171,0
2016-09-28,1.35,1.39,1.33,1.39,126961,0
2016-09-29,1.43,1.43,1.3684,1.41,188296,0
2016-09-30,1.43,1.44,1.4,1.4,191705,0
2016-10-03,1.38,1.4,1.315,1.327,271249,0
2016-10-04,1.3,1.3088,1.19,1.19,1286703,0
2016-10-05,1.2,1.3,1.19,1.3,490511,0
2016-10-06,1.27,1.29,1.19,1.225,551737,0
2016-10-07,1.24,1.28,1.19,1.22,296522,0
2016-10-10,1.23,1.26,1.23,1.25,192719,0
2016-10-11,1.26,1.26,1.2,1.21,247080,0
2016-10-12,1.23,1.23,1.17,1.19,184604,0
2016-10-13,1.2,1.26,1.2,1.24,308676,0
2016-10-14,1.24,1.26,1.2,1.22,162731,0
2016-10-17,1.22,1.22,1.2,1.2,138002,0
2016-10-18,1.21,1.26,1.21,1.25,211171,0
2016-10-19,1.26,1.29,1.2599,1.28,228826,0
2016-10-20,1.28,1.28,1.25,1.27,107254,0
2016-10-21,1.28,1.28,1.23,1.25,102409,0
2016-10-24,1.2347,1.28,1.21,1.21,116376,0
2016-10-25,1.24,1.31,1.22,1.31,266526,0
2016-10-26,1.33,1.33,1.26,1.28,139058,0
2016-10-27,1.29,1.29,1.26,1.29,93021,0
2016-10-28,1.3,1.31,1.28,1.3,105458,0
2016-10-31,1.3,1.34,1.3,1.33,138147,0
2016-11-01,1.34,1.4,1.3375,1.39,280468,0
2016-11-02,1.54,1.54,1.35,1.35,517956,0
2016-11-03,1.32,1.405,1.32,1.37,150723,0
2016-11-04,1.36,1.41,1.35,1.39,154080,0
2016-11-07,1.35,1.41,1.34,1.39,190136,0
2016-11-08,1.37,1.39,1.32,1.32,157393,0
2016-11-09,1.35,1.39,1.27,1.306,251776,0
2016-11-10,1.29,1.3,1.23,1.23,253145,0
2016-11-11,1.23,1.249,1.1,1.17,719998,0
2016-11-14,1.13,1.2,1.12,1.18,428922,0
2016-11-15,1.21,1.2492,1.18,1.24,291617,0
2016-11-16,1.23,1.29,1.19,1.19,221313,0
2016-11-17,1.19,1.2109,1.11,1.13,245544,0
2016-11-18,1.12,1.15,1.06,1.07,282096,0
2016-11-21,1.08,1.13,1.08,1.1199,194548,0
2016-11-22,1.12,1.15,1.1,1.15,209106,0
2016-11-23,1.11,1.1101,1.04,1.08,450800,0
2016-11-25,1.05,1.09,1.05,1.05,121704,0
2016-11-28,1.07,1.11,1.06,1.08,202452,0
2016-11-29,1.07,1.11,1.04,1.11,184231,0
2016-11-30,1.11,1.11,1.065,1.08,134709,0
2016-12-01,1.07,1.14,1.04,1.06,289395,0
2016-12-02,1.04,1.09,1.04,1.08,355115,0
2016-12-05,1.09,1.14,1.03,1.14,327663,0
2016-12-06,1.12,1.15,1.11,1.11,140229,0
2016-12-07,1.12,1.15,1.1,1.12,187338,0
2016-12-08,1.13,1.18,1.08,1.16,352845,0
2016-12-09,1.18,1.2,1.08,1.1,335615,0
2016-12-12,1.1,1.15,1.08,1.11,247213,0
2016-12-13,1.13,1.14,1.1,1.12,170093,0
2016-12-14,1.13,1.1399,1.06,1.0601,227913,0
2016-12-15,1.01,1.06,0.9316,0.94,624161,0
2016-12-16,0.905,0.94,0.9,0.92,357509,0
2016-12-19,0.9,0.9,0.78,0.798,910657,0
2016-12-20,0.7901,0.8207,0.7526,0.8065,686949,0
2016-12-21,0.8065,0.85,0.7998,0.8101,367617,0
2016-12-22,0.81,0.8496,0.81,0.835,186674,0
2016-12-23,0.835,0.94,0.835,0.9205,314354,0
2016-12-27,0.9475,0.9475,0.88,0.89,217764,0
2016-12-28,0.92,0.995,0.89,0.995,285790,0
2016-12-29,1.0,1.06,0.9993,1.05,479045,0
2016-12-30,1.08,1.08,0.966,0.9688,452381,0
2017-01-03,0.977,1.09,0.97,1.01,294619,0
2017-01-04,1.02,1.02,0.97,0.9707,421075,0
2017-01-05,1.04,1.05,1.0,1.02,445107,0
2017-01-06,1.05,1.05,0.96,0.9997,261152,0
2017-01-09,1.01,1.05,1.0,1.01,290546,0
2017-01-10,1.01,1.04,1.01,1.025,229231,0
2017-01-11,1.03,1.06,0.99,1.05,203995,0
2017-01-12,1.07,1.08,1.0,1.01,277606,0
2017-01-13,1.0,1.07,1.0,1.07,287404,0
2017-01-17,1.11,1.11,1.0,1.01,697350,0
2017-01-18,1.0,1.0384,0.9815,0.9847,207197,0
2017-01-19,0.9966,1.02,0.95,0.9965,288625,0
2017-01-20,1.0,1.02,0.9824,0.9999,199223,0
2017-01-23,1.03,1.03,1.0,1.03,237705,0
2017-01-24,1.04,1.04,1.0,1.01,230917,0
2017-01-25,1.0,1.05,1.0,1.04,212496,0
2017-01-26,1.01,1.03,1.0,1.02,148973,0
2017-01-27,1.0,1.04,1.0,1.0234,179136,0
2017-01-30,1.04,1.04,1.0,1.02,91298,0
2017-01-31,1.02,1.05,1.01,1.02,179097,0
2017-02-01,1.03,1.07,1.02,1.07,186980,0
2017-02-02,1.1,1.18,1.0882,1.16,744993,0
2017-02-03,1.19,1.24,1.16,1.2,442984,0
2017-02-06,1.24,1.28,1.2,1.27,567879,0
2017-02-07,1.27,1.27,1.23,1.25,440034,0
2017-02-08,1.26,1.3,1.2,1.205,583766,0
2017-02-09,1.24,1.24,1.15,1.19,407130,0
2017-02-10,1.19,1.23,1.16,1.23,234215,0
2017-02-13,1.24,1.26,1.2,1.26,271002,0
2017-02-14,1.27,1.28,1.23,1.23,280447,0
2017-02-15,1.23,1.25,1.2,1.24,239523,0
2017-02-16,1.25,1.25,1.22,1.235,137577,0
2017-02-17,1.23,1.24,1.2,1.21,191469,0
2017-02-21,1.2,1.2018,1.16,1.17,246292,0
2017-02-22,1.15,1.16,1.09,1.11,517030,0
2017-02-23,1.15,1.16,1.07,1.12,436259,0
2017-02-24,1.14,1.18,1.08,1.17,449936,0
2017-02-27,1.18,1.2194,1.11,1.11,222557,0
2017-02-28,1.11,1.1399,1.09,1.1,217310,0
2017-03-01,1.04,1.16,1.04,1.16,256348,0
2017-03-02,1.14,1.17,1.06,1.06,274189,0
2017-03-03,1.07,1.12,1.05,1.1,211357,0
2017-03-06,1.1,1.11,1.0,1.0,364899,0
2017-03-07,1.0,1.02,0.9733,0.985,314532,0
2017-03-08,0.98,1.02,0.98,0.9901,188889,0
2017-03-09,0.99,1.01,0.97,0.99,165194,0
2017-03-10,0.975,0.99,0.975,0.99,206864,0
2017-03-13,0.989,1.0299,0.975,1.01,203423,0
2017-03-14,1.02,1.038,0.98,0.98,174647,0
2017-03-15,0.9968,1.07,0.9801,1.07,404674,0
2017-03-16,1.08,1.09,1.01,1.04,227440,0
2017-03-17,1.06,1.06,1.01,1.03,98339,0
2017-03-20,1.03,1.04,1.01,1.03,116124,0
2017-03-21,1.03,1.15,1.03,1.13,460636,0
2017-03-22,1.16,1.22,1.13,1.145,305613,0
2017-03-23,1.13,1.15,1.11,1.15,163050,0
2017-03-24,1.15,1.15,1.11,1.12,96166,0
2017-03-27,1.14,1.15,1.1,1.11,153177,0
2017-03-28,1.1,1.11,1.05,1.07,187120,0
2017-03-29,1.07,1.13,1.06,1.12,183157,0
2017-03-30,1.1,1.1,1.05,1.065,164611,0
2017-03-31,1.09,1.18,1.0822,1.18,344077,0
2017-04-03,1.16,1.19,1.13,1.13,129066,0
2017-04-04,1.15,1.2,1.15,1.2,280223,0
2017-04-05,1.2,1.31,1.2,1.29,467685,0
2017-04-06,1.28,1.38,1.28,1.35,554446,0
2017-04-07,1.4,1.41,1.23,1.29,488414,0
2017-04-10,1.29,1.29,1.23,1.29,245379,0
2017-04-11,1.3,1.39,1.3,1.37,347844,0
2017-04-12,1.51,1.71,1.5,1.65,2849703,0
2017-04-13,1.66,1.75,1.56,1.72,1238536,0
2017-04-17,1.71,1.72,1.55,1.59,831669,0
2017-04-18,1.62,1.62,1.58,1.6,282370,0
2017-04-19,1.52,1.5999,1.45,1.48,635210,0
2017-04-20,1.47,1.57,1.4698,1.57,271740,0
2017-04-21,1.59,1.59,1.5,1.5,273587,0
2017-04-24,1.45,1.58,1.45,1.58,338666,0
2017-04-25,1.56,1.56,1.45,1.45,352106,0
2017-04-26,1.47,1.59,1.45,1.55,516190,0
2017-04-27,1.53,1.55,1.48,1.5,312729,0
2017-04-28,1.47,1.53,1.46,1.47,201768,0
2017-05-01,1.48,1.49,1.42,1.44,231675,0
2017-05-02,1.41,1.44,1.41,1.44,222373,0
2017-05-03,1.43,1.48,1.39,1.45,348696,0
2017-05-04,1.42,1.43,1.35,1.35,462450,0
2017-05-05,1.35,1.42,1.34,1.38,296211,0
2017-05-08,1.39,1.39,1.27,1.31,430953,0
2017-05-09,1.31,1.37,1.26,1.3,270101,0
2017-05-10,1.31,1.32,1.26,1.29,520576,0
2017-05-11,1.29,1.3192,1.28,1.3,244093,0
2017-05-12,1.34,1.435,1.31,1.42,478516,0
2017-05-15,1.48,1.48,1.3,1.36,445090,0
2017-05-16,1.38,1.39,1.31,1.33,276913,0
2017-05-17,1.35,1.41,1.31,1.35,411143,0
2017-05-18,1.34,1.35,1.28,1.31,330931,0
2017-05-19,1.4,1.4,1.27,1.29,203515,0
2017-05-22,1.27,1.33,1.26,1.31,185356,0
2017-05-23,1.33,1.33,1.25,1.27,237625,0
2017-05-24,1.25,1.2854,1.24,1.26,182203,0
2017-05-25,1.26,1.42,1.26,1.42,682476,0
2017-05-26,1.43,1.48,1.412,1.45,316782,0
2017-05-30,1.44,1.44,1.33,1.34,253482,0
2017-05-31,1.36,1.37,1.3,1.32,203198,0
2017-06-01,1.29,1.34,1.29,1.33,141388,0
2017-06-02,1.33,1.4,1.32,1.38,166975,0
2017-06-05,1.4,1.44,1.38,1.41,158987,0
2017-06-06,1.42,1.53,1.41,1.44,472587,0
2017-06-07,1.44,1.5,1.4,1.43,193621,0
2017-06-08,1.4,1.4138,1.34,1.38,311354,0
2017-06-09,1.38,1.4,1.335,1.34,173330,0
2017-06-12,1.32,1.37,1.3,1.33,206120,0
2017-06-13,1.32,1.4,1.32,1.385,111596,0
2017-06-14,1.42,1.4418,1.35,1.35,267297,0
2017-06-15,1.35,1.36,1.32,1.36,111763,0
2017-06-16,1.4,1.4,1.31,1.34,151662,0
2017-06-19,1.34,1.37,1.32,1.34,161984,0
2017-06-20,1.34,1.4,1.3,1.4,165378,0
2017-06-21,1.4,1.4,1.34,1.34,117057,0
2017-06-22,1.38,1.4,1.34,1.37,103182,0
2017-06-23,1.36,1.39,1.34,1.37,146561,0
2017-06-26,1.36,1.36,1.33,1.36,96231,0
2017-06-27,1.34,1.36,1.34,1.34,79507,0
2017-06-28,1.32,1.34,1.31,1.32,102317,0
2017-06-29,1.3,1.35,1.29,1.3,125754,0
2017-06-30,1.32,1.32,1.24,1.26,237619,0
2017-07-03,1.24,1.25,1.1,1.15,476685,0
2017-07-05,1.15,1.2,1.15,1.19,239219,0
2017-07-06,1.16,1.19,1.16,1.18,124448,0
2017-07-07,1.16,1.18,1.14,1.14,344127,0
2017-07-10,1.13,1.1701,1.12,1.17,240715,0
2017-07-11,1.17,1.17,1.1,1.13,259906,0
2017-07-12,1.12,1.17,1.12,1.16,236017,0
2017-07-13,1.14,1.17,1.11,1.14,163017,0
2017-07-14,1.16,1.2,1.16,1.18,229688,0
2017-07-17,1.2,1.25,1.2,1.23,171426,0
2017-07-18,1.25,1.26,1.23,1.25,248478,0
2017-07-19,1.27,1.29,1.22,1.22,174674,0
2017-07-20,1.2,1.2362,1.2,1.21,105015,0
2017-07-21,1.24,1.265,1.22,1.24,91100,0
2017-07-24,1.27,1.27,1.22,1.2292,104406,0
2017-07-25,1.22,1.25,1.2,1.25,144532,0
2017-07-26,1.21,1.26,1.21,1.235,189180,0
2017-07-27,1.26,1.26,1.19,1.2,118742,0
2017-07-28,1.19,1.21,1.1841,1.19,157029,0
2017-07-31,1.18,1.2,1.16,1.18,325862,0
2017-08-01,1.19,1.205,1.18,1.19,210758,0
2017-08-02,1.19,1.2,1.15,1.16,165607,0
2017-08-03,1.16,1.161,1.1,1.12,279150,0
2017-08-04,1.1,1.11,1.05,1.1084,292236,0
2017-08-07,1.09,1.11,1.088,1.11,133769,0
2017-08-08,1.09,1.12,1.09,1.1,193909,0
2017-08-09,1.11,1.14,1.11,1.12,116764,0
2017-08-10,1.1,1.15,1.08,1.085,171582,0
2017-08-11,1.11,1.11,1.0688,1.1,140072,0
2017-08-14,1.1,1.18,1.1,1.12,179730,0
2017-08-15,1.15,1.15,1.06,1.08,255335,0
2017-08-16,1.06,1.1211,1.06,1.12,165537,0
2017-08-17,1.14,1.14,1.0838,1.095,126389,0
2017-08-18,1.1,1.13,1.1,1.12,64654,0
2017-08-21,1.12,1.14,1.08,1.11,120723,0
2017-08-22,1.12,1.12,1.1,1.105,44100,0
2017-08-23,1.12,1.14,1.08,1.12,213261,0
2017-08-24,1.11,1.13,1.1,1.13,129420,0
2017-08-25,1.14,1.14,1.09,1.1,228962,0
2017-08-28,1.13,1.17,1.1134,1.16,380524,0
2017-08-29,1.19,1.2,1.16,1.19,260030,0
2017-08-30,1.19,1.19,1.12,1.19,99867,0
2017-08-31,1.18,1.23,1.15,1.18,310950,0
2017-09-01,1.19,1.21,1.15,1.21,191856,0
2017-09-05,1.3,1.32,1.21,1.24,368939,0
2017-09-06,1.25,1.27,1.25,1.255,189513,0
2017-09-07,1.26,1.32,1.25,1.31,395961,0
2017-09-08,1.28,1.3001,1.25,1.25,211485,0
2017-09-11,1.24,1.24,1.19,1.19,304134,0
2017-09-12,1.18,1.25,1.17,1.19,198852,0
2017-09-13,1.2,1.23,1.17,1.2,259637,0
2017-09-14,1.2,1.24,1.19,1.22,108467,0
2017-09-15,1.24,1.299,1.1741,1.2,403641,0
2017-09-18,1.19,1.1985,1.18,1.185,126100,0
2017-09-19,1.18,1.19,1.12,1.16,284298,0
2017-09-20,1.16,1.23,1.13,1.16,230873,0
2017-09-21,1.14,1.18,1.131,1.15,151043,0
2017-09-22,1.15,1.1642,1.12,1.13,189178,0
2017-09-25,1.12,1.19,1.12,1.17,153899,0
2017-09-26,1.16,1.17,1.12,1.12,99294,0
2017-09-27,1.1,1.22,1.08,1.22,428726,0
2017-09-28,1.18,1.1901,1.13,1.17,264924,0
2017-09-29,1.16,1.19,1.14,1.15,101359,0
2017-10-02,1.13,1.16,1.1132,1.1301,140240,0
2017-10-03,1.12,1.1452,1.1,1.1177,102246,0
2017-10-04,1.17,1.22,1.12,1.21,449778,0
2017-10-05,1.23,1.24,1.18,1.23,189747,0
2017-10-06,1.23,1.23,1.17,1.19,174361,0
2017-10-09,1.2,1.2,1.17,1.18,99405,0
2017-10-10,1.2,1.23,1.19,1.2,180725,0
2017-10-11,1.2,1.22,1.16,1.171,119865,0
2017-10-12,1.16,1.18,1.14,1.18,122800,0
2017-10-13,1.17,1.2,1.15,1.16,97097,0
2017-10-16,1.18,1.18,1.14,1.17,156080,0
2017-10-17,1.1,1.15,1.0832,1.13,227618,0
2017-10-18,1.11,1.1452,1.1,1.139,109708,0
2017-10-19,1.15,1.15,1.13,1.14,74480,0
2017-10-20,1.12,1.1465,1.11,1.1301,127127,0
2017-10-23,1.12,1.14,1.1,1.14,147548,0
2017-10-24,1.12,1.15,1.1,1.12,136154,0
2017-10-25,1.11,1.125,1.06,1.065,196056,0
2017-10-26,1.06,1.08,1.04,1.05,447654,0
2017-10-27,1.05,1.06,1.01,1.0112,274107,0
2017-10-30,1.01,1.02,1.0,1.01,320933,0
2017-10-31,1.0,1.045,1.0,1.03,217269,0
2017-11-01,1.06,1.06,1.0,1.0,279964,0
2017-11-02,1.0,1.021,0.8821,0.9099,746954,0
2017-11-03,0.9,0.94,0.9,0.9089,333670,0
2017-11-06,0.91,0.9701,0.88,0.96,490573,0
2017-11-07,0.96,0.99,0.92,0.9595,237297,0
2017-11-08,0.98,1.01,0.95,0.9668,250044,0
2017-11-09,0.94,0.97,0.9177,0.9455,350534,0
2017-11-10,0.95,0.9555,0.9055,0.9219,196553,0
