Date,Open,High,Low,Close,Volume,OpenInt
2014-01-02,4.35,4.41,4.32,4.32,88567,0
2014-01-03,4.36,4.4,4.33,4.36,96120,0
2014-01-06,4.33,4.39,4.31,4.35,50932,0
2014-01-07,4.35,4.57,4.34,4.55,163955,0
2014-01-08,4.56,4.56,4.4,4.51,176194,0
2014-01-09,4.5,4.5,4.22,4.27,167848,0
2014-01-10,4.24,4.36,4.2,4.36,129611,0
2014-01-13,4.34,4.34,4.19,4.19,85143,0
2014-01-14,4.18,4.22,4.07,4.08,126417,0
2014-01-15,4.09,4.12,4.03,4.07,89154,0
2014-01-16,4.05,4.26,4.05,4.22,85456,0
2014-01-17,4.19,4.35,4.19,4.33,84905,0
2014-01-21,4.29,4.37,4.27,4.31,67071,0
2014-01-22,4.31,4.41,4.27,4.29,110514,0
2014-01-23,4.27,4.3,4.24,4.28,147103,0
2014-01-24,4.25,4.32,4.19,4.31,76259,0
2014-01-27,4.28,4.29,4.06,4.15,129410,0
2014-01-28,4.17,4.2,4.08,4.19,112903,0
2014-01-29,4.18,4.18,4.07,4.11,116547,0
2014-01-30,4.13,4.16,4.07,4.1,137819,0
2014-01-31,4.07,4.09,4.02,4.07,58403,0
2014-02-03,4.06,4.07,3.91,3.95,114638,0
2014-02-04,3.96,4.0,3.95,3.96,82971,0
2014-02-05,3.51,3.82,3.47,3.72,508839,0
2014-02-06,3.71,3.88,3.71,3.85,138505,0
2014-02-07,3.84,3.98,3.84,3.97,222604,0
2014-02-10,3.99,4.06,3.85,3.86,103415,0
2014-02-11,3.89,4.04,3.86,3.93,156393,0
2014-02-12,3.93,4.0,3.85,3.88,128426,0
2014-02-13,3.86,3.97,3.84,3.93,144796,0
2014-02-14,3.92,3.95,3.85,3.88,85623,0
2014-02-18,3.9,3.96,3.85,3.92,105946,0
2014-02-19,3.93,4.02,3.93,3.96,65335,0
2014-02-20,3.98,4.06,3.97,4.01,87573,0
2014-02-21,4.0,4.06,4.0,4.02,98878,0
2014-02-24,4.06,4.18,4.02,4.14,258543,0
2014-02-25,4.1,4.11,4.05,4.08,136421,0
2014-02-26,4.06,4.08,4.0,4.04,207572,0
2014-02-27,4.03,4.08,3.97,3.99,104167,0
2014-02-28,3.97,4.13,3.97,4.09,137312,0
2014-03-03,4.08,4.09,4.05,4.07,137335,0
2014-03-04,4.09,4.09,3.99,4.01,122756,0
2014-03-05,4.05,4.08,4.01,4.05,199714,0
2014-03-06,4.05,4.19,4.05,4.16,254100,0
2014-03-07,4.15,4.19,4.11,4.12,92134,0
2014-03-10,4.1,4.13,4.0,4.01,121353,0
2014-03-11,4.0,4.04,3.95,3.96,155585,0
2014-03-12,3.94,3.96,3.85,3.9,169747,0
2014-03-13,3.92,3.98,3.88,3.93,223796,0
2014-03-14,3.91,4.04,3.87,4.02,126655,0
2014-03-17,4.05,4.2,4.0,4.15,263582,0
2014-03-18,4.2,4.3,4.14,4.23,353963,0
2014-03-19,4.19,4.27,4.19,4.22,143584,0
2014-03-20,4.2,4.27,4.14,4.25,109412,0
2014-03-21,4.3,4.4,4.26,4.37,231134,0
2014-03-24,4.35,4.41,4.3,4.39,150381,0
2014-03-25,4.4,4.45,4.32,4.41,137824,0
2014-03-26,4.44,4.55,4.43,4.5,766000,0
2014-03-27,4.52,4.67,4.49,4.67,1109783,0
2014-03-28,4.7,4.95,4.66,4.87,523935,0
2014-03-31,4.95,5.1,4.87,4.93,541400,0
2014-04-01,4.96,5.05,4.95,5.03,258408,0
2014-04-02,4.99,5.1,4.97,5.02,578820,0
2014-04-03,5.02,5.23,5.02,5.15,745435,0
2014-04-04,5.21,5.27,5.18,5.24,217120,0
2014-04-07,5.25,5.25,5.03,5.15,306877,0
2014-04-08,5.13,5.19,5.11,5.14,303780,0
2014-04-09,5.14,5.37,5.11,5.21,384446,0
2014-04-10,5.22,5.49,5.21,5.45,447906,0
2014-04-11,5.39,5.46,5.36,5.4,447884,0
2014-04-14,5.4,5.51,5.38,5.46,713465,0
2014-04-15,5.48,5.61,5.4,5.45,436389,0
2014-04-16,5.48,5.67,5.45,5.61,372879,0
2014-04-17,5.65,5.75,5.55,5.73,489208,0
2014-04-21,5.75,5.86,5.67,5.71,394041,0
2014-04-22,5.73,5.92,5.7,5.88,1080886,0
2014-04-23,5.9,5.96,5.8,5.91,478556,0
2014-04-24,5.95,5.99,5.88,5.9,647322,0
2014-04-25,5.85,5.94,5.73,5.89,417568,0
2014-04-28,5.94,6.23,5.81,6.09,927312,0
2014-04-29,6.15,6.37,6.11,6.35,1816464,0
2014-04-30,6.31,6.36,6.21,6.33,524177,0
2014-05-01,6.33,6.35,6.18,6.3,482054,0
2014-05-02,6.28,6.35,6.24,6.3,269160,0
2014-05-05,6.28,6.44,6.18,6.38,511361,0
2014-05-06,6.41,6.45,6.31,6.38,329341,0
2014-05-07,6.37,6.4,6.26,6.32,316175,0
2014-05-08,6.3,6.42,6.04,6.1,694895,0
2014-05-09,6.08,6.1,5.72,5.93,810799,0
2014-05-12,5.92,6.12,5.79,5.86,702820,0
2014-05-13,5.86,5.95,5.8,5.93,289051,0
2014-05-14,5.99,6.15,5.82,5.83,656153,0
2014-05-15,5.81,5.86,5.58,5.86,789474,0
2014-05-16,5.84,5.84,5.67,5.76,171367,0
2014-05-19,5.75,5.83,5.69,5.76,247900,0
2014-05-20,5.72,5.78,5.64,5.71,222768,0
2014-05-21,5.7,5.79,5.68,5.75,351866,0
2014-05-22,5.76,5.78,5.6,5.68,271759,0
2014-05-23,5.71,5.78,5.66,5.78,184705,0
2014-05-27,5.8,5.82,5.63,5.66,209644,0
2014-05-28,5.64,5.79,5.56,5.74,205660,0
2014-05-29,5.79,5.86,5.71,5.83,202980,0
2014-05-30,5.79,6.06,5.79,6.01,513958,0
2014-06-02,6.29,6.37,6.11,6.19,780353,0
2014-06-03,6.19,6.32,6.15,6.29,354624,0
2014-06-04,6.32,6.44,6.2,6.38,1284724,0
2014-06-05,6.45,6.87,6.4,6.78,993725,0
2014-06-06,6.81,6.85,6.66,6.74,457198,0
2014-06-09,6.75,6.98,6.74,6.78,511672,0
2014-06-10,6.79,6.83,6.68,6.76,355800,0
2014-06-11,6.69,6.71,6.5,6.66,523822,0
2014-06-12,6.66,6.82,6.65,6.76,336472,0
2014-06-13,6.79,6.96,6.7,6.96,349804,0
2014-06-16,6.98,7.23,6.95,7.01,717230,0
2014-06-17,6.96,7.14,6.88,7.08,338041,0
2014-06-18,7.11,7.17,6.98,7.05,558384,0
2014-06-19,7.07,7.1,6.92,6.94,437692,0
2014-06-20,7.0,7.01,6.83,6.92,361952,0
2014-06-23,6.92,6.92,6.76,6.86,305711,0
2014-06-24,6.88,6.88,6.58,6.64,371866,0
2014-06-25,6.63,6.79,6.61,6.72,188170,0
2014-06-26,6.75,6.75,6.55,6.75,407805,0
2014-06-27,6.75,6.84,6.65,6.69,189709,0
2014-06-30,6.68,6.74,6.64,6.72,178326,0
2014-07-01,6.7,6.72,6.6,6.62,186260,0
2014-07-02,6.6,6.73,6.6,6.67,290200,0
2014-07-03,6.65,6.71,6.55,6.66,89793,0
2014-07-07,6.6,6.62,6.34,6.47,718233,0
2014-07-08,6.46,6.46,6.15,6.3,706565,0
2014-07-09,6.3,6.35,6.26,6.33,296558,0
2014-07-10,6.18,6.26,6.1,6.19,454947,0
2014-07-11,6.16,6.18,5.92,5.95,678869,0
2014-07-14,5.9,5.99,5.86,5.9,348934,0
2014-07-15,5.9,5.9,5.62,5.71,558226,0
2014-07-16,5.74,5.77,5.57,5.66,372660,0
2014-07-17,5.63,5.72,5.41,5.45,382598,0
2014-07-18,5.44,5.55,5.43,5.51,170151,0
2014-07-21,5.5,5.5,5.27,5.33,243323,0
2014-07-22,5.31,5.5,5.31,5.44,433078,0
2014-07-23,5.42,5.65,5.4,5.56,686693,0
2014-07-24,5.59,5.66,5.49,5.5,268034,0
2014-07-25,5.49,5.52,5.41,5.47,308884,0
2014-07-28,5.4,5.5,5.36,5.4,264710,0
2014-07-29,5.43,5.43,5.31,5.4,283557,0
2014-07-30,5.42,5.43,5.32,5.38,340111,0
2014-07-31,5.38,5.43,5.28,5.34,597036,0
2014-08-01,5.34,5.36,5.23,5.31,550900,0
2014-08-04,5.31,5.38,5.28,5.36,126182,0
2014-08-05,5.32,5.36,5.21,5.29,455832,0
2014-08-06,5.28,5.45,5.26,5.39,286471,0
2014-08-07,5.4,5.41,5.24,5.35,434798,0
2014-08-08,5.35,5.59,5.28,5.52,315147,0
2014-08-11,5.55,5.63,5.43,5.5,458961,0
2014-08-12,5.46,5.55,5.3,5.3,345907,0
2014-08-13,5.33,5.4,5.3,5.38,131709,0
2014-08-14,5.4,5.46,5.3,5.36,154078,0
2014-08-15,5.43,5.74,5.43,5.65,900660,0
2014-08-18,5.72,5.74,5.47,5.62,649269,0
2014-08-19,5.59,5.76,5.58,5.73,504100,0
2014-08-20,5.71,5.76,5.6,5.73,419683,0
2014-08-21,5.77,5.99,5.68,5.99,489103,0
2014-08-22,5.96,6.06,5.87,5.89,308315,0
2014-08-25,5.89,6.0,5.83,5.98,285942,0
2014-08-26,5.98,6.33,5.98,6.23,427257,0
2014-08-27,6.23,6.32,6.11,6.13,447373,0
2014-08-28,6.1,6.19,6.07,6.12,193405,0
2014-08-29,6.14,6.18,6.11,6.17,317404,0
2014-09-02,6.17,6.17,5.9,5.99,215450,0
2014-09-03,6.04,6.06,5.93,5.94,409432,0
2014-09-04,5.94,6.03,5.62,5.69,544951,0
2014-09-05,5.66,5.76,5.59,5.73,385933,0
2014-09-08,5.66,5.73,5.54,5.63,253708,0
2014-09-09,5.61,5.78,5.61,5.73,351715,0
2014-09-10,5.72,5.78,5.61,5.76,249523,0
2014-09-11,5.74,5.74,5.57,5.66,260130,0
2014-09-12,5.66,5.69,5.54,5.55,239414,0
2014-09-15,5.53,5.63,5.44,5.6,307510,0
2014-09-16,5.58,5.7,5.58,5.62,656553,0
2014-09-17,5.62,5.64,5.48,5.53,506942,0
2014-09-18,5.52,5.56,5.34,5.46,687897,0
2014-09-19,5.5,5.51,5.26,5.32,416187,0
2014-09-22,5.3,5.3,5.07,5.13,901313,0
2014-09-23,5.03,5.23,4.95,4.98,680484,0
2014-09-24,4.96,5.33,4.91,5.26,520534,0
2014-09-25,5.22,5.26,4.97,5.09,426791,0
2014-09-26,5.06,5.14,5.01,5.07,196556,0
2014-09-29,5.05,5.26,5.03,5.22,298308,0
2014-09-30,5.24,5.31,5.04,5.09,467829,0
2014-10-01,5.11,5.16,4.99,5.02,318936,0
2014-10-02,4.99,5.0,4.83,4.97,434433,0
2014-10-03,4.97,5.07,4.86,4.87,242353,0
2014-10-06,4.87,4.98,4.77,4.85,182600,0
2014-10-07,4.81,4.91,4.7,4.8,293927,0
2014-10-08,4.78,4.82,4.53,4.78,426791,0
2014-10-09,4.77,4.8,4.51,4.53,313970,0
2014-10-10,4.51,4.56,4.23,4.38,343142,0
2014-10-13,4.36,4.46,4.33,4.38,300415,0
2014-10-14,4.4,4.54,4.28,4.35,677603,0
2014-10-15,4.25,4.38,4.08,4.35,638217,0
2014-10-16,4.19,4.51,4.18,4.42,443832,0
2014-10-17,4.5,4.78,4.49,4.58,308695,0
2014-10-20,4.57,4.6,4.36,4.48,269514,0
2014-10-21,4.54,4.69,4.52,4.61,150745,0
2014-10-22,4.62,4.7,4.27,4.3,200332,0
2014-10-23,4.4,4.47,4.33,4.35,109175,0
2014-10-24,4.34,4.35,4.17,4.21,214330,0
2014-10-27,4.16,4.2,4.04,4.19,169881,0
2014-10-28,4.21,4.27,4.13,4.24,353773,0
2014-10-29,4.28,4.35,4.17,4.3,303710,0
2014-10-30,4.27,4.27,4.12,4.19,545803,0
2014-10-31,4.21,4.28,4.12,4.27,222786,0
2014-11-03,4.32,4.36,4.19,4.21,300674,0
2014-11-04,4.15,4.17,3.97,4.04,481157,0
2014-11-05,4.08,4.28,4.06,4.27,181708,0
2014-11-06,4.22,4.59,4.11,4.56,466805,0
2014-11-07,4.57,4.8,4.57,4.77,244864,0
2014-11-10,4.87,5.01,4.58,4.6,299495,0
2014-11-11,4.61,4.78,4.51,4.67,169887,0
2014-11-12,4.6,4.88,4.57,4.74,158794,0
2014-11-13,4.75,4.75,4.52,4.6,189688,0
2014-11-14,4.61,4.88,4.58,4.81,451059,0
2014-11-17,4.81,5.12,4.8,5.04,388314,0
2014-11-18,5.05,5.06,4.79,4.8,217039,0
2014-11-19,4.87,4.93,4.71,4.84,211035,0
2014-11-20,4.81,5.03,4.81,4.99,232094,0
2014-11-21,5.07,5.21,5.04,5.16,362391,0
2014-11-24,5.13,5.14,4.84,4.91,264637,0
2014-11-25,4.97,5.11,4.9,4.98,275338,0
2014-11-26,4.96,5.04,4.87,4.88,185793,0
2014-11-28,4.45,4.54,4.35,4.48,283787,0
2014-12-01,4.43,4.54,4.26,4.46,323862,0
2014-12-02,4.4,4.61,4.32,4.41,293106,0
2014-12-03,4.44,4.66,4.42,4.55,155491,0
2014-12-04,4.43,4.44,3.95,4.34,341490,0
2014-12-05,4.3,4.62,4.3,4.6,159189,0
2014-12-08,4.47,4.47,4.29,4.41,269397,0
2014-12-09,4.37,4.66,4.35,4.52,234477,0
2014-12-10,4.45,4.54,4.36,4.44,311689,0
2014-12-11,4.44,4.72,4.4,4.46,252226,0
2014-12-12,4.4,4.67,4.36,4.62,248576,0
2014-12-15,4.58,4.84,4.58,4.62,244333,0
2014-12-16,4.58,5.03,4.56,4.81,518609,0
2014-12-17,4.82,5.24,4.78,5.15,497561,0
2014-12-18,5.22,5.36,4.83,4.91,348139,0
2014-12-19,4.98,5.17,4.9,5.13,456068,0
2014-12-22,5.07,5.1,4.63,4.76,609723,0
2014-12-23,4.69,4.79,4.51,4.69,290613,0
2014-12-24,4.65,4.77,4.54,4.68,88496,0
2014-12-26,4.69,4.75,4.57,4.6,48541,0
2014-12-29,4.62,4.82,4.58,4.67,267772,0
2014-12-30,4.64,4.7,4.56,4.65,223455,0
2014-12-31,4.62,4.82,4.54,4.79,249562,0
2015-01-02,4.71,4.77,4.56,4.67,117428,0
2015-01-05,4.59,4.74,4.54,4.59,137438,0
2015-01-06,4.52,4.62,4.33,4.53,322907,0
2015-01-07,4.6,4.79,4.46,4.47,160182,0
2015-01-08,4.5,4.64,4.48,4.51,164463,0
2015-01-09,4.51,4.61,4.43,4.59,178572,0
2015-01-12,4.46,4.48,4.35,4.42,244456,0
2015-01-13,4.43,4.51,4.33,4.42,190592,0
2015-01-14,4.38,4.58,4.31,4.54,157481,0
2015-01-15,4.63,4.68,4.37,4.42,169883,0
2015-01-16,4.43,4.77,4.36,4.76,177352,0
2015-01-20,4.68,4.68,4.33,4.33,186786,0
2015-01-21,4.4,4.41,4.12,4.15,304774,0
2015-01-22,4.18,4.24,4.08,4.15,218475,0
2015-01-23,4.13,4.26,4.13,4.18,192590,0
2015-01-26,4.16,4.31,4.12,4.18,124844,0
2015-01-27,4.09,4.35,4.06,4.28,132041,0
2015-01-28,4.27,4.27,3.95,4.01,167670,0
2015-01-29,4.03,4.07,3.96,3.99,134061,0
2015-01-30,3.99,4.19,3.89,4.18,126374,0
2015-02-02,4.28,4.28,4.12,4.19,106326,0
2015-02-03,4.23,4.56,4.23,4.45,202613,0
2015-02-04,4.38,4.56,4.27,4.39,197649,0
2015-02-05,4.41,4.64,4.41,4.52,123304,0
2015-02-06,4.48,4.63,4.38,4.43,102221,0
2015-02-09,4.48,4.63,4.44,4.6,112390,0
2015-02-10,4.62,4.62,4.4,4.58,166535,0
2015-02-11,4.52,4.67,4.43,4.65,96408,0
2015-02-12,4.76,4.97,4.67,4.96,160496,0
2015-02-13,5.0,5.0,4.81,4.9,97876,0
2015-02-17,4.84,5.17,4.79,5.13,241353,0
2015-02-18,5.16,5.83,5.1,5.36,506671,0
2015-02-19,5.21,5.49,5.14,5.47,177729,0
2015-02-20,5.47,5.53,5.37,5.39,164013,0
2015-02-23,5.35,5.35,5.08,5.26,125556,0
2015-02-24,5.25,5.33,5.11,5.3,185932,0
2015-02-25,5.3,5.36,5.25,5.34,50657,0
2015-02-26,5.25,5.36,5.2,5.31,138840,0
2015-02-27,5.32,5.33,5.18,5.21,109714,0
2015-03-02,5.16,5.28,5.16,5.2,81500,0
2015-03-03,5.25,5.44,5.2,5.41,136000,0
2015-03-04,5.42,5.49,5.32,5.47,69800,0
2015-03-05,5.41,5.44,5.36,5.36,76700,0
2015-03-06,5.35,5.35,5.21,5.29,88600,0
2015-03-09,5.29,5.32,5.11,5.13,143000,0
2015-03-10,5.07,5.2,5.0,5.12,126300,0
2015-03-11,5.11,5.13,5.02,5.09,208800,0
2015-03-12,5.13,5.16,4.98,5.03,182600,0
2015-03-13,4.95,4.98,4.87,4.89,84200,0
2015-03-16,4.87,5.05,4.72,5.04,183700,0
2015-03-17,5.0,5.21,5.0,5.17,152200,0
2015-03-18,5.11,5.45,5.1,5.42,180100,0
2015-03-19,5.3,5.35,5.25,5.25,148300,0
2015-03-20,5.33,5.38,5.27,5.29,227700,0
2015-03-23,5.3,5.39,5.22,5.24,114700,0
2015-03-24,5.24,5.27,5.22,5.27,554200,0
2015-03-25,5.24,5.37,5.24,5.33,159500,0
2015-03-26,5.39,5.45,5.28,5.31,184600,0
2015-03-27,5.27,5.47,5.25,5.42,285700,0
2015-03-30,5.41,5.42,5.22,5.27,80700,0
2015-03-31,5.21,5.38,5.2,5.36,221532,0
2015-04-01,5.35,5.57,5.35,5.48,183700,0
2015-04-02,5.49,5.62,5.44,5.6,268500,0
2015-04-06,5.63,5.84,5.62,5.74,162100,0
2015-04-07,5.73,5.86,5.66,5.67,94417,0
2015-04-08,5.72,5.72,5.41,5.43,115500,0
2015-04-09,5.45,5.69,5.45,5.63,88171,0
2015-04-10,5.65,5.65,5.57,5.61,80500,0
2015-04-13,5.67,5.68,5.58,5.63,73800,0
2015-04-14,5.71,5.78,5.69,5.78,87800,0
2015-04-15,5.8,5.94,5.77,5.87,95472,0
2015-04-16,5.88,5.97,5.87,5.92,90018,0
2015-04-17,5.9,6.11,5.88,6.04,168800,0
2015-04-20,6.11,6.14,6.02,6.11,98828,0
2015-04-21,6.13,6.15,6.01,6.06,187682,0
2015-04-22,6.07,6.17,5.94,5.98,54370,0
2015-04-23,5.98,6.09,5.98,5.99,164900,0
2015-04-24,6.01,6.02,5.89,5.97,188403,0
2015-04-27,5.93,6.03,5.93,5.95,56700,0
2015-04-28,5.94,6.02,5.94,6.01,67300,0
2015-04-29,5.98,6.28,5.98,6.16,112700,0
2015-04-30,6.15,6.2,6.07,6.19,85700,0
2015-05-01,6.17,6.25,6.08,6.14,89000,0
2015-05-04,6.15,6.2,6.07,6.09,69000,0
2015-05-05,6.14,6.23,5.93,5.97,97900,0
2015-05-06,5.97,6.0,5.79,5.88,162811,0
2015-05-07,5.85,5.85,5.73,5.78,52663,0
2015-05-08,5.89,6.11,5.78,6.09,160500,0
2015-05-11,6.09,6.41,6.05,6.29,208800,0
2015-05-12,6.29,6.54,6.25,6.45,143399,0
2015-05-13,6.46,6.59,6.28,6.32,299900,0
2015-05-14,6.36,6.36,6.18,6.2,70400,0
2015-05-15,6.16,6.25,6.01,6.18,101476,0
2015-05-18,6.11,6.15,5.8,5.81,261891,0
2015-05-19,5.95,6.07,5.91,6.06,215227,0
2015-05-20,6.06,6.22,6.04,6.19,98700,0
2015-05-21,6.19,6.4,6.19,6.3,103600,0
2015-05-22,6.25,6.3,6.13,6.19,75100,0
2015-05-26,6.1,6.14,5.95,6.03,77895,0
2015-05-27,5.99,6.04,5.95,6.0,120300,0
2015-05-28,5.98,6.12,5.88,6.12,114427,0
2015-05-29,6.1,6.13,6.0,6.06,48900,0
2015-06-01,6.07,6.07,5.9,5.99,67043,0
2015-06-02,6.02,6.21,6.02,6.17,40055,0
2015-06-03,6.12,6.12,5.99,6.02,46700,0
2015-06-04,5.99,6.06,5.96,5.98,61800,0
2015-06-05,5.96,6.16,5.93,6.12,67600,0
2015-06-08,6.1,6.15,6.09,6.12,36800,0
2015-06-09,6.18,6.25,6.13,6.2,99692,0
2015-06-10,6.32,6.48,6.27,6.43,145538,0
2015-06-11,6.41,6.43,6.24,6.34,58161,0
2015-06-12,6.22,6.34,6.19,6.31,73100,0
2015-06-15,6.21,6.44,6.21,6.39,75700,0
2015-06-16,6.37,6.42,6.2,6.25,50500,0
2015-06-17,6.28,6.39,6.11,6.28,64400,0
2015-06-18,6.3,6.37,6.2,6.26,43300,0
2015-06-19,6.24,6.29,6.18,6.29,60400,0
2015-06-22,6.32,6.47,6.22,6.44,75100,0
2015-06-23,6.38,6.48,6.34,6.42,66794,0
2015-06-24,6.39,6.56,6.39,6.44,61100,0
2015-06-25,6.47,6.47,6.37,6.45,58800,0
2015-06-26,6.43,6.43,6.31,6.4,56800,0
2015-06-29,6.31,6.39,6.24,6.36,53400,0
2015-06-30,6.36,6.4,6.31,6.32,45276,0
2015-07-01,6.29,6.29,6.08,6.13,70000,0
2015-07-02,6.24,6.44,6.18,6.26,100300,0
2015-07-06,6.26,6.58,6.18,6.45,173900,0
2015-07-07,6.41,6.41,6.15,6.32,88800,0
2015-07-08,6.25,6.39,6.17,6.19,162200,0
2015-07-09,6.3,6.34,6.14,6.21,74300,0
2015-07-10,6.25,6.25,6.15,6.21,57800,0
2015-07-13,6.21,6.28,6.07,6.21,62600,0
2015-07-14,6.23,6.35,6.22,6.24,61175,0
2015-07-15,6.21,6.26,6.0,6.07,105175,0
2015-07-16,6.07,6.12,5.97,6.0,62500,0
2015-07-17,5.98,5.98,5.71,5.73,99900,0
2015-07-20,5.67,5.71,5.53,5.61,98500,0
2015-07-21,5.61,5.85,5.61,5.81,97600,0
2015-07-22,5.73,5.91,5.67,5.76,45400,0
2015-07-23,5.8,5.82,5.47,5.54,114900,0
2015-07-24,5.51,5.56,5.46,5.53,55800,0
2015-07-27,5.41,5.45,5.28,5.33,114300,0
2015-07-28,5.33,5.63,5.33,5.51,103900,0
2015-07-29,5.5,5.7,5.38,5.64,55500,0
2015-07-30,5.6,5.7,5.53,5.57,37500,0
2015-07-31,5.55,5.61,5.43,5.46,89100,0
2015-08-03,5.42,5.48,5.25,5.32,55224,0
2015-08-04,5.36,5.71,5.36,5.64,63100,0
2015-08-05,5.68,5.92,5.6,5.61,70100,0
2015-08-06,5.61,5.76,5.48,5.75,101170,0
2015-08-07,5.69,5.69,5.4,5.43,333200,0
2015-08-10,5.41,5.61,5.28,5.61,84900,0
2015-08-11,5.47,5.64,5.36,5.63,61539,0
2015-08-12,5.63,5.72,5.43,5.54,128700,0
2015-08-13,5.41,5.53,5.37,5.49,96500,0
2015-08-14,5.48,5.64,5.39,5.47,61000,0
2015-08-17,5.42,5.42,5.3,5.33,74300,0
2015-08-18,5.3,5.38,5.19,5.36,105700,0
2015-08-19,5.31,5.35,5.2,5.27,70800,0
2015-08-20,5.24,5.28,5.12,5.13,144900,0
2015-08-21,5.08,5.14,4.98,5.01,185100,0
2015-08-24,4.68,4.91,4.63,4.75,208807,0
2015-08-25,4.97,4.99,4.83,4.85,89400,0
2015-08-26,4.86,5.06,4.81,5.04,189900,0
2015-08-27,5.21,5.62,5.15,5.33,196500,0
2015-08-28,5.23,5.56,5.23,5.39,112100,0
2015-08-31,5.26,5.6,5.21,5.58,221400,0
2015-09-01,5.41,5.54,5.27,5.33,260800,0
2015-09-02,5.37,5.39,5.17,5.31,77200,0
2015-09-03,5.3,5.49,5.28,5.4,60700,0
2015-09-04,5.3,5.39,5.24,5.25,53300,0
2015-09-08,5.36,5.59,5.32,5.44,122500,0
2015-09-09,5.5,5.56,5.25,5.26,122800,0
2015-09-10,5.29,5.5,5.29,5.47,64244,0
2015-09-11,5.44,5.49,5.12,5.21,215600,0
2015-09-14,5.2,5.43,5.14,5.31,83800,0
2015-09-15,5.34,5.46,5.29,5.33,113000,0
2015-09-16,5.41,5.61,5.37,5.55,72300,0
2015-09-17,5.56,5.69,5.48,5.52,93110,0
2015-09-18,5.43,5.52,5.33,5.42,62500,0
2015-09-21,5.38,5.61,5.38,5.48,65700,0
2015-09-22,5.4,5.57,5.39,5.54,63100,0
2015-09-23,5.56,5.61,5.37,5.39,82593,0
2015-09-24,5.4,5.45,5.27,5.4,83807,0
2015-09-25,5.51,5.51,5.26,5.29,69600,0
2015-09-28,5.29,5.35,5.23,5.23,59532,0
2015-09-29,5.31,5.31,5.06,5.07,144900,0
2015-09-30,5.17,5.25,5.08,5.21,161300,0
2015-10-01,5.32,5.51,5.32,5.39,116600,0
2015-10-02,5.39,5.69,5.35,5.63,107200,0
2015-10-05,5.7,5.93,5.69,5.9,139010,0
2015-10-06,5.92,6.18,5.91,6.12,174600,0
2015-10-07,6.19,6.37,6.12,6.18,236300,0
2015-10-08,6.18,6.32,6.18,6.26,209200,0
2015-10-09,6.34,6.45,6.21,6.25,215700,0
2015-10-12,6.24,6.25,6.11,6.19,37700,0
2015-10-13,6.1,6.24,6.09,6.09,289300,0
2015-10-14,6.1,6.2,6.09,6.17,75700,0
2015-10-15,6.09,6.3,6.09,6.25,182600,0
2015-10-16,6.29,6.29,6.12,6.16,53900,0
2015-10-19,6.1,6.1,5.87,5.9,87111,0
2015-10-20,5.89,6.07,5.89,6.02,46599,0
2015-10-21,6.0,6.01,5.76,5.8,155200,0
2015-10-22,5.85,6.0,5.85,5.91,54400,0
2015-10-23,5.91,5.93,5.76,5.81,156800,0
2015-10-26,5.8,5.8,5.47,5.52,60600,0
2015-10-27,5.44,5.46,5.31,5.37,82800,0
2015-10-28,5.41,5.59,5.36,5.43,272700,0
2015-10-29,5.45,5.57,5.41,5.53,77500,0
2015-10-30,5.52,5.66,5.44,5.57,45900,0
2015-11-02,5.5,5.62,5.5,5.52,36856,0
2015-11-03,5.58,5.93,5.58,5.89,111600,0
2015-11-04,5.92,6.13,5.88,5.9,261420,0
2015-11-05,5.87,5.94,5.77,5.85,97700,0
2015-11-06,5.76,6.02,5.76,5.85,73700,0
2015-11-09,5.86,5.9,5.75,5.8,82920,0
2015-11-10,5.78,5.84,5.71,5.81,90600,0
2015-11-11,5.8,5.8,5.46,5.48,58800,0
2015-11-12,5.42,5.5,5.3,5.36,143500,0
2015-11-13,5.32,5.58,5.31,5.5,115800,0
2015-11-16,5.49,5.68,5.43,5.68,59900,0
2015-11-17,5.55,5.7,5.5,5.6,162100,0
2015-11-18,5.63,5.68,5.49,5.55,65800,0
2015-11-19,5.53,5.61,5.46,5.48,49200,0
2015-11-20,5.46,5.48,5.21,5.22,76300,0
2015-11-23,5.2,5.34,5.2,5.23,48600,0
2015-11-24,5.29,5.48,5.29,5.44,45800,0
2015-11-25,5.4,5.48,5.3,5.43,31300,0
2015-11-27,5.33,5.38,5.26,5.29,14300,0
2015-11-30,5.32,5.46,5.26,5.26,39400,0
2015-12-01,5.22,5.35,5.21,5.35,60966,0
2015-12-02,5.3,5.3,5.1,5.13,125967,0
2015-12-03,5.16,5.2,4.93,4.99,71552,0
2015-12-04,4.96,4.99,4.81,4.81,81700,0
2015-12-07,4.69,4.75,4.4,4.45,222000,0
2015-12-08,4.34,4.61,4.3,4.57,136820,0
2015-12-09,4.57,4.71,4.51,4.59,64100,0
2015-12-10,4.58,4.68,4.52,4.62,81000,0
2015-12-11,4.55,4.56,4.5,4.52,71500,0
2015-12-14,4.5,4.5,4.35,4.37,89145,0
2015-12-15,4.44,4.59,4.44,4.45,198500,0
2015-12-16,4.41,4.74,4.41,4.6,110100,0
2015-12-17,4.76,4.76,4.51,4.51,102100,0
2015-12-18,4.5,4.67,4.47,4.65,75700,0
2015-12-21,4.66,4.77,4.58,4.68,59200,0
2015-12-22,4.67,4.74,4.65,4.72,197794,0
2015-12-23,4.8,4.99,4.8,4.97,83200,0
2015-12-24,4.97,5.0,4.91,4.93,17358,0
2015-12-28,4.93,4.97,4.854,4.94,31670,0
2015-12-29,4.99,5.12,4.92,5.09,128688,0
2015-12-30,5.04,5.067,4.91,4.93,42979,0
2015-12-31,4.89,5.1,4.89,5.08,33214,0
2016-01-04,5.0,5.1,4.92,4.95,56097,0
2016-01-05,4.95,4.99,4.88,4.99,28376,0
2016-01-06,4.76,4.88,4.74,4.77,44057,0
2016-01-07,4.58,4.84,4.58,4.74,262116,0
2016-01-08,4.74,4.86,4.73,4.78,148614,0
2016-01-11,4.81,4.81,4.501,4.62,106665,0
2016-01-12,4.7,4.74,4.495,4.69,94817,0
2016-01-13,4.74,4.86,4.51,4.55,126891,0
2016-01-14,4.49,4.7701,4.46,4.73,100540,0
2016-01-15,4.51,4.72,4.48,4.7,88316,0
2016-01-19,4.6,4.61,4.28,4.32,74800,0
2016-01-20,4.19,5.35,4.165,4.93,450401,0
2016-01-21,4.85,5.25,4.76,5.1,166773,0
2016-01-22,5.3,5.44,5.19,5.23,271854,0
2016-01-25,5.13,5.17,4.98,4.98,154147,0
2016-01-26,5.1,5.36,5.04,5.34,144367,0
2016-01-27,5.3,5.45,5.175,5.24,246484,0
2016-01-28,5.42,5.51,5.3,5.46,232284,0
2016-01-29,5.5,5.625,5.297,5.46,628379,0
2016-02-01,5.44,5.45,5.24,5.36,255338,0
2016-02-02,5.24,5.3,5.1,5.28,308663,0
2016-02-03,5.4,5.51,5.23,5.5,380862,0
2016-02-04,5.56,5.66,5.43,5.61,212978,0
2016-02-05,5.57,5.68,5.47,5.53,120553,0
2016-02-08,5.47,5.85,5.45,5.69,204202,0
2016-02-09,5.69,5.69,5.35,5.36,69724,0
2016-02-10,5.38,5.61,5.26,5.38,78430,0
2016-02-11,5.31,5.39,5.15,5.36,75669,0
2016-02-12,5.45,5.52,5.31,5.4,64761,0
2016-02-16,5.54,5.58,5.29,5.44,105715,0
2016-02-17,5.53,5.82,5.52,5.67,216424,0
2016-02-18,5.52,5.53,5.13,5.19,210188,0
2016-02-19,5.14,5.33,5.05,5.26,51233,0
2016-02-22,5.32,5.41,5.29,5.31,86313,0
2016-02-23,5.28,5.28,5.03,5.07,57543,0
2016-02-24,4.99,5.1,4.96,5.06,51624,0
2016-02-25,5.1,5.15,4.99,5.08,68110,0
2016-02-26,5.16,5.18,4.89,4.97,169072,0
2016-02-29,4.99,5.09,4.95,5.07,117730,0
2016-03-01,5.12,5.126,5.03,5.12,231797,0
2016-03-02,5.08,5.27,5.05,5.27,142406,0
2016-03-03,5.23,5.37,5.19,5.22,78650,0
2016-03-04,5.21,5.28,5.07,5.14,116823,0
2016-03-07,5.14,5.25,4.99,5.01,129238,0
2016-03-08,5.0,5.22,4.817,5.22,128349,0
2016-03-09,5.25,5.46,5.19,5.42,161187,0
2016-03-10,5.42,5.56,5.34,5.53,258081,0
2016-03-11,5.63,5.738,5.57,5.58,119683,0
2016-03-14,5.54,5.59,5.39,5.47,114206,0
2016-03-15,5.4,5.42,5.29,5.33,101445,0
2016-03-16,5.32,5.4901,5.29,5.46,169365,0
2016-03-17,5.55,5.68,5.55,5.62,107029,0
2016-03-18,5.67,5.7,5.43,5.45,100810,0
2016-03-21,5.45,5.53,5.36,5.4,100057,0
2016-03-22,5.39,5.47,5.32,5.36,59587,0
2016-03-23,5.31,5.31,5.0857,5.15,50478,0
2016-03-24,5.05,5.19,5.05,5.13,47516,0
2016-03-28,5.13,5.2,5.02,5.18,48988,0
2016-03-29,5.14,5.28,5.1,5.23,67209,0
2016-03-30,5.33,5.52,5.29,5.49,206517,0
2016-03-31,5.47,5.54,5.36,5.49,61550,0
2016-04-01,5.37,5.41,5.17,5.19,45597,0
2016-04-04,5.16,5.26,5.09,5.09,72332,0
2016-04-05,5.02,5.14,4.99,5.12,55613,0
2016-04-06,5.18,5.23,5.09,5.21,72851,0
2016-04-07,5.2,5.24,5.1,5.14,34515,0
2016-04-08,5.33,5.33,5.16,5.23,54813,0
2016-04-11,5.22,5.36,5.22,5.31,49819,0
2016-04-12,5.35,5.59,5.23,5.55,128168,0
2016-04-13,5.54,5.64,5.43,5.43,75881,0
2016-04-14,5.46,5.49,5.1749,5.27,79251,0
2016-04-15,5.22,5.22,5.13,5.16,173508,0
2016-04-18,5.04,5.35,4.97,5.3,67590,0
2016-04-19,5.36,5.47,5.35,5.45,85910,0
2016-04-20,5.38,5.64,5.37,5.49,76638,0
2016-04-21,5.5,5.54,5.43,5.45,39508,0
2016-04-22,5.47,5.7,5.47,5.52,83165,0
2016-04-25,5.47,5.51,5.4,5.41,55806,0
2016-04-26,5.44,5.56,5.42,5.48,92874,0
2016-04-27,5.53,5.64,5.41,5.54,56862,0
2016-04-28,5.53,5.63,5.49,5.53,72284,0
2016-04-29,5.6,5.75,5.54,5.72,50459,0
2016-05-02,5.68,5.7,5.56,5.61,110759,0
2016-05-03,5.54,5.54,5.27,5.3,92934,0
2016-05-04,5.25,5.34,5.13,5.33,97671,0
2016-05-05,5.4,5.47,5.26,5.29,96941,0
2016-05-06,5.34,5.37,5.24,5.31,88254,0
2016-05-09,5.25,5.28,5.1,5.19,63846,0
2016-05-10,5.24,5.4201,5.24,5.4,47039,0
2016-05-11,5.42,5.6,5.37,5.55,69633,0
2016-05-12,5.61,5.78,5.57,5.77,79100,0
2016-05-13,5.7,5.77,5.66,5.72,36127,0
2016-05-16,5.75,5.91,5.75,5.89,132362,0
2016-05-17,5.89,5.93,5.85,5.86,80809,0
2016-05-18,5.83,5.85,5.62,5.63,42129,0
2016-05-19,5.57,5.73,5.49,5.71,60623,0
2016-05-20,5.71,5.79,5.65,5.75,26929,0
2016-05-23,5.77,5.77,5.63,5.7,25635,0
2016-05-24,5.77,5.8,5.7,5.74,49409,0
2016-05-25,5.77,5.95,5.77,5.93,47051,0
2016-05-26,5.97,6.03,5.7899,5.86,95101,0
2016-05-27,5.83,5.94,5.75,5.86,59584,0
2016-05-31,5.8,5.93,5.77,5.89,48845,0
2016-06-01,5.79,5.93,5.78,5.92,33793,0
2016-06-02,5.85,5.99,5.84,5.91,67009,0
2016-06-03,5.98,6.05,5.89,5.94,54478,0
2016-06-06,6.0,6.17,6.0,6.09,76345,0
2016-06-07,6.16,6.2,6.13,6.15,100128,0
2016-06-08,6.23,6.31,5.99,6.0,258464,0
2016-06-09,5.94,6.09,5.93,5.95,134310,0
2016-06-10,5.93,5.93,5.7101,5.81,137095,0
2016-06-13,5.76,5.8686,5.64,5.69,88825,0
2016-06-14,5.62,5.79,5.62,5.64,61781,0
2016-06-15,5.62,5.73,5.53,5.53,67031,0
2016-06-16,5.49,5.51,5.38,5.41,61627,0
2016-06-17,5.52,5.64,5.5,5.61,108856,0
2016-06-20,5.69,5.82,5.62,5.7,86121,0
2016-06-21,5.68,5.7,5.6,5.63,40137,0
2016-06-22,5.68,5.68,5.46,5.5,60570,0
2016-06-23,5.59,5.61,5.5,5.54,52706,0
2016-06-24,5.3,5.46,5.29,5.36,63221,0
2016-06-27,5.31,5.4301,5.25,5.33,69068,0
2016-06-28,5.39,5.48,5.37,5.42,153881,0
2016-06-29,5.49,5.7001,5.43,5.69,119420,0
2016-06-30,5.66,5.72,5.5399,5.59,52500,0
2016-07-01,5.57,5.68,5.57,5.64,15295,0
2016-07-05,5.45,5.47,5.38,5.42,52696,0
2016-07-06,5.38,5.74,5.38,5.72,88947,0
2016-07-07,5.92,6.04,5.75,5.8,157198,0
2016-07-08,5.85,5.9,5.8,5.81,92287,0
2016-07-11,5.83,5.86,5.7,5.73,83064,0
2016-07-12,5.78,5.93,5.75,5.85,82090,0
2016-07-13,5.86,5.97,5.75,5.82,64559,0
2016-07-14,5.85,6.13,5.85,6.09,120014,0
2016-07-15,6.13,6.334,6.08,6.29,168268,0
2016-07-18,6.29,6.4901,6.26,6.48,214688,0
2016-07-19,6.46,6.4948,6.23,6.28,118108,0
2016-07-20,6.2,6.51,6.19,6.49,154589,0
2016-07-21,6.44,6.59,6.35,6.43,102122,0
2016-07-22,6.45,6.58,6.42,6.56,174066,0
2016-07-25,6.49,6.5,6.22,6.23,92011,0
2016-07-26,6.17,6.41,6.17,6.38,63224,0
2016-07-27,6.38,6.48,6.17,6.32,78432,0
2016-07-28,6.29,6.33,6.2117,6.24,66189,0
2016-07-29,6.25,6.36,6.21,6.35,52893,0
2016-08-01,6.25,6.28,6.11,6.11,72468,0
2016-08-02,6.18,6.2902,6.13,6.24,73458,0
2016-08-03,6.23,6.39,6.21,6.37,83925,0
2016-08-04,6.36,6.5,6.36,6.45,74479,0
2016-08-05,6.5,6.8201,6.5,6.67,253799,0
2016-08-08,6.7,6.85,6.7,6.72,110657,0
2016-08-09,6.71,6.86,6.69,6.73,61815,0
2016-08-10,6.74,6.85,6.64,6.65,97567,0
2016-08-11,6.68,6.865,6.68,6.77,144380,0
2016-08-12,6.79,6.92,6.78,6.87,120590,0
2016-08-15,6.94,7.0,6.88,7.0,120923,0
2016-08-16,7.0,7.2718,6.99,7.22,220657,0
2016-08-17,7.23,7.23,7.06,7.11,123354,0
2016-08-18,7.21,7.43,7.16,7.42,145724,0
2016-08-19,7.39,7.39,7.21,7.25,58029,0
2016-08-22,7.22,7.22,7.04,7.07,120334,0
2016-08-23,7.02,7.21,7.02,7.14,68399,0
2016-08-24,7.11,7.16,6.99,7.01,136485,0
2016-08-25,6.99,7.1,6.91,7.06,68214,0
2016-08-26,7.07,7.22,7.06,7.07,146407,0
2016-08-29,7.05,7.085,6.93,7.04,61060,0
2016-08-30,7.05,7.1,6.85,6.87,39847,0
2016-08-31,6.86,6.88,6.68,6.83,104449,0
2016-09-01,6.75,6.89,6.75,6.85,57787,0
2016-09-02,6.93,7.0,6.86,6.95,77331,0
2016-09-06,6.99,7.13,6.97,7.11,63202,0
2016-09-07,7.17,7.17,7.02,7.05,55883,0
2016-09-08,7.11,7.4,7.0401,7.31,95371,0
2016-09-09,7.2,7.2,6.88,6.95,107647,0
2016-09-12,6.86,6.96,6.77,6.92,68636,0
2016-09-13,6.84,6.85,6.66,6.66,68060,0
2016-09-14,6.65,6.82,6.56,6.61,74732,0
2016-09-15,6.58,6.85,6.58,6.73,68015,0
2016-09-16,6.67,6.69,6.55,6.55,42688,0
2016-09-19,6.64,6.64,6.505,6.53,45275,0
2016-09-20,6.5,6.71,6.5,6.7,65020,0
2016-09-21,6.8,7.0,6.76,6.97,114234,0
2016-09-22,7.05,7.12,6.85,6.91,184516,0
2016-09-23,6.84,6.89,6.68,6.73,48117,0
2016-09-26,6.76,6.85,6.73,6.73,61262,0
2016-09-27,6.71,6.71,6.61,6.67,48917,0
2016-09-28,6.71,7.022,6.66,6.98,94873,0
2016-09-29,6.99,7.109,6.91,6.93,79941,0
2016-09-30,6.97,7.07,6.96,7.03,61834,0
2016-10-03,7.05,7.27,6.98,7.25,115032,0
2016-10-04,7.17,7.23,6.96,6.98,86084,0
2016-10-05,7.05,7.31,7.03,7.27,83614,0
2016-10-06,7.3,7.47,7.12,7.45,147245,0
2016-10-07,7.45,7.45,7.11,7.23,125755,0
2016-10-10,7.31,7.41,7.18,7.21,75559,0
2016-10-11,7.27,7.45,7.26,7.35,147062,0
2016-10-12,7.29,7.33,7.211,7.25,41609,0
2016-10-13,7.25,7.58,7.25,7.44,219815,0
2016-10-14,7.6,7.82,7.55,7.75,373049,0
2016-10-17,7.8,7.877,7.66,7.69,151855,0
2016-10-18,7.77,7.8372,7.65,7.65,118753,0
2016-10-19,7.73,7.86,7.65,7.68,178833,0
2016-10-20,7.64,7.73,7.49,7.57,59213,0
2016-10-21,7.52,7.57,7.42,7.48,53893,0
2016-10-24,7.45,7.58,7.2,7.33,111896,0
2016-10-25,7.33,7.39,7.21,7.22,59628,0
2016-10-26,7.13,7.27,7.02,7.07,109558,0
2016-10-27,7.09,7.19,7.02,7.03,120636,0
2016-10-28,7.01,7.02,6.7,6.77,129514,0
2016-10-31,6.7,6.8,6.67,6.75,99711,0
2016-11-01,6.75,6.9,6.75,6.85,144221,0
2016-11-02,6.75,6.825,6.5,6.5,133248,0
2016-11-03,6.55,6.6,6.4,6.5,196156,0
2016-11-04,6.5,6.6,6.4,6.4,187586,0
2016-11-07,6.5,6.65,6.5,6.6,144725,0
2016-11-08,6.65,6.695,6.55,6.6,80113,0
2016-11-09,6.5,6.7,6.4,6.7,63410,0
2016-11-10,6.6,6.75,6.55,6.7,49720,0
2016-11-11,6.6,6.625,6.45,6.5,60283,0
2016-11-14,6.5,6.75,6.5,6.65,66967,0
2016-11-15,6.75,6.9,6.75,6.75,80470,0
2016-11-16,6.75,6.85,6.71,6.8,30512,0
2016-11-17,6.85,6.95,6.7,6.7,50482,0
2016-11-18,6.85,6.85,6.7,6.8,79349,0
2016-11-21,6.9,7.1,6.9,7.0,115664,0
2016-11-22,7.0,7.05,6.875,7.0,68085,0
2016-11-23,7.0,7.175,6.95,7.1,102053,0
2016-11-25,7.1,7.1,6.81,6.85,47538,0
2016-11-28,6.95,7.0,6.85,6.85,72684,0
2016-11-29,6.8,6.95,6.7,6.8,97890,0
2016-11-30,7.4,7.55,7.1,7.25,460743,0
2016-12-01,7.3,7.55,7.155,7.3,287876,0
2016-12-02,7.3,7.375,7.2,7.25,73151,0
2016-12-05,7.3,7.45,7.24,7.35,84531,0
2016-12-06,7.3,7.425,7.275,7.35,263397,0
2016-12-07,7.35,7.4,7.15,7.2,98839,0
2016-12-08,7.2,7.225,7.04,7.15,67438,0
2016-12-09,7.15,7.375,7.15,7.3,105544,0
2016-12-12,7.5,7.55,7.0,7.1,314207,0
2016-12-13,7.15,7.2,7.07,7.15,103175,0
2016-12-14,7.15,7.25,6.85,6.85,135116,0
2016-12-15,6.75,7.0,6.7,6.85,107408,0
2016-12-16,6.9,6.9,6.75,6.8,54607,0
2016-12-19,6.75,6.85,6.7,6.75,61978,0
2016-12-20,6.75,6.75,6.65,6.65,63438,0
2016-12-21,6.65,6.975,6.65,6.75,96437,0
2016-12-22,6.8,6.845,6.7,6.75,36535,0
2016-12-23,6.85,6.85,6.65,6.75,103221,0
2016-12-27,6.8,6.9,6.75,6.85,63352,0
2016-12-28,6.8,6.8,6.7,6.8,84706,0
2016-12-29,6.75,6.825,6.7,6.75,70674,0
2016-12-30,6.7,6.85,6.7,6.75,66922,0
2017-01-03,6.9,6.9,6.4105,6.55,207312,0
2017-01-04,6.55,6.7,6.505,6.6,145431,0
2017-01-05,6.65,6.75,6.6,6.6,92897,0
2017-01-06,6.7,6.725,6.55,6.6,167704,0
2017-01-09,6.5,6.54,6.3,6.35,138273,0
2017-01-10,6.4,6.5,6.3,6.35,90882,0
2017-01-11,6.35,6.6,6.325,6.5,75195,0
2017-01-12,6.55,6.65,6.45,6.45,84715,0
2017-01-13,6.5,6.6,6.45,6.6,104086,0
2017-01-17,6.65,6.65,6.475,6.5,68418,0
2017-01-18,6.45,6.5,6.2,6.25,129851,0
2017-01-19,6.3,6.5,6.3,6.35,118671,0
2017-01-20,6.45,6.55,6.4,6.45,53462,0
2017-01-23,6.4,6.4,6.15,6.3,103176,0
2017-01-24,6.3,6.575,6.3,6.55,92315,0
2017-01-25,6.5,6.65,6.5,6.65,72545,0
2017-01-26,6.7,6.7,6.5,6.55,87901,0
2017-01-27,6.5,6.55,6.4,6.5,161821,0
2017-01-30,6.5,6.5,6.3,6.5,159410,0
2017-01-31,6.45,6.475,6.4,6.4,56121,0
2017-02-01,6.45,6.475,6.35,6.45,69012,0
2017-02-02,6.45,6.55,6.4,6.45,66789,0
2017-02-03,6.5,6.525,6.425,6.5,80242,0
2017-02-06,6.45,6.45,6.05,6.1,138510,0
2017-02-07,6.05,6.1,6.0,6.1,125104,0
2017-02-08,6.05,6.35,5.975,6.3,114263,0
2017-02-09,6.45,6.7,6.4,6.7,198609,0
2017-02-10,6.7,6.7,6.45,6.5,119117,0
2017-02-13,6.5,6.5,6.35,6.45,57357,0
2017-02-14,6.45,6.55,6.405,6.5,61428,0
2017-02-15,6.45,6.625,6.45,6.6,32911,0
2017-02-16,6.6,6.65,6.5,6.6,76912,0
2017-02-17,6.55,6.595,6.4,6.4,67970,0
2017-02-21,6.45,6.45,6.319,6.45,114443,0
2017-02-22,6.35,6.4,6.2,6.2,91220,0
2017-02-23,6.25,6.35,6.225,6.25,82287,0
2017-02-24,6.2,6.25,6.1,6.15,128613,0
2017-02-27,6.15,6.15,6.0226,6.05,113072,0
2017-02-28,6.05,6.1,6.0,6.0,79671,0
2017-03-01,6.05,6.14,6.01,6.05,50483,0
2017-03-02,6.0,6.05,5.85,5.9,178936,0
2017-03-03,5.95,6.0,5.7,5.75,175553,0
2017-03-06,5.8,5.95,5.7,5.85,206007,0
2017-03-07,5.9,6.195,5.875,6.1,239135,0
2017-03-08,6.0,6.175,5.8,5.85,231666,0
2017-03-09,5.85,6.0,5.7,5.9,189406,0
2017-03-10,5.9,5.925,5.775,5.9,137965,0
2017-03-13,5.85,6.025,5.85,5.95,112707,0
2017-03-14,5.9,6.0,5.75,5.85,101119,0
2017-03-15,5.85,6.175,5.85,6.1,112529,0
2017-03-16,6.1,6.15,5.975,6.0,106719,0
2017-03-17,6.05,6.075,5.9,5.95,54437,0
2017-03-20,5.9,6.075,5.9,6.0,52214,0
2017-03-21,6.05,6.125,5.95,6.0,142146,0
2017-03-22,6.0,6.025,5.9,5.95,66292,0
2017-03-23,5.9,6.16,5.9,6.1,92712,0
2017-03-24,6.05,6.225,6.05,6.2,137556,0
2017-03-27,6.1,6.45,6.1,6.4,156233,0
2017-03-28,6.35,6.5,6.325,6.5,67341,0
2017-03-29,6.5,6.6,6.425,6.6,114242,0
2017-03-30,6.55,6.65,6.5,6.55,100926,0
2017-03-31,6.6,6.675,6.55,6.6,81646,0
2017-04-03,6.65,6.65,6.5,6.6,59710,0
2017-04-04,6.6,6.85,6.575,6.85,78609,0
2017-04-05,6.85,6.939,6.75,6.8,153847,0
2017-04-06,6.85,6.85,6.75,6.85,69077,0
2017-04-07,6.8,6.855,6.65,6.75,56258,0
2017-04-10,6.75,6.8,6.725,6.8,41134,0
2017-04-11,6.8,6.85,6.7,6.8,103289,0
2017-04-12,6.8,6.85,6.65,6.7,64773,0
2017-04-13,6.75,6.75,6.525,6.55,59746,0
2017-04-17,6.55,6.725,6.55,6.65,35781,0
2017-04-18,6.65,6.65,6.55,6.6,37866,0
2017-04-19,6.6,6.6,6.425,6.45,66435,0
2017-04-20,6.45,6.55,6.425,6.45,59025,0
2017-04-21,6.5,6.5,6.3744,6.5,72098,0
2017-04-24,6.45,6.525,6.4,6.4,46313,0
2017-04-25,6.5,6.5,6.3083,6.4,59284,0
2017-04-26,6.3,6.4,6.2,6.25,129740,0
2017-04-27,6.2,6.3,6.025,6.25,56500,0
2017-04-28,6.3,6.35,6.25,6.25,39971,0
2017-05-01,6.25,6.3,6.2,6.25,57042,0
2017-05-02,6.2,6.25,6.0,6.05,78557,0
2017-05-03,6.1,6.1,5.95,6.0,75321,0
2017-05-04,6.0,6.0,5.8233,5.9,99302,0
2017-05-05,6.0,6.2,5.925,6.1,144771,0
2017-05-08,6.1,6.2,6.076,6.2,85335,0
2017-05-09,6.2,6.2,6.075,6.1,158233,0
2017-05-10,6.15,6.55,6.15,6.5,208999,0
2017-05-11,6.5,6.65,6.5,6.55,161264,0
2017-05-12,6.5,6.58,6.4,6.45,152148,0
2017-05-15,6.6,6.675,6.525,6.65,80858,0
2017-05-16,6.6,6.688,6.55,6.55,99505,0
2017-05-17,6.55,6.65,6.45,6.5,190963,0
2017-05-18,6.45,6.525,6.4,6.5,119397,0
2017-05-19,6.5,6.775,6.5,6.7,535918,0
2017-05-22,6.75,6.8,6.55,6.55,66775,0
2017-05-23,6.6,6.725,6.6,6.7,81391,0
2017-05-24,6.7,6.75,6.5,6.6,133157,0
2017-05-25,6.55,6.7,6.35,6.4,102164,0
2017-05-26,6.35,6.5,6.3,6.4,47240,0
2017-05-30,6.45,6.45,6.25,6.3,124304,0
2017-05-31,6.2,6.325,6.15,6.25,106171,0
2017-06-01,6.25,6.3885,6.25,6.3,36705,0
2017-06-02,6.35,6.35,6.125,6.15,145584,0
2017-06-05,6.15,6.2,6.05,6.15,65277,0
2017-06-06,6.1,6.3,6.1,6.3,74561,0
2017-06-07,6.25,6.275,6.0,6.05,88544,0
2017-06-08,6.0,6.125,5.95,5.95,67071,0
2017-06-09,5.95,6.15,5.95,6.1,157101,0
2017-06-12,6.1,6.2,6.0,6.15,136890,0
2017-06-13,6.15,6.275,6.15,6.25,89427,0
2017-06-14,6.25,6.25,6.1,6.1,65883,0
2017-06-15,6.1,6.2,6.05,6.1,94864,0
2017-06-16,6.1,6.25,6.05,6.2,37102,0
2017-06-19,6.2,6.3,6.2,6.25,57552,0
2017-06-20,6.2,6.275,6.1,6.2,32858,0
2017-06-21,6.15,6.35,6.05,6.05,87243,0
2017-06-22,6.1,6.25,6.1,6.2,99550,0
2017-06-23,6.2,6.4,6.15,6.3,74624,0
2017-06-26,6.35,6.45,6.275,6.45,64160,0
2017-06-27,6.45,6.6,6.4,6.5,98926,0
2017-06-28,6.5,6.65,6.45,6.65,76926,0
2017-06-29,6.65,6.65,6.55,6.65,76691,0
2017-06-30,6.6,6.8,6.6,6.75,99904,0
2017-07-03,6.8,6.8,6.7,6.8,16062,0
2017-07-05,6.8,6.8,6.5685,6.65,39140,0
2017-07-06,6.6,6.8,6.6,6.7,93788,0
2017-07-07,6.65,6.65,6.475,6.55,226663,0
2017-07-10,6.5,6.725,6.5,6.7,156315,0
2017-07-11,6.8,6.8,6.65,6.7,106464,0
2017-07-12,6.7,7.0,6.7,6.85,278259,0
2017-07-13,6.85,6.9,6.8,6.9,180190,0
2017-07-14,6.9,6.95,6.85,6.9,80038,0
2017-07-17,6.85,7.0,6.85,6.9,74777,0
2017-07-18,7.0,7.1,6.9,7.05,115390,0
2017-07-19,7.1,7.35,7.06,7.3,109873,0
2017-07-20,7.1,7.175,6.95,7.0,180728,0
2017-07-21,7.0,7.0,6.825,7.0,82371,0
2017-07-24,7.0,7.0,6.8,6.9,150478,0
2017-07-25,6.95,7.15,6.925,7.05,102848,0
2017-07-26,7.05,7.25,7.05,7.1,79845,0
2017-07-27,7.05,7.15,7.025,7.1,84361,0
2017-07-28,7.15,7.275,7.0,7.05,133174,0
2017-07-31,7.05,7.05,6.825,6.9,76741,0
2017-08-01,6.85,6.9,6.7,6.8,91890,0
2017-08-02,6.75,6.875,6.7201,6.75,113805,0
2017-08-03,6.8,6.825,6.5,6.55,119134,0
2017-08-04,6.55,6.625,6.4406,6.55,114432,0
2017-08-07,6.5,6.55,6.4,6.45,31004,0
2017-08-08,6.4,6.65,6.4,6.65,99823,0
2017-08-09,6.65,6.75,6.6,6.65,109317,0
2017-08-10,6.65,6.65,6.4,6.45,101262,0
2017-08-11,6.45,6.55,6.45,6.45,62708,0
2017-08-14,6.45,6.55,6.3,6.35,82505,0
2017-08-15,6.35,6.35,6.25,6.25,46847,0
2017-08-16,6.25,6.35,6.25,6.3,40789,0
2017-08-17,6.3,6.4,6.3,6.35,87427,0
2017-08-18,6.3,6.45,6.2,6.4,99389,0
2017-08-21,6.45,6.45,6.275,6.35,93322,0
2017-08-22,6.4,6.4,6.3,6.35,66950,0
2017-08-23,6.3,6.5,6.3,6.45,43332,0
2017-08-24,6.45,6.45,6.35,6.4,27270,0
2017-08-25,6.4,6.5,6.35,6.45,23352,0
2017-08-28,6.45,6.5,6.3,6.35,62715,0
2017-08-29,6.3,6.35,6.2,6.35,42965,0
2017-08-30,6.35,6.35,6.25,6.3,23182,0
2017-08-31,6.3,6.4,6.3,6.35,69672,0
2017-09-01,6.4,6.5,6.35,6.45,35016,0
2017-09-05,6.45,6.55,6.3,6.35,97172,0
2017-09-06,6.35,6.5,6.125,6.2,145035,0
2017-09-07,6.25,6.4,6.25,6.4,74589,0
2017-09-08,6.4,6.4,6.16,6.2,92564,0
2017-09-11,6.2,6.3,6.2,6.25,28970,0
2017-09-12,6.2,6.375,6.2,6.3,76305,0
2017-09-13,6.3,6.55,6.3,6.45,51112,0
2017-09-14,6.5,6.645,6.475,6.5,30154,0
2017-09-15,6.55,6.55,6.325,6.4,58221,0
2017-09-18,6.4,6.45,6.3,6.4,28115,0
2017-09-19,6.45,6.575,6.45,6.5,46826,0
2017-09-20,6.55,6.7,6.5,6.6,75455,0
2017-09-21,6.55,6.65,6.5,6.6,58049,0
2017-09-22,6.6,6.6,6.475,6.6,119451,0
2017-09-25,6.6,6.7,6.6,6.65,51418,0
2017-09-26,6.6,6.6,6.5463,6.55,20408,0
2017-09-27,6.575,6.6,6.4,6.45,91609,0
2017-09-28,6.45,6.525,6.35,6.4,33094,0
2017-09-29,6.4,6.4,6.2,6.3,88540,0
2017-10-02,6.2,6.25,6.15,6.2,121241,0
2017-10-03,6.2,6.225,6.05,6.1,87671,0
2017-10-04,6.1,6.1,5.95,6.0,114843,0
2017-10-05,6.0,6.05,5.9,5.9,121328,0
2017-10-06,5.9,5.925,5.8,5.8,127872,0
2017-10-09,5.855,5.908,5.85,5.9,13887,0
2017-10-10,5.8,5.9,5.55,5.7,612559,0
2017-10-11,5.65,5.725,5.6,5.6,118112,0
2017-10-12,5.6,5.8,5.6,5.6,79487,0
2017-10-13,5.7,5.75,5.5,5.55,81418,0
2017-10-16,5.6,5.6,5.375,5.5,165668,0
2017-10-17,5.45,5.49,5.4,5.4,51741,0
2017-10-18,5.4,5.5315,5.4,5.45,50277,0
2017-10-19,5.45,5.55,5.35,5.5,46488,0
2017-10-20,5.45,5.5,5.4,5.45,67007,0
2017-10-23,5.45,5.495,5.44,5.45,37664,0
2017-10-24,5.5,5.575,5.4,5.45,88577,0
2017-10-25,5.45,5.45,5.255,5.3,76191,0
2017-10-26,5.35,5.35,5.16,5.2,142224,0
2017-10-27,5.15,5.25,5.05,5.2,146416,0
2017-10-30,5.25,5.4,5.25,5.4,53005,0
2017-10-31,5.35,5.375,5.3,5.35,148433,0
2017-11-01,5.35,5.6343,5.35,5.6,282213,0
2017-11-02,5.55,5.7254,5.55,5.65,178385,0
2017-11-03,5.7,5.75,5.6,5.7,120895,0
2017-11-06,5.7,5.8383,5.65,5.75,179917,0
2017-11-07,5.65,5.6757,5.65,5.65,107636,0
2017-11-08,5.7,5.7,5.55,5.6,53820,0
2017-11-09,5.65,5.79,5.605,5.7,143164,0
2017-11-10,5.75,5.9,5.7,5.9,155114,0
