Date,Open,High,Low,Close,Volume,OpenInt
2014-01-02,15.84,15.84,14.89,15.38,1276654,0
2014-01-03,15.32,15.74,15.32,15.67,569355,0
2014-01-06,15.79,15.92,15.29,15.64,997100,0
2014-01-07,15.62,15.91,15.45,15.91,839110,0
2014-01-08,16.51,18.57,16.5,17.93,5363100,0
2014-01-09,17.97,18.12,17.42,17.79,1278277,0
2014-01-10,17.79,18.88,17.5,18.68,2789688,0
2014-01-13,18.66,18.68,17.34,17.49,2173600,0
2014-01-14,17.64,18.14,17.45,18.07,1258200,0
2014-01-15,18.12,18.19,17.65,17.94,842400,0
2014-01-16,17.94,18.07,17.5,17.57,977300,0
2014-01-17,17.6,17.79,17.32,17.67,938080,0
2014-01-21,17.75,18.6,17.6,17.79,1404903,0
2014-01-22,17.86,18.12,17.35,18.0,1071100,0
2014-01-23,17.9,17.98,17.53,17.71,658500,0
2014-01-24,17.51,17.52,16.6,16.74,1585050,0
2014-01-27,16.78,16.88,16.08,16.52,979500,0
2014-01-28,16.53,16.97,16.3,16.65,1124200,0
2014-01-29,16.41,16.6,15.8,15.89,1050100,0
2014-01-30,16.12,16.52,16.0,16.3,1025500,0
2014-01-31,16.08,16.32,15.93,16.06,718600,0
2014-02-03,16.63,17.52,16.63,16.9,3023395,0
2014-02-04,16.98,17.13,16.46,16.83,8404891,0
2014-02-05,16.62,16.7,15.76,16.52,2143036,0
2014-02-06,16.47,17.09,16.41,16.72,1251096,0
2014-02-07,16.76,17.2,16.66,16.78,843494,0
2014-02-10,16.84,16.92,16.33,16.91,1130599,0
2014-02-11,16.94,17.16,16.66,16.91,999395,0
2014-02-12,16.87,17.08,16.6,16.79,618304,0
2014-02-13,16.62,17.23,16.4,17.13,781336,0
2014-02-14,17.08,17.189,16.854,17.09,504492,0
2014-02-18,17.11,18.48,17.01,18.08,2043268,0
2014-02-19,18.12,19.0,18.12,18.56,2359977,0
2014-02-20,18.64,19.06,17.82,19.02,1770273,0
2014-02-21,19.14,19.38,18.61,18.8,1523535,0
2014-02-24,18.9,19.47,18.9,19.07,1353997,0
2014-02-25,19.29,19.54,19.01,19.1,1669342,0
2014-02-26,20.0,20.01,18.07,18.93,4202210,0
2014-02-27,18.81,20.83,18.75,20.5,3027023,0
2014-02-28,20.0,20.11,19.01,19.23,2840313,0
2014-03-03,19.05,19.79,18.801,19.56,1212212,0
2014-03-04,19.83,20.39,19.83,20.28,1400346,0
2014-03-05,20.29,20.44,19.54,19.87,1494289,0
2014-03-06,19.83,19.95,19.51,19.65,697647,0
2014-03-07,19.65,19.85,18.72,18.89,1551982,0
2014-03-10,18.91,19.52,18.65,19.5,1193343,0
2014-03-11,19.57,19.58,18.8,18.91,1098377,0
2014-03-12,18.95,19.189,18.58,18.65,842365,0
2014-03-13,18.72,18.83,18.0,18.3,946603,0
2014-03-14,18.3,18.486,18.09,18.33,846495,0
2014-03-17,18.35,18.6,18.11,18.31,749996,0
2014-03-18,18.38,18.86,18.27,18.5,847750,0
2014-03-19,18.55,18.79,18.06,18.23,943214,0
2014-03-20,18.14,18.42,18.0,18.09,859795,0
2014-03-21,18.2,18.48,18.09,18.11,1152950,0
2014-03-24,18.15,18.25,17.37,17.85,1060364,0
2014-03-25,17.99,18.95,17.87,18.91,1803610,0
2014-03-26,19.27,19.73,18.82,18.85,1834200,0
2014-03-27,18.76,18.9,18.13,18.27,894049,0
2014-03-28,18.26,18.63,18.15,18.32,483821,0
2014-03-31,18.4,18.61,18.18,18.29,1245446,0
2014-04-01,18.4,19.17,18.4,18.99,1096805,0
2014-04-02,19.01,19.09,18.45,18.65,972032,0
2014-04-03,18.65,18.79,18.176,18.34,783586,0
2014-04-04,18.45,18.5,17.51,17.62,1262075,0
2014-04-07,17.55,17.73,16.82,17.06,1223959,0
2014-04-08,17.0,17.28,16.627,17.03,845264,0
2014-04-09,17.03,17.41,16.86,17.34,718963,0
2014-04-10,17.34,17.4,16.2,16.43,948723,0
2014-04-11,16.16,17.17,16.16,16.74,1217427,0
2014-04-14,16.95,17.24,16.49,16.78,860679,0
2014-04-15,16.86,17.57,16.78,17.3,1205635,0
2014-04-16,17.48,17.83,17.27,17.79,1115633,0
2014-04-17,17.79,17.94,17.39,17.88,1248985,0
2014-04-21,17.86,17.93,17.36,17.7,919317,0
2014-04-22,17.74,18.42,17.68,18.23,737351,0
2014-04-23,18.24,18.59,18.17,18.26,848510,0
2014-04-24,18.3,18.436,17.71,18.19,809468,0
2014-04-25,18.07,18.07,17.52,17.71,799524,0
2014-04-28,17.85,17.933,16.51,16.78,1167940,0
2014-04-29,16.84,17.2,16.62,17.08,951318,0
2014-04-30,17.02,17.19,15.33,16.15,1734446,0
2014-05-01,15.99,16.122,15.09,15.25,2363204,0
2014-05-02,15.25,15.34,14.1,14.13,2861081,0
2014-05-05,14.12,14.59,13.82,14.41,1384578,0
2014-05-06,14.28,14.28,13.18,13.2,1704177,0
2014-05-07,13.2,13.39,12.55,13.13,2596040,0
2014-05-08,13.05,13.5,13.01,13.14,1828252,0
2014-05-09,13.12,13.39,13.03,13.26,1176866,0
2014-05-12,13.6,14.31,13.5,14.06,1820852,0
2014-05-13,14.17,14.24,13.55,13.64,882918,0
2014-05-14,13.58,13.61,12.97,13.01,1415924,0
2014-05-15,12.93,13.13,12.62,13.05,1008639,0
2014-05-16,13.03,13.33,12.82,13.32,1074578,0
2014-05-19,13.31,13.66,13.111,13.52,893479,0
2014-05-20,13.48,13.48,12.76,12.87,1096546,0
2014-05-21,12.91,13.09,12.82,13.06,579896,0
2014-05-22,13.06,13.16,12.97,13.08,410885,0
2014-05-23,13.06,13.38,12.99,13.35,602111,0
2014-05-27,13.43,13.605,13.33,13.48,574131,0
2014-05-28,13.46,13.61,13.19,13.27,583184,0
2014-05-29,13.41,13.555,13.23,13.52,605169,0
2014-05-30,13.52,13.57,13.23,13.27,653805,0
2014-06-02,13.28,13.355,13.04,13.32,574490,0
2014-06-03,13.19,13.32,12.98,13.0,614284,0
2014-06-04,12.96,13.19,12.87,13.05,466368,0
2014-06-05,13.22,13.37,12.95,13.36,631185,0
2014-06-06,13.42,13.64,13.29,13.35,475826,0
2014-06-09,13.31,13.66,13.26,13.53,802478,0
2014-06-10,13.42,14.65,13.18,14.28,2538009,0
2014-06-11,14.06,14.23,13.7,13.91,1007463,0
2014-06-12,13.9,14.08,13.51,14.03,680152,0
2014-06-13,14.08,14.09,13.62,13.87,485218,0
2014-06-16,13.84,13.955,13.65,13.78,494467,0
2014-06-17,13.85,14.19,13.65,14.07,723144,0
2014-06-18,14.08,14.12,13.81,13.86,462261,0
2014-06-19,14.0,14.0,13.62,13.695,623580,0
2014-06-20,13.74,14.25,13.57,13.85,1853067,0
2014-06-23,13.82,13.82,13.572,13.7,611306,0
2014-06-24,13.73,13.73,13.36,13.43,797715,0
2014-06-25,13.36,13.488,13.18,13.46,532991,0
2014-06-26,13.45,13.53,13.14,13.29,408455,0
2014-06-27,13.22,13.42,13.13,13.39,649743,0
2014-06-30,13.31,13.32,12.99,13.3,1199940,0
2014-07-01,13.35,13.74,13.2,13.5,1124800,0
2014-07-02,13.48,13.69,13.22,13.28,492700,0
2014-07-03,13.33,13.36,13.11,13.18,270751,0
2014-07-07,13.12,13.17,12.86,12.89,685624,0
2014-07-08,12.88,13.02,11.97,12.0,2097939,0
2014-07-09,12.09,12.36,11.27,11.37,2497487,0
2014-07-10,11.2,11.29,10.81,11.24,1856425,0
2014-07-11,11.26,11.48,11.0,11.2,958790,0
2014-07-14,11.32,11.4,11.14,11.21,986463,0
2014-07-15,11.22,11.29,10.81,10.88,1580869,0
2014-07-16,10.96,10.97,10.7,10.78,1031959,0
2014-07-17,10.68,10.79,10.46,10.5,1423324,0
2014-07-18,10.63,11.4,10.5,11.36,1993575,0
2014-07-21,11.29,11.55,11.06,11.46,887470,0
2014-07-22,11.51,11.72,11.43,11.53,590233,0
2014-07-23,11.57,11.57,11.22,11.23,515141,0
2014-07-24,11.24,11.6,11.24,11.44,735396,0
2014-07-25,11.35,11.75,11.3,11.49,899159,0
2014-07-28,11.48,11.62,11.19,11.31,567420,0
2014-07-29,11.32,11.61,11.284,11.5,590073,0
2014-07-30,12.33,13.57,12.25,13.36,3957055,0
2014-07-31,13.13,13.2,12.0,12.06,2098893,0
2014-08-01,12.01,12.08,11.37,11.515,1264809,0
2014-08-04,11.51,11.64,11.28,11.44,749273,0
2014-08-05,11.49,11.9,11.44,11.64,1001791,0
2014-08-06,11.86,12.38,11.8,12.35,1604906,0
2014-08-07,12.68,12.69,12.17,12.18,1049457,0
2014-08-08,12.22,12.43,12.02,12.38,825941,0
2014-08-11,12.43,12.49,12.141,12.38,655314,0
2014-08-12,12.34,12.46,11.97,12.02,806781,0
2014-08-13,12.05,12.45,12.02,12.36,730678,0
2014-08-14,12.39,12.74,12.2,12.71,765539,0
2014-08-15,13.15,14.14,13.14,13.91,3366401,0
2014-08-18,14.71,15.58,14.57,14.68,5383978,0
2014-08-19,15.43,16.12,15.1,16.11,5390651,0
2014-08-20,15.82,15.98,15.22,15.46,3030452,0
2014-08-21,15.63,15.91,15.31,15.89,3002963,0
2014-08-22,15.91,16.48,15.43,15.71,2811292,0
2014-08-25,16.17,16.54,15.86,15.95,3306516,0
2014-08-26,15.99,16.0,15.47,15.67,1880060,0
2014-08-27,15.79,16.16,15.51,15.95,2136765,0
2014-08-28,15.74,15.9,15.45,15.67,1753742,0
2014-08-29,15.68,15.83,15.35,15.67,1123827,0
2014-09-02,16.1,17.7,15.85,17.54,6048519,0
2014-09-03,18.06,18.24,16.62,16.74,5234090,0
2014-09-04,17.28,18.39,17.27,17.55,7610095,0
2014-09-05,18.62,18.76,17.93,18.27,8428199,0
2014-09-08,18.31,18.35,17.36,17.82,3893332,0
2014-09-09,17.83,17.87,17.11,17.22,2781251,0
2014-09-10,17.25,17.83,17.05,17.73,2340783,0
2014-09-11,17.9,18.16,17.54,17.79,4122560,0
2014-09-12,18.29,18.7,17.87,18.43,5032349,0
2014-09-15,18.62,18.65,17.77,17.79,2659416,0
2014-09-16,17.65,18.22,17.31,18.01,3035269,0
2014-09-17,17.76,17.95,17.08,17.2,3360989,0
2014-09-18,17.24,17.3,16.35,16.91,3411641,0
2014-09-19,16.96,17.04,16.08,16.13,2992756,0
2014-09-22,16.0,16.07,15.3,15.97,2666946,0
2014-09-23,15.68,16.07,15.68,15.81,1247879,0
2014-09-24,16.16,16.37,15.95,16.08,1546414,0
2014-09-25,16.1,16.59,15.98,15.99,2225671,0
2014-09-26,16.01,16.08,15.4,15.67,1828453,0
2014-09-29,15.31,15.52,15.17,15.4,1856556,0
2014-09-30,15.88,15.95,15.21,15.44,3238797,0
2014-10-01,15.34,15.34,14.3,14.59,3050405,0
2014-10-02,14.6,15.37,14.59,15.26,2067711,0
2014-10-03,15.37,15.39,14.65,15.07,1783532,0
2014-10-06,15.82,15.85,14.781,14.985,1687262,0
2014-10-07,14.78,14.809,14.42,14.44,1685646,0
2014-10-08,14.64,14.76,14.06,14.54,2035166,0
2014-10-09,14.46,14.97,14.36,14.71,1806002,0
2014-10-10,14.63,14.76,13.91,14.06,1833663,0
2014-10-13,14.04,14.2,13.4,13.61,1874054,0
2014-10-14,13.8,14.51,13.77,14.2,1546001,0
2014-10-15,13.79,14.85,13.61,14.69,1730365,0
2014-10-16,14.31,15.13,14.11,14.97,1449297,0
2014-10-17,15.19,15.46,14.99,15.05,1530715,0
2014-10-20,14.95,15.07,14.6,14.73,1085885,0
2014-10-21,14.83,15.23,14.61,15.07,1117086,0
2014-10-22,15.18,15.25,14.82,14.98,893894,0
2014-10-23,15.07,15.42,14.9,15.26,1039135,0
2014-10-24,15.22,15.57,15.11,15.465,917609,0
2014-10-27,15.29,15.69,15.22,15.63,1232624,0
2014-10-28,15.72,16.35,15.33,16.28,1800033,0
2014-10-29,16.27,16.5,15.83,16.47,2214700,0
2014-10-30,17.55,18.42,16.86,17.7,10056642,0
2014-10-31,18.03,18.98,17.9,18.84,8309059,0
2014-11-03,18.51,19.45,18.37,19.17,4528466,0
2014-11-04,19.05,19.17,18.25,18.49,4263669,0
2014-11-05,18.97,19.05,18.53,18.58,1953369,0
2014-11-06,18.67,18.72,18.19,18.43,1693494,0
2014-11-07,18.34,18.53,17.73,18.52,2615616,0
2014-11-10,18.6,19.13,18.24,18.93,3037513,0
2014-11-11,19.05,19.95,19.02,19.51,3294933,0
2014-11-12,19.43,20.03,19.07,19.75,2718170,0
2014-11-13,19.8,20.36,19.2,19.64,3492714,0
2014-11-14,19.51,20.69,19.42,20.19,3925425,0
2014-11-17,20.11,20.2,19.48,19.51,2507925,0
2014-11-18,19.6,20.53,19.6,20.13,2543634,0
2014-11-19,20.08,20.36,19.8,20.05,1751241,0
2014-11-20,19.93,20.94,19.76,20.57,2959573,0
2014-11-21,20.9,21.01,18.86,19.34,6346486,0
2014-11-24,19.17,19.78,19.17,19.72,2500169,0
2014-11-25,20.1,20.83,19.7,20.59,4026355,0
2014-11-26,21.55,22.35,21.14,21.87,9277739,0
2014-11-28,22.02,22.12,20.93,21.48,2437004,0
2014-12-01,21.35,22.4,20.79,22.09,4800750,0
2014-12-02,22.93,24.44,22.75,23.34,12740087,0
2014-12-03,22.33,22.98,21.63,22.86,7924637,0
2014-12-04,23.69,24.45,23.27,24.15,9257348,0
2014-12-05,24.5,25.02,24.1,24.82,4972871,0
2014-12-08,24.0,24.1,21.66,23.32,8688866,0
2014-12-09,21.57,23.32,21.06,23.26,5006485,0
2014-12-10,23.15,23.73,22.3,22.52,3694774,0
2014-12-11,23.5,23.73,22.86,23.19,3509617,0
2014-12-12,22.98,23.88,22.8,23.19,3296809,0
2014-12-15,23.4,23.44,22.76,22.87,2392136,0
2014-12-16,22.76,23.31,22.55,22.85,2563657,0
2014-12-17,24.15,24.86,23.76,24.61,5890150,0
2014-12-18,25.05,25.14,23.64,24.18,3247622,0
2014-12-19,24.25,24.26,23.61,23.98,2503847,0
2014-12-22,24.81,26.39,24.74,26.06,5921893,0
2014-12-23,26.69,27.1,25.65,26.02,4013003,0
2014-12-24,26.5,26.97,26.12,26.865,2148789,0
2014-12-26,27.01,27.65,26.54,26.91,2604011,0
2014-12-29,26.71,27.18,26.27,26.71,2040674,0
2014-12-30,26.55,27.0,26.46,26.82,1441325,0
2014-12-31,26.84,27.15,26.45,26.48,1767759,0
2015-01-02,26.7,26.75,25.56,26.51,2273829,0
2015-01-05,26.15,26.4,25.46,25.69,2444314,0
2015-01-06,26.11,26.22,24.74,25.57,3446027,0
2015-01-07,25.89,26.2,25.22,25.98,1646629,0
2015-01-08,26.19,26.66,25.75,26.63,2393014,0
2015-01-09,26.62,26.63,26.01,26.27,1445508,0
2015-01-12,26.24,26.41,25.53,25.84,1207386,0
2015-01-13,26.11,26.84,25.4,25.72,2216211,0
2015-01-14,25.43,26.24,25.12,25.91,1864868,0
2015-01-15,26.18,26.33,25.21,25.23,1453344,0
2015-01-16,25.32,25.62,24.972,25.36,1628627,0
2015-01-20,25.57,27.45,25.25,26.91,4830712,0
2015-01-21,26.78,27.189,26.28,26.8,2597332,0
2015-01-22,26.97,27.79,26.35,27.44,2924397,0
2015-01-23,27.38,28.3,27.18,27.61,2063586,0
2015-01-26,27.68,28.23,27.6,27.89,1384466,0
2015-01-27,27.47,28.03,27.38,27.69,1615999,0
2015-01-28,27.9,28.19,27.28,27.29,1686408,0
2015-01-29,27.23,27.82,26.56,27.81,1535482,0
2015-01-30,27.52,27.97,27.0,27.01,1226857,0
2015-02-02,26.98,27.02,25.92,26.9,1477875,0
2015-02-03,26.9,27.24,25.66,25.8,2326786,0
2015-02-04,25.8,26.65,25.77,26.42,1327742,0
2015-02-05,26.55,27.0,26.28,26.98,1165919,0
2015-02-06,26.98,27.16,26.3,26.64,1024806,0
2015-02-09,26.31,26.77,26.12,26.28,769770,0
2015-02-10,26.39,26.69,26.01,26.58,743293,0
2015-02-11,26.5,26.7,26.25,26.27,959618,0
2015-02-12,26.36,27.39,26.36,27.38,1356575,0
2015-02-13,27.45,27.88,26.89,26.96,1173375,0
2015-02-17,27.05,27.32,26.6,26.87,757405,0
2015-02-18,26.76,27.18,26.4,26.99,848697,0
2015-02-19,26.84,27.64,26.77,27.16,981968,0
2015-02-20,27.23,27.77,27.04,27.58,1142068,0
2015-02-23,27.76,27.93,27.22,27.76,1404917,0
2015-02-24,27.62,27.92,27.25,27.51,1165778,0
2015-02-25,27.42,27.57,26.73,27.05,2026821,0
2015-02-26,25.77,25.85,22.19,22.68,13123375,0
2015-02-27,23.41,23.93,23.1,23.48,5849016,0
2015-03-02,23.4,23.5,22.38,22.64,3108600,0
2015-03-03,22.78,22.9,21.54,21.93,3988100,0
2015-03-04,21.75,22.98,21.45,22.65,2699300,0
2015-03-05,22.83,22.92,22.3,22.53,1547900,0
2015-03-06,22.32,22.71,22.06,22.65,2126000,0
2015-03-09,22.6,22.8,21.94,22.03,1151900,0
2015-03-10,21.67,21.96,21.39,21.84,1331100,0
2015-03-11,21.83,22.25,21.7,22.06,1162200,0
2015-03-12,22.47,24.4,22.3,23.52,3242400,0
2015-03-13,24.1,24.19,23.69,23.93,1947600,0
2015-03-16,23.95,24.15,23.38,23.53,1179200,0
2015-03-17,23.38,23.7,23.24,23.44,1015400,0
2015-03-18,23.36,23.98,23.35,23.96,934800,0
2015-03-19,23.83,24.49,23.8,24.37,1068300,0
2015-03-20,24.59,24.6,24.0,24.09,1167900,0
2015-03-23,24.04,24.62,24.01,24.29,1304500,0
2015-03-24,24.39,25.65,24.39,25.3,1922600,0
2015-03-25,25.22,25.45,24.21,24.35,1464500,0
2015-03-26,24.17,24.38,23.79,24.21,938400,0
2015-03-27,24.15,24.62,23.92,24.07,873100,0
2015-03-30,24.15,24.88,24.13,24.63,767200,0
2015-03-31,25.0,25.0,24.06,24.11,1216440,0
2015-04-01,24.01,24.38,23.41,24.24,1020700,0
2015-04-02,24.21,24.47,24.04,24.44,747900,0
2015-04-06,24.19,24.71,24.16,24.51,654900,0
2015-04-07,24.46,25.0,24.4,24.53,765920,0
2015-04-08,24.81,25.32,24.14,25.16,1367500,0
2015-04-09,26.27,27.48,26.2,27.4,5229294,0
2015-04-10,27.48,27.5,26.8,27.07,2000100,0
2015-04-13,27.28,27.46,26.82,27.02,1054000,0
2015-04-14,27.15,27.58,26.6,26.83,1293400,0
2015-04-15,27.09,27.36,26.53,27.15,1546331,0
2015-04-16,27.01,28.61,26.85,27.83,3256114,0
2015-04-17,29.41,29.65,28.06,28.4,4558000,0
2015-04-20,29.01,30.47,28.6,30.37,4136370,0
2015-04-21,29.96,30.0,28.74,29.5,3067544,0
2015-04-22,28.79,29.67,28.7,29.5,1558275,0
2015-04-23,29.27,30.18,28.78,29.68,1643500,0
2015-04-24,29.63,30.0,29.51,29.67,1272676,0
2015-04-27,29.76,29.9,28.1,28.37,2566400,0
2015-04-28,28.85,29.35,28.05,28.89,3162858,0
2015-04-29,28.76,28.79,27.88,28.07,2600800,0
2015-04-30,30.73,31.15,29.24,30.19,8804700,0
2015-05-01,30.6,33.23,30.5,32.37,6940700,0
2015-05-04,32.83,34.24,32.18,33.7,6235800,0
2015-05-05,33.97,35.0,33.87,34.6,6241200,0
2015-05-06,34.98,34.98,33.51,34.41,3863401,0
2015-05-07,33.25,33.35,31.94,32.58,4575638,0
2015-05-08,32.79,32.89,31.12,31.94,4940600,0
2015-05-11,32.0,33.9,31.86,33.19,3494700,0
2015-05-12,32.83,34.0,32.53,33.66,2678581,0
2015-05-13,34.0,34.49,33.47,33.54,1801535,0
2015-05-14,33.55,33.95,33.0,33.7,1357400,0
2015-05-15,33.61,33.69,32.62,32.97,1867165,0
2015-05-18,31.83,32.49,30.38,32.43,4273159,0
2015-05-19,32.51,33.0,32.25,32.35,1528619,0
2015-05-20,32.3,32.48,31.42,31.86,1815607,0
2015-05-21,31.99,32.9,31.9,32.26,1371000,0
2015-05-22,32.38,32.43,31.73,31.87,1129900,0
2015-05-26,31.76,31.83,30.48,31.3,2778375,0
2015-05-27,31.35,31.65,31.24,31.41,1167300,0
2015-05-28,31.43,32.4,31.27,31.91,1646866,0
2015-05-29,31.71,31.91,31.42,31.58,1069000,0
2015-06-01,31.7,31.87,30.73,30.89,1733988,0
2015-06-02,30.77,31.61,30.62,31.51,1547503,0
2015-06-03,32.15,32.35,31.37,31.72,1829800,0
2015-06-04,31.53,32.25,31.03,31.36,1668700,0
2015-06-05,31.4,32.5,31.17,32.21,2042900,0
2015-06-08,32.35,33.17,32.0,32.88,3002400,0
2015-06-09,33.02,33.9,32.93,33.59,3020864,0
2015-06-10,33.75,35.16,33.75,34.96,3705129,0
2015-06-11,35.26,35.95,34.55,35.03,2712025,0
2015-06-12,34.74,34.77,33.75,33.99,2165800,0
2015-06-15,33.73,35.12,33.11,34.91,2001300,0
2015-06-16,34.75,35.22,34.42,34.6,1336500,0
2015-06-17,35.09,35.33,34.44,34.65,1586600,0
2015-06-18,35.35,35.79,34.81,34.96,2826700,0
2015-06-19,35.0,35.15,34.12,34.56,3051600,0
2015-06-22,34.72,34.88,33.79,34.0,2106800,0
2015-06-23,33.77,34.8,33.42,34.65,2198009,0
2015-06-24,34.5,34.6,33.71,33.78,1451500,0
2015-06-25,34.02,34.37,33.63,33.82,1443300,0
2015-06-26,33.86,34.11,33.46,33.56,1623800,0
2015-06-29,32.23,33.22,31.11,31.6,3515100,0
2015-06-30,32.04,33.47,31.61,33.31,2622648,0
2015-07-01,33.5,33.53,32.67,33.18,1589800,0
2015-07-02,33.19,33.4,32.3,32.51,970000,0
2015-07-06,31.82,32.9,31.79,32.23,1114300,0
2015-07-07,32.36,32.7,31.31,32.61,1509400,0
2015-07-08,32.18,32.49,31.11,31.39,1913200,0
2015-07-09,32.19,32.73,31.9,32.4,2138000,0
2015-07-10,32.95,33.18,32.6,33.04,976300,0
2015-07-13,33.14,33.44,32.52,33.07,1577100,0
2015-07-14,33.01,33.33,32.44,32.59,947200,0
2015-07-15,32.64,33.06,32.06,32.96,1899460,0
2015-07-16,32.93,34.8,32.93,34.37,2845300,0
2015-07-17,34.6,34.6,33.81,34.0,1178600,0
2015-07-20,34.24,34.91,32.5,32.55,2387300,0
2015-07-21,32.46,32.96,32.01,32.63,983700,0
2015-07-22,32.59,33.36,32.15,32.2,1334100,0
2015-07-23,32.22,32.53,31.62,31.71,1167900,0
2015-07-24,31.84,32.2,30.64,30.9,1613700,0
2015-07-27,30.76,30.9,29.17,30.33,1817300,0
2015-07-28,30.38,31.1,29.35,30.78,2107200,0
2015-07-29,31.1,31.78,30.4,31.7,2276695,0
2015-07-30,32.03,32.82,27.63,28.11,9392100,0
2015-07-31,28.61,28.8,26.25,27.22,5854600,0
2015-08-03,27.03,27.08,25.1,25.13,3795755,0
2015-08-04,25.53,26.54,25.29,26.23,3770900,0
2015-08-05,26.05,26.42,25.26,25.32,2576200,0
2015-08-06,25.45,25.59,23.95,24.45,2352475,0
2015-08-07,24.2,24.28,23.03,24.04,1770100,0
2015-08-10,24.03,25.23,23.79,24.65,2280200,0
2015-08-11,24.25,24.84,23.82,24.23,1446721,0
2015-08-12,23.6,23.85,22.73,23.25,1933700,0
2015-08-13,23.76,24.48,23.24,24.08,1714700,0
2015-08-14,23.91,24.2,23.53,23.99,939500,0
2015-08-17,23.6,24.41,23.57,24.29,962800,0
2015-08-18,23.98,24.23,23.5,23.91,1048300,0
2015-08-19,23.5,23.65,22.6,23.02,1990400,0
2015-08-20,22.56,22.87,21.45,21.7,2354400,0
2015-08-21,21.0,22.08,20.26,21.29,3962200,0
2015-08-24,19.01,21.495,18.05,20.4,3267682,0
2015-08-25,21.2,22.21,20.73,21.36,2262200,0
2015-08-26,21.88,22.83,21.36,22.36,2918300,0
2015-08-27,22.85,23.79,22.35,23.63,3000500,0
2015-08-28,23.59,23.89,23.32,23.71,1536500,0
2015-08-31,23.45,23.83,23.3,23.4,1181400,0
2015-09-01,22.75,23.07,22.4,22.5,1464900,0
2015-09-02,23.19,24.18,22.97,23.87,2046100,0
2015-09-03,23.83,24.25,23.37,23.45,1209900,0
2015-09-04,23.24,23.95,23.02,23.63,725600,0
2015-09-08,24.03,24.49,23.91,24.28,1188400,0
2015-09-09,24.45,24.5,23.71,23.76,1042300,0
2015-09-10,23.65,24.02,23.54,23.76,707385,0
2015-09-11,23.45,23.85,23.25,23.73,696000,0
2015-09-14,23.68,24.03,23.63,23.87,710000,0
2015-09-15,23.97,24.32,23.35,24.14,754200,0
2015-09-16,24.17,24.32,23.95,24.02,1115100,0
2015-09-17,23.94,24.5,23.94,24.18,1192499,0
2015-09-18,23.75,24.17,23.75,23.96,1376700,0
2015-09-21,24.0,24.16,23.56,23.81,1299900,0
2015-09-22,23.41,23.78,23.18,23.37,1369600,0
2015-09-23,23.41,23.89,23.14,23.21,1484082,0
2015-09-24,23.56,24.43,23.34,24.04,1733273,0
2015-09-25,24.36,24.38,23.44,23.58,1429700,0
2015-09-28,23.48,23.54,21.77,21.95,1742398,0
2015-09-29,21.99,22.05,21.3,21.58,1284100,0
2015-09-30,21.89,22.23,21.6,22.02,1459200,0
2015-10-01,22.07,22.45,21.75,22.23,859600,0
2015-10-02,21.84,22.64,21.71,22.59,844600,0
2015-10-05,22.76,23.4,22.661,23.31,854929,0
2015-10-06,23.35,24.22,23.23,23.97,1230400,0
2015-10-07,24.24,25.73,24.129,25.66,2642094,0
2015-10-08,25.73,26.11,24.62,25.34,2159400,0
2015-10-09,26.48,26.48,24.55,24.7,1832400,0
2015-10-12,24.65,24.7,24.02,24.22,716847,0
2015-10-13,24.1,24.34,23.64,23.72,911200,0
2015-10-14,23.65,23.99,23.32,23.39,906100,0
2015-10-15,23.57,24.25,23.5,24.22,1186000,0
2015-10-16,24.32,24.68,24.05,24.63,901200,0
2015-10-19,24.55,24.9,24.47,24.77,697166,0
2015-10-20,24.67,25.83,20.99,22.095,6090044,0
2015-10-21,22.21,22.25,21.4,21.83,2712900,0
2015-10-22,21.86,22.26,21.63,22.03,1017400,0
2015-10-23,22.17,22.62,22.0,22.36,970500,0
2015-10-26,23.22,24.23,22.83,23.56,2335900,0
2015-10-27,23.98,23.99,22.56,22.92,1707200,0
2015-10-28,23.03,23.49,22.55,23.48,1347500,0
2015-10-29,23.5,24.1,23.02,23.39,1456800,0
2015-10-30,23.44,23.59,22.73,23.41,1201700,0
2015-11-02,23.4,24.19,23.19,23.88,2109000,0
2015-11-03,23.0,23.0,20.25,20.91,9401912,0
2015-11-04,21.42,21.97,20.27,20.58,4361159,0
2015-11-05,20.44,20.91,18.8,20.16,3876700,0
2015-11-06,20.07,20.36,19.88,20.19,2254000,0
2015-11-09,20.18,20.2,18.96,19.24,2313108,0
2015-11-10,19.05,19.25,18.55,18.81,2149700,0
2015-11-11,18.75,18.86,18.39,18.55,1195900,0
2015-11-12,18.38,18.47,18.07,18.11,1337100,0
2015-11-13,18.0,18.07,17.08,17.4,2464400,0
2015-11-16,17.25,17.62,17.19,17.38,1827600,0
2015-11-17,17.4,17.5,16.74,16.76,1924600,0
2015-11-18,18.12,19.1,18.0,18.33,4707000,0
2015-11-19,18.55,18.64,17.66,17.82,1902700,0
2015-11-20,17.89,18.16,17.75,18.16,1650500,0
2015-11-23,18.28,18.42,18.01,18.24,1471100,0
2015-11-24,19.48,19.84,18.78,19.31,3340500,0
2015-11-25,19.35,19.5,19.1,19.27,1535800,0
2015-11-27,19.22,19.27,18.51,18.84,883700,0
2015-11-30,18.96,19.17,18.62,18.7,925300,0
2015-12-01,18.77,18.85,18.2,18.39,1226560,0
2015-12-02,18.31,18.44,17.78,18.03,1964104,0
2015-12-03,18.13,18.34,17.66,17.84,1550759,0
2015-12-04,17.68,17.97,17.46,17.77,1361200,0
2015-12-07,17.88,17.92,16.98,17.27,1461000,0
2015-12-08,16.99,17.15,16.7,16.93,1784902,0
2015-12-09,16.78,17.04,16.33,16.63,1901700,0
2015-12-10,16.95,17.94,16.8,17.73,2387800,0
2015-12-11,17.37,17.62,16.95,17.03,1521600,0
2015-12-14,17.06,17.11,16.14,16.29,1826970,0
2015-12-15,16.39,17.22,16.38,17.0,1494300,0
2015-12-16,17.15,17.16,16.55,16.78,1235000,0
2015-12-17,16.81,17.31,16.76,16.98,1082200,0
2015-12-18,16.89,17.36,16.78,16.89,1634800,0
2015-12-21,17.08,18.1,17.01,17.93,1788800,0
2015-12-22,18.0,18.05,17.14,17.5,1277733,0
2015-12-23,17.58,18.34,17.43,18.03,1062000,0
2015-12-24,17.93,18.226,17.62,17.85,596452,0
2015-12-28,17.7,17.82,17.14,17.245,1059067,0
2015-12-29,17.29,17.65,17.025,17.41,1090363,0
2015-12-30,17.52,18.75,17.5,17.81,1731754,0
2015-12-31,17.76,17.81,17.25,17.29,1149398,0
2016-01-04,17.0,17.09,16.5,16.83,1292326,0
2016-01-05,16.98,17.21,16.62,17.02,1182186,0
2016-01-06,17.92,18.37,17.4,17.64,2891030,0
2016-01-07,17.2,17.49,16.5,16.59,1934326,0
2016-01-08,16.8,17.12,16.24,16.28,1150791,0
2016-01-11,16.5,16.72,15.57,15.86,1618266,0
2016-01-12,16.02,16.4617,15.58,16.02,1223463,0
2016-01-13,16.09,16.36,15.33,15.41,1122877,0
2016-01-14,15.44,15.8,14.93,15.48,1447271,0
2016-01-15,14.7,15.205,14.245,14.63,2196399,0
2016-01-19,14.63,14.89,14.19,14.5,1485300,0
2016-01-20,14.15,15.4162,13.5601,15.1,2828605,0
2016-01-21,15.86,16.68,15.58,15.66,2986733,0
2016-01-22,16.06,16.206,15.28,15.43,1150910,0
2016-01-25,15.27,15.35,14.72,15.02,1451924,0
2016-01-26,15.08,15.87,14.72,15.85,1375822,0
2016-01-27,15.63,15.73,15.12,15.15,659761,0
2016-01-28,15.33,15.55,14.735,14.8,830025,0
2016-01-29,14.86,15.4,14.86,15.39,993349,0
2016-02-01,15.17,15.55,14.8003,15.43,873022,0
2016-02-02,15.22,15.33,14.46,14.75,1433293,0
2016-02-03,14.8,15.15,14.22,15.06,820022,0
2016-02-04,15.06,15.94,15.01,15.8,1248928,0
2016-02-05,15.64,15.95,15.18,15.53,1109557,0
2016-02-08,15.24,15.38,14.72,15.38,1048528,0
2016-02-09,15.1,15.45,14.84,15.37,966145,0
2016-02-10,15.45,16.19,15.394,15.48,1007489,0
2016-02-11,15.09,15.72,15.03,15.41,1031939,0
2016-02-12,15.55,15.68,15.0,15.43,754369,0
2016-02-16,15.63,16.35,15.41,16.32,979675,0
2016-02-17,16.4,17.23,16.2,17.13,1373879,0
2016-02-18,17.2,17.39,16.64,17.11,737853,0
2016-02-19,17.03,17.13,16.71,17.12,869365,0
2016-02-22,17.24,17.32,17.05,17.26,1044489,0
2016-02-23,17.13,17.27,16.96,17.0,616799,0
2016-02-24,16.8,17.235,16.3005,17.22,830377,0
2016-02-25,17.2,17.37,16.84,17.21,922578,0
2016-02-26,17.28,17.8,17.27,17.48,1226670,0
2016-02-29,20.52,20.69,19.3,19.38,6893323,0
2016-03-01,19.11,19.57,18.52,19.44,2393837,0
2016-03-02,19.39,19.78,19.25,19.52,1406518,0
2016-03-03,19.48,19.74,19.115,19.47,1119344,0
2016-03-04,19.44,19.85,19.17,19.45,1353329,0
2016-03-07,19.4,20.58,19.3365,19.85,2057300,0
2016-03-08,19.81,20.22,19.52,19.54,1186995,0
2016-03-09,19.63,19.82,19.4,19.54,533923,0
2016-03-10,19.68,19.91,19.16,19.33,952291,0
2016-03-11,19.46,19.72,19.22,19.53,731300,0
2016-03-14,19.45,19.5289,19.16,19.33,794468,0
2016-03-15,19.17,19.29,18.32,18.37,1333854,0
2016-03-16,18.22,18.83,18.2,18.5,1138687,0
2016-03-17,18.5,19.1,18.44,18.88,1345185,0
2016-03-18,18.98,19.21,18.94,19.08,1467021,0
2016-03-21,19.0,19.47,18.78,18.96,815167,0
2016-03-22,18.89,19.21,18.71,18.73,632846,0
2016-03-23,18.63,18.76,18.37,18.38,965174,0
2016-03-24,18.28,18.41,18.1,18.27,636019,0
2016-03-28,18.32,18.6006,18.2,18.31,424161,0
2016-03-29,18.35,19.53,18.28,19.52,1283809,0
2016-03-30,19.72,19.832,19.42,19.62,1041709,0
2016-03-31,19.58,19.89,19.38,19.63,812707,0
2016-04-01,19.42,19.6,19.0,19.05,832386,0
2016-04-04,19.0,19.21,18.6,18.62,750864,0
2016-04-05,18.52,18.66,18.41,18.54,574861,0
2016-04-06,18.49,18.77,18.45,18.68,659533,0
2016-04-07,18.47,18.95,18.44,18.61,644223,0
2016-04-08,18.86,18.93,18.24,18.3,602455,0
2016-04-11,18.46,18.77,18.3913,18.46,532816,0
2016-04-12,18.52,19.0,18.39,18.83,546936,0
2016-04-13,18.99,19.63,18.92,19.52,814594,0
2016-04-14,19.57,19.73,19.28,19.32,477301,0
2016-04-15,19.21,19.39,18.89,19.14,412770,0
2016-04-18,18.0,18.97,17.8,18.49,2118400,0
2016-04-19,18.51,18.93,18.29,18.63,794259,0
2016-04-20,18.68,18.9,18.43,18.54,644691,0
2016-04-21,19.01,19.1,18.57,18.67,719585,0
2016-04-22,18.54,18.8,18.45,18.67,579779,0
2016-04-25,18.52,18.72,18.0329,18.15,683250,0
2016-04-26,18.14,18.4799,18.07,18.43,483880,0
2016-04-27,18.36,18.71,18.22,18.61,642301,0
2016-04-28,18.41,18.69,18.085,18.11,755014,0
2016-04-29,18.13,18.515,18.11,18.27,500154,0
2016-05-02,18.25,18.6,18.13,18.53,445672,0
2016-05-03,18.28,18.37,17.57,17.8,733921,0
2016-05-04,17.61,17.75,17.18,17.66,1283709,0
2016-05-05,18.24,19.13,17.76,18.31,2511986,0
2016-05-06,18.0,18.39,17.755,18.14,1097694,0
2016-05-09,18.09,18.6699,18.05,18.56,588269,0
2016-05-10,18.66,19.41,18.48,19.41,948707,0
2016-05-11,19.33,20.0,19.2,19.79,1098058,0
2016-05-12,19.87,19.99,19.32,19.7,895456,0
2016-05-13,19.64,19.72,19.31,19.37,493844,0
2016-05-16,19.39,19.96,19.34,19.37,1093551,0
2016-05-17,19.42,20.93,19.37,20.7,2371868,0
2016-05-18,20.64,21.27,20.48,20.78,1755057,0
2016-05-19,20.6,21.2,20.3101,21.12,885556,0
2016-05-20,21.15,21.75,21.03,21.7,845630,0
2016-05-23,21.74,21.77,21.38,21.45,578042,0
2016-05-24,21.51,21.92,21.47,21.85,681628,0
2016-05-25,21.95,22.16,21.8763,21.95,574866,0
2016-05-26,21.94,22.07,21.77,22.02,492003,0
2016-05-27,22.01,22.16,21.83,21.95,483731,0
2016-05-31,22.01,22.42,21.82,22.37,562623,0
2016-06-01,22.31,22.4,21.98,22.32,673697,0
2016-06-02,22.26,22.88,22.05,22.85,663845,0
2016-06-03,22.87,22.94,22.57,22.775,684766,0
2016-06-06,22.76,23.04,22.75,22.97,585566,0
2016-06-07,23.0,23.31,22.88,23.08,582142,0
2016-06-08,23.18,23.55,23.0783,23.52,577052,0
2016-06-09,23.47,23.765,23.23,23.3,771710,0
2016-06-10,23.14,23.22,22.65,22.76,623739,0
2016-06-13,22.73,22.955,22.4,22.75,539492,0
2016-06-14,22.65,22.97,22.43,22.67,493984,0
2016-06-15,22.82,22.9586,22.56,22.77,364589,0
2016-06-16,22.63,22.69,22.1999,22.62,478085,0
2016-06-17,22.7,23.09,22.32,22.93,1037700,0
2016-06-20,23.16,23.59,22.93,23.35,575561,0
2016-06-21,23.3,23.4,22.965,23.12,292480,0
2016-06-22,23.24,23.88,23.22,23.67,763248,0
2016-06-23,23.95,24.0834,23.7,23.96,542536,0
2016-06-24,22.43,23.41,22.25,22.98,1398647,0
2016-06-27,22.74,23.29,22.53,22.76,821955,0
2016-06-28,23.1,23.9199,23.1,23.55,726621,0
2016-06-29,23.89,24.3,23.66,24.22,715810,0
2016-06-30,24.38,24.94,24.09,24.88,1074646,0
2016-07-01,25.0,25.0,24.65,24.89,570391,0
2016-07-05,24.67,25.13,24.46,25.1,563388,0
2016-07-06,25.57,25.59,24.952,25.04,1194056,0
2016-07-07,25.09,25.8483,25.09,25.77,911465,0
2016-07-08,26.99,27.8,26.7,27.3,3091905,0
2016-07-11,27.6,28.58,27.5,27.66,1881750,0
2016-07-12,28.02,28.18,26.39,27.0,2045807,0
2016-07-13,27.04,27.3331,26.71,27.01,1263004,0
2016-07-14,27.17,27.74,27.1,27.65,1022842,0
2016-07-15,27.7,27.855,27.12,27.22,581750,0
2016-07-18,27.77,28.42,27.4292,27.99,1484958,0
2016-07-19,28.0,28.469,27.63,28.12,992702,0
2016-07-20,28.17,28.71,27.82,28.26,910497,0
2016-07-21,28.2,28.442,28.005,28.2,755157,0
2016-07-22,28.14,28.65,27.8678,28.48,803438,0
2016-07-25,28.53,28.74,28.4073,28.5,704750,0
2016-07-26,28.68,28.9165,28.389,28.66,605347,0
2016-07-27,28.82,28.99,28.57,28.78,753788,0
2016-07-28,28.8,28.85,28.42,28.49,752462,0
2016-07-29,28.6,29.0799,28.0531,28.97,986903,0
2016-08-01,29.21,29.58,28.935,29.16,718947,0
2016-08-02,29.18,29.42,28.53,28.84,778423,0
2016-08-03,28.8,29.0,28.4,28.72,818582,0
2016-08-04,28.72,29.15,28.51,28.95,1285534,0
2016-08-05,29.6,30.15,28.48,29.26,2470025,0
2016-08-08,29.25,29.4648,28.63,28.74,1323967,0
2016-08-09,28.73,29.07,28.53,28.69,1041143,0
2016-08-10,28.54,28.76,28.18,28.68,715094,0
2016-08-11,28.63,29.44,28.63,29.12,785149,0
2016-08-12,29.0,29.35,28.85,29.12,460111,0
2016-08-15,29.12,29.53,28.91,29.43,642809,0
2016-08-16,29.52,29.8,29.29,29.45,689529,0
2016-08-17,29.34,29.6,29.25,29.35,752978,0
2016-08-18,29.26,29.56,29.14,29.43,470083,0
2016-08-19,29.38,29.4,29.03,29.11,626998,0
2016-08-22,29.05,29.205,28.63,29.04,645720,0
2016-08-23,29.1,29.285,28.85,28.93,695688,0
2016-08-24,28.93,29.15,28.35,28.5,881467,0
2016-08-25,28.45,28.88,28.41,28.69,440088,0
2016-08-26,28.67,28.84,28.42,28.51,460364,0
2016-08-29,28.56,28.95,28.56,28.76,396114,0
2016-08-30,28.66,29.68,28.66,29.41,1510356,0
2016-08-31,29.37,29.38,26.6101,27.08,2650617,0
2016-09-01,27.21,27.58,26.45,26.85,1064928,0
2016-09-02,26.97,27.18,26.45,26.57,781173,0
2016-09-06,26.75,26.98,26.241,26.405,762086,0
2016-09-07,26.38,26.51,25.92,26.13,755984,0
2016-09-08,25.98,26.24,25.76,25.86,691007,0
2016-09-09,25.64,25.84,25.05,25.18,825954,0
2016-09-12,25.02,25.52,25.01,25.39,382982,0
2016-09-13,25.26,25.6,24.92,25.01,726863,0
2016-09-14,25.49,26.02,25.01,25.175,438539,0
2016-09-15,25.18,25.63,25.18,25.545,503197,0
2016-09-16,26.44,26.44,25.35,25.45,679861,0
2016-09-19,25.53,26.21,25.5,26.02,668060,0
2016-09-20,26.27,26.47,26.06,26.42,539407,0
2016-09-21,26.66,27.6,26.54,27.57,920014,0
2016-09-22,28.22,28.5738,28.03,28.24,1139898,0
2016-09-23,28.11,28.22,27.92,28.095,398647,0
2016-09-26,27.93,28.41,27.93,28.3,629197,0
2016-09-27,28.3,28.5277,28.19,28.41,503516,0
2016-09-28,28.57,28.919,28.41,28.85,676002,0
2016-09-29,28.71,29.0,28.54,28.925,830491,0
2016-09-30,28.93,28.99,28.57,28.61,1692896,0
2016-10-03,25.92,26.0,24.22,24.29,7961461,0
2016-10-04,24.65,24.7,23.62,23.71,2584828,0
2016-10-05,23.87,23.99,22.9221,23.2,2900905,0
2016-10-06,23.09,23.42,22.81,23.3,1825752,0
2016-10-07,23.16,23.21,22.42,22.43,1242151,0
2016-10-10,22.51,22.91,22.51,22.72,1133490,0
2016-10-11,23.82,23.82,22.18,22.4,955382,0
2016-10-12,22.47,22.69,22.26,22.49,639823,0
2016-10-13,21.79,22.2,21.5,22.09,883815,0
2016-10-14,22.65,23.2799,22.33,22.74,1727748,0
2016-10-17,22.68,23.05,22.62,22.92,859506,0
2016-10-18,23.05,23.17,22.58,22.63,860994,0
2016-10-19,22.69,23.34,22.69,23.22,557652,0
2016-10-20,23.25,23.29,23.08,23.11,430721,0
2016-10-21,23.0,23.2,22.86,23.2,369584,0
2016-10-24,23.28,23.62,23.27,23.54,378415,0
2016-10-25,23.64,23.73,23.05,23.19,500903,0
2016-10-26,23.11,23.3,22.95,22.99,576579,0
2016-10-27,22.96,23.13,22.32,22.52,802823,0
2016-10-28,22.5,22.81,22.4,22.47,567059,0
2016-10-31,22.47,22.4765,22.18,22.38,696060,0
2016-11-01,22.36,22.77,22.36,22.61,983932,0
2016-11-02,22.55,22.9499,22.285,22.32,926656,0
2016-11-03,23.25,23.25,21.93,21.98,739919,0
2016-11-04,22.06,22.45,21.93,21.98,827598,0
2016-11-07,22.29,22.48,22.17,22.28,905892,0
2016-11-08,22.21,22.49,21.93,22.49,938383,0
2016-11-09,22.0,24.09,21.9,23.67,2633112,0
2016-11-10,26.34,28.0,25.81,26.82,5774475,0
2016-11-11,26.09,27.24,26.04,27.18,1416814,0
2016-11-14,27.24,27.91,27.18,27.51,1243371,0
2016-11-15,27.59,28.3,27.32,27.78,1806366,0
2016-11-16,27.59,27.95,27.33,27.76,606364,0
2016-11-17,27.84,28.2,27.67,27.96,510495,0
2016-11-18,27.97,28.1353,27.76,27.79,405141,0
2016-11-21,27.78,28.0,27.021,27.31,1061019,0
2016-11-22,27.37,28.0294,27.33,27.99,670971,0
2016-11-23,27.85,28.38,27.8,28.11,727812,0
2016-11-25,28.1,28.22,27.87,28.07,183788,0
2016-11-28,28.0,28.1,27.73,27.82,484873,0
2016-11-29,27.7,28.0,27.54,27.55,368874,0
2016-11-30,27.59,27.9604,27.13,27.23,506942,0
2016-12-01,27.37,27.74,27.358,27.72,718772,0
2016-12-02,27.6,28.01,27.4565,27.92,546826,0
2016-12-05,28.0,28.49,28.0,28.07,890187,0
2016-12-06,28.3,28.37,27.886,28.19,522390,0
2016-12-07,28.44,28.44,27.4501,27.52,1032625,0
2016-12-08,27.69,27.7,24.92,25.26,2352948,0
2016-12-09,25.27,25.46,23.75,23.85,2833425,0
2016-12-12,23.65,23.92,23.32,23.52,1222807,0
2016-12-13,23.56,23.98,23.34,23.58,758758,0
2016-12-14,23.6,24.67,23.6,24.2,1233779,0
2016-12-15,24.47,24.61,23.99,24.16,572933,0
2016-12-16,24.19,24.43,23.91,23.98,769192,0
2016-12-19,23.98,24.25,23.75,23.99,607833,0
2016-12-20,24.65,24.76,24.02,24.37,433805,0
2016-12-21,24.44,25.59,24.15,25.01,1900428,0
2016-12-22,25.18,25.34,24.24,24.3,606098,0
2016-12-23,24.74,24.74,24.18,24.53,386728,0
2016-12-27,24.54,25.03,24.27,24.82,510603,0
2016-12-28,24.88,24.98,24.5,24.56,385317,0
2016-12-29,24.56,25.01,24.56,24.8,427338,0
2016-12-30,24.8,24.8,24.21,24.24,341343,0
2017-01-03,24.4,24.83,24.19,24.58,419224,0
2017-01-04,24.59,24.863,24.48,24.85,615230,0
2017-01-05,24.84,25.0,24.5,24.68,516574,0
2017-01-06,24.79,24.81,24.4687,24.55,302750,0
2017-01-09,24.52,24.637,24.26,24.27,380257,0
2017-01-10,24.38,25.0,24.27,24.63,794163,0
2017-01-11,24.7,24.75,24.2878,24.63,370069,0
2017-01-12,24.5,24.685,23.48,24.275,1136097,0
2017-01-13,24.29,25.4697,24.29,25.23,988615,0
2017-01-17,25.17,25.17,24.445,24.82,1235192,0
2017-01-18,24.86,25.37,24.69,25.1,550867,0
2017-01-19,25.02,25.36,24.83,25.09,692097,0
2017-01-20,25.24,25.24,24.7532,24.85,480263,0
2017-01-23,24.8,24.98,24.67,24.81,337931,0
2017-01-24,24.84,25.45,24.82,25.18,437183,0
2017-01-25,25.39,25.5,24.89,25.11,396817,0
2017-01-26,25.11,25.26,24.73,24.88,257908,0
2017-01-27,24.88,24.96,24.65,24.83,384307,0
2017-01-30,24.62,24.99,24.33,24.89,553307,0
2017-01-31,24.83,25.03,24.5,24.98,582529,0
2017-02-01,25.13,25.3,24.91,25.13,488023,0
2017-02-02,25.18,25.99,25.13,25.72,747321,0
2017-02-03,25.74,26.35,25.52,26.27,876999,0
2017-02-06,26.33,26.99,26.18,26.92,1004744,0
2017-02-07,27.02,27.41,26.68,26.81,935318,0
2017-02-08,26.79,26.85,26.22,26.54,857300,0
2017-02-09,26.5,27.17,26.4,26.89,614733,0
2017-02-10,27.0,27.4,26.87,27.34,1019504,0
2017-02-13,27.4,27.56,27.15,27.18,485081,0
2017-02-14,27.16,27.19,26.89,27.01,318214,0
2017-02-15,26.7,26.85,26.35,26.53,683298,0
2017-02-16,26.49,26.68,26.27,26.68,410826,0
2017-02-17,26.5,26.6889,26.29,26.5,708678,0
2017-02-21,26.42,26.7,26.36,26.57,410194,0
2017-02-22,26.42,26.59,26.02,26.24,615367,0
2017-02-23,26.31,26.4299,25.41,25.47,621979,0
2017-02-24,25.47,25.78,25.26,25.625,869499,0
2017-02-27,25.67,26.23,25.63,26.08,1074061,0
2017-02-28,26.13,26.24,25.44,25.67,1311366,0
2017-03-01,24.77,25.13,22.905,24.34,5387947,0
2017-03-02,24.23,24.23,22.52,22.96,4288893,0
2017-03-03,23.01,23.27,22.1,22.81,1904225,0
2017-03-06,22.8,23.111,22.4,22.53,1543068,0
2017-03-07,22.42,22.7,22.4,22.49,1233889,0
2017-03-08,22.61,22.64,22.3,22.37,855158,0
2017-03-09,22.36,22.62,22.22,22.49,1046342,0
2017-03-10,22.62,22.86,22.5,22.63,691945,0
2017-03-13,22.58,22.84,22.5,22.81,824252,0
2017-03-14,22.7,22.96,22.58,22.89,624537,0
2017-03-15,22.99,23.1,22.63,23.01,818698,0
2017-03-16,23.03,23.19,22.718,22.76,697090,0
2017-03-17,22.77,23.48,22.715,23.39,1203540,0
2017-03-20,23.46,23.63,22.88,22.94,971759,0
2017-03-21,23.01,23.33,22.43,22.46,775646,0
2017-03-22,22.47,22.93,22.22,22.45,638980,0
2017-03-23,22.5,22.7701,22.32,22.63,698040,0
2017-03-24,22.67,22.89,22.36,22.5,488135,0
2017-03-27,22.22,22.575,22.05,22.47,463053,0
2017-03-28,22.43,22.82,22.25,22.79,581728,0
2017-03-29,22.76,22.82,22.56,22.64,490532,0
2017-03-30,22.63,23.3442,22.63,23.22,958090,0
2017-03-31,23.18,23.215,22.77,22.79,799654,0
2017-04-03,22.78,22.83,22.48,22.5,605565,0
2017-04-04,22.47,22.64,21.97,22.0,1064989,0
2017-04-05,23.35,23.393,21.18,21.9,10280877,0
2017-04-06,23.08,23.1,23.08,23.08,2127900,0
2017-04-07,23.25,23.61,22.67,23.27,1900527,0
2017-04-10,23.3,24.58,23.27,23.27,2076836,0
2017-04-11,23.27,23.42,22.95,23.18,975608,0
2017-04-12,23.27,23.35,22.34,22.42,841366,0
2017-04-13,22.22,22.5,22.02,22.04,844773,0
2017-04-17,22.04,22.17,21.95,22.08,678782,0
2017-04-18,22.06,22.51,22.02,22.5,777704,0
2017-04-19,22.55,22.91,22.545,22.73,405232,0
2017-04-20,22.94,23.36,22.79,23.3,749985,0
2017-04-21,23.34,23.78,23.29,23.69,976635,0
2017-04-24,24.0,24.05,23.72,24.02,943246,0
2017-04-25,24.21,24.3,24.0801,24.17,619206,0
2017-04-26,24.12,24.48,24.0,24.27,610735,0
2017-04-27,24.36,24.73,24.36,24.7,677772,0
2017-04-28,24.75,24.75,24.4374,24.58,590719,0
2017-05-01,24.72,24.82,24.54,24.75,495121,0
2017-05-02,24.66,24.82,24.61,24.78,455091,0
2017-05-03,24.58,24.77,24.5,24.74,348583,0
2017-05-04,24.77,24.9,24.68,24.84,551738,0
2017-05-05,24.88,24.95,24.675,24.95,398798,0
2017-05-08,24.84,25.07,24.59,25.04,668173,0
2017-05-09,24.9,25.51,24.9,25.18,1246813,0
2017-05-10,26.97,28.17,25.66,26.25,3422993,0
2017-05-11,26.06,26.29,25.75,26.0,921806,0
2017-05-12,26.0,26.3,25.96,25.99,885151,0
2017-05-15,25.99,26.04,25.15,25.16,940793,0
2017-05-16,25.1,25.61,24.83,25.56,909716,0
2017-05-17,25.36,25.36,24.56,24.59,1042096,0
2017-05-18,24.5,24.65,24.08,24.13,764220,0
2017-05-19,24.13,24.84,24.13,24.6,543075,0
2017-05-22,24.72,24.82,24.53,24.73,350941,0
2017-05-23,24.75,24.94,24.46,24.88,491834,0
2017-05-24,24.88,25.01,24.69,24.78,464934,0
2017-05-25,24.96,25.15,24.765,24.99,554212,0
2017-05-26,25.0,25.0336,24.62,24.89,461229,0
2017-05-30,24.75,24.8657,24.45,24.59,529221,0
2017-05-31,24.67,24.74,23.98,24.01,781738,0
2017-06-01,24.1,24.5,23.9953,24.46,728103,0
2017-06-02,24.42,24.83,24.4,24.52,600554,0
2017-06-05,24.44,24.59,24.14,24.4,753151,0
2017-06-06,24.24,24.74,24.2,24.66,476917,0
2017-06-07,24.6,24.71,24.17,24.26,518367,0
2017-06-08,24.25,24.58,24.18,24.44,459533,0
2017-06-09,24.34,24.67,24.1754,24.37,483086,0
2017-06-12,24.33,24.46,24.11,24.2,362227,0
2017-06-13,24.26,24.5,24.12,24.47,475426,0
2017-06-14,24.38,24.5,24.17,24.27,410250,0
2017-06-15,24.1,25.0,24.04,24.76,590208,0
2017-06-16,24.5,25.5,24.33,25.36,1351558,0
2017-06-19,25.53,25.69,25.29,25.41,509701,0
2017-06-20,25.6,27.0,25.55,25.77,1432654,0
2017-06-21,25.76,26.375,25.735,26.02,807239,0
2017-06-22,26.0,26.4,25.815,26.29,515214,0
2017-06-23,26.32,26.42,26.14,26.32,396249,0
2017-06-26,26.27,26.39,25.88,25.96,394856,0
2017-06-27,25.93,25.99,25.35,25.45,513801,0
2017-06-28,25.61,26.02,25.52,25.86,354069,0
2017-06-29,25.87,25.97,24.76,25.17,494407,0
2017-06-30,25.2,25.46,24.97,25.14,418130,0
2017-07-03,25.22,25.45,25.02,25.16,194351,0
2017-07-05,25.09,25.5,25.03,25.27,349601,0
2017-07-06,25.28,25.39,24.94,25.05,529936,0
2017-07-07,23.95,25.25,23.7739,25.09,745200,0
2017-07-10,25.04,25.31,24.71,25.02,345313,0
2017-07-11,24.93,25.55,24.87,25.32,407092,0
2017-07-12,25.42,25.71,25.28,25.47,399553,0
2017-07-13,25.43,25.5,25.07,25.23,419100,0
2017-07-14,25.13,25.4,24.85,25.29,522432,0
2017-07-17,25.24,25.85,25.19,25.82,440984,0
2017-07-18,25.72,25.72,25.1971,25.24,434762,0
2017-07-19,25.2,25.56,25.15,25.39,356290,0
2017-07-20,25.45,25.45,25.061,25.38,273547,0
2017-07-21,25.58,25.58,25.19,25.24,369479,0
2017-07-24,25.23,25.53,25.106,25.3601,275458,0
2017-07-25,25.42,25.521,25.18,25.41,386546,0
2017-07-26,25.47,25.48,24.96,25.22,526175,0
2017-07-27,25.23,25.37,24.8,24.99,305314,0
2017-07-28,24.85,25.0,24.67,24.72,402589,0
2017-07-31,24.66,24.74,24.18,24.59,605392,0
2017-08-01,24.6,24.88,24.27,24.87,497016,0
2017-08-02,24.8,25.04,24.645,24.86,349578,0
2017-08-03,24.75,25.06,24.75,25.0,384168,0
2017-08-04,25.0,25.46,24.7,25.39,441427,0
2017-08-07,25.26,25.8796,25.15,25.72,621353,0
2017-08-08,25.77,26.31,25.29,25.31,987144,0
2017-08-09,24.3,25.26,21.8001,23.02,2677721,0
2017-08-10,23.0,23.05,22.24,22.46,1510454,0
2017-08-11,22.65,22.73,21.91,22.36,1179799,0
2017-08-14,22.56,22.65,22.04,22.18,566983,0
2017-08-15,22.1,22.37,21.52,21.63,755536,0
2017-08-16,21.65,21.8,21.34,21.66,679075,0
2017-08-17,21.55,21.86,21.445,21.48,445299,0
2017-08-18,21.36,22.15,21.25,22.08,1041968,0
2017-08-21,22.03,22.14,21.85,22.08,726447,0
2017-08-22,21.5,22.13,21.4001,21.77,808107,0
2017-08-23,21.58,21.99,21.45,21.64,662792,0
2017-08-24,21.81,22.09,21.7525,21.85,495829,0
2017-08-25,21.62,21.83,21.57,21.58,666377,0
2017-08-28,21.63,21.95,21.61,21.88,617142,0
2017-08-29,21.77,21.91,21.61,21.62,383956,0
2017-08-30,21.6,21.69,21.44,21.59,378541,0
2017-08-31,21.69,21.87,21.6318,21.71,445077,0
2017-09-01,21.73,21.98,21.64,21.73,347249,0
2017-09-05,21.66,21.98,21.53,21.98,390287,0
2017-09-06,22.0,22.0,21.7,21.73,533715,0
2017-09-07,21.74,21.99,21.48,21.49,527345,0
2017-09-08,21.51,21.96,21.46,21.64,516884,0
2017-09-11,21.79,22.25,21.72,21.86,428423,0
2017-09-12,21.87,22.35,21.86,22.35,692071,0
2017-09-13,22.34,22.56,22.21,22.4,447459,0
2017-09-14,22.52,22.76,22.4,22.54,520293,0
2017-09-15,22.59,22.73,21.945,22.3,1268159,0
2017-09-18,22.34,22.68,22.3,22.4,490474,0
2017-09-19,22.45,22.5065,22.02,22.07,417960,0
2017-09-20,22.21,23.22,22.085,22.91,748659,0
2017-09-21,22.91,23.1199,22.7,22.8,467466,0
2017-09-22,22.77,23.06,22.64,22.65,284281,0
2017-09-25,22.66,22.7312,22.18,22.59,510969,0
2017-09-26,22.59,22.95,22.54,22.66,373235,0
2017-09-27,22.72,23.07,22.67,23.05,489490,0
2017-09-28,23.1,23.49,22.89,23.09,531720,0
2017-09-29,23.08,23.2,22.65,22.67,544074,0
2017-10-02,22.77,23.04,22.66,22.91,477912,0
2017-10-03,23.04,23.31,23.04,23.2,491058,0
2017-10-04,23.26,23.77,23.2,23.77,595233,0
2017-10-05,23.72,23.86,23.5492,23.64,225543,0
2017-10-06,23.64,23.78,23.5005,23.72,317653,0
2017-10-09,23.72,23.82,23.53,23.56,287729,0
2017-10-10,23.57,23.835,23.39,23.82,507581,0
2017-10-11,23.77,24.0,23.77,23.92,456214,0
2017-10-12,24.03,24.55,23.96,24.45,677913,0
2017-10-13,24.62,24.73,24.42,24.6,575147,0
2017-10-16,24.65,24.7,24.225,24.31,435447,0
2017-10-17,24.19,24.47,24.11,24.44,415563,0
2017-10-18,23.9,25.02,23.6,24.99,1491577,0
2017-10-19,24.78,24.919,24.42,24.62,577939,0
2017-10-20,23.5,24.03,22.86,23.01,4103844,0
2017-10-23,22.8,22.9699,22.3275,22.59,829099,0
2017-10-24,22.48,22.54,22.115,22.32,1060729,0
2017-10-25,22.14,22.46,22.09,22.17,768113,0
2017-10-26,22.1,22.47,22.0824,22.43,523311,0
2017-10-27,22.43,22.93,22.2952,22.92,607400,0
2017-10-30,22.76,22.91,22.66,22.87,622085,0
2017-10-31,22.96,23.15,22.89,22.97,512033,0
2017-11-01,23.0,23.045,22.81,23.03,429431,0
2017-11-02,23.0,23.5,22.9,23.48,460818,0
2017-11-03,23.45,23.45,23.175,23.41,421201,0
2017-11-06,23.4,23.49,23.16,23.22,672099,0
2017-11-07,23.2,23.35,22.84,22.86,892133,0
2017-11-08,22.62,22.73,20.57,21.43,2979278,0
2017-11-09,21.31,22.38,20.92,21.54,1148074,0
2017-11-10,21.43,21.46,21.15,21.16,623517,0
