Date,Open,High,Low,Close,Volume,OpenInt
2014-01-02,66.377,66.49,65.781,66.169,1212988,0
2014-01-03,66.169,66.471,66.093,66.215,1163271,0
2014-01-06,66.592,66.784,65.657,65.976,1374597,0
2014-01-07,66.103,67.143,66.103,66.699,1617759,0
2014-01-08,66.582,67.607,66.537,67.351,2201238,0
2014-01-09,67.644,68.089,67.315,67.578,1700575,0
2014-01-10,67.684,67.74,67.256,67.54,1671574,0
2014-01-13,67.615,67.929,66.632,66.849,1908139,0
2014-01-14,66.897,67.182,65.904,66.784,2563850,0
2014-01-15,66.971,66.971,66.299,66.794,1321871,0
2014-01-16,66.841,66.916,66.518,66.745,1143030,0
2014-01-17,66.916,67.163,66.572,66.775,1631994,0
2014-01-21,67.106,67.38,66.527,66.765,1444958,0
2014-01-22,67.029,67.097,66.083,66.537,1949254,0
2014-01-23,66.27,67.106,65.533,65.932,2229639,0
2014-01-24,66.112,66.112,63.667,63.667,3683153,0
2014-01-27,63.47,63.913,63.091,63.252,2995768,0
2014-01-28,63.184,64.275,63.14,64.112,2004012,0
2014-01-29,63.121,64.302,63.121,63.677,2014156,0
2014-01-30,64.049,64.519,64.049,64.16,1517998,0
2014-01-31,63.052,63.895,62.608,63.638,3943506,0
2014-02-03,63.555,63.555,61.633,61.698,3741453,0
2014-02-04,61.898,62.182,61.405,61.549,1969895,0
2014-02-05,61.444,61.649,60.855,61.275,2557561,0
2014-02-06,61.405,62.115,60.971,62.021,1641278,0
2014-02-07,62.37,63.042,62.201,62.997,1651368,0
2014-02-10,62.92,62.94,62.22,62.835,3077509,0
2014-02-11,62.704,64.275,62.666,63.962,2627815,0
2014-02-12,64.199,65.156,63.982,64.132,2075978,0
2014-02-13,64.005,64.783,63.539,64.499,1353835,0
2014-02-14,64.345,64.946,64.223,64.603,1176614,0
2014-02-18,64.661,65.513,64.593,65.078,1626012,0
2014-02-19,64.717,65.572,64.583,64.709,2039312,0
2014-02-20,64.984,65.22,64.194,64.974,1547061,0
2014-02-21,65.002,65.696,64.754,64.984,1171659,0
2014-02-24,64.897,65.762,64.897,65.155,1434759,0
2014-02-25,64.974,65.543,64.83,65.287,1575950,0
2014-02-26,65.43,65.715,64.564,64.849,1620040,0
2014-02-27,64.613,64.897,64.271,64.613,1475337,0
2014-02-28,64.763,64.964,64.097,64.46,1770261,0
2014-03-03,63.758,64.308,63.624,64.127,1462884,0
2014-03-04,64.632,65.495,64.574,65.325,2430506,0
2014-03-05,65.552,65.696,65.268,65.448,1502242,0
2014-03-06,65.552,65.978,65.316,65.316,1573958,0
2014-03-07,65.802,65.809,65.135,65.495,1877164,0
2014-03-10,65.467,66.171,65.316,65.648,1296926,0
2014-03-11,65.658,65.998,64.763,64.926,1644838,0
2014-03-12,64.375,64.46,63.624,64.299,2046729,0
2014-03-13,64.613,64.801,64.175,64.405,1997201,0
2014-03-14,64.281,64.555,64.034,64.194,1760742,0
2014-03-17,64.345,64.773,64.261,64.679,1520608,0
2014-03-18,64.679,65.012,64.395,64.46,1688991,0
2014-03-19,64.652,64.699,63.263,63.53,1407993,0
2014-03-20,63.404,63.558,62.951,63.159,1606550,0
2014-03-21,63.224,63.302,61.333,61.582,3720730,0
2014-03-24,62.028,62.218,60.355,61.104,2939777,0
2014-03-25,61.38,62.047,60.786,61.333,2051080,0
2014-03-26,61.675,62.314,61.545,61.611,2301587,0
2014-03-27,61.575,61.582,60.538,60.907,2308563,0
2014-03-28,61.041,61.782,60.994,61.582,1759973,0
2014-03-31,62.037,62.36,61.811,62.314,1557082,0
2014-04-01,62.323,62.626,62.057,62.616,1839230,0
2014-04-02,62.465,63.053,62.276,62.304,1932769,0
2014-04-03,62.523,62.616,62.113,62.514,2287726,0
2014-04-04,62.694,63.025,61.611,61.801,2069163,0
2014-04-07,61.694,61.83,60.431,60.974,3197626,0
2014-04-08,60.936,61.26,60.234,60.965,2007637,0
2014-04-09,61.635,62.428,61.41,62.36,2535742,0
2014-04-10,62.616,62.873,61.507,61.752,2216457,0
2014-04-11,61.305,61.989,60.669,60.965,2723418,0
2014-04-14,61.223,61.449,60.659,61.287,1507523,0
2014-04-15,61.333,61.665,60.072,61.012,2116873,0
2014-04-16,61.629,61.887,61.084,61.704,1466114,0
2014-04-17,61.536,61.84,61.26,61.449,1104783,0
2014-04-21,61.003,61.896,61.003,61.565,1289147,0
2014-04-22,61.565,62.218,61.429,61.449,1687100,0
2014-04-23,61.565,61.932,61.279,61.601,1473381,0
2014-04-24,62.704,63.473,60.574,61.645,3802713,0
2014-04-25,61.305,61.555,59.424,59.691,3089973,0
2014-04-28,60.089,60.5,59.559,60.28,1754643,0
2014-04-29,60.519,61.084,60.385,60.796,1850967,0
2014-04-30,60.566,62.028,60.412,61.923,3262907,0
2014-05-01,61.526,61.914,60.659,61.629,2264227,0
2014-05-02,61.645,61.645,60.945,61.059,1891469,0
2014-05-05,60.804,62.037,60.689,61.849,1860210,0
2014-05-06,61.478,61.752,61.342,61.536,1521827,0
2014-05-07,61.629,61.714,61.049,61.314,2049123,0
2014-05-08,61.174,61.999,60.994,61.184,1669898,0
2014-05-09,61.295,62.465,60.822,62.304,2858663,0
2014-05-12,62.684,63.385,62.577,63.339,1810003,0
2014-05-13,63.224,63.651,62.75,63.511,2760356,0
2014-05-14,63.521,64.054,63.369,63.936,2080780,0
2014-05-15,63.772,64.362,63.581,64.352,2029509,0
2014-05-16,64.219,65.154,64.171,65.124,2683378,0
2014-05-19,65.334,66.258,65.124,66.184,3438066,0
2014-05-20,66.174,66.621,65.582,66.536,2000965,0
2014-05-21,66.536,67.507,66.536,67.414,2441243,0
2014-05-22,67.48,68.318,67.289,68.024,1858873,0
2014-05-23,68.214,68.366,67.831,68.3,1211559,0
2014-05-27,68.415,69.034,68.366,69.024,1595467,0
2014-05-28,68.986,69.444,68.729,69.29,2501470,0
2014-05-29,69.367,69.996,69.3,69.863,1690555,0
2014-05-30,69.922,70.139,69.328,69.767,4100821,0
2014-06-02,69.893,70.349,69.673,69.795,1680416,0
2014-06-03,69.548,69.785,69.28,69.682,1801760,0
2014-06-04,69.701,70.236,69.454,70.226,1819054,0
2014-06-05,70.08,70.367,69.149,69.396,2823216,0
2014-06-06,69.558,69.558,68.69,69.119,2505238,0
2014-06-09,69.024,69.444,68.748,68.966,1658713,0
2014-06-10,68.805,69.185,68.337,68.652,1884617,0
2014-06-11,68.528,68.7,68.136,68.567,1388737,0
2014-06-12,68.443,68.69,67.786,68.126,1583162,0
2014-06-13,68.116,68.547,67.691,68.434,1331789,0
2014-06-16,68.271,68.738,67.908,68.185,1321169,0
2014-06-17,68.044,68.576,67.859,68.395,998161,0
2014-06-18,68.308,68.872,67.859,68.738,1103892,0
2014-06-19,68.815,69.042,68.3,68.576,1318395,0
2014-06-20,68.805,69.081,68.557,68.892,2685357,0
2014-06-23,69.091,69.377,68.901,69.1,1017070,0
2014-06-24,68.815,69.347,68.557,69.168,1482949,0
2014-06-25,69.195,69.701,69.024,69.347,1079701,0
2014-06-26,69.347,69.454,69.015,69.328,977318,0
2014-06-27,69.205,69.833,69.052,69.472,1176023,0
2014-06-30,69.587,69.587,69.024,69.272,1159962,0
2014-07-01,69.28,69.843,69.205,69.577,1149974,0
2014-07-02,69.434,69.767,69.328,69.644,1335053,0
2014-07-03,69.912,69.996,69.644,69.815,990099,0
2014-07-07,69.785,69.815,69.272,69.605,935908,0
2014-07-08,69.597,69.663,69.215,69.472,1335610,0
2014-07-09,69.691,69.843,69.28,69.577,765169,0
2014-07-10,69.158,69.73,68.652,69.52,801526,0
2014-07-11,69.538,69.691,69.052,69.577,552929,0
2014-07-14,69.902,70.071,69.454,69.691,697335,0
2014-07-15,69.406,69.682,69.071,69.31,1754039,0
2014-07-16,69.587,69.587,69.024,69.568,1517371,0
2014-07-17,69.386,70.119,69.11,69.31,1336653,0
2014-07-18,69.454,69.883,69.178,69.654,1501499,0
2014-07-21,69.52,69.597,69.006,69.347,1106677,0
2014-07-22,69.654,70.433,69.615,70.284,1318502,0
2014-07-23,70.302,70.816,70.186,70.606,2026093,0
2014-07-24,73.456,75.44,72.092,72.809,4677512,0
2014-07-25,72.847,73.465,72.657,73.209,2149990,0
2014-07-28,73.169,74.097,73.0,73.79,3284926,0
2014-07-29,73.782,74.354,73.648,73.999,1609028,0
2014-07-30,74.354,74.803,74.067,74.316,1333000,0
2014-07-31,74.048,74.401,73.141,73.326,2201676,0
2014-08-01,73.371,74.201,73.149,73.695,1708701,0
2014-08-04,73.675,74.287,72.972,74.162,3457532,0
2014-08-05,73.666,74.153,73.258,73.456,1750226,0
2014-08-06,73.095,73.287,71.971,72.485,2337297,0
2014-08-07,72.809,72.895,71.37,71.464,2108058,0
2014-08-08,71.503,72.048,71.178,71.911,1419304,0
2014-08-11,72.239,72.827,72.01,72.351,1329048,0
2014-08-12,72.398,72.57,72.074,72.285,1137441,0
2014-08-13,72.619,72.923,72.398,72.59,1227467,0
2014-08-14,72.737,73.294,72.718,73.275,1091483,0
2014-08-15,73.435,73.636,72.775,72.996,1667563,0
2014-08-18,73.186,73.626,73.024,73.255,730317,0
2014-08-19,73.333,73.733,73.284,73.571,748454,0
2014-08-20,73.571,73.655,73.235,73.503,751421,0
2014-08-21,73.694,73.992,73.523,73.571,793587,0
2014-08-22,73.684,73.914,73.093,73.255,712174,0
2014-08-25,73.665,73.914,73.323,73.563,475320,0
2014-08-26,73.493,73.553,73.014,73.369,644115,0
2014-08-27,73.608,73.608,72.682,73.034,809796,0
2014-08-28,72.978,73.563,72.765,73.369,607319,0
2014-08-29,73.636,74.028,73.444,74.009,1037462,0
2014-09-02,74.126,74.297,73.684,73.781,1163121,0
2014-09-03,74.126,74.257,73.817,73.982,695677,0
2014-09-04,73.942,74.535,73.713,73.972,878486,0
2014-09-05,73.808,74.843,73.618,74.727,1297347,0
2014-09-08,74.516,75.166,74.421,74.907,1135852,0
2014-09-09,74.805,74.907,74.43,74.594,1133780,0
2014-09-10,74.737,74.916,74.421,74.555,955647,0
2014-09-11,74.136,74.335,73.376,73.972,1868664,0
2014-09-12,73.972,74.209,73.265,73.733,1390696,0
2014-09-15,73.626,73.733,73.206,73.483,1039768,0
2014-09-16,73.13,74.058,72.401,73.743,2079359,0
2014-09-17,73.875,73.914,72.862,73.186,1768351,0
2014-09-18,73.454,73.857,73.351,73.763,1172276,0
2014-09-19,74.087,74.707,73.942,73.952,3204542,0
2014-09-22,73.972,74.171,73.395,73.808,1342125,0
2014-09-23,73.369,73.781,73.093,73.435,1250862,0
2014-09-24,73.563,74.707,73.333,74.633,1829694,0
2014-09-25,74.317,74.613,73.723,74.107,1817569,0
2014-09-26,74.028,74.277,73.503,74.038,951707,0
2014-09-29,73.684,74.44,73.588,74.238,1017514,0
2014-09-30,74.257,74.613,73.817,73.924,1436229,0
2014-10-01,74.795,74.795,73.101,73.342,1559825,0
2014-10-02,73.265,73.875,73.034,73.513,1537708,0
2014-10-03,73.743,74.795,73.743,74.487,1650789,0
2014-10-06,74.658,75.147,73.655,74.136,1389629,0
2014-10-07,73.827,73.866,73.138,73.156,1119251,0
2014-10-08,73.034,74.574,72.996,74.487,1484434,0
2014-10-09,74.487,75.035,73.772,73.827,1567464,0
2014-10-10,73.972,74.697,73.503,73.543,1471781,0
2014-10-13,73.579,73.817,72.441,72.527,1604944,0
2014-10-14,72.92,73.962,72.355,73.284,1720584,0
2014-10-15,72.489,73.073,71.255,72.699,2494538,0
2014-10-16,72.077,72.556,71.073,71.743,2525621,0
2014-10-17,72.173,72.853,72.033,72.527,1662959,0
2014-10-20,72.556,72.699,71.829,72.193,2717985,0
2014-10-21,72.872,73.503,72.699,73.275,3184581,0
2014-10-22,73.543,73.827,73.245,73.284,2035347,0
2014-10-23,73.942,74.496,73.808,74.058,2069459,0
2014-10-24,74.317,74.907,74.048,74.86,1490566,0
2014-10-27,74.916,76.497,74.869,75.979,3410000,0
2014-10-28,76.477,76.497,75.483,76.171,2356321,0
2014-10-29,76.104,76.688,75.799,76.257,2645337,0
2014-10-30,78.438,81.403,78.112,81.134,5313525,0
2014-10-31,81.344,82.234,81.067,81.68,3396719,0
2014-11-03,82.062,83.161,81.84,83.104,2686562,0
2014-11-04,82.846,84.358,82.722,84.338,2924287,0
2014-11-05,84.95,85.332,83.783,83.977,2143927,0
2014-11-06,84.118,84.261,83.029,83.581,2423085,0
2014-11-07,83.967,83.967,82.712,82.94,2299708,0
2014-11-10,83.22,84.021,82.742,83.878,1356398,0
2014-11-11,83.878,84.576,83.81,84.09,1269927,0
2014-11-12,84.109,84.901,83.718,84.835,1383897,0
2014-11-13,84.95,85.853,84.95,85.467,1629601,0
2014-11-14,85.266,85.623,84.76,85.228,1704138,0
2014-11-17,85.228,86.063,84.978,85.403,1693155,0
2014-11-18,85.394,86.321,85.076,86.12,1679316,0
2014-11-19,85.814,86.293,85.286,85.698,2300562,0
2014-11-20,85.574,85.688,84.76,85.296,1471347,0
2014-11-21,85.394,85.42,84.529,85.143,1704841,0
2014-11-24,85.594,86.447,85.594,86.39,1364831,0
2014-11-25,86.39,86.783,85.882,86.659,1256340,0
2014-11-26,86.562,87.118,85.873,86.437,1016108,0
2014-11-28,86.82,87.877,86.793,87.358,790369,0
2014-12-01,86.86,87.695,86.621,87.157,1653433,0
2014-12-02,87.244,88.758,87.186,88.308,1844627,0
2014-12-03,88.259,88.645,87.992,88.259,1597857,0
2014-12-04,88.147,88.894,87.965,88.222,1505927,0
2014-12-05,88.636,88.807,88.137,88.47,771343,0
2014-12-08,88.279,89.074,88.239,88.807,1571128,0
2014-12-09,87.743,88.509,87.088,88.358,1468764,0
2014-12-10,88.193,88.539,87.128,87.234,1296868,0
2014-12-11,88.567,89.074,87.807,88.798,1842390,0
2014-12-12,88.157,88.778,87.234,87.293,1762958,0
2014-12-15,87.837,88.001,86.331,87.014,2459522,0
2014-12-16,86.533,87.454,85.642,85.805,2338185,0
2014-12-17,86.179,87.33,85.863,86.889,2041298,0
2014-12-18,87.425,87.685,86.763,87.579,2252046,0
2014-12-19,88.308,88.807,87.425,87.965,3008928,0
2014-12-22,88.519,88.807,87.771,88.212,1642644,0
2014-12-23,88.654,88.894,87.014,87.713,1225521,0
2014-12-24,87.935,88.519,87.752,87.887,454452,0
2014-12-26,87.827,88.47,87.598,87.799,409897,0
2014-12-29,87.56,88.167,87.483,87.916,784478,0
2014-12-30,87.761,87.955,87.386,87.579,1134550,0
2014-12-31,87.857,88.203,86.437,86.505,1020324,0
2015-01-02,86.938,87.618,86.179,86.793,1172307,0
2015-01-05,86.419,87.06,86.005,86.055,1700254,0
2015-01-06,86.486,87.713,85.891,86.524,1835997,0
2015-01-07,87.098,88.654,86.763,88.249,1676294,0
2015-01-08,88.02,89.01,87.463,88.452,2501291,0
2015-01-09,88.692,89.49,88.577,89.231,1619306,0
2015-01-12,89.968,90.526,86.879,87.244,3673491,0
2015-01-13,88.147,89.633,87.244,87.926,3610316,0
2015-01-14,87.713,89.103,86.918,88.368,2084496,0
2015-01-15,88.415,88.654,87.406,87.695,1420146,0
2015-01-16,87.079,88.711,86.688,88.673,1606812,0
2015-01-20,89.241,89.633,87.685,88.692,1229824,0
2015-01-21,88.636,89.231,88.176,89.02,1596344,0
2015-01-22,89.45,90.409,88.222,90.333,1710442,0
2015-01-23,90.555,91.301,90.476,90.888,1933185,0
2015-01-26,91.005,91.982,90.476,91.964,2186102,0
2015-01-27,91.309,92.579,90.869,92.032,2849348,0
2015-01-28,94.796,96.146,91.398,92.463,5544102,0
2015-01-29,92.942,93.192,91.042,92.434,3468009,0
2015-01-30,92.282,92.588,91.13,91.197,2445965,0
2015-02-02,91.695,91.886,89.804,91.292,1769334,0
2015-02-03,91.793,91.946,90.448,91.763,2169291,0
2015-02-04,91.743,92.54,91.369,91.982,1852733,0
2015-02-05,92.367,92.75,92.088,92.434,1100322,0
2015-02-06,93.02,94.248,92.674,93.107,2100682,0
2015-02-09,93.04,93.04,91.216,91.685,1714738,0
2015-02-10,92.434,93.078,91.886,92.98,2342991,0
2015-02-11,93.078,95.062,93.0,94.737,3270365,0
2015-02-12,95.102,96.086,94.527,96.067,2311807,0
2015-02-13,95.921,96.577,95.276,96.559,2145332,0
2015-02-17,96.431,97.039,95.921,96.798,2283020,0
2015-02-18,96.431,97.106,95.853,96.854,1746264,0
2015-02-19,96.718,97.213,96.315,97.193,1477205,0
2015-02-20,97.203,98.157,96.403,98.138,1499149,0
2015-02-23,98.138,99.001,97.961,98.881,1151256,0
2015-02-24,98.881,99.242,98.446,99.082,1215010,0
2015-02-25,99.082,99.8,98.871,99.391,1106663,0
2015-02-26,99.039,99.73,98.743,99.092,1779029,0
2015-02-27,99.192,99.411,98.633,98.881,1381351,0
2015-03-02,98.703,99.351,98.593,99.212,2024663,0
2015-03-03,99.51,100.05,98.643,99.152,2073610,0
2015-03-04,98.673,99.74,98.288,99.58,1904428,0
2015-03-05,99.83,100.0,99.271,99.73,1255764,0
2015-03-06,99.291,99.68,98.157,98.416,1610023,0
2015-03-09,98.613,99.67,98.167,99.441,1346068,0
2015-03-10,98.743,99.61,98.376,99.039,1987044,0
2015-03-11,99.5,100.17,99.062,99.92,1787311,0
2015-03-12,100.08,101.54,100.03,101.54,1505612,0
2015-03-13,101.28,102.36,101.15,102.15,1815368,0
2015-03-16,104.06,106.05,102.93,105.98,3687894,0
2015-03-17,105.8,106.54,105.13,106.2,1857872,0
2015-03-18,106.28,108.05,105.68,107.48,2124010,0
2015-03-19,107.65,108.26,106.88,108.13,1477942,0
2015-03-20,108.73,110.18,108.6,109.18,4552608,0
2015-03-23,109.44,110.21,108.86,109.35,1996603,0
2015-03-24,109.35,110.41,109.08,109.58,1988500,0
2015-03-25,109.59,110.28,107.58,107.91,2147807,0
2015-03-26,107.29,108.79,106.37,107.86,2506226,0
2015-03-27,108.09,109.3,107.98,108.92,1955660,0
2015-03-30,109.4,109.69,109.09,109.21,2265756,0
2015-03-31,109.14,109.95,109.14,109.37,2342542,0
2015-04-01,109.62,109.62,107.22,107.8,2257026,0
2015-04-02,107.93,108.35,107.36,108.15,2129724,0
2015-04-06,107.76,108.86,107.57,108.3,1942358,0
2015-04-07,108.67,109.21,108.21,108.44,1236488,0
2015-04-08,108.53,109.22,108.19,108.96,2129102,0
2015-04-09,109.03,109.96,108.4,109.22,2520781,0
2015-04-10,109.12,111.2,108.95,111.01,1953271,0
2015-04-13,110.91,111.5,109.37,109.68,1898505,0
2015-04-14,109.7,110.13,108.46,109.69,1072449,0
2015-04-15,109.88,110.01,108.54,109.34,1380043,0
2015-04-16,109.13,109.75,108.29,109.53,1096972,0
2015-04-17,108.94,109.41,107.82,108.37,2387965,0
2015-04-20,108.71,109.28,108.65,108.92,1468359,0
2015-04-21,109.58,110.17,108.96,109.58,1222889,0
2015-04-22,109.55,110.09,109.09,109.51,1190230,0
2015-04-23,109.51,111.79,109.29,110.87,2236554,0
2015-04-24,110.77,111.6,109.87,111.14,883678,0
2015-04-27,111.5,111.5,109.55,109.79,1624261,0
2015-04-28,109.69,110.3,108.37,109.65,1392439,0
2015-04-29,109.39,109.68,107.89,108.2,2287371,0
2015-04-30,112.97,116.13,108.78,109.98,5401837,0
2015-05-01,110.79,110.98,109.53,110.29,3017615,0
2015-05-04,110.35,111.88,110.19,110.92,2281239,0
2015-05-05,111.27,111.39,110.08,110.38,1916171,0
2015-05-06,110.57,110.8,109.23,109.75,1770390,0
2015-05-07,109.96,110.74,109.49,109.75,1774761,0
2015-05-08,110.22,111.62,110.21,110.96,2584164,0
2015-05-11,110.81,111.44,110.42,110.58,1654606,0
2015-05-12,110.18,111.11,109.95,110.72,2066896,0
2015-05-13,111.13,111.47,109.85,109.98,1593548,0
2015-05-14,110.37,110.8,109.97,110.62,2505049,0
2015-05-15,110.82,111.02,109.73,110.15,2018960,0
2015-05-18,109.36,109.6,108.61,109.32,2906570,0
2015-05-19,109.53,111.49,109.41,111.06,1971939,0
2015-05-20,111.05,111.43,110.66,110.67,1954197,0
2015-05-21,110.46,110.77,109.84,109.91,2403986,0
2015-05-22,109.74,110.31,109.52,109.77,1553178,0
2015-05-26,109.85,110.42,108.84,109.01,1617019,0
2015-05-27,108.93,109.79,108.8,109.57,1295905,0
2015-05-28,109.16,110.03,108.95,109.11,1410513,0
2015-05-29,109.23,110.37,108.61,108.61,4874415,0
2015-06-01,108.84,109.74,107.88,109.27,1410316,0
2015-06-02,108.6,109.35,108.06,108.53,1454364,0
2015-06-03,108.4,109.17,108.24,108.43,1506016,0
2015-06-04,107.96,108.65,107.19,107.55,1619518,0
2015-06-05,107.29,107.7,106.36,107.56,1432523,0
2015-06-08,107.38,107.86,106.32,106.33,1384324,0
2015-06-09,106.83,106.83,104.79,105.26,1987899,0
2015-06-10,105.18,105.32,104.47,104.91,2052952,0
2015-06-11,105.08,107.23,104.96,106.52,1975993,0
2015-06-12,107.09,107.09,105.94,106.27,1205412,0
2015-06-15,105.91,108.38,105.14,106.72,2360760,0
2015-06-16,106.77,108.14,106.28,107.26,1732193,0
2015-06-17,107.44,108.18,106.96,107.57,1656005,0
2015-06-18,107.56,108.68,106.81,107.97,1378519,0
2015-06-19,107.77,108.36,107.4,107.53,4322135,0
2015-06-22,108.63,109.2,107.7,107.84,935804,0
2015-06-23,108.23,108.52,107.63,107.86,1073430,0
2015-06-24,107.56,107.65,105.71,105.74,1615165,0
2015-06-25,105.63,105.84,103.53,103.81,3357723,0
2015-06-26,104.27,104.74,103.54,104.04,1682128,0
2015-06-29,103.03,103.82,102.05,102.36,1793764,0
2015-06-30,102.54,103.53,102.4,102.58,2030197,0
2015-07-01,103.39,104.27,103.09,103.91,1966869,0
2015-07-02,103.91,104.5,103.25,103.32,1315392,0
2015-07-06,102.71,104.75,102.27,104.23,1694253,0
2015-07-07,104.9,104.95,103.23,104.81,1345866,0
2015-07-08,103.74,104.74,103.61,104.03,1217023,0
2015-07-09,105.12,105.29,104.28,105.02,2237515,0
2015-07-10,105.88,106.11,105.41,105.6,1213291,0
2015-07-13,106.62,106.74,105.5,106.19,1047130,0
2015-07-14,106.12,106.78,105.37,106.51,1560767,0
2015-07-15,106.76,107.02,105.64,106.62,981803,0
2015-07-16,107.33,107.98,106.06,107.93,1799777,0
2015-07-17,107.9,109.64,107.19,109.21,2002631,0
2015-07-20,109.24,110.95,109.19,110.72,2048342,0
2015-07-21,110.61,110.9,109.49,110.07,1519595,0
2015-07-22,109.98,111.34,109.84,110.91,2484733,0
2015-07-23,106.71,109.99,105.66,106.24,4324519,0
2015-07-24,105.91,106.26,104.63,104.89,2223727,0
2015-07-27,104.32,104.47,103.02,103.59,2788237,0
2015-07-28,104.0,104.41,102.99,104.2,1862280,0
2015-07-29,103.99,105.22,103.29,103.98,2490582,0
2015-07-30,103.7,103.7,100.64,100.79,4119385,0
2015-07-31,100.89,102.49,100.46,102.03,2818194,0
2015-08-03,102.03,102.89,101.43,102.09,1805132,0
2015-08-04,102.41,103.18,102.04,102.45,2269959,0
2015-08-05,102.89,103.71,102.66,103.47,1728772,0
2015-08-06,103.59,104.05,100.87,101.06,1841104,0
2015-08-07,100.83,100.96,99.242,100.69,2794662,0
2015-08-10,101.33,102.5,100.77,100.96,1475022,0
2015-08-11,100.57,101.29,99.83,100.83,1707265,0
2015-08-12,100.52,102.11,98.831,100.7,1974643,0
2015-08-13,101.31,101.87,98.951,100.5,1723038,0
2015-08-14,100.6,100.8,100.04,100.56,1075543,0
2015-08-17,100.37,101.26,99.441,101.2,1021068,0
2015-08-18,100.96,102.41,100.96,101.53,1127847,0
2015-08-19,101.12,103.54,100.47,102.68,2234606,0
2015-08-20,101.68,102.26,99.97,100.0,1853178,0
2015-08-21,99.142,100.12,98.04,98.496,2838686,0
2015-08-24,89.969,97.566,88.498,95.319,4723728,0
2015-08-25,97.34,97.596,94.149,94.237,2790724,0
2015-08-26,96.153,97.576,93.887,97.33,2833622,0
2015-08-27,98.167,98.476,96.162,97.862,4314364,0
2015-08-28,98.04,98.187,97.039,97.586,1750430,0
2015-08-31,97.586,98.534,92.495,96.778,1546695,0
2015-09-01,94.371,97.576,94.371,96.036,2618823,0
2015-09-02,98.466,98.466,95.871,97.009,1752602,0
2015-09-03,97.615,98.187,96.375,96.738,1633211,0
2015-09-04,97.378,98.098,95.155,95.764,2611586,0
2015-09-08,97.518,97.892,96.54,97.763,1906828,0
2015-09-09,97.852,100.09,97.271,97.469,1641893,0
2015-09-10,97.368,99.53,97.086,98.703,1842363,0
2015-09-11,98.574,101.0,98.516,100.94,2061877,0
2015-09-14,101.4,102.04,100.41,101.2,1821652,0
2015-09-15,101.3,102.36,100.82,102.12,1531394,0
2015-09-16,102.07,102.97,101.4,102.83,1590727,0
2015-09-17,102.97,104.66,102.19,103.3,1686749,0
2015-09-18,102.45,103.44,101.88,102.64,2297143,0
2015-09-21,103.1,103.86,101.34,101.86,1509688,0
2015-09-22,100.94,101.1,99.311,99.9,2570862,0
2015-09-23,99.84,100.29,98.941,99.471,2292536,0
2015-09-24,99.092,99.232,97.31,98.653,1670473,0
2015-09-25,99.049,99.132,96.153,96.587,1827853,0
2015-09-28,96.103,96.403,92.978,93.057,3492859,0
2015-09-29,93.057,93.655,91.333,91.953,3089043,0
2015-09-30,92.948,93.531,91.006,91.894,2461394,0
2015-10-01,91.894,92.012,90.162,91.431,3300535,0
2015-10-02,89.33,91.884,87.861,91.818,3606295,0
2015-10-05,92.234,92.707,90.948,91.894,2627609,0
2015-10-06,92.36,92.776,89.265,89.999,3905235,0
2015-10-07,90.309,90.676,89.255,89.912,2955058,0
2015-10-08,90.028,90.82,88.78,90.493,2272644,0
2015-10-09,90.191,90.637,89.32,89.815,2910732,0
2015-10-12,89.989,90.696,89.776,90.666,1985220,0
2015-10-13,90.82,92.088,90.745,91.081,3143105,0
2015-10-14,90.938,91.884,89.718,89.999,2265033,0
2015-10-15,90.126,91.228,89.108,91.006,3059273,0
2015-10-16,91.538,92.214,91.267,91.963,1736787,0
2015-10-19,91.874,92.427,91.101,91.702,1613746,0
2015-10-20,91.538,91.953,89.845,90.145,2757928,0
2015-10-21,90.404,90.774,88.702,89.69,2889648,0
2015-10-22,89.855,90.637,88.8,89.776,3538487,0
2015-10-23,90.598,91.219,89.39,90.097,2684360,0
2015-10-26,90.028,91.091,89.815,90.578,2586366,0
2015-10-27,90.869,99.291,89.96,94.362,10058929,0
2015-10-28,94.498,94.982,93.076,94.324,3595546,0
2015-10-29,94.1,94.362,89.989,93.665,5354038,0
2015-10-30,94.1,95.281,93.26,93.365,3219907,0
2015-11-02,94.334,94.855,93.413,94.641,2516227,0
2015-11-03,94.266,94.972,93.615,94.488,1727087,0
2015-11-04,94.488,94.76,93.54,94.296,1934034,0
2015-11-05,94.613,95.204,94.207,94.7,2080277,0
2015-11-06,94.817,95.493,93.383,94.429,1655228,0
2015-11-09,94.159,94.72,93.24,94.227,1756357,0
2015-11-10,94.324,95.822,94.015,95.65,1876436,0
2015-11-11,96.171,96.394,94.952,95.04,1566539,0
2015-11-12,93.477,95.505,93.477,94.079,1971820,0
2015-11-13,93.768,94.779,93.407,93.768,1780119,0
2015-11-16,94.03,95.205,93.72,94.456,1884775,0
2015-11-17,94.874,96.621,94.486,96.273,2385300,0
2015-11-18,96.175,97.508,95.98,97.378,2048561,0
2015-11-19,97.398,97.922,96.147,96.292,2106181,0
2015-11-20,96.689,96.999,95.757,96.203,2368819,0
2015-11-23,96.107,96.107,95.592,95.845,1094379,0
2015-11-24,95.292,95.738,94.892,95.622,1475594,0
2015-11-25,96.107,96.32,94.972,96.04,2154146,0
2015-11-27,96.127,96.788,95.592,96.097,798637,0
2015-11-30,96.184,96.583,95.748,95.757,1627353,0
2015-12-01,95.952,96.913,95.923,96.593,1878741,0
2015-12-02,96.913,97.086,95.632,95.961,1512148,0
2015-12-03,96.117,96.311,95.165,95.825,2708226,0
2015-12-04,96.223,97.469,95.66,96.969,1748390,0
2015-12-07,96.999,97.469,96.436,97.056,1303180,0
2015-12-08,96.738,97.645,96.426,97.538,1768465,0
2015-12-09,96.621,98.059,96.466,97.733,3467216,0
2015-12-10,97.99,99.431,97.685,98.961,2759227,0
2015-12-11,98.534,99.81,98.337,99.092,2089353,0
2015-12-14,99.212,99.75,98.376,99.54,2432645,0
2015-12-15,100.01,100.47,98.386,98.713,2296711,0
2015-12-16,99.112,99.451,97.508,98.623,2053610,0
2015-12-17,98.713,99.89,98.486,99.351,2875835,0
2015-12-18,99.142,99.61,98.288,98.891,4601049,0
2015-12-21,99.182,99.91,98.643,99.89,1719547,0
2015-12-22,99.99,100.42,99.212,100.15,1120672,0
2015-12-23,100.14,101.18,99.8,100.9,1281960,0
2015-12-24,100.69,101.15,100.5,100.91,448515,0
2015-12-28,100.82,101.51,100.46,101.15,828602,0
2015-12-29,101.63,102.28,101.22,101.71,853429,0
2015-12-30,101.88,102.72,101.73,101.95,1075366,0
2015-12-31,101.41,102.05,100.66,100.69,1140978,0
2016-01-04,99.321,99.64,98.337,98.881,2397030,0
2016-01-05,99.212,100.38,98.623,100.34,2111644,0
2016-01-06,98.506,99.64,98.357,98.792,2335570,0
2016-01-07,97.931,98.197,95.612,95.652,3768779,0
2016-01-08,96.263,96.602,94.942,95.097,1892519,0
2016-01-11,92.719,93.194,91.067,91.31,6166008,0
2016-01-12,91.69,92.719,91.04,91.428,3729417,0
2016-01-13,91.553,92.078,90.224,90.417,4123114,0
2016-01-14,90.079,91.49,89.719,90.983,2873367,0
2016-01-15,90.517,90.797,88.758,90.059,3309077,0
2016-01-19,90.564,90.612,88.914,89.836,3527168,0
2016-01-20,89.107,89.554,87.059,88.242,4625571,0
2016-01-21,88.242,89.147,87.166,87.925,2262830,0
2016-01-22,89.205,89.39,88.187,88.341,2045547,0
2016-01-25,89.301,89.534,88.391,88.604,2512854,0
2016-01-26,88.738,88.914,87.964,88.594,1367500,0
2016-01-27,88.624,88.847,87.108,87.545,2930161,0
2016-01-28,87.855,88.078,84.546,84.739,6235584,0
2016-01-29,84.991,86.981,84.729,86.943,3878163,0
2016-02-01,86.506,86.768,85.098,86.4,3127980,0
2016-02-02,86.011,87.264,85.381,85.564,2935365,0
2016-02-03,85.758,85.957,84.332,85.418,4118343,0
2016-02-04,78.157,85.401,78.147,81.934,8281410,0
2016-02-05,81.546,83.613,80.245,82.225,4999601,0
2016-02-08,81.438,81.778,80.302,81.177,4734935,0
2016-02-09,80.274,82.556,80.207,82.274,2893217,0
2016-02-10,82.943,83.826,82.73,83.099,2789904,0
2016-02-11,81.788,82.603,81.731,82.078,2841420,0
2016-02-12,82.128,83.107,82.021,83.107,1937001,0
2016-02-16,83.593,83.711,82.516,83.107,2301656,0
2016-02-17,83.545,85.263,83.216,84.934,3682333,0
2016-02-18,84.817,85.264,84.388,84.484,2283879,0
2016-02-19,84.534,84.836,84.086,84.632,1696541,0
2016-02-22,84.65,85.655,84.622,85.468,2251075,0
2016-02-23,85.46,85.947,84.65,85.129,1719548,0
2016-02-24,84.32,85.06,83.617,84.866,2808702,0
2016-02-25,85.323,85.791,84.67,85.373,1297424,0
2016-02-26,85.617,86.317,85.245,85.313,1191013,0
2016-02-29,85.05,85.284,84.236,84.417,2662844,0
2016-03-01,84.593,85.498,84.27,85.206,1993211,0
2016-03-02,85.206,85.722,84.826,85.403,1670991,0
2016-03-03,85.403,86.094,84.914,85.976,1957816,0
2016-03-04,85.927,86.219,85.548,85.761,1710816,0
2016-03-07,85.139,86.005,84.972,85.86,1803140,0
2016-03-08,86.084,86.094,84.924,85.587,1882663,0
2016-03-09,85.557,85.771,85.149,85.343,1865167,0
2016-03-10,85.771,85.918,83.627,83.987,3508364,0
2016-03-11,84.807,87.36,84.359,87.273,3628835,0
2016-03-14,86.795,87.487,85.646,85.722,1492060,0
2016-03-15,85.274,85.888,83.92,84.106,2278352,0
2016-03-16,84.096,85.119,83.755,84.856,1435747,0
2016-03-17,84.856,85.245,83.549,83.696,3102074,0
2016-03-18,83.93,85.547,83.239,85.254,3771907,0
2016-03-21,85.353,85.607,84.593,84.914,1669605,0
2016-03-22,85.05,85.305,84.417,84.943,1731883,0
2016-03-23,85.274,85.607,84.875,85.05,1362453,0
2016-03-24,84.65,85.011,83.891,83.979,2513623,0
2016-03-28,84.826,85.177,83.531,84.28,1502034,0
2016-03-29,84.349,84.65,83.549,84.222,1448939,0
2016-03-30,84.3,85.22,84.222,84.875,1703238,0
2016-03-31,84.914,85.508,84.106,84.349,1760947,0
2016-04-01,84.407,84.641,83.807,84.31,2086349,0
2016-04-04,84.534,85.86,84.407,84.943,2330914,0
2016-04-05,84.174,84.797,83.403,83.511,2615360,0
2016-04-06,83.578,85.373,83.54,85.313,2890286,0
2016-04-07,85.08,85.761,84.398,84.456,2275460,0
2016-04-08,84.544,85.07,82.955,83.139,2548617,0
2016-04-11,82.995,83.358,82.215,82.292,1918623,0
2016-04-12,82.458,82.985,81.912,82.741,1780350,0
2016-04-13,83.159,83.598,82.497,83.004,1980578,0
2016-04-14,82.546,84.924,82.478,84.494,2182034,0
2016-04-15,84.398,85.646,84.29,85.597,2424081,0
2016-04-18,85.801,86.463,85.411,86.406,1792401,0
2016-04-19,87.136,87.946,86.949,87.213,2094784,0
2016-04-20,87.633,89.631,87.36,89.522,3227364,0
2016-04-21,89.298,90.129,89.192,89.496,2407640,0
2016-04-22,89.69,90.07,88.833,89.552,1992073,0
2016-04-25,89.416,89.651,88.666,89.182,2295294,0
2016-04-26,89.397,89.66,88.813,88.958,1156109,0
2016-04-27,88.997,89.318,87.993,88.335,1752977,0
2016-04-28,87.331,87.331,83.987,84.222,5481627,0
2016-04-29,83.94,84.29,82.224,82.935,4006799,0
2016-05-02,83.024,83.199,82.361,83.063,1664220,0
2016-05-03,82.77,83.881,82.282,83.306,2001835,0
2016-05-04,82.82,83.129,81.863,82.146,2314956,0
2016-05-05,75.967,77.654,74.866,76.017,12188183,0
2016-05-06,75.977,76.162,73.433,74.575,6998221,0
2016-05-09,74.485,76.484,74.331,75.402,4064663,0
2016-05-10,75.802,76.297,74.456,74.729,3779692,0
2016-05-11,74.535,74.866,73.58,73.833,3529864,0
2016-05-12,73.99,73.99,72.731,72.879,3555590,0
2016-05-13,72.81,73.159,71.668,71.788,2439524,0
2016-05-16,71.883,72.77,71.854,72.694,3069760,0
2016-05-17,72.508,73.149,72.176,72.635,3048950,0
2016-05-18,72.312,73.357,72.196,73.238,3338618,0
2016-05-19,72.896,73.728,72.778,73.473,3083856,0
2016-05-20,73.563,73.748,72.798,73.248,2599487,0
2016-05-23,73.424,73.473,72.357,72.387,1766637,0
2016-05-24,72.808,73.023,72.338,72.778,1990944,0
2016-05-25,73.023,73.179,72.318,72.485,1702156,0
2016-05-26,72.485,72.514,71.771,72.142,1491922,0
2016-05-27,72.231,72.553,72.074,72.476,1987697,0
2016-05-31,72.641,73.473,72.338,73.404,4526103,0
2016-06-01,73.189,74.346,73.023,74.051,2912660,0
2016-06-02,74.217,75.607,74.071,75.461,3108775,0
2016-06-03,75.09,75.382,74.667,74.931,1953674,0
2016-06-06,74.696,75.036,74.356,74.846,1524299,0
2016-06-07,74.786,74.931,74.326,74.62,1715422,0
2016-06-08,74.706,75.031,74.276,74.648,2092242,0
2016-06-09,74.62,74.816,74.306,74.571,3213966,0
2016-06-10,74.276,75.617,73.787,74.855,2878605,0
2016-06-13,74.836,75.56,74.61,74.806,2921931,0
2016-06-14,74.481,74.846,73.384,73.924,3021780,0
2016-06-15,74.356,75.118,74.276,74.521,2446303,0
2016-06-16,74.081,74.648,73.473,74.403,2156828,0
2016-06-17,74.413,74.726,73.582,74.111,3122548,0
2016-06-20,74.648,75.597,74.531,74.766,2500663,0
2016-06-21,74.883,75.167,74.452,74.961,1304737,0
2016-06-22,74.961,75.852,74.471,75.51,1976785,0
2016-06-23,76.029,76.136,75.412,75.921,2703788,0
2016-06-24,73.503,74.256,73.463,73.856,4576757,0
2016-06-27,73.563,73.601,71.896,72.298,2259689,0
2016-06-28,72.758,73.866,72.505,73.738,2871533,0
2016-06-29,74.481,75.872,74.432,75.637,1968117,0
2016-06-30,75.98,77.664,75.804,77.654,3264885,0
2016-07-01,77.624,78.74,77.447,78.476,2822571,0
2016-07-05,78.183,78.991,77.723,78.672,2428155,0
2016-07-06,78.26,79.836,77.923,79.486,2464480,0
2016-07-07,79.386,79.816,78.839,79.29,1827245,0
2016-07-08,79.995,80.355,79.543,80.2,1631726,0
2016-07-11,80.249,80.865,80.131,80.454,1460004,0
2016-07-12,80.523,82.637,80.513,82.412,2899339,0
2016-07-13,82.754,83.556,82.559,83.145,2545650,0
2016-07-14,83.556,84.311,83.465,84.145,2079382,0
2016-07-15,84.448,84.703,83.135,83.754,2435412,0
2016-07-18,83.93,84.311,83.754,84.223,1137468,0
2016-07-19,83.96,84.341,83.313,84.116,2020862,0
2016-07-20,84.576,85.221,84.204,84.821,1275616,0
2016-07-21,84.566,85.07,83.735,84.006,1707880,0
2016-07-22,84.204,84.4,83.405,84.056,1360047,0
2016-07-25,84.096,84.126,83.225,83.615,1898531,0
2016-07-26,83.489,84.232,82.843,83.91,1681420,0
2016-07-27,83.91,83.997,82.881,83.625,1879098,0
2016-07-28,83.264,83.274,82.471,83.039,2486818,0
2016-07-29,82.569,83.581,82.353,83.4,1977441,0
2016-08-01,83.489,84.506,83.322,83.744,2993280,0
2016-08-02,86.778,88.639,85.74,87.551,5288898,0
2016-08-03,87.463,88.001,86.514,88.001,2620287,0
2016-08-04,87.825,87.925,86.583,87.111,1892193,0
2016-08-05,87.493,88.58,87.375,87.473,1560755,0
2016-08-08,87.825,87.825,86.612,86.808,1630525,0
2016-08-09,86.916,87.483,86.514,86.758,1523756,0
2016-08-10,86.926,86.963,85.819,86.054,1655585,0
2016-08-11,86.122,87.18,85.634,87.082,1705117,0
2016-08-12,87.268,87.316,86.474,87.043,1347825,0
2016-08-15,87.082,87.531,86.778,87.513,1835511,0
2016-08-16,87.121,88.225,87.121,87.581,1588752,0
2016-08-17,87.415,87.64,86.504,87.072,1528171,0
2016-08-18,87.013,87.455,86.59,87.435,1470022,0
2016-08-19,87.003,87.465,86.737,87.317,2126079,0
2016-08-22,87.269,87.396,86.944,87.219,1029507,0
2016-08-23,87.602,87.691,87.298,87.455,649403,0
2016-08-24,87.367,87.553,86.576,86.865,1362063,0
2016-08-25,86.63,86.737,83.918,84.034,3410348,0
2016-08-26,84.193,85.072,83.682,84.27,1905694,0
2016-08-29,84.34,84.954,83.838,84.822,1376090,0
2016-08-30,85.008,85.372,84.203,84.556,1767319,0
2016-08-31,84.645,85.573,84.25,85.469,2729105,0
2016-09-01,85.509,86.206,85.087,85.647,1354457,0
2016-09-02,86.04,86.354,85.745,85.932,1238810,0
2016-09-06,85.794,86.284,85.499,86.118,1681300,0
2016-09-07,86.09,86.914,85.942,86.236,1540285,0
2016-09-08,85.892,86.158,85.638,85.764,2233712,0
2016-09-09,85.136,85.322,83.751,83.838,2513871,0
2016-09-12,83.543,85.638,83.486,85.451,2422471,0
2016-09-13,84.713,85.057,83.515,83.778,2770373,0
2016-09-14,83.908,84.005,81.982,82.404,5999671,0
2016-09-15,82.099,83.082,81.628,82.748,2481330,0
2016-09-16,82.511,82.934,81.578,82.659,3520627,0
2016-09-19,82.463,83.495,81.638,81.824,2376944,0
2016-09-20,82.208,82.237,80.655,80.665,2528029,0
2016-09-21,80.782,81.716,80.379,81.588,2862544,0
2016-09-22,81.824,82.501,81.618,82.148,2310217,0
2016-09-23,82.109,82.335,81.539,81.893,1861274,0
2016-09-26,81.638,82.119,81.244,81.293,1363470,0
2016-09-27,81.323,82.295,81.037,81.814,1610594,0
2016-09-28,81.814,81.863,81.037,81.765,1333406,0
2016-09-29,81.49,81.844,79.848,79.848,1653417,0
2016-09-30,79.888,80.232,77.972,79.386,3054481,0
2016-10-03,79.29,79.549,78.611,78.738,1590458,0
2016-10-04,79.858,80.31,78.866,79.14,1710473,0
2016-10-05,79.318,79.464,78.502,78.65,1775931,0
2016-10-06,78.208,78.904,77.54,78.758,2288514,0
2016-10-07,79.044,79.16,77.343,78.021,1869307,0
2016-10-10,77.706,78.63,77.421,78.266,1304317,0
2016-10-11,78.228,78.655,77.893,78.237,2451328,0
2016-10-12,78.315,79.652,78.05,79.22,2409587,0
2016-10-13,78.895,79.535,78.552,78.994,2537747,0
2016-10-14,79.101,79.486,78.414,78.414,1308346,0
2016-10-17,78.375,78.532,77.863,78.365,2225883,0
2016-10-18,79.073,79.838,78.783,79.692,1947842,0
2016-10-19,79.798,79.798,78.964,78.964,1674599,0
2016-10-20,78.895,80.355,78.847,79.346,2353489,0
2016-10-21,78.778,79.14,78.552,78.64,1231771,0
2016-10-24,78.954,79.486,78.561,78.66,1331255,0
2016-10-25,78.228,79.17,78.079,79.004,1718374,0
2016-10-26,78.63,78.856,77.736,78.002,2172094,0
2016-10-27,78.188,78.462,77.746,78.129,1622475,0
2016-10-28,67.938,70.178,67.201,67.948,9937847,0
2016-10-31,68.31,69.716,68.31,69.108,4514894,0
2016-11-01,68.646,69.952,68.449,68.586,4338909,0
2016-11-02,69.058,75.366,68.969,74.649,6269245,0
2016-11-03,74.562,76.133,69.981,71.073,7385945,0
2016-11-04,70.453,72.055,69.058,69.254,5087569,0
2016-11-07,70.286,71.093,69.765,70.689,3693230,0
2016-11-08,69.805,69.933,67.52,67.838,4871236,0
2016-11-09,71.721,74.838,70.512,74.306,5613120,0
2016-11-10,75.761,79.409,75.761,78.218,4693103,0
2016-11-11,78.04,78.472,75.907,77.56,5313166,0
2016-11-14,80.743,81.156,78.011,79.928,4481471,0
2016-11-15,80.094,80.252,77.48,78.158,4360781,0
2016-11-16,77.795,78.827,77.304,77.5,3011600,0
2016-11-17,77.209,79.233,76.725,79.143,3084783,0
2016-11-18,78.896,78.896,77.91,78.206,3690817,0
2016-11-21,77.623,78.334,76.853,77.455,2640983,0
2016-11-22,77.772,77.772,76.784,77.416,1934883,0
2016-11-23,77.08,77.9,76.774,77.702,1341564,0
2016-11-25,78.067,79.46,77.356,77.573,1173930,0
2016-11-28,77.613,78.571,76.824,78.048,2150354,0
2016-11-29,77.653,78.354,76.547,76.646,2525716,0
2016-11-30,76.735,77.919,76.468,77.001,5225122,0
2016-12-01,76.893,77.702,76.626,76.814,1524974,0
2016-12-02,77.159,78.571,76.676,77.801,1755536,0
2016-12-05,77.89,78.966,77.515,78.532,2644490,0
2016-12-06,78.887,79.085,77.545,77.87,2405321,0
2016-12-07,77.199,77.199,72.923,75.411,4551061,0
2016-12-08,75.274,76.656,74.72,75.905,2600126,0
2016-12-09,76.212,78.216,76.043,77.9,1813904,0
2016-12-12,77.376,77.969,76.3,77.08,1752550,0
2016-12-13,77.386,78.166,77.179,78.038,1334525,0
2016-12-14,77.949,78.393,75.618,76.073,2311364,0
2016-12-15,75.826,75.855,74.503,75.698,2202460,0
2016-12-16,75.965,76.601,75.531,76.399,3681738,0
2016-12-19,76.567,77.653,76.394,77.426,1839641,0
2016-12-20,77.702,79.046,77.565,78.295,2972583,0
2016-12-21,77.959,78.566,77.613,77.85,1373217,0
2016-12-22,77.959,77.959,76.344,76.824,1905957,0
2016-12-23,77.051,77.929,76.903,77.565,604300,0
2016-12-27,77.426,78.265,77.308,77.82,656981,0
2016-12-28,77.86,78.216,77.218,77.356,866519,0
2016-12-29,77.613,79.223,77.593,78.334,1027823,0
2016-12-30,78.344,78.482,76.972,77.199,1427125,0
2017-01-03,77.515,82.046,77.318,81.562,4186563,0
2017-01-04,81.552,84.06,81.425,83.586,2574545,0
2017-01-05,83.31,83.755,81.572,82.619,2163655,0
2017-01-06,82.471,84.693,82.471,83.726,2146032,0
2017-01-09,83.528,84.978,83.528,84.397,2108297,0
2017-01-10,84.02,85.048,83.232,83.755,1884760,0
2017-01-11,84.07,85.22,78.926,80.496,4046116,0
2017-01-12,81.237,83.863,80.911,82.797,2806834,0
2017-01-13,83.014,84.04,82.451,83.546,1404939,0
2017-01-17,83.843,85.374,83.024,84.9,2144357,0
2017-01-18,84.861,85.088,84.11,84.427,2121454,0
2017-01-19,84.2,84.693,83.745,84.387,1594721,0
2017-01-20,84.771,85.177,82.155,82.688,3797432,0
2017-01-23,82.658,84.02,82.254,83.803,1438380,0
2017-01-24,83.626,84.11,82.995,83.339,1532886,0
2017-01-25,83.823,84.831,83.508,84.741,1877395,0
2017-01-26,80.013,84.115,80.013,82.333,3527637,0
2017-01-27,82.619,82.619,81.029,81.385,1877223,0
2017-01-30,81.504,82.688,79.794,82.56,2683430,0
2017-01-31,85.522,86.726,81.948,86.174,5902097,0
2017-02-01,86.598,87.575,84.998,87.487,3405132,0
2017-02-02,86.934,87.655,85.472,86.934,3885621,0
2017-02-03,87.447,88.473,86.628,88.149,3028721,0
2017-02-06,88.039,90.488,87.803,88.84,2906601,0
2017-02-07,88.71,90.478,88.573,89.184,2135555,0
2017-02-08,89.037,89.955,88.538,89.915,1488620,0
2017-02-09,89.896,90.617,89.017,90.488,1651592,0
2017-02-10,90.38,90.587,89.122,90.014,1547190,0
2017-02-13,90.37,93.302,88.286,89.333,3076773,0
2017-02-14,88.859,89.935,88.593,89.668,2092871,0
2017-02-15,89.501,90.311,88.523,90.024,1969663,0
2017-02-16,90.207,90.743,88.224,89.533,2302934,0
2017-02-17,89.454,90.089,88.938,89.969,1441773,0
2017-02-21,89.95,90.356,88.78,90.217,2079276,0
2017-02-22,90.396,91.397,90.217,90.545,1163008,0
2017-02-23,90.653,91.591,90.168,90.812,2188885,0
2017-02-24,90.713,91.357,89.741,91.357,1010478,0
2017-02-27,91.506,91.933,90.505,90.931,1150077,0
2017-02-28,91.099,91.129,90.187,90.713,1933160,0
2017-03-01,91.387,91.998,90.891,91.427,1406630,0
2017-03-02,91.089,91.923,90.653,91.139,1451086,0
2017-03-03,91.417,91.863,90.673,91.427,1417728,0
2017-03-06,90.783,91.069,88.958,89.206,1823879,0
2017-03-07,88.453,89.018,87.154,87.71,2635016,0
2017-03-08,87.55,89.186,87.55,88.304,1863798,0
2017-03-09,88.622,88.622,87.312,87.838,1135544,0
2017-03-10,88.215,88.224,86.996,87.54,1559214,0
2017-03-13,87.987,88.472,87.452,88.364,1688595,0
2017-03-14,88.186,88.423,87.274,88.036,1254471,0
2017-03-15,88.076,88.79,87.372,88.7,1816209,0
2017-03-16,88.8,88.978,87.124,87.234,1533402,0
2017-03-17,87.144,87.555,86.123,86.768,2316302,0
2017-03-20,86.886,87.124,85.499,86.153,1632929,0
2017-03-21,86.242,86.53,85.023,85.162,2006350,0
2017-03-22,85.37,85.529,84.477,85.132,1200141,0
2017-03-23,85.112,85.994,85.043,85.241,1452858,0
2017-03-24,85.241,86.074,84.973,85.806,1251923,0
2017-03-27,85.39,86.783,85.37,86.718,1572312,0
2017-03-28,86.361,87.204,86.361,86.738,1210121,0
2017-03-29,86.639,88.988,86.639,88.73,2301099,0
2017-03-30,88.572,89.097,88.254,88.364,1407358,0
2017-03-31,88.096,88.869,87.7,87.73,1808824,0
2017-04-03,87.64,87.858,86.044,86.57,1391380,0
2017-04-04,86.302,87.224,85.955,86.173,1384386,0
2017-04-05,86.678,87.492,86.232,86.42,1197526,0
2017-04-06,86.5,86.926,86.094,86.876,1600083,0
2017-04-07,86.808,87.303,86.53,86.857,941600,0
2017-04-10,86.986,88.472,86.827,87.67,1016702,0
2017-04-11,87.512,87.58,86.064,87.104,1462363,0
2017-04-12,86.391,86.827,85.39,86.064,1904280,0
2017-04-13,85.885,86.53,85.608,85.915,794420,0
2017-04-17,85.885,85.965,85.459,85.885,1295711,0
2017-04-18,82.445,82.713,80.424,81.841,4422670,0
2017-04-19,81.92,82.366,80.909,81.137,1921661,0
2017-04-20,81.514,82.208,80.909,81.653,2076938,0
2017-04-21,81.484,81.573,80.404,80.552,1148879,0
2017-04-24,81.316,81.39,80.106,80.235,2320332,0
2017-04-25,80.116,80.86,78.708,80.78,2005598,0
2017-04-26,80.79,81.454,80.492,80.542,1230101,0
2017-04-27,80.671,81.474,80.592,81.405,1685984,0
2017-04-28,81.454,81.682,80.899,81.335,1490022,0
2017-05-01,81.603,82.287,81.147,81.772,1723835,0
2017-05-02,82.039,82.109,80.364,81.94,1841472,0
2017-05-03,81.732,82.386,80.889,81.95,2945940,0
2017-05-04,82.773,87.204,82.773,85.776,3800657,0
2017-05-05,85.905,86.212,84.795,85.142,1721790,0
2017-05-08,85.459,86.222,85.271,85.836,1807003,0
2017-05-09,85.945,87.442,85.915,86.778,1941014,0
2017-05-10,86.808,87.938,86.798,87.372,1309152,0
2017-05-11,87.075,88.161,87.036,88.086,2164630,0
2017-05-12,87.838,88.195,87.67,87.977,1212667,0
2017-05-15,87.72,90.197,87.7,89.137,2126063,0
2017-05-16,89.058,89.058,87.798,88.344,1284371,0
2017-05-17,86.718,87.68,85.38,85.529,1812799,0
2017-05-18,85.872,87.266,85.733,86.3,1157333,0
2017-05-19,87.226,89.386,86.658,88.759,1820971,0
2017-05-22,88.6,89.794,88.6,89.077,1349412,0
2017-05-23,89.326,89.446,88.63,88.789,1717510,0
2017-05-24,88.978,89.914,88.152,89.565,1272446,0
2017-05-25,89.595,91.019,89.426,90.7,1051815,0
2017-05-26,90.78,91.088,90.501,90.591,896168,0
2017-05-30,90.252,90.979,90.123,90.621,1254041,0
2017-05-31,90.919,91.377,90.342,91.357,1878966,0
2017-06-01,91.297,92.88,91.029,92.721,1332940,0
2017-06-02,93.079,93.418,92.293,93.159,1290794,0
2017-06-05,92.781,93.149,92.094,92.9,1055573,0
2017-06-06,92.771,92.781,91.049,91.278,1383636,0
2017-06-07,91.536,91.815,91.039,91.516,1188168,0
2017-06-08,91.775,91.775,90.8,91.158,1116071,0
2017-06-09,90.869,91.895,90.616,91.686,1162377,0
2017-06-12,91.477,92.333,91.477,91.945,820238,0
2017-06-13,92.094,92.582,91.616,92.582,639324,0
2017-06-14,92.582,94.166,92.482,93.478,906021,0
2017-06-15,93.079,94.752,92.333,94.005,1741572,0
2017-06-16,94.115,94.135,91.327,92.114,1889052,0
2017-06-19,92.193,93.597,91.347,93.328,1077742,0
2017-06-20,93.328,93.478,92.393,92.831,1094054,0
2017-06-21,93.507,95.22,92.482,95.19,1097605,0
2017-06-22,95.27,97.231,95.07,95.936,1737863,0
2017-06-23,96.066,96.374,94.871,95.389,1631410,0
2017-06-26,95.767,96.285,95.2,95.558,1176408,0
2017-06-27,95.489,96.265,94.672,95.1,1258786,0
2017-06-28,95.737,96.673,95.638,95.946,901655,0
2017-06-29,96.245,97.41,94.961,95.329,1057943,0
2017-06-30,94.513,94.802,92.93,94.105,1241679,0
2017-07-03,94.433,94.931,93.975,94.274,529754,0
2017-07-05,94.483,95.25,93.826,94.792,913038,0
2017-07-06,94.264,94.762,91.825,92.094,955170,0
2017-07-07,92.621,93.836,92.323,93.488,1149120,0
2017-07-10,93.229,94.115,91.865,92.074,1261011,0
2017-07-11,92.233,92.233,90.74,91.765,915631,0
2017-07-12,92.422,93.279,92.193,92.791,658093,0
2017-07-13,93.129,93.368,91.905,92.442,792344,0
2017-07-14,92.641,93.0,92.114,92.542,862902,0
2017-07-17,92.631,92.95,92.134,92.293,1022254,0
2017-07-18,92.263,92.263,90.561,90.959,1305154,0
2017-07-19,91.148,91.258,89.894,90.76,1337618,0
2017-07-20,90.79,91.935,90.212,91.536,1135395,0
2017-07-21,91.407,91.666,91.029,91.208,607160,0
2017-07-24,91.228,93.239,90.929,92.711,1279461,0
2017-07-25,92.98,94.682,92.183,94.224,1419683,0
2017-07-26,93.846,94.299,92.99,93.786,1372302,0
2017-07-27,93.069,93.249,91.447,92.363,1499998,0
2017-07-28,92.582,93.746,91.964,93.547,873151,0
2017-07-31,93.876,93.995,92.831,93.398,1072153,0
2017-08-01,93.687,93.746,92.243,92.562,1261791,0
2017-08-02,91.775,91.775,88.689,90.859,2311434,0
2017-08-03,83.732,84.946,80.148,81.342,7468333,0
2017-08-04,81.342,81.601,79.222,80.466,2895920,0
2017-08-07,80.437,80.666,78.884,80.218,2297436,0
2017-08-08,80.546,81.97,79.77,79.969,1749941,0
2017-08-09,79.501,79.59,78.246,79.441,2631967,0
2017-08-10,79.073,79.665,77.779,78.525,2428032,0
2017-08-11,78.475,79.949,78.376,79.66,2224787,0
2017-08-14,79.949,80.168,79.302,79.72,2042062,0
2017-08-15,79.889,80.063,79.421,79.64,2136299,0
2017-08-16,79.929,80.218,79.173,79.67,1607019,0
2017-08-17,79.68,81.34,79.68,79.94,1715773,0
2017-08-18,79.69,79.89,78.46,78.6,2091927,0
2017-08-21,78.43,78.59,77.9,78.04,1447343,0
2017-08-22,78.24,79.46,78.09,79.23,1372974,0
2017-08-23,78.98,79.0,77.96,78.14,1455723,0
2017-08-24,78.33,78.9,77.855,78.4,1191129,0
2017-08-25,78.39,78.9522,77.97,78.1,1154263,0
2017-08-28,78.38,78.88,77.69,78.66,1210930,0
2017-08-29,78.16,79.08,77.84,78.56,1279567,0
2017-08-30,78.43,78.53,77.79,78.33,1267028,0
2017-08-31,78.65,80.5,78.46,80.25,1301215,0
2017-09-01,80.46,80.61,79.22,80.24,1248437,0
2017-09-05,79.81,80.78,79.05,79.69,1123869,0
2017-09-06,80.0,80.935,79.84,80.72,1308264,0
2017-09-07,80.82,83.03,80.65,82.56,1825285,0
2017-09-08,82.54,83.94,82.33,82.5,1936786,0
2017-09-11,83.33,84.56,82.89,84.39,1230843,0
2017-09-12,84.19,84.805,83.11,83.9,1809972,0
2017-09-13,83.76,84.344,83.06,84.32,1310879,0
2017-09-14,82.32,82.32,80.44,80.69,2872119,0
2017-09-15,80.47,81.73,80.02,81.6,2732342,0
2017-09-18,81.8,82.03,80.54,80.67,1350697,0
2017-09-19,80.53,81.04,79.13,79.28,1648515,0
2017-09-20,79.47,80.09,78.3399,79.5,1324955,0
2017-09-21,79.49,80.94,79.2,80.38,1035888,0
2017-09-22,80.53,81.2,80.33,81.05,835921,0
2017-09-25,80.23,81.36,80.14,80.98,717129,0
2017-09-26,81.41,82.65,81.33,82.0,1018543,0
2017-09-27,82.17,82.8,81.02,82.43,960866,0
2017-09-28,81.85,81.88,80.27,80.99,1120310,0
2017-09-29,81.71,83.84,81.42,82.75,1629217,0
2017-10-02,82.97,83.63,82.38,83.3,1932971,0
2017-10-03,83.33,83.7287,82.515,82.88,1141899,0
2017-10-04,82.76,84.14,82.56,82.74,2206922,0
2017-10-05,84.16,85.29,83.83,84.12,2136222,0
2017-10-06,84.23,84.5,80.04,80.48,2919695,0
2017-10-09,80.21,80.49,77.87,78.35,2644461,0
2017-10-10,79.49,80.4,79.01,79.55,1620280,0
2017-10-11,79.45,80.5,79.25,80.32,1004554,0
2017-10-12,80.37,81.2984,80.37,80.8,1202985,0
2017-10-13,80.42,81.41,77.77,79.44,2469252,0
2017-10-16,79.02,81.04,78.4,79.0,2545289,0
2017-10-17,78.89,80.52,78.4,79.95,1043927,0
2017-10-18,80.13,81.66,80.13,80.49,1699309,0
2017-10-19,80.82,82.55,80.735,82.2,1436645,0
2017-10-20,82.9499,83.77,82.35,83.21,1297292,0
2017-10-23,83.17,83.4299,81.7658,82.53,1116159,0
2017-10-24,82.69,82.98,80.64,81.85,1162933,0
2017-10-25,82.0,82.52,81.41,82.22,1428571,0
2017-10-26,83.97,85.8,77.47,78.77,4756190,0
2017-10-27,78.76,78.77,75.66,76.38,4690478,0
2017-10-30,76.07,77.78,76.055,76.93,2164912,0
2017-10-31,76.87,78.99,75.46,76.95,3132825,0
2017-11-01,77.48,77.495,76.31,76.62,2546091,0
2017-11-02,77.02,79.5,71.9,73.23,3840211,0
2017-11-03,73.34,75.3,73.32,74.8,2726048,0
2017-11-06,74.86,75.1668,74.86,74.86,3478259,0
2017-11-07,74.92,75.73,74.56,74.91,1777500,0
2017-11-08,74.87,75.41,73.27,75.01,1710169,0
2017-11-09,75.07,76.63,74.9,75.27,2576849,0
2017-11-10,75.05,76.68,74.05,75.0,3005741,0
