Date,Open,High,Low,Close,Volume,OpenInt
2014-01-02,20.311,20.405,20.016,20.301,113780,0
2014-01-03,20.311,20.388,19.92,20.193,78042,0
2014-01-06,20.223,20.464,20.115,20.311,64624,0
2014-01-07,20.424,20.834,20.065,20.424,17700,0
2014-01-08,20.348,20.415,19.94,19.996,118242,0
2014-01-09,19.978,20.133,19.786,19.968,40443,0
2014-01-10,20.026,20.173,19.142,19.96,136251,0
2014-01-13,19.874,20.311,19.687,19.717,104347,0
2014-01-14,19.776,20.193,19.776,20.055,149217,0
2014-01-15,19.996,20.493,19.996,20.045,62360,0
2014-01-16,20.065,20.065,19.221,19.747,110988,0
2014-01-17,19.677,20.321,19.677,20.133,77694,0
2014-01-21,20.395,20.632,20.105,20.415,70698,0
2014-01-22,20.493,20.602,20.124,20.223,89324,0
2014-01-23,20.124,20.464,19.855,20.378,59068,0
2014-01-24,19.94,20.105,19.531,19.806,383950,0
2014-01-27,19.806,20.863,19.379,19.638,126576,0
2014-01-28,19.608,19.864,19.444,19.806,91175,0
2014-01-29,19.677,19.92,19.192,19.359,123901,0
2014-01-30,19.473,20.193,19.463,19.92,152203,0
2014-01-31,19.54,20.006,19.54,19.893,225162,0
2014-02-03,19.845,20.127,19.522,19.618,215853,0
2014-02-04,19.776,20.073,19.435,19.598,187071,0
2014-02-05,19.747,19.747,19.251,19.3,97565,0
2014-02-06,19.416,19.623,19.212,19.473,132871,0
2014-02-07,19.579,19.665,19.309,19.435,125966,0
2014-02-10,19.251,19.667,18.979,19.531,111739,0
2014-02-11,19.463,19.855,19.341,19.667,124636,0
2014-02-12,19.618,19.864,19.291,19.426,83634,0
2014-02-13,19.319,19.893,18.872,19.618,98353,0
2014-02-14,19.628,19.717,19.349,19.522,48385,0
2014-02-18,19.569,20.045,19.522,19.767,63059,0
2014-02-19,19.717,19.796,19.569,19.579,102131,0
2014-02-20,19.579,19.893,19.579,19.657,41699,0
2014-02-21,19.767,19.893,19.579,19.628,104287,0
2014-02-24,19.628,20.016,19.628,19.767,87384,0
2014-02-25,19.911,19.95,19.767,19.911,90536,0
2014-02-26,19.978,20.368,19.835,20.213,55233,0
2014-02-27,20.124,20.339,19.92,20.291,43735,0
2014-02-28,20.348,20.726,20.282,20.444,85933,0
2014-03-03,20.469,20.469,19.874,20.075,84148,0
2014-03-04,20.321,21.009,20.291,20.688,130834,0
2014-03-05,20.493,20.756,20.443,20.642,59403,0
2014-03-06,20.632,20.959,20.552,20.786,56971,0
2014-03-07,20.873,21.009,20.647,20.979,76270,0
2014-03-10,20.533,21.117,20.533,20.949,40705,0
2014-03-11,21.087,22.427,20.624,22.313,287710,0
2014-03-12,22.254,23.126,22.244,22.808,120000,0
2014-03-13,22.876,22.996,22.208,22.856,98649,0
2014-03-14,22.719,23.274,22.019,23.01,76532,0
2014-03-17,22.895,23.392,22.895,23.255,92467,0
2014-03-18,23.303,23.534,22.541,23.323,114149,0
2014-03-19,23.225,23.333,22.897,23.205,91057,0
2014-03-20,23.107,23.362,23.077,23.255,65179,0
2014-03-21,23.323,23.323,22.813,23.077,242235,0
2014-03-24,22.837,23.245,22.837,23.097,70551,0
2014-03-25,23.126,23.225,23.031,23.058,142039,0
2014-03-26,23.097,23.136,22.738,22.738,107026,0
2014-03-27,22.798,23.077,22.591,22.738,68893,0
2014-03-28,22.69,23.077,22.38,22.447,94033,0
2014-03-31,22.505,22.914,22.263,22.641,100100,0
2014-04-01,22.68,23.195,22.477,23.077,150315,0
2014-04-02,23.029,23.248,22.846,23.205,76880,0
2014-04-03,23.255,23.293,23.097,23.225,44852,0
2014-04-04,23.323,23.372,22.71,22.778,194016,0
2014-04-07,22.748,23.058,22.361,22.437,63275,0
2014-04-08,22.991,23.01,22.351,22.457,57811,0
2014-04-09,22.496,22.641,22.303,22.525,60277,0
2014-04-10,22.457,22.587,21.758,21.923,91379,0
2014-04-11,21.681,22.046,21.651,21.796,68549,0
2014-04-14,22.086,22.174,21.534,21.816,89377,0
2014-04-15,22.098,22.098,21.329,21.718,41983,0
2014-04-16,21.953,22.098,21.464,21.718,47911,0
2014-04-17,21.768,21.768,21.524,21.631,48819,0
2014-04-21,21.903,21.903,21.426,21.612,32029,0
2014-04-22,21.621,22.057,21.504,21.845,71178,0
2014-04-23,21.631,22.303,21.534,21.963,102294,0
2014-04-24,21.973,22.057,21.572,21.602,50149,0
2014-04-25,21.474,21.845,21.057,21.166,79781,0
2014-04-28,21.175,21.378,20.853,21.281,73140,0
2014-04-29,21.426,21.806,21.107,21.166,84283,0
2014-04-30,21.166,21.271,20.542,20.67,176841,0
2014-05-01,20.572,20.68,20.035,20.378,105605,0
2014-05-02,20.483,20.892,20.266,20.493,78856,0
2014-05-05,19.974,20.395,19.972,20.301,63983,0
2014-05-06,20.173,20.378,19.463,19.473,150201,0
2014-05-07,19.579,19.93,19.309,19.647,169633,0
2014-05-08,19.672,19.913,19.426,19.628,152754,0
2014-05-09,19.483,20.124,19.473,20.035,105598,0
2014-05-12,20.124,20.622,19.926,20.387,64391,0
2014-05-13,20.454,20.454,20.233,20.263,101922,0
2014-05-14,20.173,20.173,19.727,19.767,152622,0
2014-05-15,19.588,19.618,19.212,19.329,183753,0
2014-05-16,19.241,19.339,19.054,19.172,90624,0
2014-05-19,19.063,19.628,18.902,19.483,54922,0
2014-05-20,18.979,19.416,18.951,19.319,128328,0
2014-05-21,19.503,19.96,19.503,19.786,186611,0
2014-05-22,19.776,20.253,19.776,20.035,164906,0
2014-05-23,20.085,20.378,20.085,20.311,51979,0
2014-05-27,20.572,20.892,20.405,20.708,47694,0
2014-05-28,20.434,20.622,20.321,20.415,42482,0
2014-05-29,20.523,20.552,20.035,20.464,48876,0
2014-05-30,20.523,20.698,20.321,20.415,57752,0
2014-06-02,20.395,20.844,19.996,20.513,85123,0
2014-06-03,20.493,20.708,20.282,20.493,82440,0
2014-06-04,20.523,20.736,20.288,20.424,31035,0
2014-06-05,20.387,21.057,20.173,21.057,47090,0
2014-06-06,21.067,21.378,20.73,21.261,47024,0
2014-06-09,21.32,21.801,21.001,21.661,40542,0
2014-06-10,21.621,21.621,21.225,21.454,30151,0
2014-06-11,21.329,21.407,20.748,21.252,39743,0
2014-06-12,20.768,21.349,20.768,21.067,30589,0
2014-06-13,20.853,21.407,20.824,20.911,29649,0
2014-06-16,20.911,20.939,20.475,20.688,72411,0
2014-06-17,20.746,21.311,20.746,21.205,40081,0
2014-06-18,21.175,21.185,20.901,21.136,25935,0
2014-06-19,21.185,21.185,20.911,21.087,33268,0
2014-06-20,21.252,21.261,20.921,21.018,106015,0
2014-06-23,20.853,20.999,20.67,20.68,84346,0
2014-06-24,20.533,20.901,20.368,20.405,57703,0
2014-06-25,20.263,20.969,20.095,20.844,101025,0
2014-06-26,20.893,20.978,20.572,20.873,23099,0
2014-06-27,20.698,21.067,20.67,20.969,176967,0
2014-06-30,20.824,21.038,20.759,20.949,36609,0
2014-07-01,20.989,21.758,20.989,21.464,72828,0
2014-07-02,21.544,21.719,21.32,21.416,68483,0
2014-07-03,21.494,21.846,21.494,21.836,33187,0
2014-07-07,21.681,21.681,21.368,21.484,44383,0
2014-07-08,21.281,21.504,21.027,21.261,47639,0
2014-07-09,21.494,21.612,21.234,21.252,14666,0
2014-07-10,20.91,21.155,20.57,20.958,47443,0
2014-07-11,20.862,21.017,20.649,20.862,24317,0
2014-07-14,21.126,21.126,20.774,20.938,45532,0
2014-07-15,20.715,20.872,20.54,20.659,47384,0
2014-07-16,20.852,21.017,20.501,20.55,44443,0
2014-07-17,20.452,20.59,20.452,20.481,74188,0
2014-07-18,20.308,20.793,20.308,20.6,71523,0
2014-07-21,20.521,20.724,20.355,20.481,51122,0
2014-07-22,20.823,20.998,20.521,20.64,27194,0
2014-07-23,20.813,21.407,20.696,20.764,34436,0
2014-07-24,20.734,20.968,20.471,20.511,49693,0
2014-07-25,20.891,20.891,20.481,20.63,71960,0
2014-07-28,20.6,20.687,20.452,20.452,52473,0
2014-07-29,20.501,20.764,20.501,20.706,62326,0
2014-07-30,20.843,21.214,20.696,21.194,136740,0
2014-07-31,20.91,21.378,20.91,21.271,245485,0
2014-08-01,21.349,21.504,20.92,21.076,114688,0
2014-08-04,21.214,21.214,20.823,21.056,110765,0
2014-08-05,21.155,21.311,20.91,21.145,59864,0
2014-08-06,21.096,21.368,21.046,21.184,71115,0
2014-08-07,21.184,21.252,20.833,21.046,61619,0
2014-08-08,21.017,21.291,21.017,21.291,93843,0
2014-08-11,21.32,21.671,21.242,21.572,179621,0
2014-08-12,21.572,21.651,21.462,21.544,105132,0
2014-08-13,21.572,21.797,21.544,21.631,102709,0
2014-08-14,21.621,21.787,21.602,21.671,109425,0
2014-08-15,21.904,21.904,21.562,21.759,120844,0
2014-08-18,21.914,22.19,21.914,22.127,130529,0
2014-08-19,22.057,22.176,21.807,22.146,113740,0
2014-08-20,22.039,22.077,21.699,21.779,42523,0
2014-08-21,21.759,22.489,21.514,22.459,198557,0
2014-08-22,22.419,22.84,22.335,22.731,165078,0
2014-08-25,22.801,23.618,22.801,23.413,165139,0
2014-08-26,23.376,23.559,22.947,23.209,167598,0
2014-08-27,23.15,23.15,22.761,22.859,103236,0
2014-08-28,22.869,22.869,22.226,22.246,47014,0
2014-08-29,22.255,22.373,22.03,22.295,41861,0
2014-09-02,22.305,22.713,22.216,22.547,60047,0
2014-09-03,22.575,22.693,22.221,22.265,43626,0
2014-09-04,22.265,22.459,22.087,22.127,60112,0
2014-09-05,22.0,22.206,21.904,22.127,65070,0
2014-09-08,22.049,22.285,21.983,22.285,72678,0
2014-09-09,22.206,22.325,21.944,22.127,60101,0
2014-09-10,22.196,22.527,22.186,22.479,47285,0
2014-09-11,22.419,22.722,22.419,22.654,61849,0
2014-09-12,22.517,22.703,22.136,22.401,51156,0
2014-09-15,22.295,22.459,21.992,22.176,62346,0
2014-09-16,22.146,22.236,21.914,22.107,96857,0
2014-09-17,22.067,22.325,21.924,22.077,59236,0
2014-09-18,22.325,22.401,22.156,22.295,26986,0
2014-09-19,22.391,22.498,21.651,21.739,158843,0
2014-09-22,21.612,21.779,21.271,21.339,50724,0
2014-09-23,21.311,21.572,21.255,21.416,85469,0
2014-09-24,21.397,21.651,21.388,21.524,64233,0
2014-09-25,21.416,21.474,21.106,21.349,70895,0
2014-09-26,21.358,21.75,21.301,21.682,95698,0
2014-09-29,21.454,21.612,21.378,21.534,93062,0
2014-09-30,21.534,21.593,21.397,21.426,157113,0
2014-10-01,21.378,21.583,21.242,21.426,183316,0
2014-10-02,21.368,21.965,21.368,21.857,111130,0
2014-10-03,21.77,22.059,21.73,21.877,98099,0
2014-10-06,21.847,21.953,21.75,21.837,60498,0
2014-10-07,21.672,21.886,21.593,21.77,68819,0
2014-10-08,21.691,22.297,21.397,22.148,256144,0
2014-10-09,22.148,22.148,21.544,21.652,55641,0
2014-10-10,21.524,22.355,21.514,21.808,75434,0
2014-10-13,21.818,22.452,21.818,22.355,74666,0
2014-10-14,22.452,23.184,22.432,23.154,154562,0
2014-10-15,22.607,22.969,22.54,22.95,119535,0
2014-10-16,22.706,23.428,22.079,23.273,199124,0
2014-10-17,23.428,23.428,22.55,23.184,207390,0
2014-10-20,23.164,23.418,23.037,23.418,127504,0
2014-10-21,23.428,23.671,23.02,23.623,120626,0
2014-10-22,23.095,23.653,22.814,22.853,101377,0
2014-10-23,23.027,23.233,22.774,22.931,85709,0
2014-10-24,23.037,23.391,23.037,23.223,71897,0
2014-10-27,23.085,23.381,22.833,23.381,39253,0
2014-10-28,23.428,23.956,23.075,23.908,148168,0
2014-10-29,23.986,24.09,23.662,23.917,139747,0
2014-10-30,23.496,24.326,23.496,24.11,124619,0
2014-10-31,24.277,24.405,24.149,24.209,194877,0
2014-11-03,24.296,24.561,24.083,24.159,104190,0
2014-11-04,24.034,24.12,23.681,24.005,69931,0
2014-11-05,24.11,24.755,24.025,24.11,131026,0
2014-11-06,24.149,24.346,24.149,24.257,52066,0
2014-11-07,24.159,24.726,24.083,24.658,110942,0
2014-11-10,25.879,26.104,24.922,24.941,220411,0
2014-11-11,25.126,25.596,25.051,25.458,170216,0
2014-11-12,25.458,25.898,25.449,25.849,173967,0
2014-11-13,25.771,25.771,25.292,25.341,74975,0
2014-11-14,25.361,25.534,25.041,25.089,123692,0
2014-11-17,25.089,25.233,24.922,25.031,66252,0
2014-11-18,25.079,25.282,24.981,25.031,59510,0
2014-11-19,24.981,25.011,24.513,24.658,69971,0
2014-11-20,24.716,24.892,24.543,24.735,112002,0
2014-11-21,25.204,25.204,24.385,24.698,227875,0
2014-11-24,24.872,25.243,24.698,25.136,153007,0
2014-11-25,25.116,25.322,24.735,25.184,210901,0
2014-11-26,25.233,25.233,24.639,25.098,204650,0
2014-11-28,25.061,25.253,24.533,24.552,56902,0
2014-12-01,24.552,24.658,23.888,23.956,138744,0
2014-12-02,24.044,24.629,24.044,24.11,76735,0
2014-12-03,24.11,24.405,24.025,24.326,89144,0
2014-12-04,24.237,24.463,24.11,24.296,96659,0
2014-12-05,24.405,24.882,24.296,24.842,147911,0
2014-12-08,24.649,25.262,24.649,24.822,91127,0
2014-12-09,24.591,25.381,24.453,25.322,112286,0
2014-12-10,25.146,25.277,24.581,24.668,93498,0
2014-12-11,24.822,25.214,24.571,24.882,82400,0
2014-12-12,24.609,24.912,24.561,24.609,58518,0
2014-12-15,24.668,25.302,24.658,25.031,127531,0
2014-12-16,25.156,25.622,25.001,25.146,89679,0
2014-12-17,25.243,25.711,24.981,25.624,115496,0
2014-12-18,25.721,25.967,25.312,25.341,134294,0
2014-12-19,25.272,25.361,24.971,24.971,176041,0
2014-12-22,24.892,25.146,24.842,24.971,142220,0
2014-12-23,25.011,25.204,24.745,25.098,75885,0
2014-12-24,25.116,25.381,24.882,25.322,20542,0
2014-12-26,25.381,25.458,25.214,25.351,38101,0
2014-12-29,25.439,25.693,25.361,25.429,84637,0
2014-12-30,25.39,25.468,25.214,25.42,40818,0
2014-12-31,25.429,25.518,25.04,25.078,81757,0
2015-01-02,25.272,25.287,24.373,24.715,74923,0
2015-01-05,24.461,25.069,24.413,24.697,122482,0
2015-01-06,24.706,24.706,23.875,24.187,110518,0
2015-01-07,24.383,24.511,23.905,23.953,61790,0
2015-01-08,24.06,24.304,24.002,24.157,58566,0
2015-01-09,23.973,24.108,23.414,23.443,64230,0
2015-01-12,23.453,23.492,23.032,23.249,74508,0
2015-01-13,23.338,23.905,22.984,23.289,43947,0
2015-01-14,23.023,24.255,22.984,23.11,55617,0
2015-01-15,23.091,23.091,22.466,22.495,102526,0
2015-01-16,22.397,23.061,22.212,22.974,60885,0
2015-01-20,23.042,23.65,22.544,22.828,59635,0
2015-01-21,22.729,23.14,22.406,22.504,92492,0
2015-01-22,22.681,24.05,22.681,24.05,96036,0
2015-01-23,23.448,24.143,23.448,23.63,50396,0
2015-01-26,23.472,23.786,23.071,23.766,47896,0
2015-01-27,23.396,23.396,22.878,22.984,67861,0
2015-01-28,23.052,23.12,22.212,22.252,98445,0
2015-01-29,22.252,24.364,22.252,24.147,266604,0
2015-01-30,24.451,24.451,23.58,23.6,120567,0
2015-02-02,23.718,24.197,23.59,24.04,106026,0
2015-02-03,24.187,25.322,24.187,24.628,135831,0
2015-02-04,24.461,24.764,24.255,24.344,187887,0
2015-02-05,24.031,24.773,23.993,24.579,199261,0
2015-02-06,24.598,25.069,24.598,24.901,96175,0
2015-02-09,24.773,25.03,24.441,24.608,42965,0
2015-02-10,24.821,25.126,24.314,24.55,85720,0
2015-02-11,24.431,24.648,24.235,24.314,61340,0
2015-02-12,24.393,25.01,24.294,24.95,75397,0
2015-02-13,24.881,25.292,24.841,25.184,79724,0
2015-02-17,25.136,25.478,24.97,25.42,58374,0
2015-02-18,25.302,25.468,25.116,25.253,54251,0
2015-02-19,25.272,25.42,25.136,25.194,28503,0
2015-02-20,25.262,25.458,24.97,25.429,54083,0
2015-02-23,25.194,25.518,24.98,25.468,62117,0
2015-02-24,25.498,25.791,25.458,25.683,43130,0
2015-02-25,25.596,25.742,25.567,25.625,101698,0
2015-02-26,25.547,25.909,25.518,25.712,384211,0
2015-02-27,25.653,25.772,25.478,25.596,159487,0
2015-03-02,25.587,25.772,25.312,25.429,98973,0
2015-03-03,25.302,25.478,25.136,25.194,98462,0
2015-03-04,25.146,25.233,24.871,24.881,31081,0
2015-03-05,24.98,25.194,24.697,25.04,66152,0
2015-03-06,24.96,25.82,24.725,24.841,84045,0
2015-03-09,24.97,25.341,24.821,25.175,53474,0
2015-03-10,24.802,24.94,24.598,24.881,69831,0
2015-03-11,24.861,25.223,24.831,25.194,62777,0
2015-03-12,25.449,26.066,25.439,25.968,73001,0
2015-03-13,25.722,26.017,25.204,25.82,63186,0
2015-03-16,26.017,26.017,25.606,25.8,106642,0
2015-03-17,25.732,25.87,25.537,25.587,70241,0
2015-03-18,25.712,25.899,25.351,25.498,76990,0
2015-03-19,25.537,25.722,25.371,25.449,59303,0
2015-03-20,25.625,26.007,25.292,25.332,501916,0
2015-03-23,25.302,25.478,25.282,25.458,176983,0
2015-03-24,25.42,25.673,25.243,25.616,73001,0
2015-03-25,25.673,25.919,25.449,25.577,137008,0
2015-03-26,25.458,25.948,25.449,25.85,122340,0
2015-03-27,25.791,25.89,25.596,25.782,64720,0
2015-03-30,25.87,26.133,25.86,25.998,94498,0
2015-03-31,25.87,26.351,25.487,25.86,669612,0
2015-04-01,25.85,26.133,25.703,26.124,114195,0
2015-04-02,26.075,26.468,26.057,26.331,192569,0
2015-04-06,26.105,26.281,25.82,25.909,81948,0
2015-04-07,25.929,26.172,25.929,25.958,51796,0
2015-04-08,26.017,26.172,25.909,26.057,40309,0
2015-04-09,25.968,26.311,25.438,25.938,76072,0
2015-04-10,26.047,26.221,25.938,26.124,73476,0
2015-04-13,26.301,26.321,26.162,26.261,53679,0
2015-04-14,26.271,26.271,25.86,25.938,48779,0
2015-04-15,25.968,26.458,25.736,26.153,63978,0
2015-04-16,25.978,26.057,25.644,25.782,62428,0
2015-04-17,25.576,25.752,24.998,25.145,64596,0
2015-04-20,25.61,25.61,24.988,25.155,117414,0
2015-04-21,25.183,25.71,25.135,25.242,52289,0
2015-04-22,25.222,25.281,24.78,25.155,53446,0
2015-04-23,24.448,25.028,24.184,24.675,373504,0
2015-04-24,24.567,24.869,23.969,24.321,133932,0
2015-04-27,24.282,24.498,23.979,24.448,149503,0
2015-04-28,24.577,24.998,24.4,24.948,75077,0
2015-04-29,24.849,25.135,24.732,24.869,51534,0
2015-04-30,24.928,24.928,24.291,24.488,114092,0
2015-05-01,24.498,24.819,24.144,24.232,167974,0
2015-05-04,24.518,25.106,24.125,24.351,164709,0
2015-05-05,24.214,24.4,23.929,24.262,407489,0
2015-05-06,24.262,24.494,23.949,24.272,57694,0
2015-05-07,24.204,24.713,23.959,24.636,106366,0
2015-05-08,24.859,24.958,24.567,24.636,83375,0
2015-05-11,24.528,24.869,24.528,24.713,52044,0
2015-05-12,24.547,24.655,24.109,24.518,76463,0
2015-05-13,24.547,24.78,24.361,24.685,52653,0
2015-05-14,24.752,25.018,24.597,24.81,47658,0
2015-05-15,24.79,24.962,24.321,24.488,51081,0
2015-05-18,24.448,25.077,24.448,24.909,61539,0
2015-05-19,24.849,25.155,24.79,25.097,85609,0
2015-05-20,25.087,25.606,24.928,25.36,241932,0
2015-05-21,25.517,25.517,25.115,25.35,92865,0
2015-05-22,25.448,25.448,24.968,24.998,73375,0
2015-05-26,24.899,25.271,24.655,24.723,121712,0
2015-05-27,24.732,24.948,24.282,24.771,216348,0
2015-05-28,24.646,24.956,24.478,24.742,73351,0
2015-05-29,24.704,24.958,24.311,24.685,118175,0
2015-06-01,24.899,24.95,24.282,24.685,124087,0
2015-06-02,24.771,24.958,24.508,24.752,124496,0
2015-06-03,24.79,25.301,24.79,25.135,72659,0
2015-06-04,24.958,25.125,24.528,24.81,87253,0
2015-06-05,24.928,25.37,24.723,25.36,62558,0
2015-06-08,25.321,25.644,25.291,25.301,96643,0
2015-06-09,25.428,25.546,25.301,25.457,83986,0
2015-06-10,25.625,25.87,25.586,25.82,137243,0
2015-06-11,25.82,25.82,25.591,25.762,50045,0
2015-06-12,25.625,25.722,25.467,25.712,93376,0
2015-06-15,25.477,25.576,25.291,25.438,131135,0
2015-06-16,25.331,25.625,25.261,25.606,90317,0
2015-06-17,25.703,25.712,25.125,25.155,76946,0
2015-06-18,25.242,25.477,25.087,25.331,93376,0
2015-06-19,25.321,25.331,24.577,25.077,228082,0
2015-06-22,25.34,25.409,25.067,25.261,172772,0
2015-06-23,25.232,25.467,25.125,25.36,87207,0
2015-06-24,25.331,25.467,25.242,25.311,73986,0
2015-06-25,25.419,25.477,25.115,25.174,75926,0
2015-06-26,25.281,25.537,25.077,25.488,253305,0
2015-06-29,25.271,25.478,24.888,24.898,92585,0
2015-06-30,25.145,25.193,23.573,24.828,212640,0
2015-07-01,25.077,25.125,24.751,24.78,143713,0
2015-07-02,24.789,24.789,24.289,24.517,144934,0
2015-07-06,24.222,24.928,24.222,24.918,328369,0
2015-07-07,24.828,25.038,24.299,24.948,129351,0
2015-07-08,24.78,24.938,24.556,24.868,78324,0
2015-07-09,25.213,25.321,24.938,25.232,151758,0
2015-07-10,25.449,25.537,25.311,25.518,88712,0
2015-07-13,25.547,25.773,25.429,25.439,100733,0
2015-07-14,25.38,25.547,25.193,25.537,191621,0
2015-07-15,25.498,25.763,25.135,25.597,115062,0
2015-07-16,25.791,25.93,25.547,25.645,98592,0
2015-07-17,25.636,25.704,25.281,25.617,66917,0
2015-07-20,25.537,25.753,25.37,25.508,59685,0
2015-07-21,25.488,25.841,25.399,25.567,66510,0
2015-07-22,25.528,25.871,25.528,25.871,129251,0
2015-07-23,25.831,26.0,25.252,25.518,128028,0
2015-07-24,24.888,25.713,24.703,25.508,317168,0
2015-07-27,25.222,25.488,25.222,25.458,136685,0
2015-07-28,25.557,25.773,25.399,25.694,185676,0
2015-07-29,25.674,26.154,25.508,25.99,119880,0
2015-07-30,25.97,26.509,25.94,26.442,144425,0
2015-07-31,26.432,26.558,26.243,26.518,167546,0
2015-08-03,26.509,26.951,26.471,26.873,177411,0
2015-08-04,26.774,27.385,26.774,27.276,175695,0
2015-08-05,27.345,27.767,27.345,27.727,135260,0
2015-08-06,27.727,27.933,27.432,27.627,215355,0
2015-08-07,27.491,27.627,27.147,27.432,141676,0
2015-08-10,27.519,28.031,27.509,27.992,177426,0
2015-08-11,27.797,28.021,27.422,27.687,83268,0
2015-08-12,27.509,27.587,26.716,27.266,118149,0
2015-08-13,27.305,27.491,27.157,27.256,57749,0
2015-08-14,27.216,27.972,27.216,27.767,169074,0
2015-08-17,27.737,28.463,27.413,27.982,139639,0
2015-08-18,27.913,28.413,27.647,27.797,115807,0
2015-08-19,27.707,28.021,27.395,27.617,76187,0
2015-08-20,27.442,27.462,26.96,27.196,135158,0
2015-08-21,26.716,27.395,26.548,27.137,247499,0
2015-08-24,25.92,26.903,25.891,26.213,311944,0
2015-08-25,26.96,26.96,25.607,25.654,196982,0
2015-08-26,26.233,26.432,25.468,26.135,172336,0
2015-08-27,26.283,26.686,26.0,26.184,129861,0
2015-08-28,26.009,26.412,25.811,26.313,132509,0
2015-08-31,26.184,26.922,26.154,26.774,148296,0
2015-09-01,26.353,26.538,25.791,25.9,112240,0
2015-09-02,26.194,26.402,25.713,26.213,192806,0
2015-09-03,26.313,26.833,26.243,26.736,202380,0
2015-09-04,26.432,26.951,26.432,26.893,89528,0
2015-09-08,27.226,27.395,26.833,27.166,131286,0
2015-09-09,27.196,27.395,26.951,27.166,248723,0
2015-09-10,27.127,27.499,27.039,27.355,112376,0
2015-09-11,27.186,27.462,27.186,27.385,94825,0
2015-09-14,27.385,27.727,27.286,27.667,335094,0
2015-09-15,27.747,28.06,27.567,27.992,156139,0
2015-09-16,28.051,28.07,27.697,28.06,268687,0
2015-09-17,28.08,28.463,27.707,27.797,153586,0
2015-09-18,27.462,27.707,26.518,27.157,1576869,0
2015-09-21,27.385,27.933,27.226,27.558,122120,0
2015-09-22,27.345,27.657,27.127,27.256,100223,0
2015-09-23,27.335,27.519,27.176,27.345,149449,0
2015-09-24,27.186,27.883,27.186,27.787,213176,0
2015-09-25,28.08,28.306,27.846,27.846,162351,0
2015-09-28,27.707,27.982,27.537,27.647,107216,0
2015-09-29,27.767,28.129,27.607,28.001,152405,0
2015-09-30,28.149,28.346,27.923,28.278,336637,0
2015-10-01,28.356,28.916,27.334,27.817,537033,0
2015-10-02,27.577,27.817,26.851,27.637,256926,0
2015-10-05,27.854,28.129,27.49,27.757,112459,0
2015-10-06,27.777,27.913,27.265,27.49,259571,0
2015-10-07,27.677,28.001,27.527,27.972,115314,0
2015-10-08,27.933,28.08,27.697,28.041,147934,0
2015-10-09,28.06,28.07,27.697,27.707,78085,0
2015-10-12,27.707,28.119,27.617,28.021,84213,0
2015-10-13,27.952,28.149,27.846,27.962,73204,0
2015-10-14,27.817,27.913,27.126,27.195,92115,0
2015-10-15,27.295,28.07,27.285,28.07,203344,0
2015-10-16,28.139,28.317,27.557,28.278,103704,0
2015-10-19,28.169,28.395,27.609,28.109,84200,0
2015-10-20,28.099,28.444,28.021,28.366,87540,0
2015-10-21,28.444,28.621,27.972,28.06,104417,0
2015-10-22,28.129,28.691,27.962,28.198,122820,0
2015-10-23,28.552,29.88,28.552,29.654,224492,0
2015-10-26,29.644,30.029,29.585,29.969,229270,0
2015-10-27,29.841,30.461,29.781,30.322,319861,0
2015-10-28,31.719,32.212,31.464,31.798,1642921,0
2015-10-29,31.11,32.447,31.021,31.956,924810,0
2015-10-30,32.034,32.034,30.501,30.981,3193525,0
2015-11-02,30.942,31.277,30.391,30.736,501986,0
2015-11-03,30.716,30.874,30.501,30.776,426207,0
2015-11-04,30.864,31.071,30.696,31.031,205715,0
2015-11-05,31.021,31.71,30.884,31.66,192567,0
2015-11-06,31.601,32.939,31.601,32.939,315590,0
2015-11-09,32.869,33.028,32.586,32.909,209605,0
2015-11-10,32.909,33.431,32.85,33.107,143155,0
2015-11-11,33.254,33.411,32.605,32.713,97504,0
2015-11-12,32.497,32.802,32.143,32.358,138172,0
2015-11-13,32.251,32.507,31.474,31.71,148237,0
2015-11-16,31.572,32.034,30.815,31.867,203446,0
2015-11-17,31.966,32.713,31.917,32.358,234558,0
2015-11-18,32.417,32.557,31.937,32.537,161253,0
2015-11-19,32.557,33.097,32.378,33.028,168674,0
2015-11-20,33.077,33.411,32.654,33.234,332468,0
2015-11-23,33.391,33.656,33.352,33.549,211173,0
2015-11-24,33.304,33.676,32.959,33.057,160744,0
2015-11-25,33.047,33.264,32.949,33.214,143357,0
2015-11-27,33.185,33.854,33.077,33.814,83575,0
2015-11-30,33.953,34.071,33.481,33.629,205683,0
2015-12-01,33.834,34.021,33.599,33.894,262953,0
2015-12-02,33.933,34.188,33.589,33.639,271286,0
2015-12-03,33.933,34.051,33.401,33.509,160822,0
2015-12-04,33.559,34.355,33.481,34.306,163897,0
2015-12-07,34.326,34.415,33.982,34.267,239845,0
2015-12-08,34.081,34.631,34.081,34.326,220326,0
2015-12-09,34.179,34.345,33.491,33.725,294850,0
2015-12-10,33.647,33.735,32.85,32.939,252250,0
2015-12-11,32.457,33.057,31.946,32.308,291393,0
2015-12-14,32.28,33.244,32.093,33.008,310441,0
2015-12-15,33.332,34.139,32.064,33.854,193178,0
2015-12-16,34.169,34.169,33.214,33.824,386253,0
2015-12-17,33.914,34.523,33.549,33.686,414211,0
2015-12-18,33.441,33.559,32.241,32.547,1504953,0
2015-12-21,32.605,33.451,32.605,32.889,236083,0
2015-12-22,33.028,33.352,32.547,33.274,192222,0
2015-12-23,33.441,33.639,33.175,33.421,173147,0
2015-12-24,33.441,33.854,33.371,33.599,171640,0
2015-12-28,33.589,33.904,33.166,33.844,165024,0
2015-12-29,34.051,34.366,33.745,34.346,122558,0
2015-12-30,34.288,34.465,34.001,34.051,98603,0
2015-12-31,33.923,34.208,33.44,33.48,165023,0
2016-01-04,32.928,33.303,32.041,32.061,210549,0
2016-01-05,32.11,32.425,31.647,32.19,216685,0
2016-01-06,31.657,31.943,31.579,31.657,455936,0
2016-01-07,31.224,31.687,30.958,31.067,325855,0
2016-01-08,31.292,31.52,30.672,30.761,355554,0
2016-01-11,30.899,31.254,30.506,30.731,323112,0
2016-01-12,31.067,31.402,30.161,30.565,186812,0
2016-01-13,30.613,30.613,29.785,29.963,393003,0
2016-01-14,30.121,30.298,29.648,29.747,212852,0
2016-01-15,29.017,29.342,28.574,29.244,264084,0
2016-01-19,29.559,29.747,28.831,29.127,141730,0
2016-01-20,28.742,29.224,28.25,28.84,146640,0
2016-01-21,28.821,28.967,28.465,28.782,195597,0
2016-01-22,27.865,29.205,26.274,27.195,902949,0
2016-01-25,26.949,27.205,26.269,26.329,269433,0
2016-01-26,26.209,26.861,26.103,26.812,508207,0
2016-01-27,26.713,27.462,26.506,27.175,379938,0
2016-01-28,27.462,27.865,27.344,27.538,144866,0
2016-01-29,27.628,28.515,27.408,28.495,254096,0
2016-02-01,28.358,28.378,27.718,28.171,290883,0
2016-02-02,27.828,28.071,27.718,27.875,168541,0
2016-02-03,27.993,27.993,26.901,27.422,172036,0
2016-02-04,27.394,27.748,26.812,26.988,142840,0
2016-02-05,27.066,27.165,26.18,26.18,160198,0
2016-02-08,26.004,26.133,25.363,25.433,277531,0
2016-02-09,25.137,26.239,25.079,25.865,246345,0
2016-02-10,25.965,26.458,25.502,25.591,266297,0
2016-02-11,25.127,25.433,24.586,24.713,146787,0
2016-02-12,25.117,25.522,24.82,25.323,274371,0
2016-02-16,25.648,26.199,25.403,25.965,376903,0
2016-02-17,26.113,26.279,24.99,25.611,351703,0
2016-02-18,25.688,25.787,25.283,25.423,229165,0
2016-02-19,25.363,26.219,25.323,25.875,214953,0
2016-02-22,26.054,26.259,25.561,26.103,180209,0
2016-02-23,25.985,26.319,25.63,25.895,133410,0
2016-02-24,25.668,26.064,25.413,26.004,124177,0
2016-02-25,25.985,26.239,25.826,26.17,50442,0
2016-02-26,26.398,26.911,26.349,26.752,118234,0
2016-02-29,26.713,27.285,26.535,26.584,149516,0
2016-03-01,26.841,27.354,26.772,27.175,123188,0
2016-03-02,27.205,27.828,26.723,27.136,124047,0
2016-03-03,27.096,27.943,27.018,27.904,144491,0
2016-03-04,27.924,28.131,27.618,27.778,100701,0
2016-03-07,27.658,27.914,27.462,27.847,67699,0
2016-03-08,27.598,27.783,27.432,27.509,75642,0
2016-03-09,27.638,27.708,27.146,27.255,57265,0
2016-03-10,27.324,27.668,27.086,27.519,97900,0
2016-03-11,27.738,28.012,27.588,27.993,112000,0
2016-03-14,27.993,28.84,27.945,28.574,619555,0
2016-03-15,28.378,28.529,27.847,27.904,197177,0
2016-03-16,27.875,28.141,27.648,28.071,235633,0
2016-03-17,28.061,28.772,27.865,28.663,252519,0
2016-03-18,28.86,29.382,28.831,28.987,495139,0
2016-03-21,28.987,29.352,28.465,28.673,162048,0
2016-03-22,28.534,29.234,27.683,28.475,77658,0
2016-03-23,28.426,29.077,28.171,28.27,104391,0
2016-03-24,28.081,28.855,27.638,28.358,112142,0
2016-03-28,28.485,28.544,28.022,28.339,64008,0
2016-03-29,28.309,29.048,27.807,28.654,181404,0
2016-03-30,28.714,28.861,28.348,28.644,222361,0
2016-03-31,28.694,29.276,28.574,29.187,124716,0
2016-04-01,28.978,29.216,28.743,29.068,111376,0
2016-04-04,29.098,29.473,28.664,28.714,107019,0
2016-04-05,28.456,28.587,27.982,27.992,156144,0
2016-04-06,28.071,28.309,27.807,28.131,131453,0
2016-04-07,28.001,28.21,27.364,27.518,147547,0
2016-04-08,27.677,28.121,27.527,27.797,75606,0
2016-04-11,27.962,28.436,27.908,28.24,84677,0
2016-04-12,28.21,28.574,27.952,28.456,97119,0
2016-04-13,28.674,29.571,28.674,29.453,99119,0
2016-04-14,29.413,30.4,29.314,30.164,532784,0
2016-04-15,30.104,30.578,29.828,30.5,157803,0
2016-04-18,30.311,30.666,29.946,30.559,71215,0
2016-04-19,30.588,30.775,30.4,30.666,181372,0
2016-04-20,30.646,30.735,29.996,30.598,196545,0
2016-04-21,30.676,30.953,30.51,30.745,103671,0
2016-04-22,30.904,32.318,30.805,31.959,392974,0
2016-04-25,31.831,31.968,31.307,31.585,119437,0
2016-04-26,30.953,31.575,30.844,31.367,477177,0
2016-04-27,31.268,31.416,30.933,31.307,137977,0
2016-04-28,31.297,31.441,30.894,30.982,82644,0
2016-04-29,30.923,31.209,30.656,30.982,127042,0
2016-05-02,31.151,31.263,30.815,30.982,269609,0
2016-05-03,30.745,30.884,30.222,30.43,192548,0
2016-05-04,30.331,30.824,29.966,30.174,123214,0
2016-05-05,30.321,30.617,30.154,30.164,366990,0
2016-05-06,30.065,30.4,29.768,30.38,176909,0
2016-05-09,30.321,30.608,30.016,30.341,67547,0
2016-05-10,30.41,31.081,30.331,30.834,111520,0
2016-05-11,30.745,31.042,30.432,30.5,56298,0
2016-05-12,30.676,30.785,30.251,30.578,94537,0
2016-05-13,30.44,30.884,30.154,30.4,145517,0
2016-05-16,30.331,31.111,30.331,30.735,217324,0
2016-05-17,30.559,30.904,29.591,29.788,102702,0
2016-05-18,29.758,30.745,29.758,30.588,205426,0
2016-05-19,30.539,30.608,29.896,30.144,106714,0
2016-05-20,30.35,30.745,30.277,30.49,129044,0
2016-05-23,30.549,30.598,30.144,30.45,179673,0
2016-05-24,30.49,30.834,30.36,30.735,885355,0
2016-05-25,30.923,31.799,30.923,31.575,434354,0
2016-05-26,31.575,31.675,31.278,31.387,159348,0
2016-05-27,31.516,31.673,31.268,31.614,109570,0
2016-05-31,31.811,31.811,31.278,31.407,111839,0
2016-06-01,31.307,31.575,30.894,31.347,142740,0
2016-06-02,31.249,31.476,31.012,31.446,126417,0
2016-06-03,31.219,31.219,30.124,30.904,109332,0
2016-06-06,30.953,31.585,30.864,31.516,123762,0
2016-06-07,31.575,31.585,31.258,31.288,51535,0
2016-06-08,31.258,31.545,31.131,31.446,51948,0
2016-06-09,31.426,31.446,30.854,31.258,121653,0
2016-06-10,30.963,31.307,30.884,31.151,60934,0
2016-06-13,30.636,31.052,30.075,30.46,161736,0
2016-06-14,30.35,30.588,29.739,29.788,102788,0
2016-06-15,29.828,30.213,29.601,29.72,80263,0
2016-06-16,29.463,29.601,29.008,29.256,147324,0
2016-06-17,29.168,29.453,28.465,28.841,267654,0
2016-06-20,29.266,29.611,29.028,29.078,103836,0
2016-06-21,29.078,29.148,28.714,29.048,104150,0
2016-06-22,29.078,29.571,29.078,29.187,108844,0
2016-06-23,29.571,30.026,29.468,30.016,81080,0
2016-06-24,28.594,28.958,28.348,28.614,259804,0
2016-06-27,28.21,28.23,27.547,27.577,234688,0
2016-06-28,27.983,28.33,27.597,28.102,84679,0
2016-06-29,28.398,28.932,27.993,28.872,123377,0
2016-06-30,28.922,29.387,28.369,29.357,208323,0
2016-07-01,29.209,29.406,28.912,29.111,147115,0
2016-07-05,29.061,29.061,28.666,28.745,61975,0
2016-07-06,28.616,28.941,28.566,28.785,90082,0
2016-07-07,28.795,29.071,28.666,28.853,71040,0
2016-07-08,29.219,29.461,29.131,29.239,111017,0
2016-07-11,29.377,29.762,29.307,29.743,94275,0
2016-07-12,29.704,30.405,29.704,30.169,121050,0
2016-07-13,30.179,30.306,30.04,30.179,105549,0
2016-07-14,30.544,30.564,30.198,30.495,116318,0
2016-07-15,30.672,30.959,30.445,30.85,147412,0
2016-07-18,30.86,30.87,30.405,30.415,73138,0
2016-07-19,30.385,30.515,30.089,30.208,119116,0
2016-07-20,30.218,30.35,29.956,30.099,47433,0
2016-07-21,30.07,30.415,29.958,30.129,76134,0
2016-07-22,30.564,31.582,30.435,31.562,170019,0
2016-07-25,31.69,32.342,31.69,32.215,230154,0
2016-07-26,32.175,32.748,32.016,32.659,231031,0
2016-07-27,32.629,33.355,32.496,33.272,301806,0
2016-07-28,33.222,33.262,32.827,33.015,135099,0
2016-07-29,33.025,33.222,32.748,32.757,110228,0
2016-08-01,32.699,32.916,32.441,32.57,94386,0
2016-08-02,32.451,32.561,32.244,32.392,95560,0
2016-08-03,32.274,32.6,31.976,32.431,71399,0
2016-08-04,32.461,32.995,32.461,32.629,124488,0
2016-08-05,32.639,33.43,32.491,33.41,183299,0
2016-08-08,33.292,33.41,32.975,33.104,67094,0
2016-08-09,33.144,33.42,33.064,33.4,74119,0
2016-08-10,33.36,33.36,32.807,32.837,88952,0
2016-08-11,32.876,33.114,32.699,33.015,57309,0
2016-08-12,32.857,32.896,32.61,32.866,56744,0
2016-08-15,32.797,33.242,32.797,33.094,64294,0
2016-08-16,33.034,33.202,32.827,33.104,46934,0
2016-08-17,33.104,33.405,32.985,33.074,47618,0
2016-08-18,33.064,33.37,33.054,33.36,73419,0
2016-08-19,33.31,33.36,32.382,33.212,72527,0
2016-08-22,33.114,33.44,33.025,33.39,48448,0
2016-08-23,33.539,33.639,33.34,33.42,114992,0
2016-08-24,33.46,33.509,33.292,33.48,43717,0
2016-08-25,33.074,33.639,32.886,33.599,81699,0
2016-08-26,33.559,33.925,33.41,33.619,65340,0
2016-08-29,33.639,33.815,33.609,33.716,74341,0
2016-08-30,33.736,34.023,33.629,34.003,60274,0
2016-08-31,34.201,34.498,33.925,34.409,164904,0
2016-09-01,34.596,34.665,34.161,34.586,198396,0
2016-09-02,34.734,34.854,34.32,34.844,137353,0
2016-09-06,35.002,35.002,34.468,34.754,201490,0
2016-09-07,34.694,35.417,34.493,35.387,193099,0
2016-09-08,35.387,35.436,35.169,35.368,108121,0
2016-09-09,35.407,35.783,35.309,35.358,231775,0
2016-09-12,35.209,35.368,34.636,35.269,132697,0
2016-09-13,34.963,35.189,34.665,35.08,96952,0
2016-09-14,35.09,35.339,34.774,34.894,152451,0
2016-09-15,34.943,35.169,34.764,34.794,169186,0
2016-09-16,34.844,34.992,34.32,34.923,269229,0
2016-09-19,34.834,35.159,34.547,34.953,179992,0
2016-09-20,34.992,35.149,34.631,34.684,61159,0
2016-09-21,34.834,35.055,34.478,34.953,119001,0
2016-09-22,34.953,35.07,34.684,35.051,222942,0
2016-09-23,34.884,35.476,34.854,35.249,145137,0
2016-09-26,35.08,35.08,34.448,34.468,88911,0
2016-09-27,34.083,34.421,33.41,34.161,170350,0
2016-09-28,34.25,34.509,33.954,34.499,117995,0
2016-09-29,34.529,34.587,33.994,34.053,116416,0
2016-09-30,34.102,34.816,33.825,34.647,168957,0
2016-10-03,34.43,34.736,34.31,34.716,145619,0
2016-10-04,34.776,35.588,34.696,34.886,120505,0
2016-10-05,34.945,35.51,34.896,35.242,193588,0
2016-10-06,35.282,35.638,35.083,35.381,139681,0
2016-10-07,35.362,35.381,35.004,35.302,85060,0
2016-10-10,35.391,35.886,35.391,35.867,96859,0
2016-10-11,35.886,35.994,35.372,35.548,65522,0
2016-10-12,35.44,35.906,35.43,35.588,100040,0
2016-10-13,35.421,35.421,34.706,34.905,64739,0
2016-10-14,35.122,35.558,35.053,35.47,133226,0
2016-10-17,35.936,35.936,35.093,35.49,166598,0
2016-10-18,35.936,35.936,35.292,35.44,134414,0
2016-10-19,35.588,35.738,35.49,35.588,145230,0
2016-10-20,35.391,35.638,35.044,35.242,134302,0
2016-10-21,35.044,35.688,35.044,35.539,103851,0
2016-10-24,35.838,36.332,35.688,35.886,203643,0
2016-10-25,35.936,36.159,35.688,36.134,145453,0
2016-10-26,36.034,36.259,35.936,36.084,172086,0
2016-10-27,36.284,36.284,35.838,35.886,103300,0
2016-10-28,35.838,35.886,35.445,35.738,85155,0
2016-10-31,35.688,36.009,35.539,35.986,183807,0
2016-11-01,35.986,36.675,35.317,35.936,163443,0
2016-11-02,35.986,35.986,35.192,35.342,89238,0
2016-11-03,35.391,35.862,35.242,35.788,120692,0
2016-11-04,35.788,36.234,35.49,35.788,93370,0
2016-11-07,36.234,36.73,36.134,36.58,139604,0
2016-11-08,36.432,36.73,36.377,36.53,103330,0
2016-11-09,36.828,38.91,34.846,38.563,494218,0
2016-11-10,39.207,41.314,39.207,41.141,632632,0
2016-11-11,41.141,42.33,40.843,42.28,290644,0
2016-11-14,43.123,43.52,41.983,42.181,393558,0
2016-11-15,42.231,42.33,41.041,42.131,231117,0
2016-11-16,41.884,42.108,41.587,41.637,191680,0
2016-11-17,41.637,41.884,39.703,41.487,272846,0
2016-11-18,41.587,42.131,40.942,42.033,218081,0
2016-11-21,42.083,42.677,41.735,42.627,122671,0
2016-11-22,42.925,43.817,42.726,43.718,190142,0
2016-11-23,43.718,44.164,43.47,44.064,161663,0
2016-11-25,44.114,44.264,43.966,44.214,56635,0
2016-11-28,44.064,44.114,43.147,43.371,117776,0
2016-11-29,43.47,44.313,43.371,44.114,122952,0
2016-11-30,44.51,44.908,44.139,44.462,111717,0
2016-12-01,44.362,44.462,44.015,44.064,210409,0
2016-12-02,44.064,44.114,43.421,43.817,125234,0
2016-12-05,43.817,44.61,43.421,44.56,263312,0
2016-12-06,44.858,46.147,44.56,46.098,221359,0
2016-12-07,45.998,46.221,45.602,45.849,187196,0
2016-12-08,46.048,47.039,45.686,46.94,129605,0
2016-12-09,47.088,47.286,46.394,46.791,148563,0
2016-12-12,46.84,46.99,44.76,45.006,209136,0
2016-12-13,45.106,45.8,44.808,45.304,164233,0
2016-12-14,45.006,45.75,44.759,45.056,140606,0
2016-12-15,45.254,45.948,45.156,45.354,258675,0
2016-12-16,45.254,45.652,44.66,44.759,291046,0
2016-12-19,44.956,44.956,42.38,42.975,689764,0
2016-12-20,42.677,44.064,42.38,43.668,280992,0
2016-12-21,43.47,43.892,43.421,43.569,231631,0
2016-12-22,43.52,43.966,43.371,43.569,178910,0
2016-12-23,43.668,44.164,43.618,44.015,133647,0
2016-12-27,44.114,44.71,43.916,44.71,108071,0
2016-12-28,44.858,44.858,43.815,44.263,95441,0
2016-12-29,44.213,44.759,43.815,44.163,133364,0
2016-12-30,44.163,44.213,43.144,43.319,203954,0
2017-01-03,43.865,43.914,42.971,43.418,228261,0
2017-01-04,43.517,44.411,42.766,44.361,196098,0
2017-01-05,44.163,44.411,42.921,43.914,153340,0
2017-01-06,44.063,44.263,43.666,43.815,80968,0
2017-01-09,43.269,43.269,41.587,42.622,261840,0
2017-01-10,42.722,43.691,42.474,43.418,225229,0
2017-01-11,43.467,44.263,43.02,44.263,203344,0
2017-01-12,44.013,44.013,42.424,42.971,96400,0
2017-01-13,43.219,44.312,42.822,42.971,129158,0
2017-01-17,42.524,42.524,41.381,41.431,132932,0
2017-01-18,41.728,41.853,41.331,41.828,117393,0
2017-01-19,41.928,42.125,41.331,41.977,125290,0
2017-01-20,41.728,43.368,41.331,42.921,211668,0
2017-01-23,42.722,43.169,42.263,42.921,196043,0
2017-01-24,43.119,44.063,43.069,44.013,263896,0
2017-01-25,44.312,45.852,44.163,45.454,248236,0
2017-01-26,45.702,45.702,45.057,45.355,178830,0
2017-01-27,45.255,45.275,44.66,44.858,94943,0
2017-01-30,44.411,44.66,43.766,44.461,218733,0
2017-01-31,44.361,45.057,44.063,44.808,154195,0
2017-02-01,45.207,45.901,44.461,44.759,125427,0
2017-02-02,44.361,44.808,43.964,44.56,170765,0
2017-02-03,45.057,46.149,44.908,46.101,167997,0
2017-02-06,45.802,46.001,45.554,45.852,174794,0
2017-02-07,46.001,46.101,45.255,45.355,163776,0
2017-02-08,45.007,45.255,44.312,44.759,96642,0
2017-02-09,44.858,45.901,44.858,45.852,114879,0
2017-02-10,46.101,46.199,45.454,46.149,92774,0
2017-02-13,46.597,47.59,46.498,46.945,224957,0
2017-02-14,46.746,47.442,46.696,47.292,127440,0
2017-02-15,47.541,47.69,46.945,47.59,126410,0
2017-02-16,47.64,48.236,47.414,48.236,126089,0
2017-02-17,48.087,48.684,47.64,48.435,186312,0
2017-02-21,48.684,48.809,47.938,48.634,107612,0
2017-02-22,48.336,49.131,48.207,48.882,93828,0
2017-02-23,49.18,49.18,48.037,48.882,92892,0
2017-02-24,47.889,48.584,47.496,48.435,76107,0
2017-02-27,48.336,48.783,48.236,48.634,106750,0
2017-02-28,48.485,48.485,47.59,47.988,181621,0
2017-03-01,47.789,48.187,46.945,47.69,1508013,0
2017-03-02,47.59,47.69,46.051,46.051,311990,0
2017-03-03,46.249,47.143,45.752,46.646,283596,0
2017-03-06,46.101,47.59,45.951,47.044,655627,0
2017-03-07,46.995,47.193,46.448,46.498,210650,0
2017-03-08,47.044,47.268,45.702,45.802,182380,0
2017-03-09,45.752,46.53,45.305,45.702,216857,0
2017-03-10,45.951,45.951,42.822,45.504,400570,0
2017-03-13,45.404,46.498,45.207,46.149,258194,0
2017-03-14,45.702,46.299,44.957,46.199,187124,0
2017-03-15,46.299,47.093,46.199,46.498,395818,0
2017-03-16,46.746,47.442,46.448,47.392,249664,0
2017-03-17,47.193,47.442,46.051,47.342,970123,0
2017-03-20,47.143,47.64,46.548,47.044,181983,0
2017-03-21,47.193,47.243,43.964,44.238,395944,0
2017-03-22,43.716,44.213,42.424,43.069,308432,0
2017-03-23,42.772,43.815,42.772,43.219,201662,0
2017-03-24,43.269,44.361,42.871,44.213,277762,0
2017-03-27,43.319,44.411,42.672,44.361,229058,0
2017-03-28,44.063,44.808,43.766,44.56,195270,0
2017-03-29,44.51,44.51,43.764,44.212,192798,0
2017-03-30,44.311,46.402,44.311,46.203,208562,0
2017-03-31,46.104,46.452,43.863,45.904,439099,0
2017-04-03,45.904,46.004,44.262,44.909,210523,0
2017-04-04,44.71,45.357,43.98,45.158,181886,0
2017-04-05,45.556,45.805,43.963,44.012,209626,0
2017-04-06,44.012,45.954,43.714,44.51,107468,0
2017-04-07,44.162,44.71,43.913,44.162,189097,0
2017-04-10,44.311,44.859,44.082,44.461,180104,0
2017-04-11,44.212,44.859,43.913,44.71,83409,0
2017-04-12,44.461,44.61,43.764,43.813,84987,0
2017-04-13,43.515,44.212,42.967,43.017,176965,0
2017-04-17,43.166,43.714,42.469,43.664,129090,0
2017-04-18,43.316,43.963,42.818,43.415,156743,0
2017-04-19,43.714,44.51,43.714,44.361,128903,0
2017-04-20,44.71,45.606,44.461,45.556,148715,0
2017-04-21,45.805,46.751,44.958,46.104,298749,0
2017-04-24,47.249,47.697,46.801,47.249,261196,0
2017-04-25,47.697,48.244,47.05,47.298,174745,0
2017-04-26,48.294,49.24,48.244,48.991,391809,0
2017-04-27,49.041,49.041,47.996,48.045,136525,0
2017-04-28,48.195,48.244,46.85,46.9,121539,0
2017-05-01,47.348,47.747,46.651,47.149,161831,0
2017-05-02,47.249,47.348,46.452,46.602,214498,0
2017-05-03,46.253,46.85,45.755,46.701,171690,0
2017-05-04,47.099,47.747,46.651,46.95,144384,0
2017-05-05,47.149,47.149,46.352,46.801,91794,0
2017-05-08,46.701,47.099,46.452,46.95,105140,0
2017-05-09,47.0,47.298,46.253,46.502,118054,0
2017-05-10,46.203,46.825,46.104,46.402,93171,0
2017-05-11,46.104,47.0,44.909,45.008,186721,0
2017-05-12,44.71,44.809,43.863,44.461,220634,0
2017-05-15,44.61,45.257,44.162,45.208,228935,0
2017-05-16,45.158,45.805,44.61,45.755,160966,0
2017-05-17,44.411,44.859,43.34,43.465,167621,0
2017-05-18,43.316,44.162,42.868,43.764,152660,0
2017-05-19,43.813,44.958,43.664,43.764,304618,0
2017-05-22,43.433,44.461,43.433,44.212,90838,0
2017-05-23,44.212,45.406,43.838,45.058,197474,0
2017-05-24,45.208,46.054,44.809,45.058,141341,0
2017-05-25,45.257,45.456,44.66,44.909,110729,0
2017-05-26,45.008,45.008,44.436,44.56,84747,0
2017-05-30,44.361,44.361,43.515,43.764,76235,0
2017-05-31,43.963,43.963,42.419,43.166,226710,0
2017-06-01,43.515,43.913,42.818,43.863,143215,0
2017-06-02,43.614,44.71,43.415,44.012,189797,0
2017-06-05,44.062,44.411,43.664,43.863,157692,0
2017-06-06,43.415,43.764,42.718,43.714,289113,0
2017-06-07,43.764,44.61,43.714,44.411,160605,0
2017-06-08,44.411,46.701,44.212,45.954,217915,0
2017-06-09,46.402,49.091,46.153,49.041,294847,0
2017-06-12,49.041,49.589,47.647,48.195,212778,0
2017-06-13,48.344,48.742,47.697,47.996,187109,0
2017-06-14,47.548,48.045,46.801,47.996,122972,0
2017-06-15,47.448,48.593,47.448,48.195,75360,0
2017-06-16,47.896,48.195,47.398,47.597,293812,0
2017-06-19,47.796,48.22,47.199,47.348,93603,0
2017-06-20,47.149,47.548,46.602,46.85,78571,0
2017-06-21,47.0,47.149,46.203,46.203,81228,0
2017-06-22,46.104,46.153,45.317,45.904,86986,0
2017-06-23,45.954,46.253,45.456,46.203,278891,0
2017-06-26,46.253,46.651,45.705,46.153,79165,0
2017-06-27,46.402,47.199,46.153,46.85,135252,0
2017-06-28,47.2,48.597,47.2,48.048,249140,0
2017-06-29,48.996,49.146,47.948,48.647,192430,0
2017-06-30,48.697,49.146,47.998,48.098,181191,0
2017-07-03,48.247,49.495,48.148,49.195,73903,0
2017-07-05,49.195,49.195,48.198,48.946,84749,0
2017-07-06,48.896,49.644,48.247,48.796,190167,0
2017-07-07,49.146,49.57,48.347,49.096,129124,0
2017-07-10,48.946,48.946,47.898,47.998,121452,0
2017-07-11,47.948,48.297,47.05,47.699,245891,0
2017-07-12,47.549,48.098,46.84,47.1,192090,0
2017-07-13,47.299,47.649,46.801,47.15,131528,0
2017-07-14,46.701,46.875,45.952,46.651,444615,0
2017-07-17,46.601,47.15,46.351,46.751,187324,0
2017-07-18,46.351,46.95,46.102,46.701,98009,0
2017-07-19,46.701,47.25,46.551,47.0,82084,0
2017-07-20,47.0,47.599,46.701,47.05,111194,0
2017-07-21,51.141,51.166,46.252,46.85,218667,0
2017-07-24,46.202,47.15,46.052,47.0,255202,0
2017-07-25,47.399,47.749,46.801,47.1,186729,0
2017-07-26,47.15,47.15,45.853,45.853,135407,0
2017-07-27,45.902,46.351,45.374,46.052,142813,0
2017-07-28,45.902,46.102,45.304,45.653,102217,0
2017-07-31,45.703,46.202,44.954,45.703,143688,0
2017-08-01,46.002,46.95,45.753,46.451,117455,0
2017-08-02,46.302,46.501,45.653,45.703,222046,0
2017-08-03,45.603,46.052,45.279,45.354,111313,0
2017-08-04,45.753,46.451,45.503,46.152,120292,0
2017-08-07,46.202,46.202,45.154,45.254,196055,0
2017-08-08,45.054,46.202,44.905,45.553,98031,0
2017-08-09,45.004,45.753,44.58,44.755,143003,0
2017-08-10,44.306,44.505,43.508,43.557,105390,0
2017-08-11,43.857,43.957,42.884,43.158,122238,0
2017-08-14,43.408,45.054,43.408,45.004,235656,0
2017-08-15,45.304,45.503,44.655,44.755,169002,0
2017-08-16,44.905,45.154,44.505,44.905,122237,0
2017-08-17,44.755,44.905,43.358,43.458,188098,0
2017-08-18,43.158,43.607,43.058,43.158,639548,0
2017-08-21,43.258,43.508,42.709,43.358,108791,0
2017-08-22,43.607,43.857,43.358,43.657,76790,0
2017-08-23,43.208,44.156,43.208,43.607,67572,0
2017-08-24,43.907,44.805,43.557,44.306,216348,0
2017-08-25,44.505,44.655,43.857,44.306,108445,0
2017-08-28,44.456,44.456,43.957,44.156,99801,0
2017-08-29,43.607,43.907,43.408,43.707,85467,0
2017-08-30,43.657,44.006,43.408,43.557,94465,0
2017-08-31,43.707,44.206,43.483,43.957,132401,0
2017-09-01,44.006,44.805,43.957,44.655,154265,0
2017-09-05,44.356,44.356,43.233,43.258,280478,0
2017-09-06,43.757,43.757,42.659,42.709,111700,0
2017-09-07,42.659,42.659,41.088,41.312,89404,0
2017-09-08,41.512,42.46,41.163,41.861,130217,0
2017-09-11,42.31,43.158,42.31,42.809,116663,0
2017-09-12,43.009,43.308,40.963,43.158,234147,0
2017-09-13,43.108,43.707,43.009,43.458,121589,0
2017-09-14,43.408,43.657,42.959,43.108,68452,0
2017-09-15,43.108,43.383,42.609,43.258,480920,0
2017-09-18,43.358,43.807,43.258,43.707,122846,0
2017-09-19,43.607,44.056,43.508,43.907,103571,0
2017-09-20,43.957,45.154,43.557,45.004,153267,0
2017-09-21,44.954,45.853,44.954,45.753,184943,0
2017-09-22,45.653,45.753,45.204,45.304,188168,0
2017-09-25,45.204,45.553,44.755,45.054,157100,0
2017-09-26,45.104,45.453,44.705,45.354,166979,0
2017-09-27,45.803,47.549,45.703,47.05,275074,0
2017-09-28,47.5,48.55,47.15,47.9,425631,0
2017-09-29,47.8,48.6,47.8,48.0,251396,0
2017-10-02,48.0,48.8,47.4,48.75,190683,0
2017-10-03,49.05,49.05,48.0,48.5,215672,0
2017-10-04,48.45,48.45,48.0,48.35,217678,0
2017-10-05,48.3,49.15,47.5648,48.65,164704,0
2017-10-06,48.65,49.4,48.65,49.4,177004,0
2017-10-09,49.4,49.95,49.0,49.85,239308,0
2017-10-10,49.9,51.275,49.855,51.05,285106,0
2017-10-11,50.8,51.15,50.7,50.7,227924,0
2017-10-12,50.75,51.1,49.85,49.95,151197,0
2017-10-13,48.1,49.925,48.1,49.05,273976,0
2017-10-16,48.85,50.25,48.85,49.65,179110,0
2017-10-17,49.65,50.25,48.6,49.15,116487,0
2017-10-18,49.3,49.7,47.3493,49.45,122287,0
2017-10-19,47.45,48.8,47.45,48.1,257726,0
2017-10-20,48.8,48.8,48.1375,48.25,203899,0
2017-10-23,48.3,48.6,47.85,48.0,126560,0
2017-10-24,47.9,49.1,47.9,48.45,166409,0
2017-10-25,48.85,48.85,48.15,48.4,186660,0
2017-10-26,48.65,49.25,48.55,49.05,149748,0
2017-10-27,49.4,49.4,48.5,48.8,259330,0
2017-10-30,48.55,48.75,47.5,47.9,158066,0
2017-10-31,47.9,48.5,47.5,47.9,133096,0
2017-11-01,48.3,48.65,47.15,47.65,83249,0
2017-11-02,47.55,48.55,47.15,48.45,115796,0
2017-11-03,48.4,48.45,47.8501,48.1,91427,0
2017-11-06,48.15,48.45,47.755,47.9,69296,0
2017-11-07,47.8,48.05,46.65,46.65,160746,0
2017-11-08,46.65,47.45,45.95,46.5,147688,0
2017-11-09,46.15,46.55,45.3,45.75,100978,0
2017-11-10,45.75,46.3,45.55,45.8,110322,0
