Date,Open,High,Low,Close,Volume,OpenInt
2014-01-02,13.201,13.317,13.152,13.317,15177,0
2014-01-03,13.307,13.317,13.152,13.307,9157,0
2014-01-06,13.335,13.335,13.201,13.268,13512,0
2014-01-07,13.345,13.443,13.277,13.317,19359,0
2014-01-08,13.277,13.471,13.268,13.287,12903,0
2014-01-09,13.229,13.239,13.056,13.171,13970,0
2014-01-10,13.171,13.171,13.084,13.094,14885,0
2014-01-13,13.056,13.134,12.901,13.094,7064,0
2014-01-14,12.998,13.076,12.931,12.941,29806,0
2014-01-15,12.978,12.978,12.785,12.959,16257,0
2014-01-16,13.008,13.008,12.911,12.941,6473,0
2014-01-17,13.037,13.134,12.815,12.825,33763,0
2014-01-21,12.766,12.766,12.62,12.679,10216,0
2014-01-22,12.689,12.699,12.64,12.669,3592,0
2014-01-23,12.62,12.659,12.62,12.64,8820,0
2014-01-24,12.533,12.573,12.176,12.243,11984,0
2014-01-27,12.07,12.214,11.924,12.03,13618,0
2014-01-28,11.991,12.001,11.924,11.934,11585,0
2014-01-29,11.798,11.885,11.769,11.818,8245,0
2014-01-30,11.885,11.885,11.798,11.828,12368,0
2014-01-31,11.75,11.954,11.75,11.865,56322,0
2014-02-03,11.798,11.798,11.731,11.788,49111,0
2014-02-04,11.944,12.03,11.944,11.972,32679,0
2014-02-05,11.964,11.972,11.914,11.954,8693,0
2014-02-06,12.05,12.127,11.934,12.127,13168,0
2014-02-07,12.166,12.253,11.991,12.04,90458,0
2014-02-10,12.07,12.359,11.914,12.06,106356,0
2014-02-11,12.05,12.253,12.05,12.253,44232,0
2014-02-12,12.233,12.282,12.166,12.233,15476,0
2014-02-13,12.214,12.233,12.04,12.04,56090,0
2014-02-14,12.147,12.253,11.991,12.021,77302,0
2014-02-18,11.991,12.147,11.991,12.089,23238,0
2014-02-19,12.127,12.127,12.06,12.089,8546,0
2014-02-20,12.127,12.127,12.04,12.04,13415,0
2014-02-21,12.04,12.166,11.981,12.07,11941,0
2014-02-24,11.934,12.263,11.934,12.137,25953,0
2014-02-25,12.195,12.195,12.021,12.03,23569,0
2014-02-26,12.137,12.156,12.079,12.079,20649,0
2014-02-27,11.991,12.079,11.991,12.04,104431,0
2014-02-28,12.05,12.07,12.04,12.06,18958,0
2014-03-03,11.991,12.07,11.991,12.021,12613,0
2014-03-04,12.05,12.137,12.011,12.089,22989,0
2014-03-05,12.147,12.147,12.07,12.089,20625,0
2014-03-06,12.011,12.34,12.011,12.292,125075,0
2014-03-07,12.331,12.331,12.117,12.156,9864,0
2014-03-10,12.137,12.205,12.06,12.137,17840,0
2014-03-11,12.311,12.311,12.079,12.079,24864,0
2014-03-12,12.07,12.156,12.07,12.127,4457,0
2014-03-13,12.117,12.185,11.991,12.001,9929,0
2014-03-14,11.662,12.07,11.662,12.021,3944,0
2014-03-17,12.04,12.292,12.04,12.166,12506,0
2014-03-18,11.964,12.292,11.964,12.263,10538,0
2014-03-19,12.243,12.282,12.098,12.098,22915,0
2014-03-20,12.089,12.369,12.089,12.137,8427,0
2014-03-21,12.166,12.321,12.166,12.233,18326,0
2014-03-24,12.301,12.301,12.223,12.253,39461,0
2014-03-25,12.349,12.359,12.311,12.321,105045,0
2014-03-26,12.407,12.447,12.359,12.389,68454,0
2014-03-27,12.407,12.931,12.369,12.543,32704,0
2014-03-28,12.708,12.736,12.649,12.679,4511,0
2014-03-31,12.699,12.882,12.699,12.862,23208,0
2014-04-01,12.842,13.056,12.842,13.008,25547,0
2014-04-02,12.959,13.017,12.941,13.008,15797,0
2014-04-03,12.941,12.941,12.872,12.931,28552,0
2014-04-04,12.978,13.056,12.941,12.941,10356,0
2014-04-07,12.892,12.968,12.815,12.892,15884,0
2014-04-08,12.911,13.056,12.911,13.017,11720,0
2014-04-09,13.008,13.056,12.978,13.037,13730,0
2014-04-10,13.056,13.084,12.968,12.988,6403,0
2014-04-11,12.968,13.017,12.931,12.959,16775,0
2014-04-14,13.056,13.056,12.968,12.998,9873,0
2014-04-15,12.959,12.988,12.756,12.852,11257,0
2014-04-16,12.805,12.959,12.805,12.892,12368,0
2014-04-17,12.834,13.027,12.834,12.968,12752,0
2014-04-21,12.921,12.978,12.825,12.941,12388,0
2014-04-22,12.998,12.998,12.941,12.95,7481,0
2014-04-23,12.892,12.892,12.842,12.882,8649,0
2014-04-24,12.882,12.921,12.834,12.901,6892,0
2014-04-25,12.815,12.921,12.659,12.805,3782,0
2014-04-28,12.892,12.901,12.805,12.892,4232,0
2014-04-29,12.998,13.056,12.968,13.047,10238,0
2014-04-30,13.017,13.017,12.959,12.988,1732,0
2014-05-01,13.047,13.094,12.872,13.047,22007,0
2014-05-02,13.094,13.201,13.076,13.142,15536,0
2014-05-05,13.201,13.201,13.114,13.171,8971,0
2014-05-06,13.152,13.239,13.134,13.161,8814,0
2014-05-07,13.161,13.201,13.142,13.201,3509,0
2014-05-08,13.229,13.307,13.229,13.239,6269,0
2014-05-09,13.307,13.307,13.229,13.268,5977,0
2014-05-12,13.307,13.413,13.307,13.393,16423,0
2014-05-13,13.443,13.443,13.365,13.365,10980,0
2014-05-14,13.451,13.5,13.451,13.451,5292,0
2014-05-15,13.423,13.433,13.307,13.384,9261,0
2014-05-16,13.393,13.529,13.393,13.471,18523,0
2014-05-19,13.443,13.569,13.443,13.559,8382,0
2014-05-20,13.596,13.596,13.51,13.51,10051,0
2014-05-21,13.539,13.616,13.51,13.616,8794,0
2014-05-22,13.626,13.685,13.616,13.626,13024,0
2014-05-23,13.685,13.712,13.665,13.702,4406,0
2014-05-27,13.645,13.645,13.549,13.626,4830,0
2014-05-28,13.635,13.645,13.596,13.645,6950,0
2014-05-29,13.752,13.752,13.616,13.655,10341,0
2014-05-30,13.626,13.626,13.577,13.587,11016,0
2014-06-02,13.587,13.665,13.549,13.645,14891,0
2014-06-03,13.635,13.702,13.559,13.695,13417,0
2014-06-04,13.675,13.675,13.587,13.596,8713,0
2014-06-05,13.635,13.771,13.569,13.771,15492,0
2014-06-06,13.828,13.926,13.781,13.907,18055,0
2014-06-09,13.878,14.39,13.878,14.09,34420,0
2014-06-10,14.12,14.216,14.12,14.216,16764,0
2014-06-11,14.178,14.206,14.12,14.206,24101,0
2014-06-12,14.13,14.226,14.08,14.1,10361,0
2014-06-13,14.158,14.158,14.07,14.07,6515,0
2014-06-16,14.023,14.042,13.936,13.936,9750,0
2014-06-17,13.936,13.936,13.828,13.907,17995,0
2014-06-18,14.004,14.032,13.781,14.004,13384,0
2014-06-19,14.042,14.042,13.819,13.819,17078,0
2014-06-20,13.917,13.917,13.781,13.828,8541,0
2014-06-23,13.878,13.878,13.752,13.838,4739,0
2014-06-24,13.752,13.917,13.752,13.771,10746,0
2014-06-25,13.81,13.878,13.81,13.848,7656,0
2014-06-26,13.907,13.907,13.819,13.838,5393,0
2014-06-27,13.819,13.819,13.819,13.819,490,0
2014-06-30,13.897,13.917,13.838,13.887,2562,0
2014-07-01,13.917,14.004,13.897,13.984,11486,0
2014-07-02,14.062,14.08,13.964,14.07,17889,0
2014-07-03,14.178,14.178,14.023,14.032,7279,0
2014-07-07,14.07,14.07,14.032,14.032,5537,0
2014-07-08,13.936,14.062,13.936,14.004,3297,0
2014-07-09,13.926,14.062,13.926,14.062,17794,0
2014-07-10,14.013,14.013,13.944,13.974,10541,0
2014-07-11,13.964,14.042,13.954,13.974,7775,0
2014-07-14,13.926,14.12,13.926,14.032,24956,0
2014-07-15,13.964,14.052,13.964,13.984,10740,0
2014-07-16,14.023,14.226,14.023,14.148,22942,0
2014-07-17,14.185,14.185,13.971,13.981,9042,0
2014-07-18,13.904,14.117,13.904,14.117,8488,0
2014-07-21,14.077,14.155,14.077,14.127,3542,0
2014-07-22,14.213,14.213,14.185,14.193,8372,0
2014-07-23,14.271,14.271,14.223,14.252,7041,0
2014-07-24,14.281,14.368,14.271,14.301,18035,0
2014-07-25,14.193,14.301,14.193,14.291,5532,0
2014-07-28,14.175,14.193,14.117,14.155,19552,0
2014-07-29,14.175,14.185,14.087,14.097,6097,0
2014-07-30,14.203,14.203,13.951,14.029,5958,0
2014-07-31,13.971,13.991,13.817,13.835,22472,0
2014-08-01,13.739,14.01,13.739,13.835,9180,0
2014-08-04,13.991,14.01,13.884,13.961,18991,0
2014-08-05,13.835,14.001,13.652,13.875,29353,0
2014-08-06,13.788,13.894,13.788,13.855,18251,0
2014-08-07,13.971,13.971,13.808,13.817,8248,0
2014-08-08,13.759,13.875,13.759,13.855,5019,0
2014-08-11,13.923,14.02,13.923,13.991,4404,0
2014-08-12,13.951,13.981,13.923,13.942,6972,0
2014-08-13,14.059,14.077,13.942,14.001,7076,0
2014-08-14,14.059,14.077,14.01,14.039,4132,0
2014-08-15,14.117,14.175,13.991,14.077,3650,0
2014-08-18,14.107,14.127,14.049,14.117,50393,0
2014-08-19,14.135,14.213,14.135,14.165,30355,0
2014-08-20,14.145,14.175,14.127,14.145,3311,0
2014-08-21,14.193,14.193,14.145,14.145,532,0
2014-08-22,14.165,14.165,14.097,14.097,3313,0
2014-08-25,14.135,14.203,14.135,14.203,3728,0
2014-08-26,14.193,14.223,14.145,14.145,10385,0
2014-08-27,14.242,14.281,14.242,14.281,10457,0
2014-08-28,14.185,14.281,14.185,14.233,26379,0
2014-08-29,14.203,14.291,14.193,14.291,7097,0
2014-09-02,14.281,14.281,14.203,14.261,8826,0
2014-09-03,14.349,14.368,14.213,14.358,73836,0
2014-09-04,14.417,14.417,14.358,14.387,16833,0
2014-09-05,14.339,14.417,14.329,14.417,7033,0
2014-09-08,14.417,14.474,14.233,14.281,20936,0
2014-09-09,14.242,14.261,14.165,14.203,26480,0
2014-09-10,14.127,14.185,14.087,14.145,44840,0
2014-09-11,14.117,14.165,14.087,14.135,16869,0
2014-09-12,14.029,14.067,13.884,14.067,19947,0
2014-09-15,13.971,13.981,13.865,13.961,20437,0
2014-09-16,13.884,14.155,13.884,14.155,19472,0
2014-09-17,14.059,14.165,13.933,14.001,9964,0
2014-09-18,13.884,13.951,13.884,13.942,2326,0
2014-09-19,13.884,13.894,13.778,13.778,8150,0
2014-09-22,13.7,13.778,13.652,13.672,14697,0
2014-09-23,13.642,13.749,13.593,13.593,13534,0
2014-09-24,13.672,13.788,13.662,13.729,29243,0
2014-09-25,13.633,13.662,13.574,13.584,19294,0
2014-09-26,13.497,13.574,13.468,13.546,7789,0
2014-09-29,13.39,13.788,13.39,13.45,9644,0
2014-09-30,13.4,13.44,13.4,13.43,5511,0
2014-10-01,13.4,13.4,13.39,13.4,10265,0
2014-10-02,13.381,13.536,13.372,13.478,18705,0
2014-10-03,13.478,13.478,13.41,13.43,5256,0
2014-10-06,13.45,13.662,13.45,13.642,25127,0
2014-10-07,13.692,13.7,13.526,13.613,2401,0
2014-10-08,13.546,13.719,13.458,13.613,6765,0
2014-10-09,13.574,13.584,13.44,13.44,11354,0
2014-10-10,13.352,13.4,13.265,13.265,8121,0
2014-10-13,13.265,13.507,13.265,13.372,9964,0
2014-10-14,13.256,13.324,12.897,13.188,15635,0
2014-10-15,13.11,13.246,13.014,13.236,12084,0
2014-10-16,12.955,13.198,12.937,13.159,8048,0
2014-10-17,13.14,13.256,13.14,13.216,21690,0
2014-10-20,13.216,13.246,13.198,13.226,2811,0
2014-10-21,13.352,13.39,13.12,13.226,10483,0
2014-10-22,13.168,13.284,13.168,13.256,6848,0
2014-10-23,13.381,13.39,13.304,13.362,31126,0
2014-10-24,13.324,13.458,13.304,13.458,7020,0
2014-10-27,13.332,13.332,13.256,13.284,4291,0
2014-10-28,13.362,13.516,13.362,13.516,1911,0
2014-10-29,13.623,13.642,13.507,13.593,10278,0
2014-10-30,13.672,13.672,13.556,13.652,3280,0
2014-10-31,13.719,13.729,13.556,13.692,4408,0
2014-11-03,13.692,13.692,13.507,13.546,13984,0
2014-11-04,13.458,13.613,13.45,13.613,6312,0
2014-11-05,13.593,13.603,13.478,13.603,15428,0
2014-11-06,13.526,13.566,13.507,13.546,4643,0
2014-11-07,13.507,13.516,13.45,13.458,5715,0
2014-11-10,13.516,13.516,13.342,13.4,1817,0
2014-11-11,13.41,13.44,13.332,13.44,2965,0
2014-11-12,13.284,13.381,13.284,13.362,6304,0
2014-11-13,13.372,13.372,13.332,13.332,1123,0
2014-11-14,13.265,13.352,13.14,13.256,2102,0
2014-11-17,13.324,13.43,13.256,13.256,7761,0
2014-11-18,13.256,13.342,13.256,13.342,1057,0
2014-11-19,13.352,13.44,13.352,13.43,1714,0
2014-11-20,13.41,13.43,13.332,13.43,3356,0
2014-11-21,13.584,13.662,13.507,13.652,11612,0
2014-11-24,13.526,13.682,13.516,13.662,15566,0
2014-11-25,13.729,13.798,13.642,13.7,56771,0
2014-11-26,13.817,13.914,13.788,13.798,12187,0
2014-12-01,13.603,13.788,13.304,13.332,8629,0
2014-12-02,13.284,13.7,13.284,13.574,2401,0
2014-12-03,13.566,13.662,13.566,13.603,4688,0
2014-12-04,13.584,13.682,13.4,13.546,8545,0
2014-12-05,13.536,13.682,13.352,13.556,15840,0
2014-12-08,13.497,13.633,13.39,13.44,4027,0
2014-12-09,13.362,13.44,13.324,13.44,8851,0
2014-12-10,13.42,13.478,13.206,13.256,9927,0
2014-12-11,13.265,13.458,13.198,13.256,8650,0
2014-12-12,13.206,13.206,12.791,12.791,8593,0
2014-12-15,12.937,12.937,12.685,12.685,5824,0
2014-12-16,12.529,12.529,11.997,12.365,17088,0
2014-12-17,12.365,12.695,12.191,12.423,16942,0
2014-12-18,12.665,12.714,12.645,12.695,4269,0
2014-12-19,12.752,12.752,12.742,12.742,1253,0
2014-12-22,12.569,12.811,12.453,12.781,29872,0
2014-12-23,12.626,12.705,12.626,12.705,11018,0
2014-12-24,12.607,12.723,12.491,12.723,7306,0
2014-12-26,12.645,12.917,12.645,12.848,8775,0
2014-12-29,12.906,12.906,12.778,12.818,11176,0
2014-12-30,12.778,12.896,12.778,12.876,6895,0
2014-12-31,12.778,12.896,12.778,12.856,9105,0
2015-01-02,12.964,12.964,12.66,12.818,21845,0
2015-01-05,12.798,12.798,12.532,12.562,11186,0
2015-01-06,12.66,12.758,12.64,12.7,9589,0
2015-01-07,12.788,12.955,12.788,12.906,2056,0
2015-01-08,13.063,13.063,12.866,12.876,47867,0
2015-01-09,12.886,12.974,12.808,12.974,3730,0
2015-01-12,13.004,13.024,12.71,12.748,17352,0
2015-01-13,12.926,12.964,12.856,12.866,2740,0
2015-01-14,12.876,12.876,12.798,12.798,2087,0
2015-01-15,12.906,13.034,12.866,12.866,8525,0
2015-01-16,12.876,12.906,12.856,12.856,1908,0
2015-01-20,12.955,13.004,12.886,12.906,2882,0
2015-01-21,13.024,13.132,12.964,13.122,4647,0
2015-01-22,13.053,13.22,13.053,13.132,7280,0
2015-01-23,13.201,13.201,13.161,13.171,762,0
2015-01-26,13.053,13.053,12.994,13.014,12850,0
2015-01-27,12.984,13.014,12.936,13.014,7098,0
2015-01-28,12.926,12.964,12.926,12.926,2046,0
2015-01-29,12.984,12.984,12.886,12.916,5630,0
2015-01-30,12.818,12.818,12.719,12.758,6522,0
2015-02-02,12.828,12.828,12.65,12.719,80645,0
2015-02-03,12.846,12.955,12.808,12.955,12488,0
2015-02-04,12.896,12.984,12.896,12.984,4230,0
2015-02-05,12.964,13.004,12.936,12.955,8765,0
2015-02-06,12.916,12.916,12.828,12.856,10714,0
2015-02-09,12.788,12.846,12.778,12.846,1776,0
2015-02-10,12.778,12.886,12.778,12.788,7385,0
2015-02-11,12.788,12.808,12.738,12.738,5642,0
2015-02-12,12.719,12.896,12.719,12.896,3583,0
2015-02-13,12.945,13.122,12.945,13.073,3863,0
2015-02-17,13.092,13.142,12.974,13.044,8127,0
2015-02-18,13.092,13.092,12.916,12.994,4306,0
2015-02-19,12.828,12.945,12.828,12.856,16897,0
2015-02-20,12.768,12.916,12.768,12.916,6540,0
2015-02-23,12.984,12.984,12.886,12.906,14413,0
2015-02-24,13.044,13.073,12.936,13.073,15299,0
2015-02-25,13.024,13.171,13.024,13.082,7665,0
2015-02-26,13.024,13.112,13.024,13.112,5614,0
2015-02-27,13.063,13.092,12.955,13.092,13706,0
2015-03-02,13.044,13.044,12.945,12.994,3764,0
2015-03-03,12.916,12.926,12.876,12.926,6410,0
2015-03-04,12.798,12.846,12.778,12.788,10072,0
2015-03-05,12.768,12.818,12.768,12.778,3459,0
2015-03-06,12.768,12.768,12.582,12.601,1933,0
2015-03-09,12.572,12.611,12.562,12.611,79559,0
2015-03-10,12.473,12.473,12.355,12.365,12819,0
2015-03-11,12.414,12.62,12.227,12.404,33980,0
2015-03-12,12.326,12.464,12.306,12.345,14752,0
2015-03-13,12.267,12.296,12.198,12.237,5392,0
2015-03-16,12.247,12.336,12.227,12.227,9665,0
2015-03-17,12.159,12.316,12.159,12.287,6612,0
2015-03-18,12.345,13.495,12.179,12.385,132970,0
2015-03-19,12.326,12.345,12.296,12.326,37642,0
2015-03-20,12.473,12.473,12.355,12.385,23196,0
2015-03-23,12.454,12.454,12.375,12.395,26452,0
2015-03-24,12.483,12.483,12.454,12.464,1119,0
2015-03-25,12.562,12.562,12.395,12.414,18414,0
2015-03-26,12.404,12.404,12.227,12.355,14039,0
2015-03-27,12.287,12.355,12.287,12.306,6003,0
2015-03-30,12.424,12.434,12.375,12.375,29198,0
2015-03-31,12.247,12.375,12.247,12.355,14662,0
2015-04-01,12.375,12.542,12.375,12.503,16074,0
2015-04-02,12.582,12.758,12.522,12.62,13022,0
2015-04-06,12.67,12.788,12.66,12.748,27978,0
2015-04-07,12.788,12.798,12.62,12.768,28230,0
2015-04-08,12.926,12.955,12.768,12.906,31234,0
2015-04-09,12.984,13.004,12.926,12.974,17491,0
2015-04-10,12.945,12.964,12.916,12.945,21364,0
2015-04-13,12.936,12.994,12.936,12.974,1322,0
2015-04-14,12.964,13.034,12.955,13.034,9462,0
2015-04-15,13.024,13.102,13.024,13.102,5208,0
2015-04-16,13.053,13.24,13.053,13.24,10166,0
2015-04-17,13.112,13.132,12.974,12.984,11089,0
2015-04-20,13.034,13.053,12.945,13.044,4568,0
2015-04-21,13.073,13.132,13.044,13.132,2511,0
2015-04-22,13.092,13.25,13.092,13.132,22863,0
2015-04-23,13.181,13.447,13.092,13.319,12819,0
2015-04-24,13.279,13.279,13.22,13.22,7138,0
2015-04-27,13.22,13.23,13.152,13.191,5392,0
2015-04-28,13.191,13.191,13.181,13.181,1247,0
2015-04-29,13.102,13.112,13.014,13.014,19432,0
2015-04-30,13.014,13.034,12.926,12.955,13837,0
2015-05-01,12.936,13.053,12.818,12.936,22281,0
2015-05-04,12.974,13.034,12.936,12.936,5392,0
2015-05-05,12.955,13.034,12.906,12.926,49546,0
2015-05-06,12.886,12.926,12.818,12.818,21138,0
2015-05-07,12.846,12.846,12.728,12.758,7399,0
2015-05-08,12.758,13.004,12.758,13.004,2849,0
2015-05-11,12.856,12.974,12.856,12.906,18618,0
2015-05-12,12.808,12.936,12.719,12.828,4981,0
2015-05-13,12.886,12.984,12.886,12.984,10813,0
2015-05-14,13.004,13.073,12.994,13.073,7834,0
2015-05-15,13.181,13.181,13.152,13.181,10795,0
2015-05-18,13.171,13.171,13.014,13.092,3458,0
2015-05-19,13.152,13.201,13.082,13.181,8223,0
2015-05-20,13.191,13.21,13.122,13.21,15357,0
2015-05-21,13.112,13.191,11.815,13.132,9766,0
2015-05-22,13.171,13.22,13.102,13.161,3358,0
2015-05-26,13.014,13.014,12.846,12.846,7008,0
2015-05-27,12.738,12.778,12.719,12.758,6104,0
2015-05-28,12.798,12.798,12.611,12.66,10749,0
2015-05-29,12.62,12.67,12.582,12.582,2747,0
2015-06-01,12.552,12.69,12.512,12.63,10082,0
2015-06-02,12.69,12.758,12.68,12.71,5780,0
2015-06-03,12.68,12.71,12.66,12.71,9970,0
2015-06-04,12.68,12.68,12.591,12.601,11802,0
2015-06-05,12.611,12.69,12.552,12.591,21060,0
2015-06-08,12.582,12.63,12.582,12.591,27774,0
2015-06-09,12.572,12.582,12.483,12.542,26794,0
2015-06-10,12.572,12.768,12.572,12.728,14660,0
2015-06-11,12.728,12.728,12.64,12.65,1634,0
2015-06-12,12.601,12.601,12.572,12.582,2238,0
2015-06-15,12.454,12.493,12.444,12.493,6512,0
2015-06-16,12.404,12.562,12.404,12.512,5697,0
2015-06-17,12.483,12.611,12.454,12.611,6816,0
2015-06-18,12.64,12.728,12.64,12.66,1730,0
2015-06-19,12.63,12.66,12.62,12.66,813,0
2015-06-22,12.69,12.69,12.63,12.63,6816,0
2015-06-23,12.65,12.748,12.65,12.748,4260,0
2015-06-24,12.62,12.69,12.582,12.591,26655,0
2015-06-25,12.493,12.542,12.473,12.483,4069,0
2015-06-26,12.296,12.444,12.296,12.395,18821,0
2015-06-29,12.287,12.336,12.267,12.277,13328,0
2015-06-30,12.404,12.572,12.385,12.572,28969,0
2015-07-01,12.64,12.71,12.63,12.67,13633,0
2015-07-02,12.7,12.7,12.62,12.65,6714,0
2015-07-06,12.404,12.611,12.355,12.601,18821,0
2015-07-07,12.464,12.464,12.316,12.345,5290,0
2015-07-08,12.179,12.247,12.179,12.208,8139,0
2015-07-09,12.257,12.778,12.257,12.748,14447,0
2015-07-10,12.778,12.955,12.62,12.955,11802,0
2015-07-13,13.044,13.152,12.68,12.728,9563,0
2015-07-14,12.778,12.836,12.748,12.758,6307,0
2015-07-15,12.798,12.836,12.798,12.818,5103,0
2015-07-16,12.916,12.984,12.836,12.974,16787,0
2015-07-17,12.906,12.955,12.876,12.906,3561,0
2015-07-20,12.906,12.945,12.798,12.808,32047,0
2015-07-21,12.856,12.906,12.836,12.906,1730,0
2015-07-22,12.758,12.916,12.758,12.856,21364,0
2015-07-23,12.896,12.896,12.748,12.788,7020,0
2015-07-24,12.68,12.68,12.247,12.267,2645,0
2015-07-27,12.316,12.473,12.188,12.277,19025,0
2015-07-28,12.532,12.67,12.237,12.591,15057,0
2015-07-29,12.473,12.542,12.395,12.434,10581,0
2015-07-30,12.287,12.424,12.257,12.365,11903,0
2015-07-31,12.414,12.542,12.414,12.503,1730,0
2015-08-03,12.503,12.503,12.503,12.503,204,0
2015-08-04,12.385,12.385,12.306,12.306,2849,0
2015-08-05,12.287,12.434,12.188,12.326,6612,0
2015-08-06,12.129,12.188,12.011,12.1,2826,0
2015-08-07,12.021,12.119,12.021,12.119,1933,0
2015-08-10,12.139,12.169,12.139,12.169,305,0
2015-08-11,12.109,12.109,11.795,11.795,3403,0
2015-08-12,11.618,11.755,11.618,11.755,713,0
2015-08-13,11.727,11.815,11.727,11.815,3256,0
2015-08-14,11.805,11.805,11.727,11.765,13022,0
2015-08-17,11.845,11.845,11.638,11.647,4375,0
2015-08-18,11.618,11.618,11.422,11.52,4986,0
2015-08-19,11.304,11.49,11.304,11.49,10072,0
2015-08-20,11.5,11.52,11.343,11.353,5697,0
2015-08-21,11.314,11.314,11.048,11.048,8749,0
2015-08-24,9.977,10.626,9.977,10.566,9662,0
2015-08-25,10.812,11.136,10.468,10.507,38965,0
2015-08-26,10.763,10.763,10.399,10.468,13735,0
2015-08-27,10.576,10.96,10.576,10.753,8444,0
2015-08-28,10.665,11.126,10.665,10.95,16889,0
2015-08-31,10.9,10.99,10.881,10.99,1424,0
2015-09-01,10.822,10.822,10.665,10.665,7325,0
2015-09-02,10.91,10.95,10.645,10.645,14141,0
2015-09-03,10.704,10.96,10.704,10.872,8240,0
2015-09-04,10.792,10.792,10.507,10.626,5595,0
2015-09-08,10.91,10.92,10.842,10.872,2645,0
2015-09-09,10.96,11.098,10.822,10.822,10275,0
2015-09-10,10.842,10.842,10.842,10.842,509,0
2015-09-11,10.852,10.89,10.744,10.744,1017,0
2015-09-14,10.763,10.881,10.763,10.872,3764,0
2015-09-15,10.832,10.97,10.832,10.96,16278,0
2015-09-16,10.96,11.206,10.96,11.078,3052,0
2015-09-17,11.028,11.254,10.98,11.254,3316,0
2015-09-18,11.244,11.244,11.136,11.136,3459,0
2015-09-21,11.107,11.156,10.998,11.038,5392,0
2015-09-22,10.842,10.93,10.842,10.93,713,0
2015-09-23,10.782,10.862,10.576,10.576,7461,0
2015-09-24,10.537,10.576,10.527,10.576,2222,0
2015-09-25,10.714,10.714,10.694,10.694,4375,0
2015-09-28,10.517,10.517,10.321,10.439,5173,0
2015-09-29,10.498,10.498,10.321,10.331,6816,0
2015-09-30,10.449,10.596,10.439,10.527,11191,0
2015-10-01,10.576,10.586,10.478,10.488,4171,0
2015-10-02,10.449,10.773,10.449,10.773,2950,0
2015-10-05,10.645,10.94,10.645,10.94,7366,0
2015-10-06,10.95,11.018,10.91,11.018,4884,0
2015-10-07,11.068,11.225,11.038,11.225,4893,0
2015-10-08,11.078,11.176,11.038,11.176,6612,0
2015-10-09,11.166,11.304,11.136,11.244,3358,0
2015-10-12,11.274,11.284,11.206,11.284,1071,0
2015-10-13,11.156,11.176,11.136,11.176,1933,0
2015-10-14,11.117,11.206,11.117,11.176,1526,0
2015-10-15,11.117,11.402,11.117,11.402,7630,0
2015-10-16,11.264,11.372,11.264,11.304,3358,0
2015-10-19,11.176,11.284,10.586,11.068,27209,0
2015-10-20,11.008,11.146,10.97,11.146,4273,0
2015-10-21,11.088,11.136,11.088,11.136,509,0
2015-10-22,11.176,11.294,11.136,11.294,3561,0
2015-10-23,11.353,11.353,11.323,11.323,713,0
2015-10-26,11.294,11.294,11.254,11.284,611,0
2015-10-27,11.225,11.225,11.156,11.186,2950,0
2015-10-28,11.136,11.225,11.126,11.126,9258,0
2015-10-29,10.98,11.048,10.98,11.038,2340,0
2015-10-30,11.098,11.353,11.098,11.353,6512,0
2015-11-02,11.343,11.441,11.304,11.343,9069,0
2015-11-03,11.196,11.49,11.196,11.441,7592,0
2015-11-04,11.49,11.49,11.343,11.343,64083,0
2015-11-05,11.372,11.402,11.343,11.343,3866,0
2015-11-06,11.254,11.254,11.146,11.225,3663,0
2015-11-09,11.156,11.441,11.117,11.156,39006,0
2015-11-10,11.156,11.156,11.028,11.068,2645,0
2015-11-11,11.117,11.117,11.117,11.117,1017,0
2015-11-12,10.93,11.107,10.93,11.048,17295,0
2015-11-13,10.98,10.998,10.92,10.93,18008,0
2015-11-16,10.97,11.048,10.94,10.97,3358,0
2015-11-17,11.018,11.048,10.96,10.98,6308,0
2015-11-18,10.98,11.048,10.96,10.96,2340,0
2015-11-19,11.038,11.098,10.94,11.088,7936,0
2015-11-20,11.146,11.146,11.028,11.107,8648,0
2015-11-23,11.068,11.088,11.018,11.068,12819,0
2015-11-24,11.058,11.176,11.048,11.146,6003,0
2015-11-25,11.107,11.206,11.088,11.206,9563,0
2015-11-27,11.068,11.068,11.068,11.068,305,0
2015-11-30,10.99,10.99,10.93,10.93,3459,0
2015-12-01,10.96,11.088,10.96,11.088,5893,0
2015-12-02,10.93,10.96,10.93,10.96,1185,0
2015-12-03,10.96,11.008,10.93,11.008,2690,0
2015-12-04,10.91,10.93,10.91,10.93,1221,0
2015-12-07,10.91,10.95,10.842,10.852,10072,0
2015-12-08,10.812,10.812,10.714,10.744,14546,0
2015-12-09,10.645,10.812,10.645,10.782,14141,0
2015-12-10,10.872,10.872,10.744,10.763,9360,0
2015-12-11,10.782,10.782,10.517,10.557,14141,0
2015-12-14,10.626,10.635,10.606,10.616,5300,0
2015-12-15,10.635,10.674,10.547,10.674,12311,0
2015-12-16,10.616,10.744,10.557,10.744,19534,0
2015-12-17,10.714,10.724,10.626,10.665,6918,0
2015-12-18,10.802,10.802,10.655,10.655,3866,0
2015-12-21,10.596,10.655,10.498,10.616,2950,0
2015-12-22,10.655,10.704,10.616,10.674,10756,0
2015-12-23,10.753,10.763,10.576,10.734,3764,0
2015-12-24,10.596,10.763,10.596,10.725,5092,0
2015-12-28,10.734,10.782,10.665,10.723,5240,0
2015-12-29,10.792,10.792,10.744,10.769,2546,0
2015-12-30,10.684,10.724,10.665,10.684,8419,0
2015-12-31,10.634,10.669,10.626,10.669,6326,0
2016-01-04,10.507,10.507,10.498,10.498,1119,0
2016-01-05,10.485,10.485,10.485,10.485,840,0
2016-01-06,10.419,10.419,10.389,10.395,2203,0
2016-01-07,10.321,10.321,10.193,10.193,20166,0
2016-01-08,10.321,10.341,10.105,10.105,31042,0
2016-01-11,10.125,10.128,9.997,10.045,8467,0
2016-01-12,10.075,10.075,9.967,10.034,14724,0
2016-01-13,10.075,10.075,9.731,9.849,5802,0
2016-01-14,9.927,9.977,9.927,9.977,2896,0
2016-01-15,9.761,9.761,9.701,9.731,9179,0
2016-01-19,9.731,9.751,9.652,9.652,3459,0
2016-01-20,9.3672,9.4656,8.9249,9.4458,22676,0
2016-01-21,9.3771,9.672,9.3771,9.662,8630,0
2016-01-22,9.711,9.987,9.711,9.937,6370,0
2016-01-25,9.937,9.937,9.751,9.772,2988,0
2016-01-26,9.859,9.937,9.829,9.829,1721,0
2016-01-27,9.839,9.928,9.78,9.809,6787,0
2016-01-28,9.898,9.917,9.869,9.898,1714,0
2016-01-29,9.987,10.213,9.957,10.213,15818,0
2016-02-01,10.193,10.193,10.193,10.193,122,0
2016-02-02,10.125,10.125,10.024,10.025,4089,0
2016-02-03,10.065,10.173,10.055,10.163,3052,0
2016-02-04,10.183,10.331,10.183,10.331,8301,0
2016-02-05,10.236,10.273,10.203,10.233,5302,0
2016-02-08,10.065,10.085,10.065,10.085,1736,0
2016-02-09,9.819,10.073,9.819,10.065,3483,0
2016-02-10,10.162,10.162,10.162,10.162,330,0
2016-02-11,9.771,9.889,9.771,9.889,3251,0
2016-02-16,10.054,10.812,10.045,10.439,26194,0
2016-02-17,10.321,10.372,10.321,10.372,822,0
2016-02-18,10.213,10.271,10.213,10.271,3540,0
2016-02-19,10.223,10.261,10.223,10.234,3864,0
2016-02-22,10.451,10.451,10.389,10.394,1767,0
2016-02-23,10.331,10.376,10.317,10.341,4024,0
2016-02-24,10.223,10.252,10.193,10.242,3628,0
2016-02-25,10.7,10.7,10.281,10.281,350,0
2016-02-26,10.547,10.547,10.242,10.242,2181,0
2016-02-29,10.38,10.389,10.35,10.389,714,0
2016-03-01,10.478,10.547,10.478,10.547,3590,0
2016-03-02,10.547,10.674,10.547,10.674,1234,0
2016-03-03,10.705,10.705,10.705,10.705,881,0
2016-03-04,10.881,10.95,10.881,10.95,479,0
2016-03-07,10.89,10.94,10.81,10.875,11259,0
2016-03-08,10.802,10.802,10.773,10.798,2799,0
2016-03-09,10.842,10.842,10.812,10.812,6186,0
2016-03-10,10.812,10.92,10.802,10.92,14964,0
2016-03-11,11.117,11.117,11.058,11.093,10716,0
2016-03-14,11.038,11.068,11.038,11.068,1574,0
2016-03-15,10.98,10.989,10.95,10.96,3810,0
2016-03-16,10.862,11.058,10.862,11.058,4828,0
2016-03-17,11.098,11.274,11.098,11.254,6524,0
2016-03-18,11.254,11.304,11.254,11.304,2552,0
2016-03-21,11.206,11.372,11.206,11.304,6707,0
2016-03-22,11.284,11.333,11.274,11.304,2993,0
2016-03-23,11.235,11.244,11.186,11.206,3156,0
2016-03-24,10.862,11.146,10.862,11.038,4572,0
2016-03-28,11.018,11.136,11.018,11.136,7334,0
2016-03-29,11.059,11.215,11.059,11.215,7119,0
2016-03-30,11.136,11.382,11.136,11.382,7835,0
2016-03-31,11.382,11.516,11.382,11.431,5157,0
2016-04-01,11.254,11.51,11.254,11.51,11688,0
2016-04-04,11.579,11.589,11.51,11.51,9041,0
2016-04-05,11.384,11.385,11.353,11.353,4343,0
2016-04-06,11.359,11.441,11.333,11.441,4251,0
2016-04-07,11.347,11.402,10.91,11.314,18294,0
2016-04-08,11.5,11.505,11.427,11.427,4750,0
2016-04-11,11.441,11.592,11.441,11.52,33301,0
2016-04-12,11.53,11.746,11.52,11.657,17496,0
2016-04-13,11.717,11.972,11.717,11.923,14267,0
2016-04-14,11.873,12.031,11.863,12.031,11413,0
2016-04-15,11.854,12.041,11.825,11.963,23564,0
2016-04-18,11.587,11.923,11.587,11.916,6845,0
2016-04-19,11.991,12.031,11.986,12.031,4114,0
2016-04-20,12.267,12.267,11.963,11.972,9909,0
2016-04-21,11.893,11.963,11.845,11.845,11648,0
2016-04-22,11.062,11.893,11.062,11.775,33616,0
2016-04-25,11.746,11.913,11.677,11.913,21055,0
2016-04-26,11.933,12.021,11.923,11.938,9762,0
2016-04-27,11.85,11.937,11.85,11.937,2536,0
2016-04-28,11.943,11.943,11.781,11.913,2281,0
2016-04-29,11.786,11.855,11.785,11.815,920,0
2016-05-02,11.835,11.903,11.825,11.893,2115,0
2016-05-03,11.765,11.775,11.717,11.727,3035,0
2016-05-04,11.717,11.717,11.638,11.647,6904,0
2016-05-05,11.697,11.746,11.471,11.471,11946,0
2016-05-06,11.402,11.589,11.127,11.589,10441,0
2016-05-09,11.628,11.628,11.53,11.559,5736,0
2016-05-10,11.579,11.673,11.579,11.673,1276,0
2016-05-11,11.717,11.717,11.657,11.717,715,0
2016-05-12,11.765,11.765,11.687,11.736,4280,0
2016-05-13,11.697,11.697,11.628,11.628,5860,0
2016-05-16,11.599,11.746,11.599,11.677,1570,0
2016-05-17,11.579,11.619,11.515,11.515,3680,0
2016-05-18,11.363,11.638,11.343,11.638,3267,0
2016-05-19,11.451,11.451,11.402,11.451,2091,0
2016-05-20,11.514,11.514,11.422,11.422,13272,0
2016-05-23,11.451,11.485,11.333,11.333,8479,0
2016-05-24,11.314,11.431,11.314,11.431,1532,0
2016-05-25,11.5,11.52,11.49,11.51,7619,0
2016-05-26,11.523,11.539,11.51,11.539,3254,0
2016-05-27,11.589,11.589,11.5,11.5,5780,0
2016-05-31,11.539,11.609,11.539,11.563,6448,0
2016-06-01,11.609,11.609,11.549,11.549,2702,0
2016-06-02,11.589,11.667,11.559,11.667,5902,0
2016-06-03,11.736,11.903,11.638,11.903,12500,0
2016-06-06,12.051,12.247,11.845,12.218,21178,0
2016-06-07,12.267,12.512,12.267,12.395,10947,0
2016-06-08,12.434,12.434,12.277,12.287,15755,0
2016-06-09,12.096,12.103,12.051,12.051,2755,0
2016-06-13,11.873,11.873,11.697,11.697,2074,0
2016-06-14,11.717,11.717,11.687,11.687,2233,0
2016-06-15,11.579,11.717,11.579,11.707,19032,0
2016-06-16,11.451,11.563,11.451,11.52,17936,0
2016-06-17,11.59,11.633,11.559,11.599,6336,0
2016-06-20,11.795,11.853,11.775,11.775,6280,0
2016-06-21,11.795,11.862,11.765,11.793,3704,0
2016-06-22,11.863,11.918,11.825,11.825,1693,0
2016-06-23,11.943,12.061,11.931,12.061,4088,0
2016-06-24,11.579,11.712,11.451,11.549,3976,0
2016-06-27,12.08,12.08,11.353,11.353,1569,0
2016-06-29,11.657,11.845,11.657,11.794,5617,0
2016-06-30,11.88,11.914,11.855,11.855,1862,0
2016-07-01,11.933,12.021,11.933,12.011,1084,0
2016-07-05,11.981,12.454,11.855,12.454,2391,0
2016-07-06,12.179,12.179,11.863,11.948,2896,0
2016-07-07,12.037,12.037,12.021,12.021,2138,0
2016-07-08,12.021,12.169,12.021,12.15,5165,0
2016-07-11,12.237,12.237,12.041,12.129,15322,0
2016-07-12,12.237,12.335,12.237,12.326,9536,0
2016-07-13,12.267,12.385,12.237,12.306,5044,0
2016-07-14,12.414,12.424,12.365,12.414,941,0
2016-07-15,12.296,12.385,12.296,12.326,11020,0
2016-07-18,12.316,12.384,12.316,12.345,2689,0
2016-07-19,12.287,12.296,12.247,12.247,2807,0
2016-07-20,12.277,12.366,12.277,12.366,1351,0
2016-07-21,12.316,12.366,12.316,12.366,751,0
2016-07-22,12.374,12.374,12.366,12.366,727,0
2016-07-25,12.346,12.356,12.306,12.33,2635,0
2016-07-26,12.405,12.405,12.405,12.405,198,0
2016-07-27,12.425,12.524,12.425,12.465,6162,0
2016-07-28,12.495,12.584,12.495,12.584,1465,0
2016-07-29,12.534,12.534,12.445,12.524,3181,0
2016-08-01,12.524,12.524,12.505,12.509,2782,0
2016-08-02,12.562,12.562,12.316,12.372,4982,0
2016-08-03,12.376,12.376,12.346,12.346,3965,0
2016-08-04,12.386,12.42,12.366,12.394,7921,0
2016-08-05,12.366,12.442,12.296,12.442,1817,0
2016-08-08,12.544,12.574,12.495,12.505,9466,0
2016-08-09,12.554,12.604,12.554,12.604,607,0
2016-08-10,12.623,12.623,12.564,12.564,328,0
2016-08-11,12.663,12.693,12.614,12.693,18524,0
2016-08-12,12.653,12.663,12.623,12.663,2941,0
2016-08-15,12.435,12.772,12.435,12.713,7948,0
2016-08-16,12.683,12.683,12.653,12.663,1492,0
2016-08-17,12.643,12.643,12.559,12.594,4239,0
2016-08-18,12.683,12.683,12.653,12.653,571,0
2016-08-19,12.594,12.653,12.524,12.577,1885,0
2016-08-22,12.396,12.564,12.396,12.554,11741,0
2016-08-23,12.679,12.679,12.601,12.601,1858,0
2016-08-24,12.514,12.594,12.514,12.594,1636,0
2016-08-25,12.554,12.584,12.554,12.554,1322,0
2016-08-26,12.594,12.643,12.445,12.445,7433,0
2016-08-29,12.455,12.505,12.455,12.495,1333,0
2016-08-30,12.495,12.495,12.445,12.451,935,0
2016-08-31,12.435,12.445,12.386,12.403,3830,0
2016-09-01,12.405,12.405,12.405,12.405,292,0
2016-09-02,12.435,12.554,12.435,12.524,3652,0
2016-09-06,12.524,12.673,12.524,12.673,1876,0
2016-09-07,12.663,12.663,12.663,12.663,124,0
2016-09-08,12.667,12.667,12.614,12.614,2975,0
2016-09-09,12.534,12.534,12.336,12.435,24094,0
2016-09-12,12.296,12.396,12.296,12.346,484,0
2016-09-13,12.356,12.356,12.178,12.178,4222,0
2016-09-14,12.227,12.227,12.227,12.227,222,0
2016-09-15,12.148,12.386,12.148,12.386,2231,0
2016-09-16,12.207,12.296,12.207,12.247,1043,0
2016-09-19,12.316,12.455,12.287,12.435,8829,0
2016-09-20,12.485,12.485,12.386,12.475,1611,0
2016-09-21,12.465,12.614,12.465,12.554,7545,0
2016-09-22,12.584,12.752,12.564,12.752,6530,0
2016-09-23,12.54,12.594,12.519,12.554,7611,0
2016-09-26,12.247,12.673,12.247,12.505,3739,0
2016-09-27,12.554,12.643,12.554,12.633,5321,0
2016-09-28,12.614,12.624,12.584,12.614,8244,0
2016-09-29,12.633,12.663,12.505,12.505,32179,0
2016-09-30,12.465,12.524,12.455,12.524,4374,0
2016-10-03,12.505,12.527,12.505,12.527,397,0
2016-10-04,12.584,12.596,12.514,12.518,3158,0
2016-10-05,12.614,12.614,12.564,12.564,6749,0
2016-10-06,12.515,12.551,12.505,12.505,13021,0
2016-10-07,12.445,12.514,12.356,12.51,26959,0
2016-10-10,12.376,12.653,12.376,12.653,3234,0
2016-10-11,12.425,12.425,12.267,12.267,4664,0
2016-10-12,12.32,12.32,12.26,12.26,1403,0
2016-10-13,12.108,12.118,12.073,12.108,9275,0
2016-10-14,12.187,12.277,12.178,12.277,24245,0
2016-10-17,12.227,12.231,12.168,12.231,3037,0
2016-10-18,12.287,12.386,12.197,12.386,25320,0
2016-10-21,12.227,12.366,12.227,12.336,6380,0
2016-10-24,12.346,12.386,12.346,12.386,1519,0
2016-10-25,12.293,12.396,11.742,12.356,17484,0
2016-10-26,12.277,12.287,12.247,12.247,3025,0
2016-10-27,12.257,12.257,12.257,12.257,402,0
2016-10-28,12.267,12.277,12.138,12.138,6948,0
2016-10-31,12.069,12.217,12.069,12.217,11704,0
2016-11-01,12.187,12.187,12.148,12.148,7247,0
2016-11-02,12.138,12.138,12.029,12.098,8007,0
2016-11-03,12.074,12.098,11.95,11.95,8150,0
2016-11-04,11.807,11.859,11.807,11.859,2360,0
2016-11-07,11.88,12.104,11.88,12.069,12718,0
2016-11-08,11.93,12.108,11.93,11.981,7761,0
2016-11-09,11.821,11.87,11.682,11.702,19848,0
2016-11-10,11.457,11.553,11.444,11.524,16959,0
2016-11-11,11.266,11.361,11.164,11.266,14575,0
2016-11-14,11.276,11.375,10.939,11.118,14804,0
2016-11-15,11.147,11.365,11.147,11.365,3655,0
2016-11-16,11.187,11.226,11.127,11.216,5897,0
2016-11-18,11.207,11.271,11.137,11.266,3427,0
2016-11-21,11.194,11.194,11.194,11.194,254,0
2016-11-22,11.286,11.335,11.094,11.094,4988,0
2016-11-23,11.316,11.325,11.048,11.325,2565,0
2016-11-25,11.058,11.271,11.058,11.187,13788,0
2016-11-28,11.127,11.236,11.127,11.167,11947,0
2016-11-29,11.113,11.226,11.107,11.167,9703,0
2016-11-30,11.226,11.266,11.157,11.246,41561,0
2016-12-01,11.206,11.236,11.137,11.166,10663,0
2016-12-02,11.167,11.167,11.068,11.068,6606,0
2016-12-05,11.098,11.167,10.939,11.167,33251,0
2016-12-06,11.167,11.216,11.127,11.167,14877,0
2016-12-07,11.187,11.296,11.187,11.286,8994,0
2016-12-08,11.207,11.375,11.177,11.177,10888,0
2016-12-09,11.246,11.276,11.207,11.214,8598,0
2016-12-12,11.179,11.226,11.162,11.226,9425,0
2016-12-13,11.283,11.303,11.276,11.303,2387,0
2016-12-14,11.177,11.226,11.127,11.137,12993,0
2016-12-15,11.039,11.166,11.039,11.137,5868,0
2016-12-16,11.046,11.098,11.046,11.078,2632,0
2016-12-19,11.098,11.098,11.078,11.098,6177,0
2016-12-20,11.068,11.119,11.048,11.109,3015,0
2016-12-21,11.147,11.147,11.038,11.058,5625,0
2016-12-22,11.018,11.078,10.8,10.8,10937,0
2016-12-23,10.88,11.008,10.83,10.83,15130,0
2016-12-27,10.8,10.899,10.8,10.899,62185,0
2016-12-28,10.899,11.018,10.899,11.018,8330,0
2016-12-29,11.038,11.187,11.038,11.187,18263,0
2016-12-30,11.167,11.167,11.117,11.147,12304,0
2017-01-03,11.058,11.286,11.058,11.246,5102,0
2017-01-04,11.335,11.345,11.335,11.345,1176,0
2017-01-05,11.415,11.415,11.385,11.396,786,0
2017-01-06,11.355,11.355,11.345,11.355,2225,0
2017-01-09,11.355,11.36,11.325,11.338,14011,0
2017-01-10,11.375,11.375,11.296,11.304,16284,0
2017-01-11,11.345,11.395,11.197,11.395,317094,0
2017-01-12,11.444,11.444,11.365,11.444,11738,0
2017-01-13,11.355,11.395,11.325,11.325,15439,0
2017-01-17,11.296,11.385,11.296,11.385,10396,0
2017-01-18,11.395,11.401,11.334,11.334,12161,0
2017-01-19,11.345,11.365,11.296,11.333,13383,0
2017-01-20,11.385,11.434,11.308,11.434,10107,0
2017-01-23,11.385,11.563,11.385,11.504,17996,0
2017-01-24,11.553,11.643,11.553,11.603,8559,0
2017-01-25,11.682,11.722,11.682,11.722,1902,0
2017-01-26,11.652,11.722,11.603,11.692,7489,0
2017-01-27,11.455,11.692,11.455,11.633,1685,0
2017-01-30,11.514,11.573,11.494,11.494,15636,0
2017-01-31,11.494,11.593,11.474,11.593,115858,0
2017-02-01,11.656,11.727,11.633,11.722,23666,0
2017-02-02,11.692,11.776,11.623,11.712,27903,0
2017-02-03,11.794,11.821,11.692,11.821,22706,0
2017-02-06,11.751,11.821,11.682,11.742,65714,0
2017-02-07,11.793,11.793,11.742,11.784,54911,0
2017-02-08,11.791,11.851,11.742,11.851,3099,0
2017-02-09,11.903,11.911,11.89,11.906,4394,0
2017-02-10,12.366,12.366,11.885,11.91,37771,0
2017-02-13,12.009,12.049,11.979,12.011,18451,0
2017-02-14,12.039,12.049,11.87,11.94,34465,0
2017-02-15,11.93,11.989,11.88,11.989,62997,0
2017-02-16,12.069,12.069,11.87,11.891,76396,0
2017-02-17,11.801,11.9,11.791,11.88,30789,0
2017-02-21,11.831,12.068,11.831,11.989,24864,0
2017-02-22,12.019,12.088,11.95,12.078,31523,0
2017-02-23,12.126,12.158,12.088,12.118,17881,0
2017-02-24,12.059,12.108,11.989,12.069,28519,0
2017-02-27,12.039,12.098,11.999,12.05,45015,0
2017-02-28,11.969,12.024,11.89,11.969,53162,0
2017-03-01,11.94,12.039,11.93,12.039,105121,0
2017-03-02,11.979,12.015,11.923,11.96,23649,0
2017-03-03,11.96,12.011,11.96,12.01,12255,0
2017-03-06,12.009,12.029,11.989,12.029,8995,0
2017-03-07,12.039,12.07,12.039,12.039,10847,0
2017-03-08,12.039,12.059,11.979,11.979,69296,0
2017-03-09,12.029,12.029,11.87,11.95,115253,0
2017-03-10,11.94,12.039,11.94,11.979,11971,0
2017-03-13,12.069,12.168,12.059,12.148,23142,0
2017-03-14,12.148,12.148,12.059,12.078,18770,0
2017-03-15,12.088,12.366,12.083,12.327,22651,0
2017-03-16,12.346,12.386,12.336,12.346,33260,0
2017-03-17,12.356,12.405,12.346,12.405,8437,0
2017-03-20,12.433,12.614,12.433,12.594,25325,0
2017-03-21,12.495,12.703,12.426,12.514,5247,0
2017-03-22,12.505,12.505,12.425,12.455,8616,0
2017-03-23,12.485,12.524,12.47,12.524,8103,0
2017-03-24,12.523,12.584,12.523,12.529,2582,0
2017-03-27,12.435,12.604,12.435,12.604,9789,0
2017-03-28,12.554,12.841,12.554,12.821,36214,0
2017-03-29,12.782,12.931,12.782,12.89,13759,0
2017-03-30,12.901,12.95,12.861,12.95,4854,0
2017-03-31,12.901,13.079,12.901,12.921,2810,0
2017-04-03,12.901,13.763,12.901,13.248,31628,0
2017-04-04,13.198,13.258,13.198,13.248,3167,0
2017-04-05,13.268,13.357,13.198,13.198,7724,0
2017-04-06,13.198,13.376,13.198,13.292,13483,0
2017-04-07,13.268,13.297,13.238,13.281,2408,0
2017-04-10,13.376,13.446,13.199,13.446,5562,0
2017-04-11,13.317,13.367,13.248,13.317,6591,0
2017-04-12,13.376,13.402,13.327,13.357,15147,0
2017-04-13,13.376,13.432,13.238,13.238,13167,0
2017-04-17,13.198,13.366,13.198,13.337,12277,0
2017-04-18,13.416,13.416,13.258,13.258,14986,0
2017-04-19,13.297,13.329,13.01,13.099,13525,0
2017-04-20,13.198,13.347,13.198,13.347,17324,0
2017-04-21,13.367,13.367,13.327,13.349,7810,0
2017-04-24,13.367,13.406,13.357,13.376,87903,0
2017-04-25,13.386,13.466,13.376,13.386,2936,0
2017-04-26,13.406,13.485,13.406,13.406,7547,0
2017-04-27,13.416,13.416,13.357,13.386,1278,0
2017-04-28,13.406,13.505,13.396,13.505,3808,0
2017-05-01,13.485,13.743,13.463,13.743,3836,0
2017-05-02,13.643,13.708,13.633,13.708,1886,0
2017-05-03,13.703,13.713,13.604,13.713,12415,0
2017-05-04,13.644,13.644,13.476,13.476,2522,0
2017-05-05,13.437,13.54,13.436,13.525,15249,0
2017-05-08,13.545,13.545,13.426,13.446,4972,0
2017-05-09,13.605,13.674,13.605,13.654,4878,0
2017-05-10,13.684,13.713,13.641,13.664,6221,0
2017-05-11,13.674,13.753,13.67,13.743,7363,0
2017-05-12,13.743,13.763,13.703,13.763,2666,0
2017-05-15,13.773,13.842,13.773,13.842,4062,0
2017-05-16,13.872,13.872,13.783,13.822,15684,0
2017-05-17,13.763,13.78,13.697,13.723,8872,0
2017-05-18,13.555,13.634,13.476,13.634,4694,0
2017-05-19,13.565,13.803,13.565,13.685,4196,0
2017-05-22,13.586,13.812,13.586,13.743,5216,0
2017-05-23,13.703,13.703,13.674,13.694,496,0
2017-05-24,13.694,13.694,13.693,13.693,1591,0
2017-05-25,13.585,13.872,13.585,13.872,16284,0
2017-05-30,13.713,13.713,13.713,13.713,152,0
2017-05-31,13.684,13.686,13.614,13.663,6421,0
2017-06-01,13.575,13.713,13.555,13.713,24250,0
2017-06-02,13.821,13.821,13.821,13.821,106,0
2017-06-05,13.703,13.809,13.703,13.763,2564,0
2017-06-06,13.802,13.802,13.753,13.753,1275,0
2017-06-07,13.79,13.79,13.704,13.713,1276,0
2017-06-08,13.773,13.802,13.684,13.802,2758,0
2017-06-09,13.743,13.792,13.705,13.723,2098,0
2017-06-12,13.743,13.743,13.694,13.703,1701,0
2017-06-13,13.743,13.773,13.713,13.773,7636,0
2017-06-14,13.765,13.793,13.723,13.787,5600,0
2017-06-15,13.684,13.684,13.585,13.659,1844,0
2017-06-16,13.565,13.773,13.565,13.75,5177,0
2017-06-19,13.753,13.852,13.753,13.822,2024,0
2017-06-20,13.703,13.753,13.684,13.753,1788,0
2017-06-21,13.862,13.862,13.783,13.852,2626,0
2017-06-22,13.803,13.941,13.803,13.912,10144,0
2017-06-23,13.872,13.912,13.872,13.908,2663,0
2017-06-26,13.951,13.951,13.917,13.951,1981,0
2017-06-27,13.803,13.812,13.793,13.793,2152,0
2017-06-28,13.773,13.822,13.773,13.822,3219,0
2017-06-29,13.862,13.862,13.723,13.733,4483,0
2017-06-30,13.713,13.713,13.649,13.681,927,0
2017-07-03,13.644,13.703,13.644,13.669,9870,0
2017-07-05,12.941,13.713,12.584,13.713,46847,0
2017-07-06,13.614,13.664,13.545,13.664,14377,0
2017-07-07,13.664,13.664,13.664,13.664,781,0
2017-07-10,13.763,13.862,13.763,13.862,1109,0
2017-07-11,13.694,13.872,13.694,13.872,855,0
2017-07-12,14.526,14.526,13.839,14.03,5251,0
2017-07-13,13.862,13.956,13.862,13.931,1070,0
2017-07-14,13.941,14.06,13.941,14.06,1413,0
2017-07-17,13.904,14.1,13.904,14.1,3226,0
2017-07-18,13.975,14.037,13.975,14.011,1259,0
2017-07-19,14.09,14.169,14.06,14.08,22595,0
2017-07-20,14.16,14.1791,14.01,14.04,12269,0
2017-07-21,14.03,14.17,13.96,14.17,4476,0
2017-07-24,14.0,14.09,14.0,14.09,2791,0
2017-07-25,13.87,14.2084,13.87,14.0896,5911,0
2017-07-26,14.08,14.19,14.08,14.1704,4708,0
2017-07-27,14.09,14.179,14.04,14.179,6810,0
2017-07-28,14.1,14.45,14.1,14.45,2996,0
2017-07-31,14.3,14.3,14.1892,14.3,3733,0
2017-08-01,14.28,14.3,14.21,14.21,3751,0
2017-08-02,14.25,14.25,14.15,14.1977,3101,0
2017-08-03,14.1606,14.1606,14.1606,14.1606,210,0
2017-08-04,14.194,14.2049,14.17,14.186,2017,0
2017-08-07,14.18,14.2,14.17,14.171,7800,0
2017-08-08,13.93,14.24,13.93,14.13,5020,0
2017-08-09,14.12,14.12,13.83,13.83,3209,0
2017-08-10,13.6,13.7938,13.6,13.68,6837,0
2017-08-11,13.69,13.74,13.66,13.74,2947,0
2017-08-14,12.76,13.77,12.76,13.66,16656,0
2017-08-15,13.41,14.25,13.41,13.76,5840,0
2017-08-16,13.84,13.8444,13.63,13.63,420,0
2017-08-17,13.83,13.83,13.73,13.75,8907,0
2017-08-18,13.78,13.8288,13.7,13.821,4634,0
2017-08-21,14.14,14.14,13.8301,13.8448,1683,0
2017-08-22,13.92,13.987,13.92,13.9774,2982,0
2017-08-23,13.8,14.14,13.8,14.13,2623,0
2017-08-24,13.83,14.086,13.83,13.84,2503,0
2017-08-25,13.87,14.13,13.86,14.0726,2351,0
2017-08-29,13.8937,13.929,13.8384,13.929,830,0
2017-08-30,13.9347,14.28,13.9347,14.2,6724,0
2017-08-31,14.1,14.1719,14.049,14.1719,1892,0
2017-09-01,14.1893,14.2236,14.1893,14.22,1007,0
2017-09-05,14.22,14.22,13.89,13.89,3785,0
2017-09-06,14.021,14.05,14.0001,14.0292,2069,0
2017-09-07,14.0002,14.32,14.0002,14.31,21499,0
2017-09-08,14.3,14.36,14.2561,14.35,9334,0
2017-09-11,14.75,14.75,14.512,14.54,2735,0
2017-09-12,14.38,14.52,14.2634,14.48,3764,0
2017-09-13,14.73,14.73,14.53,14.53,1202,0
2017-09-14,14.31,14.4,14.15,14.15,2024,0
2017-09-15,14.1361,14.2,14.13,14.13,11652,0
2017-09-18,14.22,14.2599,14.12,14.2037,10564,0
2017-09-19,14.1307,14.28,14.1307,14.2,11264,0
2017-09-20,14.22,14.23,14.18,14.1988,2395,0
2017-09-21,14.2,14.3,14.2,14.3,4673,0
2017-09-22,14.24,14.3,14.208,14.2715,8435,0
2017-09-25,14.15,14.2705,14.105,14.19,8084,0
2017-09-26,14.02,14.14,14.02,14.1162,6537,0
2017-09-27,14.02,14.11,14.01,14.03,2156,0
2017-09-28,13.771,13.771,13.771,13.771,460,0
2017-09-29,14.01,14.01,13.7284,13.968,2123,0
2017-10-02,13.793,14.11,13.793,13.94,9835,0
2017-10-03,13.88,14.26,13.88,14.24,18793,0
2017-10-04,14.25,14.32,14.23,14.31,14309,0
2017-10-05,14.58,15.04,14.58,14.87,66373,0
2017-10-06,14.79,14.84,14.71,14.71,10516,0
2017-10-09,14.65,14.67,14.61,14.61,6585,0
2017-10-10,14.65,14.73,14.64,14.65,10404,0
2017-10-11,14.65,14.7015,14.62,14.68,14047,0
2017-10-12,14.65,14.7325,14.65,14.6996,2744,0
2017-10-13,14.76,14.7718,14.72,14.74,35780,0
2017-10-16,14.74,14.74,14.69,14.7,19185,0
2017-10-17,14.64,14.6834,14.64,14.6568,6028,0
2017-10-18,14.72,14.72,14.6501,14.68,35554,0
2017-10-20,14.6453,14.65,14.619,14.62,1983,0
2017-10-23,14.64,14.64,14.55,14.57,7407,0
2017-10-24,14.5434,14.5784,14.5,14.5577,2484,0
2017-10-25,14.59,14.59,14.45,14.4775,4819,0
2017-10-26,14.48,14.48,14.4552,14.46,13855,0
2017-10-27,14.43,14.4863,14.425,14.43,13185,0
2017-10-30,14.47,14.47,14.41,14.42,7571,0
2017-10-31,14.4201,14.44,14.42,14.43,8065,0
2017-11-01,14.51,14.53,14.43,14.43,14736,0
2017-11-02,14.42,14.44,14.42,14.4356,1700,0
2017-11-03,14.391,14.4092,14.37,14.384,4743,0
2017-11-06,14.3998,14.4802,14.39,14.44,62423,0
2017-11-07,14.44,14.44,14.4,14.4,6722,0
2017-11-08,14.34,14.4352,14.34,14.3781,6304,0
2017-11-09,14.33,14.3737,14.28,14.32,18761,0
2017-11-10,14.25,14.3,14.24,14.3,10658,0
