Date,Open,High,Low,Close,Volume,OpenInt
2014-01-02,53.7,54.0,52.92,53.98,235763,0
2014-01-03,54.02,54.03,52.68,53.03,292223,0
2014-01-06,53.02,53.28,52.6,52.71,207679,0
2014-01-07,52.77,53.61,52.71,52.81,166330,0
2014-01-08,52.75,52.9,51.98,52.09,214626,0
2014-01-09,52.15,52.52,51.65,51.87,128160,0
2014-01-10,52.01,52.02,51.01,51.43,140892,0
2014-01-13,51.01,51.53,49.72,49.81,232601,0
2014-01-14,50.16,51.42,49.72,51.42,194512,0
2014-01-15,51.3,51.3,48.37,48.5,1065025,0
2014-01-16,48.12,49.19,47.67,48.98,510813,0
2014-01-17,49.06,49.5,48.91,49.44,277164,0
2014-01-21,49.69,49.7,48.84,49.28,288349,0
2014-01-22,49.22,50.17,48.72,49.92,429801,0
2014-01-23,49.67,50.27,49.11,49.37,266171,0
2014-01-24,49.63,49.63,47.85,47.95,276878,0
2014-01-27,48.04,48.44,46.19,46.81,400173,0
2014-01-28,46.83,47.44,46.08,46.86,377794,0
2014-01-29,46.48,47.07,46.09,46.15,610697,0
2014-01-30,46.37,48.02,46.3,47.7,533391,0
2014-01-31,46.77,47.57,46.41,47.02,303376,0
2014-02-03,47.09,47.61,45.31,45.42,584153,0
2014-02-04,47.6,51.44,47.49,49.11,730065,0
2014-02-05,49.57,49.6,47.61,49.22,448818,0
2014-02-06,49.53,50.71,49.15,50.35,339917,0
2014-02-07,50.3,51.28,50.06,50.13,197259,0
2014-02-10,50.13,50.19,49.13,49.45,210115,0
2014-02-11,49.55,49.9,48.86,49.1,210085,0
2014-02-12,49.27,49.52,48.04,48.19,385235,0
2014-02-13,47.9,49.27,47.57,49.04,488046,0
2014-02-14,48.97,49.57,48.02,49.26,314096,0
2014-02-18,49.35,49.35,48.43,49.03,237999,0
2014-02-19,48.92,49.79,48.52,49.08,222871,0
2014-02-20,49.01,49.55,48.47,48.89,145156,0
2014-02-21,49.03,49.03,48.39,48.44,189394,0
2014-02-24,48.55,48.64,48.04,48.05,278080,0
2014-02-25,48.08,49.37,47.82,49.08,386680,0
2014-02-26,49.34,51.03,49.32,50.41,318802,0
2014-02-27,50.36,51.38,50.19,51.37,181191,0
2014-02-28,51.45,51.91,50.39,50.84,193330,0
2014-03-03,50.5,51.17,50.06,50.78,353062,0
2014-03-04,51.26,53.39,50.73,53.13,548139,0
2014-03-05,53.06,53.39,52.4,52.82,262522,0
2014-03-06,52.96,54.13,52.96,53.98,343638,0
2014-03-07,54.41,55.09,54.16,54.88,368017,0
2014-03-10,54.72,55.22,54.37,55.02,279975,0
2014-03-11,54.9,54.94,53.39,53.48,338712,0
2014-03-12,53.14,53.22,52.74,53.0,150537,0
2014-03-13,53.19,53.19,51.32,51.48,203645,0
2014-03-14,51.22,52.06,51.22,51.55,219221,0
2014-03-17,51.96,52.79,51.96,52.78,167916,0
2014-03-18,52.76,54.0,52.69,53.97,174286,0
2014-03-19,53.98,53.99,53.47,53.75,169623,0
2014-03-20,53.58,54.03,53.5,53.91,91198,0
2014-03-21,54.27,55.1,53.96,55.05,318449,0
2014-03-24,55.33,55.73,54.82,55.42,506883,0
2014-03-25,55.87,56.26,54.4,55.11,381100,0
2014-03-26,55.4,55.61,54.33,54.75,444100,0
2014-03-27,54.7,55.37,53.85,54.23,488924,0
2014-03-28,54.09,55.35,53.53,54.13,543982,0
2014-03-31,54.46,55.74,54.05,55.31,524023,0
2014-04-01,55.56,56.87,55.56,56.51,245327,0
2014-04-02,56.76,57.56,56.53,57.5,368420,0
2014-04-03,57.52,58.83,57.27,57.67,373291,0
2014-04-04,57.88,58.08,56.32,56.66,214193,0
2014-04-07,56.47,56.63,54.6,55.22,409545,0
2014-04-08,55.27,56.5,55.27,55.58,280702,0
2014-04-09,55.51,56.48,54.93,56.29,166922,0
2014-04-10,56.35,56.35,54.39,54.9,209993,0
2014-04-11,54.2,54.48,52.98,53.15,356073,0
2014-04-14,53.53,54.47,53.25,53.51,252375,0
2014-04-15,53.65,54.45,52.88,53.79,292683,0
2014-04-16,54.26,55.15,54.17,54.88,164617,0
2014-04-17,54.85,55.73,54.85,55.03,160887,0
2014-04-21,55.04,55.27,54.56,55.0,155835,0
2014-04-22,55.03,55.29,54.51,54.93,241626,0
2014-04-23,58.48,59.4,56.64,57.48,720656,0
2014-04-24,58.97,60.56,58.7,60.09,408023,0
2014-04-25,59.97,60.12,58.67,59.51,347577,0
2014-04-28,60.07,61.44,58.93,59.8,343861,0
2014-04-29,60.17,61.08,59.56,60.71,287899,0
2014-04-30,60.5,61.91,59.36,61.74,343307,0
2014-05-01,61.66,62.45,61.09,62.44,377876,0
2014-05-02,62.65,63.83,62.57,63.13,431484,0
2014-05-05,62.86,63.29,61.77,62.77,179888,0
2014-05-06,62.85,62.91,61.2,61.5,281479,0
2014-05-07,61.77,62.01,60.17,61.22,264315,0
2014-05-08,61.11,63.54,61.1,61.36,274253,0
2014-05-09,61.53,63.03,61.22,62.85,314111,0
2014-05-12,63.13,65.01,63.13,64.66,565904,0
2014-05-13,64.5,65.38,63.43,63.44,370048,0
2014-05-14,63.41,63.75,62.8,62.94,303558,0
2014-05-15,62.54,62.97,61.82,62.47,403595,0
2014-05-16,62.32,62.99,62.11,62.77,386366,0
2014-05-19,62.64,63.58,62.35,63.18,221795,0
2014-05-20,63.09,63.3,62.44,63.04,348542,0
2014-05-21,63.46,64.18,62.94,63.92,205391,0
2014-05-22,64.42,64.87,63.63,63.84,207023,0
2014-05-23,63.65,64.19,63.52,64.05,284048,0
2014-05-27,64.6,65.6,64.18,64.88,312918,0
2014-05-28,64.79,64.98,64.32,64.35,175821,0
2014-05-29,64.47,64.71,63.72,64.63,143282,0
2014-05-30,64.77,65.02,64.44,64.64,125107,0
2014-06-02,64.98,64.98,63.82,64.4,180522,0
2014-06-03,64.43,66.65,64.42,66.2,320151,0
2014-06-04,65.85,66.42,65.14,65.85,270569,0
2014-06-05,66.17,66.2,64.96,65.78,213692,0
2014-06-06,65.98,66.46,65.43,65.51,236473,0
2014-06-09,65.58,65.92,64.79,65.24,272929,0
2014-06-10,65.18,65.86,64.86,65.5,225300,0
2014-06-11,65.29,65.29,64.18,64.62,203202,0
2014-06-12,64.43,64.52,62.13,62.44,422899,0
2014-06-13,62.66,62.84,61.65,62.28,174101,0
2014-06-16,62.1,63.3,62.04,63.14,648071,0
2014-06-17,63.2,64.52,62.91,63.66,179632,0
2014-06-18,63.63,64.67,63.24,64.58,175449,0
2014-06-19,64.58,64.95,64.5,64.7,147238,0
2014-06-20,65.31,66.13,64.99,65.75,497333,0
2014-06-23,65.75,66.38,65.6,66.1,194361,0
2014-06-24,65.8,66.74,65.54,65.63,237372,0
2014-06-25,65.25,66.54,65.1,66.38,154827,0
2014-06-26,66.3,67.04,65.44,66.74,146045,0
2014-06-27,66.28,68.29,66.28,68.01,352822,0
2014-06-30,67.75,69.42,67.34,68.74,405529,0
2014-07-01,68.72,70.42,68.51,69.38,444883,0
2014-07-02,69.45,70.22,69.08,70.19,150000,0
2014-07-03,70.56,71.31,70.47,71.05,108773,0
2014-07-07,70.78,71.36,70.62,70.89,201195,0
2014-07-08,70.54,71.58,69.93,71.02,304556,0
2014-07-09,70.96,71.42,70.89,71.12,136342,0
2014-07-10,69.88,71.4,69.55,71.01,173884,0
2014-07-11,70.76,71.28,70.51,71.13,165719,0
2014-07-14,71.68,72.17,71.08,71.34,156463,0
2014-07-15,71.63,71.94,70.81,71.29,220531,0
2014-07-16,71.4,71.77,70.9,71.36,167936,0
2014-07-17,70.8,71.12,69.06,69.26,239833,0
2014-07-18,69.41,71.2,68.76,71.15,213205,0
2014-07-21,70.8,71.1,69.8,70.78,180219,0
2014-07-22,72.89,73.35,69.3,70.78,526305,0
2014-07-23,71.33,71.52,70.04,70.34,215172,0
2014-07-24,70.69,72.11,70.2,71.86,559963,0
2014-07-25,71.48,71.79,70.36,70.66,324886,0
2014-07-28,70.98,71.0,69.58,69.97,170826,0
2014-07-29,69.96,70.22,69.33,69.34,125307,0
2014-07-30,69.65,69.9,68.64,69.26,243437,0
2014-07-31,68.51,68.71,67.36,67.53,204836,0
2014-08-01,67.66,68.56,67.66,68.05,255980,0
2014-08-04,68.46,69.28,68.25,68.68,178852,0
2014-08-05,68.37,69.37,67.85,68.39,124845,0
2014-08-06,67.85,69.41,67.85,68.08,251031,0
2014-08-07,68.49,68.76,66.32,66.67,284004,0
2014-08-08,66.63,67.55,66.38,67.41,254556,0
2014-08-11,67.46,69.5,67.46,69.28,175163,0
2014-08-12,69.21,69.7,68.5,68.93,108452,0
2014-08-13,69.06,70.24,68.57,70.04,134170,0
2014-08-14,70.42,70.84,70.15,70.41,110792,0
2014-08-15,70.99,70.99,68.8,69.2,203201,0
2014-08-18,69.79,70.2,68.99,69.49,173362,0
2014-08-19,69.87,70.14,69.25,69.4,187700,0
2014-08-20,69.3,69.77,68.61,69.3,124205,0
2014-08-21,69.29,69.63,68.36,68.78,227387,0
2014-08-22,68.86,69.16,67.9,68.18,199251,0
2014-08-25,68.67,69.01,67.93,68.88,216029,0
2014-08-26,69.03,69.94,68.96,69.75,138279,0
2014-08-27,69.65,70.11,69.56,69.81,141267,0
2014-08-28,69.48,69.73,68.38,69.48,97079,0
2014-08-29,69.66,70.03,69.14,69.68,84755,0
2014-09-02,70.03,71.43,70.03,71.14,170940,0
2014-09-03,71.64,72.37,71.25,71.99,256621,0
2014-09-04,72.06,72.96,71.68,71.82,286523,0
2014-09-05,71.57,72.37,71.03,71.94,151143,0
2014-09-08,71.81,72.09,70.49,71.4,241992,0
2014-09-09,71.25,71.64,69.46,69.52,310647,0
2014-09-10,69.44,69.66,68.34,69.0,322253,0
2014-09-11,68.44,69.29,68.38,69.03,173466,0
2014-09-12,68.8,68.8,66.73,67.11,406905,0
2014-09-15,67.03,67.55,65.61,65.67,324846,0
2014-09-16,65.31,66.52,65.0,66.4,284644,0
2014-09-17,66.42,67.12,66.25,66.57,284969,0
2014-09-18,66.68,67.4,66.37,66.47,197832,0
2014-09-19,66.5,66.67,65.37,65.37,281691,0
2014-09-22,65.55,67.16,65.22,66.84,697368,0
2014-09-23,66.25,67.36,64.42,64.46,866812,0
2014-09-24,64.67,64.84,63.77,64.65,425333,0
2014-09-25,64.38,65.31,63.93,65.19,582509,0
2014-09-26,65.25,65.61,64.51,65.35,231622,0
2014-09-29,64.69,66.11,64.63,65.7,459845,0
2014-09-30,65.82,65.85,64.2,64.42,352674,0
2014-10-01,63.85,64.65,63.04,63.2,385078,0
2014-10-02,63.83,67.36,63.83,65.47,604311,0
2014-10-03,66.15,68.87,65.52,68.75,646255,0
2014-10-06,68.94,70.1,67.63,68.05,289189,0
2014-10-07,67.52,67.52,65.58,65.95,171664,0
2014-10-08,65.95,67.93,65.45,67.87,182232,0
2014-10-09,67.87,68.17,66.22,66.35,160509,0
2014-10-10,66.19,67.97,66.0,67.12,414080,0
2014-10-13,65.4,65.4,61.32,62.04,1654564,0
2014-10-14,62.36,64.74,60.63,63.87,879330,0
2014-10-15,62.73,65.24,62.22,65.21,519950,0
2014-10-16,64.13,65.01,63.43,63.96,471696,0
2014-10-17,64.84,66.37,64.05,65.19,602591,0
2014-10-20,65.28,67.18,64.76,65.3,730798,0
2014-10-21,67.12,67.35,62.79,64.92,889652,0
2014-10-22,63.35,64.72,61.31,61.46,695595,0
2014-10-23,62.38,66.37,62.09,64.98,825119,0
2014-10-24,65.18,67.19,64.52,66.56,513354,0
2014-10-27,66.55,66.9,66.03,66.3,278873,0
2014-10-28,66.86,69.67,66.42,69.35,515342,0
2014-10-29,69.56,69.7,67.83,68.28,304505,0
2014-10-30,68.24,69.71,67.94,69.4,405070,0
2014-10-31,70.89,71.37,69.09,70.04,399468,0
2014-11-03,70.39,71.09,70.1,70.53,345802,0
2014-11-04,70.47,71.1,68.7,68.93,401360,0
2014-11-05,69.66,71.08,69.66,70.89,348472,0
2014-11-06,70.76,73.09,70.76,72.82,396427,0
2014-11-07,72.67,74.0,72.5,73.63,554591,0
2014-11-10,73.7,74.08,72.43,73.54,312423,0
2014-11-11,73.42,74.73,73.37,73.87,227077,0
2014-11-12,73.73,76.33,73.73,76.0,347022,0
2014-11-13,76.17,76.17,74.04,74.44,296077,0
2014-11-14,74.27,74.55,73.59,74.01,243349,0
2014-11-17,73.72,74.58,72.81,73.2,250554,0
2014-11-18,73.29,74.77,73.12,73.7,254447,0
2014-11-19,73.9,74.37,73.01,73.93,173598,0
2014-11-20,73.49,74.3,73.2,73.86,227776,0
2014-11-21,75.33,75.45,74.0,74.67,269610,0
2014-11-24,74.77,75.81,74.62,74.92,236893,0
2014-11-25,75.28,76.58,75.07,75.53,212335,0
2014-11-26,75.49,76.17,75.07,75.77,274379,0
2014-11-28,76.07,77.36,75.6,75.71,205898,0
2014-12-01,75.47,76.21,74.65,74.75,276637,0
2014-12-02,74.75,76.49,74.75,75.7,368210,0
2014-12-03,75.72,77.59,75.56,76.93,350966,0
2014-12-04,76.76,77.8,76.25,77.2,258333,0
2014-12-05,77.18,78.3,76.68,76.95,203415,0
2014-12-08,76.52,77.24,75.64,76.23,270567,0
2014-12-09,75.18,76.78,74.79,76.7,264804,0
2014-12-10,76.53,77.81,75.56,75.59,418760,0
2014-12-11,76.33,77.65,75.06,75.36,391170,0
2014-12-12,74.5,75.69,74.27,74.64,413565,0
2014-12-15,75.76,76.11,74.48,74.99,320751,0
2014-12-16,74.42,75.67,73.13,73.17,465844,0
2014-12-17,73.1,75.03,73.1,74.85,683215,0
2014-12-18,76.06,76.18,74.16,75.0,466342,0
2014-12-19,75.25,76.13,74.99,75.53,699590,0
2014-12-22,75.5,76.51,75.2,75.41,618832,0
2014-12-23,76.23,77.72,75.93,76.69,718333,0
2014-12-24,77.07,77.65,76.85,77.12,257649,0
2014-12-26,77.67,78.28,77.04,77.56,148126,0
2014-12-29,77.57,78.73,77.02,77.54,271874,0
2014-12-30,77.49,77.5,76.85,76.86,266604,0
2014-12-31,77.05,77.68,75.88,75.92,340469,0
2015-01-02,76.59,77.12,74.77,76.09,330797,0
2015-01-05,75.67,75.77,73.37,74.0,381825,0
2015-01-06,72.82,74.13,71.78,72.69,453562,0
2015-01-07,73.81,75.04,72.67,75.01,458054,0
2015-01-08,75.78,76.68,75.03,75.5,339385,0
2015-01-09,75.29,75.44,74.35,74.45,207057,0
2015-01-12,74.45,74.46,72.95,73.67,349414,0
2015-01-13,74.39,75.09,72.52,72.93,300876,0
2015-01-14,71.89,72.62,70.7,72.23,372668,0
2015-01-15,72.23,72.36,70.1,70.12,440452,0
2015-01-16,69.27,71.04,69.12,70.79,557279,0
2015-01-20,70.95,71.44,70.2,70.68,362583,0
2015-01-21,70.38,72.07,70.26,71.87,269886,0
2015-01-22,72.26,74.24,71.99,74.04,289041,0
2015-01-23,74.03,75.03,74.03,74.73,214408,0
2015-01-26,75.2,77.68,75.0,77.18,438926,0
2015-01-27,76.45,77.26,75.37,76.51,357102,0
2015-01-28,76.72,78.58,75.57,75.81,514971,0
2015-01-29,76.25,77.41,75.77,77.31,475142,0
2015-01-30,76.58,76.98,74.17,74.21,375249,0
2015-02-02,75.12,76.13,73.33,76.1,336830,0
2015-02-03,77.18,79.17,76.74,78.8,721382,0
2015-02-04,79.75,80.84,77.19,78.48,737722,0
2015-02-05,79.3,79.7,77.65,77.92,457862,0
2015-02-06,77.89,80.06,77.68,79.71,430590,0
2015-02-09,79.5,79.86,78.39,78.69,294599,0
2015-02-10,79.27,79.61,78.28,79.21,306461,0
2015-02-11,79.14,79.73,78.33,78.74,315819,0
2015-02-12,79.12,80.81,78.18,80.36,404634,0
2015-02-13,80.36,80.83,79.52,79.87,202659,0
2015-02-17,79.92,79.99,78.11,78.19,329086,0
2015-02-18,78.04,78.53,77.77,78.51,248865,0
2015-02-19,78.51,79.55,78.09,78.94,181980,0
2015-02-20,78.73,79.0,77.68,78.87,151521,0
2015-02-23,78.83,78.93,77.9,78.53,203842,0
2015-02-24,78.48,78.8,77.2,77.71,239706,0
2015-02-25,77.96,78.49,77.43,77.96,280413,0
2015-02-26,77.76,79.12,77.76,79.02,220981,0
2015-02-27,79.02,79.1,78.02,78.67,213152,0
2015-03-02,78.46,80.01,78.46,79.29,303300,0
2015-03-03,79.28,79.28,77.53,78.27,266000,0
2015-03-04,77.66,78.07,76.19,76.72,312200,0
2015-03-05,77.02,79.16,76.6,78.6,410900,0
2015-03-06,78.0,78.33,75.66,76.29,465700,0
2015-03-09,76.29,76.79,74.74,75.81,423200,0
2015-03-10,75.13,75.47,74.58,75.18,278200,0
2015-03-11,75.26,75.65,74.92,75.43,205200,0
2015-03-12,75.93,77.22,75.51,76.97,242900,0
2015-03-13,77.01,77.24,75.82,76.3,204200,0
2015-03-16,76.6,78.76,76.59,77.9,374700,0
2015-03-17,77.46,78.02,77.26,77.85,196500,0
2015-03-18,77.5,78.69,76.51,78.55,235300,0
2015-03-19,78.3,79.99,78.3,79.48,231200,0
2015-03-20,80.0,80.0,78.33,79.46,516700,0
2015-03-23,79.46,82.3,79.37,81.74,409800,0
2015-03-24,81.68,82.84,81.07,82.14,332100,0
2015-03-25,81.95,82.31,79.95,80.12,288900,0
2015-03-26,79.62,80.8,79.01,80.05,244400,0
2015-03-27,80.03,82.05,79.46,81.54,306800,0
2015-03-30,82.18,83.62,81.58,83.05,243800,0
2015-03-31,82.37,83.48,81.86,83.1,579963,0
2015-04-01,83.07,83.55,81.46,82.26,261600,0
2015-04-02,82.75,84.27,82.75,83.79,306900,0
2015-04-06,83.69,85.16,83.01,85.01,202900,0
2015-04-07,85.15,85.72,84.46,84.81,288878,0
2015-04-08,84.83,85.22,84.08,84.93,196900,0
2015-04-09,84.86,85.95,84.37,84.96,257785,0
2015-04-10,85.49,86.19,85.16,85.48,183900,0
2015-04-13,85.27,85.87,84.83,85.35,213300,0
2015-04-14,85.17,86.05,84.43,85.45,361800,0
2015-04-15,85.77,87.25,85.53,86.38,223947,0
2015-04-16,86.57,86.91,85.72,85.85,158347,0
2015-04-17,85.29,85.59,84.65,85.33,210400,0
2015-04-20,85.74,88.2,85.5,88.05,318543,0
2015-04-21,89.74,89.97,85.57,87.13,422041,0
2015-04-22,87.24,88.79,85.95,86.97,277604,0
2015-04-23,86.99,88.34,86.95,87.59,335700,0
2015-04-24,87.83,88.25,87.01,87.79,241163,0
2015-04-27,88.16,88.5,85.22,86.57,464900,0
2015-04-28,86.49,86.7,84.97,86.64,280700,0
2015-04-29,86.22,87.49,85.55,85.64,379600,0
2015-04-30,85.28,85.7,83.55,84.03,287100,0
2015-05-01,84.08,85.69,84.08,84.97,344700,0
2015-05-04,85.12,85.8,84.93,85.33,286500,0
2015-05-05,85.02,85.98,83.63,83.73,269700,0
2015-05-06,84.33,84.56,82.32,84.2,476798,0
2015-05-07,84.46,85.78,84.25,84.8,382932,0
2015-05-08,85.69,86.74,85.02,85.84,320400,0
2015-05-11,86.05,86.69,85.58,85.65,269900,0
2015-05-12,85.28,85.97,84.41,85.17,260536,0
2015-05-13,85.11,85.79,84.28,84.54,191600,0
2015-05-14,85.18,85.19,83.76,84.54,166900,0
2015-05-15,84.46,84.9,83.92,84.66,197663,0
2015-05-18,84.75,87.03,84.64,86.85,197584,0
2015-05-19,86.96,87.5,86.09,86.42,198880,0
2015-05-20,86.48,87.22,85.72,86.75,132400,0
2015-05-21,86.48,87.17,86.35,86.39,158200,0
2015-05-22,86.36,87.07,85.37,85.87,136500,0
2015-05-26,85.83,86.36,84.82,85.64,252099,0
2015-05-27,85.71,87.16,85.12,86.92,210700,0
2015-05-28,86.91,87.24,86.38,86.71,147683,0
2015-05-29,86.84,87.34,85.1,85.12,306700,0
2015-06-01,85.1,86.95,84.59,85.93,219897,0
2015-06-02,85.36,86.85,85.36,86.12,213878,0
2015-06-03,86.55,87.99,85.98,87.46,202800,0
2015-06-04,86.82,87.86,86.57,87.08,197100,0
2015-06-05,87.09,90.0,86.26,90.0,346000,0
2015-06-08,89.65,91.0,89.26,89.38,189100,0
2015-06-09,89.11,89.94,88.1,88.59,152527,0
2015-06-10,88.88,89.5,88.59,88.96,205456,0
2015-06-11,89.07,89.3,87.84,88.14,220893,0
2015-06-12,87.88,88.0,86.9,87.62,291400,0
2015-06-15,87.14,87.58,86.46,86.98,163200,0
2015-06-16,87.02,88.92,86.39,88.67,218400,0
2015-06-17,89.02,89.19,87.78,88.27,204500,0
2015-06-18,88.51,88.94,87.78,87.94,339700,0
2015-06-19,88.03,89.3,87.91,88.22,505100,0
2015-06-22,88.67,89.99,88.26,89.56,195100,0
2015-06-23,89.84,92.18,89.61,92.14,471353,0
2015-06-24,92.0,93.06,91.94,92.73,460300,0
2015-06-25,92.88,93.4,92.42,92.73,232600,0
2015-06-26,92.73,93.29,91.88,92.53,356000,0
2015-06-29,92.06,92.15,89.99,90.06,145700,0
2015-06-30,90.82,91.49,90.01,90.62,216576,0
2015-07-01,91.44,93.08,91.3,92.27,291600,0
2015-07-02,92.49,93.31,90.98,91.06,239200,0
2015-07-06,90.44,92.4,90.1,90.92,212000,0
2015-07-07,91.0,91.84,89.95,91.78,262300,0
2015-07-08,90.99,91.05,88.73,89.47,189800,0
2015-07-09,90.38,90.72,89.15,90.03,220700,0
2015-07-10,90.96,91.61,90.66,90.98,173100,0
2015-07-13,92.0,94.19,91.67,93.93,355200,0
2015-07-14,93.76,94.4,93.12,93.37,215745,0
2015-07-15,93.58,93.92,92.95,93.5,187585,0
2015-07-16,94.17,94.49,93.52,94.03,306700,0
2015-07-17,93.87,95.34,93.51,95.17,414100,0
2015-07-20,95.3,96.58,94.26,95.54,284100,0
2015-07-21,93.25,94.36,89.99,91.4,1215300,0
2015-07-22,89.01,89.68,86.16,86.94,836900,0
2015-07-23,87.05,89.01,86.12,87.87,460300,0
2015-07-24,87.91,88.51,83.7,84.53,438900,0
2015-07-27,84.18,84.7,82.48,83.13,544500,0
2015-07-28,83.59,84.35,82.5,83.65,325000,0
2015-07-29,83.63,85.96,83.51,85.71,408900,0
2015-07-30,85.23,88.11,84.93,87.55,422300,0
2015-07-31,87.92,88.86,87.55,88.3,268700,0
2015-08-03,87.74,88.61,84.41,85.29,658959,0
2015-08-04,85.36,86.35,83.72,84.04,487200,0
2015-08-05,84.81,86.59,84.65,85.8,481000,0
2015-08-06,86.22,86.23,83.87,85.21,396596,0
2015-08-07,85.04,85.74,83.5,83.62,278300,0
2015-08-10,84.44,85.41,84.31,84.75,292100,0
2015-08-11,84.21,84.52,83.02,83.73,175667,0
2015-08-12,81.6,82.37,80.23,82.08,465900,0
2015-08-13,82.16,83.41,81.67,82.28,268600,0
2015-08-14,82.31,83.95,81.67,83.72,433200,0
2015-08-17,83.42,84.74,82.81,84.73,259000,0
2015-08-18,84.7,85.26,83.73,84.62,227900,0
2015-08-19,83.95,84.43,83.04,83.31,175200,0
2015-08-20,82.4,82.85,79.57,79.63,318500,0
2015-08-21,78.02,79.22,76.84,78.9,611500,0
2015-08-24,74.24,78.91,70.73,76.54,520828,0
2015-08-25,78.84,79.42,77.3,77.94,490100,0
2015-08-26,79.75,79.88,77.04,79.02,287900,0
2015-08-27,79.99,82.18,79.35,80.1,419900,0
2015-08-28,80.3,80.8,79.67,80.25,243000,0
2015-08-31,80.51,81.97,80.01,80.57,401700,0
2015-09-01,79.0,79.98,78.2,78.51,203300,0
2015-09-02,79.65,80.71,78.9,80.33,238100,0
2015-09-03,80.64,81.14,79.04,79.36,230400,0
2015-09-04,78.29,79.27,77.83,78.82,234500,0
2015-09-08,81.11,82.34,79.65,81.92,342600,0
2015-09-09,83.76,84.17,81.89,81.99,325600,0
2015-09-10,81.63,82.28,81.01,81.28,146124,0
2015-09-11,80.65,81.29,80.09,81.24,172700,0
2015-09-14,81.83,82.11,80.32,81.22,150100,0
2015-09-15,81.21,82.7,80.88,82.31,112900,0
2015-09-16,82.15,83.23,81.81,83.16,159600,0
2015-09-17,83.39,86.13,83.39,84.89,372422,0
2015-09-18,83.9,84.99,82.78,83.27,366300,0
2015-09-21,84.04,85.73,83.19,84.75,314200,0
2015-09-22,83.67,83.9,82.32,83.65,272700,0
2015-09-23,83.9,84.39,82.82,83.64,141232,0
2015-09-24,82.85,83.12,80.73,82.08,207028,0
2015-09-25,82.65,83.33,82.1,82.28,188500,0
2015-09-28,82.25,82.71,78.14,78.31,317979,0
2015-09-29,78.56,79.78,78.22,79.55,319500,0
2015-09-30,80.91,83.83,79.29,81.15,424200,0
2015-10-01,81.1,83.11,78.48,81.51,692600,0
2015-10-02,80.58,83.62,79.21,83.57,234100,0
2015-10-05,84.54,85.54,83.41,85.4,170815,0
2015-10-06,85.27,85.72,83.18,83.9,244400,0
2015-10-07,84.21,84.64,82.89,84.0,184800,0
2015-10-08,83.98,85.01,83.59,84.56,199400,0
2015-10-09,84.49,85.02,83.57,84.26,300500,0
2015-10-12,84.38,84.96,83.25,84.12,128594,0
2015-10-13,83.56,84.24,82.37,82.49,217400,0
2015-10-14,82.72,83.1,81.13,82.52,421000,0
2015-10-15,82.93,85.94,82.72,85.85,352000,0
2015-10-16,86.18,87.07,85.25,86.95,395300,0
2015-10-19,86.75,87.63,85.95,86.39,273776,0
2015-10-20,86.39,87.605,86.24,87.27,283805,0
2015-10-21,84.12,84.95,76.51,77.17,2116000,0
2015-10-22,78.31,81.52,78.02,78.99,1108900,0
2015-10-23,79.88,80.85,78.81,80.55,305900,0
2015-10-26,80.75,80.84,79.02,80.26,318900,0
2015-10-27,80.0,80.0,77.37,77.54,367000,0
2015-10-28,77.9,80.55,77.42,80.06,552400,0
2015-10-29,80.05,80.22,77.02,77.74,437700,0
2015-10-30,77.57,80.0,77.15,79.2,300500,0
2015-11-02,79.18,80.16,78.69,79.98,245082,0
2015-11-03,80.0,80.91,79.2,80.82,311700,0
2015-11-04,81.54,81.54,80.28,81.27,210840,0
2015-11-05,81.4,81.43,79.81,80.35,232900,0
2015-11-06,79.85,80.42,77.98,78.14,626600,0
2015-11-09,77.92,77.92,74.81,76.08,438312,0
2015-11-10,75.98,76.99,75.34,76.7,280700,0
2015-11-11,76.84,77.34,75.72,75.75,518100,0
2015-11-12,75.0,75.47,72.53,72.57,618600,0
2015-11-13,72.07,72.97,68.86,68.98,596100,0
2015-11-16,69.05,70.28,67.88,70.18,749900,0
2015-11-17,70.7,71.98,70.18,70.5,604600,0
2015-11-18,70.67,71.31,70.13,70.71,621800,0
2015-11-19,70.56,71.25,70.25,70.79,434800,0
2015-11-20,71.47,72.87,70.8,72.38,386400,0
2015-11-23,72.15,74.61,72.15,74.44,498200,0
2015-11-24,73.77,76.33,73.57,75.84,344300,0
2015-11-25,76.12,77.01,75.81,76.79,165800,0
2015-11-27,76.98,77.33,76.39,76.53,53900,0
2015-11-30,76.52,76.84,75.01,75.1,247600,0
2015-12-01,75.28,75.67,73.74,75.5,255900,0
2015-12-02,75.65,75.87,74.38,74.61,143459,0
2015-12-03,74.62,74.62,72.58,72.73,285753,0
2015-12-04,73.09,74.2,73.09,73.81,162500,0
2015-12-07,73.5,73.91,72.43,73.17,261200,0
2015-12-08,72.32,73.6,71.93,73.07,214906,0
2015-12-09,73.04,74.02,72.73,73.53,299600,0
2015-12-10,73.38,73.82,72.32,73.02,263100,0
2015-12-11,71.78,72.34,70.16,70.3,319000,0
2015-12-14,70.05,70.7,67.94,69.0,339649,0
2015-12-15,69.61,70.43,68.68,70.1,226000,0
2015-12-16,70.69,70.73,68.99,70.19,155800,0
2015-12-17,70.24,70.32,68.12,68.15,175800,0
2015-12-18,67.47,67.79,65.65,66.76,922000,0
2015-12-21,67.05,68.37,66.79,68.3,604600,0
2015-12-22,68.53,69.42,67.61,69.14,220648,0
2015-12-23,69.44,69.58,68.04,69.17,260400,0
2015-12-24,68.86,69.29,68.18,68.9,108884,0
2015-12-28,68.61,68.98,67.785,68.56,230077,0
2015-12-29,69.05,69.595,68.45,69.38,296572,0
2015-12-30,69.41,69.61,68.01,68.04,161131,0
2015-12-31,67.84,68.63,67.28,67.44,368694,0
2016-01-04,66.17,67.34,65.74,66.52,219521,0
2016-01-05,66.66,67.06,64.29,65.13,264978,0
2016-01-06,63.82,63.82,56.99,57.34,1002693,0
2016-01-07,56.15,57.735,55.58,55.62,491473,0
2016-01-08,55.81,56.48,53.12,53.34,750511,0
2016-01-11,53.62,55.9,53.495,55.71,523555,0
2016-01-12,54.9,54.94,51.0,52.56,750815,0
2016-01-13,52.84,53.09,48.61,49.58,645769,0
2016-01-14,49.56,51.56,47.27,50.14,560093,0
2016-01-15,48.54,49.18,46.88,48.06,346420,0
2016-01-19,48.46,49.06,44.81,45.97,484200,0
2016-01-20,45.47,49.0,44.81,48.19,493112,0
2016-01-21,48.5,49.53,47.2,47.36,376682,0
2016-01-22,48.27,49.09,47.59,47.97,347181,0
2016-01-25,49.58,50.94,48.72,49.33,1702670,0
2016-01-26,49.54,49.6,48.34,49.09,3361022,0
2016-01-27,48.81,49.4499,46.47,46.94,820402,0
2016-01-28,47.28,47.73,44.62,45.81,658280,0
2016-01-29,46.0,47.08,45.57,47.08,630591,0
2016-02-01,46.48,47.14,45.54,46.75,349665,0
2016-02-02,45.9,46.34,44.13,45.07,550426,0
2016-02-03,45.56,45.98,43.56,45.2,609548,0
2016-02-04,47.83,50.48,46.19,48.63,1151762,0
2016-02-05,47.82,47.97,45.795,46.7,1073719,0
2016-02-08,45.96,48.2,45.48,46.07,896674,0
2016-02-09,45.45,49.08,45.38,47.02,966246,0
2016-02-10,47.18,49.67,47.08,48.96,825436,0
2016-02-11,47.96,50.07,47.83,49.1,738842,0
2016-02-12,49.6,50.22,48.8,49.05,552726,0
2016-02-16,49.62,51.0,49.09,50.81,376553,0
2016-02-17,51.31,54.07,51.31,52.65,531649,0
2016-02-18,52.52,52.95,51.49,51.87,337564,0
2016-02-19,51.68,52.14,50.38,51.62,259532,0
2016-02-22,52.38,55.06,52.17,54.49,570083,0
2016-02-23,55.73,59.46,55.11,56.02,926961,0
2016-02-24,55.2,58.68,54.53,58.4,582484,0
2016-02-25,58.46,59.43,57.96,59.3,385905,0
2016-02-26,59.99,59.99,57.24,58.54,544033,0
2016-02-29,58.74,58.91,57.65,58.4,669236,0
2016-03-01,59.02,59.77,58.05,59.11,535910,0
2016-03-02,59.14,59.97,57.94,59.25,453811,0
2016-03-03,59.35,60.92,59.12,60.45,770314,0
2016-03-04,60.52,62.55,59.99,60.37,708000,0
2016-03-07,60.23,61.3,59.98,61.0,512155,0
2016-03-08,60.58,61.18,57.87,58.25,786095,0
2016-03-09,58.58,59.4,57.95,59.0,395432,0
2016-03-10,59.2,59.505,57.8,58.77,370713,0
2016-03-11,59.26,61.38,58.94,61.27,415772,0
2016-03-14,61.04,61.37,59.14,59.24,427324,0
2016-03-15,58.71,58.71,57.08,58.13,466513,0
2016-03-16,57.86,58.979,57.66,58.32,333935,0
2016-03-17,58.0,59.36,57.54,58.99,386478,0
2016-03-18,59.41,60.4,59.38,59.85,896618,0
2016-03-21,59.85,61.36,59.85,61.27,568048,0
2016-03-22,60.6,61.33,60.3,60.37,361449,0
2016-03-23,60.23,60.23,59.29,59.45,428315,0
2016-03-24,59.08,59.9,58.23,59.81,291413,0
2016-03-28,59.78,60.34,59.19,59.34,269893,0
2016-03-29,59.18,61.92,58.81,61.78,309438,0
2016-03-30,62.11,62.48,61.085,61.57,368614,0
2016-03-31,61.7,62.0,59.47,59.84,454820,0
2016-04-01,59.19,59.39,56.42,56.78,685355,0
2016-04-04,56.6,56.98,55.17,55.39,612259,0
2016-04-05,54.9,57.01,54.9,56.21,589583,0
2016-04-06,56.22,56.88,55.52,56.44,338354,0
2016-04-07,56.55,56.72,53.96,54.19,491009,0
2016-04-08,54.5,55.22,53.82,53.93,532044,0
2016-04-11,54.05,55.195,53.89,54.06,329196,0
2016-04-12,54.29,56.16,54.01,55.93,306896,0
2016-04-13,56.42,59.17,56.42,59.12,398553,0
2016-04-14,59.0,61.14,58.57,59.26,624449,0
2016-04-15,59.14,59.96,59.1175,59.34,299071,0
2016-04-18,59.17,60.3,58.85,59.84,331478,0
2016-04-19,59.98,60.69,59.38,60.0,269946,0
2016-04-20,60.28,60.63,59.82,60.39,229331,0
2016-04-21,59.94,60.47,56.8801,57.08,558144,0
2016-04-22,56.62,58.98,56.1,58.72,373028,0
2016-04-25,58.62,58.92,57.01,57.42,321509,0
2016-04-26,58.57,63.89,57.1,62.25,985583,0
2016-04-27,62.47,63.37,61.79,62.61,413660,0
2016-04-28,62.08,62.47,60.72,60.92,328933,0
2016-04-29,60.85,61.16,59.88,60.62,300621,0
2016-05-02,61.14,61.14,58.92,59.48,266125,0
2016-05-03,58.84,59.21,57.21,58.12,443718,0
2016-05-04,57.64,58.44,56.79,57.22,237079,0
2016-05-05,57.36,58.35,56.26,56.29,234332,0
2016-05-06,56.3,57.15,55.88,56.18,669023,0
2016-05-09,56.22,57.64,56.22,56.99,351961,0
2016-05-10,57.16,58.32,56.51,57.91,206671,0
2016-05-11,57.28,57.785,55.19,55.19,304243,0
2016-05-12,55.29,55.73,54.47,55.37,290570,0
2016-05-13,55.25,56.33,54.3,54.57,204525,0
2016-05-16,54.62,55.29,53.18,53.4,283971,0
2016-05-17,53.25,55.02,53.09,54.05,333441,0
2016-05-18,53.55,53.96,52.96,53.22,292121,0
2016-05-19,52.93,54.43,52.81,53.28,363267,0
2016-05-20,53.31,54.56,53.0,54.49,293092,0
2016-05-23,54.64,54.64,52.45,52.52,234192,0
2016-05-24,52.68,54.04,52.26,53.6,242091,0
2016-05-25,53.62,55.22,53.22,55.04,192397,0
2016-05-26,55.03,55.62,54.6901,54.81,134554,0
2016-05-27,55.06,56.29,54.67,56.09,171270,0
2016-05-31,56.18,56.84,55.905,56.1,528195,0
2016-06-01,55.63,56.15,54.81,55.9,232213,0
2016-06-02,55.42,56.575,55.42,56.18,193762,0
2016-06-03,56.02,56.19,54.71,54.8,351450,0
2016-06-06,54.62,55.67,54.1,55.54,220684,0
2016-06-07,55.61,57.13,55.61,57.01,251547,0
2016-06-08,57.29,57.695,56.715,57.44,277900,0
2016-06-09,57.19,57.19,54.935,55.51,355222,0
2016-06-10,54.84,55.4,53.975,54.42,371724,0
2016-06-13,54.11,54.638,53.09,54.1,318627,0
2016-06-14,53.61,54.17,52.87,53.88,343909,0
2016-06-15,54.07,55.77,53.81,54.67,203284,0
2016-06-16,54.01,55.5,53.21,55.16,340848,0
2016-06-17,55.18,57.245,54.7,56.15,452039,0
2016-06-20,56.73,58.97,56.73,57.86,264176,0
2016-06-21,57.37,57.875,54.77,54.82,335239,0
2016-06-22,55.01,55.13,54.24,54.35,247406,0
2016-06-23,55.16,56.04,54.82,55.8,117301,0
2016-06-24,52.32,53.62,52.14,53.35,528770,0
2016-06-27,52.83,52.97,51.2875,51.97,479626,0
2016-06-28,52.76,53.34,51.71,52.13,424007,0
2016-06-29,52.58,53.64,52.01,53.62,240950,0
2016-06-30,53.89,53.89,51.59,52.74,292594,0
2016-07-01,52.9,55.34,52.9,54.1,197998,0
2016-07-05,53.74,53.74,50.13,50.57,295321,0
2016-07-06,50.37,51.69,49.71,51.45,196232,0
2016-07-07,51.92,53.54,51.07,51.59,411025,0
2016-07-08,52.3,54.91,52.3,54.63,284980,0
2016-07-11,55.17,56.34,55.17,55.95,214949,0
2016-07-12,56.62,57.32,56.34,56.69,226603,0
2016-07-13,57.05,57.23,55.84,56.69,108982,0
2016-07-14,57.01,58.09,57.01,57.64,124973,0
2016-07-15,57.82,57.82,57.29,57.51,231829,0
2016-07-18,57.48,59.37,57.151,59.22,182582,0
2016-07-19,58.89,59.87,58.75,59.29,193073,0
2016-07-20,59.54,60.12,59.0,59.54,210865,0
2016-07-21,59.64,62.21,59.64,61.31,364774,0
2016-07-22,61.15,61.42,60.39,61.13,137092,0
2016-07-25,61.25,61.77,60.56,60.91,212174,0
2016-07-26,60.97,62.09,59.94,61.44,208275,0
2016-07-27,61.13,61.83,60.0,60.06,277691,0
2016-07-28,59.99,60.369,58.44,59.12,403145,0
2016-07-29,58.97,61.4,58.97,60.8,404493,0
2016-08-01,61.34,61.37,57.91,59.64,346643,0
2016-08-02,59.64,59.64,55.85,55.89,279339,0
2016-08-03,55.44,56.08,55.0,56.02,484075,0
2016-08-04,55.38,57.17,53.04,56.08,157211,0
2016-08-05,56.82,58.46,56.82,57.53,172064,0
2016-08-08,58.18,58.4,56.915,57.6,177116,0
2016-08-09,57.27,57.52,54.49,54.99,401544,0
2016-08-10,55.17,55.74,54.49,55.05,229655,0
2016-08-11,55.7,57.33,55.27,56.65,254717,0
2016-08-12,56.59,56.89,55.54,55.86,145105,0
2016-08-15,55.9,56.8,55.84,56.71,194086,0
2016-08-16,56.69,56.785,55.85,55.94,118420,0
2016-08-17,55.48,55.73,54.34,54.66,134611,0
2016-08-18,54.76,54.77,54.06,54.36,205926,0
2016-08-19,54.02,54.398,53.22,53.94,195107,0
2016-08-22,53.87,53.93,52.14,52.63,314389,0
2016-08-23,53.08,53.64,52.995,53.55,181768,0
2016-08-24,53.32,53.82,52.76,52.83,239598,0
2016-08-25,52.68,53.31,52.47,53.01,145281,0
2016-08-26,53.21,54.28,52.61,52.85,260021,0
2016-08-29,52.98,53.75,52.77,53.61,213411,0
2016-08-30,53.46,54.28,53.45,53.9,173043,0
2016-08-31,53.68,54.58,53.23,53.72,143517,0
2016-09-01,53.7,54.99,53.7,54.27,240222,0
2016-09-02,54.62,55.36,53.9,55.18,170962,0
2016-09-06,55.45,55.45,54.34,54.7,229002,0
2016-09-07,54.77,55.465,54.46,55.15,326772,0
2016-09-08,54.85,55.37,54.62,55.08,177144,0
2016-09-09,54.77,54.77,53.46,53.5,174020,0
2016-09-12,52.69,55.07,51.6,54.85,210873,0
2016-09-13,54.38,55.56,53.96,55.02,305869,0
2016-09-14,54.96,55.56,54.46,55.14,246892,0
2016-09-15,54.89,55.72,54.88,55.58,223255,0
2016-09-16,55.48,55.78,53.63,53.63,616918,0
2016-09-19,53.64,54.54,53.1,53.52,169868,0
2016-09-20,53.6,54.06,52.22,52.78,185204,0
2016-09-21,52.44,53.41,52.335,53.24,169970,0
2016-09-22,53.74,55.29,53.19,55.2,180927,0
2016-09-23,54.88,55.82,54.79,55.62,156216,0
2016-09-26,55.41,55.87,54.89,55.15,219666,0
2016-09-27,55.01,55.6,54.25,55.09,145191,0
2016-09-28,55.26,55.74,53.53,54.56,171971,0
2016-09-29,54.57,55.23,54.32,54.43,177362,0
2016-09-30,54.58,56.05,54.04,55.67,171321,0
2016-10-03,55.37,55.44,54.42,54.73,210782,0
2016-10-04,54.97,55.49,53.52,54.12,161842,0
2016-10-05,54.29,56.71,54.28,55.98,151452,0
2016-10-06,55.87,55.87,54.54,54.9,173978,0
2016-10-07,55.16,55.31,53.64,54.02,196564,0
2016-10-10,54.2,54.95,54.2,54.55,86474,0
2016-10-11,54.55,55.0,53.75,54.75,226165,0
2016-10-12,54.7,55.45,54.35,55.3,78789,0
2016-10-13,54.75,55.35,53.6,54.6,199305,0
2016-10-14,55.95,55.95,54.5,55.4,122171,0
2016-10-17,55.25,55.95,55.2,55.25,129627,0
2016-10-18,55.8,55.8,54.4,54.7,116164,0
2016-10-19,54.6,56.15,54.25,55.95,147457,0
2016-10-20,54.65,54.95,52.25,53.2,259940,0
2016-10-21,52.8,53.35,52.2,53.1,174035,0
2016-10-24,53.4,54.6,53.05,53.9,165123,0
2016-10-25,51.05,52.5,48.9,50.25,1084180,0
2016-10-26,49.4,50.65,49.15,50.55,435923,0
2016-10-27,50.4,51.35,50.05,50.35,202788,0
2016-10-28,49.2,51.55,49.2,51.0,230043,0
2016-10-31,51.1,51.625,50.25,50.95,194924,0
2016-11-01,51.0,51.5,49.5,49.95,237595,0
2016-11-02,49.8,50.8,49.15,49.55,189874,0
2016-11-03,49.95,50.3,48.65,48.85,178140,0
2016-11-04,48.75,51.05,48.5,49.3,274245,0
2016-11-07,50.2,51.3,49.8,50.2,204955,0
2016-11-08,50.25,50.45,48.55,49.85,193576,0
2016-11-09,48.4,52.55,47.5,52.5,474258,0
2016-11-10,53.55,55.65,53.2,54.35,312848,0
2016-11-11,54.45,54.7,53.25,54.3,289592,0
2016-11-14,55.0,58.8,54.55,57.95,366693,0
2016-11-15,57.95,59.6,56.9,58.8,245885,0
2016-11-16,57.45,60.0,57.45,58.4,350564,0
2016-11-17,58.1,58.85,57.95,58.35,233501,0
2016-11-18,57.7,59.1,57.25,58.5,194620,0
2016-11-21,58.95,59.7,58.5,58.9,230547,0
2016-11-22,59.35,59.65,58.35,58.9,290215,0
2016-11-23,59.0,60.5,58.6,59.6,312408,0
2016-11-25,60.0,60.55,59.85,60.35,146207,0
2016-11-28,60.35,60.55,58.3,59.0,219195,0
2016-11-29,59.35,60.25,58.4,58.7,166842,0
2016-11-30,58.6,59.15,58.2,58.75,235194,0
2016-12-01,57.8,62.35,57.8,58.6,518973,0
2016-12-02,58.7,59.5,56.75,56.9,232723,0
2016-12-05,57.5,59.15,57.5,58.9,373489,0
2016-12-06,59.4,61.35,58.7,61.25,219592,0
2016-12-07,61.3,62.85,61.0,62.8,210954,0
2016-12-08,63.15,64.25,62.6,63.95,203402,0
2016-12-09,63.75,64.1,62.85,63.45,182187,0
2016-12-12,63.25,63.45,61.15,62.0,188191,0
2016-12-13,62.5,63.15,61.7,62.35,160001,0
2016-12-14,62.05,62.45,60.8,60.95,137265,0
2016-12-15,61.5,63.0,60.9,62.3,189692,0
2016-12-16,62.35,62.65,61.7,62.45,534596,0
2016-12-19,61.75,64.15,61.75,63.5,128819,0
2016-12-20,63.5,65.3,63.5,65.3,143011,0
2016-12-21,65.4,66.0,64.55,65.05,173328,0
2016-12-22,65.0,65.075,62.45,62.5,134020,0
2016-12-23,62.55,63.75,61.95,62.45,107051,0
2016-12-27,62.15,64.55,61.9,63.65,183995,0
2016-12-28,63.75,64.0,61.7,62.1,81302,0
2016-12-29,62.15,63.15,61.1,61.9,116279,0
2016-12-30,62.1,63.05,60.85,61.7,151593,0
2017-01-03,62.7,63.25,61.55,62.5,160496,0
2017-01-04,63.0,65.0,62.7,64.0,689911,0
2017-01-05,61.3,64.7,61.3,62.8,162211,0
2017-01-06,63.1,63.3,61.7,61.75,290134,0
2017-01-09,61.75,62.7,61.1,62.25,101815,0
2017-01-10,62.2,63.95,62.1,63.45,234122,0
2017-01-11,63.55,63.65,61.85,63.3,230852,0
2017-01-12,63.2,63.75,62.2,63.65,156755,0
2017-01-13,64.1,64.65,63.3,63.65,162539,0
2017-01-17,63.75,66.9,63.4,64.55,250968,0
2017-01-18,64.4,65.5,63.7,65.5,167577,0
2017-01-19,64.85,65.9,64.1,64.6,192490,0
2017-01-20,64.8,65.0753,63.1,63.9,174566,0
2017-01-23,63.55,64.2,62.85,63.35,230944,0
2017-01-24,63.95,65.8,63.55,65.5,201060,0
2017-01-25,65.95,68.0,65.95,67.45,223368,0
2017-01-26,67.1,67.7,64.95,65.15,236747,0
2017-01-27,65.2,65.5,64.25,64.7,173118,0
2017-01-30,64.45,65.75,63.4,64.9,286294,0
2017-01-31,64.5,66.1,63.45,65.6,267893,0
2017-02-01,65.75,67.05,64.95,65.3,229908,0
2017-02-02,65.0,66.2,64.0,64.7,237417,0
2017-02-03,65.0,66.15,64.2,64.45,264619,0
2017-02-06,64.5,64.55,63.05,63.85,446891,0
2017-02-07,67.0,71.0,66.0,66.2,638839,0
2017-02-08,66.4,66.45,65.0,65.65,333025,0
2017-02-09,65.8,66.35,65.0,65.55,368248,0
2017-02-10,65.85,66.35,65.35,65.65,255234,0
2017-02-13,66.2,66.95,65.35,66.35,466924,0
2017-02-14,65.65,67.1,65.65,66.4,315284,0
2017-02-15,66.0,68.0,65.55,67.95,325090,0
2017-02-16,67.5,67.8,65.7,65.95,299919,0
2017-02-17,65.9,67.55,65.5,67.55,161233,0
2017-02-21,67.95,69.45,67.5,69.45,221293,0
2017-02-22,69.45,69.65,68.2,68.45,520992,0
2017-02-23,68.45,68.85,65.7,65.85,363835,0
2017-02-24,65.65,67.35,64.8,66.7,246601,0
2017-02-27,66.45,67.3889,65.85,66.95,312941,0
2017-02-28,66.45,66.85,64.9,65.15,223748,0
2017-03-01,66.0,66.9,65.15,65.45,186759,0
2017-03-02,65.55,66.1,65.0,65.65,127617,0
2017-03-03,66.0,66.0,64.05,65.3,143448,0
2017-03-06,65.0,65.05,64.1,64.6,795061,0
2017-03-07,63.25,63.6,62.15,62.25,335010,0
2017-03-08,62.4,63.65,62.4,62.45,256707,0
2017-03-09,62.15,62.975,61.45,61.5,196065,0
2017-03-10,61.8,62.4,61.4,61.55,267045,0
2017-03-13,61.5,62.4,61.05,62.15,218237,0
2017-03-14,62.15,62.7,61.4,62.55,177147,0
2017-03-15,62.7,63.2,61.85,62.75,196828,0
2017-03-16,62.55,63.4,62.15,62.9,195083,0
2017-03-17,63.45,63.45,61.55,61.9,342329,0
2017-03-20,61.8,62.05,61.0,61.6,264472,0
2017-03-21,61.8,61.8,59.4,60.5,353693,0
2017-03-22,60.5,60.8,59.25,60.35,314836,0
2017-03-23,60.45,61.45,60.1,60.45,197401,0
2017-03-24,60.45,61.0,60.25,60.65,352499,0
2017-03-27,60.3,61.35,60.0,61.3,386048,0
2017-03-28,61.2,62.4,60.7,62.05,207389,0
2017-03-29,61.95,63.05,61.95,62.5,318496,0
2017-03-30,62.4,62.65,61.1,61.9,240847,0
2017-03-31,61.95,61.95,59.9,60.1,254857,0
2017-04-03,60.3,60.3,57.35,57.6,356083,0
2017-04-04,57.45,57.5475,56.25,56.75,279378,0
2017-04-05,57.2,57.75,55.6,55.7,345956,0
2017-04-06,56.0,58.45,55.9,58.4,420327,0
2017-04-07,58.0,58.3,57.5,58.0,246931,0
2017-04-10,58.05,59.35,57.9,59.0,255235,0
2017-04-11,58.8,59.95,58.25,59.8,233646,0
2017-04-12,59.5,59.8,58.95,59.05,285092,0
2017-04-13,58.85,59.15,57.5,57.55,183767,0
2017-04-17,57.65,58.75,57.5,58.65,213640,0
2017-04-18,58.6,59.05,58.1,58.7,248394,0
2017-04-19,59.2,61.8,59.2,61.0,367281,0
2017-04-20,61.75,62.85,61.7,62.25,219177,0
2017-04-21,62.2,62.2,60.3,61.35,299301,0
2017-04-24,62.45,63.85,62.35,63.1,261641,0
2017-04-25,63.6,64.0,62.2,62.65,153836,0
2017-04-26,62.9,63.25,62.05,63.1,399108,0
2017-04-27,63.35,65.05,62.85,63.65,208574,0
2017-04-28,63.15,63.3,61.0,61.2,339295,0
2017-05-01,61.8,62.7,60.9,61.65,483443,0
2017-05-02,62.0,62.0,57.95,58.1,462559,0
2017-05-03,58.05,58.4,57.45,58.35,194369,0
2017-05-04,59.1,59.4,57.525,58.25,164806,0
2017-05-05,58.45,59.65,57.35,59.55,217814,0
2017-05-08,59.6,60.0,58.85,59.15,175009,0
2017-05-09,59.3,59.7,58.4,58.45,148203,0
2017-05-10,58.15,58.65,57.4,57.9,221741,0
2017-05-11,57.0,57.35,55.6,56.5,164357,0
2017-05-12,56.2,56.55,55.5,56.2,203262,0
2017-05-15,56.35,57.65,56.35,57.05,163834,0
2017-05-16,57.0,57.7,55.95,57.3,214731,0
2017-05-17,56.25,56.75,55.05,55.75,550942,0
2017-05-18,52.5,57.15,52.5,56.45,272338,0
2017-05-19,56.5,57.6,56.0,57.3,397379,0
2017-05-22,58.05,58.2,57.05,57.8,183723,0
2017-05-23,57.1,57.7,55.6,56.15,271974,0
2017-05-24,55.75,57.3,55.65,56.25,120780,0
2017-05-25,56.95,57.1,55.25,55.8,273418,0
2017-05-26,55.75,56.25,54.7,56.2,176075,0
2017-05-30,56.15,56.6,55.5,55.75,116542,0
2017-05-31,56.05,56.05,54.7,55.95,155419,0
2017-06-01,56.2,58.55,55.85,57.6,325218,0
2017-06-02,57.6,57.9,56.15,56.7,183040,0
2017-06-05,56.55,57.4,56.0,56.5,131261,0
2017-06-06,56.05,56.65,55.25,56.3,146214,0
2017-06-07,56.45,57.5,56.45,56.6,139215,0
2017-06-08,56.5,56.7,53.95,54.15,281355,0
2017-06-09,54.25,55.65,53.65,55.35,153327,0
2017-06-12,55.35,57.95,55.35,57.7,199982,0
2017-06-13,58.0,58.0,56.45,57.45,123528,0
2017-06-14,57.5,57.95,56.75,57.85,116462,0
2017-06-15,57.3,58.3,56.05,57.75,98089,0
2017-06-16,56.8,56.8,53.15,54.65,524293,0
2017-06-19,54.85,56.1,54.1,55.75,248041,0
2017-06-20,55.55,55.6,54.35,54.4,155844,0
2017-06-21,54.9,55.85,51.7,52.7,381250,0
2017-06-22,52.8,52.8,51.45,52.4,359270,0
2017-06-23,52.15,52.55,51.5,52.25,433132,0
2017-06-26,52.4,54.5,52.3,54.15,315897,0
2017-06-27,54.15,55.3,54.0,54.95,130506,0
2017-06-28,55.2,56.1,54.95,55.1,130585,0
2017-06-29,55.25,56.55,54.85,55.85,193221,0
2017-06-30,56.1,56.85,55.875,56.55,181659,0
2017-07-03,57.15,58.4,57.15,57.65,144698,0
2017-07-05,57.6,57.6,55.5,56.1,132056,0
2017-07-06,56.0,56.4,54.45,54.75,162639,0
2017-07-07,54.8,55.7,54.75,55.45,122539,0
2017-07-10,55.3,55.75,54.6,54.7,258599,0
2017-07-11,54.8,55.85,54.65,55.45,161619,0
2017-07-12,56.1,57.8,55.4,56.65,217814,0
2017-07-13,56.65,57.55,56.65,57.35,381065,0
2017-07-14,57.3,57.65,56.05,57.0,173957,0
2017-07-17,56.9,57.85,56.65,57.6,212380,0
2017-07-18,57.2,57.2,56.0,56.25,127645,0
2017-07-19,56.6,57.7,56.5,57.3,112098,0
2017-07-20,57.4,58.1,56.65,57.6,278182,0
2017-07-21,57.75,57.8,56.5,57.35,260095,0
2017-07-24,57.15,57.3,56.35,56.8,472913,0
2017-07-25,53.95,54.85,52.2,53.5,759662,0
2017-07-26,53.25,53.95,52.65,53.8,398856,0
2017-07-27,53.9,54.25,52.925,53.95,429207,0
2017-07-28,53.9,55.35,53.45,55.2,179778,0
2017-07-31,55.4,55.75,53.45,54.0,288265,0
2017-08-01,54.1,54.8,53.1,54.55,240398,0
2017-08-02,54.2,54.3,53.25,53.45,248420,0
2017-08-03,53.5,54.35,53.3,53.35,145493,0
2017-08-04,53.4,54.35,53.2,54.25,122835,0
2017-08-07,54.25,54.55,53.85,54.2,111398,0
2017-08-08,54.25,54.75,52.8,52.95,117058,0
2017-08-09,52.7,53.6,52.05,53.0,128258,0
2017-08-10,52.85,53.4,51.75,51.95,163069,0
2017-08-11,51.3,52.45,51.05,52.25,195789,0
2017-08-14,52.6,52.9,51.85,51.9,347607,0
2017-08-15,51.8,52.6,50.7,51.2,173158,0
2017-08-16,51.6,51.8,51.0,51.2,194039,0
2017-08-17,51.1,51.45,49.9,50.15,204229,0
2017-08-18,49.65,50.75,49.1,50.65,158145,0
2017-08-21,50.6,51.4,50.25,50.85,103711,0
2017-08-22,50.95,51.375,50.85,51.25,159378,0
2017-08-23,51.05,51.65,50.8,50.9,202220,0
2017-08-24,51.35,52.3,50.35,50.75,138998,0
2017-08-25,50.9,51.4551,50.7,51.1,62060,0
2017-08-28,51.3,51.5,50.3,51.0,167340,0
2017-08-29,50.4,51.35,50.3,50.85,111680,0
2017-08-30,51.0,52.25,50.65,52.15,110092,0
2017-08-31,52.45,54.1,51.45,53.85,150268,0
2017-09-01,53.95,54.85,53.55,54.4,100017,0
2017-09-05,54.3,54.8,53.9,54.7,116999,0
2017-09-06,54.95,55.0,54.0,54.25,217814,0
2017-09-07,54.35,54.9,53.85,54.8,126719,0
2017-09-08,54.65,56.15,54.55,56.0,216860,0
2017-09-11,56.3,57.1,56.1,56.95,305825,0
2017-09-12,57.2,58.0,56.95,57.6,119152,0
2017-09-13,57.45,59.925,57.45,59.15,267252,0
2017-09-14,59.1,59.3,58.3,58.45,153797,0
2017-09-15,58.45,59.1,58.15,58.45,353107,0
2017-09-18,58.55,58.85,58.0,58.15,128115,0
2017-09-19,58.45,59.15,58.05,58.45,79418,0
2017-09-20,58.25,59.35,58.1,58.75,97864,0
2017-09-21,58.95,59.05,58.4,58.4,164337,0
2017-09-22,58.65,60.6,58.65,59.6,330500,0
2017-09-25,59.45,60.9,59.45,60.15,177515,0
2017-09-26,60.25,61.8,60.25,61.6,116207,0
2017-09-27,61.95,62.1,60.55,61.5,174804,0
2017-09-28,61.35,61.75,60.25,61.45,136768,0
2017-09-29,61.45,61.75,60.6,61.1,151091,0
2017-10-02,61.15,62.0,60.65,61.9,248894,0
2017-10-03,62.15,62.65,61.6,62.3,316149,0
2017-10-04,62.1,62.3,61.55,61.7,84113,0
2017-10-05,61.6,61.95,61.15,61.8,158446,0
2017-10-06,61.6,62.2,61.35,61.75,118036,0
2017-10-09,61.75,61.75,60.4,60.65,116133,0
2017-10-10,60.25,60.65,59.7,60.3,206136,0
2017-10-11,60.5,60.8,58.35,58.55,132477,0
2017-10-12,58.7,58.8,56.8,57.4,199876,0
2017-10-13,57.6,58.4,57.2,57.55,127947,0
2017-10-16,57.5,57.9,56.35,56.8,201218,0
2017-10-17,56.85,57.8,56.5,57.05,171465,0
2017-10-18,57.2,58.3,57.2,57.4,212778,0
2017-10-19,57.0,57.0,54.9,55.05,199340,0
2017-10-20,54.85,56.35,54.5138,55.85,307233,0
2017-10-23,56.2,56.5,55.55,56.05,319424,0
2017-10-24,56.85,58.15,55.4,57.05,396433,0
2017-10-25,57.2,59.85,56.475,59.05,229861,0
2017-10-26,58.8,62.15,58.8,61.6,280309,0
2017-10-27,61.4,61.85,60.25,60.9,348148,0
2017-10-30,60.8,61.0,59.15,60.85,234703,0
2017-10-31,60.95,62.05,60.5,61.4,245456,0
2017-11-01,61.25,62.55,60.65,62.45,361247,0
2017-11-02,62.6,63.65,61.8,62.6,576466,0
2017-11-03,62.65,63.5,61.9,61.95,210274,0
2017-11-06,61.95,63.0,61.6,61.65,184752,0
2017-11-07,61.55,62.0,60.35,60.85,150655,0
2017-11-08,60.55,61.3,60.0,60.85,118434,0
2017-11-09,60.5,61.5,59.95,60.8,116335,0
2017-11-10,60.6,62.35,60.6,61.95,345263,0
