Date,Open,High,Low,Close,Volume,OpenInt
2014-01-02,17.316,17.692,17.27,17.655,18150050,0
2014-01-03,17.77,17.858,17.433,17.502,14494986,0
2014-01-06,17.789,17.896,17.521,17.692,12054109,0
2014-01-07,17.541,17.645,17.307,17.616,10595879,0
2014-01-08,17.463,17.463,17.144,17.316,13865233,0
2014-01-09,17.27,17.299,17.047,17.104,10941042,0
2014-01-10,17.374,17.74,17.27,17.531,16009039,0
2014-01-13,17.483,17.551,17.057,17.521,13787488,0
2014-01-14,17.443,17.616,17.057,17.164,12627468,0
2014-01-15,17.009,17.483,16.95,17.394,8854488,0
2014-01-16,17.541,17.645,17.307,17.559,9164056,0
2014-01-17,17.789,18.224,17.789,18.097,19854042,0
2014-01-21,18.088,18.609,17.955,18.56,18865626,0
2014-01-22,18.321,18.321,18.002,18.126,12134124,0
2014-01-23,18.408,18.9,18.398,18.618,18707207,0
2014-01-24,18.782,19.237,18.039,18.349,23790566,0
2014-01-27,18.196,18.252,17.808,17.868,14246823,0
2014-01-28,17.955,18.206,17.828,18.126,12193612,0
2014-01-29,18.427,18.9,18.389,18.821,21565543,0
2014-01-30,18.176,18.676,18.078,18.533,17691642,0
2014-01-31,18.638,18.869,18.379,18.589,16731937,0
2014-02-03,18.782,19.053,18.589,18.609,18045198,0
2014-02-04,18.485,18.609,18.331,18.467,13846984,0
2014-02-05,18.55,18.628,17.877,17.896,14803814,0
2014-02-06,18.002,18.126,17.683,17.838,7587260,0
2014-02-07,17.935,18.311,17.887,18.215,10774859,0
2014-02-10,18.437,18.713,18.417,18.589,11176798,0
2014-02-11,18.733,19.015,18.589,18.87,14003254,0
2014-02-12,18.947,18.985,18.136,18.292,19302034,0
2014-02-13,18.485,19.496,18.447,19.371,22639166,0
2014-02-14,19.766,19.998,19.361,19.613,20481405,0
2014-02-18,20.086,20.096,19.439,19.632,14416649,0
2014-02-19,19.593,19.92,18.975,19.063,14594387,0
2014-02-20,19.42,20.278,19.103,20.229,20407983,0
2014-02-21,20.219,20.451,19.998,20.2,14407357,0
2014-02-24,20.48,20.614,20.229,20.47,16333975,0
2014-02-25,20.441,20.683,20.268,20.325,12717001,0
2014-02-26,20.219,20.362,19.794,20.095,13725574,0
2014-02-27,20.066,20.392,19.833,20.007,11869731,0
2014-02-28,20.066,20.105,19.621,19.697,12696684,0
2014-03-03,20.268,20.315,19.755,19.814,12231742,0
2014-03-04,19.679,19.91,19.532,19.679,9657485,0
2014-03-05,19.736,19.968,19.455,19.697,10666321,0
2014-03-06,19.833,19.88,19.552,19.669,11298028,0
2014-03-07,19.205,19.418,19.05,19.244,11534013,0
2014-03-10,19.254,19.263,18.926,19.09,8012791,0
2014-03-11,19.196,19.339,19.08,19.158,10841178,0
2014-03-12,19.437,19.697,19.369,19.659,10444551,0
2014-03-13,19.679,20.163,19.542,20.095,12819558,0
2014-03-14,20.296,20.392,19.958,20.21,12616531,0
2014-03-17,20.085,20.19,19.755,19.765,11100444,0
2014-03-18,19.299,19.697,19.289,19.542,11797750,0
2014-03-19,19.234,19.339,18.682,18.739,13760608,0
2014-03-20,18.546,18.972,18.462,18.768,9664697,0
2014-03-21,19.031,19.04,18.529,18.749,16611558,0
2014-03-24,18.51,18.556,17.734,17.91,15675273,0
2014-03-25,17.996,18.171,17.764,17.9,8952528,0
2014-03-26,17.89,18.006,17.244,17.282,16204205,0
2014-03-27,17.234,17.629,17.126,17.476,12965535,0
2014-03-28,17.407,17.842,17.205,17.686,12977100,0
2014-03-31,17.57,17.667,17.156,17.234,10495686,0
2014-04-01,17.328,17.486,17.146,17.292,8285752,0
2014-04-02,17.638,18.131,17.638,17.996,14917615,0
2014-04-03,17.832,17.842,17.554,17.734,10947060,0
2014-04-04,18.257,18.374,17.764,17.862,9788580,0
2014-04-07,17.784,17.996,17.609,17.734,6698396,0
2014-04-08,18.072,18.22,17.93,18.161,7783319,0
2014-04-09,17.949,18.576,17.881,18.297,10384833,0
2014-04-10,18.452,18.529,18.062,18.161,10231582,0
2014-04-11,18.171,18.51,17.958,17.996,8776272,0
2014-04-14,18.211,18.364,18.102,18.201,12109414,0
2014-04-15,17.619,17.986,17.486,17.92,10809983,0
2014-04-16,17.9,17.958,17.599,17.706,7914367,0
2014-04-17,17.774,17.822,17.347,17.377,8932281,0
2014-04-21,17.302,17.426,16.595,16.702,26609627,0
2014-04-22,16.933,17.04,16.778,16.962,19604964,0
2014-04-23,17.04,17.397,16.874,17.215,12747332,0
2014-04-24,17.011,17.302,16.816,16.884,13816247,0
2014-04-25,17.04,17.302,16.942,17.292,11034832,0
2014-04-28,17.282,17.302,16.692,16.75,14920932,0
2014-04-29,16.894,17.205,16.788,17.078,11371994,0
2014-04-30,16.825,17.175,16.768,16.884,12236810,0
2014-05-01,16.702,16.758,16.5,16.537,13667641,0
2014-05-02,16.604,16.894,16.481,16.816,13323250,0
2014-05-05,17.03,17.059,16.788,16.884,8851811,0
2014-05-06,16.933,16.972,16.788,16.865,5439376,0
2014-05-07,16.768,16.825,16.557,16.702,9172504,0
2014-05-08,16.711,16.778,16.481,16.595,7181836,0
2014-05-09,16.721,16.797,16.508,16.652,6917718,0
2014-05-12,16.874,16.894,16.73,16.778,6041614,0
2014-05-13,16.797,16.904,16.643,16.672,5223356,0
2014-05-14,16.845,17.011,16.788,16.816,8181210,0
2014-05-15,16.768,16.778,16.188,16.285,13253855,0
2014-05-16,16.257,16.257,15.956,16.063,7174506,0
2014-05-19,16.151,16.179,15.803,16.004,9898597,0
2014-05-20,15.908,16.17,15.898,16.101,6460771,0
2014-05-21,16.053,16.237,15.948,16.217,6387454,0
2014-05-22,16.383,16.393,15.975,16.033,8896836,0
2014-05-23,16.063,16.17,15.928,15.965,6007295,0
2014-05-27,15.813,15.813,15.357,15.406,12615598,0
2014-05-28,15.387,15.435,14.999,15.212,12376302,0
2014-05-29,15.192,15.542,15.172,15.29,9192283,0
2014-05-30,15.367,15.63,15.242,15.62,13424874,0
2014-06-02,15.582,15.62,15.348,15.416,7548319,0
2014-06-03,15.435,15.6,15.212,15.484,6757512,0
2014-06-04,15.523,15.552,15.377,15.435,6707757,0
2014-06-05,15.542,15.784,15.523,15.6,7650354,0
2014-06-06,15.679,15.708,15.329,15.562,6433431,0
2014-06-09,15.582,15.756,15.484,15.493,4738102,0
2014-06-10,15.62,15.794,15.61,15.766,6551777,0
2014-06-11,15.86,16.045,15.747,15.94,7907942,0
2014-06-12,16.045,16.288,16.016,16.24,9275166,0
2014-06-13,16.23,16.541,15.977,16.474,12141188,0
2014-06-16,16.503,16.589,16.308,16.425,9209732,0
2014-06-17,16.269,16.638,16.201,16.551,9040874,0
2014-06-18,16.531,16.879,16.366,16.869,9168467,0
2014-06-19,17.162,17.492,17.006,17.463,18334042,0
2014-06-20,17.278,17.541,17.201,17.278,16942724,0
2014-06-23,17.288,17.693,17.221,17.645,9024039,0
2014-06-24,17.674,17.762,17.083,17.201,10140403,0
2014-06-25,17.268,17.383,17.142,17.231,6406335,0
2014-06-26,17.171,17.463,17.025,17.463,8196205,0
2014-06-27,17.453,17.635,17.315,17.473,9511497,0
2014-06-30,17.383,17.782,17.298,17.742,8149072,0
2014-07-01,17.742,17.889,17.473,17.635,7438241,0
2014-07-02,17.586,17.898,17.577,17.782,6954365,0
2014-07-03,17.626,17.908,17.502,17.879,6967825,0
2014-07-07,17.655,17.782,17.473,17.752,13179828,0
2014-07-08,17.84,18.14,17.521,18.121,20206366,0
2014-07-09,18.21,18.49,18.091,18.325,11278098,0
2014-07-10,18.634,18.897,17.928,18.023,20042270,0
2014-07-11,18.13,18.711,17.937,18.702,13620886,0
2014-07-14,18.071,18.595,18.042,18.305,12004590,0
2014-07-15,18.403,18.624,17.723,17.772,14936055,0
2014-07-16,17.965,18.422,17.879,18.315,17720747,0
2014-07-17,18.403,18.624,18.21,18.595,13191143,0
2014-07-18,18.345,18.614,18.296,18.605,10163113,0
2014-07-21,18.634,18.644,18.227,18.52,7627167,0
2014-07-22,18.48,18.49,18.19,18.266,6359519,0
2014-07-23,18.256,18.354,18.14,18.17,7753339,0
2014-07-24,18.051,18.091,17.693,17.742,9566618,0
2014-07-25,17.693,18.13,17.645,18.111,8948145,0
2014-07-28,18.032,18.15,17.86,18.121,6055968,0
2014-07-29,18.111,18.21,17.965,18.023,4043336,0
2014-07-30,17.908,18.023,17.683,17.908,7549207,0
2014-07-31,17.521,17.889,17.502,17.531,9318829,0
2014-08-01,17.713,17.85,17.473,17.655,9438862,0
2014-08-04,17.645,17.762,17.325,17.502,7135763,0
2014-08-05,17.463,17.541,17.211,17.483,7260027,0
2014-08-06,17.762,17.87,17.674,17.801,8706897,0
2014-08-07,17.772,17.947,17.674,17.928,6843465,0
2014-08-08,18.101,18.413,17.994,18.121,8800541,0
2014-08-11,18.121,18.246,17.994,18.13,5903905,0
2014-08-12,18.286,18.673,18.227,18.595,10594463,0
2014-08-13,18.664,18.769,18.471,18.48,7098035,0
2014-08-14,18.462,18.702,18.432,18.537,9333952,0
2014-08-15,18.246,18.471,18.2,18.374,6318759,0
2014-08-18,18.227,18.432,18.121,18.432,6199404,0
2014-08-19,18.384,18.51,18.19,18.256,4138318,0
2014-08-20,18.227,18.256,18.023,18.15,6074952,0
2014-08-21,17.879,17.928,17.626,17.889,9824725,0
2014-08-22,17.86,17.889,17.635,17.683,8397011,0
2014-08-25,17.665,17.703,17.413,17.463,5847441,0
2014-08-26,17.703,17.723,17.531,17.693,6728228,0
2014-08-27,17.772,17.791,17.442,17.616,3675801,0
2014-08-28,17.791,17.791,17.626,17.713,4967007,0
2014-08-29,17.693,17.919,17.577,17.88,5221562,0
2014-09-02,17.521,17.626,17.333,17.362,8857633,0
2014-09-03,17.482,17.501,17.239,17.257,5201027,0
2014-09-04,17.352,17.372,16.528,16.548,15322926,0
2014-09-05,16.635,16.769,16.451,16.683,10456389,0
2014-09-08,16.558,16.615,16.216,16.275,10453027,0
2014-09-09,16.304,16.509,16.099,16.411,8384769,0
2014-09-10,16.372,16.538,16.169,16.275,10626854,0
2014-09-11,16.178,16.461,16.04,16.392,10254030,0
2014-09-12,16.266,16.491,16.001,16.06,9911879,0
2014-09-15,16.216,16.226,15.915,15.982,7169062,0
2014-09-16,16.001,16.256,15.828,16.109,9944650,0
2014-09-17,16.02,16.178,15.731,15.799,9940895,0
2014-09-18,15.819,15.865,15.527,15.556,11212605,0
2014-09-19,15.469,15.527,15.116,15.215,18308363,0
2014-09-22,15.135,15.155,14.885,14.984,13729222,0
2014-09-23,15.205,15.284,14.974,15.106,10702742,0
2014-09-24,15.02,15.215,14.866,14.905,9250699,0
2014-09-25,14.837,15.185,14.789,14.992,12762062,0
2014-09-26,14.954,14.954,14.73,14.817,8514005,0
2014-09-29,14.895,14.934,14.574,14.583,8097218,0
2014-09-30,14.465,14.583,14.144,14.254,16126257,0
2014-10-01,14.348,14.613,14.264,14.341,12263395,0
2014-10-02,14.425,14.485,14.077,14.294,13659824,0
2014-10-03,14.012,14.012,13.669,13.767,15406289,0
2014-10-06,13.854,13.952,13.757,13.844,13905951,0
2014-10-07,13.864,13.922,13.203,13.28,21480192,0
2014-10-08,13.514,14.077,13.038,13.972,21089828,0
2014-10-09,14.002,14.012,13.184,13.544,20210795,0
2014-10-10,13.434,13.651,13.087,13.106,12013057,0
2014-10-13,13.252,13.494,13.048,13.077,10848148,0
2014-10-14,13.252,13.524,13.154,13.29,10473409,0
2014-10-15,13.242,13.554,13.028,13.174,14136002,0
2014-10-16,13.106,13.612,13.038,13.395,13188170,0
2014-10-17,13.464,13.494,13.038,13.038,11559562,0
2014-10-20,13.164,13.348,13.057,13.299,8037610,0
2014-10-21,13.484,13.484,13.144,13.242,10004467,0
2014-10-22,13.194,13.329,12.999,13.018,10847813,0
2014-10-23,12.96,13.271,12.794,13.077,11332824,0
2014-10-24,13.144,13.213,12.95,13.144,9698253,0
2014-10-27,13.028,13.057,12.911,12.931,9300610,0
2014-10-28,13.038,13.194,12.882,13.144,7107488,0
2014-10-29,13.018,13.048,12.443,12.473,16391952,0
2014-10-30,12.493,12.62,11.861,11.949,27519445,0
2014-10-31,11.636,11.783,11.015,11.54,34620106,0
2014-11-03,11.49,11.665,11.189,11.589,19113778,0
2014-11-04,11.646,11.694,11.085,11.14,17214177,0
2014-11-05,10.86,11.16,10.598,10.666,27551676,0
2014-11-06,10.84,11.209,10.781,11.025,19633576,0
2014-11-07,11.249,11.851,11.229,11.822,21432379,0
2014-11-10,11.598,11.656,10.946,11.035,17884127,0
2014-11-11,11.179,11.471,11.085,11.318,20340313,0
2014-11-12,11.598,11.608,11.17,11.405,12168238,0
2014-11-13,11.5,11.579,11.13,11.189,12456138,0
2014-11-14,11.104,12.009,10.986,11.939,18353677,0
2014-11-17,11.969,12.278,11.754,12.123,16044133,0
2014-11-18,12.386,12.96,12.328,12.921,26741906,0
2014-11-19,12.872,12.882,12.019,12.113,24530069,0
2014-11-20,12.259,12.591,12.162,12.473,14394231,0
2014-11-21,12.814,12.814,12.328,12.493,13363525,0
2014-11-24,12.423,12.532,12.172,12.229,11409254,0
2014-11-25,12.347,12.642,12.219,12.592,18413906,0
2014-11-26,12.737,12.746,12.513,12.622,11603705,0
2014-11-28,12.028,12.066,11.547,11.605,13793875,0
2014-12-01,11.869,12.201,11.547,12.113,29729315,0
2014-12-02,11.839,12.028,11.586,11.644,15279809,0
2014-12-03,11.781,12.201,11.712,12.038,12518380,0
2014-12-04,12.048,12.181,11.625,11.673,14655121,0
2014-12-05,11.44,11.517,11.156,11.285,16198701,0
2014-12-08,11.402,11.43,10.922,11.265,19026559,0
2014-12-09,11.566,12.018,11.497,11.771,18065524,0
2014-12-10,11.791,12.219,11.625,11.654,19617400,0
2014-12-11,11.487,11.988,11.363,11.537,16900026,0
2014-12-12,11.497,11.615,11.146,11.195,15659224,0
2014-12-15,10.922,11.03,10.191,10.2,25285295,0
2014-12-16,10.482,10.512,10.014,10.073,26136437,0
2014-12-17,10.073,10.621,10.053,10.502,21825835,0
2014-12-18,10.688,10.874,10.542,10.824,20087109,0
2014-12-19,10.814,10.971,10.571,10.571,48663348,0
2014-12-22,10.581,10.65,10.023,10.073,18922413,0
2014-12-23,10.093,10.308,9.878,9.927,16010240,0
2014-12-24,9.946,10.171,9.8,10.063,9500697,0
2014-12-26,10.318,10.522,10.229,10.328,14634690,0
2014-12-29,10.249,10.386,10.122,10.229,14258660,0
2014-12-30,10.357,10.766,10.318,10.601,17391224,0
2014-12-31,10.561,10.631,10.318,10.492,11057744,0
2015-01-02,10.289,10.679,10.2,10.65,14223514,0
2015-01-05,10.717,10.814,10.269,10.64,16421351,0
2015-01-06,10.756,11.185,10.67,11.001,22171782,0
2015-01-07,10.785,11.136,10.67,10.854,14713378,0
2015-01-08,10.746,11.03,10.492,10.551,18577923,0
2015-01-09,10.698,10.922,10.463,10.727,18989271,0
2015-01-12,10.795,11.146,10.621,11.06,32179414,0
2015-01-13,11.195,11.215,10.269,10.425,28430597,0
2015-01-14,10.561,10.601,9.907,10.161,25603831,0
2015-01-15,10.463,11.146,10.318,11.099,49127326,0
2015-01-16,11.285,11.615,11.146,11.468,33298739,0
2015-01-20,11.909,12.367,11.811,12.229,36636088,0
2015-01-21,12.474,12.776,11.988,12.434,36898116,0
2015-01-22,12.592,12.933,12.357,12.484,25881602,0
2015-01-23,12.357,12.484,12.048,12.133,20196385,0
2015-01-26,11.811,12.454,11.712,12.387,16037976,0
2015-01-27,12.582,12.933,12.533,12.796,24270730,0
2015-01-28,12.612,12.806,12.191,12.308,19599069,0
2015-01-29,11.988,12.133,11.781,11.998,18818036,0
2015-01-30,12.056,12.632,11.879,12.474,16576917,0
2015-02-02,12.209,12.729,12.201,12.582,15329448,0
2015-02-03,12.494,12.826,12.162,12.377,19710585,0
2015-02-04,12.454,12.746,12.415,12.602,12713594,0
2015-02-05,12.533,12.835,12.444,12.746,10923362,0
2015-02-06,12.249,12.387,11.899,12.028,19536342,0
2015-02-09,12.094,12.298,12.056,12.201,11983314,0
2015-02-10,11.988,12.008,11.664,11.879,17694439,0
2015-02-11,11.909,11.968,11.605,11.654,11581794,0
2015-02-12,11.83,11.928,11.644,11.839,11911941,0
2015-02-13,11.958,12.085,11.839,11.849,11623352,0
2015-02-17,11.615,11.889,11.595,11.742,13986195,0
2015-02-18,11.742,12.143,11.625,11.938,16021987,0
2015-02-19,12.249,12.737,12.153,12.513,31422806,0
2015-02-20,12.553,12.875,12.484,12.582,18847789,0
2015-02-23,12.387,12.719,12.278,12.406,13630735,0
2015-02-24,12.288,12.415,12.201,12.278,11132687,0
2015-02-25,12.445,12.524,12.278,12.524,16324339,0
2015-02-26,12.652,12.712,12.475,12.505,8606035,0
2015-02-27,12.573,12.975,12.554,12.758,14552949,0
2015-03-02,12.778,12.847,12.387,12.505,17323685,0
2015-03-03,12.642,12.778,12.239,12.259,12624546,0
2015-03-04,12.259,12.328,11.838,11.907,13136696,0
2015-03-05,11.937,12.239,11.857,11.947,10084719,0
2015-03-06,11.583,11.583,11.065,11.113,20815362,0
2015-03-09,11.181,11.191,10.495,10.584,20225969,0
2015-03-10,10.475,10.868,10.369,10.466,15382949,0
2015-03-11,10.456,10.721,10.31,10.673,15394579,0
2015-03-12,10.808,10.848,10.207,10.212,13084973,0
2015-03-13,10.485,10.495,10.104,10.388,12081171,0
2015-03-16,10.369,10.417,10.094,10.349,13001695,0
2015-03-17,10.182,10.388,10.084,10.123,14672018,0
2015-03-18,10.104,10.878,10.094,10.75,21049956,0
2015-03-19,10.633,10.741,10.446,10.673,15968057,0
2015-03-20,10.77,11.113,10.76,10.878,29363224,0
2015-03-23,11.015,11.221,10.966,11.171,10721358,0
2015-03-24,11.221,11.301,11.006,11.141,9205013,0
2015-03-25,11.231,11.34,11.055,11.131,13725988,0
2015-03-26,11.32,11.474,11.015,11.065,15540908,0
2015-03-27,10.996,11.251,10.818,11.065,11043913,0
2015-03-30,10.828,11.075,10.789,10.916,10114106,0
2015-03-31,10.887,10.976,10.682,10.741,9753764,0
2015-04-01,10.858,11.957,10.838,11.769,27036154,0
2015-04-02,11.602,11.867,11.474,11.641,11610656,0
2015-04-06,12.075,12.435,11.987,12.357,17053580,0
2015-04-07,12.181,12.387,12.084,12.112,16067687,0
2015-04-08,12.181,12.249,11.907,12.075,11504736,0
2015-04-09,11.927,12.407,11.877,12.172,13118939,0
2015-04-10,12.377,12.514,12.308,12.425,9203788,0
2015-04-13,12.308,12.407,12.084,12.112,8082345,0
2015-04-14,12.152,12.357,12.065,12.259,7513564,0
2015-04-15,12.298,12.768,12.239,12.593,14378629,0
2015-04-16,12.642,12.768,12.328,12.397,11989130,0
2015-04-17,12.505,12.731,12.475,12.505,9525119,0
2015-04-20,12.407,12.603,12.308,12.495,9225699,0
2015-04-21,12.397,12.603,12.201,12.554,8741105,0
2015-04-22,12.544,12.603,12.075,12.122,11763087,0
2015-04-23,12.162,12.485,12.112,12.387,8789805,0
2015-04-24,12.347,12.485,12.162,12.269,10216674,0
2015-04-27,12.407,13.073,12.387,12.544,24184588,0
2015-04-28,12.288,13.152,12.269,13.034,16479179,0
2015-04-29,13.093,13.425,13.014,13.24,16201632,0
2015-04-30,12.907,12.975,12.672,12.758,15238559,0
2015-05-01,12.593,12.837,12.505,12.808,10687786,0
2015-05-04,13.103,13.162,12.877,12.907,8413371,0
2015-05-05,13.063,13.269,12.758,12.847,8754702,0
2015-05-06,12.936,12.946,12.328,12.377,12823377,0
2015-05-07,12.269,12.465,12.027,12.435,11087969,0
2015-05-08,12.505,12.642,12.397,12.495,8427247,0
2015-05-11,12.465,12.642,12.416,12.524,6481306,0
2015-05-12,12.603,12.682,12.455,12.573,6407535,0
2015-05-13,12.731,13.142,12.692,12.985,17349260,0
2015-05-14,13.103,13.337,12.867,12.917,10055943,0
2015-05-15,12.798,13.172,12.712,12.857,10669734,0
2015-05-18,12.917,13.122,12.867,12.927,6566098,0
2015-05-19,12.682,12.808,12.209,12.219,14479969,0
2015-05-20,12.387,12.407,12.172,12.181,8433081,0
2015-05-21,12.181,12.239,11.987,12.191,8795926,0
2015-05-22,12.209,12.239,11.997,12.047,8031631,0
2015-05-26,11.809,11.819,11.388,11.474,22050449,0
2015-05-27,11.554,11.563,11.378,11.514,9498572,0
2015-05-28,11.544,11.839,11.349,11.81,13613573,0
2015-05-29,11.78,11.859,11.544,11.672,11861530,0
2015-06-01,11.751,11.869,11.573,11.633,9210635,0
2015-06-02,11.77,11.979,11.731,11.79,11360252,0
2015-06-03,11.691,11.959,11.681,11.8,13060995,0
2015-06-04,11.662,11.691,11.474,11.504,10443614,0
2015-06-05,11.319,11.418,11.2,11.29,13973825,0
2015-06-08,11.319,11.329,11.12,11.28,10681982,0
2015-06-09,11.368,11.524,11.309,11.349,10480604,0
2015-06-10,11.573,11.633,11.368,11.446,9007561,0
2015-06-11,11.368,11.378,11.073,11.092,8382702,0
2015-06-12,11.073,11.27,11.004,11.092,7291477,0
2015-06-15,11.073,11.437,11.033,11.29,8879993,0
2015-06-16,11.2,11.22,10.964,11.004,13049106,0
2015-06-17,11.013,11.388,10.884,11.359,14593725,0
2015-06-18,11.633,11.78,11.474,11.524,18722500,0
2015-06-19,11.466,11.613,11.23,11.3,14413069,0
2015-06-22,11.12,11.17,10.984,10.984,10507421,0
2015-06-23,10.944,11.023,10.884,10.984,10398385,0
2015-06-24,10.944,10.994,10.796,10.934,10794562,0
2015-06-25,10.934,11.013,10.796,10.815,10650584,0
2015-06-26,10.796,10.894,10.699,10.728,9000599,0
2015-06-29,10.786,10.805,10.551,10.61,10089513,0
2015-06-30,10.57,10.689,10.393,10.491,9845671,0
2015-07-01,10.462,10.491,10.236,10.286,10752191,0
2015-07-02,10.354,10.422,10.266,10.402,8247593,0
2015-07-06,10.354,10.825,10.305,10.679,10720897,0
2015-07-07,10.344,10.432,10.088,10.156,20333673,0
2015-07-08,10.226,10.344,10.108,10.137,14966824,0
2015-07-09,10.276,10.276,9.96,9.99,10365173,0
2015-07-10,10.078,10.108,9.891,9.95,7469595,0
2015-07-13,9.813,9.871,9.586,9.813,11472479,0
2015-07-14,9.842,10.018,9.723,9.733,13186927,0
2015-07-15,9.636,9.713,9.449,9.4968,13294895,0
2015-07-16,9.449,9.4784,9.0643,9.0939,20355114,0
2015-07-17,9.0446,9.0643,8.4737,8.6511,26522418,0
2015-07-20,8.2574,8.3261,7.2634,7.2929,52066162,0
2015-07-21,7.5783,7.7553,7.2435,7.3813,37322669,0
2015-07-22,7.1649,7.3813,6.9187,7.2435,28858451,0
2015-07-23,7.3224,7.342,6.9287,6.9582,25649211,0
2015-07-24,6.8696,7.155,6.6827,7.1355,42811749,0
2015-07-27,7.096,7.411,6.7319,6.7909,34272139,0
2015-07-28,6.8992,6.9187,6.7713,6.7812,21899529,0
2015-07-29,6.8302,7.2239,6.7416,7.1156,28760539,0
2015-07-30,6.9877,7.0665,6.8401,6.9386,19962811,0
2015-07-31,7.1058,7.2142,6.8007,6.9484,29934156,0
2015-08-03,6.909,6.909,6.5153,6.594,16313549,0
2015-08-04,6.7122,6.7909,6.6139,6.6925,21128134,0
2015-08-05,6.7613,6.8205,6.4169,6.4366,18326641,0
2015-08-06,6.594,6.9977,6.5742,6.7713,31653338,0
2015-08-07,6.909,7.2634,6.8401,6.9287,27904161,0
2015-08-10,7.0763,7.5684,6.8894,7.4898,26297969,0
2015-08-11,7.7948,7.8145,7.1355,7.5585,33010828,0
2015-08-12,7.7553,8.031,7.7358,8.0015,36694640,0
2015-08-13,7.7948,7.9917,7.5979,7.6472,21409177,0
2015-08-14,7.7948,7.9228,7.5192,7.5585,15153170,0
2015-08-17,7.6865,7.8537,7.5488,7.7455,17636329,0
2015-08-18,7.6176,7.6275,7.3813,7.539,21483248,0
2015-08-19,7.6865,7.9129,7.5979,7.7751,24378624,0
2015-08-20,8.0606,8.3853,8.0506,8.1095,29231447,0
2015-08-21,8.2574,8.3065,7.7849,7.8833,24655907,0
2015-08-24,7.5979,7.844,7.037,7.1156,30745180,0
2015-08-25,7.3027,7.3813,6.7516,6.8796,18220159,0
2015-08-26,6.8106,6.8106,6.4169,6.4464,29793838,0
2015-08-27,6.5155,6.8217,6.4268,6.7525,31895317,0
2015-08-28,6.8018,7.1869,6.7822,7.0388,27569669,0
2015-08-31,6.8908,6.9103,6.5453,6.861,23554088,0
2015-09-01,6.94,7.088,6.6045,6.6636,21992303,0
2015-09-02,6.6536,6.6933,6.4168,6.6045,16690667,0
2015-09-03,6.5055,6.8217,6.3675,6.397,19046309,0
2015-09-04,6.3279,6.3577,6.1502,6.3279,16505396,0
2015-09-08,6.397,6.5155,6.2688,6.4366,13101239,0
2015-09-09,6.3279,6.4564,6.1702,6.1899,19068289,0
2015-09-10,6.3181,6.3379,6.0514,6.1305,17703583,0
2015-09-11,6.0514,6.3181,5.8738,6.2688,21364572,0
2015-09-14,6.2095,6.3181,6.0813,6.1502,14959921,0
2015-09-15,6.1011,6.3379,6.0614,6.1702,12679540,0
2015-09-16,6.3279,6.6341,6.2984,6.6144,32283790,0
2015-09-17,6.5055,6.95,6.407,6.7525,27741066,0
2015-09-18,6.8511,6.9202,6.5746,6.6636,28915794,0
2015-09-21,6.5648,6.6636,6.476,6.4959,16833799,0
2015-09-22,6.3279,6.3773,6.0022,6.0319,20829323,0
2015-09-23,6.1404,6.1502,5.8344,5.864,16447441,0
2015-09-24,6.0022,6.4959,5.943,6.476,33606599,0
2015-09-25,6.3181,6.5453,6.2787,6.486,22903260,0
2015-09-28,6.2787,6.3871,6.1799,6.1799,17371809,0
2015-09-29,6.249,6.3773,6.0713,6.1305,13648034,0
2015-09-30,6.0614,6.2787,5.9628,6.2787,19843207,0
2015-10-01,6.3279,6.407,6.0514,6.1107,14626454,0
2015-10-02,6.3478,6.5453,6.3379,6.486,19968203,0
2015-10-05,6.5453,6.8511,6.5254,6.7623,20843749,0
2015-10-06,6.9994,7.3647,6.9598,7.2066,29104713,0
2015-10-07,7.2263,7.3547,7.0091,7.1475,22681942,0
2015-10-08,7.019,7.4238,6.9994,7.0684,21525126,0
2015-10-09,7.3547,7.5619,7.2955,7.5126,21553489,0
2015-10-12,7.72,7.73,7.1967,7.3152,20182276,0
2015-10-13,7.3053,7.5521,7.1869,7.3647,14972278,0
2015-10-14,7.6113,8.095,7.6015,8.0754,31501681,0
2015-10-15,7.9271,8.0853,7.8089,8.0556,22974369,0
2015-10-16,7.9766,8.0556,7.72,7.7495,16602641,0
2015-10-19,7.6608,7.799,7.4338,7.4632,16086595,0
2015-10-20,7.5521,7.9174,7.5126,7.7891,17270100,0
2015-10-21,7.6409,7.7003,7.3842,7.4138,16493037,0
2015-10-22,7.3647,7.6312,7.3547,7.493,15442596,0
2015-10-23,7.6113,7.72,7.3547,7.6509,21227012,0
2015-10-26,7.6509,7.6608,7.4041,7.4041,12729480,0
2015-10-27,7.3744,7.493,7.2758,7.4533,16863478,0
2015-10-28,7.5619,8.0853,7.3448,7.5916,32305465,0
2015-10-29,7.5424,8.2234,7.5224,7.72,31171860,0
2015-10-30,7.73,7.8877,7.5916,7.5916,17770280,0
2015-11-02,7.5126,7.72,7.4434,7.6608,13168225,0
2015-11-03,7.5424,7.8186,7.5027,7.7396,16337765,0
2015-11-04,7.8089,7.8977,7.4238,7.4732,18912599,0
2015-11-05,7.4338,7.4632,7.1177,7.2659,31745908,0
2015-11-06,6.9103,7.0979,6.8117,6.9598,23669768,0
2015-11-09,6.9697,7.2955,6.9301,7.2659,13822688,0
2015-11-10,7.1376,7.2066,7.0288,7.1078,8962682,0
2015-11-11,7.1475,7.246,7.0684,7.1869,8644917,0
2015-11-12,7.0783,7.5817,6.9994,7.4533,19547115,0
2015-11-13,7.3941,7.493,7.2758,7.4434,10664863,0
2015-11-16,7.493,7.6409,7.4533,7.5324,11260382,0
2015-11-17,7.5027,7.5224,6.8314,6.9006,26207843,0
2015-11-18,6.9697,7.1671,6.8117,7.1376,14030223,0
2015-11-19,7.1869,7.5027,7.1078,7.4434,15508541,0
2015-11-20,7.5027,7.5719,7.0487,7.0979,12685114,0
2015-11-23,7.0288,7.1376,6.94,7.0288,9752388,0
2015-11-24,7.1276,7.3744,6.9697,7.2855,13778097,0
2015-11-25,7.1866,7.4242,7.1372,7.3054,9587660,0
2015-11-27,7.0975,7.1965,6.9787,7.0381,7756340,0
2015-11-30,7.0678,7.3549,7.058,7.2658,15420446,0
2015-12-01,7.3054,7.543,7.2064,7.5231,15700459,0
2015-12-02,7.2855,7.4637,7.1766,7.345,11858058,0
2015-12-03,7.4142,7.6519,7.3845,7.4936,14496534,0
2015-12-04,7.6221,8.0181,7.5726,8.0082,30838670,0
2015-12-07,7.8795,7.8994,7.5627,7.6122,14602272,0
2015-12-08,7.6321,7.6716,7.3944,7.4438,13331174,0
2015-12-09,7.6122,7.8004,7.5331,7.6519,14313957,0
2015-12-10,7.6221,7.7805,7.5726,7.5825,10135600,0
2015-12-11,7.4637,7.7905,7.3153,7.6716,15364277,0
2015-12-14,7.6023,7.6618,6.9787,6.9787,21406964,0
2015-12-15,7.048,7.1172,6.8698,7.0281,16599773,0
2015-12-16,7.2064,7.6716,7.1471,7.5726,25138625,0
2015-12-17,7.1866,7.1965,6.8698,6.8698,20868139,0
2015-12-18,6.9986,7.3054,6.9491,7.1568,21730863,0
2015-12-21,7.3153,7.5231,7.2559,7.3944,17008506,0
2015-12-22,7.3549,7.6023,7.335,7.3944,13682108,0
2015-12-23,7.4342,7.6023,7.3845,7.5825,10799818,0
2015-12-24,7.6419,7.7805,7.6221,7.7408,6051277,0
2015-12-28,7.6122,7.6271,7.3845,7.4538,9698749,0
2015-12-29,7.543,7.6122,7.3944,7.5132,10024853,0
2015-12-30,7.3054,7.3746,7.2361,7.2955,6991876,0
2015-12-31,7.2658,7.3649,7.2163,7.3054,7839116,0
2016-01-04,7.6122,7.7905,7.5231,7.6716,16692473,0
2016-01-05,7.7212,7.7508,7.5132,7.5726,10520119,0
2016-01-06,7.7508,7.9822,7.7408,7.8597,27968392,0
2016-01-07,8.1467,8.7406,8.1369,8.6615,38680354,0
2016-01-08,8.3942,8.6022,8.206,8.3348,23468197,0
2016-01-11,8.3744,8.434,7.8696,8.0676,23326542,0
2016-01-12,7.9587,7.9686,7.6321,7.8201,21646062,0
2016-01-13,7.7408,8.1667,7.7212,7.9587,21022734,0
2016-01-14,7.8201,7.9984,7.3649,7.5033,24260872,0
2016-01-15,7.9092,7.9587,7.6914,7.8201,34037754,0
2016-01-19,7.8795,7.8994,7.3153,7.5132,31108600,0
2016-01-20,7.7212,8.1667,7.6914,8.028,29541100,0
2016-01-21,7.8398,8.2654,7.7408,8.2459,23876518,0
2016-01-22,8.0181,8.5526,8.0082,8.4933,23489824,0
2016-01-25,8.6516,9.2405,8.6022,9.1762,37129169,0
2016-01-26,9.3148,9.4684,9.1951,9.4339,29090548,0
2016-01-27,9.1961,9.777,9.1366,9.74,29730461,0
2016-01-28,9.4339,9.835,9.2059,9.562,25104348,0
2016-01-29,9.4039,9.85,9.4039,9.81,18176582,0
2016-02-01,9.928,10.196,9.78,9.968,16960526,0
2016-02-02,9.8,9.948,9.557,9.76,12572473,0
2016-02-03,9.879,10.691,9.859,10.622,23304917,0
2016-02-04,10.799,11.325,10.725,11.067,33488648,0
2016-02-05,10.71,11.522,10.503,11.522,23456386,0
2016-02-08,11.809,12.339,11.67,11.789,39534305,0
2016-02-09,11.929,12.049,11.067,11.106,32657054,0
2016-02-10,10.809,11.482,10.463,11.463,27717836,0
2016-02-11,12.482,12.532,11.789,11.849,34146402,0
2016-02-12,11.571,12.195,11.502,12.126,19130584,0
2016-02-16,11.443,11.919,11.374,11.472,24756275,0
2016-02-17,11.611,11.879,11.384,11.769,22890368,0
2016-02-18,11.64,12.542,11.562,12.502,32550667,0
2016-02-19,12.334,12.809,12.274,12.432,23644919,0
2016-02-22,12.039,12.998,11.999,12.691,24773011,0
2016-02-23,12.819,13.432,12.769,13.402,34860301,0
2016-02-24,13.78,14.304,13.031,13.343,40571558,0
2016-02-25,13.235,13.751,13.235,13.462,21830389,0
2016-02-26,12.917,13.482,12.917,13.412,18843658,0
2016-02-29,13.522,13.879,13.482,13.771,17202330,0
2016-03-01,13.879,13.899,12.987,13.156,21522898,0
2016-03-02,13.186,13.482,13.116,13.462,14927185,0
2016-03-03,13.452,13.969,13.447,13.791,20534892,0
2016-03-04,13.929,14.673,13.492,13.601,32082408,0
2016-03-07,13.849,14.543,13.492,13.741,32217862,0
2016-03-08,14.018,14.196,13.027,13.216,25686786,0
2016-03-09,12.778,13.671,12.531,13.571,38831708,0
2016-03-10,13.849,14.236,13.741,14.047,23850156,0
2016-03-11,13.979,14.216,13.751,13.829,15493049,0
2016-03-14,13.949,14.156,13.542,13.552,18962599,0
2016-03-15,13.661,14.127,13.512,14.067,27119302,0
2016-03-16,13.839,15.087,13.621,15.047,30649182,0
2016-03-17,15.117,15.386,14.623,14.653,31694627,0
2016-03-18,14.543,14.886,14.423,14.613,23957000,0
2016-03-21,14.503,14.777,14.408,14.563,15802775,0
2016-03-22,14.852,14.94,14.296,14.374,17026897,0
2016-03-23,13.81,13.81,13.116,13.156,32008408,0
2016-03-24,13.264,13.552,13.126,13.442,13131017,0
2016-03-28,13.472,13.571,13.226,13.492,9877666,0
2016-03-29,13.591,14.028,13.422,13.929,18428454,0
2016-03-30,13.819,13.919,13.383,13.621,16009375,0
2016-03-31,13.839,13.879,13.452,13.462,11505800,0
2016-04-01,13.097,13.581,12.927,13.532,14733985,0
2016-04-04,13.462,13.571,13.274,13.383,11462434,0
2016-04-05,13.781,13.929,13.402,13.889,13528275,0
2016-04-06,13.791,13.979,13.681,13.849,17384061,0
2016-04-07,14.156,14.553,14.127,14.394,23919204,0
2016-04-08,14.483,15.187,14.483,15.047,20808183,0
2016-04-11,15.317,16.228,15.287,16.169,26320505,0
2016-04-12,16.139,16.521,15.813,16.208,19284477,0
2016-04-13,15.871,16.109,15.724,15.911,15745063,0
2016-04-14,15.861,15.999,14.97,15.287,21339019,0
2016-04-15,15.346,15.624,15.057,15.505,13027913,0
2016-04-18,15.783,15.783,15.406,15.684,11508285,0
2016-04-19,16.228,16.423,15.961,16.178,21134748,0
2016-04-20,16.169,16.506,15.475,15.754,25041769,0
2016-04-21,16.089,16.556,15.876,16.198,24536554,0
2016-04-22,15.999,16.408,15.674,15.98,16018176,0
2016-04-25,16.109,16.149,15.871,15.97,14019351,0
2016-04-26,16.019,16.448,15.891,16.338,15141395,0
2016-04-27,16.448,16.576,15.98,16.468,18513382,0
2016-04-28,16.646,17.498,16.616,17.398,18456245,0
2016-04-29,17.805,19.233,17.795,19.204,35840469,0
2016-05-02,19.291,19.331,18.667,18.945,32333021,0
2016-05-03,18.548,18.74,18.022,18.221,21853370,0
2016-05-04,17.655,18.311,17.171,17.309,24552716,0
2016-05-05,17.655,18.032,17.339,17.715,16559828,0
2016-05-06,18.002,18.676,17.982,18.311,17470188,0
2016-05-09,17.655,17.745,17.151,17.24,15305957,0
2016-05-10,17.27,17.845,17.061,17.775,14589698,0
2016-05-11,18.291,18.588,17.705,18.281,18046518,0
2016-05-12,18.261,18.488,17.795,17.963,11841537,0
2016-05-13,17.934,18.529,17.934,18.251,13137958,0
2016-05-16,18.725,18.975,18.49,18.745,14434249,0
2016-05-17,18.617,19.559,18.51,19.204,24837297,0
2016-05-18,18.895,19.213,17.418,17.468,29834237,0
2016-05-19,17.121,18.131,16.902,17.992,24591548,0
2016-05-20,18.141,18.311,17.448,18.042,15129809,0
2016-05-23,17.695,18.052,17.518,17.755,14310578,0
2016-05-24,17.348,17.645,16.743,16.762,18770115,0
2016-05-25,16.566,17.339,16.099,17.131,21837932,0
2016-05-26,17.468,17.646,16.842,17.002,15892408,0
2016-05-27,16.822,17.071,16.417,16.497,20360038,0
2016-05-31,16.467,17.071,16.277,16.645,25126973,0
2016-06-01,16.862,17.111,16.501,16.772,13350804,0
2016-06-02,16.585,16.942,16.505,16.832,10862368,0
2016-06-03,17.866,19.087,17.866,19.037,30249382,0
2016-06-06,18.947,19.057,18.412,18.777,18313974,0
2016-06-07,18.56,18.922,18.522,18.678,11393142,0
2016-06-08,19.394,19.77,18.957,19.077,19569361,0
2016-06-09,19.087,19.522,19.037,19.433,12941130,0
2016-06-10,19.682,20.286,19.349,19.462,24605422,0
2016-06-13,20.198,20.316,19.81,20.069,20820008,0
2016-06-14,20.139,20.178,19.467,19.642,16565316,0
2016-06-15,19.532,20.621,19.502,20.345,22659242,0
2016-06-16,21.051,21.24,19.741,19.91,27178506,0
2016-06-17,20.258,20.365,19.662,19.959,27624996,0
2016-06-20,19.245,19.711,19.007,19.612,17421466,0
2016-06-21,19.245,19.512,19.007,19.017,21290045,0
2016-06-22,19.077,19.547,18.857,19.502,14512882,0
2016-06-23,19.294,19.622,19.116,19.206,10373793,0
2016-06-24,20.843,20.921,19.82,20.316,29268325,0
2016-06-27,20.843,21.227,20.039,20.951,31030487,0
2016-06-28,20.385,20.873,20.268,20.475,18764115,0
2016-06-29,20.674,21.191,20.584,20.614,24643485,0
2016-06-30,20.843,21.269,20.694,21.191,16124166,0
2016-07-01,21.666,22.152,21.487,22.044,19173922,0
2016-07-05,22.302,22.459,21.587,22.232,21101745,0
2016-07-06,22.648,23.293,22.589,22.988,27532932,0
2016-07-07,22.823,22.858,21.776,22.182,24664100,0
2016-07-08,22.024,22.352,21.666,22.152,26979582,0
2016-07-11,21.826,22.034,21.676,21.876,19764728,0
2016-07-12,21.806,21.836,20.445,20.465,33818910,0
2016-07-13,20.951,21.157,20.654,20.921,27010900,0
2016-07-14,20.415,21.329,20.198,21.309,21256599,0
2016-07-15,20.981,21.408,20.931,21.24,13310319,0
2016-07-18,21.259,21.462,21.101,21.448,10152575,0
2016-07-19,21.359,21.497,21.191,21.408,10972792,0
2016-07-20,20.863,20.911,19.687,19.76,24801720,0
2016-07-21,20.089,20.425,19.88,20.258,25117636,0
2016-07-22,20.159,20.565,20.029,20.395,11923412,0
2016-07-25,20.119,20.139,19.384,19.682,17798139,0
2016-07-26,20.029,20.385,19.8,20.296,15743083,0
2016-07-27,20.634,21.279,20.287,21.191,20076527,0
2016-07-28,21.319,21.557,20.694,21.111,18105199,0
2016-07-29,21.487,21.934,21.378,21.696,14880323,0
2016-08-01,21.676,22.128,21.359,22.063,14574861,0
2016-08-02,22.312,22.768,22.133,22.52,19493539,0
2016-08-03,22.371,22.401,21.914,22.252,11765616,0
2016-08-04,22.421,22.529,22.182,22.202,12165216,0
2016-08-05,21.418,21.597,20.911,21.081,23676475,0
2016-08-08,21.001,21.636,20.971,21.259,12305615,0
2016-08-09,21.388,21.487,21.201,21.329,10735458,0
2016-08-10,21.905,21.924,21.378,21.607,15751330,0
2016-08-11,21.577,21.919,21.467,21.577,10087962,0
2016-08-12,21.914,22.024,21.458,21.587,8489432,0
2016-08-15,21.547,21.661,21.249,21.349,8055185,0
2016-08-16,21.398,21.458,20.764,21.161,13769262,0
2016-08-17,20.921,20.931,20.228,20.714,15019555,0
2016-08-18,20.853,21.031,20.729,20.882,8524934,0
2016-08-19,20.545,20.614,20.316,20.455,9168215,0
2016-08-22,20.019,20.258,19.929,20.238,9061692,0
2016-08-23,20.316,20.445,19.9,19.939,10617732,0
2016-08-24,19.572,19.582,17.916,18.033,30572661,0
2016-08-25,17.993,18.392,17.866,18.142,17289017,0
2016-08-26,18.57,18.847,17.776,18.083,22604166,0
2016-08-29,17.876,18.507,17.786,18.272,10285417,0
2016-08-30,18.113,18.132,17.17,17.308,19032040,0
2016-08-31,17.001,17.367,16.643,16.901,36655425,0
2016-09-01,16.771,17.856,16.652,17.686,22701237,0
2016-09-02,18.222,18.541,17.766,18.043,23114296,0
2016-09-06,18.541,18.958,18.392,18.918,17354632,0
2016-09-07,18.828,18.888,18.332,18.788,12351140,0
2016-09-08,18.748,18.948,18.232,18.312,11399529,0
2016-09-09,18.093,18.113,17.2,17.417,18614394,0
2016-09-12,17.13,17.886,17.011,17.656,19592053,0
2016-09-13,17.457,17.606,16.951,17.18,14704388,0
2016-09-14,17.357,17.517,16.846,17.08,16176270,0
2016-09-15,17.041,18.086,16.891,17.537,26127203,0
2016-09-16,17.357,17.676,16.951,17.23,22868853,0
2016-09-19,17.477,17.537,17.041,17.08,8847573,0
2016-09-20,17.14,17.328,16.981,17.09,8705255,0
2016-09-21,17.367,18.679,17.318,18.571,27518263,0
2016-09-22,18.798,19.068,18.182,18.412,18802093,0
2016-09-23,18.402,18.422,17.906,17.993,10740208,0
2016-09-26,18.083,18.302,17.786,17.806,10471390,0
2016-09-27,17.616,17.716,17.259,17.487,11615606,0
2016-09-28,17.497,18.073,17.18,17.906,12005872,0
2016-09-29,17.786,18.023,17.537,17.826,9772843,0
2016-09-30,18.202,18.272,17.567,17.606,11272401,0
2016-10-03,17.586,17.756,17.14,17.279,10371620,0
2016-10-04,16.643,16.662,15.292,15.351,37271746,0
2016-10-05,15.699,15.923,15.43,15.878,18078641,0
2016-10-06,15.44,15.689,15.202,15.54,18128268,0
2016-10-07,15.997,16.056,15.212,15.629,22145628,0
2016-10-10,15.818,15.873,15.411,15.48,13048450,0
2016-10-11,15.53,15.788,15.322,15.421,14451796,0
2016-10-12,15.51,15.948,15.371,15.729,16502669,0
2016-10-13,15.908,16.255,15.6,15.898,13346630,0
2016-10-14,15.699,15.987,15.57,15.589,11598765,0
2016-10-17,15.629,15.918,15.599,15.798,7493978,0
2016-10-18,16.156,16.345,15.967,16.265,13674336,0
2016-10-19,16.593,17.318,16.335,17.18,29767216,0
2016-10-20,17.21,17.23,16.53,16.931,15978067,0
2016-10-21,16.911,16.961,16.633,16.811,8571474,0
2016-10-24,16.881,16.931,16.18,16.425,13569169,0
2016-10-25,16.573,17.826,16.375,16.781,20105520,0
2016-10-26,16.742,16.841,16.385,16.543,11534980,0
2016-10-27,16.991,17.17,16.513,16.742,13409168,0
2016-10-28,16.702,17.289,16.593,16.971,17051461,0
2016-10-31,17.06,17.507,16.891,17.477,15521503,0
2016-11-01,17.876,18.611,17.856,18.292,26409937,0
2016-11-02,18.551,18.828,17.766,18.023,25253038,0
2016-11-03,17.886,18.512,17.816,18.212,12428215,0
2016-11-04,18.182,18.262,17.9,18.152,11817456,0
2016-11-07,17.447,17.527,16.901,17.239,14384193,0
2016-11-08,17.249,17.537,16.881,17.041,14393528,0
2016-11-09,18.182,18.187,16.677,17.14,34103279,0
2016-11-10,16.991,17.021,15.48,15.669,36319770,0
2016-11-11,15.689,15.719,14.566,14.745,35136869,0
2016-11-14,14.466,15.062,13.86,14.546,36095458,0
2016-11-15,14.686,15.5,14.596,15.48,27303604,0
2016-11-16,15.45,15.654,15.212,15.5,16837444,0
2016-11-17,15.55,15.858,15.013,15.262,16225177,0
2016-11-18,15.082,15.262,14.845,15.192,14646443,0
2016-11-21,15.45,15.54,15.232,15.292,10266457,0
2016-11-22,15.371,15.381,14.695,15.252,14856430,0
2016-11-23,14.556,14.686,14.259,14.536,21505265,0
2016-11-25,14.666,14.855,14.516,14.666,8054782,0
2016-11-28,15.013,15.362,14.825,15.323,15206878,0
2016-11-29,15.003,15.451,14.934,15.362,14959323,0
2016-11-30,15.123,15.183,14.636,14.944,23007797,0
2016-12-01,14.875,15.233,14.715,14.954,18510633,0
2016-12-02,15.163,15.78,14.959,15.581,19353552,0
2016-12-05,15.273,15.87,15.083,15.63,23110229,0
2016-12-06,15.6,15.86,15.303,15.412,17547979,0
2016-12-07,15.59,15.91,15.571,15.71,16869009,0
2016-12-08,15.67,15.87,15.66,15.84,10857383,0
2016-12-09,15.76,15.78,15.243,15.372,15632619,0
2016-12-12,15.501,15.541,15.013,15.233,18487727,0
2016-12-13,15.153,15.71,15.153,15.66,14853651,0
2016-12-14,15.82,16.058,14.636,14.656,32336025,0
2016-12-15,14.178,14.278,13.736,13.929,37505893,0
2016-12-16,14.148,14.392,13.869,14.208,28503280,0
2016-12-19,14.188,14.338,14.009,14.168,13893935,0
2016-12-20,13.919,14.338,13.869,14.268,13307730,0
2016-12-21,14.178,14.263,13.939,14.088,13574205,0
2016-12-22,14.048,14.258,13.959,14.048,11100481,0
2016-12-23,14.108,14.526,14.088,14.476,12490456,0
2016-12-27,14.636,14.894,14.536,14.785,11238666,0
2016-12-28,14.725,15.223,14.566,15.203,18108789,0
2016-12-29,15.521,16.377,15.441,16.307,30004511,0
2016-12-30,16.357,16.755,15.861,15.9,18888155,0
2017-01-03,15.92,16.357,15.785,16.307,18673722,0
2017-01-04,16.477,16.546,16.088,16.317,13774511,0
2017-01-05,16.695,17.411,16.675,17.283,26990383,0
2017-01-06,16.934,17.283,16.606,16.844,17908007,0
2017-01-09,17.193,17.213,16.779,16.884,15671263,0
2017-01-10,16.944,17.133,16.477,16.715,17367946,0
2017-01-11,16.675,16.725,16.058,16.596,22618552,0
2017-01-12,16.964,17.193,16.616,16.804,21105900,0
2017-01-13,16.675,16.854,16.367,16.784,12487718,0
2017-01-17,17.511,17.62,17.093,17.153,18910050,0
2017-01-18,17.103,17.179,16.596,16.735,17186277,0
2017-01-19,16.556,16.951,16.467,16.834,15627660,0
2017-01-20,16.884,17.253,16.834,17.024,17693013,0
2017-01-23,17.312,17.74,17.123,17.73,19983594,0
2017-01-24,17.7,18.257,17.63,18.038,29024079,0
2017-01-25,17.67,17.988,17.571,17.968,18476295,0
2017-01-26,17.491,17.968,17.441,17.78,19367122,0
2017-01-27,17.76,17.998,17.62,17.7,13281892,0
2017-01-30,17.82,18.217,17.75,17.92,17277770,0
2017-01-31,18.367,18.507,18.157,18.347,22560072,0
2017-02-01,18.068,18.428,17.968,18.387,16241938,0
2017-02-02,18.854,18.874,18.497,18.844,17959714,0
2017-02-03,18.724,19.084,18.674,18.834,11832269,0
2017-02-06,19.074,19.321,18.864,19.321,12310586,0
2017-02-07,19.104,19.391,18.904,19.232,13220651,0
2017-02-08,19.401,19.551,19.237,19.491,12575544,0
2017-02-09,19.531,19.551,18.934,19.054,14486546,0
2017-02-10,18.754,19.401,18.704,19.391,15719976,0
2017-02-13,19.193,19.411,19.118,19.321,11931314,0
2017-02-14,19.441,19.478,19.004,19.173,14089966,0
2017-02-15,18.904,19.271,18.744,19.222,12819048,0
2017-02-16,19.641,20.635,19.551,20.396,34872561,0
2017-02-17,20.316,20.675,20.058,20.068,17169949,0
2017-02-21,19.879,20.048,19.621,20.008,11766521,0
2017-02-22,19.839,19.988,19.411,19.769,13706939,0
2017-02-23,20.078,20.158,19.581,19.591,15961189,0
2017-02-24,19.929,19.969,19.441,19.471,13391746,0
2017-02-27,19.521,20.064,18.733,18.843,19395745,0
2017-02-28,19.103,19.291,17.956,18.515,32604678,0
2017-03-01,18.175,19.053,18.076,18.843,18219731,0
2017-03-02,18.325,18.445,17.857,17.976,32838336,0
2017-03-03,17.847,18.36,17.697,18.175,21584780,0
2017-03-06,18.145,18.175,17.752,17.956,13124531,0
2017-03-07,17.737,17.927,17.528,17.707,13951492,0
2017-03-08,17.498,17.927,17.289,17.757,13117147,0
2017-03-09,17.717,17.907,17.607,17.657,8764708,0
2017-03-10,17.767,18.225,17.687,18.135,12929981,0
2017-03-13,18.315,18.32,17.976,18.205,9862937,0
2017-03-14,18.165,18.435,17.657,17.737,12946348,0
2017-03-15,17.887,19.003,17.637,18.953,23384367,0
2017-03-16,19.371,19.431,18.798,18.843,15821333,0
2017-03-17,18.963,19.174,18.683,18.783,15144013,0
2017-03-20,18.863,19.043,18.753,18.993,7933208,0
2017-03-21,19.043,19.521,19.023,19.381,14158872,0
2017-03-22,19.591,19.7,19.241,19.411,9965766,0
2017-03-23,19.481,19.581,19.003,19.301,11508454,0
2017-03-24,19.192,19.341,19.103,19.142,6539447,0
2017-03-27,19.551,19.7,19.326,19.531,10244198,0
2017-03-28,19.451,19.681,18.943,19.013,11344023,0
2017-03-29,18.933,19.152,18.853,19.122,7293138,0
2017-03-30,18.993,19.112,18.624,18.773,8723528,0
2017-03-31,18.813,19.182,18.713,18.923,8707505,0
2017-04-03,18.883,19.256,18.853,19.241,6726423,0
2017-04-04,19.351,19.461,19.261,19.391,6858912,0
2017-04-05,19.112,19.471,18.953,19.291,9620161,0
2017-04-06,19.301,19.321,19.083,19.211,7349457,0
2017-04-07,19.611,19.641,18.868,19.073,12989148,0
2017-04-10,19.033,19.461,18.823,19.401,9808642,0
2017-04-11,19.691,20.049,19.571,20.019,17893402,0
2017-04-12,19.979,20.292,19.789,20.149,14012657,0
2017-04-13,20.229,20.249,19.74,19.759,15725517,0
2017-04-17,19.809,19.969,19.681,19.769,7033542,0
2017-04-18,19.789,19.799,19.471,19.641,10364254,0
2017-04-19,19.421,19.581,18.713,18.843,18987654,0
2017-04-20,18.993,19.211,18.733,19.132,11612489,0
2017-04-21,19.083,19.306,18.933,19.162,10526858,0
2017-04-24,18.853,19.192,18.753,18.973,14323755,0
2017-04-25,18.126,18.145,16.8,16.83,51574419,0
2017-04-26,17.059,17.059,16.531,16.9,24562972,0
2017-04-27,16.85,16.93,16.511,16.651,20340439,0
2017-04-28,16.741,16.96,16.631,16.661,16644769,0
2017-05-01,16.531,16.721,16.252,16.302,14757238,0
2017-05-02,16.292,16.472,16.182,16.352,11584117,0
2017-05-03,16.312,16.452,16.128,16.153,16109644,0
2017-05-04,15.944,16.073,15.804,15.944,13176352,0
2017-05-05,16.202,16.302,16.043,16.093,13052693,0
2017-05-08,16.172,16.232,15.924,16.202,10688695,0
2017-05-09,16.123,16.242,15.973,16.222,11255286,0
2017-05-10,16.412,16.482,16.232,16.332,11276826,0
2017-05-11,16.412,16.785,16.332,16.641,14720434,0
2017-05-12,16.77,16.89,16.651,16.81,10741140,0
2017-05-15,17.02,17.049,16.711,16.84,9903196,0
2017-05-16,16.95,16.995,16.83,16.9,10043109,0
2017-05-17,17.279,17.319,16.835,17.049,21400420,0
2017-05-18,17.0,17.01,16.442,16.452,14225926,0
2017-05-19,16.691,16.701,16.442,16.591,11938499,0
2017-05-22,16.741,16.94,16.651,16.82,8421491,0
2017-05-23,16.855,17.03,16.352,16.362,12396449,0
2017-05-24,16.412,16.681,16.242,16.651,13443154,0
2017-05-25,16.541,16.546,16.172,16.232,13957975,0
2017-05-26,16.462,16.511,16.192,16.352,11802411,0
2017-05-30,16.322,16.582,16.312,16.392,9019427,0
2017-05-31,16.442,16.682,16.301,16.512,16253748,0
2017-06-01,16.282,16.405,16.202,16.212,9933971,0
2017-06-02,16.422,16.582,16.172,16.172,11926249,0
2017-06-05,16.212,16.282,16.023,16.163,6876519,0
2017-06-06,16.482,17.011,16.462,17.011,18464941,0
2017-06-07,16.931,16.951,16.702,16.861,11625651,0
2017-06-08,16.791,16.801,16.392,16.612,11688079,0
2017-06-09,16.342,16.452,16.232,16.292,12582556,0
2017-06-12,16.212,16.502,16.202,16.372,9010311,0
2017-06-13,16.292,16.412,16.172,16.302,8264714,0
2017-06-14,16.502,16.562,15.903,15.923,19249003,0
2017-06-15,15.603,15.833,15.504,15.613,17630575,0
2017-06-16,15.663,15.783,15.524,15.663,13123339,0
2017-06-19,15.583,15.823,15.574,15.673,8630804,0
2017-06-20,15.683,15.693,15.484,15.554,9143547,0
2017-06-21,15.643,15.743,15.504,15.713,6286081,0
2017-06-22,15.943,16.123,15.853,16.063,9781327,0
2017-06-23,16.322,16.472,16.212,16.452,10576620,0
2017-06-26,16.262,16.472,16.242,16.312,6924507,0
2017-06-27,16.492,16.557,16.013,16.053,9879238,0
2017-06-28,16.242,16.242,15.883,16.103,8075970,0
2017-06-29,16.103,16.103,15.673,15.873,11382284,0
2017-06-30,15.853,15.983,15.753,15.883,8856291,0
2017-07-03,15.554,15.673,15.389,15.583,7236218,0
2017-07-05,15.593,15.953,15.484,15.913,11030399,0
2017-07-06,15.803,15.833,15.574,15.633,10426059,0
2017-07-07,15.574,15.633,15.254,15.324,13854669,0
2017-07-10,15.254,15.833,15.224,15.793,10505256,0
2017-07-11,15.743,15.898,15.524,15.873,7153585,0
2017-07-12,15.963,16.053,15.693,15.833,10790930,0
2017-07-13,15.873,15.953,15.663,15.683,7459718,0
2017-07-14,15.943,16.128,15.913,15.963,10317422,0
2017-07-17,16.113,16.242,16.033,16.053,7258226,0
2017-07-18,16.272,16.292,16.063,16.083,7158905,0
2017-07-19,16.093,16.202,15.993,16.103,6265754,0
2017-07-20,16.073,16.382,16.023,16.292,10853432,0
2017-07-21,16.402,16.442,16.073,16.163,10285792,0
2017-07-24,16.202,16.202,15.374,15.404,16690547,0
2017-07-25,15.414,16.063,15.414,16.013,24848701,0
2017-07-26,15.873,16.342,15.783,16.212,18457334,0
2017-07-27,16.512,17.091,16.382,16.502,18881941,0
2017-07-28,16.652,16.896,16.522,16.841,12835501,0
2017-07-31,16.781,17.051,16.672,16.881,9545404,0
2017-08-01,16.761,17.38,16.622,17.211,16873828,0
2017-08-02,17.101,17.281,17.061,17.111,12781251,0
2017-08-03,17.111,17.281,17.001,17.031,8936282,0
2017-08-04,16.891,17.031,16.502,16.582,10900849,0
2017-08-07,16.612,16.742,16.482,16.542,6659760,0
2017-08-08,16.642,16.662,16.312,16.472,9173808,0
2017-08-09,16.811,16.871,16.522,16.702,12188002,0
2017-08-10,16.961,17.121,16.921,17.041,11573707,0
2017-08-11,16.981,17.151,16.841,17.011,12119067,0
2017-08-14,16.682,16.821,16.582,16.692,7740879,0
2017-08-15,16.392,16.642,16.362,16.522,5838174,0
2017-08-16,16.562,16.971,16.472,16.881,9408290,0
2017-08-17,16.961,16.991,16.707,16.821,7051075,0
2017-08-18,17.071,17.24,16.562,16.612,13818840,0
2017-08-21,16.682,16.961,16.682,16.881,8315958,0
2017-08-22,16.831,16.901,16.752,16.831,6038936,0
2017-08-23,16.901,17.011,16.791,16.991,6621372,0
2017-08-24,16.941,17.101,16.901,17.021,5675667,0
2017-08-25,17.091,17.196,16.931,17.111,6895838,0
2017-08-28,17.221,17.66,17.161,17.64,12069348,0
2017-08-29,18.01,18.09,17.59,17.82,15149880,0
2017-08-30,17.73,18.04,17.65,17.75,9584271,0
2017-08-31,17.76,18.065,17.69,17.99,9093574,0
2017-09-01,18.16,18.18,17.82,18.11,8311619,0
2017-09-05,18.29,18.35,18.11,18.22,11175426,0
2017-09-06,18.14,18.3,17.75,17.85,12357261,0
2017-09-07,18.07,18.24,17.96,18.0,11995766,0
2017-09-08,17.98,18.03,17.63,17.81,10510824,0
2017-09-11,17.52,17.76,17.39,17.41,9766102,0
2017-09-12,17.32,17.48,17.1,17.43,6993618,0
2017-09-13,17.41,17.42,17.07,17.1,8893485,0
2017-09-14,17.04,17.17,16.87,17.14,10629696,0
2017-09-15,17.2,17.34,17.07,17.3,11019999,0
2017-09-18,17.03,17.14,16.87,16.92,8247464,0
2017-09-19,16.98,17.02,16.7,16.9,7933376,0
2017-09-20,16.94,17.075,16.32,16.47,11933881,0
2017-09-21,16.21,16.55,16.16,16.33,7729488,0
2017-09-22,16.46,16.48,16.26,16.36,7220773,0
2017-09-25,16.34,16.615,16.25,16.59,7681451,0
2017-09-26,16.44,16.605,16.37,16.42,7780097,0
2017-09-27,16.27,16.3782,16.22,16.24,7555444,0
2017-09-28,16.27,16.34,16.18,16.2,5594993,0
2017-09-29,16.2,16.24,16.06,16.09,6427754,0
2017-10-02,16.03,16.15,15.95,16.11,7995540,0
2017-10-03,16.09,16.38,16.09,16.27,8041591,0
2017-10-04,16.42,16.47,16.28,16.42,5294732,0
2017-10-05,16.46,16.5,16.36,16.42,4935493,0
2017-10-06,16.38,16.65,16.2,16.59,6356900,0
2017-10-09,16.67,16.79,16.665,16.7,5392292,0
2017-10-10,16.81,16.83,16.65,16.65,4837238,0
2017-10-11,16.71,16.79,16.51,16.76,6751299,0
2017-10-12,16.75,16.82,16.61,16.68,5665623,0
2017-10-13,16.78,16.835,16.625,16.67,6146082,0
2017-10-16,16.68,16.69,16.18,16.24,9896438,0
2017-10-17,16.14,16.25,16.02,16.22,7918443,0
2017-10-18,16.15,16.28,16.07,16.17,6209003,0
2017-10-19,16.25,16.3,16.06,16.1,8167518,0
2017-10-20,16.04,16.13,15.925,16.03,8862677,0
2017-10-23,15.94,16.22,15.94,16.15,7435486,0
2017-10-24,16.06,16.1,15.8,15.85,13369846,0
2017-10-25,15.9,15.98,15.645,15.75,16989475,0
2017-10-26,15.52,15.59,14.45,14.51,28248993,0
2017-10-27,14.58,14.78,14.54,14.68,13196595,0
2017-10-30,14.645,14.875,14.56,14.69,9338300,0
2017-10-31,14.61,14.62,14.41,14.45,10108637,0
2017-11-01,14.52,14.56,14.21,14.22,12455752,0
2017-11-02,14.18,14.36,14.05,14.1,13358973,0
2017-11-03,14.13,14.15,13.805,14.0,12156897,0
2017-11-06,14.05,14.15,13.94,14.01,10089089,0
2017-11-07,13.98,14.0,13.95,13.99,6310626,0
2017-11-08,14.1,14.15,13.971,13.99,7315799,0
2017-11-09,14.06,14.13,13.95,14.11,8247745,0
2017-11-10,14.1,14.14,13.9,13.98,7186218,0
