Date,Open,High,Low,Close,Volume,OpenInt
2014-01-02,27.659,28.088,27.537,28.033,774731,0
2014-01-03,28.103,28.414,27.993,28.386,700802,0
2014-01-06,28.446,28.78,28.241,28.636,1044466,0
2014-01-07,28.61,28.78,28.377,28.47,850400,0
2014-01-08,28.367,28.525,28.078,28.437,675270,0
2014-01-09,28.548,28.548,28.155,28.437,553737,0
2014-01-10,28.423,29.038,28.423,29.038,734789,0
2014-01-13,29.048,29.253,28.883,29.012,837986,0
2014-01-14,28.994,29.098,28.868,29.021,485157,0
2014-01-15,29.021,29.288,28.935,29.028,552891,0
2014-01-16,28.643,28.875,28.395,28.738,911442,0
2014-01-17,28.661,29.373,28.525,29.175,820688,0
2014-01-21,29.26,29.887,29.26,29.768,963073,0
2014-01-22,29.93,30.085,29.714,30.067,860476,0
2014-01-23,29.897,30.247,29.768,30.153,912695,0
2014-01-24,30.178,30.221,29.596,29.684,874890,0
2014-01-27,29.582,29.74,29.219,29.441,698551,0
2014-01-28,29.526,29.802,29.338,29.611,422275,0
2014-01-29,29.399,29.759,29.27,29.604,588023,0
2014-01-30,29.759,30.094,29.636,30.075,838595,0
2014-01-31,29.749,30.359,29.74,29.818,1028185,0
2014-02-03,29.759,29.778,28.971,29.028,1515935,0
2014-02-04,29.056,29.158,28.661,28.891,1594017,0
2014-02-05,28.859,29.038,28.557,28.627,1646911,0
2014-02-06,28.748,28.939,28.531,28.61,1497547,0
2014-02-07,28.679,28.921,28.452,28.826,1836804,0
2014-02-10,28.816,29.92,28.712,29.762,1100055,0
2014-02-11,29.781,30.544,29.762,30.386,1320761,0
2014-02-12,30.423,30.463,29.606,29.726,1009298,0
2014-02-13,31.166,31.93,30.43,31.175,4169263,0
2014-02-14,31.143,31.434,31.072,31.419,1284106,0
2014-02-18,31.489,31.602,31.229,31.426,1102816,0
2014-02-19,31.359,31.93,31.359,31.506,1351525,0
2014-02-20,31.513,31.783,31.019,31.166,912031,0
2014-02-21,31.143,31.602,30.95,31.323,819378,0
2014-02-24,31.34,31.689,31.166,31.393,1118140,0
2014-02-25,31.444,31.93,31.333,31.852,1150162,0
2014-02-26,31.852,32.061,31.783,31.905,1191423,0
2014-02-27,31.914,32.061,31.393,31.661,827404,0
2014-02-28,31.594,32.163,31.506,32.035,1204502,0
2014-03-03,31.861,32.226,31.861,32.026,1125776,0
2014-03-04,32.267,32.626,32.258,32.587,1567602,0
2014-03-05,32.702,32.702,32.354,32.579,675952,0
2014-03-06,32.607,32.657,32.13,32.191,703711,0
2014-03-07,32.123,32.123,31.4,31.681,868448,0
2014-03-10,31.652,31.746,31.368,31.453,670725,0
2014-03-11,31.506,31.878,31.489,31.756,546101,0
2014-03-12,31.619,31.922,31.585,31.896,794281,0
2014-03-13,31.888,32.2,31.722,32.105,866813,0
2014-03-14,32.182,32.555,32.041,32.182,729221,0
2014-03-17,32.258,32.425,31.852,32.163,889069,0
2014-03-18,32.172,32.226,31.896,31.991,780956,0
2014-03-19,31.991,32.2,31.134,31.247,650721,0
2014-03-20,31.229,31.557,31.019,31.548,752245,0
2014-03-21,31.624,32.226,31.576,31.948,1675961,0
2014-03-24,32.061,32.113,31.689,31.982,510377,0
2014-03-25,32.069,32.545,32.0,32.484,548259,0
2014-03-26,32.626,32.626,31.93,32.026,770754,0
2014-03-27,32.026,32.172,31.834,32.026,668576,0
2014-03-28,32.138,32.502,32.076,32.217,397776,0
2014-03-31,32.354,32.78,32.009,32.391,1052377,0
2014-04-01,32.362,32.417,32.009,32.322,818153,0
2014-04-02,32.337,32.459,32.041,32.337,748857,0
2014-04-03,32.362,32.579,32.25,32.296,1182151,0
2014-04-04,32.459,32.761,32.337,32.702,1404870,0
2014-04-07,32.753,33.126,32.657,32.684,692524,0
2014-04-08,32.65,32.84,32.538,32.739,487631,0
2014-04-09,32.78,32.962,32.494,32.692,312518,0
2014-04-10,32.721,33.031,32.476,32.617,636908,0
2014-04-11,32.494,32.731,32.172,32.217,595159,0
2014-04-14,32.372,32.597,32.123,32.45,476598,0
2014-04-15,32.579,32.721,32.409,32.587,488056,0
2014-04-16,32.78,32.807,32.502,32.721,390776,0
2014-04-17,32.675,32.675,32.217,32.399,557059,0
2014-04-21,32.425,32.798,32.322,32.798,400017,0
2014-04-22,32.807,32.928,32.441,32.912,659801,0
2014-04-23,32.952,33.387,32.635,32.857,785319,0
2014-04-24,32.99,33.118,32.617,32.739,816895,0
2014-04-25,32.657,32.826,32.587,32.657,420232,0
2014-04-28,32.807,33.057,32.494,33.023,666126,0
2014-04-29,33.1,33.222,32.921,33.076,620370,0
2014-04-30,33.039,33.172,32.848,33.126,550057,0
2014-05-01,33.187,33.465,32.77,33.423,737875,0
2014-05-02,33.423,33.925,33.187,33.726,711862,0
2014-05-05,33.551,34.029,33.44,33.95,615925,0
2014-05-06,33.82,33.95,33.559,33.778,471479,0
2014-05-07,33.82,34.158,33.734,34.046,797098,0
2014-05-08,34.029,34.158,33.856,34.001,483525,0
2014-05-09,33.941,34.133,33.673,33.794,506968,0
2014-05-12,33.889,33.969,33.639,33.769,501663,0
2014-05-13,33.778,34.029,33.301,33.405,581434,0
2014-05-14,33.447,33.911,33.3,33.79,448061,0
2014-05-15,33.711,33.798,33.537,33.756,558887,0
2014-05-16,33.73,34.212,33.676,34.212,443458,0
2014-05-19,34.22,34.254,33.956,34.22,510126,0
2014-05-20,34.212,34.491,33.781,33.904,497623,0
2014-05-21,34.043,34.157,33.352,33.36,493829,0
2014-05-22,33.456,33.676,33.238,33.379,409504,0
2014-05-23,33.413,33.807,33.379,33.711,287401,0
2014-05-27,33.756,33.886,33.597,33.86,290739,0
2014-05-28,33.852,33.974,33.352,33.693,495387,0
2014-05-29,33.606,33.825,32.284,33.79,333956,0
2014-05-30,33.852,34.157,33.711,34.017,819304,0
2014-06-02,34.052,34.279,33.966,34.261,401452,0
2014-06-03,34.569,34.569,33.984,34.043,431621,0
2014-06-04,34.0,34.261,33.842,34.175,490610,0
2014-06-05,34.08,34.719,33.984,34.692,500336,0
2014-06-06,34.744,34.753,34.194,34.244,496131,0
2014-06-09,34.228,34.35,33.633,33.798,590113,0
2014-06-10,33.721,33.842,33.369,33.501,641898,0
2014-06-11,33.413,33.642,33.072,33.326,624292,0
2014-06-12,33.343,33.625,33.133,33.484,443940,0
2014-06-13,33.625,33.746,33.21,33.58,580261,0
2014-06-16,33.676,33.676,33.21,33.265,474050,0
2014-06-17,33.273,33.405,33.123,33.185,651859,0
2014-06-18,33.308,33.616,33.054,33.36,937139,0
2014-06-19,33.44,33.44,33.141,33.22,1323241,0
2014-06-20,33.273,33.396,33.185,33.343,1012109,0
2014-06-23,33.432,33.894,33.273,33.543,869119,0
2014-06-24,33.606,33.642,33.413,33.528,829672,0
2014-06-25,33.528,33.686,33.423,33.633,827576,0
2014-06-26,33.658,33.702,33.484,33.658,732831,0
2014-06-27,33.658,33.886,33.528,33.86,702542,0
2014-06-30,33.87,33.974,33.326,33.492,1092992,0
2014-07-01,33.553,34.375,33.447,34.279,1777487,0
2014-07-02,34.228,34.228,33.764,33.956,508312,0
2014-07-03,33.911,34.061,33.423,33.633,321901,0
2014-07-07,33.589,33.878,33.571,33.693,633968,0
2014-07-08,33.764,34.141,33.711,34.131,632597,0
2014-07-09,34.228,34.365,33.921,34.299,430988,0
2014-07-10,34.114,34.385,33.974,34.254,547489,0
2014-07-11,34.261,34.544,34.061,34.491,419151,0
2014-07-14,34.55,34.647,34.309,34.587,402041,0
2014-07-15,34.509,34.729,34.385,34.719,284231,0
2014-07-16,34.796,34.971,34.499,34.961,687831,0
2014-07-17,34.874,35.025,34.787,34.834,394786,0
2014-07-18,34.858,35.068,34.787,34.947,355866,0
2014-07-21,34.93,35.156,34.692,35.035,605331,0
2014-07-22,35.164,35.681,35.044,35.121,1467097,0
2014-07-23,35.47,35.47,35.068,35.298,876804,0
2014-07-24,35.306,35.411,35.226,35.262,513811,0
2014-07-25,35.262,35.393,34.98,35.051,533017,0
2014-07-28,35.121,35.121,34.874,35.087,466579,0
2014-07-29,35.068,35.331,34.99,34.99,456932,0
2014-07-30,34.999,35.156,34.491,34.71,540597,0
2014-07-31,34.578,34.596,34.07,34.089,719567,0
2014-08-01,34.061,34.148,33.413,33.658,1566593,0
2014-08-04,33.772,33.825,33.432,33.756,609826,0
2014-08-05,33.711,33.721,33.326,33.352,703797,0
2014-08-06,33.336,33.379,33.151,33.185,711136,0
2014-08-07,33.336,33.44,33.123,33.29,541431,0
2014-08-08,33.432,33.597,33.151,33.537,589493,0
2014-08-11,33.543,33.835,33.466,33.537,522930,0
2014-08-12,33.52,33.764,33.202,33.336,640207,0
2014-08-13,33.457,34.14,33.457,34.059,587968,0
2014-08-14,34.156,34.184,33.627,33.882,558687,0
2014-08-15,33.963,34.228,33.705,33.821,732870,0
2014-08-18,34.034,34.553,33.84,34.531,1090262,0
2014-08-19,34.599,34.716,34.397,34.628,460838,0
2014-08-20,34.637,34.998,34.466,34.891,629576,0
2014-08-21,34.937,35.121,34.687,34.767,575433,0
2014-08-22,34.776,34.847,34.484,34.581,513052,0
2014-08-25,34.644,34.864,34.433,34.619,443162,0
2014-08-26,34.628,34.946,34.628,34.742,462586,0
2014-08-27,34.776,34.919,34.687,34.882,392298,0
2014-08-28,34.9,35.059,34.831,34.96,491868,0
2014-08-29,34.96,35.059,34.84,34.954,592982,0
2014-09-02,34.954,35.024,34.725,34.831,704537,0
2014-09-03,34.891,35.087,34.725,35.044,465475,0
2014-09-04,35.059,35.218,34.97,35.13,548812,0
2014-09-05,35.139,35.608,35.13,35.466,887203,0
2014-09-08,35.45,35.529,35.263,35.493,543484,0
2014-09-09,35.361,35.59,35.175,35.246,843200,0
2014-09-10,35.113,35.175,34.644,34.651,716823,0
2014-09-11,34.573,34.776,34.494,34.679,732595,0
2014-09-12,34.553,34.599,33.36,33.414,929753,0
2014-09-15,33.44,33.67,33.025,33.122,793087,0
2014-09-16,33.202,33.3,32.944,33.122,1294428,0
2014-09-17,33.168,33.486,32.999,33.122,1008493,0
2014-09-18,33.131,33.256,32.556,32.61,862175,0
2014-09-19,32.62,32.796,32.546,32.679,1236180,0
2014-09-22,32.671,32.679,32.328,32.343,533214,0
2014-09-23,32.292,32.475,31.99,32.017,841840,0
2014-09-24,32.008,32.203,31.682,31.739,841205,0
2014-09-25,31.739,31.857,31.575,31.796,892202,0
2014-09-26,31.699,32.3,31.672,32.203,863142,0
2014-09-29,31.999,32.458,31.884,32.449,1148012,0
2014-09-30,32.379,32.539,32.194,32.247,1041709,0
2014-10-01,32.254,32.458,32.14,32.254,945861,0
2014-10-02,32.185,32.379,31.813,32.106,776582,0
2014-10-03,32.237,32.254,31.893,32.22,504107,0
2014-10-06,32.309,32.637,32.254,32.425,623255,0
2014-10-07,32.407,32.637,32.282,32.3,911986,0
2014-10-08,32.254,32.741,32.194,32.707,1222610,0
2014-10-09,32.644,33.316,32.637,33.042,1897649,0
2014-10-10,33.139,33.6,33.069,33.168,1147579,0
2014-10-13,33.272,33.953,33.131,33.761,1236424,0
2014-10-14,33.963,34.531,33.831,34.262,940961,0
2014-10-15,34.05,34.619,33.812,34.3,1092671,0
2014-10-16,34.078,34.29,33.793,34.194,1016056,0
2014-10-17,34.502,34.512,33.891,34.156,997404,0
2014-10-20,34.05,34.687,34.042,34.679,923351,0
2014-10-21,34.679,35.034,34.644,35.024,1010151,0
2014-10-22,34.946,35.034,34.415,34.539,2249225,0
2014-10-23,34.734,34.831,34.28,34.334,1292987,0
2014-10-24,34.156,34.3,33.821,34.113,1840475,0
2014-10-27,34.147,34.424,33.9,34.415,1464424,0
2014-10-28,34.441,34.531,34.254,34.502,977081,0
2014-10-29,34.484,34.706,34.175,34.397,1118925,0
2014-10-30,34.397,34.609,34.212,34.609,1344620,0
2014-10-31,34.749,34.989,34.424,34.742,1167670,0
2014-11-03,34.767,35.077,34.697,35.034,894876,0
2014-11-04,35.095,35.299,34.793,35.272,649985,0
2014-11-05,35.386,35.431,34.679,34.891,837517,0
2014-11-06,34.785,35.034,34.679,34.776,887965,0
2014-11-07,34.793,35.087,34.609,34.91,913943,0
2014-11-10,34.882,35.428,34.705,35.41,865932,0
2014-11-11,35.391,35.526,35.204,35.339,740853,0
2014-11-12,35.347,35.382,34.919,35.044,662591,0
2014-11-13,35.088,35.311,34.971,35.168,653776,0
2014-11-14,35.079,35.23,34.676,34.812,536791,0
2014-11-17,34.784,34.946,34.569,34.625,1065679,0
2014-11-18,34.641,34.714,34.437,34.569,1002397,0
2014-11-19,34.445,34.641,34.247,34.518,794009,0
2014-11-20,34.569,34.634,34.257,34.528,782543,0
2014-11-21,34.723,35.212,34.518,35.159,851323,0
2014-11-24,35.249,35.606,35.088,35.578,742425,0
2014-11-25,35.578,35.578,35.356,35.373,591540,0
2014-11-26,35.462,35.767,35.462,35.704,875550,0
2014-11-28,35.777,36.106,35.596,35.732,418498,0
2014-12-01,35.732,35.955,35.508,35.552,713891,0
2014-12-02,35.479,35.56,35.132,35.479,780391,0
2014-12-03,35.479,35.616,35.267,35.578,403420,0
2014-12-04,35.578,35.777,35.455,35.704,723725,0
2014-12-05,35.56,35.722,35.212,35.714,630732,0
2014-12-08,35.642,36.223,35.642,36.045,937155,0
2014-12-09,35.908,36.232,35.908,36.098,1082044,0
2014-12-10,35.999,36.213,35.792,36.053,889341,0
2014-12-11,36.205,36.223,35.856,36.177,919493,0
2014-12-12,36.144,36.232,35.927,35.955,2143632,0
2014-12-15,35.955,35.99,35.24,35.616,1462889,0
2014-12-16,35.659,35.678,35.06,35.366,1728483,0
2014-12-17,35.401,36.026,35.311,35.908,1377898,0
2014-12-18,36.069,36.32,36.026,36.313,831110,0
2014-12-19,36.32,36.562,36.265,36.4,2077051,0
2014-12-22,36.481,37.232,36.464,37.206,835978,0
2014-12-23,37.331,37.41,36.981,37.108,479448,0
2014-12-24,37.089,37.374,36.938,37.045,351692,0
2014-12-26,37.144,37.312,36.953,37.108,292325,0
2014-12-29,37.036,37.473,36.981,37.374,582259,0
2014-12-30,37.374,37.579,37.285,37.41,453201,0
2014-12-31,37.419,37.687,36.911,36.945,682656,0
2015-01-02,37.152,37.625,36.963,37.596,614573,0
2015-01-05,37.438,37.936,37.339,37.821,963845,0
2015-01-06,37.964,38.268,37.777,38.213,1274821,0
2015-01-07,38.144,38.545,37.992,38.276,1673502,0
2015-01-08,38.276,38.661,38.135,38.5,1702594,0
2015-01-09,38.554,38.725,38.311,38.447,863444,0
2015-01-12,38.527,38.893,38.474,38.803,1330168,0
2015-01-13,38.803,39.125,38.429,38.786,1239147,0
2015-01-14,38.616,39.268,38.5,39.027,1509939,0
2015-01-15,38.608,39.01,38.51,38.911,1222729,0
2015-01-16,38.955,39.197,38.715,39.16,705217,0
2015-01-20,39.295,39.402,38.866,39.019,898314,0
2015-01-21,39.027,39.242,38.786,39.081,1377156,0
2015-01-22,39.197,39.949,39.053,39.752,1939859,0
2015-01-23,39.823,39.823,39.394,39.688,3404531,0
2015-01-26,39.786,39.884,39.465,39.823,2397441,0
2015-01-27,39.626,40.134,39.626,39.842,1392914,0
2015-01-28,39.921,40.538,39.901,40.056,1879340,0
2015-01-29,40.081,40.126,39.671,39.813,1234612,0
2015-01-30,39.769,39.778,39.224,39.268,2259002,0
2015-02-02,39.242,39.5,38.402,39.449,1753883,0
2015-02-03,39.331,39.974,39.224,39.958,1267806,0
2015-02-04,39.931,40.19,39.483,39.94,1500545,0
2015-02-05,40.108,40.415,39.992,40.291,733124,0
2015-02-06,40.136,40.315,39.38,39.595,1139567,0
2015-02-09,39.542,39.883,38.984,38.984,647182,0
2015-02-10,38.758,38.974,38.02,38.694,1089794,0
2015-02-11,38.687,38.921,38.326,38.703,562851,0
2015-02-12,38.75,39.316,38.614,39.235,543630,0
2015-02-13,39.21,39.227,38.832,39.011,728573,0
2015-02-17,38.642,39.326,38.316,38.542,1715823,0
2015-02-18,38.832,39.02,38.361,38.964,962693,0
2015-02-19,38.822,38.921,37.749,37.913,771167,0
2015-02-20,37.93,38.207,37.821,38.064,745470,0
2015-02-23,38.165,38.425,37.913,38.264,840490,0
2015-02-24,38.082,38.082,37.344,37.562,731860,0
2015-02-25,37.595,37.856,37.335,37.425,967789,0
2015-02-26,37.434,37.471,36.929,36.947,844636,0
2015-02-27,37.011,37.246,36.724,37.181,1321645,0
2015-03-02,37.29,37.686,37.127,37.335,586171,0
2015-03-03,37.21,37.363,36.955,37.308,480834,0
2015-03-04,37.21,37.308,36.724,36.865,578621,0
2015-03-05,36.947,37.326,36.947,36.993,800502,0
2015-03-06,36.434,36.434,35.686,36.146,1545730,0
2015-03-09,36.27,36.724,36.18,36.632,792954,0
2015-03-10,36.578,37.029,36.543,36.714,913830,0
2015-03-11,36.74,36.983,36.543,36.884,1011172,0
2015-03-12,37.109,37.317,36.857,37.246,653543,0
2015-03-13,37.236,37.246,36.839,37.092,511915,0
2015-03-16,37.28,37.821,36.939,37.659,691504,0
2015-03-17,37.633,37.794,37.379,37.642,628904,0
2015-03-18,37.652,38.632,37.379,38.532,706711,0
2015-03-19,38.361,38.642,38.073,38.073,839685,0
2015-03-20,38.199,39.488,38.147,39.425,3089684,0
2015-03-23,39.415,39.758,39.182,39.182,692281,0
2015-03-24,39.119,39.136,38.361,38.361,765537,0
2015-03-25,38.425,38.65,37.757,37.83,709596,0
2015-03-26,37.749,37.937,37.514,37.652,487271,0
2015-03-27,37.704,38.01,37.57,37.913,560751,0
2015-03-30,38.01,38.56,37.785,38.532,644330,0
2015-03-31,38.397,38.758,38.361,38.622,1482808,0
2015-04-01,38.668,38.713,38.279,38.596,1012060,0
2015-04-02,38.596,39.173,38.452,39.063,738457,0
2015-04-06,39.235,39.461,39.063,39.344,969771,0
2015-04-07,39.308,39.361,38.839,38.848,1128036,0
2015-04-08,39.02,39.02,38.551,38.586,666531,0
2015-04-09,38.516,38.579,37.633,37.722,554271,0
2015-04-10,37.947,38.247,37.595,37.686,375724,0
2015-04-13,37.577,37.776,37.387,37.397,456856,0
2015-04-14,37.553,37.694,37.379,37.425,560862,0
2015-04-15,37.496,37.504,37.064,37.101,539790,0
2015-04-16,36.965,37.444,36.785,37.29,544640,0
2015-04-17,37.118,37.262,36.766,37.02,496041,0
2015-04-20,37.064,37.2,36.921,37.082,560814,0
2015-04-21,37.254,37.387,37.02,37.181,334468,0
2015-04-22,37.155,37.603,37.092,37.603,874642,0
2015-04-23,37.57,37.93,37.524,37.913,534112,0
2015-04-24,37.993,38.172,37.749,38.029,568315,0
2015-04-27,38.099,38.307,38.038,38.156,1131271,0
2015-04-28,37.965,38.397,37.712,38.099,451086,0
2015-04-29,37.757,38.064,37.029,37.191,562638,0
2015-04-30,37.127,37.191,35.957,36.162,1032928,0
2015-05-01,36.162,36.641,36.101,36.354,600378,0
2015-05-04,36.506,36.785,36.434,36.497,704047,0
2015-05-05,36.397,36.462,35.371,35.453,841237,0
2015-05-06,35.425,35.595,35.245,35.558,807124,0
2015-05-07,35.677,36.336,35.544,36.19,757887,0
2015-05-08,36.641,36.974,36.316,36.354,804497,0
2015-05-11,36.19,36.416,35.615,35.658,750555,0
2015-05-12,35.425,35.704,35.046,35.595,656022,0
2015-05-13,35.732,36.01,34.955,35.064,782409,0
2015-05-14,35.318,35.929,35.302,35.919,524448,0
2015-05-15,36.039,36.32,35.902,35.993,696957,0
2015-05-18,35.856,36.192,35.683,35.775,564606,0
2015-05-19,35.647,35.948,35.621,35.701,492403,0
2015-05-20,35.792,35.893,35.548,35.683,615849,0
2015-05-21,35.683,35.893,35.455,35.611,510386,0
2015-05-22,35.555,35.865,35.355,35.656,568170,0
2015-05-26,35.601,35.691,35.193,35.293,976137,0
2015-05-27,35.355,35.856,35.228,35.801,704282,0
2015-05-28,35.775,35.957,35.473,35.711,1005723,0
2015-05-29,35.957,36.264,35.473,35.511,4966222,0
2015-06-01,35.539,36.283,35.419,36.258,1167190,0
2015-06-02,36.183,36.231,35.601,36.039,877811,0
2015-06-03,35.939,36.029,35.318,35.365,1048457,0
2015-06-04,35.328,35.592,35.127,35.328,555317,0
2015-06-05,34.873,35.521,34.471,35.201,830284,0
2015-06-08,35.201,35.482,34.938,35.193,629360,0
2015-06-09,35.083,35.255,34.81,34.928,597379,0
2015-06-10,34.938,35.464,34.79,35.265,859718,0
2015-06-11,35.521,35.884,35.328,35.721,971841,0
2015-06-12,35.665,35.856,35.31,35.365,745369,0
2015-06-15,35.365,35.492,35.101,35.146,462710,0
2015-06-16,35.201,35.492,35.101,35.373,756021,0
2015-06-17,35.411,35.691,35.073,35.611,551912,0
2015-06-18,35.621,36.33,35.592,36.148,700546,0
2015-06-19,36.049,36.183,35.765,35.993,1273880,0
2015-06-22,36.073,36.421,35.548,35.573,761735,0
2015-06-23,35.382,35.501,35.127,35.283,994453,0
2015-06-24,35.283,35.592,35.184,35.193,751408,0
2015-06-25,35.174,35.328,34.891,34.919,802602,0
2015-06-26,34.882,35.31,34.754,35.11,923991,0
2015-06-29,35.009,35.31,34.552,34.581,752728,0
2015-06-30,34.782,34.782,34.218,34.31,1186683,0
2015-07-01,34.31,35.174,34.191,35.174,1203573,0
2015-07-02,35.429,35.765,34.963,35.028,700108,0
2015-07-06,34.963,35.482,34.928,35.318,767339,0
2015-07-07,35.31,35.611,34.82,34.919,3650707,0
2015-07-08,34.71,34.947,34.681,34.8,1341772,0
2015-07-09,34.938,35.046,34.562,34.639,1168529,0
2015-07-10,34.681,35.055,34.452,34.928,1645300,0
2015-07-13,35.193,35.464,34.8,35.009,1372090,0
2015-07-14,35.092,35.721,34.763,35.592,1888140,0
2015-07-15,35.473,35.665,35.246,35.482,883616,0
2015-07-16,35.592,35.801,35.318,35.464,1189292,0
2015-07-17,35.473,35.501,35.21,35.473,1195333,0
2015-07-20,35.429,35.884,35.274,35.884,1133923,0
2015-07-21,35.948,36.111,35.621,35.647,724825,0
2015-07-22,35.647,36.02,35.647,35.747,702963,0
2015-07-23,35.674,35.747,35.193,35.373,702304,0
2015-07-24,35.293,35.521,35.21,35.255,1247844,0
2015-07-27,35.318,35.501,35.092,35.201,1149085,0
2015-07-28,34.91,35.237,34.218,34.32,1283988,0
2015-07-29,34.237,34.43,33.618,34.42,1394172,0
2015-07-30,34.3,34.37,33.754,33.764,908610,0
2015-07-31,34.053,34.136,33.744,33.973,1030551,0
2015-08-03,34.036,34.218,33.953,34.144,1118138,0
2015-08-04,34.153,34.237,33.644,33.772,1065815,0
2015-08-05,33.844,33.953,33.271,33.343,828857,0
2015-08-06,33.343,33.499,32.87,33.451,699778,0
2015-08-07,33.417,33.854,33.097,33.808,828967,0
2015-08-10,33.927,34.017,33.371,33.519,643753,0
2015-08-11,33.49,33.854,33.435,33.827,777633,0
2015-08-12,33.754,33.907,33.371,33.899,1129968,0
2015-08-13,33.889,34.266,33.548,34.12,791916,0
2015-08-14,34.12,34.45,33.881,34.426,637054,0
2015-08-17,34.434,34.71,34.139,34.671,747251,0
2015-08-18,34.589,34.729,34.396,34.608,735839,0
2015-08-19,34.406,34.69,34.266,34.551,734643,0
2015-08-20,34.396,34.801,34.093,34.517,1054475,0
2015-08-21,34.332,34.527,34.009,34.009,1347030,0
2015-08-24,33.319,33.625,32.216,32.37,1666555,0
2015-08-25,32.749,32.813,31.019,31.047,1922463,0
2015-08-26,31.542,31.719,30.89,31.461,1775751,0
2015-08-27,31.702,32.685,31.25,32.252,1392021,0
2015-08-28,32.289,32.491,32.04,32.207,893635,0
2015-08-31,32.243,32.243,31.49,31.515,1185864,0
2015-09-01,31.12,31.37,30.688,30.872,960363,0
2015-09-02,31.148,31.268,30.651,30.9,786048,0
2015-09-03,31.001,31.184,30.733,30.817,912764,0
2015-09-04,30.577,30.577,29.849,29.998,872119,0
2015-09-08,30.246,30.365,29.96,30.079,1681966,0
2015-09-09,30.283,30.504,29.619,29.686,1044257,0
2015-09-10,29.556,30.017,29.556,29.72,1601747,0
2015-09-11,29.705,30.587,29.61,30.384,1595134,0
2015-09-14,30.513,30.549,29.988,30.145,876682,0
2015-09-15,30.099,31.028,29.859,30.964,3533682,0
2015-09-16,31.011,31.735,30.964,31.461,1227161,0
2015-09-17,31.481,32.234,31.268,31.744,1194857,0
2015-09-18,31.481,32.279,31.286,32.014,2319127,0
2015-09-21,31.967,32.739,31.967,32.545,1268130,0
2015-09-22,32.36,32.545,32.207,32.298,1589809,0
2015-09-23,32.419,33.135,32.226,33.135,1806670,0
2015-09-24,33.089,33.873,32.739,33.659,3107071,0
2015-09-25,33.659,33.992,33.283,33.548,2018533,0
2015-09-28,33.456,33.486,33.126,33.329,2048786,0
2015-09-29,33.355,33.954,32.941,33.836,1654688,0
2015-09-30,34.0,34.0,33.265,33.346,1517865,0
2015-10-01,33.447,33.495,33.025,33.421,997748,0
2015-10-02,33.302,33.642,32.813,33.642,906351,0
2015-10-05,33.734,34.248,33.539,34.204,696277,0
2015-10-06,34.147,34.426,33.983,34.214,675417,0
2015-10-07,34.204,34.652,34.147,34.644,1270522,0
2015-10-08,34.662,35.021,34.469,34.966,613906,0
2015-10-09,34.985,34.985,34.57,34.737,831910,0
2015-10-12,34.737,34.976,34.507,34.801,634561,0
2015-10-13,34.638,34.995,34.469,34.527,735514,0
2015-10-14,34.628,34.745,34.275,34.366,409596,0
2015-10-15,34.396,34.865,34.285,34.865,528705,0
2015-10-16,34.966,35.4,34.855,35.243,615536,0
2015-10-19,35.243,36.025,35.031,35.998,813250,0
2015-10-20,35.933,36.349,35.803,36.256,445807,0
2015-10-21,36.357,36.474,36.044,36.29,500774,0
2015-10-22,36.374,36.577,36.3,36.512,655310,0
2015-10-23,36.411,36.668,36.154,36.45,903851,0
2015-10-26,36.531,36.678,36.319,36.632,676177,0
2015-10-27,36.577,37.708,36.263,37.616,1103704,0
2015-10-28,38.085,38.629,37.019,37.645,1977236,0
2015-10-29,37.351,37.984,37.294,37.883,636403,0
2015-10-30,37.993,38.095,37.267,37.332,1010570,0
2015-11-02,37.285,37.596,36.991,37.553,996994,0
2015-11-03,37.404,37.443,36.605,36.991,1210968,0
2015-11-04,37.028,37.36,36.76,37.093,781063,0
2015-11-05,37.028,37.754,36.725,37.626,476975,0
2015-11-06,37.102,37.294,36.357,36.541,1026872,0
2015-11-09,36.383,36.808,35.52,35.832,649968,0
2015-11-10,35.85,36.735,35.85,36.641,1011550,0
2015-11-11,36.641,36.909,36.099,36.605,812238,0
2015-11-12,36.493,36.809,36.244,36.252,472071,0
2015-11-13,36.371,36.511,35.898,35.936,422047,0
2015-11-16,36.056,36.65,35.916,36.399,504562,0
2015-11-17,36.288,36.921,36.159,36.438,457011,0
2015-11-18,36.456,36.855,36.176,36.829,484874,0
2015-11-19,36.921,37.107,36.585,37.068,505638,0
2015-11-20,37.21,37.627,37.125,37.627,439796,0
2015-11-23,37.646,37.869,37.403,37.597,454965,0
2015-11-24,37.384,37.496,36.976,37.403,585797,0
2015-11-25,37.442,37.785,37.339,37.563,558243,0
2015-11-27,37.505,37.934,37.487,37.692,415806,0
2015-11-30,37.831,38.158,37.432,37.553,1104010,0
2015-12-01,37.692,37.934,37.563,37.906,658614,0
2015-12-02,37.794,37.906,37.17,37.17,1118574,0
2015-12-03,36.261,36.623,35.758,35.906,1519226,0
2015-12-04,36.01,36.521,35.936,36.224,1102612,0
2015-12-07,36.185,36.205,35.758,36.001,895409,0
2015-12-08,36.01,36.083,35.656,35.926,773809,0
2015-12-09,35.814,36.083,35.415,35.572,742104,0
2015-12-10,35.647,35.889,35.331,35.368,904875,0
2015-12-11,35.256,35.6,35.089,35.591,940378,0
2015-12-14,35.536,36.214,35.387,36.166,865879,0
2015-12-15,36.362,37.014,36.307,36.912,685947,0
2015-12-16,37.059,37.953,36.921,37.821,545766,0
2015-12-17,37.794,38.054,37.709,38.018,493374,0
2015-12-18,37.925,37.943,37.349,37.505,1317453,0
2015-12-21,37.665,37.729,36.595,36.873,1133810,0
2015-12-22,36.948,37.358,36.595,37.004,1000949,0
2015-12-23,37.042,37.646,37.004,37.478,743824,0
2015-12-24,37.413,37.544,37.217,37.534,229754,0
2015-12-28,37.46,37.597,36.967,37.553,813333,0
2015-12-29,37.646,38.668,37.636,38.641,1008771,0
2015-12-30,38.622,38.955,38.388,38.528,502842,0
2015-12-31,38.612,39.03,38.388,38.426,730388,0
2016-01-04,38.354,39.04,37.525,37.813,818054,0
2016-01-05,37.785,38.994,37.776,38.678,879068,0
2016-01-06,38.361,38.909,38.277,38.891,851882,0
2016-01-07,38.361,38.695,38.154,38.212,926672,0
2016-01-08,38.344,38.519,37.597,37.655,435759,0
2016-01-11,37.701,38.183,37.636,37.887,652497,0
2016-01-12,38.018,38.018,36.995,37.33,890617,0
2016-01-13,37.403,37.674,36.855,36.883,663719,0
2016-01-14,36.912,37.042,36.399,36.65,521486,0
2016-01-15,36.214,36.577,35.906,36.558,541587,0
2016-01-19,36.717,37.821,36.615,37.692,799338,0
2016-01-20,37.375,37.607,36.038,36.967,1215946,0
2016-01-21,37.153,37.32,36.465,36.615,791908,0
2016-01-22,36.893,37.748,36.893,37.59,974506,0
2016-01-25,37.59,38.072,37.282,37.403,669343,0
2016-01-26,37.496,38.436,37.496,38.416,824729,0
2016-01-27,38.408,38.408,37.452,37.794,911081,0
2016-01-28,37.979,38.159,37.116,37.767,796311,0
2016-01-29,38.1,39.45,37.534,39.226,1434842,0
2016-02-01,39.03,39.663,38.901,39.431,1421581,0
2016-02-02,39.123,40.249,39.04,40.127,15985712,0
2016-02-03,40.267,40.974,39.996,40.107,5055776,0
2016-02-04,40.278,40.578,39.866,40.503,1727181,0
2016-02-05,40.465,40.756,40.333,40.362,1807449,0
2016-02-08,40.625,40.803,39.311,40.314,2859758,0
2016-02-09,40.024,41.001,39.443,40.615,2631513,0
2016-02-10,40.719,41.149,40.662,40.662,3620242,0
2016-02-11,40.22,40.803,39.377,39.48,1609782,0
2016-02-12,39.828,40.22,39.508,40.175,2329800,0
2016-02-16,40.512,40.86,39.762,40.831,2422918,0
2016-02-17,40.925,41.225,40.372,40.391,1524125,0
2016-02-18,40.531,40.803,40.23,40.549,1510501,0
2016-02-19,40.494,41.01,40.333,40.933,1281176,0
2016-02-22,41.076,41.469,40.615,40.785,1312960,0
2016-02-23,40.812,41.272,39.593,40.167,1340318,0
2016-02-24,40.107,40.455,39.96,40.24,647146,0
2016-02-25,40.314,41.413,40.255,41.395,864839,0
2016-02-26,41.395,41.665,41.199,41.225,1195366,0
2016-02-29,41.234,41.984,41.056,41.066,1821434,0
2016-03-01,41.31,41.863,41.036,41.526,1078401,0
2016-03-02,41.422,42.267,41.282,42.106,1005320,0
2016-03-03,42.155,42.253,40.991,41.582,1877962,0
2016-03-04,41.535,41.535,40.86,41.028,1103472,0
2016-03-07,40.869,41.318,40.775,41.001,899324,0
2016-03-08,41.076,41.272,40.578,40.691,806718,0
2016-03-09,40.765,41.535,40.455,41.31,737934,0
2016-03-10,41.395,41.499,40.86,41.169,593475,0
2016-03-11,41.694,42.38,41.422,42.351,789072,0
2016-03-14,42.341,42.557,41.993,42.258,606461,0
2016-03-15,42.106,42.97,42.098,42.754,681951,0
2016-03-16,42.567,43.927,42.473,43.787,1253398,0
2016-03-17,43.833,44.143,43.261,44.069,1160224,0
2016-03-18,43.909,44.265,43.599,43.684,2038151,0
2016-03-21,43.206,43.533,42.716,42.916,1187147,0
2016-03-22,42.812,43.824,42.632,43.063,1834372,0
2016-03-23,43.026,43.129,42.454,42.567,915034,0
2016-03-24,42.549,42.549,42.155,42.351,540737,0
2016-03-28,42.398,43.009,42.196,42.877,537594,0
2016-03-29,42.99,43.393,42.716,43.393,1474540,0
2016-03-30,43.515,43.674,42.941,43.59,1244235,0
2016-03-31,43.59,44.209,43.467,44.18,1452309,0
2016-04-01,43.863,43.918,43.148,43.74,982295,0
2016-04-04,43.777,43.974,43.186,43.337,886242,0
2016-04-05,42.95,43.158,42.829,43.045,703370,0
2016-04-06,42.916,43.309,42.764,43.261,1127462,0
2016-04-07,43.103,43.44,42.896,43.403,515447,0
2016-04-08,43.58,43.853,43.29,43.759,605009,0
2016-04-11,43.805,43.927,43.327,43.354,1051547,0
2016-04-12,43.505,43.515,43.206,43.411,883332,0
2016-04-13,43.684,43.684,42.14,42.445,1066762,0
2016-04-14,42.323,42.529,41.768,42.454,1159547,0
2016-04-15,42.416,42.617,42.294,42.416,1013806,0
2016-04-18,42.436,42.68,42.106,42.426,898131,0
2016-04-19,42.632,42.916,42.445,42.744,706001,0
2016-04-20,42.857,42.857,41.675,41.743,725587,0
2016-04-21,41.704,42.079,40.963,41.131,1092820,0
2016-04-22,41.243,41.723,41.032,41.376,946059,0
2016-04-25,41.318,42.258,41.234,42.238,1050674,0
2016-04-26,41.44,43.138,41.282,42.67,1007122,0
2016-04-27,42.764,42.932,42.131,42.501,735770,0
2016-04-28,42.238,42.726,41.929,42.258,309600,0
2016-04-29,42.003,42.052,41.553,41.984,555923,0
2016-05-02,42.072,42.916,42.003,42.744,1543246,0
2016-05-03,42.735,42.872,42.463,42.812,378037,0
2016-05-04,42.145,43.909,42.042,43.345,974293,0
2016-05-05,43.515,43.946,43.299,43.674,769999,0
2016-05-06,43.44,44.331,42.887,44.331,772295,0
2016-05-09,44.283,45.047,44.265,45.026,673223,0
2016-05-10,45.052,45.316,44.594,45.081,679787,0
2016-05-11,45.072,45.072,43.889,44.341,1759053,0
2016-05-12,44.464,44.786,43.819,44.746,934257,0
2016-05-13,44.652,44.652,44.237,44.491,1032436,0
2016-05-16,44.406,45.064,44.198,45.049,624932,0
2016-05-17,44.823,44.9,44.114,44.445,1340318,0
2016-05-18,44.208,44.776,43.658,44.719,2069406,0
2016-05-19,44.322,44.426,43.63,43.63,1784271,0
2016-05-20,43.782,43.952,43.539,43.81,1775321,0
2016-05-23,43.962,44.104,43.621,43.754,1581136,0
2016-05-24,44.074,44.396,43.886,44.028,1616828,0
2016-05-25,44.198,44.431,43.687,44.066,1496999,0
2016-05-26,44.0,44.282,43.858,43.942,1173332,0
2016-05-27,43.942,44.426,43.932,44.114,1068809,0
2016-05-31,44.169,44.604,43.81,44.51,2609876,0
2016-06-01,44.237,44.534,43.838,44.074,658950,0
2016-06-02,43.971,44.198,43.63,44.056,518452,0
2016-06-03,44.208,44.746,44.114,44.53,733702,0
2016-06-06,44.481,44.692,43.29,43.8,1149855,0
2016-06-07,43.838,44.15,43.772,43.886,527788,0
2016-06-08,43.782,44.246,43.601,44.169,578544,0
2016-06-09,44.198,45.098,44.178,45.031,840445,0
2016-06-10,44.813,45.334,44.7,45.108,946577,0
2016-06-13,45.277,45.907,45.277,45.524,1056330,0
2016-06-14,45.504,45.646,45.307,45.552,861043,0
2016-06-15,45.599,46.101,45.415,45.911,859866,0
2016-06-16,45.864,46.253,45.817,46.244,669228,0
2016-06-17,46.072,46.153,45.737,45.959,1546711,0
2016-06-20,46.289,46.564,45.684,45.722,526530,0
2016-06-21,45.722,46.489,45.722,46.47,637839,0
2016-06-22,46.47,46.727,46.288,46.507,568618,0
2016-06-23,46.811,47.053,46.641,46.867,810862,0
2016-06-24,45.884,47.53,45.807,47.028,1280561,0
2016-06-27,46.905,47.8,46.849,47.653,1254842,0
2016-06-28,47.974,48.866,47.662,48.866,1324835,0
2016-06-29,49.159,49.537,48.784,49.016,1897793,0
2016-06-30,49.149,50.048,48.738,50.048,1488809,0
2016-07-01,49.849,50.152,48.856,48.932,1333733,0
2016-07-05,48.979,50.03,48.979,49.944,749313,0
2016-07-06,49.792,50.257,49.291,49.679,917767,0
2016-07-07,49.67,49.812,48.714,49.311,866746,0
2016-07-08,49.641,49.84,49.253,49.631,874684,0
2016-07-11,49.916,50.02,49.281,49.774,1083300,0
2016-07-12,49.508,49.745,49.129,49.631,771540,0
2016-07-13,49.859,49.973,49.472,49.878,650733,0
2016-07-14,49.698,49.726,49.007,49.055,1164713,0
2016-07-15,49.045,49.197,48.62,49.026,738866,0
2016-07-18,48.789,49.177,48.724,48.846,633864,0
2016-07-19,48.912,49.376,48.714,49.376,475506,0
2016-07-20,49.187,49.311,48.965,49.121,519113,0
2016-07-21,48.979,49.358,48.752,49.338,788521,0
2016-07-22,49.224,50.095,49.224,49.831,489345,0
2016-07-25,50.01,50.01,49.481,49.641,611635,0
2016-07-26,50.512,50.655,49.622,49.765,969633,0
2016-07-27,49.595,49.595,48.724,49.348,652225,0
2016-07-28,49.358,50.682,49.234,50.502,931861,0
2016-07-29,50.542,51.524,50.542,51.185,737183,0
2016-08-01,51.031,51.648,50.995,51.638,473037,0
2016-08-02,51.534,51.534,50.824,51.014,498768,0
2016-08-03,51.051,51.136,50.522,50.957,775410,0
2016-08-04,51.071,51.194,50.795,50.91,1087778,0
2016-08-05,50.987,51.031,50.04,50.219,778540,0
2016-08-08,50.078,50.198,49.395,49.745,1010316,0
2016-08-09,49.679,50.219,49.328,50.18,645156,0
2016-08-10,50.408,50.428,49.726,50.02,766441,0
2016-08-11,49.973,50.071,48.588,48.913,681637,0
2016-08-12,49.018,49.743,48.866,49.322,1176714,0
2016-08-15,49.4,49.652,48.961,49.047,958755,0
2016-08-16,48.828,48.951,48.036,48.046,972863,0
2016-08-17,48.206,48.703,47.872,48.637,884164,0
2016-08-18,48.618,49.018,47.672,48.246,1005171,0
2016-08-19,48.169,48.302,47.816,48.074,564459,0
2016-08-22,48.141,48.378,47.777,48.178,786776,0
2016-08-23,48.474,48.608,47.891,47.996,457472,0
2016-08-24,48.046,48.046,47.462,47.862,829159,0
2016-08-25,47.872,48.512,47.872,48.196,461527,0
2016-08-26,48.236,48.469,47.138,47.415,544631,0
2016-08-29,47.626,48.369,47.626,47.95,495508,0
2016-08-30,48.046,48.101,47.262,47.777,659540,0
2016-08-31,47.597,48.121,47.397,47.816,816512,0
2016-09-01,47.748,48.398,47.511,48.187,861801,0
2016-09-02,48.417,49.028,48.351,48.646,754802,0
2016-09-06,48.894,49.218,48.569,49.132,914210,0
2016-09-07,49.123,49.724,48.846,49.322,826489,0
2016-09-08,49.028,49.103,48.273,48.398,477072,0
2016-09-09,47.626,47.626,46.337,46.347,791902,0
2016-09-12,46.147,46.795,46.022,46.66,746269,0
2016-09-13,46.489,46.594,45.478,45.516,727340,0
2016-09-14,45.716,45.812,45.077,45.649,591329,0
2016-09-15,45.631,46.06,45.458,45.754,821977,0
2016-09-16,45.439,45.974,45.316,45.907,1107161,0
2016-09-19,46.069,46.685,45.927,46.623,566060,0
2016-09-20,47.043,47.081,46.756,46.976,768186,0
2016-09-21,46.976,47.816,46.651,47.777,1139361,0
2016-09-22,48.398,49.132,48.321,49.057,1044937,0
2016-09-23,48.76,49.075,47.986,48.751,997292,0
2016-09-26,48.693,49.314,48.593,49.113,711824,0
2016-09-27,49.322,49.705,48.838,48.942,942747,0
2016-09-28,49.609,49.609,48.951,49.295,1121342,0
2016-09-29,49.018,49.18,48.541,48.684,946803,0
2016-09-30,49.047,49.19,48.388,48.541,1785181,0
2016-10-03,48.417,48.503,47.223,47.262,1188274,0
2016-10-04,47.1,47.1,45.85,46.251,931102,0
2016-10-05,46.423,46.614,45.221,45.238,903455,0
2016-10-06,44.962,46.147,44.389,45.907,1211366,0
2016-10-07,46.098,46.594,45.344,45.792,1157023,0
2016-10-10,45.792,46.242,45.659,46.022,577841,0
2016-10-11,45.831,45.897,44.867,44.907,700844,0
2016-10-12,45.012,46.078,44.907,46.069,848977,0
2016-10-13,45.917,47.128,45.917,47.033,799541,0
2016-10-14,46.871,47.272,46.555,47.014,723411,0
2016-10-17,47.167,47.658,46.948,47.511,1168920,0
2016-10-18,48.016,48.016,47.397,47.855,958950,0
2016-10-19,47.748,48.331,47.548,48.302,924711,0
2016-10-20,48.388,48.674,48.101,48.579,795513,0
2016-10-21,48.321,48.713,48.121,48.646,593592,0
2016-10-24,48.951,49.357,48.598,48.779,887202,0
2016-10-25,49.142,50.125,48.541,49.619,1126508,0
2016-10-26,49.381,49.581,48.637,49.066,935290,0
2016-10-27,48.856,48.856,47.653,48.311,994713,0
2016-10-28,48.398,48.818,48.178,48.483,1242682,0
2016-10-31,48.828,49.905,48.512,49.724,1473800,0
2016-11-01,49.505,49.572,48.091,48.196,1066129,0
2016-11-02,48.151,48.206,46.89,46.909,1884608,0
2016-11-03,46.919,47.233,46.57,46.871,905362,0
2016-11-04,46.976,46.995,46.193,46.729,1905156,0
2016-11-07,47.502,47.502,46.365,46.66,1344745,0
2016-11-08,46.709,47.538,46.543,47.348,850663,0
2016-11-09,46.415,46.915,45.644,46.366,957479,0
2016-11-10,46.203,46.203,44.257,45.001,1433322,0
2016-11-11,44.932,45.904,44.799,44.865,1194100,0
2016-11-14,44.701,45.789,43.931,45.636,1132125,0
2016-11-15,45.798,46.136,43.979,44.297,1395792,0
2016-11-16,44.297,44.471,43.643,44.019,1359664,0
2016-11-17,44.009,44.524,43.268,43.335,952308,0
2016-11-18,43.46,43.614,42.969,43.431,962204,0
2016-11-21,43.614,44.125,43.556,43.874,1603580,0
2016-11-22,44.125,44.74,43.961,44.297,1045372,0
2016-11-23,43.874,44.125,43.431,44.125,633963,0
2016-11-25,44.191,44.875,44.115,44.731,388469,0
2016-11-28,44.644,45.163,44.605,44.905,1064994,0
2016-11-29,44.923,46.165,44.923,45.673,800718,0
2016-11-30,45.249,45.885,44.905,45.337,1144768,0
2016-12-01,45.011,45.328,43.845,44.067,850008,0
2016-12-02,44.423,45.082,44.221,44.519,510461,0
2016-12-05,44.567,44.711,44.057,44.23,705700,0
2016-12-06,44.25,44.577,43.701,44.115,740442,0
2016-12-07,44.307,44.711,44.047,44.432,1116721,0
2016-12-08,44.095,45.452,43.97,45.442,1002378,0
2016-12-09,45.405,46.279,45.405,45.75,1187551,0
2016-12-12,45.539,46.338,45.539,46.27,671685,0
2016-12-13,46.647,46.915,45.789,46.299,948603,0
2016-12-14,46.395,46.521,45.616,45.818,1645155,0
2016-12-15,45.693,46.55,45.539,45.693,892034,0
2016-12-16,46.02,47.357,46.02,46.664,1818224,0
2016-12-19,46.944,47.402,46.79,47.089,1137192,0
2016-12-20,46.819,47.377,46.819,47.252,736880,0
2016-12-21,47.155,47.656,46.222,46.27,1082809,0
2016-12-22,46.097,46.577,45.876,46.491,427365,0
2016-12-23,46.627,46.751,46.415,46.55,325497,0
2016-12-27,46.558,46.79,46.385,46.558,485557,0
2016-12-28,46.637,46.79,46.338,46.482,393880,0
2016-12-29,46.664,47.416,46.405,47.281,677723,0
2016-12-30,47.252,48.108,47.175,47.896,596708,0
2017-01-03,48.07,48.07,46.703,46.963,807636,0
2017-01-04,47.261,48.35,47.112,48.244,1490133,0
2017-01-05,48.022,48.695,47.781,48.483,710775,0
2017-01-06,48.234,48.791,48.234,48.715,608078,0
2017-01-09,48.753,48.806,47.992,48.184,551370,0
2017-01-10,48.078,48.253,47.695,47.695,419216,0
2017-01-11,47.734,47.734,47.165,47.319,729997,0
2017-01-12,47.328,47.416,46.809,47.397,544085,0
2017-01-13,47.261,47.82,47.16,47.628,593409,0
2017-01-17,47.734,48.234,47.338,48.224,786168,0
2017-01-18,48.244,48.31,47.964,48.061,428632,0
2017-01-19,47.81,48.158,47.488,47.724,438421,0
2017-01-20,47.714,48.175,47.656,48.166,660286,0
2017-01-23,48.244,48.902,48.012,48.869,670487,0
2017-01-24,48.936,49.1,48.638,48.984,767218,0
2017-01-25,48.936,49.273,47.387,47.522,914190,0
2017-01-26,47.579,48.012,47.387,47.522,560174,0
2017-01-27,47.54,47.84,46.684,46.733,486958,0
2017-01-30,46.597,46.857,46.183,46.491,522655,0
2017-01-31,46.627,47.271,46.531,46.79,636666,0
2017-02-01,46.541,47.021,45.654,45.838,801218,0
2017-02-02,46.022,46.838,45.954,46.818,785949,0
2017-02-03,47.255,47.457,46.808,46.934,671627,0
2017-02-06,46.993,47.076,46.537,46.944,593026,0
2017-02-07,46.983,47.203,46.838,46.983,506515,0
2017-02-08,47.119,47.741,46.915,47.731,647012,0
2017-02-09,47.701,47.787,46.983,47.507,775368,0
2017-02-10,47.458,47.866,47.458,47.818,637793,0
2017-02-13,47.876,48.055,47.192,47.653,639570,0
2017-02-14,47.692,47.847,46.926,47.75,641682,0
2017-02-15,47.401,47.992,46.983,47.876,609022,0
2017-02-16,47.847,48.362,47.838,48.139,345582,0
2017-02-17,48.196,48.362,47.536,48.167,679276,0
2017-02-21,47.915,48.867,47.828,48.76,526287,0
2017-02-22,48.517,48.915,47.789,48.537,531921,0
2017-02-23,48.575,49.362,48.206,49.255,637580,0
2017-02-24,49.332,49.935,49.08,49.935,450140,0
2017-02-27,49.915,50.196,49.576,49.847,508589,0
2017-02-28,49.886,49.915,49.536,49.614,757906,0
2017-03-01,49.342,49.38,48.779,49.031,1146560,0
2017-03-02,48.886,48.886,47.741,48.547,1055546,0
2017-03-03,48.176,48.303,47.527,47.866,678716,0
2017-03-06,47.643,47.76,47.157,47.274,829272,0
2017-03-07,47.284,47.284,46.798,46.915,630525,0
2017-03-08,46.682,46.721,45.915,45.915,589403,0
2017-03-09,45.915,46.099,44.662,45.08,977373,0
2017-03-10,45.478,45.749,44.143,44.4,1209654,0
2017-03-13,44.4,44.828,44.352,44.701,1134364,0
2017-03-14,44.662,44.711,44.041,44.624,585414,0
2017-03-15,44.846,46.25,44.759,45.954,590162,0
2017-03-16,45.905,46.186,45.555,45.701,503900,0
2017-03-17,45.682,46.313,45.545,45.982,933647,0
2017-03-20,46.032,46.119,45.741,45.935,265372,0
2017-03-21,46.089,46.129,45.701,45.828,502028,0
2017-03-22,46.032,46.293,45.43,46.283,1147298,0
2017-03-23,46.273,47.1,45.992,46.565,736686,0
2017-03-24,46.594,47.08,46.585,46.672,499568,0
2017-03-27,46.449,46.896,45.711,45.876,632343,0
2017-03-28,45.876,46.201,45.527,46.168,520859,0
2017-03-29,46.07,46.352,45.701,46.002,530580,0
2017-03-30,45.982,46.079,45.565,46.079,295655,0
2017-03-31,45.992,46.42,45.856,46.206,478122,0
2017-04-03,46.186,46.672,46.119,46.41,673115,0
2017-04-04,46.246,46.993,46.158,46.634,719319,0
2017-04-05,46.721,46.963,46.168,46.527,692628,0
2017-04-06,46.527,46.808,46.236,46.701,488192,0
2017-04-07,46.731,46.774,46.283,46.38,379646,0
2017-04-10,46.343,46.517,46.061,46.361,549219,0
2017-04-11,46.41,46.741,46.246,46.565,828376,0
2017-04-12,46.594,46.963,46.478,46.789,731452,0
2017-04-13,46.808,47.06,46.483,46.604,459237,0
2017-04-17,46.769,47.662,46.769,47.662,485524,0
2017-04-18,47.634,47.915,47.381,47.895,493912,0
2017-04-19,47.915,48.075,47.711,48.061,470018,0
2017-04-20,48.07,48.206,47.624,48.186,398849,0
2017-04-21,48.079,48.37,47.968,48.159,348096,0
2017-04-24,48.42,48.477,47.565,47.866,909401,0
2017-04-25,47.789,48.41,46.993,47.08,1044384,0
2017-04-26,46.925,46.949,45.856,45.876,840425,0
2017-04-27,45.954,46.293,45.682,46.293,639784,0
2017-04-28,46.216,46.313,45.789,46.012,490485,0
2017-05-01,46.129,46.41,45.741,46.109,531962,0
2017-05-02,46.119,46.343,45.43,45.682,456322,0
2017-05-03,45.828,45.828,44.973,45.147,318296,0
2017-05-04,44.915,45.289,44.527,45.254,479098,0
2017-05-05,45.304,45.789,45.157,45.439,842406,0
2017-05-08,45.507,45.643,44.177,44.731,2098883,0
2017-05-09,44.779,44.779,43.925,44.099,982533,0
2017-05-10,44.071,44.595,44.022,44.381,821261,0
2017-05-11,44.264,44.435,43.842,44.332,631200,0
2017-05-12,44.381,44.567,44.063,44.41,445326,0
2017-05-15,44.489,44.911,44.352,44.557,496579,0
2017-05-16,44.577,44.734,44.194,44.548,443851,0
2017-05-17,44.42,45.557,44.204,45.165,636126,0
2017-05-18,45.273,46.003,44.881,45.881,663489,0
2017-05-19,45.91,46.41,45.401,46.166,433270,0
2017-05-22,46.214,46.44,46.038,46.282,393026,0
2017-05-23,46.479,46.596,46.214,46.42,791015,0
2017-05-24,46.557,47.057,46.273,47.008,1023202,0
2017-05-25,47.185,47.185,46.459,46.793,482678,0
2017-05-26,46.714,46.891,46.312,46.352,488832,0
2017-05-30,46.342,46.45,45.979,46.244,556099,0
2017-05-31,46.292,46.587,46.244,46.528,1004949,0
2017-06-01,46.42,46.626,46.204,46.459,746542,0
2017-06-02,46.734,46.969,46.459,46.763,770581,0
2017-06-05,46.538,47.037,46.415,46.939,600204,0
2017-06-06,46.979,46.979,45.636,45.694,845356,0
2017-06-07,45.694,46.43,45.631,46.126,823197,0
2017-06-08,46.194,46.312,45.587,46.224,381475,0
2017-06-09,46.234,46.528,45.822,46.44,650479,0
2017-06-12,46.45,46.939,46.39,46.861,719376,0
2017-06-13,46.793,46.969,46.44,46.93,471384,0
2017-06-14,47.303,47.577,46.969,47.145,644727,0
2017-06-15,46.851,47.321,46.802,47.215,465008,0
2017-06-16,46.959,47.469,46.871,47.371,1048019,0
2017-06-19,47.577,47.695,47.107,47.223,462961,0
2017-06-20,47.341,47.528,46.694,47.195,341820,0
2017-06-21,47.195,47.626,47.135,47.381,429915,0
2017-06-22,47.253,47.439,47.008,47.067,541633,0
2017-06-23,47.116,47.91,47.116,47.518,772231,0
2017-06-26,47.695,47.822,47.413,47.743,523843,0
2017-06-27,47.489,47.802,47.273,47.381,699402,0
2017-06-28,47.518,47.616,47.116,47.125,423263,0
2017-06-29,46.753,46.901,45.969,46.783,839721,0
2017-06-30,46.901,47.047,46.302,46.371,560949,0
2017-07-03,46.479,46.994,46.234,46.891,330584,0
2017-07-05,46.901,46.979,45.943,46.166,591186,0
2017-07-06,45.9,46.234,44.675,44.773,733766,0
2017-07-07,44.763,45.14,44.557,45.027,857618,0
2017-07-10,45.449,46.126,45.009,45.125,892502,0
2017-07-11,45.087,45.381,44.724,45.253,833115,0
2017-07-12,45.597,45.969,45.513,45.675,537696,0
2017-07-13,45.734,45.822,45.351,45.792,444786,0
2017-07-14,46.116,46.538,45.861,46.282,693689,0
2017-07-17,46.332,47.195,46.136,47.037,630845,0
2017-07-18,46.979,47.097,46.587,46.93,1099461,0
2017-07-19,47.018,48.086,46.832,47.792,970295,0
2017-07-20,47.881,48.292,47.783,47.93,777747,0
2017-07-21,48.048,48.156,47.802,48.038,712603,0
2017-07-24,48.096,48.204,47.449,47.979,649871,0
2017-07-25,47.587,47.636,46.038,46.224,2671006,0
2017-07-26,46.008,46.773,45.744,46.548,1518879,0
2017-07-27,46.302,46.812,45.861,46.655,669026,0
2017-07-28,46.685,46.901,46.498,46.881,706585,0
2017-07-31,46.92,47.125,46.548,46.999,678879,0
2017-08-01,47.087,47.313,46.812,47.028,819963,0
2017-08-02,46.841,46.974,46.204,46.39,427037,0
2017-08-03,46.302,46.783,46.302,46.498,554686,0
2017-08-04,46.488,46.841,46.076,46.146,324877,0
2017-08-07,46.184,46.44,46.018,46.234,491342,0
2017-08-08,46.106,46.352,46.048,46.273,452533,0
2017-08-09,46.342,46.548,45.979,46.116,417475,0
2017-08-10,46.126,46.359,45.968,46.007,346530,0
2017-08-11,46.096,46.532,45.631,45.73,682850,0
2017-08-14,45.968,46.65,45.938,46.621,507963,0
2017-08-15,46.512,46.769,46.245,46.69,244002,0
2017-08-16,46.759,46.977,46.492,46.928,461136,0
2017-08-17,46.937,47.526,46.611,47.314,647391,0
2017-08-18,47.155,47.18,46.319,46.759,592399,0
2017-08-21,46.848,47.333,46.245,47.234,459097,0
2017-08-22,47.195,47.363,46.888,47.205,310338,0
2017-08-23,47.205,47.442,46.868,47.195,546290,0
2017-08-24,47.333,47.432,46.898,46.947,637255,0
2017-08-25,47.017,47.125,46.799,46.918,458905,0
2017-08-28,46.937,47.096,46.284,46.542,452094,0
2017-08-29,46.552,46.908,46.383,46.611,346957,0
2017-08-30,46.552,47.224,46.166,47.224,500415,0
2017-08-31,47.264,47.67,47.017,47.096,595408,0
2017-09-01,47.145,47.789,47.046,47.422,319001,0
2017-09-05,47.502,47.917,47.432,47.907,443096,0
2017-09-06,47.957,48.174,47.64,47.69,360061,0
2017-09-07,47.838,48.006,47.64,47.907,499455,0
2017-09-08,47.699,47.907,47.467,47.719,428655,0
2017-09-11,47.828,48.313,47.779,48.145,590581,0
2017-09-12,48.006,48.155,46.878,47.086,431997,0
2017-09-13,47.096,47.347,46.838,47.254,551520,0
2017-09-14,47.234,47.907,47.007,47.897,379500,0
2017-09-15,47.858,47.977,47.403,47.719,1105857,0
2017-09-18,47.719,48.105,47.442,48.095,502511,0
2017-09-19,48.155,48.155,47.244,47.274,676786,0
2017-09-20,47.393,47.808,47.309,47.462,410432,0
2017-09-21,47.452,47.581,46.809,46.809,448606,0
2017-09-22,46.878,47.135,46.68,46.829,347636,0
2017-09-25,46.017,46.136,45.042,45.245,1189041,0
2017-09-26,45.255,45.27,44.543,44.622,1681653,0
2017-09-27,44.454,44.572,43.523,43.682,1158169,0
2017-09-28,43.652,44.008,43.543,43.998,845342,0
2017-09-29,43.81,44.325,43.518,43.692,1075945,0
2017-10-02,43.82,44.444,43.692,44.157,776141,0
2017-10-03,43.988,44.081,43.523,43.969,829299,0
2017-10-04,44.028,44.355,43.721,44.295,554287,0
2017-10-05,44.444,44.76,44.434,44.622,479819,0
2017-10-06,44.355,44.523,44.216,44.374,310404,0
2017-10-09,44.384,44.642,44.355,44.612,186990,0
2017-10-10,44.651,45.027,44.265,44.285,602086,0
2017-10-11,44.384,44.8,44.246,44.651,573756,0
2017-10-12,44.632,44.81,44.414,44.493,591963,0
2017-10-13,44.711,44.726,44.325,44.533,1352500,0
2017-10-16,44.384,44.468,43.523,43.652,1119136,0
2017-10-17,43.543,44.058,43.009,43.939,1484204,0
2017-10-18,43.81,44.018,43.014,43.414,1266400,0
2017-10-19,43.375,43.622,43.177,43.315,970312,0
2017-10-20,43.197,43.296,42.979,43.167,660574,0
2017-10-23,43.246,43.286,42.89,43.009,639601,0
2017-10-24,41.93,42.286,41.119,41.782,1789872,0
2017-10-25,41.336,41.91,41.336,41.871,1041064,0
2017-10-26,41.97,42.049,40.97,41.247,1141158,0
2017-10-27,41.109,41.668,41.079,41.643,735582,0
2017-10-30,41.743,41.743,40.97,41.01,778036,0
2017-10-31,41.217,41.217,40.634,41.148,651174,0
2017-11-01,41.277,41.801,40.891,41.762,946618,0
2017-11-02,41.851,41.999,41.277,41.297,822686,0
2017-11-03,41.029,41.9,40.995,41.435,1110597,0
2017-11-06,41.584,41.702,41.584,41.584,662126,0
2017-11-07,41.613,42.009,41.559,41.752,516797,0
2017-11-08,41.841,42.365,41.722,42.158,903189,0
2017-11-09,42.019,42.326,41.871,41.93,597550,0
2017-11-10,41.61,42.11,41.49,41.8,583366,0
