Date,Open,High,Low,Close,Volume,OpenInt
2014-01-02,152.5,158.33,152.5,155.83,4645,0
2014-01-03,156.67,156.67,151.67,152.5,2984,0
2014-01-06,151.67,160.83,151.67,158.33,9762,0
2014-01-07,161.67,170.0,156.67,161.67,14178,0
2014-01-08,164.17,164.17,154.17,155.83,6812,0
2014-01-09,155.83,160.0,153.33,158.33,5614,0
2014-01-10,161.67,161.67,152.5,155.83,3807,0
2014-01-13,152.5,160.0,151.67,152.5,5878,0
2014-01-14,152.5,160.0,151.67,156.67,5730,0
2014-01-15,155.83,156.67,152.5,155.83,3767,0
2014-01-16,156.67,161.67,152.5,155.0,9514,0
2014-01-17,155.83,155.83,152.5,154.17,4885,0
2014-01-21,154.17,154.17,150.83,152.46,3466,0
2014-01-22,153.33,155.0,145.83,152.08,7820,0
2014-01-23,152.5,155.0,148.33,153.33,4067,0
2014-01-24,151.67,151.67,146.67,150.0,6130,0
2014-01-27,148.33,150.0,140.83,142.5,7126,0
2014-01-28,140.0,148.33,140.0,144.17,2778,0
2014-01-29,144.17,145.0,138.33,141.67,3763,0
2014-01-30,143.33,150.83,143.33,145.83,5146,0
2014-01-31,145.83,145.83,143.33,145.0,1834,0
2014-02-03,143.33,147.92,140.0,141.67,2982,0
2014-02-04,141.67,146.67,140.83,145.83,2797,0
2014-02-05,145.0,145.0,139.99,141.67,3596,0
2014-02-06,145.0,145.0,137.5,144.17,4497,0
2014-02-07,144.08,146.67,141.67,143.75,4725,0
2014-02-10,143.33,146.67,140.83,144.17,4528,0
2014-02-11,144.17,145.0,137.5,142.5,5662,0
2014-02-12,144.17,155.0,144.17,145.0,29236,0
2014-02-13,143.33,145.0,140.83,142.5,3536,0
2014-02-14,143.33,145.83,141.67,143.33,3781,0
2014-02-18,144.17,145.83,141.67,143.33,4649,0
2014-02-19,143.33,145.0,140.83,140.83,2645,0
2014-02-20,140.0,141.67,137.5,140.0,4277,0
2014-02-21,140.0,151.67,136.67,145.0,21685,0
2014-02-24,146.67,150.0,141.67,147.5,7494,0
2014-02-25,150.0,165.83,148.33,157.5,22958,0
2014-02-26,160.83,160.83,150.0,156.67,8309,0
2014-02-27,155.83,160.0,150.0,154.17,4850,0
2014-02-28,155.0,159.17,150.0,151.67,4816,0
2014-03-03,150.0,150.0,143.33,145.83,5946,0
2014-03-04,145.83,149.17,145.83,147.5,2681,0
2014-03-05,146.67,149.17,144.17,148.33,1761,0
2014-03-06,147.5,150.0,143.33,145.08,2759,0
2014-03-07,146.67,148.33,141.67,148.33,2810,0
2014-03-10,146.67,163.33,145.0,155.0,18168,0
2014-03-11,158.33,170.0,150.0,153.33,20364,0
2014-03-12,153.33,166.67,150.0,160.83,15348,0
2014-03-13,162.5,165.83,152.5,154.17,5740,0
2014-03-14,152.5,158.33,151.67,155.0,2826,0
2014-03-17,155.83,162.5,153.33,157.5,7116,0
2014-03-18,157.5,183.33,157.5,180.83,57608,0
2014-03-19,180.0,180.0,166.67,166.67,18538,0
2014-03-20,165.83,168.33,159.17,159.17,7662,0
2014-03-21,159.17,167.5,155.0,165.0,12172,0
2014-03-24,162.5,177.5,155.83,161.67,11865,0
2014-03-25,161.67,166.67,156.67,158.33,6530,0
2014-03-26,159.17,162.5,153.33,155.83,6098,0
2014-03-27,155.0,160.83,152.5,155.83,3790,0
2014-03-28,156.67,161.67,153.34,155.0,4507,0
2014-03-31,155.83,158.33,150.0,155.83,3179,0
2014-04-01,156.67,160.83,153.33,160.0,3698,0
2014-04-02,160.0,160.83,151.67,159.17,3060,0
2014-04-03,158.33,160.0,152.5,155.0,4013,0
2014-04-04,156.67,156.67,145.83,148.33,6741,0
2014-04-07,145.83,149.17,139.17,142.5,7021,0
2014-04-08,142.5,145.0,140.0,141.67,1714,0
2014-04-09,142.5,148.33,142.5,147.5,1562,0
2014-04-10,147.5,149.17,139.17,141.67,3661,0
2014-04-11,140.0,140.83,130.0,132.92,6088,0
2014-04-14,132.5,135.83,121.67,121.67,6074,0
2014-04-15,122.5,128.33,105.0,116.96,7538,0
2014-04-16,120.83,126.67,115.18,125.83,4112,0
2014-04-17,125.83,130.83,121.67,124.17,3185,0
2014-04-21,125.0,135.0,123.33,132.5,2694,0
2014-04-22,137.5,139.17,135.08,137.92,2548,0
2014-04-23,137.5,141.67,135.0,135.83,1892,0
2014-04-24,137.5,137.5,130.0,133.33,2834,0
2014-04-25,133.33,133.33,130.0,131.67,565,0
2014-04-28,131.67,135.0,125.0,126.67,1859,0
2014-04-29,128.33,128.33,119.25,122.92,4143,0
2014-04-30,129.17,135.0,125.83,132.92,5641,0
2014-05-01,135.0,135.0,130.0,132.5,2000,0
2014-05-02,132.5,133.33,127.5,132.5,4295,0
2014-05-05,129.17,135.0,129.17,133.33,4171,0
2014-05-06,133.33,133.33,124.17,126.67,3189,0
2014-05-07,127.5,127.6,120.0,122.5,4069,0
2014-05-08,121.67,125.0,119.17,120.0,2165,0
2014-05-09,120.83,124.17,119.17,123.33,1761,0
2014-05-12,122.5,130.83,120.83,124.17,1906,0
2014-05-13,126.67,129.17,125.0,127.5,1710,0
2014-05-14,129.17,131.64,120.83,125.83,1573,0
2014-05-15,127.5,130.0,122.5,123.33,2182,0
2014-05-16,128.33,128.33,119.17,121.67,3132,0
2014-05-19,123.33,124.16,115.83,120.0,4105,0
2014-05-20,120.83,123.33,115.0,115.83,1954,0
2014-05-21,116.67,117.5,114.17,114.17,2481,0
2014-05-22,116.67,124.17,114.17,120.83,6488,0
2014-05-23,120.83,122.5,115.83,116.67,4177,0
2014-05-27,117.5,122.5,116.67,117.5,2403,0
2014-05-28,117.5,120.0,115.83,120.0,2637,0
2014-05-29,121.67,133.33,118.33,129.17,17903,0
2014-05-30,133.33,136.67,129.17,132.5,8197,0
2014-06-02,133.33,134.17,126.67,127.5,3059,0
2014-06-03,127.5,131.67,125.0,131.67,2439,0
2014-06-04,131.67,133.33,128.33,130.0,1402,0
2014-06-05,130.0,135.0,130.0,133.33,1716,0
2014-06-06,134.17,136.67,134.17,135.0,1964,0
2014-06-09,135.0,139.17,133.33,135.0,1442,0
2014-06-10,134.17,139.17,134.17,136.67,2480,0
2014-06-11,136.68,145.83,136.58,141.67,4205,0
2014-06-12,140.0,145.83,140.0,140.0,1768,0
2014-06-13,140.0,142.25,138.33,139.17,772,0
2014-06-16,138.33,139.17,136.68,138.33,913,0
2014-06-17,139.17,141.67,138.33,140.0,886,0
2014-06-18,140.0,143.33,138.33,140.83,1218,0
2014-06-19,140.0,140.0,134.17,136.67,3057,0
2014-06-20,135.83,140.0,134.2,137.5,1107,0
2014-06-23,137.5,138.32,135.0,136.67,1192,0
2014-06-24,136.67,140.83,135.83,136.67,2109,0
2014-06-25,136.67,138.33,133.33,136.67,1598,0
2014-06-26,137.5,139.98,135.0,136.67,1322,0
2014-06-27,137.5,143.33,136.67,139.17,4659,0
2014-06-30,140.83,140.83,138.33,138.33,1415,0
2014-07-01,139.17,142.5,138.33,140.0,1614,0
2014-07-02,138.33,141.67,138.33,140.0,1223,0
2014-07-03,139.17,140.0,136.67,136.67,1248,0
2014-07-07,138.33,140.83,136.67,136.67,1327,0
2014-07-08,135.83,138.33,134.17,134.17,1473,0
2014-07-09,134.17,135.83,132.5,134.17,1305,0
2014-07-10,131.67,133.46,121.75,130.83,1962,0
2014-07-11,130.83,131.68,130.0,131.67,632,0
2014-07-14,135.83,136.67,130.83,132.5,759,0
2014-07-15,131.67,132.93,128.33,128.34,1214,0
2014-07-16,128.34,138.33,128.34,129.17,1423,0
2014-07-17,129.17,132.5,125.0,125.0,1694,0
2014-07-18,123.33,128.33,120.83,127.5,1306,0
2014-07-21,127.5,135.83,126.68,133.33,1471,0
2014-07-22,135.0,135.83,129.17,131.67,946,0
2014-07-23,131.67,134.17,125.83,131.67,1194,0
2014-07-24,130.0,135.0,129.17,129.17,836,0
2014-07-25,127.5,134.17,125.84,133.33,910,0
2014-07-28,135.0,135.83,130.83,133.33,1336,0
2014-07-29,132.5,135.0,132.5,135.0,1134,0
2014-07-30,136.67,136.67,128.33,130.83,1364,0
2014-07-31,130.83,130.83,125.83,127.5,546,0
2014-08-01,125.83,132.5,125.83,130.0,1292,0
2014-08-04,130.0,132.5,127.08,127.5,597,0
2014-08-05,127.5,128.33,123.33,126.67,985,0
2014-08-06,127.5,132.5,123.33,124.16,1574,0
2014-08-07,120.83,125.83,118.33,118.33,3525,0
2014-08-08,116.67,127.5,116.67,124.17,1718,0
2014-08-11,123.33,126.67,119.17,122.5,1541,0
2014-08-12,122.5,125.0,122.5,124.17,687,0
2014-08-13,124.16,130.83,124.16,125.83,3126,0
2014-08-14,130.0,130.0,125.0,127.5,1009,0
2014-08-15,124.17,124.17,118.33,123.33,2619,0
2014-08-18,123.33,129.17,122.75,125.0,1171,0
2014-08-19,125.0,127.5,119.08,120.06,1690,0
2014-08-20,121.67,125.0,120.0,121.67,790,0
2014-08-21,122.5,124.17,119.17,121.67,1594,0
2014-08-22,121.67,123.33,120.0,122.5,1587,0
2014-08-25,120.0,124.17,120.0,122.5,1206,0
2014-08-26,120.01,125.0,120.01,121.67,1835,0
2014-08-27,122.5,122.5,118.33,119.17,2106,0
2014-08-28,119.17,122.5,119.17,120.83,530,0
2014-08-29,120.83,122.5,117.5,120.83,1431,0
2014-09-02,120.0,122.5,119.17,121.67,800,0
2014-09-03,119.5,122.5,118.0,119.17,911,0
2014-09-04,118.33,121.67,118.33,120.83,650,0
2014-09-05,120.83,122.5,118.33,120.0,2083,0
2014-09-08,120.0,120.83,115.0,116.67,4468,0
2014-09-09,118.33,122.5,116.67,118.33,2588,0
2014-09-10,120.0,120.83,113.33,118.33,1281,0
2014-09-11,115.0,119.17,113.33,114.17,2672,0
2014-09-12,113.33,117.5,110.0,111.67,2755,0
2014-09-15,111.67,116.67,104.17,105.83,4331,0
2014-09-16,95.0,102.5,90.0,92.5,19156,0
2014-09-17,91.667,98.333,90.0,90.0,5651,0
2014-09-18,91.667,99.167,90.833,95.833,7512,0
2014-09-19,95.833,96.667,90.833,90.833,4052,0
2014-09-22,90.833,93.333,83.333,86.667,5204,0
2014-09-23,85.0,85.0,79.242,82.5,4522,0
2014-09-24,82.5,84.917,75.0,76.667,3466,0
2014-09-25,76.667,81.667,70.833,74.167,5570,0
2014-09-26,74.167,76.667,74.167,76.667,1145,0
2014-09-29,80.833,83.333,76.25,79.542,2557,0
2014-09-30,89.167,89.167,80.833,82.708,4446,0
2014-10-01,82.5,89.167,82.5,85.833,1912,0
2014-10-02,86.667,86.667,79.167,83.333,1014,0
2014-10-03,85.0,85.0,80.008,80.842,950,0
2014-10-06,84.167,85.0,78.333,79.175,1373,0
2014-10-07,79.167,82.5,75.0,77.5,1351,0
2014-10-08,77.5,81.667,75.0,75.833,1761,0
2014-10-09,75.0,76.667,71.667,72.5,1485,0
2014-10-10,71.667,75.0,62.5,65.833,3457,0
2014-10-13,68.333,71.658,60.958,63.592,3314,0
2014-10-14,65.0,67.5,62.525,66.667,1766,0
2014-10-15,64.167,66.667,61.667,66.667,1991,0
2014-10-16,64.667,75.0,64.667,72.5,1986,0
2014-10-17,74.167,75.833,71.583,72.5,1635,0
2014-10-20,75.0,75.833,71.733,73.567,1987,0
2014-10-21,74.167,82.492,73.333,81.658,2933,0
2014-10-22,83.333,87.5,83.258,86.667,2213,0
2014-10-23,86.667,87.5,81.667,83.333,1684,0
2014-10-24,84.167,84.167,79.167,80.792,1253,0
2014-10-27,83.333,85.833,79.192,85.833,1316,0
2014-10-28,85.0,85.008,81.667,82.725,1081,0
2014-10-29,82.517,89.158,81.667,84.167,1781,0
2014-10-30,84.167,86.667,79.167,84.167,1239,0
2014-10-31,85.833,87.5,80.833,83.333,854,0
2014-11-03,80.833,83.333,78.333,79.167,1009,0
2014-11-04,79.167,81.667,74.933,78.333,887,0
2014-11-05,76.667,78.342,70.833,72.508,1357,0
2014-11-06,70.833,76.667,70.833,76.667,343,0
2014-11-07,75.142,77.5,64.5,69.7,3227,0
2014-11-10,66.667,73.333,66.667,73.333,576,0
2014-11-11,70.833,74.167,70.008,71.667,116,0
2014-11-12,71.675,75.008,71.667,72.883,499,0
2014-11-13,77.492,77.492,68.917,74.167,668,0
2014-11-14,74.167,74.825,70.833,72.5,147,0
2014-11-17,72.5,73.333,70.833,71.667,327,0
2014-11-18,71.667,74.158,68.333,70.175,834,0
2014-11-19,70.833,72.5,68.333,69.175,760,0
2014-11-20,70.833,70.833,66.667,68.758,1127,0
2014-11-21,70.0,70.0,65.833,67.5,1229,0
2014-11-24,68.333,72.5,68.333,72.5,1146,0
2014-11-25,70.9,75.0,70.9,74.158,1610,0
2014-11-26,75.833,77.417,73.333,75.0,793,0
2014-11-28,73.333,74.167,69.167,70.833,936,0
2014-12-01,75.0,75.0,67.508,68.333,959,0
2014-12-02,68.333,73.325,67.5,70.358,693,0
2014-12-03,70.833,75.0,69.167,69.2,840,0
2014-12-04,67.558,69.158,65.0,66.667,1021,0
2014-12-05,66.667,69.167,64.5,69.167,851,0
2014-12-08,69.167,72.5,66.667,66.958,568,0
2014-12-09,66.667,70.0,66.667,67.5,792,0
2014-12-10,66.667,68.333,64.167,64.167,554,0
2014-12-11,64.5,68.25,63.25,63.25,702,0
2014-12-12,66.667,68.333,62.5,64.167,634,0
2014-12-15,65.833,67.5,61.667,61.667,1284,0
2014-12-16,60.008,61.667,58.333,59.583,1421,0
2014-12-17,65.0,66.667,61.658,66.667,1804,0
2014-12-18,70.0,71.667,66.667,71.667,1831,0
2014-12-19,71.667,71.667,69.167,69.167,883,0
2014-12-22,69.167,72.5,68.333,70.833,1264,0
2014-12-23,69.167,70.833,65.0,65.833,2188,0
2014-12-24,68.333,68.333,65.842,66.667,196,0
2014-12-26,70.833,70.833,65.417,67.508,859,0
2014-12-29,68.333,70.833,63.5,65.008,1913,0
2014-12-30,64.167,65.833,60.833,60.833,5027,0
2014-12-31,60.9,64.167,58.858,60.0,2920,0
2015-01-02,61.667,69.167,59.333,63.992,1169,0
2015-01-05,66.667,70.0,64.233,66.667,1842,0
2015-01-06,68.333,68.742,60.767,60.767,1194,0
2015-01-07,65.833,66.667,61.675,63.333,1361,0
2015-01-08,65.008,73.333,65.0,69.175,5211,0
2015-01-09,69.167,73.75,65.0,66.667,4116,0
2015-01-12,66.667,75.008,66.667,73.333,3537,0
2015-01-13,73.333,75.0,66.25,66.667,2632,0
2015-01-14,66.25,73.083,65.0,68.333,1070,0
2015-01-15,70.833,73.325,66.667,66.667,587,0
2015-01-16,68.333,70.833,66.667,69.167,828,0
2015-01-20,69.167,72.5,63.333,67.917,1305,0
2015-01-21,66.667,67.5,63.35,66.667,875,0
2015-01-22,65.0,68.242,64.167,68.242,1008,0
2015-01-23,69.167,69.992,65.833,69.167,360,0
2015-01-26,66.667,66.667,63.467,65.425,530,0
2015-01-27,65.833,66.667,65.0,65.0,393,0
2015-01-28,65.0,70.333,59.583,59.583,5304,0
2015-01-29,60.833,61.667,58.333,58.833,4728,0
2015-01-30,58.333,60.0,57.925,59.167,1580,0
2015-02-02,59.167,60.0,58.317,59.992,559,0
2015-02-03,59.158,60.833,57.5,58.358,1438,0
2015-02-04,57.667,60.0,57.25,57.508,770,0
2015-02-05,57.5,61.667,57.075,60.833,1152,0
2015-02-06,60.833,62.483,60.008,60.017,1354,0
2015-02-09,60.833,62.333,58.333,61.667,1154,0
2015-02-10,60.0,63.333,60.0,63.333,1024,0
2015-02-11,61.667,63.333,60.092,60.092,848,0
2015-02-12,59.375,62.083,58.342,61.667,1578,0
2015-02-13,62.5,62.5,59.208,59.242,685,0
2015-02-17,60.0,61.583,59.25,60.833,1723,0
2015-02-18,61.667,61.667,56.667,58.942,2588,0
2015-02-19,61.667,61.667,58.333,60.833,801,0
2015-02-20,60.833,62.5,59.167,60.833,506,0
2015-02-23,58.333,61.667,56.0,57.5,2056,0
2015-02-24,56.667,60.0,56.667,59.167,1485,0
2015-02-25,60.0,63.825,58.333,62.5,2494,0
2015-02-26,63.292,75.833,62.5,71.6,8062,0
2015-02-27,71.667,74.833,63.333,65.833,3249,0
2015-03-02,69.167,72.5,65.0,68.333,1466,0
2015-03-03,70.833,79.167,68.333,75.833,7537,0
2015-03-04,79.167,90.0,72.5,73.333,20320,0
2015-03-05,73.333,75.833,66.667,69.167,8780,0
2015-03-06,71.667,71.667,66.667,67.5,6668,0
2015-03-09,76.667,80.0,60.833,63.333,24500,0
2015-03-10,65.0,70.0,63.333,68.333,22691,0
2015-03-11,59.167,59.167,54.167,55.833,18808,0
2015-03-12,56.667,56.667,52.5,54.167,6457,0
2015-03-13,55.833,56.667,52.5,53.333,3443,0
2015-03-16,54.167,59.167,53.333,57.5,13975,0
2015-03-17,56.667,59.167,55.0,57.5,1720,0
2015-03-18,57.5,57.5,54.167,55.0,3804,0
2015-03-19,55.833,55.833,53.333,53.333,2326,0
2015-03-20,54.167,54.167,52.5,54.167,1878,0
2015-03-23,52.5,54.167,49.167,51.667,5550,0
2015-03-24,51.667,52.5,50.0,51.667,3582,0
2015-03-25,50.833,51.667,50.0,50.0,2737,0
2015-03-26,51.667,51.667,49.167,50.0,1096,0
2015-03-27,51.667,51.667,45.833,45.833,4324,0
2015-03-30,45.833,45.833,44.167,44.167,4157,0
2015-03-31,46.667,46.667,44.333,45.8,3803,0
2015-04-01,44.167,45.0,41.667,42.5,6367,0
2015-04-02,42.5,42.5,41.667,42.5,5701,0
2015-04-06,42.5,42.5,41.667,41.667,5634,0
2015-04-07,41.675,43.75,41.667,42.0,8161,0
2015-04-08,42.5,43.333,40.833,41.667,4458,0
2015-04-09,43.333,45.775,40.833,41.667,8485,0
2015-04-10,42.5,43.333,40.833,41.667,3488,0
2015-04-13,41.667,41.667,39.167,39.167,6966,0
2015-04-14,40.833,40.833,34.167,35.833,12991,0
2015-04-15,36.25,36.55,33.425,35.0,9635,0
2015-04-16,35.833,36.675,35.0,35.442,6278,0
2015-04-17,36.667,36.667,34.167,35.0,2818,0
2015-04-20,35.833,36.667,34.167,34.167,5161,0
2015-04-21,35.408,37.917,34.167,37.667,23264,0
2015-04-22,38.333,38.75,35.417,35.917,9233,0
2015-04-23,35.833,37.5,35.0,36.667,8396,0
2015-04-24,36.492,36.667,35.417,36.208,4575,0
2015-04-27,35.833,36.667,31.667,32.5,11431,0
2015-04-28,32.667,34.167,31.892,32.592,5095,0
2015-04-29,32.5,34.167,31.667,31.667,5753,0
2015-04-30,31.667,33.333,31.667,32.5,2778,0
2015-05-01,31.667,32.5,31.667,32.5,3439,0
2015-05-04,31.667,33.333,30.833,32.5,3875,0
2015-05-05,32.5,35.833,30.833,31.667,4686,0
2015-05-06,32.5,32.5,30.925,31.667,1765,0
2015-05-07,30.833,32.392,30.833,32.392,1341,0
2015-05-08,32.5,33.333,30.833,31.667,986,0
2015-05-11,31.667,32.5,30.833,31.667,3204,0
2015-05-12,31.667,32.917,31.667,31.758,2562,0
2015-05-13,33.333,39.167,32.5,35.0,19525,0
2015-05-14,35.0,37.5,31.667,32.5,6350,0
2015-05-15,32.833,34.15,30.833,31.467,6120,0
2015-05-18,32.583,33.292,30.55,30.833,4597,0
2015-05-19,30.917,30.917,27.5,28.75,7764,0
2015-05-20,29.167,33.333,29.167,31.667,7436,0
2015-05-21,31.667,35.0,31.667,32.5,5330,0
2015-05-22,33.333,34.167,31.667,32.5,6299,0
2015-05-26,34.167,35.0,30.0,31.667,10894,0
2015-05-27,39.167,45.0,35.833,43.333,143760,0
2015-05-28,50.0,60.833,47.5,50.833,338401,0
2015-05-29,53.333,55.0,46.667,47.5,79145,0
2015-06-01,44.167,46.542,40.417,41.667,42204,0
2015-06-02,40.833,48.225,38.358,47.833,53794,0
2015-06-03,47.5,47.5,42.5,45.0,23249,0
2015-06-04,45.0,45.0,42.5,43.333,14574,0
2015-06-05,43.333,44.167,40.833,41.667,16268,0
2015-06-08,41.667,43.333,39.167,41.667,12406,0
2015-06-09,41.917,42.5,39.0,40.008,11800,0
2015-06-10,40.833,50.0,40.0,50.0,39121,0
2015-06-11,48.917,55.0,45.833,49.917,42921,0
2015-06-12,51.667,51.667,43.333,46.667,17138,0
2015-06-15,47.5,50.0,45.0,49.167,12659,0
2015-06-16,49.167,49.167,44.167,45.833,11563,0
2015-06-17,44.167,48.333,43.333,43.333,14130,0
2015-06-18,43.333,45.833,43.333,43.333,11003,0
2015-06-19,43.333,46.667,43.333,46.667,11173,0
2015-06-22,46.667,47.5,43.333,45.0,9252,0
2015-06-23,41.667,43.333,36.9,40.417,23589,0
2015-06-24,41.667,41.667,40.0,40.0,7090,0
2015-06-25,40.833,41.667,38.333,40.0,6937,0
2015-06-26,40.0,40.833,36.667,37.5,9515,0
2015-06-29,36.667,38.333,34.167,35.833,9295,0
2015-06-30,36.658,40.833,36.075,37.083,11072,0
2015-07-01,36.667,40.0,36.667,37.5,5076,0
2015-07-02,37.5,39.167,36.667,36.667,5969,0
2015-07-06,36.667,38.333,35.0,35.833,6491,0
2015-07-07,35.833,37.5,34.167,35.0,5947,0
2015-07-08,35.0,37.5,34.167,36.667,7307,0
2015-07-09,37.5,39.167,36.667,37.5,2404,0
2015-07-10,36.667,39.167,36.667,36.667,5593,0
2015-07-13,36.667,40.0,36.667,37.5,3404,0
2015-07-14,38.333,42.5,37.5,40.0,11989,0
2015-07-15,38.433,42.5,38.433,38.75,4094,0
2015-07-16,39.167,40.833,38.333,39.167,2774,0
2015-07-17,40.833,44.167,38.333,42.5,16142,0
2015-07-20,41.667,44.167,39.167,39.167,6756,0
2015-07-21,39.167,40.833,38.333,40.0,2422,0
2015-07-22,37.5,40.833,36.667,40.0,4392,0
2015-07-23,39.167,40.833,37.5,40.0,1756,0
2015-07-24,40.0,40.0,35.0,36.667,7267,0
2015-07-27,35.0,35.833,33.333,34.167,7564,0
2015-07-28,34.167,35.833,34.167,34.167,3618,0
2015-07-29,35.0,35.833,34.167,34.167,2864,0
2015-07-30,33.333,35.833,33.333,33.333,3512,0
2015-07-31,34.167,34.167,31.667,33.333,4240,0
2015-08-03,33.333,33.333,30.833,31.95,2780,0
2015-08-04,32.5,33.333,31.667,33.333,2018,0
2015-08-05,33.333,34.167,31.667,32.5,834,0
2015-08-06,33.25,33.75,30.833,33.75,2500,0
2015-08-07,33.333,33.333,31.667,31.667,1438,0
2015-08-10,32.5,33.333,31.667,32.5,3890,0
2015-08-11,31.833,33.333,30.167,33.15,2118,0
2015-08-12,33.333,34.167,31.667,33.333,3307,0
2015-08-13,39.167,39.167,31.667,32.5,6593,0
2015-08-14,34.167,35.833,30.833,32.5,3240,0
2015-08-17,34.167,34.167,30.833,31.667,2356,0
2015-08-18,31.667,34.167,31.667,32.5,2138,0
2015-08-19,32.5,33.333,30.0,30.833,4096,0
2015-08-20,30.833,31.667,30.0,30.833,2021,0
2015-08-21,30.0,30.833,29.167,30.0,3358,0
2015-08-24,29.167,30.25,25.242,26.408,11024,0
2015-08-25,26.667,28.333,26.667,26.667,2628,0
2015-08-26,27.5,30.0,26.667,27.5,3785,0
2015-08-27,29.167,33.333,28.333,31.667,13105,0
2015-08-28,31.667,34.167,28.333,31.667,5237,0
2015-08-31,35.0,35.833,32.5,35.0,9508,0
2015-09-01,35.0,39.167,34.167,37.5,11028,0
2015-09-02,37.5,38.333,35.833,36.667,3875,0
2015-09-03,38.333,39.167,35.0,35.0,3851,0
2015-09-04,35.0,38.333,33.333,36.667,3692,0
2015-09-08,38.333,38.333,33.333,37.5,1541,0
2015-09-09,37.5,38.333,35.0,35.0,3949,0
2015-09-10,35.0,37.492,35.0,36.642,2579,0
2015-09-11,37.5,37.5,35.0,36.667,2396,0
2015-09-14,37.5,39.167,35.833,39.167,4798,0
2015-09-15,40.0,43.333,38.333,40.0,6458,0
2015-09-16,41.667,42.5,40.0,40.0,5378,0
2015-09-17,40.667,40.667,37.042,37.833,3803,0
2015-09-18,37.5,41.667,37.5,41.667,5363,0
2015-09-21,41.667,42.5,38.333,40.833,4229,0
2015-09-22,40.833,40.833,39.167,39.167,2840,0
2015-09-23,39.167,41.417,37.508,40.0,5555,0
2015-09-24,39.25,41.25,38.667,40.0,3681,0
2015-09-25,40.0,40.833,35.833,38.333,1740,0
2015-09-28,35.833,37.483,28.542,30.008,14769,0
2015-09-29,28.542,28.75,24.271,25.312,17597,0
2015-09-30,25.521,44.167,25.521,32.604,143366,0
2015-10-01,31.25,34.792,28.646,31.25,13613,0
2015-10-02,31.458,31.458,28.958,31.354,9216,0
2015-10-05,31.458,31.979,29.688,31.875,9598,0
2015-10-06,36.042,38.438,33.333,34.896,14246,0
2015-10-07,35.417,35.833,32.292,33.125,6682,0
2015-10-08,33.438,34.375,32.708,34.167,3197,0
2015-10-09,34.167,34.583,33.021,33.333,2438,0
2015-10-12,33.333,33.854,30.938,32.604,2427,0
2015-10-13,30.938,32.917,30.833,32.083,3024,0
2015-10-14,32.5,32.5,31.667,31.875,864,0
2015-10-15,31.875,33.958,31.875,33.542,4896,0
2015-10-16,33.125,35.417,33.125,35.208,5203,0
2015-10-19,35.625,35.729,33.75,34.375,6894,0
2015-10-20,34.271,35.417,32.604,32.604,4046,0
2015-10-21,32.188,35.417,31.771,31.771,11491,0
2015-10-22,31.771,34.583,30.521,31.25,3504,0
2015-10-23,31.458,33.333,30.729,32.812,12422,0
2015-10-26,33.438,33.438,31.562,32.083,2707,0
2015-10-27,32.604,35.729,31.667,31.979,10032,0
2015-10-28,32.188,33.542,31.979,32.083,4934,0
2015-10-29,32.708,32.708,30.833,31.042,5126,0
2015-10-30,31.458,32.396,28.854,29.479,8160,0
2015-11-02,29.479,30.729,29.167,30.625,7680,0
2015-11-03,30.938,32.604,30.521,31.562,6038,0
2015-11-04,33.854,43.958,33.75,36.25,174986,0
2015-11-05,35.938,36.771,32.292,32.604,19258,0
2015-11-06,32.5,35.104,31.562,33.958,3830,0
2015-11-09,34.896,35.312,32.604,34.062,8867,0
2015-11-10,34.896,35.312,32.917,33.958,9926,0
2015-11-11,36.146,38.125,33.854,35.0,19968,0
2015-11-12,34.479,37.188,33.542,34.896,10272,0
2015-11-13,35.312,35.833,33.646,34.375,6403,0
2015-11-16,35.312,35.312,31.562,32.396,8899,0
2015-11-17,32.5,32.604,30.312,31.25,16243,0
2015-11-18,31.875,31.875,30.208,30.938,6048,0
2015-11-19,31.25,33.438,30.417,31.667,23280,0
2015-11-20,31.25,32.396,31.25,31.458,2822,0
2015-11-23,31.771,38.542,30.521,35.938,45830,0
2015-11-24,38.229,53.125,37.604,40.312,510950,0
2015-11-25,40.104,50.0,38.542,42.604,231677,0
2015-11-27,43.021,44.479,40.729,42.604,20285,0
2015-11-30,42.708,42.708,39.583,40.938,17021,0
2015-12-01,40.729,40.729,38.021,39.167,18453,0
2015-12-02,37.812,39.479,36.979,37.292,11714,0
2015-12-03,37.604,37.604,33.542,34.375,22435,0
2015-12-04,33.438,34.896,33.333,33.542,15792,0
2015-12-07,32.812,33.333,31.354,31.562,11021,0
2015-12-08,31.354,32.396,30.833,31.667,5555,0
2015-12-09,31.25,32.708,31.042,32.083,11568,0
2015-12-10,31.667,33.125,31.354,31.667,9091,0
2015-12-11,31.25,32.292,30.729,31.042,8822,0
2015-12-14,31.875,31.875,30.208,30.521,9975,0
2015-12-15,30.625,31.562,30.312,31.042,5664,0
2015-12-16,31.042,31.771,31.042,31.562,1642,0
2015-12-17,31.771,33.646,31.458,32.812,11270,0
2015-12-18,33.125,33.229,31.146,31.458,8438,0
2015-12-21,31.458,32.396,31.25,31.458,3264,0
2015-12-22,31.667,32.396,31.177,31.562,5378,0
2015-12-23,31.146,33.021,31.146,32.396,5856,0
2015-12-24,32.604,33.229,31.979,31.979,2933,0
2015-12-28,31.979,32.604,30.208,30.208,9726,0
2015-12-29,30.729,31.146,29.583,29.792,9148,0
2015-12-30,29.479,30.417,28.854,28.869,7667,0
2015-12-31,28.646,30.346,28.646,28.849,6950,0
2016-01-04,28.958,29.895,27.083,27.917,7987,0
2016-01-05,28.229,28.646,27.708,28.438,4232,0
2016-01-06,28.125,28.438,25.208,25.834,13800,0
2016-01-07,25.392,26.042,24.583,25.521,7981,0
2016-01-08,25.625,25.729,23.542,24.062,7666,0
2016-01-11,23.75,24.167,20.833,21.656,11023,0
2016-01-12,21.458,23.125,21.458,21.875,2447,0
2016-01-13,21.875,22.146,19.896,20.105,7361,0
2016-01-14,20.729,21.458,19.688,20.625,5073,0
2016-01-15,20.0,21.042,19.583,20.208,2868,0
2016-01-19,20.312,20.833,18.438,19.062,6480,0
2016-01-20,18.854,20.104,17.604,19.583,3478,0
2016-01-21,19.583,20.417,18.958,19.167,2566,0
2016-01-22,20.104,20.104,19.479,20.024,2923,0
2016-01-25,20.188,25.885,19.062,21.146,19450,0
2016-01-26,21.354,21.562,19.896,20.833,7500,0
2016-01-27,20.833,20.833,20.0,20.0,892,0
2016-01-28,20.729,21.875,20.104,20.312,3058,0
2016-01-29,20.625,20.729,20.0,20.417,1728,0
2016-02-01,20.729,21.771,20.104,20.312,4167,0
2016-02-02,21.146,21.146,19.844,19.896,3651,0
2016-02-03,19.479,20.0,19.271,19.479,5067,0
2016-02-04,20.104,22.082,20.104,20.833,4212,0
2016-02-05,20.833,21.249,20.833,20.937,1620,0
2016-02-08,19.583,20.312,19.271,20.312,6466,0
2016-02-09,19.271,19.999,19.271,19.562,5436,0
2016-02-10,19.688,20.312,17.823,18.229,6162,0
2016-02-11,18.021,18.646,17.917,17.917,2577,0
2016-02-12,19.167,19.583,18.021,19.271,1475,0
2016-02-16,19.896,21.562,19.704,21.354,3670,0
2016-02-17,21.458,21.979,21.17,21.458,3847,0
2016-02-18,21.146,21.667,21.146,21.251,1543,0
2016-02-19,21.354,23.958,21.042,23.75,5142,0
2016-02-22,24.479,26.771,24.479,25.208,11743,0
2016-02-23,25.001,25.833,24.479,25.417,4045,0
2016-02-24,24.792,24.792,21.979,24.479,4071,0
2016-02-25,24.271,25.0,23.542,24.375,9871,0
2016-02-26,25.208,25.208,23.438,24.479,2105,0
2016-02-29,24.483,25.208,24.272,24.896,372,0
2016-03-01,25.0,25.0,22.501,24.48,4400,0
2016-03-02,24.999,25.208,22.708,23.854,5761,0
2016-03-03,22.708,23.646,21.25,21.25,8237,0
2016-03-04,20.833,22.184,20.833,20.833,7200,0
2016-03-07,20.833,22.917,20.729,22.604,1304,0
2016-03-08,22.188,22.5,21.042,21.042,2600,0
2016-03-09,21.146,21.662,20.729,20.729,3180,0
2016-03-10,20.73,21.146,20.104,20.208,5437,0
2016-03-11,20.521,21.562,20.0,21.354,2526,0
2016-03-14,21.354,21.771,20.417,20.417,3260,0
2016-03-15,20.625,20.937,20.104,20.417,1783,0
2016-03-16,20.208,21.042,20.0,20.625,1908,0
2016-03-17,20.833,21.76,20.417,21.667,1836,0
2016-03-18,21.875,22.708,21.251,21.667,2796,0
2016-03-21,21.875,22.604,21.562,22.5,2152,0
2016-03-22,22.708,22.812,21.667,22.708,1880,0
2016-03-23,22.396,22.917,21.042,21.354,5791,0
2016-03-24,21.771,22.708,21.771,22.5,2051,0
2016-03-28,22.917,25.312,22.188,25.001,5053,0
2016-03-29,25.417,25.417,23.139,23.854,6126,0
2016-03-30,23.438,24.896,23.438,23.75,1373,0
2016-03-31,24.144,24.474,22.917,24.166,3154,0
2016-04-01,24.479,26.979,24.34,26.25,7171,0
2016-04-04,26.458,28.75,25.938,28.646,8029,0
2016-04-05,28.542,29.167,26.771,27.083,5435,0
2016-04-06,27.396,28.646,27.187,27.812,921,0
2016-04-07,28.542,28.854,27.604,28.438,2029,0
2016-04-08,28.542,28.542,26.667,26.771,3844,0
2016-04-11,27.292,28.448,26.354,26.979,1121,0
2016-04-12,27.292,27.362,25.208,25.521,3004,0
2016-04-13,27.5,27.812,25.729,26.562,2528,0
2016-04-14,26.25,26.562,25.521,25.521,1135,0
2016-04-15,25.729,27.344,25.729,26.875,2398,0
2016-04-18,26.458,27.434,25.729,26.042,4863,0
2016-04-19,26.458,26.562,25.521,25.625,787,0
2016-04-20,25.729,26.042,25.104,25.417,1458,0
2016-04-21,25.104,25.938,22.917,25.0,3049,0
2016-04-22,25.0,25.938,24.688,25.0,1810,0
2016-04-25,24.583,25.938,23.229,24.635,2901,0
2016-04-26,24.375,25.0,22.917,23.958,4631,0
2016-04-27,23.646,24.062,23.021,23.646,2102,0
2016-04-28,23.425,24.642,22.917,24.479,1300,0
2016-04-29,23.647,25.104,23.647,25.0,782,0
2016-05-02,25.0,26.562,25.0,26.25,2159,0
2016-05-03,26.042,26.458,25.104,26.146,1964,0
2016-05-04,25.167,26.77,25.104,25.729,669,0
2016-05-05,25.417,25.521,24.583,24.688,2156,0
2016-05-06,24.375,26.041,24.271,24.323,476,0
2016-05-09,24.479,25.521,22.917,24.271,2389,0
2016-05-10,24.271,24.688,22.917,24.167,1080,0
2016-05-11,23.854,24.896,23.542,24.896,1144,0
2016-05-12,24.792,24.792,21.458,22.5,5112,0
2016-05-13,21.875,23.854,21.354,21.875,6594,0
2016-05-16,21.771,23.74,21.771,22.188,3578,0
2016-05-17,21.404,23.541,21.404,22.083,2719,0
2016-05-18,21.656,23.228,21.656,22.812,760,0
2016-05-19,22.292,22.5,21.562,21.771,751,0
2016-05-20,21.771,23.332,21.771,22.292,1014,0
2016-05-23,22.857,23.125,22.108,22.396,922,0
2016-05-24,22.812,26.978,22.604,26.978,4442,0
2016-05-25,27.292,44.688,26.875,33.958,540713,0
2016-05-26,32.396,34.167,30.0,31.979,68047,0
2016-05-27,31.562,32.5,30.625,31.979,7546,0
2016-05-31,31.771,33.854,30.729,33.854,11671,0
2016-06-01,33.854,35.938,33.333,35.729,13682,0
2016-06-02,36.042,36.042,34.271,35.104,7096,0
2016-06-03,34.064,34.686,33.76,34.271,5348,0
2016-06-06,34.375,34.792,33.438,34.062,7122,0
2016-06-07,33.542,33.542,31.458,32.292,7433,0
2016-06-08,32.083,33.104,31.979,32.917,3849,0
2016-06-09,34.583,34.583,32.188,33.229,1551,0
2016-06-10,32.5,41.042,31.354,35.208,78732,0
2016-06-13,37.604,39.167,34.375,38.229,47109,0
2016-06-14,39.062,40.103,35.938,37.812,16988,0
2016-06-15,38.333,39.062,35.521,36.875,8713,0
2016-06-16,36.458,36.458,34.792,34.792,1919,0
2016-06-17,35.208,39.062,34.167,36.042,12850,0
2016-06-20,36.25,40.417,36.25,38.125,18313,0
2016-06-21,38.646,39.688,36.667,39.688,6345,0
2016-06-22,39.271,42.5,38.745,40.001,29383,0
2016-06-23,40.833,40.833,38.542,40.312,10019,0
2016-06-24,35.938,41.979,34.583,41.667,11188,0
2016-06-27,41.562,42.188,37.812,40.729,17643,0
2016-06-28,40.521,42.708,37.5,40.833,11713,0
2016-06-29,40.833,42.708,40.001,41.562,10900,0
2016-06-30,41.25,44.583,40.104,43.021,20506,0
2016-07-01,43.75,44.792,42.5,43.75,14947,0
2016-07-05,43.125,44.271,38.229,41.771,20709,0
2016-07-06,41.771,43.958,39.688,43.646,7339,0
2016-07-07,43.75,45.104,43.75,44.271,4101,0
2016-07-08,44.271,45.104,43.229,44.375,4495,0
2016-07-11,44.792,47.083,44.167,45.729,14973,0
2016-07-12,46.25,47.5,45.208,45.417,9024,0
2016-07-13,45.312,46.249,41.979,44.478,10756,0
2016-07-14,43.333,45.104,43.333,44.583,9967,0
2016-07-15,44.688,49.271,44.688,45.625,18934,0
2016-07-18,45.104,45.625,42.917,42.917,8760,0
2016-07-19,42.917,43.933,40.521,42.812,14287,0
2016-07-20,41.354,43.125,41.146,42.396,8813,0
2016-07-21,42.708,42.708,41.771,41.875,1868,0
2016-07-22,42.188,43.333,41.875,42.708,1671,0
2016-07-25,42.708,43.854,41.875,42.708,2671,0
2016-07-26,42.708,43.75,42.604,43.021,1742,0
2016-07-27,42.812,44.167,42.812,43.958,1934,0
2016-07-28,44.271,44.792,42.75,43.542,2506,0
2016-07-29,43.76,43.958,42.188,43.333,1496,0
2016-08-01,42.812,44.642,42.812,43.542,1819,0
2016-08-02,43.75,44.219,41.771,42.292,2252,0
2016-08-03,42.708,42.906,40.938,40.938,1705,0
2016-08-04,41.771,43.021,41.146,42.708,1719,0
2016-08-05,42.917,43.333,41.99,43.229,1117,0
2016-08-08,43.332,43.75,43.229,43.542,1247,0
2016-08-09,43.438,43.646,42.814,43.438,1020,0
2016-08-10,43.646,46.667,43.229,43.229,5437,0
2016-08-11,42.708,45.312,42.708,43.646,4728,0
2016-08-12,40.104,43.646,40.104,43.646,4850,0
2016-08-15,43.333,43.598,42.604,43.542,3262,0
2016-08-16,43.854,43.854,42.812,43.021,2368,0
2016-08-17,43.125,43.853,42.708,43.333,1818,0
2016-08-18,42.917,44.688,42.709,44.479,4529,0
2016-08-19,43.854,44.688,43.534,44.167,3840,0
2016-08-22,43.542,46.557,43.542,46.146,5556,0
2016-08-23,46.354,49.479,46.354,48.854,13715,0
2016-08-24,49.479,51.353,46.667,47.082,12973,0
2016-08-25,47.083,48.24,44.583,44.792,4631,0
2016-08-26,45.312,46.667,44.584,46.146,2874,0
2016-08-29,45.833,47.083,45.104,46.042,1628,0
2016-08-30,46.562,47.917,44.479,44.961,3510,0
2016-08-31,45.833,45.833,42.5,43.438,3374,0
2016-09-01,43.438,44.479,43.438,44.167,1772,0
2016-09-02,45.625,46.667,44.689,44.897,934,0
2016-09-06,44.792,46.562,44.792,45.208,885,0
2016-09-07,44.896,46.25,44.167,45.625,1794,0
2016-09-08,45.104,46.371,44.896,45.521,1406,0
2016-09-09,44.792,45.365,43.854,44.167,2506,0
2016-09-12,43.854,44.062,41.875,43.504,3393,0
2016-09-13,43.646,43.854,42.396,42.604,3261,0
2016-09-14,43.229,43.229,30.417,33.542,45332,0
2016-09-15,34.375,37.396,32.51,34.583,12562,0
2016-09-16,34.792,36.667,32.5,36.25,14076,0
2016-09-19,36.25,38.073,34.906,35.452,5408,0
2016-09-20,36.458,36.875,35.0,35.833,3848,0
2016-09-21,35.329,35.833,32.605,33.333,11016,0
2016-09-22,33.333,34.896,32.5,34.297,5539,0
2016-09-23,34.062,35.312,33.438,33.603,954,0
2016-09-26,34.167,34.896,33.211,33.438,3392,0
2016-09-27,33.854,34.27,32.812,32.819,2411,0
2016-09-28,32.917,33.958,32.604,33.125,5341,0
2016-09-29,33.229,33.854,31.562,33.75,3553,0
2016-09-30,33.333,34.167,32.806,33.021,3459,0
2016-10-03,33.333,34.167,31.562,33.854,3909,0
2016-10-04,34.167,34.479,33.022,33.379,2799,0
2016-10-05,33.333,35.417,33.333,35.208,5403,0
2016-10-06,35.104,36.875,35.0,36.874,4235,0
2016-10-07,37.396,45.625,37.117,40.833,39736,0
2016-10-10,40.625,42.917,39.168,41.25,5130,0
2016-10-11,42.708,42.708,39.062,40.938,9917,0
2016-10-12,41.25,41.354,39.479,40.417,5260,0
2016-10-13,40.417,40.521,37.604,39.271,4831,0
2016-10-14,39.583,39.896,38.021,38.333,4756,0
2016-10-17,39.583,39.583,36.458,39.583,4326,0
2016-10-18,39.583,39.583,36.458,36.979,4864,0
2016-10-19,38.021,38.021,33.854,35.417,7942,0
2016-10-20,35.938,37.969,34.896,35.938,4144,0
2016-10-21,36.458,36.979,34.896,35.938,1925,0
2016-10-24,35.417,36.458,34.896,35.417,2256,0
2016-10-25,36.979,36.979,35.417,35.885,1046,0
2016-10-26,35.417,35.417,34.375,34.896,1165,0
2016-10-27,35.417,35.938,34.375,35.417,1349,0
2016-10-28,13.021,15.104,10.417,10.938,626213,0
2016-10-31,10.417,10.938,7.8125,8.8542,201689,0
2016-11-01,8.3333,8.8542,8.0219,8.3354,43632,0
2016-11-02,8.125,8.326,6.3708,6.6344,72061,0
2016-11-03,6.5625,7.2917,5.3448,6.9438,95488,0
2016-11-04,7.2906,8.0208,6.7708,6.9802,69451,0
2016-11-07,7.7073,7.7073,5.5208,5.9375,48027,0
2016-11-08,5.9375,6.4104,5.7302,5.9365,14447,0
2016-11-09,6.0417,6.25,5.2083,6.0406,11155,0
2016-11-10,5.8333,6.4062,5.7292,6.25,23742,0
2016-11-11,6.25,6.25,5.8573,6.0312,10002,0
2016-11-14,6.0937,6.0937,5.7344,5.8344,17016,0
2016-11-15,5.7396,6.0417,5.2135,5.8333,13216,0
2016-11-16,5.9094,6.25,5.7302,6.1448,15258,0
2016-11-17,6.1458,6.1458,5.7292,5.7292,22724,0
2016-11-18,5.7292,7.6875,5.6771,6.9792,125489,0
2016-11-21,7.5896,15.521,7.0833,15.312,1821259,0
2016-11-22,14.167,14.27,10.729,10.938,570373,0
2016-11-23,10.729,10.812,8.8542,9.4479,122382,0
2016-11-25,9.2708,12.5,9.0625,11.965,162642,0
2016-11-28,11.458,11.875,10.104,11.25,117361,0
2016-11-29,10.729,12.292,10.625,10.729,113626,0
2016-11-30,10.833,10.833,9.4146,9.896,51788,0
2016-12-01,9.375,9.844,9.2708,9.586,19413,0
2016-12-02,9.875,10.042,8.9583,9.582,32194,0
2016-12-05,9.4792,9.4792,8.3438,8.5427,23629,0
2016-12-06,8.5417,10.207,7.9688,9.896,106065,0
2016-12-07,9.896,10.312,9.1667,9.2729,38249,0
2016-12-08,9.1688,9.2708,8.3333,8.9583,37978,0
2016-12-09,10.625,15.417,9.4792,12.604,977026,0
2016-12-12,11.458,12.5,9.896,10.208,171019,0
2016-12-13,10.625,10.728,9.583,9.583,68931,0
2016-12-14,9.792,9.895,8.8542,8.9375,52871,0
2016-12-15,9.001,10.0,8.4375,9.843,65424,0
2016-12-16,10.417,10.513,9.0625,9.3375,46168,0
2016-12-19,9.0625,10.104,8.8562,8.9583,26454,0
2016-12-20,8.9583,9.375,8.9583,9.2208,22686,0
2016-12-21,9.579,9.583,9.2708,9.4667,15568,0
2016-12-22,9.2708,11.979,9.1667,11.457,251813,0
2016-12-23,10.938,11.354,9.896,10.0,80756,0
2016-12-27,10.104,10.833,10.104,10.625,23461,0
2016-12-28,10.417,10.458,9.4927,9.897,23522,0
2016-12-29,9.844,11.333,9.792,10.208,62786,0
2016-12-30,9.99,10.002,9.4792,9.583,36094,0
2017-01-03,9.583,9.896,9.4792,9.792,9456,0
2017-01-04,9.583,10.729,9.583,10.05,25137,0
2017-01-05,10.312,10.312,9.698,9.792,17209,0
2017-01-06,9.896,10.625,9.679,9.698,55142,0
2017-01-09,9.4792,9.982,9.1146,9.4792,39312,0
2017-01-10,9.688,10.0,9.1302,9.688,72464,0
2017-01-11,10.104,10.208,9.2188,9.2198,44360,0
2017-01-12,9.583,13.958,9.276,11.979,693258,0
2017-01-13,12.292,14.271,10.009,10.01,414048,0
2017-01-17,10.729,10.933,9.896,9.906,62276,0
2017-01-18,10.312,10.312,9.4792,9.582,50679,0
2017-01-19,9.3854,9.896,9.375,9.4792,34254,0
2017-01-20,9.3854,10.0,9.3854,9.4271,21060,0
2017-01-23,9.583,9.896,9.375,9.688,14209,0
2017-01-24,9.875,11.25,9.4802,10.417,124846,0
2017-01-25,11.042,11.146,9.958,10.006,44266,0
2017-01-26,10.417,10.625,9.896,10.062,15253,0
2017-01-27,10.365,10.365,9.896,10.104,13355,0
2017-01-30,10.417,10.417,9.583,9.896,13164,0
2017-01-31,9.698,10.729,9.604,9.896,32966,0
2017-02-01,9.896,10.729,9.708,10.417,21770,0
2017-02-02,10.521,11.458,10.208,10.833,108816,0
2017-02-03,10.417,11.458,10.312,10.833,89131,0
2017-02-06,11.25,12.396,10.417,10.417,176312,0
2017-02-07,10.417,10.729,9.949,10.625,54613,0
2017-02-08,10.521,10.625,10.123,10.521,18298,0
2017-02-09,10.521,10.938,10.21,10.729,25472,0
2017-02-10,10.938,10.938,10.318,10.417,12913,0
2017-02-13,10.625,10.938,10.417,10.521,18256,0
2017-02-14,10.729,11.667,10.417,11.562,125268,0
2017-02-15,11.979,13.125,11.042,11.354,206283,0
2017-02-16,11.042,11.623,10.938,11.042,31439,0
2017-02-17,10.938,11.458,10.938,11.458,13129,0
2017-02-21,12.083,12.083,11.25,11.25,23895,0
2017-02-22,11.354,11.979,10.938,11.458,24906,0
2017-02-23,11.771,11.771,10.833,10.833,24115,0
2017-02-24,10.833,10.938,9.688,10.127,42606,0
2017-02-27,9.896,10.312,9.792,10.312,18545,0
2017-02-28,10.417,10.417,9.896,9.896,19578,0
2017-03-01,10.311,10.311,9.896,9.896,9113,0
2017-03-02,9.896,10.054,9.896,9.901,13491,0
2017-03-03,9.896,10.0,9.4792,9.583,18591,0
2017-03-06,9.583,9.793,9.375,9.764,5898,0
2017-03-07,9.693,9.764,9.376,9.4792,3913,0
2017-03-08,9.4781,10.0,9.375,9.844,10621,0
2017-03-09,9.844,9.965,9.7,9.821,3610,0
2017-03-10,9.896,10.0,9.1667,9.3229,25773,0
2017-03-13,9.375,9.68,8.9583,9.1667,12806,0
2017-03-14,9.1458,9.2698,8.75,8.9167,14329,0
2017-03-15,8.8521,9.0646,7.6375,9.0625,26499,0
2017-03-16,9.3646,9.3646,8.6469,9.2604,7262,0
2017-03-17,9.2708,9.2708,8.7833,9.2188,6164,0
2017-03-20,9.101,9.101,8.7604,8.8542,7830,0
2017-03-21,8.8573,9.1427,8.75,8.751,3676,0
2017-03-22,8.6635,8.8542,8.5521,8.5521,3578,0
2017-03-23,8.3333,8.6458,8.2812,8.4594,6243,0
2017-03-24,8.3333,8.3469,7.8125,8.0208,12827,0
2017-03-27,8.0208,8.3333,7.7083,8.2292,18928,0
2017-03-28,8.3333,8.9583,8.2531,8.7479,16800,0
2017-03-29,8.0208,8.4365,7.8365,8.125,19250,0
2017-03-30,8.5312,8.5625,7.8125,7.9875,7131,0
2017-03-31,7.8125,8.2812,7.8125,8.2292,3856,0
2017-04-03,8.2292,8.2292,7.7083,8.0208,3863,0
2017-04-04,8.0198,8.0198,7.7208,7.9688,5616,0
2017-04-05,7.974,7.974,7.7198,7.7708,4311,0
2017-04-06,7.75,7.7625,7.2917,7.5,13647,0
2017-04-07,7.3688,7.3688,6.875,7.1875,9208,0
2017-04-10,7.1156,7.3958,6.9375,7.0938,4023,0
2017-04-11,7.0833,7.2917,6.8854,6.8854,4243,0
2017-04-12,6.875,8.2292,6.875,7.9688,41302,0
2017-04-13,8.2292,8.3333,6.9927,7.2969,15008,0
2017-04-17,7.0,7.2917,6.9792,7.0844,3086,0
2017-04-18,6.9896,7.0833,6.4583,6.5625,10349,0
2017-04-19,6.6667,6.8646,6.5635,6.6677,9653,0
2017-04-20,6.7083,7.1865,6.5677,6.7708,4705,0
2017-04-21,6.6688,6.9156,6.5625,6.6667,1440,0
2017-04-24,6.9792,7.3958,6.5635,6.9792,17004,0
2017-04-25,6.8615,7.5938,6.5104,7.0833,31752,0
2017-04-26,7.5,7.8125,6.926,7.3938,3719,0
2017-04-27,7.1042,7.2917,6.9792,7.0833,2060,0
2017-04-28,6.875,7.2,6.875,7.0833,1965,0
2017-05-01,6.9635,6.9906,6.875,6.875,1524,0
2017-05-02,7.0479,7.1594,6.875,6.974,2216,0
2017-05-03,6.9792,6.9792,6.6875,6.6875,3268,0
2017-05-04,6.6667,6.875,6.6667,6.6667,2324,0
2017-05-05,6.6667,6.9781,5.9375,5.9375,15973,0
2017-05-08,6.1812,6.25,6.0417,6.1062,1886,0
2017-05-09,6.5625,6.5625,6.25,6.4583,2368,0
2017-05-10,6.251,6.7156,6.251,6.4604,2150,0
2017-05-11,6.25,6.6042,6.1667,6.25,3681,0
2017-05-12,6.4479,6.4479,6.0417,6.0469,3169,0
2017-05-15,6.25,6.25,6.0417,6.0427,4941,0
2017-05-16,6.0417,7.0958,5.8354,6.7698,14058,0
2017-05-17,6.6667,6.7708,6.224,6.25,8964,0
2017-05-18,6.1562,6.4635,5.9375,5.9375,3377,0
2017-05-19,5.9375,6.6094,5.9375,6.2344,3487,0
2017-05-22,6.1562,7.0833,5.9375,7.0302,22648,0
2017-05-23,7.2917,7.4125,6.6969,7.0833,15423,0
2017-05-24,7.2917,7.2917,6.75,7.0042,6393,0
2017-05-25,6.9292,7.1792,6.75,6.75,2930,0
2017-05-26,7.0823,7.1875,6.3542,6.875,6492,0
2017-05-30,6.875,6.875,6.1458,6.4583,2550,0
2017-05-31,6.2812,6.4583,6.0625,6.076,2565,0
2017-06-01,6.1458,6.6656,6.1458,6.2906,2892,0
2017-06-02,6.5625,6.5625,6.1458,6.25,4515,0
2017-06-05,6.2594,6.2594,6.0677,6.0937,3490,0
2017-06-06,6.0417,6.2396,6.0417,6.0417,1042,0
2017-06-07,6.1552,6.25,5.9896,5.9896,1160,0
2017-06-08,6.1458,6.1979,5.9375,6.1969,770,0
2017-06-09,5.9375,6.2573,5.9375,6.1458,1607,0
2017-06-12,5.9583,6.1458,5.9375,5.9375,1796,0
2017-06-13,5.9375,6.2396,5.8333,6.2396,2607,0
2017-06-14,6.2396,6.3438,5.851,6.25,3782,0
2017-06-15,6.0635,6.801,6.0625,6.1562,2805,0
2017-06-16,6.1562,6.4479,6.0688,6.2333,736,0
2017-06-19,6.2333,6.4479,6.2333,6.25,1178,0
2017-06-20,6.25,6.4531,5.7292,6.1792,6204,0
2017-06-21,6.3542,6.3542,5.9479,6.0417,1809,0
2017-06-22,6.0771,6.2396,5.7292,5.9479,3606,0
2017-06-23,6.2396,7.5917,5.8438,6.1667,40705,0
2017-06-26,6.1667,6.6667,6.1458,6.1771,13207,0
2017-06-27,6.4854,6.7708,6.3542,6.4594,3200,0
2017-06-28,6.5469,7.4656,6.25,6.8302,32615,0
2017-06-29,7.3958,7.3958,6.7188,6.7708,10264,0
2017-06-30,7.2917,7.2969,6.7708,6.7708,8582,0
2017-07-03,10.729,14.062,10.406,12.187,1110634,0
2017-07-05,13.542,15.104,9.792,10.417,515753,0
2017-07-06,9.4792,9.688,8.3333,9.0417,115493,0
2017-07-07,9.0625,9.375,6.5938,7.7083,63199,0
2017-07-10,7.2917,8.5312,7.2917,8.1385,56412,0
2017-07-11,8.5417,11.354,8.4375,10.521,258514,0
2017-07-12,10.205,10.417,9.1667,9.2719,48846,0
2017-07-13,8.9583,9.375,8.5625,9.0104,27436,0
2017-07-14,9.0104,9.0615,8.6458,8.8542,13605,0
2017-07-17,8.8542,9.1562,8.75,9.0958,27877,0
2017-07-18,9.1667,9.1667,8.5417,8.8958,27877,0
2017-07-19,8.8542,9.896,8.8542,9.792,62972,0
2017-07-20,9.562,9.896,9.4792,9.531,17071,0
2017-07-21,9.4062,9.561,9.2708,9.375,7937,0
2017-07-24,9.615,9.615,9.1667,9.2604,9630,0
2017-07-25,9.1667,9.4271,8.9583,9.2708,8398,0
2017-07-26,9.1771,9.425,9.0625,9.2708,7135,0
2017-07-27,9.25,9.4573,9.0625,9.1667,11106,0
2017-07-28,9.375,9.688,9.0625,9.2708,16475,0
2017-07-31,9.686,9.686,9.0625,9.0934,8619,0
2017-08-01,9.0479,9.896,9.0479,9.4792,11221,0
2017-08-02,9.3177,9.4792,9.1781,9.2708,4226,0
2017-08-03,9.583,9.667,9.2708,9.4792,16584,0
2017-08-04,9.4771,9.895,9.2708,9.582,8455,0
2017-08-07,9.688,9.688,9.4792,9.635,8269,0
2017-08-08,9.5,9.688,9.1667,9.583,8439,0
2017-08-09,9.2917,9.2917,8.8542,8.8646,11692,0
2017-08-10,8.8542,9.0615,8.3333,8.4385,14756,0
2017-08-11,9.0625,9.0625,8.3438,8.4272,14722,0
2017-08-14,8.8542,8.8542,8.2318,8.6458,11208,0
2017-08-15,8.8542,8.8542,8.125,8.2292,4401,0
2017-08-16,8.2396,8.5312,7.8125,7.9167,11366,0
2017-08-17,7.9167,8.0208,7.3958,7.8776,6623,0
2017-08-18,7.7719,7.8125,7.5,7.6052,8354,0
2017-08-21,7.8125,8.8542,7.7,8.249,12556,0
2017-08-22,8.3323,10.312,8.1354,9.896,46375,0
2017-08-23,9.896,11.979,9.583,10.085,134222,0
2017-08-24,10.093,10.133,9.1667,9.4792,21544,0
2017-08-25,9.3083,9.4552,8.3333,8.5417,10139,0
2017-08-28,8.7812,9.0302,8.5427,8.6469,6674,0
2017-08-29,8.75,8.75,8.3323,8.5833,8345,0
2017-08-30,8.4542,8.75,8.3333,8.749,4838,0
2017-08-31,8.7708,9.1667,8.5623,8.9323,6641,0
2017-09-01,9.2708,9.375,8.75,8.8603,5158,0
2017-09-05,9.2604,9.2604,8.8542,9.1667,8160,0
2017-09-06,9.0625,9.2708,8.875,9.2708,3824,0
2017-09-07,9.1479,10.104,9.0625,9.802,19448,0
2017-09-08,10.104,11.146,9.802,9.93,48851,0
2017-09-11,9.792,10.188,9.792,10.188,12943,0
2017-09-12,10.521,10.521,9.876,10.104,8445,0
2017-09-13,10.0,10.417,9.896,10.209,6997,0
2017-09-14,10.417,10.833,10.001,10.156,9547,0
2017-09-15,10.115,10.625,10.115,10.625,18980,0
2017-09-18,10.417,11.667,10.417,11.354,45163,0
2017-09-19,11.458,11.771,10.729,11.146,35134,0
2017-09-20,11.979,12.083,10.0,10.103,29316,0
2017-09-21,8.55,10.3,8.55,9.81,11100,0
2017-09-22,10.0,10.47,9.49,9.92,13800,0
2017-09-25,10.21,11.2,10.118,11.0,36900,0
2017-09-26,11.1,12.4499,11.01,11.92,64890,0
2017-09-27,11.95,13.0,11.95,12.99,61692,0
2017-09-28,13.0,14.8919,13.0,14.7,77840,0
2017-09-29,15.0,22.6307,15.0,18.67,147456,0
2017-10-02,18.7,18.88,15.12,16.04,94716,0
2017-10-03,15.2,15.39,14.01,14.9,43578,0
2017-10-04,14.9,15.906,14.9,15.33,27046,0
2017-10-05,14.8,15.25,14.8,15.15,16035,0
2017-10-06,15.0,18.2,14.6,17.45,101299,0
2017-10-09,16.99,17.65,16.17,17.65,31768,0
2017-10-10,17.8,18.2,16.65,18.0,23783,0
2017-10-11,17.465,18.0,16.7743,17.75,22557,0
2017-10-12,18.16,19.5,17.92,18.7,32827,0
2017-10-13,19.08,19.1,18.04,19.1,25591,0
2017-10-16,19.1,19.35,18.26,19.35,29793,0
2017-10-17,19.0,19.0,18.501,18.997,8812,0
2017-10-18,18.5,18.55,16.82,17.91,14253,0
2017-10-19,17.85,18.01,17.6,17.811,3762,0
2017-10-20,17.87,17.87,17.528,17.8144,12365,0
2017-10-23,17.88,18.57,17.36,18.57,29209,0
2017-10-24,18.265,18.42,18.207,18.262,4933,0
2017-10-25,17.9,18.25,17.6,17.905,13211,0
2017-10-26,17.91,17.91,17.5,17.51,2042,0
2017-10-27,17.635,17.85,17.21,17.45,7193,0
2017-10-30,17.73,17.73,17.47,17.47,3635,0
2017-10-31,17.535,17.535,17.25,17.26,3873,0
2017-11-01,17.3,17.929,17.25,17.7501,9543,0
2017-11-02,17.95,17.95,16.6317,17.85,4511,0
2017-11-03,17.61,18.1204,17.25,17.98,11138,0
2017-11-06,17.81,17.9,17.54,17.9,13323,0
2017-11-07,17.9,18.6699,17.87,17.87,9795,0
2017-11-08,17.45,17.8652,16.5,17.6475,9170,0
2017-11-09,17.46,17.705,17.01,17.45,3589,0
2017-11-10,17.4949,18.3726,17.3101,17.51,4448,0
