Date,Open,High,Low,Close,Volume,OpenInt
2014-01-02,23.985,24.043,22.141,22.492,569294,0
2014-01-03,22.538,22.776,21.959,22.31,336575,0
2014-01-06,22.644,22.758,22.225,22.251,406208,0
2014-01-07,22.548,22.699,21.968,22.27,367352,0
2014-01-08,22.31,22.424,22.111,22.27,379850,0
2014-01-09,22.378,22.406,22.186,22.261,322091,0
2014-01-10,22.31,22.339,22.101,22.27,232193,0
2014-01-13,22.27,22.27,21.386,21.664,284705,0
2014-01-14,21.892,22.141,21.683,22.131,360634,0
2014-01-15,22.141,22.53,22.016,22.349,334273,0
2014-01-16,22.261,22.615,22.101,22.444,203298,0
2014-01-17,22.472,22.615,21.997,22.072,187458,0
2014-01-21,22.091,22.339,21.901,22.016,199852,0
2014-01-22,22.141,22.359,21.93,22.225,200689,0
2014-01-23,22.091,22.16,21.462,21.693,252882,0
2014-01-24,21.462,21.559,19.969,20.454,505451,0
2014-01-27,20.358,20.71,19.834,20.178,379744,0
2014-01-28,20.083,21.273,20.083,21.148,399593,0
2014-01-29,21.035,21.367,20.492,20.529,173911,0
2014-01-30,20.797,21.312,20.492,20.635,184621,0
2014-01-31,20.092,20.71,20.054,20.301,287435,0
2014-02-03,20.223,20.473,19.093,19.283,317416,0
2014-02-04,17.949,19.14,16.844,18.891,743472,0
2014-02-05,19.035,19.14,18.54,18.967,271352,0
2014-02-06,19.006,19.358,18.845,19.198,360418,0
2014-02-07,18.198,18.198,16.674,16.939,1584181,0
2014-02-10,16.949,17.492,16.949,17.148,519053,0
2014-02-11,16.999,17.313,16.779,17.139,609556,0
2014-02-12,17.214,17.977,17.065,17.606,534538,0
2014-02-13,17.576,18.155,17.52,17.987,356279,0
2014-02-14,18.014,18.34,17.625,17.931,262481,0
2014-02-18,17.902,18.415,17.854,18.301,338011,0
2014-02-19,18.188,18.32,17.167,17.37,769293,0
2014-02-20,17.046,17.606,16.9,17.51,425697,0
2014-02-21,17.492,17.596,17.384,17.416,281618,0
2014-02-24,17.38,17.712,17.35,17.674,351654,0
2014-02-25,17.664,17.664,17.12,17.234,353988,0
2014-02-26,17.332,17.816,17.186,17.416,216089,0
2014-02-27,17.426,17.616,17.208,17.482,165223,0
2014-02-28,17.616,17.844,17.254,17.415,221320,0
2014-03-03,17.12,17.566,17.069,17.416,233682,0
2014-03-04,17.674,17.844,17.167,17.722,429404,0
2014-03-05,17.704,17.912,17.586,17.777,276716,0
2014-03-06,17.76,18.32,17.635,18.254,380446,0
2014-03-07,18.31,18.425,18.131,18.301,232175,0
2014-03-10,18.245,18.56,18.072,18.521,275080,0
2014-03-11,18.54,18.828,18.339,18.386,303181,0
2014-03-12,18.339,18.493,18.225,18.329,184197,0
2014-03-13,18.415,18.463,18.291,18.367,306444,0
2014-03-14,18.234,18.493,18.217,18.376,157885,0
2014-03-17,18.579,19.141,18.579,19.105,287757,0
2014-03-18,19.113,19.341,19.105,19.171,226026,0
2014-03-19,19.161,19.217,19.032,19.132,434901,0
2014-03-20,19.132,19.285,19.085,19.113,124557,0
2014-03-21,19.227,19.285,19.056,19.105,309067,0
2014-03-24,19.105,19.151,18.654,18.781,298898,0
2014-03-25,18.9,19.037,18.741,18.968,272869,0
2014-03-26,19.046,19.209,18.837,18.846,321411,0
2014-03-27,18.892,19.427,18.771,19.066,831264,0
2014-03-28,19.191,19.515,18.988,19.007,266834,0
2014-03-31,19.123,19.381,18.92,19.191,415847,0
2014-04-01,19.256,20.039,19.256,19.965,274978,0
2014-04-02,19.852,19.965,19.764,19.876,192482,0
2014-04-03,19.895,20.087,19.687,19.955,320202,0
2014-04-04,20.127,20.249,19.227,19.391,403362,0
2014-04-07,19.246,19.371,18.988,19.105,317984,0
2014-04-08,19.076,19.294,19.022,19.141,243733,0
2014-04-09,19.217,19.477,19.076,19.322,275302,0
2014-04-10,19.236,19.361,18.625,18.864,292811,0
2014-04-11,18.761,18.846,18.473,18.606,242763,0
2014-04-14,18.579,19.141,18.579,18.998,241323,0
2014-04-15,19.056,19.515,19.007,19.275,412210,0
2014-04-16,19.417,20.383,19.246,20.316,347621,0
2014-04-17,20.202,20.518,20.059,20.498,351020,0
2014-04-21,20.488,20.863,20.488,20.698,243617,0
2014-04-22,20.632,21.004,20.555,20.794,295546,0
2014-04-23,20.784,20.936,20.574,20.794,183058,0
2014-04-24,20.891,20.915,20.536,20.632,281572,0
2014-04-25,21.351,21.776,21.253,21.423,621981,0
2014-04-28,21.472,21.491,20.975,21.281,554682,0
2014-04-29,21.432,21.482,21.117,21.187,544096,0
2014-04-30,21.167,21.215,20.67,20.898,3978904,0
2014-05-01,20.794,21.157,20.564,20.794,492380,0
2014-05-02,20.765,21.403,20.69,21.357,287775,0
2014-05-05,21.301,22.495,21.09,22.427,431214,0
2014-05-06,21.127,22.647,21.127,22.178,404211,0
2014-05-07,22.322,22.713,21.969,22.665,407665,0
2014-05-08,22.638,22.638,21.702,21.979,602971,0
2014-05-09,19.895,20.078,17.775,18.207,1814556,0
2014-05-12,18.415,18.56,17.489,17.71,644893,0
2014-05-13,17.623,17.833,17.299,17.573,580558,0
2014-05-14,17.517,17.691,17.059,17.069,555748,0
2014-05-15,16.954,17.004,16.457,16.686,524658,0
2014-05-16,16.65,16.733,15.904,16.303,706313,0
2014-05-19,16.669,18.349,16.513,17.743,711849,0
2014-05-20,17.613,17.956,17.098,17.098,587351,0
2014-05-21,17.014,17.45,16.513,16.886,446665,0
2014-05-22,16.896,17.004,16.591,16.686,295023,0
2014-05-23,16.706,17.024,16.549,16.829,244954,0
2014-05-27,17.135,17.144,16.591,16.763,311725,0
2014-05-28,16.715,16.822,16.333,16.43,352323,0
2014-05-29,16.513,16.725,16.333,16.582,245061,0
2014-05-30,16.523,16.829,16.523,16.65,250713,0
2014-06-02,16.62,16.803,16.294,16.523,395687,0
2014-06-03,16.457,16.773,16.285,16.373,334600,0
2014-06-04,16.313,16.563,16.151,16.382,284412,0
2014-06-05,16.439,16.485,16.229,16.457,263622,0
2014-06-06,16.505,16.886,16.495,16.812,229770,0
2014-06-09,16.715,17.098,16.476,17.004,334799,0
2014-06-10,16.838,16.867,16.399,16.714,263879,0
2014-06-11,16.609,16.714,16.341,16.437,244623,0
2014-06-12,16.474,16.695,16.292,16.629,255058,0
2014-06-13,16.724,16.821,16.413,16.531,136906,0
2014-06-16,16.447,16.742,16.301,16.599,299618,0
2014-06-17,16.599,17.024,16.531,16.762,193269,0
2014-06-18,16.639,16.821,16.428,16.724,183373,0
2014-06-19,16.838,16.915,16.418,16.521,150275,0
2014-06-20,16.571,16.867,16.521,16.828,358839,0
2014-06-23,16.685,17.183,16.685,16.782,241100,0
2014-06-24,16.877,17.125,16.714,16.772,309595,0
2014-06-25,16.772,17.211,16.772,17.155,185831,0
2014-06-26,17.155,17.241,16.857,17.041,181071,0
2014-06-27,17.041,17.491,16.984,17.442,301641,0
2014-06-30,17.481,17.548,17.232,17.387,255524,0
2014-07-01,17.423,17.731,17.347,17.367,216040,0
2014-07-02,17.367,17.433,17.041,17.069,132723,0
2014-07-03,17.116,17.472,16.763,17.387,89565,0
2014-07-07,17.377,17.449,16.857,16.915,201187,0
2014-07-08,16.857,16.915,16.51,16.685,607193,0
2014-07-09,16.867,17.05,16.792,16.838,220837,0
2014-07-10,16.571,16.77,16.408,16.512,144601,0
2014-07-11,16.512,16.627,16.389,16.447,127538,0
2014-07-14,16.571,16.838,16.418,16.782,141799,0
2014-07-15,16.668,16.915,16.629,16.724,170762,0
2014-07-16,16.857,16.954,16.512,16.677,138337,0
2014-07-17,16.649,16.762,16.521,16.551,157310,0
2014-07-18,16.531,16.905,16.531,16.905,160702,0
2014-07-21,16.821,16.867,16.658,16.677,129741,0
2014-07-22,16.732,16.828,16.571,16.705,136503,0
2014-07-23,16.732,17.227,16.724,17.135,192632,0
2014-07-24,17.024,17.367,17.024,17.155,120735,0
2014-07-25,17.069,17.107,16.76,16.857,126189,0
2014-07-28,16.896,16.934,16.483,16.695,161408,0
2014-07-29,16.762,16.762,16.464,16.493,182914,0
2014-07-30,16.639,16.714,16.464,16.609,93344,0
2014-07-31,16.418,16.418,15.967,16.063,199894,0
2014-08-01,15.976,16.245,15.919,16.053,165283,0
2014-08-04,16.053,16.131,15.833,15.947,207495,0
2014-08-05,15.861,16.341,15.861,16.292,128352,0
2014-08-06,16.418,16.954,16.273,16.877,160676,0
2014-08-07,16.857,17.271,16.742,17.155,257457,0
2014-08-08,17.145,17.433,17.103,17.405,166315,0
2014-08-11,17.491,17.731,17.31,17.548,167440,0
2014-08-12,17.491,17.491,17.241,17.32,185300,0
2014-08-13,17.357,17.557,17.271,17.548,86049,0
2014-08-14,17.565,17.731,17.565,17.722,97665,0
2014-08-15,17.855,18.006,17.481,17.595,202671,0
2014-08-18,17.731,18.105,17.731,18.075,127852,0
2014-08-19,18.124,18.44,18.124,18.267,178334,0
2014-08-20,18.228,18.43,18.066,18.401,216708,0
2014-08-21,18.401,18.631,18.286,18.621,145958,0
2014-08-22,18.612,18.677,18.381,18.631,168646,0
2014-08-25,18.535,18.824,18.381,18.41,130252,0
2014-08-26,18.371,18.677,18.296,18.555,159100,0
2014-08-27,18.498,18.545,18.182,18.391,110953,0
2014-08-28,18.371,18.468,18.066,18.075,118039,0
2014-08-29,18.066,18.44,17.922,18.42,105331,0
2014-09-02,18.391,18.824,18.114,18.677,144197,0
2014-09-03,18.727,18.907,18.507,18.796,139235,0
2014-09-04,18.787,18.927,18.631,18.787,222397,0
2014-09-05,19.263,20.664,19.263,20.605,580857,0
2014-09-08,20.576,21.801,20.24,21.201,450606,0
2014-09-09,21.028,21.028,20.452,20.7,338421,0
2014-09-10,20.664,20.875,20.405,20.857,238982,0
2014-09-11,20.663,20.875,20.277,20.442,202551,0
2014-09-12,20.404,20.595,20.326,20.424,222960,0
2014-09-15,20.404,20.634,19.882,20.086,106787,0
2014-09-16,19.999,20.316,19.99,20.086,116837,0
2014-09-17,20.067,20.335,19.936,20.182,196625,0
2014-09-18,20.201,21.066,20.008,20.47,154335,0
2014-09-19,20.489,20.604,19.742,19.826,162301,0
2014-09-22,19.762,19.762,19.308,19.335,154355,0
2014-09-23,19.22,19.308,18.97,19.068,163356,0
2014-09-24,19.193,19.316,19.068,19.203,182296,0
2014-09-25,19.203,19.326,18.771,18.884,138349,0
2014-09-26,18.884,19.604,18.394,19.048,157050,0
2014-09-29,18.799,19.249,18.691,18.761,163867,0
2014-09-30,18.837,19.212,18.548,18.568,212264,0
2014-10-01,18.568,18.761,17.98,18.058,191330,0
2014-10-02,18.068,18.279,17.62,17.818,167673,0
2014-10-03,17.99,18.23,17.742,17.924,104374,0
2014-10-06,17.97,18.24,17.856,17.905,205464,0
2014-10-07,17.752,18.018,17.566,17.576,193146,0
2014-10-08,17.635,18.068,17.405,18.048,179017,0
2014-10-09,18.038,18.27,17.566,17.576,129787,0
2014-10-10,17.481,17.918,17.429,17.635,195126,0
2014-10-13,17.664,18.135,17.462,17.762,315400,0
2014-10-14,17.97,18.568,17.832,18.184,231516,0
2014-10-15,17.885,18.558,17.675,18.471,752280,0
2014-10-16,18.203,18.884,17.866,18.681,126855,0
2014-10-17,18.98,19.164,18.884,19.107,233472,0
2014-10-20,18.941,19.068,18.607,18.741,455663,0
2014-10-21,17.909,19.125,17.909,19.097,153332,0
2014-10-22,19.078,19.164,18.548,18.596,120308,0
2014-10-23,18.791,19.51,18.741,19.335,136810,0
2014-10-24,19.385,19.413,18.995,19.268,143360,0
2014-10-27,19.22,20.018,19.097,19.981,194529,0
2014-10-28,20.028,21.22,20.028,21.163,261862,0
2014-10-29,21.163,21.431,20.927,21.343,191618,0
2014-10-30,21.202,21.795,20.988,21.692,157460,0
2014-10-31,21.767,21.989,21.47,21.854,250659,0
2014-11-03,21.72,22.295,21.662,22.2,314540,0
2014-11-04,22.171,22.325,21.814,22.066,169244,0
2014-11-05,22.209,22.209,21.23,21.633,192921,0
2014-11-06,21.45,21.652,20.691,21.411,194439,0
2014-11-07,20.211,20.375,18.165,20.211,713817,0
2014-11-10,19.604,20.595,19.604,20.575,183201,0
2014-11-11,20.817,20.817,20.163,20.394,302918,0
2014-11-12,20.461,20.768,20.136,20.72,161999,0
2014-11-13,20.807,20.893,20.316,20.461,129331,0
2014-11-14,20.424,20.547,20.173,20.277,88526,0
2014-11-17,20.287,20.509,20.096,20.267,157567,0
2014-11-18,20.277,20.614,20.038,20.499,166904,0
2014-11-19,20.442,20.48,20.116,20.182,124379,0
2014-11-20,20.146,20.47,20.058,20.365,139708,0
2014-11-21,20.575,20.575,20.136,20.219,110214,0
2014-11-24,20.248,20.461,20.116,20.442,120552,0
2014-11-25,20.404,20.885,20.404,20.672,100710,0
2014-11-26,20.624,20.634,20.424,20.575,100045,0
2014-11-28,20.624,20.691,20.182,20.182,48564,0
2014-12-01,20.086,20.345,19.922,20.136,123883,0
2014-12-02,20.173,20.73,19.711,20.557,109900,0
2014-12-03,20.499,21.047,20.47,20.91,176786,0
2014-12-04,20.96,21.326,20.797,21.268,160562,0
2014-12-05,21.287,21.529,20.998,21.114,119883,0
2014-12-08,20.95,21.343,20.758,20.827,113715,0
2014-12-09,20.258,21.24,20.182,21.23,131743,0
2014-12-10,21.143,21.23,20.297,20.394,197268,0
2014-12-11,20.605,20.615,20.21,20.326,114387,0
2014-12-12,20.017,20.527,20.017,20.258,160434,0
2014-12-15,20.316,20.527,20.105,20.277,157070,0
2014-12-16,20.287,20.434,19.989,20.017,211711,0
2014-12-17,20.017,20.838,19.554,20.788,188111,0
2014-12-18,21.04,21.04,20.292,20.605,152774,0
2014-12-19,20.537,20.886,20.451,20.749,316269,0
2014-12-22,20.64,20.867,20.456,20.838,135251,0
2014-12-23,21.04,21.385,20.384,21.125,168035,0
2014-12-24,21.145,21.242,20.692,21.059,73684,0
2014-12-26,21.175,21.578,21.049,21.385,57554,0
2014-12-29,21.404,21.575,21.068,21.512,85541,0
2014-12-30,21.414,21.569,21.125,21.3,94811,0
2014-12-31,21.433,21.608,20.848,20.912,109925,0
2015-01-02,21.096,21.169,20.447,20.838,164961,0
2015-01-05,20.721,20.721,20.2,20.267,156192,0
2015-01-06,20.21,20.434,19.794,20.105,150560,0
2015-01-07,20.297,20.384,19.632,20.172,134983,0
2015-01-08,20.384,20.451,19.941,20.451,217962,0
2015-01-09,20.48,20.615,19.641,19.661,160162,0
2015-01-12,20.135,20.135,19.035,19.73,238943,0
2015-01-13,20.007,20.586,19.75,20.567,181269,0
2015-01-14,20.267,20.511,19.919,20.345,125847,0
2015-01-15,20.19,20.461,19.372,19.449,80002,0
2015-01-16,19.392,19.98,19.166,19.901,94215,0
2015-01-20,19.871,20.066,19.265,19.323,113120,0
2015-01-21,19.217,19.554,19.064,19.093,99722,0
2015-01-22,19.17,19.332,18.986,19.199,169595,0
2015-01-23,19.275,19.372,18.957,18.966,110949,0
2015-01-26,18.852,19.17,18.563,19.103,202907,0
2015-01-27,18.639,19.131,18.514,18.861,108881,0
2015-01-28,18.852,19.265,18.611,19.16,173772,0
2015-01-29,19.209,19.563,18.911,19.527,131138,0
2015-01-30,19.313,19.517,18.676,18.696,143129,0
2015-02-02,18.696,19.342,18.696,19.236,90159,0
2015-02-03,19.401,20.017,19.401,19.891,149711,0
2015-02-04,19.74,20.085,19.527,19.701,123838,0
2015-02-05,19.71,20.297,19.612,20.267,74598,0
2015-02-06,20.365,20.641,19.814,20.461,169967,0
2015-02-09,20.306,20.605,18.553,19.313,149026,0
2015-02-10,19.449,19.612,19.236,19.469,133042,0
2015-02-11,19.41,19.794,19.313,19.313,78017,0
2015-02-12,19.332,19.71,18.996,19.015,114552,0
2015-02-13,18.842,19.362,18.842,19.275,115605,0
2015-02-17,19.342,19.632,19.275,19.554,107790,0
2015-02-18,19.497,20.076,19.497,20.007,120685,0
2015-02-19,19.842,20.085,19.695,19.998,65597,0
2015-02-20,20.057,20.218,19.73,20.19,87084,0
2015-02-23,20.017,20.145,19.537,20.105,68336,0
2015-02-24,19.833,20.567,19.833,20.537,137263,0
2015-02-25,20.576,20.625,20.222,20.527,91991,0
2015-02-26,20.414,20.625,20.308,20.576,152442,0
2015-02-27,20.48,20.711,20.121,20.635,554502,0
2015-03-02,20.664,21.078,20.181,20.701,181370,0
2015-03-03,20.586,20.654,20.125,20.297,207104,0
2015-03-04,20.19,20.316,19.961,20.135,147234,0
2015-03-05,20.181,20.414,20.017,20.414,198285,0
2015-03-06,20.172,20.701,20.152,20.625,166222,0
2015-03-09,20.586,20.701,20.355,20.692,77925,0
2015-03-10,20.247,20.596,20.144,20.469,119684,0
2015-03-11,20.403,20.673,19.766,20.084,101815,0
2015-03-12,20.209,20.963,19.978,20.903,121369,0
2015-03-13,20.838,20.877,20.18,20.537,95501,0
2015-03-16,20.721,21.215,20.413,21.186,145787,0
2015-03-17,20.913,21.387,20.828,21.377,123645,0
2015-03-18,21.263,21.659,20.963,21.426,161827,0
2015-03-19,21.397,21.581,21.254,21.426,127061,0
2015-03-20,21.416,21.475,20.963,21.156,257328,0
2015-03-23,21.136,21.504,20.963,21.195,135959,0
2015-03-24,21.088,21.88,21.088,21.764,126439,0
2015-03-25,21.679,21.737,21.136,21.263,111541,0
2015-03-26,21.136,21.553,21.011,21.224,63323,0
2015-03-27,21.33,21.543,20.818,21.097,99538,0
2015-03-30,21.136,21.821,20.953,21.639,87326,0
2015-03-31,21.543,21.543,20.918,21.263,173812,0
2015-04-01,21.494,21.689,20.991,21.312,133992,0
2015-04-02,21.348,21.611,21.126,21.166,60426,0
2015-04-06,21.34,21.34,20.963,21.001,80706,0
2015-04-07,20.894,21.156,20.576,20.913,91078,0
2015-04-08,21.05,21.116,20.701,21.011,86190,0
2015-04-09,21.021,21.156,20.413,20.894,66737,0
2015-04-10,20.981,21.05,20.769,20.838,43767,0
2015-04-13,20.868,21.079,20.673,20.749,71290,0
2015-04-14,20.711,20.858,20.257,20.286,112471,0
2015-04-15,20.46,20.596,20.093,20.266,173975,0
2015-04-16,20.103,20.645,20.103,20.605,136633,0
2015-04-17,20.45,20.45,19.619,19.879,96537,0
2015-04-20,19.968,20.227,19.91,20.045,57343,0
2015-04-21,20.488,20.488,19.659,19.737,59280,0
2015-04-22,19.996,19.996,19.425,19.494,132664,0
2015-04-23,19.407,19.707,19.205,19.31,135855,0
2015-04-24,19.348,19.524,19.103,19.494,95500,0
2015-04-27,19.57,20.035,19.348,19.494,77188,0
2015-04-28,19.435,19.57,19.271,19.514,88001,0
2015-04-29,19.329,19.747,18.73,18.809,126750,0
2015-04-30,19.329,19.717,18.587,18.73,179313,0
2015-05-01,18.76,19.079,18.587,18.828,111850,0
2015-05-04,18.799,19.079,18.624,18.663,71809,0
2015-05-05,18.547,18.79,18.21,18.324,72944,0
2015-05-06,18.334,18.334,17.91,17.92,195801,0
2015-05-07,17.812,18.77,17.425,18.527,177373,0
2015-05-08,19.59,21.116,19.59,20.759,219874,0
2015-05-11,20.769,21.097,19.329,20.818,180450,0
2015-05-12,20.818,20.943,20.315,20.894,140377,0
2015-05-13,21.041,21.041,20.498,20.788,107243,0
2015-05-14,20.848,21.136,20.701,21.107,88465,0
2015-05-15,21.05,21.069,20.635,21.021,54709,0
2015-05-18,21.079,21.591,20.798,21.348,85498,0
2015-05-19,21.357,21.92,21.215,21.679,99527,0
2015-05-20,21.801,22.393,21.514,22.199,129760,0
2015-05-21,22.228,23.369,22.228,22.858,283817,0
2015-05-22,22.838,23.485,22.636,22.877,120542,0
2015-05-26,23.002,23.012,22.017,22.471,113359,0
2015-05-27,22.413,23.34,22.246,23.255,143718,0
2015-05-28,23.245,23.341,22.645,22.721,131032,0
2015-05-29,22.636,22.963,22.144,22.779,115679,0
2015-06-01,23.051,23.466,22.606,23.205,106051,0
2015-06-02,23.06,23.378,22.826,23.031,87574,0
2015-06-03,23.06,23.746,22.982,23.726,166068,0
2015-06-04,23.844,24.133,23.515,23.825,138545,0
2015-06-05,23.92,24.163,23.398,24.103,113505,0
2015-06-08,24.133,24.153,23.456,23.515,128096,0
2015-06-09,23.476,23.52,22.981,23.224,174007,0
2015-06-10,23.254,23.63,23.204,23.544,215728,0
2015-06-11,23.61,23.911,23.446,23.505,75688,0
2015-06-12,23.495,24.008,23.408,23.688,122514,0
2015-06-15,23.554,24.221,23.098,24.008,134797,0
2015-06-16,23.901,24.609,23.872,24.542,124477,0
2015-06-17,24.657,24.657,24.221,24.298,162666,0
2015-06-18,24.376,25.16,24.231,24.726,142849,0
2015-06-19,24.803,24.86,24.464,24.504,231921,0
2015-06-22,24.637,25.017,24.542,24.726,82057,0
2015-06-23,24.706,24.803,24.474,24.677,122108,0
2015-06-24,24.706,24.851,24.184,24.298,93511,0
2015-06-25,24.135,24.88,23.989,24.56,114052,0
2015-06-26,24.647,24.823,24.193,24.58,663149,0
2015-06-29,24.327,24.513,23.796,23.854,99600,0
2015-06-30,23.872,24.089,23.718,23.863,88039,0
2015-07-01,23.931,24.027,23.495,23.601,131082,0
2015-07-02,23.62,23.62,23.069,23.437,132114,0
2015-07-06,23.273,23.544,22.535,23.088,240901,0
2015-07-07,23.204,23.204,22.225,22.923,276098,0
2015-07-08,22.585,23.244,22.487,22.719,308920,0
2015-07-09,23.126,23.515,22.604,22.651,120862,0
2015-07-10,22.943,23.174,22.68,22.953,73282,0
2015-07-13,23.254,23.427,23.088,23.234,68741,0
2015-07-14,23.145,23.369,22.585,22.661,209767,0
2015-07-15,22.545,22.865,22.459,22.497,122079,0
2015-07-16,23.02,26.683,23.02,25.966,875049,0
2015-07-17,25.898,25.898,24.86,25.617,277129,0
2015-07-20,25.762,26.149,24.697,24.744,195382,0
2015-07-21,24.716,25.17,23.806,24.474,195591,0
2015-07-22,24.298,25.046,23.863,24.89,154409,0
2015-07-23,24.87,24.87,23.863,24.095,176290,0
2015-07-24,24.008,24.008,23.164,23.378,227794,0
2015-07-27,23.088,23.244,22.555,22.827,161221,0
2015-07-28,22.827,23.244,22.333,22.885,141817,0
2015-07-29,22.914,23.011,22.594,22.651,77616,0
2015-07-30,22.497,22.634,22.14,22.565,107445,0
2015-07-31,22.585,23.069,22.477,22.699,68122,0
2015-08-03,22.904,23.001,22.253,22.604,133310,0
2015-08-04,22.575,23.001,22.459,22.758,61721,0
2015-08-05,22.846,23.02,22.244,22.624,77204,0
2015-08-06,22.709,23.291,22.323,23.254,185755,0
2015-08-07,23.069,23.872,23.05,23.668,203643,0
2015-08-10,23.737,24.386,23.437,24.376,249158,0
2015-08-11,24.105,24.464,24.037,24.445,192224,0
2015-08-12,24.184,24.851,23.901,24.773,172676,0
2015-08-13,25.027,25.027,24.037,24.279,114567,0
2015-08-14,24.317,24.706,24.066,24.532,93511,0
2015-08-17,24.376,24.697,23.979,24.628,97125,0
2015-08-18,24.609,24.667,24.327,24.56,88559,0
2015-08-19,24.406,24.628,24.017,24.474,133559,0
2015-08-20,24.26,24.298,23.941,24.165,141507,0
2015-08-21,23.658,24.105,23.145,23.649,149453,0
2015-08-24,21.372,22.846,21.342,22.13,207948,0
2015-08-25,22.477,22.777,21.296,21.47,148215,0
2015-08-26,21.789,22.071,21.19,21.975,128193,0
2015-08-27,22.09,22.594,21.46,21.886,205912,0
2015-08-28,21.722,22.12,21.538,22.051,103731,0
2015-08-31,22.022,22.061,21.509,21.713,87010,0
2015-09-01,21.316,21.568,20.861,21.025,110646,0
2015-09-02,21.306,21.306,20.539,21.073,135315,0
2015-09-03,21.238,21.596,21.092,21.46,138720,0
2015-09-04,21.14,21.78,21.14,21.529,131804,0
2015-09-08,21.847,22.342,21.635,22.196,167516,0
2015-09-09,22.429,22.429,21.14,21.45,216749,0
2015-09-10,21.44,21.626,21.101,21.44,167251,0
2015-09-11,24.25,26.575,23.892,25.956,1113264,0
2015-09-14,26.139,26.459,25.471,26.325,323473,0
2015-09-15,26.4,28.892,26.043,27.97,470036,0
2015-09-16,27.728,28.843,27.574,28.61,231407,0
2015-09-17,28.795,29.61,28.387,29.019,264881,0
2015-09-18,28.494,29.785,28.387,29.339,912208,0
2015-09-21,29.387,30.824,29.056,29.397,329306,0
2015-09-22,28.94,29.358,28.368,28.814,216515,0
2015-09-23,28.766,28.795,28.186,28.358,237409,0
2015-09-24,28.262,28.484,27.552,28.072,226878,0
2015-09-25,28.368,28.639,27.582,27.667,359587,0
2015-09-28,27.677,29.561,26.571,26.639,356705,0
2015-09-29,26.524,26.843,25.824,26.504,233407,0
2015-09-30,26.834,27.066,26.193,26.649,261322,0
2015-10-01,26.639,26.862,25.872,26.698,210231,0
2015-10-02,26.474,27.631,26.029,27.232,270180,0
2015-10-05,27.504,27.627,27.086,27.261,188095,0
2015-10-06,27.337,27.65,26.484,26.737,131845,0
2015-10-07,26.776,27.66,26.405,27.65,236892,0
2015-10-08,27.66,27.884,27.018,27.485,167587,0
2015-10-09,27.591,27.785,27.116,27.214,132361,0
2015-10-12,27.298,28.912,27.096,28.747,280226,0
2015-10-13,28.727,29.047,27.931,28.067,173562,0
2015-10-14,27.912,28.833,27.805,28.212,188911,0
2015-10-15,28.182,29.144,27.455,29.01,211983,0
2015-10-16,29.066,29.358,28.33,29.0,191896,0
2015-10-19,28.94,30.431,27.194,30.018,190784,0
2015-10-20,30.098,30.339,29.329,29.377,186645,0
2015-10-21,29.358,29.513,28.047,28.717,516978,0
2015-10-22,28.883,29.785,28.766,29.416,282439,0
2015-10-23,29.853,29.853,28.922,29.522,148018,0
2015-10-26,29.513,29.561,29.105,29.406,145649,0
2015-10-27,29.194,29.785,29.056,29.213,227227,0
2015-10-28,29.184,30.572,29.174,30.572,274917,0
2015-10-29,30.582,31.261,30.309,30.737,268635,0
2015-10-30,30.708,31.243,29.242,29.28,241853,0
2015-11-02,29.387,30.329,29.387,30.078,342544,0
2015-11-03,29.921,30.771,29.406,29.767,171810,0
2015-11-04,29.911,30.399,29.513,29.911,145594,0
2015-11-05,29.902,29.968,29.066,29.767,163571,0
2015-11-06,28.182,28.29,25.3,27.214,447452,0
2015-11-09,27.417,27.77,26.454,26.806,169859,0
2015-11-10,26.202,26.639,24.047,24.805,1126558,0
2015-11-11,24.785,24.825,24.066,24.456,1365529,0
2015-11-12,24.299,24.649,23.931,24.146,357321,0
2015-11-13,23.951,24.271,23.718,23.746,202095,0
2015-11-16,23.806,24.959,23.563,24.911,365767,0
2015-11-17,25.456,25.775,24.951,25.211,593304,0
2015-11-18,25.474,26.174,24.601,26.086,864721,0
2015-11-19,25.912,26.474,25.679,26.33,327451,0
2015-11-20,26.504,26.698,26.154,26.611,171296,0
2015-11-23,26.464,26.998,26.311,26.737,194885,0
2015-11-24,26.708,27.027,26.232,26.834,193547,0
2015-11-25,26.727,27.096,26.474,27.027,364945,0
2015-11-27,26.989,27.261,26.806,27.204,212497,0
2015-11-30,27.271,27.475,27.126,27.387,282231,0
2015-12-01,27.582,27.687,26.985,27.667,490949,0
2015-12-02,27.504,27.717,27.101,27.251,283328,0
2015-12-03,27.281,27.631,26.514,26.581,292211,0
2015-12-04,26.649,26.892,26.212,26.435,243709,0
2015-12-07,26.339,26.591,25.728,26.154,256893,0
2015-12-08,25.728,26.359,25.3,25.979,216051,0
2015-12-09,25.979,26.405,25.631,25.979,331364,0
2015-12-10,25.989,26.737,25.087,25.261,228051,0
2015-12-11,24.699,27.417,24.261,24.689,255966,0
2015-12-14,24.659,25.388,23.796,25.339,496888,0
2015-12-15,25.522,26.662,24.657,25.125,305836,0
2015-12-16,25.261,26.351,25.241,26.322,428643,0
2015-12-17,26.487,27.596,26.214,27.392,390310,0
2015-12-18,27.392,27.636,26.604,27.041,1009279,0
2015-12-21,27.198,27.538,26.662,27.1,341291,0
2015-12-22,27.12,27.636,26.769,27.226,290186,0
2015-12-23,27.313,27.655,26.818,27.06,266682,0
2015-12-24,27.342,27.519,26.711,27.002,158395,0
2015-12-28,26.926,27.241,26.087,26.391,202707,0
2015-12-29,26.497,27.188,26.136,26.594,239074,0
2015-12-30,26.467,26.856,24.336,26.194,163412,0
2015-12-31,26.263,27.07,24.824,26.253,274792,0
2016-01-04,25.757,26.176,24.015,24.103,280467,0
2016-01-05,24.239,25.144,23.314,23.402,263763,0
2016-01-06,23.091,25.291,22.935,23.111,194359,0
2016-01-07,22.644,22.955,22.108,22.138,158442,0
2016-01-08,22.263,22.517,21.505,21.515,231135,0
2016-01-11,21.632,21.973,21.32,21.544,143844,0
2016-01-12,21.796,22.565,21.378,21.835,128158,0
2016-01-13,21.874,22.158,20.824,21.039,199199,0
2016-01-14,21.105,22.118,20.92,21.805,147649,0
2016-01-15,21.203,22.468,20.726,22.4,281795,0
2016-01-19,22.692,23.013,21.592,22.118,258666,0
2016-01-20,21.787,22.964,21.554,22.605,200308,0
2016-01-21,22.625,22.925,22.148,22.42,246994,0
2016-01-22,22.468,22.993,21.943,22.955,143437,0
2016-01-25,22.858,23.139,22.721,22.828,139208,0
2016-01-26,22.887,23.043,22.439,22.527,190148,0
2016-01-27,22.477,22.653,21.7,21.924,174035,0
2016-01-28,22.098,22.128,21.592,21.729,84827,0
2016-01-29,21.825,22.459,21.739,22.225,127107,0
2016-02-01,22.138,22.429,21.7,22.283,186557,0
2016-02-02,22.049,22.054,21.436,21.68,61016,0
2016-02-03,21.855,22.128,21.058,21.884,178334,0
2016-02-04,21.845,22.497,21.554,22.362,189371,0
2016-02-05,22.011,22.011,19.764,19.791,358570,0
2016-02-08,20.191,20.239,19.233,20.181,219943,0
2016-02-09,19.909,20.531,19.626,20.229,208561,0
2016-02-10,20.416,20.706,19.247,19.306,153468,0
2016-02-11,19.034,19.442,18.685,19.237,110315,0
2016-02-12,19.491,19.831,18.945,19.344,139947,0
2016-02-16,19.606,20.337,19.405,20.249,116368,0
2016-02-17,20.406,21.077,19.783,19.84,225520,0
2016-02-18,19.783,20.035,19.462,19.656,92408,0
2016-02-19,19.606,20.416,19.296,20.211,155492,0
2016-02-22,20.347,20.804,20.239,20.61,128096,0
2016-02-23,20.581,21.884,20.435,21.311,376049,0
2016-02-24,20.999,21.71,20.874,21.602,121369,0
2016-02-25,21.67,21.716,20.869,21.34,147629,0
2016-02-26,21.456,21.535,20.93,21.263,209416,0
2016-02-29,21.184,21.582,20.844,20.844,147913,0
2016-03-01,21.058,21.34,20.561,21.311,133681,0
2016-03-02,21.223,21.572,21.184,21.427,112284,0
2016-03-03,21.388,22.42,21.368,21.865,193821,0
2016-03-04,21.865,22.225,21.632,21.815,186293,0
2016-03-07,21.65,22.497,21.525,22.429,208624,0
2016-03-08,22.253,22.459,21.66,21.982,108340,0
2016-03-09,22.049,22.508,21.777,22.098,94877,0
2016-03-10,22.264,22.264,21.524,21.758,101582,0
2016-03-11,22.002,22.567,22.002,22.547,149006,0
2016-03-14,22.528,22.528,21.777,21.787,89888,0
2016-03-15,21.699,21.874,19.973,20.001,426509,0
2016-03-16,19.805,21.182,19.435,21.026,144841,0
2016-03-17,21.065,21.415,20.756,21.231,133751,0
2016-03-18,21.346,21.514,21.113,21.251,199615,0
2016-03-21,21.279,21.639,20.986,21.055,108640,0
2016-03-22,21.016,21.445,20.762,21.251,117243,0
2016-03-23,21.251,21.699,20.947,21.318,121155,0
2016-03-24,21.309,21.45,20.917,21.289,114026,0
2016-03-28,21.338,21.489,20.947,21.318,67166,0
2016-03-29,21.328,22.059,21.265,22.011,173165,0
2016-03-30,22.069,22.528,21.894,22.43,118725,0
2016-03-31,22.928,23.797,22.637,22.986,291302,0
2016-04-01,23.016,23.855,22.733,22.919,163574,0
2016-04-04,22.909,23.514,22.44,22.469,165925,0
2016-04-05,22.363,22.401,21.738,21.855,135893,0
2016-04-06,21.805,22.557,21.787,22.518,115177,0
2016-04-07,22.44,22.627,22.216,22.508,135692,0
2016-04-08,22.694,23.036,22.577,22.655,77982,0
2016-04-11,22.761,22.938,22.358,22.723,94216,0
2016-04-12,22.733,23.084,22.488,22.781,90496,0
2016-04-13,22.986,23.191,22.637,23.036,113516,0
2016-04-14,22.976,23.123,22.587,22.752,130005,0
2016-04-15,22.637,23.026,22.324,23.016,160983,0
2016-04-18,22.821,23.289,22.723,23.251,78091,0
2016-04-19,23.318,23.787,23.151,23.6,200867,0
2016-04-20,23.61,24.05,23.445,24.03,106093,0
2016-04-21,24.011,24.235,23.738,23.787,94766,0
2016-04-22,23.884,24.079,23.63,23.981,109435,0
2016-04-25,23.952,23.952,22.607,22.675,177710,0
2016-04-26,22.801,23.201,22.587,23.113,123810,0
2016-04-27,23.065,23.181,22.675,22.811,67630,0
2016-04-28,22.801,22.967,22.46,22.488,126258,0
2016-04-29,22.216,22.353,21.748,21.884,198316,0
2016-05-02,21.992,22.483,21.894,22.216,153958,0
2016-05-03,22.02,22.343,21.728,21.825,99300,0
2016-05-04,21.709,21.953,21.659,21.728,144497,0
2016-05-05,21.777,21.777,20.733,20.811,216920,0
2016-05-06,21.738,22.723,21.689,22.421,388276,0
2016-05-09,22.284,22.381,20.664,20.703,202913,0
2016-05-10,20.752,20.752,20.206,20.655,256037,0
2016-05-11,20.674,20.762,20.323,20.373,140854,0
2016-05-12,20.412,20.606,20.264,20.333,133888,0
2016-05-13,20.264,20.733,19.786,19.913,135149,0
2016-05-16,20.03,20.831,19.759,20.752,244279,0
2016-05-17,20.664,21.494,19.533,19.61,238862,0
2016-05-18,19.6,20.851,19.514,20.449,147528,0
2016-05-19,20.323,20.587,19.863,20.156,95747,0
2016-05-20,20.196,20.801,20.02,20.723,119895,0
2016-05-23,20.674,21.103,20.547,20.674,138489,0
2016-05-24,20.752,21.465,20.752,21.405,145378,0
2016-05-25,21.396,22.011,21.338,21.835,151884,0
2016-05-26,21.845,21.894,21.386,21.679,94134,0
2016-05-27,21.611,22.029,21.534,21.767,110035,0
2016-05-31,21.894,22.118,21.376,21.767,149111,0
2016-06-01,21.709,22.43,21.563,22.264,162427,0
2016-06-02,22.158,22.498,22.098,22.381,117894,0
2016-06-03,22.44,22.44,21.475,21.934,166908,0
2016-06-06,21.904,22.343,21.795,22.187,128447,0
2016-06-07,22.177,22.704,21.933,22.499,112641,0
2016-06-08,22.598,22.598,22.187,22.353,86497,0
2016-06-09,22.274,22.776,21.903,22.177,80483,0
2016-06-10,21.942,22.264,21.864,22.029,83965,0
2016-06-13,21.952,22.158,21.619,22.049,76514,0
2016-06-14,21.923,22.216,21.844,22.049,119880,0
2016-06-15,22.098,22.421,22.02,22.158,139120,0
2016-06-16,22.059,22.108,21.619,21.883,171072,0
2016-06-17,21.824,21.942,21.512,21.57,359753,0
2016-06-20,21.873,22.069,21.492,21.57,165212,0
2016-06-21,21.609,21.873,21.3,21.648,171514,0
2016-06-22,21.776,22.158,21.374,21.589,177482,0
2016-06-23,21.864,22.088,21.786,21.903,126341,0
2016-06-24,20.748,21.394,20.417,21.179,139339,0
2016-06-27,20.944,21.189,20.408,20.445,239165,0
2016-06-28,20.652,20.827,20.269,20.407,142174,0
2016-06-29,20.689,21.326,20.679,21.307,102979,0
2016-06-30,21.394,21.541,21.268,21.413,158223,0
2016-07-01,21.433,22.069,21.433,22.02,105579,0
2016-07-05,22.011,22.123,21.717,21.952,107333,0
2016-07-06,21.962,22.852,21.834,22.618,325696,0
2016-07-07,22.988,23.438,22.666,23.224,218932,0
2016-07-08,23.458,23.722,23.14,23.547,197984,0
2016-07-11,23.663,24.202,23.468,24.064,130261,0
2016-07-12,24.26,24.721,24.114,24.534,95284,0
2016-07-13,24.641,24.829,24.358,24.622,125943,0
2016-07-14,24.789,24.799,24.515,24.661,129208,0
2016-07-15,24.866,24.866,24.631,24.711,83038,0
2016-07-18,24.25,24.925,24.25,24.661,156286,0
2016-07-19,24.681,25.063,24.593,24.612,148796,0
2016-07-20,24.75,25.024,24.496,24.847,122442,0
2016-07-21,24.847,24.847,24.486,24.544,53588,0
2016-07-22,24.457,24.856,24.159,24.641,56569,0
2016-07-25,24.622,24.721,24.045,24.328,63473,0
2016-07-26,24.417,24.651,24.054,24.26,82127,0
2016-07-27,24.309,24.651,24.241,24.593,54912,0
2016-07-28,24.496,24.945,24.318,24.838,88338,0
2016-07-29,24.75,25.386,24.598,25.15,155779,0
2016-08-01,25.16,25.17,24.847,24.915,84330,0
2016-08-02,24.974,24.974,23.523,24.603,109703,0
2016-08-03,24.524,25.024,24.158,24.76,85773,0
2016-08-04,24.661,25.014,24.524,24.789,90096,0
2016-08-05,24.974,25.102,24.641,24.691,101080,0
2016-08-08,24.612,24.945,24.279,24.328,119798,0
2016-08-09,24.427,24.427,24.025,24.164,143773,0
2016-08-10,24.231,24.289,23.86,24.025,98565,0
2016-08-11,24.134,24.476,23.604,23.967,123404,0
2016-08-12,23.84,24.183,23.527,23.761,99080,0
2016-08-15,23.742,24.006,23.614,23.957,114551,0
2016-08-16,23.86,24.059,23.624,23.683,137427,0
2016-08-17,23.673,24.202,23.673,24.064,147234,0
2016-08-18,24.045,24.21,23.84,23.957,123675,0
2016-08-19,23.879,24.241,23.781,23.781,236308,0
2016-08-22,23.771,24.631,23.644,24.358,152809,0
2016-08-23,24.505,25.092,24.348,24.838,157634,0
2016-08-24,25.034,25.366,24.789,25.034,144073,0
2016-08-25,25.044,25.415,25.014,25.132,199394,0
2016-08-26,22.676,22.891,19.291,19.722,2528335,0
2016-08-29,19.722,20.151,19.124,19.517,840024,0
2016-08-30,19.517,19.789,19.252,19.507,528320,0
2016-08-31,19.563,19.937,19.545,19.752,447878,0
2016-09-01,19.877,19.877,19.463,19.593,265869,0
2016-09-02,19.573,19.703,19.369,19.563,362356,0
2016-09-06,19.517,19.789,19.31,19.339,418534,0
2016-09-07,19.334,19.483,19.011,19.1,279896,0
2016-09-08,19.138,19.42,19.001,19.011,334543,0
2016-09-09,19.071,19.276,18.57,18.57,208806,0
2016-09-12,18.471,18.58,18.148,18.393,235872,0
2016-09-13,18.422,18.52,17.932,18.029,232503,0
2016-09-14,17.99,18.58,17.913,18.064,479795,0
2016-09-15,18.108,18.344,17.922,18.202,172059,0
2016-09-16,18.245,18.599,18.103,18.235,242830,0
2016-09-19,18.373,18.599,18.275,18.442,140748,0
2016-09-20,18.54,18.686,18.324,18.599,183942,0
2016-09-21,18.686,18.954,18.666,18.888,145929,0
2016-09-22,18.932,19.183,18.932,19.1,156877,0
2016-09-23,18.991,19.286,18.884,19.188,150756,0
2016-09-26,19.198,19.296,18.666,18.676,226386,0
2016-09-27,18.629,18.874,18.54,18.806,124574,0
2016-09-28,18.786,19.071,18.786,18.961,161382,0
2016-09-29,18.874,18.942,18.676,18.726,181440,0
2016-09-30,18.746,18.952,18.481,18.638,250985,0
2016-10-03,18.491,19.266,18.491,19.247,203841,0
2016-10-04,19.237,19.451,19.051,19.051,129148,0
2016-10-05,19.158,19.532,19.09,19.334,118150,0
2016-10-06,19.237,19.404,19.056,19.247,68213,0
2016-10-07,19.344,19.359,18.981,19.071,205430,0
2016-10-10,19.1,19.423,19.1,19.286,86184,0
2016-10-11,19.148,19.271,18.696,18.845,125872,0
2016-10-12,18.776,19.011,18.686,18.835,79005,0
2016-10-13,18.766,18.766,18.344,18.373,134784,0
2016-10-14,18.373,18.952,18.344,18.806,139903,0
2016-10-17,18.835,18.893,18.255,18.393,237264,0
2016-10-18,18.53,18.686,18.422,18.451,92119,0
2016-10-19,18.432,18.736,18.265,18.491,126930,0
2016-10-20,18.442,18.55,18.265,18.412,137581,0
2016-10-21,18.304,18.427,18.168,18.314,109795,0
2016-10-24,18.511,18.756,18.178,18.56,102371,0
2016-10-25,18.52,18.56,18.168,18.245,85309,0
2016-10-26,18.225,18.294,18.009,18.168,117454,0
2016-10-27,18.168,18.344,17.793,18.197,99559,0
2016-10-28,18.138,18.575,17.99,18.168,126660,0
2016-10-31,18.118,18.118,17.765,17.99,159644,0
2016-11-01,17.942,17.98,17.627,17.686,177805,0
2016-11-02,17.618,17.813,17.284,17.294,285689,0
2016-11-03,16.685,16.793,15.409,15.439,642201,0
2016-11-04,15.399,16.528,15.399,16.164,414573,0
2016-11-07,16.381,17.381,15.92,17.185,553042,0
2016-11-08,17.097,17.156,16.753,16.99,246117,0
2016-11-09,16.94,17.932,16.832,17.883,422371,0
2016-11-10,18.158,18.58,17.893,18.294,312649,0
2016-11-11,18.304,18.686,18.187,18.491,291520,0
2016-11-14,18.275,18.893,17.647,18.845,396298,0
2016-11-15,18.874,18.874,18.511,18.835,173442,0
2016-11-16,18.648,19.158,18.491,18.825,188672,0
2016-11-17,18.716,18.991,18.403,18.638,264113,0
2016-11-18,18.726,19.109,18.57,18.952,159046,0
2016-11-21,19.09,19.374,18.932,19.364,228048,0
2016-11-22,19.374,19.532,19.081,19.168,171137,0
2016-11-23,19.109,19.532,18.952,19.374,103544,0
2016-11-25,19.423,19.493,19.315,19.394,43219,0
2016-11-28,19.296,19.599,19.217,19.473,262420,0
2016-11-29,19.493,20.141,19.423,19.738,326704,0
2016-11-30,19.826,20.101,19.649,20.071,275434,0
2016-12-01,19.974,20.247,19.659,19.821,174237,0
2016-12-02,19.826,20.071,19.569,19.629,101690,0
2016-12-05,19.738,20.011,19.639,19.864,157103,0
2016-12-06,19.836,20.361,19.748,20.306,231779,0
2016-12-07,20.217,20.444,19.929,20.306,109389,0
2016-12-08,20.371,21.237,20.135,21.227,298116,0
2016-12-09,21.168,21.277,20.824,21.08,257078,0
2016-12-12,20.951,21.09,20.498,20.617,199747,0
2016-12-13,20.695,21.06,20.538,20.906,164981,0
2016-12-14,20.874,21.207,20.774,20.941,222397,0
2016-12-15,20.981,21.474,20.857,21.109,346353,0
2016-12-16,21.188,21.188,19.655,20.568,702540,0
2016-12-19,20.617,21.138,20.548,21.041,312455,0
2016-12-20,21.118,21.282,20.931,21.011,183139,0
2016-12-21,20.951,21.474,20.864,21.424,214560,0
2016-12-22,21.336,21.513,21.099,21.257,290967,0
2016-12-23,21.267,21.364,20.971,21.099,172261,0
2016-12-27,21.08,21.434,21.08,21.374,82115,0
2016-12-28,21.404,21.474,21.06,21.148,84955,0
2016-12-29,21.158,22.113,21.07,21.591,268425,0
2016-12-30,21.503,21.65,21.409,21.631,249154,0
2017-01-03,21.72,21.72,21.247,21.533,260725,0
2017-01-04,21.562,22.084,21.237,21.946,298952,0
2017-01-05,21.897,21.946,21.302,21.513,365097,0
2017-01-06,21.72,22.02,21.118,21.148,373400,0
2017-01-09,21.118,21.344,20.824,21.227,553295,0
2017-01-10,21.188,21.631,20.874,21.109,357092,0
2017-01-11,21.118,21.237,20.774,20.961,222778,0
2017-01-12,20.844,21.188,20.154,20.311,241783,0
2017-01-13,20.458,20.735,20.145,20.361,301045,0
2017-01-17,20.371,20.508,20.026,20.065,267374,0
2017-01-18,20.174,20.242,19.662,19.789,257821,0
2017-01-19,19.692,19.789,19.189,19.346,379812,0
2017-01-20,19.356,19.572,19.298,19.445,250287,0
2017-01-23,19.445,19.642,19.149,19.366,226919,0
2017-01-24,19.406,19.553,19.229,19.525,219418,0
2017-01-25,19.652,19.692,19.406,19.544,241689,0
2017-01-26,19.535,19.535,19.148,19.288,250712,0
2017-01-27,19.346,19.396,19.105,19.239,208097,0
2017-01-30,19.149,19.149,18.806,19.067,206451,0
2017-01-31,18.992,19.077,18.599,18.796,418322,0
2017-02-01,18.746,18.884,18.176,18.411,987705,0
2017-02-02,18.45,18.884,18.313,18.579,473785,0
2017-02-03,16.737,17.072,15.202,15.428,3040642,0
2017-02-06,15.645,15.753,14.955,15.084,1194488,0
2017-02-07,15.015,15.212,14.591,14.827,803682,0
2017-02-08,14.769,15.074,14.444,15.015,669613,0
2017-02-09,15.015,15.3,14.759,15.27,402524,0
2017-02-10,15.418,15.537,15.054,15.31,294861,0
2017-02-13,15.34,15.418,14.946,15.064,316364,0
2017-02-14,15.182,15.418,14.907,15.32,335259,0
2017-02-15,15.35,15.468,15.222,15.433,215439,0
2017-02-16,15.468,15.487,15.242,15.379,197341,0
2017-02-17,15.458,15.743,15.359,15.463,261052,0
2017-02-21,15.497,15.497,15.162,15.359,215732,0
2017-02-22,15.35,15.389,15.064,15.094,201578,0
2017-02-23,15.192,15.232,15.015,15.212,184877,0
2017-02-24,15.123,15.192,15.015,15.123,120810,0
2017-02-27,15.074,15.26,14.995,15.172,199205,0
2017-02-28,15.202,15.29,14.946,15.103,257827,0
2017-03-01,15.32,15.448,15.132,15.27,277574,0
2017-03-02,15.31,15.398,15.172,15.398,223772,0
2017-03-03,15.398,15.497,14.857,15.054,675032,0
2017-03-06,15.054,15.084,14.837,14.907,173205,0
2017-03-07,14.887,14.995,14.65,14.68,169391,0
2017-03-08,14.764,14.912,14.744,14.813,226565,0
2017-03-09,14.823,14.981,14.596,14.636,169005,0
2017-03-10,14.675,14.734,14.497,14.646,133507,0
2017-03-13,14.74,14.863,14.636,14.823,166045,0
2017-03-14,14.774,14.873,14.546,14.685,171566,0
2017-03-15,14.734,14.991,14.675,14.893,170524,0
2017-03-16,14.951,15.367,14.912,15.13,187121,0
2017-03-17,15.041,15.169,14.991,15.051,312494,0
2017-03-20,15.051,15.051,14.694,14.734,155196,0
2017-03-21,14.823,15.004,14.487,14.497,190406,0
2017-03-22,14.497,14.526,14.156,14.339,219554,0
2017-03-23,14.319,14.794,14.319,14.724,278775,0
2017-03-24,14.744,14.942,14.596,14.626,171500,0
2017-03-27,14.497,14.833,14.487,14.803,399285,0
2017-03-28,14.784,15.159,14.685,15.139,197473,0
2017-03-29,15.081,15.278,15.051,15.139,280826,0
2017-03-30,15.179,15.802,15.177,15.753,384180,0
2017-03-31,15.733,15.841,15.565,15.634,295772,0
2017-04-03,15.644,15.644,15.091,15.318,521515,0
2017-04-04,15.278,15.278,14.685,14.912,187621,0
2017-04-05,14.961,15.139,14.576,14.616,211330,0
2017-04-06,14.655,14.971,14.506,14.903,208394,0
2017-04-07,14.883,15.091,14.631,15.061,501599,0
2017-04-10,15.001,15.387,14.932,14.991,230430,0
2017-04-11,14.981,15.283,14.823,15.199,210325,0
2017-04-12,15.199,15.278,14.636,14.724,141242,0
2017-04-13,14.734,14.734,14.497,14.586,164924,0
2017-04-17,14.646,14.754,14.566,14.744,119695,0
2017-04-18,14.724,14.764,14.526,14.754,87777,0
2017-04-19,14.843,15.031,14.774,14.883,107177,0
2017-04-20,14.932,15.11,14.912,15.041,127477,0
2017-04-21,14.961,15.159,14.898,15.1,174195,0
2017-04-24,15.298,15.674,15.258,15.446,276739,0
2017-04-25,15.526,15.753,15.357,15.545,141786,0
2017-04-26,15.574,16.029,15.574,15.881,228172,0
2017-04-27,15.981,16.119,15.773,15.861,131660,0
2017-04-28,15.881,15.891,15.574,15.674,191433,0
2017-05-01,15.783,15.841,15.555,15.703,162705,0
2017-05-02,15.713,15.891,15.684,15.881,161102,0
2017-05-03,15.812,15.812,15.416,15.506,228186,0
2017-05-04,15.506,15.748,15.199,15.436,188629,0
2017-05-05,14.754,14.754,13.884,14.126,782807,0
2017-05-08,14.042,14.284,13.775,13.844,445637,0
2017-05-09,13.894,13.955,13.538,13.597,341089,0
2017-05-10,13.568,13.78,13.35,13.736,249926,0
2017-05-11,13.597,13.686,13.409,13.636,190674,0
2017-05-12,13.636,13.993,13.439,13.943,430374,0
2017-05-15,13.953,14.299,13.953,14.269,246874,0
2017-05-16,14.249,14.438,14.111,14.349,186580,0
2017-05-17,14.21,14.259,13.874,13.913,193597,0
2017-05-18,13.844,13.983,13.706,13.913,254470,0
2017-05-19,13.913,14.299,13.756,14.141,158909,0
2017-05-22,14.181,14.803,14.141,14.616,237015,0
2017-05-23,14.636,14.636,14.408,14.506,162466,0
2017-05-24,14.536,14.714,14.279,14.289,113226,0
2017-05-25,14.378,14.606,14.22,14.576,108972,0
2017-05-26,14.596,14.606,14.329,14.516,123403,0
2017-05-30,14.458,14.516,14.191,14.22,110881,0
2017-05-31,14.259,14.259,13.854,13.993,194450,0
2017-06-01,14.061,14.487,14.003,14.388,234498,0
2017-06-02,14.398,14.794,14.398,14.586,137058,0
2017-06-05,14.546,14.616,14.358,14.388,117817,0
2017-06-06,14.299,14.428,14.101,14.358,105049,0
2017-06-07,14.433,14.681,14.373,14.453,121909,0
2017-06-08,14.473,14.661,14.413,14.622,133760,0
2017-06-09,14.661,14.9,14.403,14.87,232416,0
2017-06-12,14.88,15.287,14.83,14.9,175422,0
2017-06-13,14.92,15.173,14.771,15.009,137091,0
2017-06-14,15.029,15.029,14.552,14.8,129246,0
2017-06-15,14.681,14.905,14.562,14.661,90708,0
2017-06-16,14.502,14.572,14.195,14.423,297389,0
2017-06-19,14.542,14.89,14.443,14.87,208995,0
2017-06-20,14.82,15.019,14.651,14.89,121617,0
2017-06-21,14.92,15.049,14.622,14.771,98957,0
2017-06-22,14.771,15.098,14.751,14.989,131164,0
2017-06-23,15.059,15.347,14.989,15.297,994900,0
2017-06-26,15.337,15.824,15.317,15.754,228916,0
2017-06-27,15.734,15.734,14.81,14.81,200915,0
2017-06-28,14.87,15.267,14.721,15.128,197775,0
2017-06-29,15.188,15.347,14.969,15.277,194044,0
2017-06-30,15.337,15.426,14.999,15.347,150202,0
2017-07-03,15.377,15.873,15.377,15.764,124707,0
2017-07-05,15.764,15.764,15.247,15.446,191686,0
2017-07-06,15.357,15.357,14.89,14.989,161121,0
2017-07-07,15.049,15.228,14.94,15.208,82066,0
2017-07-10,15.188,15.377,15.079,15.118,89746,0
2017-07-11,15.168,15.168,14.89,15.089,108960,0
2017-07-12,15.247,15.496,15.059,15.247,85991,0
2017-07-13,15.277,15.456,14.981,15.387,96519,0
2017-07-14,15.337,15.555,15.277,15.406,110967,0
2017-07-17,15.456,15.506,15.317,15.406,133001,0
2017-07-18,15.377,15.436,15.188,15.277,92437,0
2017-07-19,15.337,15.377,15.049,15.089,103680,0
2017-07-20,15.148,15.436,15.148,15.367,118506,0
2017-07-21,15.456,15.476,15.138,15.158,173382,0
2017-07-24,15.198,15.446,15.039,15.148,129811,0
2017-07-25,15.277,15.446,15.218,15.416,97046,0
2017-07-26,15.456,15.595,15.287,15.396,216957,0
2017-07-27,15.436,15.456,15.168,15.267,92072,0
2017-07-28,15.267,15.536,15.247,15.436,134178,0
2017-07-31,15.913,16.807,15.724,16.767,312294,0
2017-08-01,16.847,16.986,16.549,16.966,147562,0
2017-08-02,16.916,16.916,15.814,16.3,107840,0
2017-08-03,16.231,16.41,15.973,16.052,159921,0
2017-08-04,16.211,16.211,15.933,16.042,100960,0
2017-08-07,16.072,16.161,15.863,15.963,90118,0
2017-08-08,15.913,16.37,15.893,16.052,129007,0
2017-08-09,16.062,16.072,15.843,15.943,203792,0
2017-08-10,15.953,16.052,15.843,15.963,86277,0
2017-08-11,15.963,16.082,15.685,15.784,284915,0
2017-08-14,15.933,16.042,15.903,16.032,86336,0
2017-08-15,16.092,16.4,16.032,16.33,131814,0
2017-08-16,16.32,16.38,15.89,16.022,86235,0
2017-08-17,16.022,16.188,15.635,15.704,121475,0
2017-08-18,15.526,16.062,15.511,15.824,157674,0
2017-08-21,15.843,15.953,15.714,15.734,83226,0
2017-08-22,15.754,15.953,15.754,15.933,93715,0
2017-08-23,15.893,16.002,15.704,15.794,137802,0
2017-08-24,15.943,15.973,15.794,15.933,179835,0
2017-08-25,12.446,12.804,11.205,11.254,1946685,0
2017-08-28,11.324,11.433,10.534,10.648,1195507,0
2017-08-29,10.579,10.698,10.43,10.569,663254,0
2017-08-30,10.579,10.604,10.395,10.47,466564,0
2017-08-31,10.539,10.748,10.48,10.539,467462,0
2017-09-01,10.619,10.778,10.43,10.599,614740,0
2017-09-05,10.678,10.962,10.37,10.43,918578,0
2017-09-06,10.45,10.519,10.261,10.41,569892,0
2017-09-07,10.48,10.655,10.3,10.35,648464,0
2017-09-08,10.35,10.51,10.27,10.28,337891,0
2017-09-11,10.34,10.68,10.32,10.49,537073,0
2017-09-12,10.54,10.75,10.4,10.52,533306,0
2017-09-13,10.57,10.732,10.53,10.66,563173,0
2017-09-14,10.66,10.755,10.37,10.42,416697,0
2017-09-15,10.42,10.68,10.38,10.44,911760,0
2017-09-18,10.52,10.98,10.52,10.84,597919,0
2017-09-19,10.85,10.94,10.66,10.86,464511,0
2017-09-20,10.83,11.26,10.81,11.21,436948,0
2017-09-21,11.25,11.5,11.16,11.22,320585,0
2017-09-22,11.26,11.41,11.15,11.16,219891,0
2017-09-25,11.21,11.37,11.11,11.14,289955,0
2017-09-26,11.2,11.3,10.97,11.05,365003,0
2017-09-27,11.13,11.15,10.88,11.11,657529,0
2017-09-28,11.11,11.2,10.82,11.0,399584,0
2017-09-29,11.06,11.33,11.01,11.23,661832,0
2017-10-02,11.34,11.8,11.3,11.69,407827,0
2017-10-03,11.68,11.72,11.46,11.68,312604,0
2017-10-04,11.7,11.94,11.63,11.64,271683,0
2017-10-05,11.68,11.94,11.61,11.65,189626,0
2017-10-06,11.64,11.78,11.55,11.6,241103,0
2017-10-09,11.57,11.775,11.25,11.28,223458,0
2017-10-10,11.27,11.48,11.23,11.36,270482,0
2017-10-11,11.39,11.4,11.16,11.33,279197,0
2017-10-12,11.27,11.39,11.08,11.13,311974,0
2017-10-13,11.2,11.32,11.14,11.16,245581,0
2017-10-16,11.18,11.35,11.1243,11.17,201456,0
2017-10-17,11.17,11.23,10.99,11.08,248427,0
2017-10-18,11.15,11.37,10.99,11.07,405906,0
2017-10-19,11.0,11.3825,11.0,11.26,382070,0
2017-10-20,11.25,11.46,11.2,11.27,297191,0
2017-10-23,11.25,11.285,10.9,10.92,175411,0
2017-10-24,10.94,11.09,10.861,10.98,182566,0
2017-10-25,10.94,11.1099,10.56,10.96,308092,0
2017-10-26,10.96,11.03,10.74,10.77,207979,0
2017-10-27,10.77,10.77,10.47,10.48,237977,0
2017-10-30,10.4,10.49,10.09,10.14,417104,0
2017-10-31,10.2,10.37,9.88,10.07,676898,0
2017-11-01,10.13,10.13,9.54,9.74,434609,0
2017-11-02,9.8,9.82,9.08,9.23,602769,0
2017-11-03,8.45,10.95,8.29,9.88,1563199,0
2017-11-06,9.91,10.03,9.72,9.73,362469,0
2017-11-07,9.72,9.84,9.64,9.65,319356,0
2017-11-08,9.57,9.65,9.1,9.18,498032,0
2017-11-09,9.21,9.3276,8.97,9.0,614583,0
2017-11-10,9.0,9.14,8.9,9.02,549981,0
