Date,Open,High,Low,Close,Volume,OpenInt
2014-01-02,8.6,8.6,8.46,8.47,131224,0
2014-01-03,8.49,8.66,8.41,8.44,68340,0
2014-01-06,8.37,8.4,8.27,8.28,121556,0
2014-01-07,8.3,8.36,8.25,8.35,131650,0
2014-01-08,8.39,8.48,8.31,8.44,138379,0
2014-01-09,8.47,8.47,8.33,8.39,133911,0
2014-01-10,8.53,8.66,8.5,8.65,114065,0
2014-01-13,8.9,8.95,8.8,8.89,140725,0
2014-01-14,8.89,9.04,8.87,8.97,231618,0
2014-01-15,8.78,9.08,8.78,8.94,438996,0
2014-01-16,8.99,9.16,8.99,9.12,255804,0
2014-01-17,9.1,9.4,9.1,9.23,399846,0
2014-01-21,9.25,9.29,9.13,9.27,188454,0
2014-01-22,9.32,9.53,9.32,9.46,271926,0
2014-01-23,9.4,9.4,9.32,9.36,356021,0
2014-01-24,9.28,9.33,9.11,9.19,187650,0
2014-01-27,9.14,9.15,8.94,9.04,171238,0
2014-01-28,9.07,9.17,8.95,9.13,89490,0
2014-01-29,8.97,9.05,8.83,8.86,249607,0
2014-01-30,8.99,9.0,8.88,8.9,61489,0
2014-01-31,8.89,9.04,8.8,8.86,77442,0
2014-02-03,8.89,8.89,8.65,8.66,86799,0
2014-02-04,8.69,8.75,8.63,8.72,55829,0
2014-02-05,8.71,8.8,8.68,8.73,64009,0
2014-02-06,8.82,8.97,8.79,8.93,110832,0
2014-02-07,8.99,9.04,8.96,9.0,55696,0
2014-02-10,8.97,9.05,8.92,8.97,40805,0
2014-02-11,8.99,9.3,8.99,9.26,183794,0
2014-02-12,9.1,9.26,9.1,9.18,193973,0
2014-02-13,9.1,9.23,9.02,9.19,129898,0
2014-02-14,9.14,9.35,9.14,9.25,128800,0
2014-02-18,9.23,9.35,9.22,9.31,108264,0
2014-02-19,9.23,9.31,9.21,9.28,152629,0
2014-02-20,9.38,9.48,9.36,9.47,106179,0
2014-02-21,9.44,9.48,9.41,9.47,77549,0
2014-02-24,9.39,9.4,9.31,9.33,74149,0
2014-02-25,9.17,9.19,9.03,9.07,115183,0
2014-02-26,9.0,9.05,8.96,9.02,106173,0
2014-02-27,9.09,9.14,9.06,9.13,71672,0
2014-02-28,8.98,9.03,8.89,8.93,97453,0
2014-03-03,8.9,8.91,8.85,8.91,91169,0
2014-03-04,8.92,8.96,8.91,8.94,64449,0
2014-03-05,8.81,8.9,8.76,8.85,150772,0
2014-03-06,8.89,9.04,8.89,8.95,122818,0
2014-03-07,8.85,8.85,8.7,8.75,97462,0
2014-03-10,8.68,8.72,8.63,8.68,77515,0
2014-03-11,8.68,8.71,8.51,8.53,133094,0
2014-03-12,8.45,8.46,8.38,8.43,115381,0
2014-03-13,8.45,8.49,8.26,8.3,150314,0
2014-03-14,8.34,8.39,8.3,8.33,86297,0
2014-03-17,8.45,8.48,8.41,8.42,91357,0
2014-03-18,8.45,8.49,8.38,8.39,76363,0
2014-03-19,8.5,8.55,8.4,8.44,103437,0
2014-03-20,8.4,8.44,8.31,8.31,103428,0
2014-03-21,8.62,8.7,8.45,8.6,143442,0
2014-03-24,8.45,8.46,8.41,8.43,79867,0
2014-03-25,8.4,8.46,8.37,8.42,55283,0
2014-03-26,8.46,8.46,8.34,8.35,67800,0
2014-03-27,8.28,8.34,8.27,8.3,72958,0
2014-03-28,8.52,8.72,8.51,8.62,109103,0
2014-03-31,8.59,8.69,8.58,8.63,57394,0
2014-04-01,8.69,8.71,8.62,8.67,51433,0
2014-04-02,8.72,8.78,8.71,8.75,43388,0
2014-04-03,8.9,8.95,8.86,8.94,75108,0
2014-04-04,9.1,9.17,8.99,9.01,87624,0
2014-04-07,9.03,9.05,8.98,8.99,41143,0
2014-04-08,9.08,9.16,9.08,9.15,199321,0
2014-04-09,9.24,9.37,9.23,9.33,199150,0
2014-04-10,10.19,10.31,10.11,10.22,626928,0
2014-04-11,10.14,10.19,10.07,10.15,188324,0
2014-04-14,9.93,10.03,9.88,9.96,174937,0
2014-04-15,9.7,9.79,9.58,9.66,128517,0
2014-04-16,9.64,9.78,9.56,9.75,73912,0
2014-04-17,9.61,9.75,9.6,9.68,74086,0
2014-04-21,9.7,9.7,9.55,9.6,43135,0
2014-04-22,9.5,9.53,9.43,9.51,61940,0
2014-04-23,9.46,9.46,9.39,9.42,31845,0
2014-04-24,9.5,9.51,9.4,9.44,47384,0
2014-04-25,9.33,9.37,9.26,9.35,57074,0
2014-04-28,9.54,9.54,9.45,9.51,74972,0
2014-04-29,9.37,9.37,9.13,9.13,136348,0
2014-04-30,8.97,9.0,8.93,9.0,77219,0
2014-05-01,8.99,9.03,8.96,8.99,72666,0
2014-05-02,9.18,9.24,9.15,9.19,118932,0
2014-05-05,9.11,9.14,9.08,9.11,38139,0
2014-05-06,9.11,9.14,9.05,9.07,108885,0
2014-05-07,8.99,9.0,8.95,8.96,46275,0
2014-05-08,8.88,8.93,8.85,8.86,85007,0
2014-05-09,8.98,9.01,8.92,8.95,82318,0
2014-05-12,8.95,9.06,8.95,9.03,83172,0
2014-05-13,9.13,9.16,9.09,9.11,66274,0
2014-05-14,9.17,9.21,9.13,9.14,60456,0
2014-05-15,9.08,9.14,9.01,9.1,108477,0
2014-05-16,9.09,9.12,9.06,9.12,40914,0
2014-05-19,9.02,9.05,9.01,9.02,35264,0
2014-05-20,9.0,9.0,8.94,8.96,51884,0
2014-05-21,8.96,8.98,8.92,8.95,43022,0
2014-05-22,9.02,9.06,9.02,9.05,48508,0
2014-05-23,9.1,9.13,9.05,9.13,58383,0
2014-05-27,9.07,9.1,8.97,9.0,43018,0
2014-05-28,8.97,9.01,8.94,8.98,44788,0
2014-05-29,8.95,8.96,8.92,8.93,22301,0
2014-05-30,8.92,8.98,8.92,8.98,31277,0
2014-06-02,8.98,9.01,8.97,8.99,27192,0
2014-06-03,9.02,9.09,9.02,9.07,20676,0
2014-06-04,9.07,9.1,9.05,9.1,29534,0
2014-06-05,9.05,9.1,9.02,9.07,29412,0
2014-06-06,9.09,9.11,9.08,9.09,36282,0
2014-06-09,9.16,9.29,9.16,9.27,92294,0
2014-06-10,9.24,9.27,9.23,9.27,34100,0
2014-06-11,9.29,9.38,9.27,9.36,83731,0
2014-06-12,9.34,9.35,9.29,9.31,56075,0
2014-06-13,9.22,9.26,9.19,9.26,39366,0
2014-06-16,9.2,9.23,9.17,9.22,29153,0
2014-06-17,9.13,9.19,9.12,9.19,31975,0
2014-06-18,9.13,9.2,9.09,9.19,61812,0
2014-06-19,9.08,9.17,9.07,9.16,47900,0
2014-06-20,9.18,9.2,9.1,9.2,63437,0
2014-06-23,9.03,9.05,9.01,9.05,57960,0
2014-06-24,9.09,9.13,9.04,9.04,40673,0
2014-06-25,9.0,9.05,8.99,9.05,26629,0
2014-06-26,9.06,9.07,9.01,9.04,40062,0
2014-06-27,9.01,9.05,8.98,9.03,38520,0
2014-06-30,9.0,9.02,8.98,9.01,47470,0
2014-07-01,9.04,9.04,8.99,8.99,67948,0
2014-07-02,9.24,9.3,9.21,9.25,129700,0
2014-07-03,9.27,9.39,9.26,9.38,108603,0
2014-07-07,9.22,9.24,9.15,9.22,143731,0
2014-07-08,9.23,9.27,9.21,9.24,41443,0
2014-07-09,9.19,9.21,9.17,9.2,67512,0
2014-07-10,9.16,9.19,9.12,9.18,55880,0
2014-07-11,9.25,9.28,9.23,9.28,37782,0
2014-07-14,9.5,9.67,9.31,9.63,234857,0
2014-07-15,9.78,9.81,9.74,9.77,151475,0
2014-07-16,9.83,9.86,9.8,9.85,62306,0
2014-07-17,9.85,9.86,9.68,9.76,92460,0
2014-07-18,9.87,9.94,9.82,9.9,102435,0
2014-07-21,9.9,10.04,9.9,10.03,66243,0
2014-07-22,10.66,10.73,10.63,10.71,275348,0
2014-07-23,11.06,11.21,11.03,11.19,258504,0
2014-07-24,11.04,11.08,11.02,11.08,128572,0
2014-07-25,11.19,11.26,11.15,11.16,145959,0
2014-07-28,11.65,11.84,11.62,11.84,318357,0
2014-07-29,12.16,12.6,12.11,12.22,675800,0
2014-07-30,12.0,12.0,11.58,11.7,394050,0
2014-07-31,11.57,11.61,11.44,11.44,189111,0
2014-08-01,11.2,11.3,11.17,11.25,171619,0
2014-08-04,11.37,11.54,11.37,11.52,162512,0
2014-08-05,11.08,11.15,11.04,11.05,130523,0
2014-08-06,11.94,11.94,11.68,11.82,560194,0
2014-08-07,11.43,11.45,11.19,11.22,344984,0
2014-08-08,11.19,11.24,11.16,11.2,114257,0
2014-08-11,11.38,11.5,11.37,11.49,103759,0
2014-08-12,11.44,11.49,11.41,11.45,99746,0
2014-08-13,11.52,11.85,11.52,11.81,340915,0
2014-08-14,11.53,11.74,11.53,11.7,258663,0
2014-08-15,11.62,11.74,11.34,11.5,194044,0
2014-08-18,11.42,11.53,11.38,11.53,123749,0
2014-08-19,11.23,11.38,11.2,11.36,272179,0
2014-08-20,11.27,11.33,11.23,11.26,86780,0
2014-08-21,11.16,11.16,11.03,11.06,136493,0
2014-08-22,11.18,11.18,11.07,11.1,159913,0
2014-08-25,11.24,11.25,11.06,11.14,131927,0
2014-08-26,11.19,11.25,11.15,11.2,120909,0
2014-08-27,11.15,11.15,11.04,11.06,95938,0
2014-08-28,11.06,11.06,10.02,10.24,497904,0
2014-08-29,10.59,10.59,10.48,10.51,190587,0
2014-09-02,11.25,11.32,11.06,11.09,347952,0
2014-09-03,12.0,12.09,11.76,11.86,823271,0
2014-09-04,11.82,11.85,11.69,11.71,173602,0
2014-09-05,11.98,12.07,11.94,12.04,154937,0
2014-09-08,11.91,11.94,11.82,11.83,175751,0
2014-09-09,11.82,11.82,11.58,11.69,141993,0
2014-09-10,11.42,11.42,11.25,11.32,249311,0
2014-09-11,11.38,11.4,11.35,11.37,96091,0
2014-09-12,11.35,11.36,11.27,11.3,100108,0
2014-09-15,11.11,11.26,10.93,10.95,197149,0
2014-09-16,10.8,11.01,10.77,11.0,164244,0
2014-09-17,10.97,10.98,10.86,10.88,92564,0
2014-09-18,10.9,10.91,10.85,10.87,75424,0
2014-09-19,10.77,10.77,10.62,10.64,152963,0
2014-09-22,10.5,10.53,10.18,10.4,362845,0
2014-09-23,10.23,10.4,10.18,10.3,267291,0
2014-09-24,10.44,10.53,10.4,10.5,159594,0
2014-09-25,10.34,10.34,10.22,10.25,77750,0
2014-09-26,10.41,10.48,10.37,10.43,85021,0
2014-09-29,10.2,10.22,10.11,10.13,115840,0
2014-09-30,10.11,10.13,10.06,10.11,103200,0
2014-10-01,10.07,10.07,9.91,9.92,120288,0
2014-10-02,9.9,9.98,9.73,9.88,84155,0
2014-10-03,10.28,10.29,10.2,10.2,195421,0
2014-10-06,10.41,10.73,10.33,10.67,488787,0
2014-10-07,10.55,10.57,10.43,10.44,96721,0
2014-10-08,10.55,10.66,10.43,10.65,145957,0
2014-10-09,10.68,10.71,10.55,10.59,143317,0
2014-10-10,10.27,10.34,10.18,10.26,591072,0
2014-10-13,10.28,10.36,10.22,10.24,140082,0
2014-10-14,10.22,10.29,10.12,10.19,152579,0
2014-10-15,10.0,10.12,9.9,10.08,139464,0
2014-10-16,10.02,10.35,10.02,10.34,237886,0
2014-10-17,10.28,10.28,10.11,10.12,199458,0
2014-10-20,10.11,10.28,10.08,10.26,158107,0
2014-10-21,10.24,10.28,10.2,10.25,70316,0
2014-10-22,10.49,10.58,10.48,10.48,142831,0
2014-10-23,10.57,10.64,10.54,10.55,100565,0
2014-10-24,10.54,10.62,10.53,10.56,55904,0
2014-10-27,10.34,10.36,10.23,10.26,91956,0
2014-10-28,10.49,10.68,10.48,10.66,179361,0
2014-10-29,10.74,10.86,10.73,10.77,184964,0
2014-10-30,10.96,11.03,10.76,10.82,196315,0
2014-10-31,11.17,11.23,11.04,11.12,128706,0
2014-11-03,11.16,11.19,11.1,11.14,81368,0
2014-11-04,11.14,11.19,11.1,11.16,68724,0
2014-11-05,11.3,11.31,11.18,11.26,103458,0
2014-11-06,11.18,11.23,11.15,11.18,70191,0
2014-11-07,11.06,11.18,11.01,11.15,136812,0
2014-11-10,11.47,11.62,11.47,11.55,166303,0
2014-11-11,11.48,11.51,11.44,11.46,86581,0
2014-11-12,11.42,11.54,11.42,11.53,74436,0
2014-11-13,11.52,11.58,11.48,11.54,156611,0
2014-11-14,11.57,11.71,11.52,11.67,176610,0
2014-11-17,10.89,10.9,10.69,10.71,139087,0
2014-11-18,10.63,10.63,10.56,10.56,75684,0
2014-11-19,10.62,10.65,10.56,10.58,82534,0
2014-11-20,10.52,10.55,10.5,10.51,111195,0
2014-11-21,10.97,11.27,10.89,11.12,286879,0
2014-11-24,11.12,11.12,10.9,10.95,205612,0
2014-11-25,10.8,10.84,10.58,10.61,155992,0
2014-11-26,10.81,10.9,10.76,10.89,148356,0
2014-11-28,10.8,10.81,10.63,10.67,105360,0
2014-12-01,10.47,10.52,10.36,10.36,118436,0
2014-12-02,10.62,10.68,10.57,10.63,132347,0
2014-12-03,10.66,10.82,10.64,10.81,135214,0
2014-12-04,11.12,11.18,11.1,11.15,139594,0
2014-12-05,11.12,11.19,11.1,11.17,78837,0
2014-12-08,11.21,11.24,11.06,11.06,182220,0
2014-12-09,10.72,10.83,10.69,10.79,204038,0
2014-12-10,10.87,10.92,10.73,10.76,93756,0
2014-12-11,10.85,10.93,10.79,10.79,160121,0
2014-12-12,10.77,10.81,10.64,10.67,122211,0
2014-12-15,10.73,10.78,10.55,10.55,194881,0
2014-12-16,10.6,10.81,10.59,10.66,80385,0
2014-12-17,10.54,10.75,10.49,10.68,149417,0
2014-12-18,10.85,10.92,10.83,10.9,65200,0
2014-12-19,11.49,11.59,11.45,11.55,344546,0
2014-12-22,11.61,11.67,11.6,11.63,82223,0
2014-12-23,11.38,11.45,11.34,11.36,101780,0
2014-12-24,11.2,11.42,11.2,11.36,92878,0
2014-12-26,11.65,11.8,11.62,11.71,92584,0
2014-12-29,11.64,11.72,11.63,11.67,50455,0
2014-12-30,11.53,11.57,11.5,11.51,68433,0
2014-12-31,11.6,11.63,11.52,11.52,113647,0
2015-01-02,11.4,11.4,11.27,11.35,85794,0
2015-01-05,12.53,12.59,12.31,12.44,502566,0
2015-01-06,12.91,12.95,12.76,12.84,242589,0
2015-01-07,13.33,13.51,13.32,13.43,209782,0
2015-01-08,13.35,13.38,13.2,13.31,174148,0
2015-01-09,13.07,13.07,12.87,12.87,120621,0
2015-01-12,12.7,12.75,12.56,12.57,138405,0
2015-01-13,12.6,12.66,12.41,12.45,191402,0
2015-01-14,12.34,12.46,12.24,12.36,135400,0
2015-01-15,12.58,12.58,12.44,12.45,70624,0
2015-01-16,12.31,12.37,12.27,12.34,67588,0
2015-01-20,12.08,12.08,12.0,12.04,52713,0
2015-01-21,12.26,12.39,12.24,12.38,65314,0
2015-01-22,12.7,12.77,12.65,12.74,90180,0
2015-01-23,12.44,12.46,12.3,12.3,112050,0
2015-01-26,12.05,12.12,12.04,12.09,138341,0
2015-01-27,11.9,11.99,11.87,11.94,112526,0
2015-01-28,11.76,11.79,11.61,11.61,103657,0
2015-01-29,11.62,11.63,11.36,11.58,205995,0
2015-01-30,11.29,11.37,11.11,11.12,278799,0
2015-02-02,11.14,11.2,11.09,11.18,125833,0
2015-02-03,11.15,11.35,11.14,11.23,195875,0
2015-02-04,11.53,11.76,11.52,11.72,329075,0
2015-02-05,11.29,11.51,11.27,11.49,155567,0
2015-02-06,11.06,11.07,10.93,10.97,141203,0
2015-02-09,10.79,10.86,10.75,10.77,75692,0
2015-02-10,10.97,10.97,10.85,10.88,78291,0
2015-02-11,11.1,11.13,11.0,11.07,63001,0
2015-02-12,11.35,11.62,11.34,11.58,201901,0
2015-02-13,11.68,11.8,11.67,11.69,71979,0
2015-02-17,11.67,11.71,11.64,11.67,29128,0
2015-02-18,11.54,11.58,11.51,11.58,52535,0
2015-02-19,11.52,11.55,11.48,11.53,43772,0
2015-02-20,11.53,11.58,11.47,11.58,45391,0
2015-02-23,11.61,11.62,11.56,11.58,61609,0
2015-02-24,11.47,11.51,11.42,11.47,55681,0
2015-02-25,11.69,11.69,11.59,11.62,57839,0
2015-02-26,11.89,11.9,11.82,11.83,46366,0
2015-02-27,12.05,12.07,12.01,12.01,82633,0
2015-03-02,11.94,12.03,11.88,12.02,41400,0
2015-03-03,11.87,11.88,11.81,11.85,67600,0
2015-03-04,11.8,11.83,11.76,11.77,59300,0
2015-03-05,11.59,11.63,11.52,11.58,52600,0
2015-03-06,12.18,12.24,12.15,12.16,118600,0
2015-03-09,12.0,12.05,11.98,12.04,53400,0
2015-03-10,11.68,11.71,11.61,11.62,55800,0
2015-03-11,11.54,11.55,11.49,11.51,47500,0
2015-03-12,11.54,11.59,11.51,11.51,59300,0
2015-03-13,11.42,11.46,11.38,11.45,35500,0
2015-03-16,11.74,11.74,11.67,11.67,41100,0
2015-03-17,11.82,11.86,11.76,11.82,41200,0
2015-03-18,11.86,12.03,11.79,11.99,82700,0
2015-03-19,11.88,11.96,11.84,11.94,40500,0
2015-03-20,11.69,11.81,11.66,11.78,57500,0
2015-03-23,11.85,11.94,11.84,11.89,75200,0
2015-03-24,11.81,11.82,11.75,11.8,40400,0
2015-03-25,11.65,11.68,11.54,11.61,46400,0
2015-03-26,11.84,11.88,11.77,11.79,57500,0
2015-03-27,12.06,12.19,12.04,12.17,148900,0
2015-03-30,12.75,12.82,12.7,12.78,229000,0
2015-03-31,12.35,12.49,12.33,12.48,124911,0
2015-04-01,12.79,12.92,12.73,12.85,77000,0
2015-04-02,13.3,13.43,13.3,13.37,144500,0
2015-04-06,13.4,13.78,13.4,13.69,181000,0
2015-04-07,13.8,13.94,13.77,13.83,232976,0
2015-04-08,15.1,15.62,15.06,15.62,635400,0
2015-04-09,16.46,17.24,16.18,17.21,1364312,0
2015-04-10,16.56,16.63,15.91,16.02,985100,0
2015-04-13,16.43,16.59,15.88,15.88,426400,0
2015-04-14,15.7,15.79,15.49,15.56,398200,0
2015-04-15,15.51,15.56,15.24,15.39,580977,0
2015-04-16,16.05,16.28,15.95,16.17,304305,0
2015-04-17,16.06,16.17,15.91,15.95,438100,0
2015-04-20,15.8,15.89,15.49,15.67,330690,0
2015-04-21,15.63,15.71,15.6,15.68,131205,0
2015-04-22,16.11,16.11,16.03,16.05,263971,0
2015-04-23,16.49,16.75,16.44,16.69,421100,0
2015-04-24,16.49,16.78,16.48,16.78,241185,0
2015-04-27,17.22,17.44,17.09,17.09,371400,0
2015-04-28,17.42,17.44,17.12,17.39,269100,0
2015-04-29,16.7,16.7,16.53,16.66,188400,0
2015-04-30,16.06,16.11,16.02,16.09,177400,0
2015-05-01,16.06,16.23,16.01,16.23,86900,0
2015-05-04,17.05,17.22,17.03,17.17,312700,0
2015-05-05,16.62,16.63,16.38,16.4,97800,0
2015-05-06,16.38,16.39,16.04,16.12,166773,0
2015-05-07,15.28,15.47,15.03,15.15,402659,0
2015-05-08,15.33,15.45,15.26,15.43,210600,0
2015-05-11,15.43,15.45,15.27,15.33,152500,0
2015-05-12,15.04,15.21,15.03,15.16,97239,0
2015-05-13,15.12,15.16,15.02,15.03,77500,0
2015-05-14,16.57,16.63,16.46,16.54,353500,0
2015-05-15,16.57,16.67,16.15,16.33,193721,0
2015-05-18,15.72,15.98,15.51,15.85,226666,0
2015-05-19,15.96,15.99,15.8,15.84,145615,0
2015-05-20,15.69,15.75,15.66,15.7,57800,0
2015-05-21,15.54,15.63,15.5,15.51,93300,0
2015-05-22,15.98,16.1,15.89,16.07,162300,0
2015-05-26,16.04,16.06,15.89,16.01,140440,0
2015-05-27,15.77,15.83,15.61,15.81,99400,0
2015-05-28,15.03,15.03,14.88,14.94,143937,0
2015-05-29,15.06,15.14,14.81,14.93,132500,0
2015-06-01,15.12,15.12,15.01,15.01,124840,0
2015-06-02,14.68,14.82,14.64,14.74,143282,0
2015-06-03,14.73,14.8,14.7,14.8,146400,0
2015-06-04,14.69,14.72,14.61,14.66,63400,0
2015-06-05,14.51,14.57,14.43,14.54,115800,0
2015-06-08,14.84,14.86,14.74,14.74,64900,0
2015-06-09,13.9,13.96,13.84,13.87,143944,0
2015-06-10,13.94,14.06,13.91,14.01,68596,0
2015-06-11,13.92,14.01,13.9,14.01,134784,0
2015-06-12,14.13,14.15,14.03,14.03,105400,0
2015-06-15,13.91,14.03,13.79,13.83,159000,0
2015-06-16,13.31,13.6,13.22,13.57,247600,0
2015-06-17,13.56,13.65,13.44,13.6,77400,0
2015-06-18,13.31,13.41,13.25,13.38,145500,0
2015-06-19,13.11,13.21,13.05,13.21,273100,0
2015-06-22,12.94,13.0,12.87,12.98,141900,0
2015-06-23,13.12,13.2,13.12,13.16,68386,0
2015-06-24,13.17,13.27,13.16,13.17,99200,0
2015-06-25,13.11,13.11,12.95,13.0,141300,0
2015-06-26,12.7,12.77,12.59,12.63,112500,0
2015-06-29,12.47,12.5,12.32,12.33,131200,0
2015-06-30,12.63,12.63,12.42,12.45,110423,0
2015-07-01,12.43,12.46,12.31,12.34,75400,0
2015-07-02,12.34,12.37,12.13,12.16,89500,0
2015-07-06,10.79,11.05,10.62,10.88,378600,0
2015-07-07,9.28,10.02,9.07,9.86,820000,0
2015-07-08,8.71,8.97,8.66,8.66,767000,0
2015-07-09,9.51,9.63,9.39,9.57,366500,0
2015-07-10,10.32,10.38,10.2,10.36,296400,0
2015-07-13,10.54,10.69,10.43,10.47,174600,0
2015-07-14,10.15,10.2,9.99,10.15,198495,0
2015-07-15,9.69,9.75,9.6,9.61,167990,0
2015-07-16,9.75,9.8,9.69,9.8,90400,0
2015-07-17,9.97,10.03,9.86,9.98,222100,0
2015-07-20,9.89,9.89,9.62,9.62,134200,0
2015-07-21,9.83,9.87,9.69,9.7,81600,0
2015-07-22,9.56,9.57,9.47,9.5,82000,0
2015-07-23,9.85,9.85,9.65,9.65,85200,0
2015-07-24,9.61,9.63,9.38,9.45,68000,0
2015-07-27,8.79,8.94,8.78,8.86,114400,0
2015-07-28,8.87,9.0,8.79,8.99,211600,0
2015-07-29,9.34,9.35,8.95,9.15,176100,0
2015-07-30,8.9,8.9,8.75,8.78,154400,0
2015-07-31,8.77,8.77,8.61,8.62,71500,0
2015-08-03,8.47,8.51,8.36,8.5,224867,0
2015-08-04,8.52,8.59,8.42,8.46,73300,0
2015-08-05,8.67,8.73,8.64,8.71,126900,0
2015-08-06,8.52,8.55,8.44,8.5,104172,0
2015-08-07,8.76,8.8,8.7,8.7,77800,0
2015-08-10,9.81,9.97,9.79,9.96,332100,0
2015-08-11,9.74,9.78,9.63,9.75,138507,0
2015-08-12,9.56,9.62,9.49,9.6,83400,0
2015-08-13,9.64,9.69,9.55,9.56,44100,0
2015-08-14,9.46,9.55,9.46,9.49,40400,0
2015-08-17,9.56,9.66,9.55,9.66,42500,0
2015-08-18,9.09,9.15,9.07,9.1,49500,0
2015-08-19,9.02,9.03,8.78,8.81,109100,0
2015-08-20,8.6,8.6,8.47,8.47,105100,0
2015-08-21,8.39,8.45,8.32,8.32,248700,0
2015-08-24,7.56,7.92,7.54,7.72,262889,0
2015-08-25,7.91,7.96,7.78,7.81,258000,0
2015-08-26,7.56,7.57,7.2,7.57,181400,0
2015-08-27,8.29,8.66,8.12,8.66,110700,0
2015-08-28,8.43,8.79,8.43,8.64,224400,0
2015-08-31,8.35,8.47,8.24,8.27,226100,0
2015-09-01,8.21,8.21,8.01,8.03,97800,0
2015-09-02,7.96,8.05,7.74,7.95,139600,0
2015-09-03,8.0,8.13,7.95,7.99,76200,0
2015-09-04,7.84,7.94,7.77,7.81,45800,0
2015-09-08,8.64,8.67,8.53,8.65,142600,0
2015-09-09,8.68,8.7,8.44,8.44,72200,0
2015-09-10,8.54,8.58,8.46,8.57,48037,0
2015-09-11,8.41,8.48,8.33,8.46,21500,0
2015-09-14,8.42,8.44,8.38,8.42,30200,0
2015-09-15,8.34,8.49,8.33,8.46,55700,0
2015-09-16,8.63,8.79,8.63,8.75,79300,0
2015-09-17,8.44,8.67,8.43,8.53,52378,0
2015-09-18,8.57,8.57,8.39,8.44,92000,0
2015-09-21,8.52,8.57,8.47,8.53,44000,0
2015-09-22,8.28,8.31,8.2,8.31,37800,0
2015-09-23,8.12,8.12,8.0,8.01,45896,0
2015-09-24,7.92,8.0,7.85,7.99,49483,0
2015-09-25,7.95,7.95,7.75,7.76,129100,0
2015-09-28,7.74,7.74,7.58,7.68,72704,0
2015-09-29,7.56,7.63,7.53,7.58,52100,0
2015-09-30,7.8,7.8,7.67,7.76,36400,0
2015-10-01,7.8,7.86,7.73,7.85,50700,0
2015-10-02,8.16,8.43,8.08,8.43,80600,0
2015-10-05,8.58,8.74,8.56,8.72,74840,0
2015-10-06,8.56,8.65,8.56,8.6,78100,0
2015-10-07,9.03,9.09,8.91,9.0,49800,0
2015-10-08,8.79,8.99,8.71,8.98,178400,0
2015-10-09,9.09,9.11,9.01,9.07,61400,0
2015-10-12,9.13,9.16,9.06,9.08,30780,0
2015-10-13,9.16,9.24,9.11,9.13,51700,0
2015-10-14,9.04,9.09,9.01,9.01,70800,0
2015-10-15,9.24,9.32,9.17,9.32,52300,0
2015-10-16,9.18,9.25,9.14,9.2,28400,0
2015-10-19,8.82,8.83,8.73,8.79,44168,0
2015-10-20,8.62,8.657,8.57,8.58,44050,0
2015-10-21,8.51,8.56,8.39,8.4,74300,0
2015-10-22,8.65,8.77,8.63,8.73,89300,0
2015-10-23,8.58,8.63,8.51,8.63,66500,0
2015-10-26,8.5,8.5,8.41,8.44,55500,0
2015-10-27,8.38,8.68,8.37,8.47,306000,0
2015-10-28,8.31,8.56,8.22,8.31,83600,0
2015-10-29,8.13,8.29,8.12,8.13,55800,0
2015-10-30,8.11,8.11,8.01,8.03,49500,0
2015-11-02,7.83,7.92,7.79,7.92,89328,0
2015-11-03,7.78,7.97,7.77,7.93,70000,0
2015-11-04,8.36,8.41,8.28,8.28,61438,0
2015-11-05,8.05,8.07,7.99,8.05,69500,0
2015-11-06,8.0,8.11,7.96,8.11,27000,0
2015-11-09,8.11,8.15,8.06,8.07,77525,0
2015-11-10,8.03,8.13,7.99,8.1,71400,0
2015-11-11,8.15,8.21,8.15,8.2,48800,0
2015-11-12,8.14,8.2,8.11,8.11,32600,0
2015-11-13,7.86,7.87,7.73,7.74,37100,0
2015-11-16,8.05,8.12,7.95,8.12,55700,0
2015-11-17,8.17,8.18,8.1,8.12,36200,0
2015-11-18,8.04,8.12,8.04,8.12,25500,0
2015-11-19,8.16,8.21,8.13,8.13,36200,0
2015-11-20,8.22,8.25,8.11,8.13,71800,0
2015-11-23,8.06,8.06,7.96,7.98,46100,0
2015-11-24,7.84,7.94,7.82,7.91,77700,0
2015-11-25,7.83,7.92,7.83,7.91,31900,0
2015-11-27,7.9,7.98,7.9,7.97,17400,0
2015-11-30,7.98,8.08,7.97,8.06,38500,0
2015-12-01,8.01,8.02,7.94,7.99,33366,0
2015-12-02,8.06,8.1,7.92,7.97,49161,0
2015-12-03,7.99,7.99,7.84,7.86,60164,0
2015-12-04,7.84,7.95,7.83,7.94,25800,0
2015-12-07,7.79,7.85,7.61,7.71,230200,0
2015-12-08,7.4,7.64,7.34,7.54,233161,0
2015-12-09,7.42,7.58,7.38,7.53,148200,0
2015-12-10,7.16,7.34,7.09,7.28,343700,0
2015-12-11,7.01,7.15,7.01,7.07,210400,0
2015-12-14,7.18,7.27,7.08,7.26,168678,0
2015-12-15,7.17,7.24,7.12,7.2,268600,0
2015-12-16,7.82,7.87,7.7,7.85,146200,0
2015-12-17,7.85,7.85,7.72,7.77,54100,0
2015-12-18,7.71,7.95,7.66,7.81,244600,0
2015-12-21,7.98,8.09,7.91,8.05,97500,0
2015-12-22,8.01,8.19,7.93,8.13,149226,0
2015-12-23,8.34,8.39,8.23,8.31,169300,0
2015-12-24,8.32,8.49,8.32,8.43,31087,0
2015-12-28,8.32,8.4,8.28,8.34,42515,0
2015-12-29,8.39,8.5,8.34,8.39,53176,0
2015-12-30,8.35,8.38,8.31,8.34,45721,0
2015-12-31,8.29,8.33,8.22,8.24,59592,0
2016-01-04,7.87,7.91,7.82,7.87,64223,0
2016-01-05,7.94,7.95,7.87,7.92,33802,0
2016-01-06,7.82,7.88,7.78,7.81,37534,0
2016-01-07,7.4,7.52,7.34,7.34,109014,0
2016-01-08,7.62,7.64,7.43,7.43,120575,0
2016-01-11,7.37,7.39,7.23,7.33,66841,0
2016-01-12,7.44,7.48,7.31,7.39,77718,0
2016-01-13,7.44,7.45,7.23,7.23,46992,0
2016-01-14,7.16,7.28,7.08,7.27,46009,0
2016-01-15,6.97,7.02,6.87,6.95,108830,0
2016-01-19,7.39,7.39,7.17,7.26,65900,0
2016-01-20,7.25,7.36,7.13,7.33,114774,0
2016-01-21,7.17,7.36,7.17,7.26,57611,0
2016-01-22,7.5,7.52,7.43,7.49,46017,0
2016-01-25,7.49,7.52,7.38,7.38,70954,0
2016-01-26,7.28,7.41,7.25,7.4,87231,0
2016-01-27,7.27,7.34,7.15,7.15,41581,0
2016-01-28,7.24,7.39,7.13,7.26,53350,0
2016-01-29,7.41,7.56,7.39,7.53,91757,0
2016-02-01,7.37,7.47,7.32,7.4,71523,0
2016-02-02,7.66,7.71,7.52,7.56,56948,0
2016-02-03,8.02,8.16,7.89,8.15,143309,0
2016-02-04,8.03,8.12,8.021,8.04,119898,0
2016-02-05,8.04,8.08,8.01,8.01,37914,0
2016-02-08,7.93,7.95,7.88,7.89,69002,0
2016-02-09,7.81,7.9,7.75,7.81,47154,0
2016-02-10,7.82,7.91,7.8,7.81,45492,0
2016-02-11,7.47,7.54,7.4,7.51,66540,0
2016-02-12,7.54,7.65,7.47,7.64,57716,0
2016-02-16,7.92,7.97,7.84,7.97,57003,0
2016-02-17,7.95,8.11,7.95,8.11,116169,0
2016-02-18,8.16,8.2,8.05,8.09,20434,0
2016-02-19,8.04,8.09,7.99,8.04,30259,0
2016-02-22,8.34,8.45,8.3,8.43,72708,0
2016-02-23,8.7,8.75,8.595,8.66,74574,0
2016-02-24,9.07,9.2802,9.01,9.2,105046,0
2016-02-25,8.9,9.03,8.85,8.98,56186,0
2016-02-26,9.33,9.4,9.25,9.32,36126,0
2016-02-29,8.68,8.71,8.618,8.68,81642,0
2016-03-01,8.75,8.94,8.7401,8.94,68003,0
2016-03-02,9.0,9.15,8.971,9.12,44976,0
2016-03-03,9.18,9.3,9.14,9.26,64477,0
2016-03-04,9.34,9.5,9.29,9.41,61862,0
2016-03-07,9.09,9.19,8.76,9.18,109310,0
2016-03-08,9.19,9.19,9.08,9.09,40362,0
2016-03-09,8.73,8.74,8.6458,8.7,29966,0
2016-03-10,8.6,8.6,8.38,8.46,43449,0
2016-03-11,8.76,8.82,8.7299,8.78,29029,0
2016-03-14,8.69,8.74,8.67,8.71,16829,0
2016-03-15,8.5,8.57,8.46,8.57,14686,0
2016-03-16,8.49,8.71,8.47,8.7,21857,0
2016-03-17,8.69,9.01,8.67,8.93,24091,0
2016-03-18,8.83,8.87,8.78,8.82,74630,0
2016-03-21,8.68,8.71,8.63,8.66,23991,0
2016-03-22,8.65,8.65,8.4,8.46,17022,0
2016-03-23,8.27,8.3,8.16,8.2,29242,0
2016-03-24,8.08,8.13,8.01,8.09,17228,0
2016-03-28,8.13,8.13,8.01,8.12,31200,0
2016-03-29,7.98,8.1,7.93,8.04,16582,0
2016-03-30,8.15,8.2,8.1,8.12,21473,0
2016-03-31,8.01,8.01,7.93,7.98,30760,0
2016-04-01,8.1,8.31,8.1,8.29,31703,0
2016-04-04,8.34,8.34,8.16,8.18,15661,0
2016-04-05,8.26,8.29,8.21,8.23,35249,0
2016-04-06,8.2607,8.35,8.2,8.35,97051,0
2016-04-07,8.24,8.26,8.16,8.18,23243,0
2016-04-08,8.3,8.3,8.21,8.21,14025,0
2016-04-11,8.65,8.69,8.5901,8.6,46303,0
2016-04-12,8.6,8.71,8.55,8.66,50407,0
2016-04-13,8.84,8.93,8.81,8.93,76310,0
2016-04-14,8.74,8.82,8.74,8.75,59291,0
2016-04-15,8.68,8.73,8.65,8.65,11228,0
2016-04-18,8.88,8.88,8.419,8.55,50037,0
2016-04-19,8.68,8.8,8.6701,8.75,28138,0
2016-04-20,8.7,8.84,8.7,8.78,35978,0
2016-04-21,8.82,8.8699,8.75,8.75,44840,0
2016-04-22,8.58,8.62,8.51,8.53,77912,0
2016-04-25,8.45,8.49,8.41,8.43,16236,0
2016-04-26,8.5,8.53,8.42,8.5,24099,0
2016-04-27,8.65,8.82,8.64,8.81,44698,0
2016-04-28,8.59,8.84,8.588,8.83,28003,0
2016-04-29,8.46,8.4999,8.33,8.44,48151,0
2016-05-02,8.39,8.42,8.33,8.42,32995,0
2016-05-03,8.28,8.28,8.15,8.19,58902,0
2016-05-04,8.1,8.1,8.0,8.05,34961,0
2016-05-05,8.13,8.13,7.97,7.99,36458,0
2016-05-06,7.99,8.05,7.97,8.0,35042,0
2016-05-09,7.94,7.94,7.67,7.67,50894,0
2016-05-10,7.76,7.89,7.74,7.82,25814,0
2016-05-11,7.8,7.87,7.77,7.77,15790,0
2016-05-12,7.8,7.85,7.71,7.73,19720,0
2016-05-13,7.6,7.62,7.5,7.53,26012,0
2016-05-16,7.93,7.95,7.85,7.9,24970,0
2016-05-17,7.78,7.8,7.69,7.71,25813,0
2016-05-18,7.59,7.65,7.49,7.54,25536,0
2016-05-19,7.46,7.5,7.42,7.49,24516,0
2016-05-20,7.53,7.53,7.45,7.47,25844,0
2016-05-23,7.36,7.42,7.28,7.3,86642,0
2016-05-24,7.38,7.46,7.34,7.41,31922,0
2016-05-25,7.39,7.49,7.39,7.41,47922,0
2016-05-26,7.53,7.55,7.46,7.49,73834,0
2016-05-27,7.54,7.54,7.49,7.5,44880,0
2016-05-31,7.56,7.66,7.53,7.58,57290,0
2016-06-01,7.59,7.62,7.53,7.55,56779,0
2016-06-02,7.65,7.71,7.65,7.66,20277,0
2016-06-03,7.67,7.69,7.62,7.64,25281,0
2016-06-06,7.66,7.73,7.65,7.72,46559,0
2016-06-07,7.92,7.96,7.88,7.9,31779,0
2016-06-08,7.88,7.94,7.56,7.56,49632,0
2016-06-09,7.78,7.81,7.73,7.73,53989,0
2016-06-10,7.6,7.67,7.56,7.6,33008,0
2016-06-13,7.49,7.5099,7.41,7.45,55929,0
2016-06-14,7.49,7.55,7.44,7.49,102189,0
2016-06-15,7.57,7.61,7.51,7.51,41227,0
2016-06-16,7.46,7.59,7.41,7.53,74721,0
2016-06-17,7.59,7.6,7.22,7.22,371129,0
2016-06-20,7.73,7.75,7.63,7.68,87975,0
2016-06-21,7.75,7.79,7.67,7.72,51681,0
2016-06-22,7.83,7.85,7.75,7.75,45442,0
2016-06-23,7.87,7.92,7.85,7.87,55964,0
2016-06-24,7.5,7.67,7.4,7.49,49635,0
2016-06-27,7.63,7.64,7.41,7.52,92625,0
2016-06-28,7.75,7.83,7.74,7.82,52255,0
2016-06-29,7.88,7.974,7.6,7.6,31350,0
2016-06-30,7.81,7.9,7.8,7.81,26583,0
2016-07-01,7.95,7.96,7.9,7.9,45066,0
2016-07-05,8.19,8.24,8.1601,8.22,51699,0
2016-07-06,8.23,8.37,8.22,8.37,26966,0
2016-07-07,8.44,8.44,8.34,8.34,18845,0
2016-07-08,8.5,8.6,8.47,8.57,38984,0
2016-07-11,8.66,8.76,8.63,8.71,55990,0
2016-07-12,8.87,8.95,8.81,8.93,55218,0
2016-07-13,8.84,8.93,8.8201,8.91,48742,0
2016-07-14,8.85,8.87,8.7801,8.85,26307,0
2016-07-15,8.635,8.64,8.56,8.62,52295,0
2016-07-18,8.41,8.54,8.331,8.51,35101,0
2016-07-19,8.37,8.38,8.27,8.32,32508,0
2016-07-20,8.29,8.3,8.22,8.27,23661,0
2016-07-21,8.3,8.37,8.29,8.3,28962,0
2016-07-22,8.22,8.27,8.17,8.21,34657,0
2016-07-25,8.33,8.34,8.27,8.29,21087,0
2016-07-26,8.35,8.42,8.33,8.4,27326,0
2016-07-27,8.28,8.32,8.16,8.27,27120,0
2016-07-28,8.14,8.18,8.08,8.11,20006,0
2016-07-29,8.03,8.08,8.01,8.06,13106,0
2016-08-01,8.35,8.35,8.23,8.23,36548,0
2016-08-02,8.2,8.245,8.1375,8.24,25498,0
2016-08-03,8.77,8.85,8.7,8.84,100316,0
2016-08-04,8.85,8.88,8.79,8.84,22622,0
2016-08-05,8.91,8.92,8.88,8.89,29632,0
2016-08-08,9.01,9.01,8.96,8.99,22346,0
2016-08-09,9.0,9.0,8.94,8.97,24084,0
2016-08-10,8.97,8.98,8.88,8.95,36741,0
2016-08-11,8.99,9.08,8.97,8.98,28299,0
2016-08-12,8.97,9.01,8.91,8.94,23790,0
2016-08-15,8.99,9.06,8.99,9.05,27836,0
2016-08-16,9.12,9.15,9.07,9.14,24949,0
2016-08-17,9.15,9.19,9.09,9.19,29524,0
2016-08-18,9.13,9.16,9.1,9.13,31212,0
2016-08-19,9.02,9.11,9.02,9.11,35083,0
2016-08-22,9.02,9.09,9.0,9.08,42251,0
2016-08-23,9.07,9.1,9.05,9.05,43290,0
2016-08-24,9.13,9.15,9.07,9.08,29233,0
2016-08-25,9.09,9.21,9.07,9.2,42463,0
2016-08-26,9.19,9.29,9.05,9.15,55800,0
2016-08-29,9.08,9.23,9.08,9.22,70942,0
2016-08-30,9.22,9.24,9.2,9.23,10709,0
2016-08-31,9.24,9.28,9.19,9.23,32976,0
2016-09-01,9.22,9.27,9.2114,9.26,12886,0
2016-09-02,9.34,9.39,9.32,9.32,13374,0
2016-09-06,9.45,9.45,9.34,9.37,12583,0
2016-09-07,9.34,9.36,9.3,9.31,19314,0
2016-09-08,9.43,9.48,9.4,9.41,10581,0
2016-09-09,9.38,9.38,9.22,9.28,25975,0
2016-09-12,8.91,9.08,8.86,9.08,38120,0
2016-09-13,8.85,8.91,8.77,8.83,25335,0
2016-09-14,8.98,8.98,8.9,8.9,21626,0
2016-09-15,8.9,8.99,8.86,8.93,18350,0
2016-09-16,8.9,9.03,8.855,9.02,130207,0
2016-09-19,9.08,9.08,8.97,8.97,19636,0
2016-09-20,9.13,9.13,9.04,9.06,10466,0
2016-09-21,9.13,9.22,9.05,9.19,23530,0
2016-09-22,9.26,9.3399,9.26,9.3,14567,0
2016-09-23,9.17,9.22,9.15,9.19,16368,0
2016-09-26,9.05,9.07,8.97,9.01,24819,0
2016-09-27,9.01,9.03,8.95,8.98,13601,0
2016-09-28,9.04,9.12,9.01,9.11,25893,0
2016-09-29,9.16,9.23,9.11,9.16,45980,0
2016-09-30,9.14,9.21,9.14,9.2,7158,0
2016-10-03,9.2,9.23,9.18,9.21,4816,0
2016-10-04,9.27,9.3,9.18,9.21,14884,0
2016-10-05,9.47,9.48,9.4,9.46,34488,0
2016-10-06,9.42,9.5,9.39,9.5,14606,0
2016-10-07,9.55,9.55,9.46,9.5,31108,0
2016-10-10,9.55,9.68,9.55,9.66,48446,0
2016-10-11,9.24,9.32,9.2,9.25,94342,0
2016-10-12,9.24,9.36,9.24,9.36,23671,0
2016-10-13,9.23,9.34,9.21,9.3,20444,0
2016-10-14,9.33,9.36,9.31,9.34,6738,0
2016-10-17,9.31,9.35,9.29,9.32,11908,0
2016-10-18,9.44,9.44,9.36,9.42,19959,0
2016-10-19,9.4,9.43,9.38,9.4,8910,0
2016-10-20,9.3,9.36,9.16,9.26,9558,0
2016-10-21,9.24,9.29,9.24,9.29,6960,0
2016-10-24,9.29,9.4,9.21,9.3,70541,0
2016-10-25,9.29,9.32,9.2501,9.28,23391,0
2016-10-26,9.48,9.53,9.43,9.53,32309,0
2016-10-27,9.66,9.69,9.65,9.69,23922,0
2016-10-28,9.38,9.46,9.34,9.37,28704,0
2016-10-31,9.31,9.42,9.31,9.42,53714,0
2016-11-01,9.38,9.41,9.23,9.33,29387,0
2016-11-02,9.36,9.42,9.27,9.34,20938,0
2016-11-03,9.37,9.42,9.345,9.4,13461,0
2016-11-04,9.34,9.37,9.32,9.35,10481,0
2016-11-07,9.69,9.77,9.66,9.74,31722,0
2016-11-08,9.82,10.04,9.82,10.0,72104,0
2016-11-09,9.87,10.11,9.87,10.09,100767,0
2016-11-10,10.78,10.85,10.7,10.79,98143,0
2016-11-11,10.75,10.93,10.75,10.9,143291,0
2016-11-14,10.78,10.88,10.762,10.84,162419,0
2016-11-15,10.55,10.74,10.52,10.73,127908,0
2016-11-16,10.41,10.53,10.41,10.5,25071,0
2016-11-17,10.89,10.99,10.88,10.98,61868,0
2016-11-18,10.6,10.66,10.54,10.59,41774,0
2016-11-21,10.83,10.87,10.764,10.84,29368,0
2016-11-22,11.01,11.11,11.0,11.1,84163,0
2016-11-23,10.83,10.92,10.83,10.87,48785,0
2016-11-25,11.58,11.6,11.5,11.58,117701,0
2016-11-28,11.78,11.78,11.68,11.72,59225,0
2016-11-29,11.63,11.7,11.54,11.64,45638,0
2016-11-30,11.2,11.28,11.2,11.25,31890,0
2016-12-01,11.47,11.5,11.42,11.5,42126,0
2016-12-02,11.4,11.48,11.4,11.45,30659,0
2016-12-05,11.44,11.59,11.44,11.56,54339,0
2016-12-06,11.75,11.75,11.6377,11.7,32376,0
2016-12-07,11.48,11.62,11.39,11.61,75827,0
2016-12-08,11.49,11.57,11.49,11.57,20601,0
2016-12-09,11.27,11.32,11.22,11.31,36332,0
2016-12-12,11.07,11.12,11.04,11.06,41688,0
2016-12-13,11.21,11.35,11.2,11.28,40267,0
2016-12-14,11.0,11.09,10.84,10.86,47793,0
2016-12-15,10.52,10.55,10.49,10.52,13246,0
2016-12-16,10.41,10.4514,10.301,10.38,71753,0
2016-12-19,10.24,10.3,10.2,10.25,49111,0
2016-12-20,10.28,10.35,10.28,10.35,50459,0
2016-12-21,10.25,10.26,10.17,10.26,21888,0
2016-12-22,10.05,10.05,9.95,10.03,24788,0
2016-12-23,10.05,10.0702,9.94,9.95,55322,0
2016-12-27,9.98,10.14,9.97,10.14,18481,0
2016-12-28,10.0,10.07,9.97,9.97,28886,0
2016-12-29,10.02,10.02,9.93,9.95,24979,0
2016-12-30,10.27,10.28,10.19,10.21,49694,0
2017-01-03,10.32,10.33,10.23,10.33,36753,0
2017-01-04,10.52,10.62,10.52,10.53,27155,0
2017-01-05,10.76,10.81,10.73,10.78,31669,0
2017-01-06,10.63,10.66,10.56,10.57,16617,0
2017-01-09,10.41,10.41,10.33,10.37,32384,0
2017-01-10,10.57,10.67,10.57,10.64,41409,0
2017-01-11,11.22,11.3138,11.21,11.28,68759,0
2017-01-12,11.0,11.05,11.0,11.03,40285,0
2017-01-13,10.99,11.04,10.97,11.02,24856,0
2017-01-17,11.02,11.38,10.98,11.38,57969,0
2017-01-18,11.33,11.34,11.22,11.22,62978,0
2017-01-19,11.31,11.44,11.28,11.41,47003,0
2017-01-20,11.21,11.21,11.148,11.15,44678,0
2017-01-23,11.58,11.61,11.551,11.6,53614,0
2017-01-24,12.51,12.58,12.46,12.51,245604,0
2017-01-25,13.09,13.1199,12.87,12.93,155141,0
2017-01-26,13.03,13.0586,12.96,12.98,52445,0
2017-01-27,12.88,12.921,12.86,12.9,35233,0
2017-01-30,12.9,12.91,12.77,12.91,32665,0
2017-01-31,12.86,12.93,12.86,12.89,23536,0
2017-02-01,13.38,13.44,13.26,13.3,94499,0
2017-02-02,13.37,13.4,13.35,13.4,47916,0
2017-02-03,12.98,12.98,12.9,12.9,42428,0
2017-02-06,13.0,13.02,12.9353,12.95,26748,0
2017-02-07,12.96,13.01,12.92,12.96,45485,0
2017-02-08,13.18,13.25,13.12,13.25,28367,0
2017-02-09,13.08,13.08,12.92,12.97,62696,0
2017-02-10,13.12,13.24,13.1,13.22,36997,0
2017-02-13,13.47,13.53,13.43,13.44,66605,0
2017-02-14,13.7,13.85,13.69,13.8,46855,0
2017-02-15,13.68,13.764,13.67,13.74,44432,0
2017-02-16,13.56,13.5736,13.52,13.54,30539,0
2017-02-17,13.21,13.22,13.11,13.14,28597,0
2017-02-21,13.26,13.35,13.24,13.32,21234,0
2017-02-22,13.51,13.56,13.47,13.51,42452,0
2017-02-23,13.52,13.52,13.35,13.36,54854,0
2017-02-24,12.59,12.63,12.51,12.55,78432,0
2017-02-27,12.63,12.67,12.59,12.62,32049,0
2017-02-28,12.41,12.49,12.37,12.42,41237,0
2017-03-01,13.31,13.49,13.31,13.47,70416,0
2017-03-02,13.49,13.52,13.31,13.36,80217,0
2017-03-03,13.33,13.33,13.21,13.23,19852,0
2017-03-06,13.5,13.5,13.38,13.41,25708,0
2017-03-07,13.36,13.36,13.2,13.26,17927,0
2017-03-08,12.99,13.06,12.946,12.95,21526,0
2017-03-09,12.65,12.67,11.39,12.05,279725,0
2017-03-10,12.6,12.64,12.525,12.58,80775,0
2017-03-13,12.82,12.82,12.72,12.76,27410,0
2017-03-14,12.58,12.61,12.55,12.55,15876,0
2017-03-15,12.65,12.8192,12.57,12.81,30392,0
2017-03-16,13.18,13.25,13.18,13.25,52636,0
2017-03-17,12.86,12.86,12.58,12.58,105657,0
2017-03-20,12.57,12.66,12.55,12.65,63136,0
2017-03-21,12.61,12.6365,12.355,12.41,44433,0
2017-03-22,12.26,12.408,12.26,12.4,29510,0
2017-03-23,12.43,12.55,12.4,12.42,26795,0
2017-03-24,12.26,12.34,12.23,12.25,27009,0
2017-03-27,11.6,11.6,11.537,11.59,33156,0
2017-03-28,12.05,12.17,12.04,12.07,47925,0
2017-03-29,12.02,12.1,11.9801,12.1,37147,0
2017-03-30,12.1,12.19,12.1,12.16,15914,0
2017-03-31,12.11,12.17,12.07,12.13,19092,0
2017-04-03,12.51,12.52,12.44,12.52,29141,0
2017-04-04,12.48,12.59,12.41,12.56,20502,0
2017-04-05,12.91,12.94,12.82,12.82,40522,0
2017-04-06,12.83,12.87,12.78,12.85,28238,0
2017-04-07,12.98,13.02,12.94,12.95,15632,0
2017-04-10,12.92,12.93,12.85,12.89,26975,0
2017-04-11,12.67,12.75,12.6,12.73,13512,0
2017-04-12,12.6,12.6,12.47,12.51,35027,0
2017-04-13,12.41,12.49,12.37,12.37,24688,0
2017-04-17,12.43,12.6,12.43,12.57,37259,0
2017-04-18,12.88,12.96,12.83,12.9,42372,0
2017-04-19,13.26,13.29,13.15,13.16,41358,0
2017-04-20,13.21,13.28,13.15,13.26,32518,0
2017-04-21,13.04,13.04,12.8132,12.86,34512,0
2017-04-24,12.7,12.73,12.63,12.65,31793,0
2017-04-25,12.65,12.86,12.32,12.69,76132,0
2017-04-26,12.61,12.76,12.56,12.66,57714,0
2017-04-27,12.52,12.52,12.3521,12.41,19130,0
2017-04-28,12.3,12.35,12.24,12.35,40679,0
2017-05-01,12.33,12.37,12.27,12.36,28099,0
2017-05-02,12.25,12.25,12.17,12.2,27524,0
2017-05-03,12.16,12.21,11.95,11.99,90841,0
2017-05-04,11.62,11.6299,11.53,11.55,72515,0
2017-05-05,11.3,11.43,11.25,11.42,47494,0
2017-05-08,11.42,11.45,11.26,11.27,96228,0
2017-05-09,11.54,11.6,11.51,11.55,34253,0
2017-05-10,11.05,11.25,11.011,11.17,64915,0
2017-05-11,11.38,11.45,11.3,11.42,41830,0
2017-05-12,11.45,11.51,11.44,11.45,35603,0
2017-05-15,11.45,11.54,11.42,11.53,34998,0
2017-05-16,11.36,11.42,11.33,11.41,23046,0
2017-05-17,11.33,11.37,11.21,11.28,45326,0
2017-05-18,11.08,11.22,11.03,11.2,31088,0
2017-05-19,11.41,11.69,11.41,11.55,81267,0
2017-05-22,11.67,11.68,11.59,11.65,28250,0
2017-05-23,11.48,11.48,11.38,11.46,28022,0
2017-05-24,11.43,11.45,11.318,11.44,22461,0
2017-05-25,11.53,11.61,11.53,11.53,37562,0
2017-05-26,11.71,11.79,11.71,11.75,33676,0
2017-05-30,11.7,11.79,11.7,11.77,14134,0
2017-05-31,11.63,11.63,11.47,11.54,35206,0
2017-06-01,11.56,11.63,11.55,11.6,7104,0
2017-06-02,11.36,11.42,11.36,11.41,17982,0
2017-06-05,11.35,11.37,11.29,11.3,25376,0
2017-06-06,11.32,11.33,11.26,11.32,8028,0
2017-06-07,11.85,11.91,11.8,11.84,34897,0
2017-06-08,11.82,11.87,11.72,11.87,20139,0
2017-06-09,11.75,11.79,11.65,11.679,22468,0
2017-06-12,11.6,11.67,11.56,11.67,10354,0
2017-06-13,12.03,12.21,12.03,12.15,27983,0
2017-06-14,12.5,12.59,12.37,12.43,71172,0
2017-06-15,11.91,12.01,11.86,11.9,45622,0
2017-06-16,11.98,12.03,11.91,11.99,47808,0
2017-06-19,12.39,12.49,12.35,12.46,35198,0
2017-06-20,12.67,12.79,12.55,12.55,42062,0
2017-06-21,12.77,12.82,12.66,12.73,37038,0
2017-06-22,12.49,12.59,12.48,12.5,21602,0
2017-06-23,12.17,12.35,12.13,12.25,39832,0
2017-06-26,12.35,12.44,12.35,12.43,21127,0
2017-06-27,12.4,12.48,12.35,12.37,33273,0
2017-06-28,12.76,12.82,12.6701,12.8,31893,0
2017-06-29,12.83,12.85,12.66,12.72,38314,0
2017-06-30,12.8,12.93,12.74,12.88,45033,0
2017-07-03,13.28,13.38,13.27,13.27,21385,0
2017-07-05,13.27,13.45,13.27,13.44,47612,0
2017-07-06,13.38,13.86,13.32,13.32,45520,0
2017-07-07,13.66,13.79,13.45,13.73,24568,0
2017-07-10,13.43,13.45,13.3714,13.4,18189,0
2017-07-11,13.15,13.17,12.95,13.15,32547,0
2017-07-12,13.38,13.47,13.3,13.43,29245,0
2017-07-13,13.53,13.67,13.53,13.631,21610,0
2017-07-14,14.02,14.22,14.0,14.17,48549,0
2017-07-17,14.5,14.7,14.5,14.7,48628,0
2017-07-18,15.0,15.07,14.8678,15.07,48304,0
2017-07-19,15.49,15.551,15.43,15.51,43131,0
2017-07-20,15.09,15.14,14.99,14.99,44539,0
2017-07-21,14.99,14.9951,14.86,14.91,18330,0
2017-07-24,15.02,15.12,14.94,14.99,43145,0
2017-07-25,15.06,15.5,15.06,15.4,107113,0
2017-07-26,15.56,15.88,15.56,15.88,100270,0
2017-07-27,15.53,15.54,15.31,15.44,55533,0
2017-07-28,15.25,15.29,14.91,15.29,36873,0
2017-07-31,15.7,15.8,15.7,15.8,51362,0
2017-08-01,15.82,15.82,15.63,15.65,58858,0
2017-08-02,16.25,16.49,15.9,15.9,128513,0
2017-08-03,16.91,16.91,16.7,16.81,78377,0
2017-08-04,16.16,16.26,15.91,16.25,51795,0
2017-08-07,17.04,17.2,16.86,17.16,102919,0
2017-08-08,18.42,18.88,18.28,18.7,161601,0
2017-08-09,19.1,19.27,18.82,19.04,113617,0
2017-08-10,17.84,18.15,17.73,17.81,112673,0
2017-08-11,16.6,16.91,16.55,16.91,134224,0
2017-08-14,17.16,17.33,17.13,17.19,92981,0
2017-08-15,16.6,16.83,16.51,16.69,62666,0
2017-08-16,17.39,17.88,17.25,17.85,144696,0
2017-08-17,17.61,17.7,17.1,17.17,125247,0
2017-08-18,17.06,17.27,17.0501,17.2,60484,0
2017-08-21,17.43,17.4961,17.25,17.46,87347,0
2017-08-22,17.46,17.6,17.37,17.56,50424,0
2017-08-23,17.41,17.47,17.15,17.35,46117,0
2017-08-24,16.86,16.94,16.65,16.87,60020,0
2017-08-25,17.32,17.35,17.22,17.25,35692,0
2017-08-28,17.29,17.29,16.97,17.25,173866,0
2017-08-29,17.26,17.52,17.26,17.5,33380,0
2017-08-30,18.68,18.75,18.34,18.41,111009,0
2017-08-31,18.5,18.99,18.4,18.65,132180,0
2017-09-01,18.89,19.3,18.89,19.3,121335,0
2017-09-05,18.67,18.78,18.47,18.56,133866,0
2017-09-06,18.63,18.69,18.55,18.62,38314,0
2017-09-07,18.55,18.65,18.3862,18.61,40952,0
2017-09-08,18.88,19.35,18.75,18.78,171007,0
2017-09-11,19.61,20.78,19.61,20.49,377540,0
2017-09-12,20.8,21.17,20.8,20.96,298196,0
2017-09-13,21.76,21.8346,21.4301,21.66,189493,0
2017-09-14,22.09,22.22,22.0,22.08,143123,0
2017-09-15,21.3,21.45,20.5,20.5,421491,0
2017-09-18,21.05,21.11,20.8603,21.03,152167,0
2017-09-19,21.08,21.35,21.06,21.31,110252,0
2017-09-20,22.94,23.4578,22.81,23.13,274085,0
2017-09-21,23.18,23.229,22.93,23.02,142725,0
2017-09-22,22.26,22.55,22.02,22.52,130919,0
2017-09-25,21.77,21.935,21.01,21.06,217715,0
2017-09-26,20.63,20.9,20.48,20.48,123709,0
2017-09-27,21.47,21.5,21.13,21.24,105655,0
2017-09-28,21.11,21.205,20.93,21.07,120743,0
2017-09-29,22.25,22.34,22.13,22.17,119671,0
2017-10-02,22.5,22.51,22.3101,22.51,79912,0
2017-10-03,23.15,23.4,22.94,23.13,134867,0
2017-10-04,23.26,23.3,23.12,23.22,85887,0
2017-10-05,23.23,23.54,23.23,23.45,84793,0
2017-10-06,22.35,22.7127,22.31,22.54,105519,0
2017-10-09,22.51,22.51,22.28,22.4,81439,0
2017-10-10,22.58,22.66,22.45,22.63,61928,0
2017-10-11,21.76,21.98,21.54,21.81,149610,0
2017-10-12,22.31,22.49,22.2,22.27,116941,0
2017-10-13,22.56,22.7,22.4601,22.59,81723,0
2017-10-16,23.0,23.08,22.91,22.98,68903,0
2017-10-17,22.37,22.51,22.345,22.44,84110,0
2017-10-18,22.0,22.03,21.79,21.95,121850,0
2017-10-19,21.38,21.44,20.72,21.36,205864,0
2017-10-20,22.055,22.18,21.6432,22.0,125913,0
2017-10-23,21.6,21.6,21.41,21.43,44238,0
2017-10-24,21.3,21.33,21.11,21.16,83281,0
2017-10-25,21.7,21.7,21.23,21.51,81627,0
2017-10-26,21.41,21.789,21.12,21.34,83945,0
2017-10-27,20.34,20.34,20.05,20.27,113518,0
2017-10-30,19.31,19.4,19.18,19.2,135227,0
2017-10-31,20.0,20.04,19.84,19.92,110651,0
2017-11-01,19.58,19.6,19.33,19.33,61051,0
2017-11-02,19.62,19.71,19.44,19.65,83483,0
2017-11-03,19.25,19.31,19.13,19.17,104258,0
2017-11-06,19.05,19.25,19.05,19.24,84412,0
2017-11-07,19.46,19.5,19.37,19.48,92807,0
2017-11-08,19.38,19.38,19.08,19.27,69609,0
2017-11-09,18.69,18.69,18.3,18.54,91226,0
2017-11-10,18.63,18.72,18.45,18.7,49884,0
