Date,Open,High,Low,Close,Volume,OpenInt
2014-01-02,91.3,99.44,91.3,99.0,16650,0
2014-01-03,99.55,109.01,99.332,101.97,20150,0
2014-01-06,103.51,103.95,101.42,101.75,15134,0
2014-01-07,101.75,101.75,95.7,98.01,12355,0
2014-01-08,98.45,99.0,97.02,97.79,10564,0
2014-01-09,97.9,98.34,95.92,96.91,14082,0
2014-01-10,97.24,102.85,97.02,102.63,19014,0
2014-01-13,102.74,102.85,97.79,100.76,15818,0
2014-01-14,101.64,105.38,99.66,103.95,9820,0
2014-01-15,104.83,108.79,104.61,108.24,19082,0
2014-01-16,107.69,108.68,106.15,107.69,11009,0
2014-01-17,107.8,108.35,105.82,106.59,8545,0
2014-01-21,106.04,112.2,105.98,112.09,20611,0
2014-01-22,112.53,114.78,111.1,114.51,16155,0
2014-01-23,112.97,119.57,112.97,119.24,18764,0
2014-01-24,117.59,123.97,115.17,116.71,24082,0
2014-01-27,116.93,118.69,103.29,106.48,29291,0
2014-01-28,106.15,116.16,105.93,114.84,33382,0
2014-01-29,114.73,114.95,110.11,113.41,22634,0
2014-01-30,114.51,121.22,110.04,120.34,33064,0
2014-01-31,116.82,122.54,115.61,118.8,16891,0
2014-02-03,119.79,119.79,113.41,116.93,18962,0
2014-02-04,116.93,119.68,114.73,117.04,24307,0
2014-02-05,117.92,117.92,111.21,116.49,15449,0
2014-02-06,117.59,118.58,115.83,117.26,17787,0
2014-02-07,117.37,126.39,113.19,125.73,26654,0
2014-02-10,128.15,137.5,127.82,132.99,42995,0
2014-02-11,137.83,141.35,125.22,126.94,63409,0
2014-02-12,131.78,131.78,126.0,127.38,23143,0
2014-02-13,126.28,130.24,125.51,128.7,15450,0
2014-02-14,128.7,130.79,124.3,126.83,18032,0
2014-02-18,128.37,132.0,125.96,131.01,23820,0
2014-02-19,130.57,131.01,127.6,128.7,11486,0
2014-02-20,128.81,130.46,126.17,129.69,15468,0
2014-02-21,128.59,131.45,127.16,127.27,17302,0
2014-02-24,128.04,131.12,127.05,127.38,11749,0
2014-02-25,126.28,127.06,122.65,123.97,15465,0
2014-02-26,124.85,127.27,121.44,126.61,25345,0
2014-02-27,130.35,130.35,127.16,128.7,34540,0
2014-02-28,127.93,128.64,118.36,121.22,40330,0
2014-03-03,121.33,125.51,118.25,121.33,25845,0
2014-03-04,123.75,129.25,121.88,125.29,32267,0
2014-03-05,126.39,134.75,124.3,133.76,36482,0
2014-03-06,136.51,141.9,130.35,135.19,42946,0
2014-03-07,136.29,141.46,130.79,139.92,33306,0
2014-03-10,142.56,153.45,138.71,152.35,43940,0
2014-03-11,156.64,156.75,143.77,144.32,44219,0
2014-03-12,143.0,148.5,130.9,142.56,40935,0
2014-03-13,143.77,144.87,133.65,136.07,22632,0
2014-03-14,134.86,135.52,128.93,129.69,25152,0
2014-03-17,130.79,136.34,130.79,135.19,18608,0
2014-03-18,135.19,143.0,134.38,141.68,22255,0
2014-03-19,142.23,147.29,136.95,139.59,20029,0
2014-03-20,140.91,142.21,135.3,137.94,11101,0
2014-03-21,137.39,149.05,133.32,145.42,34984,0
2014-03-24,145.53,146.3,138.05,139.81,23127,0
2014-03-25,140.91,143.88,136.29,137.39,19629,0
2014-03-26,140.14,142.78,130.9,130.9,24900,0
2014-03-27,121.22,130.35,121.22,128.81,22101,0
2014-03-28,128.59,132.88,124.41,125.62,17429,0
2014-03-31,127.16,132.32,125.83,129.36,19111,0
2014-04-01,131.56,132.99,123.65,126.5,19624,0
2014-04-02,129.58,130.24,122.87,123.75,21173,0
2014-04-03,123.75,123.97,118.25,118.8,17934,0
2014-04-04,120.34,121.44,108.57,111.98,31109,0
2014-04-07,111.43,112.64,107.8,108.57,68540,0
2014-04-08,108.57,114.07,103.62,111.76,24996,0
2014-04-09,112.75,114.51,110.0,113.3,15209,0
2014-04-10,113.3,113.3,104.5,106.26,22095,0
2014-04-11,104.83,113.85,104.83,108.02,18849,0
2014-04-14,109.01,109.97,105.27,107.14,19188,0
2014-04-15,108.35,110.99,105.16,110.0,22064,0
2014-04-16,111.65,113.3,107.25,112.75,18591,0
2014-04-17,113.19,118.03,111.43,113.52,21477,0
2014-04-21,112.86,113.96,110.11,113.52,15635,0
2014-04-22,114.07,116.82,113.3,114.07,19925,0
2014-04-23,118.25,120.66,112.86,114.73,25964,0
2014-04-24,116.37,116.6,110.01,115.72,19011,0
2014-04-25,114.4,114.4,104.5,106.7,32008,0
2014-04-28,53.68,55.99,42.02,42.35,336453,0
2014-04-29,43.12,46.75,42.35,43.12,130825,0
2014-04-30,42.35,44.0,40.92,42.68,59385,0
2014-05-01,42.35,45.54,42.328,42.79,49528,0
2014-05-02,43.449,43.449,41.91,42.9,28348,0
2014-05-05,42.9,43.45,41.58,42.02,36215,0
2014-05-06,41.91,42.9,41.69,42.13,32842,0
2014-05-07,41.91,42.57,39.6,40.15,33356,0
2014-05-08,39.82,41.25,39.38,39.6,23204,0
2014-05-09,39.38,41.58,39.05,41.58,17902,0
2014-05-12,42.02,43.67,41.36,43.01,31164,0
2014-05-13,43.12,43.12,41.36,41.91,23831,0
2014-05-14,41.8,45.1,41.03,43.23,24518,0
2014-05-15,42.68,43.01,41.47,42.02,15318,0
2014-05-16,41.8,42.46,41.36,42.24,10960,0
2014-05-19,41.8,43.89,41.8,42.79,19603,0
2014-05-20,42.79,43.12,41.58,41.8,20256,0
2014-05-21,41.69,42.35,40.48,41.14,17671,0
2014-05-22,41.69,42.13,41.36,42.02,7733,0
2014-05-23,42.02,44.22,41.14,43.01,31168,0
2014-05-27,43.01,46.31,41.91,42.46,34377,0
2014-05-28,42.9,47.63,42.79,45.32,35568,0
2014-05-29,45.65,46.97,42.57,42.9,27742,0
2014-05-30,42.9,44.1,41.03,41.69,16198,0
2014-06-02,41.36,42.13,39.601,39.93,20661,0
2014-06-03,39.6,40.48,37.29,37.51,36353,0
2014-06-04,37.51,40.15,36.41,39.82,16604,0
2014-06-05,40.15,40.15,37.95,39.82,21065,0
2014-06-06,39.93,39.93,38.17,38.61,14643,0
2014-06-09,38.72,39.71,38.61,39.05,16494,0
2014-06-10,39.27,40.04,38.72,39.93,21045,0
2014-06-11,39.93,40.37,39.05,39.6,11139,0
2014-06-12,39.82,40.48,38.83,39.05,21617,0
2014-06-13,38.83,38.94,36.52,36.85,37414,0
2014-06-16,36.41,38.83,35.86,38.5,19834,0
2014-06-17,38.5,39.601,37.73,39.49,14296,0
2014-06-18,39.93,40.481,38.61,39.16,11392,0
2014-06-19,38.83,39.05,38.5,38.72,9907,0
2014-06-20,39.27,40.59,38.72,39.38,22988,0
2014-06-23,39.27,39.6,37.51,39.16,17523,0
2014-06-24,39.49,40.04,37.29,37.62,14256,0
2014-06-25,36.96,38.5,36.85,38.06,12513,0
2014-06-26,38.06,38.17,36.85,37.51,8600,0
2014-06-27,37.51,39.82,37.07,38.5,208649,0
2014-06-30,39.05,41.25,38.5,41.03,34930,0
2014-07-01,40.92,42.24,39.49,40.15,17700,0
2014-07-02,39.82,40.92,39.16,39.82,12373,0
2014-07-03,40.15,41.03,39.6,40.04,4002,0
2014-07-07,39.82,40.7,38.28,38.28,11944,0
2014-07-08,38.28,39.27,35.805,37.51,29173,0
2014-07-09,37.18,38.549,36.741,37.4,14096,0
2014-07-10,37.4,37.73,36.19,37.18,13226,0
2014-07-11,36.85,37.785,35.64,36.74,20973,0
2014-07-14,37.4,37.4,36.575,36.85,4988,0
2014-07-15,36.52,37.51,35.09,35.53,18621,0
2014-07-16,35.75,36.19,35.585,35.97,5244,0
2014-07-17,36.08,36.19,35.419,35.42,10244,0
2014-07-18,35.42,36.3,35.42,35.53,4978,0
2014-07-21,35.42,35.53,33.55,33.88,18005,0
2014-07-22,33.88,34.317,33.11,33.55,8656,0
2014-07-23,33.99,34.98,33.44,34.1,10084,0
2014-07-24,34.43,35.42,33.441,34.98,9805,0
2014-07-25,34.87,35.2,34.1,34.65,5387,0
2014-07-28,34.43,34.65,33.33,33.55,8343,0
2014-07-29,33.66,33.66,31.46,32.78,22087,0
2014-07-30,33.0,34.1,32.34,33.88,7958,0
2014-07-31,33.44,33.44,32.01,33.22,12629,0
2014-08-01,33.33,35.2,31.9,32.12,11558,0
2014-08-04,32.67,32.78,31.9,32.23,5059,0
2014-08-05,31.9,32.78,31.79,31.9,6681,0
2014-08-06,31.9,32.67,31.9,32.12,8576,0
2014-08-07,35.75,36.96,33.55,34.76,49476,0
2014-08-08,35.53,35.75,33.55,34.43,21272,0
2014-08-11,34.87,36.96,34.562,36.3,14968,0
2014-08-12,36.3,36.74,34.21,34.87,12362,0
2014-08-13,35.2,36.3,35.2,36.08,7456,0
2014-08-14,36.41,36.41,35.42,36.3,9360,0
2014-08-15,35.75,36.3,35.64,36.3,7398,0
2014-08-18,35.2,36.63,34.87,36.19,12090,0
2014-08-19,36.08,36.63,35.86,35.97,7251,0
2014-08-20,36.08,36.267,35.31,35.31,3786,0
2014-08-21,35.2,35.64,34.21,34.65,14048,0
2014-08-22,36.3,36.85,34.98,35.97,26195,0
2014-08-25,36.52,37.95,35.53,35.75,36142,0
2014-08-26,36.19,37.29,35.75,37.18,24453,0
2014-08-27,37.51,37.95,35.75,36.3,28859,0
2014-08-28,36.08,37.18,35.75,36.3,9407,0
2014-08-29,36.41,37.18,35.969,36.41,5523,0
2014-09-02,36.41,37.411,36.41,36.52,17410,0
2014-09-03,36.85,36.85,35.2,35.64,17047,0
2014-09-04,35.64,35.97,35.2,35.31,5539,0
2014-09-05,35.2,35.42,34.32,34.32,11043,0
2014-09-08,34.54,35.09,34.32,34.76,5896,0
2014-09-09,34.98,35.86,34.665,34.87,10743,0
2014-09-10,34.87,35.751,34.54,35.42,4665,0
2014-09-11,35.42,35.53,34.65,35.09,6468,0
2014-09-12,34.87,35.2,34.65,34.65,3728,0
2014-09-15,34.65,34.65,33.33,33.77,9360,0
2014-09-16,33.99,34.43,32.01,32.45,30237,0
2014-09-17,32.67,34.87,32.67,33.66,33741,0
2014-09-18,34.21,34.54,32.56,33.0,11873,0
2014-09-19,32.67,33.11,30.36,30.8,53681,0
2014-09-22,30.8,31.9,30.8,31.35,10797,0
2014-09-23,31.35,31.669,30.47,30.47,8227,0
2014-09-24,30.58,31.35,30.58,30.58,6188,0
2014-09-25,30.69,31.02,30.25,30.47,13869,0
2014-09-26,30.47,31.13,30.47,31.02,5438,0
2014-09-29,30.69,31.35,30.25,30.69,9030,0
2014-09-30,30.8,30.8,28.93,29.37,16846,0
2014-10-01,29.04,29.04,27.17,27.5,17345,0
2014-10-02,27.72,28.27,27.5,27.94,9900,0
2014-10-03,27.94,28.49,27.17,27.28,5856,0
2014-10-06,27.61,27.61,26.84,26.95,7528,0
2014-10-07,26.73,27.06,25.85,26.18,6844,0
2014-10-08,25.63,26.29,24.64,25.74,9961,0
2014-10-09,25.41,25.52,24.75,25.08,7122,0
2014-10-10,24.75,24.97,23.98,24.2,10381,0
2014-10-13,23.87,24.145,23.32,23.76,6358,0
2014-10-14,24.2,24.64,23.98,24.42,4584,0
2014-10-15,24.2,25.08,23.1,24.53,20026,0
2014-10-16,23.54,25.96,23.32,23.54,9441,0
2014-10-17,23.98,24.794,23.76,24.2,10341,0
2014-10-20,23.76,24.53,23.65,23.87,5533,0
2014-10-21,23.87,24.53,23.325,24.2,5605,0
2014-10-22,24.64,24.86,23.87,24.09,6988,0
2014-10-23,24.53,25.3,23.98,24.2,6991,0
2014-10-24,24.53,24.859,23.65,23.87,5448,0
2014-10-27,23.76,24.31,23.54,24.31,3338,0
2014-10-28,24.2,24.75,23.65,24.199,22691,0
2014-10-29,24.31,29.37,23.98,26.73,8967,0
2014-10-30,26.95,26.95,24.31,24.75,14577,0
2014-10-31,24.75,25.52,24.2,24.64,49282,0
2014-11-03,25.3,26.62,25.191,25.63,26529,0
2014-11-04,25.41,25.959,24.75,24.86,17826,0
2014-11-05,25.19,25.52,23.76,23.76,18107,0
2014-11-06,23.98,24.31,23.43,24.2,7316,0
2014-11-07,23.87,24.31,23.54,23.98,8430,0
2014-11-10,23.65,23.98,22.88,23.43,7553,0
2014-11-11,23.65,23.87,23.1,23.65,7965,0
2014-11-12,23.65,23.98,23.1,23.98,8606,0
2014-11-13,23.65,24.2,23.1,23.65,14089,0
2014-11-14,23.32,24.2,23.21,23.98,5422,0
2014-11-17,24.09,24.42,23.551,24.2,9031,0
2014-11-18,23.98,24.09,23.32,23.54,10570,0
2014-11-19,23.32,23.98,22.88,23.1,9692,0
2014-11-20,22.88,23.1,22.55,22.55,22756,0
2014-11-21,22.99,23.65,22.77,23.1,12121,0
2014-11-24,23.1,23.87,22.771,23.1,12612,0
2014-11-25,23.32,23.76,22.77,22.99,4691,0
2014-11-26,22.77,23.43,22.77,23.21,5550,0
2014-11-28,23.1,23.65,22.88,23.21,4354,0
2014-12-01,23.32,23.87,22.77,22.99,11110,0
2014-12-02,23.1,25.63,22.783,25.3,51142,0
2014-12-03,25.85,27.72,24.2,25.41,73636,0
2014-12-04,25.08,25.52,24.53,25.08,15623,0
2014-12-05,25.3,25.63,24.2,25.41,6381,0
2014-12-08,24.75,26.18,24.53,25.08,11748,0
2014-12-09,24.75,25.3,24.2,24.86,5922,0
2014-12-10,24.86,25.41,24.2,24.2,24558,0
2014-12-11,24.42,26.015,24.2,25.74,23695,0
2014-12-12,25.08,26.73,24.75,25.3,18171,0
2014-12-15,25.19,26.73,24.201,24.42,13451,0
2014-12-16,24.53,25.85,24.31,24.75,6540,0
2014-12-17,24.53,25.74,24.42,24.53,24795,0
2014-12-18,24.42,25.41,24.42,25.08,25419,0
2014-12-19,25.63,25.74,21.78,22.33,176050,0
2014-12-22,22.88,23.419,22.55,22.99,54405,0
2014-12-23,23.65,23.87,22.77,23.54,42189,0
2014-12-24,23.65,23.65,23.1,23.1,8182,0
2014-12-26,23.1,25.19,23.1,24.2,52101,0
2014-12-29,23.87,24.64,23.65,23.87,37090,0
2014-12-30,24.75,24.75,23.65,24.53,102729,0
2014-12-31,24.31,25.41,24.2,25.19,134797,0
2015-01-02,25.19,25.63,24.97,25.52,72348,0
2015-01-05,25.85,25.96,25.3,25.63,28478,0
2015-01-06,25.85,25.85,24.53,25.19,23919,0
2015-01-07,25.41,25.52,25.08,25.52,18026,0
2015-01-08,25.63,25.85,25.3,25.3,17347,0
2015-01-09,25.08,25.52,25.079,25.19,8256,0
2015-01-12,25.41,25.85,24.97,25.3,15928,0
2015-01-13,25.41,25.85,24.2,24.31,27544,0
2015-01-14,24.53,25.63,24.2,25.08,17646,0
2015-01-15,25.3,25.3,24.09,24.42,23480,0
2015-01-16,24.75,25.85,24.666,25.3,56054,0
2015-01-20,25.52,25.52,24.53,24.952,10683,0
2015-01-21,24.84,24.97,24.2,24.53,15718,0
2015-01-22,24.2,24.2,22.22,22.66,45434,0
2015-01-23,22.66,23.32,22.439,22.99,16972,0
2015-01-26,23.1,23.32,22.44,23.21,21432,0
2015-01-27,22.88,23.32,22.33,22.88,16794,0
2015-01-28,23.1,23.1,22.11,22.33,12546,0
2015-01-29,22.55,22.55,21.45,22.22,18427,0
2015-01-30,21.78,22.33,21.78,22.11,7898,0
2015-02-02,22.44,22.55,21.56,22.55,17301,0
2015-02-03,22.44,22.55,22.0,22.0,15227,0
2015-02-04,22.0,22.22,21.12,21.45,21866,0
2015-02-05,21.67,22.275,21.34,22.0,25289,0
2015-02-06,22.33,22.55,21.89,22.33,13065,0
2015-02-09,22.33,22.99,22.22,22.88,14552,0
2015-02-10,23.32,23.98,22.99,23.43,13223,0
2015-02-11,23.21,23.65,22.77,23.65,9552,0
2015-02-12,23.43,23.76,22.88,23.21,14004,0
2015-02-13,23.1,23.65,22.44,22.66,19595,0
2015-02-17,22.77,24.389,22.77,23.65,20594,0
2015-02-18,23.87,24.64,23.65,24.31,16785,0
2015-02-19,24.75,25.3,23.925,24.75,16590,0
2015-02-20,24.97,25.3,24.53,24.97,8510,0
2015-02-23,25.08,25.08,24.53,24.64,6154,0
2015-02-24,24.64,25.08,23.76,23.76,14324,0
2015-02-25,23.54,24.97,23.101,24.42,4459,0
2015-02-26,24.64,25.63,23.21,25.19,16495,0
2015-02-27,25.41,25.96,24.75,25.245,10218,0
2015-03-02,25.63,27.06,25.41,26.51,29200,0
2015-03-03,26.51,29.92,26.4,28.6,126545,0
2015-03-04,28.71,30.58,28.05,28.82,58645,0
2015-03-05,29.15,29.59,28.38,28.49,26191,0
2015-03-06,28.49,28.49,26.07,26.95,31882,0
2015-03-09,27.39,27.39,24.75,25.63,50436,0
2015-03-10,25.3,25.63,24.86,24.86,17527,0
2015-03-11,25.08,25.08,23.87,24.64,15091,0
2015-03-12,24.75,24.97,23.98,24.97,12109,0
2015-03-13,25.3,27.39,25.3,26.18,37982,0
2015-03-16,25.96,26.18,24.42,25.41,17600,0
2015-03-17,25.63,25.63,24.2,25.41,14655,0
2015-03-18,24.97,25.96,24.75,25.52,11909,0
2015-03-19,25.74,27.06,25.3,27.06,18845,0
2015-03-20,27.39,27.5,25.08,25.3,26318,0
2015-03-23,25.08,26.07,24.86,25.85,14936,0
2015-03-24,25.63,27.06,25.3,25.74,11409,0
2015-03-25,26.18,26.62,24.42,24.97,16618,0
2015-03-26,24.31,24.97,23.32,24.31,19673,0
2015-03-27,23.65,24.64,23.1,23.65,9082,0
2015-03-30,23.65,24.2,22.55,23.65,24045,0
2015-03-31,23.65,23.98,22.55,23.65,6995,0
2015-04-01,23.54,23.54,22.66,22.88,8973,0
2015-04-02,22.99,23.87,22.66,23.54,9164,0
2015-04-06,23.32,23.98,23.32,23.65,9191,0
2015-04-07,23.87,25.52,23.76,25.3,21051,0
2015-04-08,25.52,26.29,25.08,26.29,12909,0
2015-04-09,26.62,26.827,24.971,25.3,13140,0
2015-04-10,25.41,26.4,25.3,26.29,15455,0
2015-04-13,26.07,26.4,25.41,25.96,7245,0
2015-04-14,25.74,26.18,25.41,26.07,2745,0
2015-04-15,26.07,26.4,25.3,25.52,10583,0
2015-04-16,25.52,25.52,24.31,25.3,10999,0
2015-04-17,24.86,25.41,24.42,24.97,3918,0
2015-04-20,24.86,25.08,23.32,23.54,10721,0
2015-04-21,23.32,23.87,22.55,23.43,15190,0
2015-04-22,23.21,23.65,22.66,23.21,6183,0
2015-04-23,23.1,23.76,23.1,23.65,5318,0
2015-04-24,23.65,24.42,22.88,24.09,6669,0
2015-04-27,25.08,25.08,23.32,23.76,15191,0
2015-04-28,23.32,24.09,22.77,23.76,6808,0
2015-04-29,23.65,24.09,22.99,22.99,5100,0
2015-04-30,23.21,23.21,22.0,22.11,23755,0
2015-05-01,22.0,23.21,19.47,21.67,29082,0
2015-05-04,21.67,22.44,21.01,22.0,12345,0
2015-05-05,21.67,22.11,20.57,21.12,13664,0
2015-05-06,21.12,21.34,20.68,20.9,14384,0
2015-05-07,20.9,21.12,20.68,21.01,12518,0
2015-05-08,20.9,21.34,20.68,20.9,9755,0
2015-05-11,20.79,21.23,19.14,19.58,49773,0
2015-05-12,19.36,20.02,19.195,19.58,22986,0
2015-05-13,19.91,20.02,19.36,19.47,7236,0
2015-05-14,19.36,20.24,19.36,19.91,10073,0
2015-05-15,20.13,21.45,19.8,21.45,20553,0
2015-05-18,21.01,21.12,20.02,20.68,22392,0
2015-05-19,20.24,20.79,20.24,20.46,6581,0
2015-05-20,20.79,21.78,19.8,20.79,30809,0
2015-05-21,20.46,21.56,20.46,20.79,26036,0
2015-05-22,20.9,21.01,20.13,20.35,8973,0
2015-05-26,20.24,25.3,20.24,23.76,108700,0
2015-05-27,24.86,25.08,22.33,25.08,44527,0
2015-05-28,25.3,25.3,23.1,23.76,20293,0
2015-05-29,23.76,24.2,22.77,23.32,14936,0
2015-06-01,23.76,30.25,23.32,25.3,258776,0
2015-06-02,24.97,25.52,24.2,24.64,29815,0
2015-06-03,24.97,25.96,23.87,25.52,29536,0
2015-06-04,25.74,28.49,24.86,27.61,180100,0
2015-06-05,28.49,30.25,27.28,29.15,115345,0
2015-06-08,29.37,30.03,27.94,28.82,45418,0
2015-06-09,28.49,28.71,27.61,28.6,21066,0
2015-06-10,33.0,34.1,30.25,30.69,161991,0
2015-06-11,30.36,30.545,29.062,30.36,37135,0
2015-06-12,30.58,30.91,29.37,30.25,26600,0
2015-06-15,30.8,30.8,29.48,30.36,13473,0
2015-06-16,30.36,30.36,29.37,29.59,16027,0
2015-06-17,29.48,30.8,29.37,30.14,26836,0
2015-06-18,30.47,30.69,30.03,30.47,25782,0
2015-06-19,30.8,31.13,29.37,30.25,35436,0
2015-06-22,30.69,31.57,30.03,30.8,30027,0
2015-06-23,31.13,31.57,29.81,30.03,16013,0
2015-06-24,30.25,30.25,27.61,27.94,42327,0
2015-06-25,27.72,28.27,27.17,27.17,21618,0
2015-06-26,27.06,27.83,25.41,26.4,27218,0
2015-06-29,26.84,26.84,24.53,24.75,34627,0
2015-06-30,24.75,26.4,24.75,25.63,23159,0
2015-07-01,25.96,26.62,24.97,25.52,22973,0
2015-07-02,25.3,25.96,24.2,24.75,26355,0
2015-07-06,24.42,24.75,23.32,24.42,26891,0
2015-07-07,24.2,24.75,23.1,24.31,15727,0
2015-07-08,24.09,24.2,22.11,22.44,21364,0
2015-07-09,23.43,23.43,22.33,23.1,18691,0
2015-07-10,23.54,25.08,22.88,24.53,23873,0
2015-07-13,26.95,27.28,24.2,25.3,106164,0
2015-07-14,25.08,26.4,25.08,26.07,32710,0
2015-07-15,27.94,29.48,25.63,27.28,180067,0
2015-07-16,27.72,31.68,27.61,30.91,179727,0
2015-07-17,31.35,31.9,28.82,29.92,65582,0
2015-07-20,29.92,31.24,28.71,31.24,78909,0
2015-07-21,31.46,33.66,31.13,31.9,125364,0
2015-07-22,31.57,34.65,29.26,34.1,121218,0
2015-07-23,34.1,34.76,31.46,32.78,76609,0
2015-07-24,32.34,35.64,30.91,34.43,117291,0
2015-07-27,38.72,39.71,35.42,39.6,403464,0
2015-07-28,41.14,45.1,38.06,38.61,305191,0
2015-07-29,39.38,39.6,33.0,35.42,154082,0
2015-07-30,36.52,37.29,33.55,35.64,75636,0
2015-07-31,35.64,38.94,34.76,37.95,112655,0
2015-08-03,37.62,37.95,33.55,34.65,84546,0
2015-08-04,35.31,36.52,33.88,35.09,78945,0
2015-08-05,35.64,36.19,32.23,33.55,83964,0
2015-08-06,33.55,34.32,29.92,33.44,106246,0
2015-08-07,32.23,33.88,31.24,33.44,66218,0
2015-08-10,34.98,35.75,32.56,35.53,64191,0
2015-08-11,34.76,36.3,33.11,34.65,59863,0
2015-08-12,33.99,36.19,32.45,35.09,72045,0
2015-08-13,35.75,36.3,34.21,34.98,63909,0
2015-08-14,33.0,34.1,31.02,32.45,95727,0
2015-08-17,32.01,32.67,30.25,31.46,71864,0
2015-08-18,31.9,32.34,29.48,29.59,55473,0
2015-08-19,29.26,32.45,25.19,30.8,155236,0
2015-08-20,28.49,29.7,27.06,27.5,48064,0
2015-08-21,26.84,27.72,25.63,27.17,34936,0
2015-08-24,24.09,27.225,15.18,24.86,101925,0
2015-08-25,26.4,26.51,23.43,23.65,64109,0
2015-08-26,23.32,24.31,21.78,23.32,56918,0
2015-08-27,23.98,31.57,23.87,28.71,168645,0
2015-08-28,27.72,31.24,27.61,29.48,75091,0
2015-08-31,29.48,35.42,29.37,32.01,172427,0
2015-09-01,31.35,33.66,29.59,32.12,69573,0
2015-09-02,33.0,35.2,31.9,34.76,55491,0
2015-09-03,34.32,37.18,32.23,33.66,84791,0
2015-09-04,33.0,33.44,29.15,30.25,90382,0
2015-09-08,30.36,31.35,28.6,29.48,42755,0
2015-09-09,30.25,30.25,28.05,28.27,35745,0
2015-09-10,28.49,29.81,27.5,29.48,45052,0
2015-09-11,29.7,29.7,28.05,28.82,18209,0
2015-09-14,28.82,28.82,26.62,27.61,23591,0
2015-09-15,27.39,28.6,26.84,27.72,21436,0
2015-09-16,28.05,28.05,26.84,27.72,14200,0
2015-09-17,28.05,31.79,27.934,31.02,53858,0
2015-09-18,31.02,32.67,30.47,32.12,52464,0
2015-09-21,33.0,34.43,29.81,32.23,58727,0
2015-09-22,31.9,32.78,29.92,32.12,21482,0
2015-09-23,26.07,28.38,23.54,27.5,218832,0
2015-09-24,27.5,30.25,25.3,29.81,68183,0
2015-09-25,29.81,29.81,25.85,27.28,74182,0
2015-09-28,29.26,31.13,24.695,25.3,150878,0
2015-09-29,25.3,26.4,23.43,24.31,44582,0
2015-09-30,24.64,26.29,23.21,24.53,50773,0
2015-10-01,24.97,24.97,23.1,24.53,32791,0
2015-10-02,23.98,26.29,23.54,25.19,42109,0
2015-10-05,25.3,26.026,23.98,24.86,18414,0
2015-10-06,24.75,25.41,22.66,23.54,56264,0
2015-10-07,23.54,25.08,22.88,24.86,38000,0
2015-10-08,25.41,25.41,23.54,24.09,20336,0
2015-10-09,24.2,25.41,23.87,24.86,25936,0
2015-10-12,24.75,25.3,23.1,23.21,24842,0
2015-10-13,23.1,25.08,23.1,23.65,21764,0
2015-10-14,24.09,24.09,22.77,22.99,16027,0
2015-10-15,23.1,24.97,22.77,24.75,28673,0
2015-10-16,24.97,26.4,24.53,24.86,30564,0
2015-10-19,24.64,25.63,24.64,25.19,13701,0
2015-10-20,24.86,25.74,23.76,24.2,12989,0
2015-10-21,24.53,25.3,23.1,24.31,30700,0
2015-10-22,24.31,25.19,23.1,23.65,22991,0
2015-10-23,23.98,24.64,23.21,23.87,12809,0
2015-10-26,23.98,24.75,23.54,23.76,15473,0
2015-10-27,24.42,24.42,23.32,23.54,11545,0
2015-10-28,23.65,25.41,23.43,24.42,23109,0
2015-10-29,24.64,26.18,23.43,23.65,23282,0
2015-10-30,23.65,24.2,22.77,22.77,29891,0
2015-11-02,22.88,23.319,21.34,21.78,53898,0
2015-11-03,22.44,22.88,21.12,22.33,33545,0
2015-11-04,21.89,24.2,21.78,23.76,48081,0
2015-11-05,24.75,24.75,22.66,22.99,30355,0
2015-11-06,24.31,25.85,23.1,24.86,65591,0
2015-11-09,24.97,26.73,24.2,25.74,49043,0
2015-11-10,25.08,25.63,24.75,25.41,18664,0
2015-11-11,25.19,25.3,24.31,24.86,22136,0
2015-11-12,24.53,25.96,24.42,24.86,18018,0
2015-11-13,23.65,28.16,23.1,27.28,59655,0
2015-11-16,27.06,28.16,26.18,26.95,18982,0
2015-11-17,26.73,27.39,25.74,25.85,12955,0
2015-11-18,25.63,26.73,25.41,25.52,15291,0
2015-11-19,25.52,25.85,24.97,25.3,11700,0
2015-11-20,25.3,25.63,24.75,25.08,17045,0
2015-11-23,24.97,26.95,24.53,26.29,28955,0
2015-11-24,25.96,28.05,25.19,27.28,21000,0
2015-11-25,27.61,30.58,27.5,29.04,39773,0
2015-11-27,29.26,30.8,29.15,30.03,20791,0
2015-11-30,29.37,30.03,28.16,28.38,29173,0
2015-12-01,28.82,29.7,28.49,28.82,34530,0
2015-12-02,19.8,21.23,16.5,17.93,305638,0
2015-12-03,17.6,18.15,14.3,15.51,150455,0
2015-12-04,14.96,15.51,13.2,13.31,126709,0
2015-12-07,13.2,14.08,12.76,12.76,74955,0
2015-12-08,12.76,13.31,12.21,12.87,63280,0
2015-12-09,14.08,15.18,12.65,12.98,123364,0
2015-12-10,13.2,13.53,12.54,12.65,43027,0
2015-12-11,12.43,13.2,12.43,12.87,38236,0
2015-12-14,12.87,13.2,12.32,12.54,54873,0
2015-12-15,12.43,12.98,12.32,12.65,48936,0
2015-12-16,12.21,12.98,12.21,12.65,37573,0
2015-12-17,12.54,13.97,12.54,13.09,46073,0
2015-12-18,12.87,13.64,12.65,12.98,34373,0
2015-12-21,12.98,13.31,12.76,13.09,22045,0
2015-12-22,13.09,13.365,12.65,12.65,35525,0
2015-12-23,12.98,13.2,12.98,13.2,24155,0
2015-12-24,12.98,13.31,12.87,13.09,8224,0
2015-12-28,13.2,13.31,12.76,13.09,23983,0
2015-12-29,13.31,13.31,12.65,12.98,31431,0
2015-12-30,12.76,13.2,12.76,13.2,25686,0
2015-12-31,13.31,13.86,12.98,13.31,46597,0
2016-01-04,12.65,13.53,12.65,12.87,15621,0
2016-01-05,13.2,13.42,12.76,13.42,18964,0
2016-01-06,13.31,13.31,12.43,12.98,16526,0
2016-01-07,12.32,12.98,11.55,12.32,79548,0
2016-01-08,12.32,12.32,10.947,11.22,83888,0
2016-01-11,11.0,11.55,9.02,9.4094,101835,0
2016-01-12,9.834,10.007,9.0662,9.0662,28488,0
2016-01-13,9.35,9.4545,8.25,8.25,41730,0
2016-01-14,8.14,9.2037,7.48,7.832,51131,0
2016-01-15,7.92,8.558,7.37,7.535,24388,0
2016-01-19,7.7,8.58,7.59,7.92,36782,0
2016-01-20,7.92,8.4689,7.557,8.3215,18308,0
2016-01-21,6.71,7.59,5.005,7.59,134188,0
2016-01-22,7.81,9.57,7.205,8.25,32881,0
2016-01-25,8.69,9.02,7.7561,7.92,13993,0
2016-01-26,7.7,8.03,6.8398,7.15,19563,0
2016-01-27,7.216,7.909,6.7133,6.82,24357,0
2016-01-28,7.26,7.26,6.38,6.9619,10366,0
2016-01-29,6.93,7.92,6.93,7.26,9844,0
2016-02-01,7.04,7.788,6.93,7.26,9422,0
2016-02-02,7.04,7.5075,6.82,6.8211,11350,0
2016-02-03,6.82,9.57,6.82,8.635,20638,0
2016-02-04,8.03,8.6328,7.7,8.5822,12750,0
2016-02-05,8.69,9.3654,7.15,7.8232,15898,0
2016-02-08,7.81,7.8111,6.6,7.1489,14170,0
2016-02-09,7.26,7.689,6.688,7.0774,4727,0
2016-02-10,6.831,7.095,6.6,6.71,11117,0
2016-02-11,6.6,6.8574,6.0665,6.16,18517,0
2016-02-12,6.38,7.37,6.0973,6.8233,7094,0
2016-02-16,7.139,7.139,6.468,6.49,4890,0
2016-02-17,6.38,7.1467,6.193,6.8915,19341,0
2016-02-18,6.6,7.0587,6.3976,6.8596,12806,0
2016-02-19,7.0378,7.0389,6.3811,6.49,5622,0
2016-02-22,6.688,6.8255,6.3822,6.3822,11543,0
2016-02-23,6.49,6.71,6.49,6.71,5246,0
2016-02-24,6.82,6.93,6.49,6.93,16969,0
2016-02-25,6.765,6.9828,6.6,6.6011,6151,0
2016-02-26,6.71,6.82,6.6,6.8189,3874,0
2016-02-29,6.71,6.9289,6.6,6.6,6199,0
2016-03-01,6.82,6.93,6.6,6.6,8491,0
2016-03-02,6.6,7.1489,6.6,7.084,8890,0
2016-03-03,7.15,7.5559,7.0389,7.3766,10769,0
2016-03-04,7.48,8.69,7.4734,8.25,16607,0
2016-03-07,8.8,9.9,8.69,9.35,33609,0
2016-03-08,9.57,9.575,8.47,8.5921,10584,0
2016-03-09,8.91,9.0178,8.03,8.47,6480,0
2016-03-10,10.56,10.56,8.47,8.58,25495,0
2016-03-11,8.69,9.1355,8.69,8.91,1721,0
2016-03-14,9.13,9.68,8.9111,9.3852,7474,0
2016-03-15,9.68,9.68,8.69,9.13,11817,0
2016-03-16,9.46,9.569,8.69,8.965,8006,0
2016-03-17,8.69,9.13,8.58,8.6955,7787,0
2016-03-18,8.91,9.02,8.5591,8.778,6072,0
2016-03-21,8.8,9.075,8.3611,8.3611,7242,0
2016-03-22,8.58,9.13,8.25,8.47,11489,0
2016-03-23,8.69,8.8,8.25,8.47,4240,0
2016-03-24,8.58,8.91,8.36,8.91,4081,0
2016-03-28,8.69,8.9089,7.9211,7.931,8187,0
2016-03-29,8.91,9.02,7.92,7.92,4763,0
2016-03-30,8.14,8.25,7.81,8.03,3381,0
2016-03-31,8.0993,8.25,7.48,7.5185,16630,0
2016-04-01,7.59,8.558,7.48,8.03,6432,0
2016-04-04,8.36,8.69,8.03,8.4579,5556,0
2016-04-05,8.47,8.5162,7.92,8.2731,4020,0
2016-04-06,7.92,8.5756,7.81,8.03,7982,0
2016-04-07,8.36,8.3611,7.92,8.0344,7354,0
2016-04-08,8.448,8.4689,7.59,7.92,11108,0
2016-04-11,8.1279,8.2544,7.92,7.92,4968,0
2016-04-12,7.92,8.8,7.92,8.25,7741,0
2016-04-13,8.47,8.9914,8.0322,8.58,20199,0
2016-04-14,8.91,9.13,8.58,9.097,12293,0
2016-04-15,9.13,9.622,8.8,9.24,9370,0
2016-04-18,8.965,9.35,8.91,8.9617,5628,0
2016-04-19,8.91,9.0189,8.47,8.5646,7818,0
2016-04-20,8.69,9.2026,7.81,8.1609,11834,0
2016-04-21,8.294,8.8,8.03,8.58,11061,0
2016-04-22,8.69,9.68,8.25,9.46,22006,0
2016-04-25,9.35,12.98,9.35,11.88,225429,0
2016-04-26,12.98,15.619,12.43,14.52,1122563,0
2016-04-27,14.52,15.07,11.99,12.21,275680,0
2016-04-28,12.32,12.32,10.45,11.11,128248,0
2016-04-29,11.0,11.55,10.67,10.725,47544,0
2016-05-02,10.56,10.725,10.011,10.011,26539,0
2016-05-03,10.12,12.099,9.927,11.33,107086,0
2016-05-04,11.0,12.54,10.67,11.44,98240,0
2016-05-05,11.77,11.823,10.593,10.67,38857,0
2016-05-06,10.56,10.978,9.46,10.56,55583,0
2016-05-09,10.45,10.451,9.68,10.01,12308,0
2016-05-10,10.34,10.34,9.57,10.119,14853,0
2016-05-11,9.9,10.073,9.35,9.35,15867,0
2016-05-12,9.636,9.79,8.69,9.13,24651,0
2016-05-13,9.02,9.586,8.8,9.2884,16416,0
2016-05-16,9.2884,10.34,9.0981,9.79,17653,0
2016-05-17,9.9,10.34,9.57,9.9,16631,0
2016-05-18,9.9,11.44,9.9,10.945,48895,0
2016-05-19,10.945,11.55,9.79,9.9,31524,0
2016-05-20,9.9,10.12,9.79,9.79,13323,0
2016-05-23,9.9,11.11,9.79,9.901,27905,0
2016-05-24,10.23,10.67,10.01,10.67,15002,0
2016-05-25,11.0,11.55,10.23,11.22,70860,0
2016-05-26,11.33,11.77,10.45,11.0,39557,0
2016-05-27,10.78,11.11,10.12,10.67,16510,0
2016-05-31,10.78,11.33,10.252,11.0,14208,0
2016-06-01,11.33,11.55,10.597,11.549,21818,0
2016-06-02,11.44,13.42,11.44,12.87,154693,0
2016-06-03,13.75,14.52,12.76,13.2,157501,0
2016-06-06,13.53,13.97,11.77,13.09,62716,0
2016-06-07,12.87,13.09,11.99,12.32,24709,0
2016-06-08,12.21,12.539,11.88,12.1,23184,0
2016-06-09,12.1,12.1,11.0,11.11,43904,0
2016-06-10,11.0,12.54,11.0,11.88,54963,0
2016-06-13,11.55,11.769,11.11,11.44,23770,0
2016-06-14,11.22,12.87,11.11,11.88,29525,0
2016-06-15,11.99,12.1,11.22,11.55,21860,0
2016-06-16,11.33,11.77,11.11,11.22,19760,0
2016-06-17,11.22,11.88,11.11,11.88,42261,0
2016-06-20,12.54,12.54,11.22,11.66,25091,0
2016-06-21,11.66,11.66,11.11,11.22,15595,0
2016-06-22,11.201,11.55,11.11,11.33,7805,0
2016-06-23,11.55,11.55,11.22,11.22,6294,0
2016-06-24,11.0,11.22,10.671,10.78,34288,0
2016-06-27,10.23,10.78,10.021,10.45,18684,0
2016-06-28,10.91,11.0,10.557,10.967,5357,0
2016-06-29,11.11,11.66,11.0,11.44,19994,0
2016-06-30,11.55,11.55,11.0,11.0,7158,0
2016-07-01,11.33,11.33,10.89,11.22,15783,0
2016-07-05,11.33,11.33,11.0,11.11,7409,0
2016-07-06,11.22,11.33,10.89,11.22,8689,0
2016-07-07,11.11,11.33,11.0,11.0,6881,0
2016-07-08,11.22,11.33,10.934,11.22,9532,0
2016-07-11,11.11,11.33,10.45,10.56,15369,0
2016-07-12,10.45,11.219,10.45,10.904,8167,0
2016-07-13,10.904,10.904,10.56,10.866,7420,0
2016-07-14,10.67,10.854,10.01,10.472,12462,0
2016-07-15,10.67,10.67,10.155,10.45,5355,0
2016-07-18,10.78,10.78,10.01,10.67,12288,0
2016-07-19,10.23,10.747,10.12,10.23,4057,0
2016-07-20,10.34,10.56,10.01,10.56,4133,0
2016-07-21,10.56,10.56,10.01,10.12,7936,0
2016-07-22,10.428,10.438,9.9,9.9,7573,0
2016-07-25,9.9,10.212,9.1311,9.218,17247,0
2016-07-26,9.24,9.943,9.24,9.57,7361,0
2016-07-27,9.68,9.68,9.273,9.46,8426,0
2016-07-28,9.68,10.45,9.46,10.131,11756,0
2016-07-29,10.45,10.45,9.79,9.79,13672,0
2016-08-01,9.9,10.89,9.79,10.67,6200,0
2016-08-02,10.34,10.78,9.542,9.9,5379,0
2016-08-03,9.57,10.45,9.57,10.304,2214,0
2016-08-04,10.01,10.78,9.24,9.68,14186,0
2016-08-05,9.68,10.065,9.35,9.89,9796,0
2016-08-08,9.9,10.275,9.4611,9.79,10377,0
2016-08-09,9.68,10.67,9.2433,9.779,9251,0
2016-08-10,9.482,10.048,9.35,9.68,8730,0
2016-08-11,9.482,9.956,9.46,9.648,4065,0
2016-08-12,9.643,10.01,9.506,9.57,11520,0
2016-08-15,9.35,10.286,9.35,9.885,14856,0
2016-08-16,6.2623,6.38,5.0611,5.8245,398377,0
2016-08-17,5.5,5.7915,5.2833,5.72,98470,0
2016-08-18,5.544,6.82,5.544,6.0599,72109,0
2016-08-19,6.028,6.369,5.9785,6.325,23222,0
2016-08-22,6.38,6.49,6.0555,6.3811,15368,0
2016-08-23,6.38,6.93,6.38,6.622,41210,0
2016-08-24,6.71,6.8926,6.49,6.6077,21272,0
2016-08-25,6.71,6.93,6.38,6.3811,15537,0
2016-08-26,6.38,6.8134,5.72,6.325,27926,0
2016-08-29,6.138,6.38,5.94,6.0511,10763,0
2016-08-30,6.05,6.5318,5.9411,6.27,15263,0
2016-08-31,6.16,6.3041,5.94,5.94,25078,0
2016-09-01,5.94,6.27,5.742,6.0489,7490,0
2016-09-02,5.83,6.028,5.5,5.83,20235,0
2016-09-06,5.83,6.05,5.5022,5.6111,19382,0
2016-09-07,5.72,5.995,5.6111,5.6551,21559,0
2016-09-08,5.6221,6.05,5.6221,5.94,13862,0
2016-09-09,5.6793,6.006,5.6221,5.8201,6375,0
2016-09-12,5.6221,5.808,5.588,5.709,25855,0
2016-09-13,5.72,5.72,5.4604,5.676,13647,0
2016-09-14,5.5,5.72,5.5,5.6243,13461,0
2016-09-15,5.61,5.94,5.5088,5.665,36388,0
2016-09-16,5.5286,5.885,5.5286,5.599,21486,0
2016-09-19,5.599,5.72,5.39,5.709,13560,0
2016-09-20,5.5,5.7079,5.4065,5.5979,13253,0
2016-09-21,5.5,5.61,5.5,5.5,20484,0
2016-09-22,5.61,5.61,5.28,5.5,18207,0
2016-09-23,5.5,5.61,5.3911,5.588,7690,0
2016-09-26,5.39,5.61,5.3361,5.39,5630,0
2016-09-27,5.4439,5.5924,5.39,5.5869,7758,0
2016-09-28,5.5044,5.5044,5.39,5.3911,7986,0
2016-09-29,5.5,5.555,5.06,5.06,15663,0
2016-09-30,5.06,5.5836,5.06,5.577,19477,0
2016-10-03,5.588,5.588,4.752,5.17,33036,0
2016-10-04,4.95,5.082,4.84,4.84,9450,0
2016-10-05,4.95,5.06,4.84,5.06,12894,0
2016-10-06,4.95,5.2239,4.51,4.708,45202,0
2016-10-07,4.565,4.84,4.51,4.84,22239,0
2016-10-10,4.95,5.0589,4.62,4.62,11425,0
2016-10-11,4.5155,4.95,4.51,4.763,19936,0
2016-10-12,4.785,5.1458,4.6332,4.928,15879,0
2016-10-13,4.3824,4.9148,4.18,4.4,57338,0
2016-10-14,4.51,4.598,4.18,4.3989,11692,0
2016-10-17,4.4,4.4,3.96,4.081,33400,0
2016-10-18,3.9655,4.18,3.762,3.8445,42737,0
2016-10-19,3.641,4.246,3.641,3.8555,34953,0
2016-10-20,4.07,4.18,3.7543,4.125,16535,0
2016-10-21,4.147,4.455,4.07,4.455,40478,0
2016-10-24,4.455,4.455,4.0711,4.0711,14552,0
2016-10-25,4.0755,4.4,4.0755,4.0755,7120,0
2016-10-26,5.907,7.722,5.5,6.05,1095274,0
2016-10-27,5.83,5.83,4.961,5.0589,144561,0
2016-10-28,5.0721,5.17,4.62,4.7289,54887,0
2016-10-31,4.84,5.082,4.4396,4.62,24060,0
2016-11-01,4.7113,4.84,4.18,4.2812,30044,0
2016-11-02,4.18,4.5925,3.96,4.0711,27634,0
2016-11-03,4.147,4.29,3.8544,4.0282,10306,0
2016-11-04,3.9611,4.73,3.861,4.29,28801,0
2016-11-07,4.4,4.84,4.18,4.3989,13561,0
2016-11-08,4.4,4.62,4.0172,4.62,13531,0
2016-11-09,4.4,4.51,3.9677,4.323,4598,0
2016-11-10,4.5386,4.6101,4.18,4.6101,14265,0
2016-11-11,4.8279,4.8279,4.1965,4.4,10445,0
2016-11-14,4.4264,4.7861,4.4264,4.719,13670,0
2016-11-15,4.73,4.8279,4.6332,4.73,16077,0
2016-11-16,4.73,5.17,4.4,4.972,75399,0
2016-11-17,4.961,5.1007,4.8521,4.895,20860,0
2016-11-18,5.39,5.39,5.06,5.3823,34841,0
2016-11-21,5.39,5.39,5.06,5.17,32006,0
2016-11-22,5.17,5.17,4.95,5.005,10870,0
2016-11-23,5.39,5.39,4.95,5.06,4353,0
2016-11-25,5.005,5.39,5.005,5.39,18480,0
2016-11-28,5.39,6.82,5.3889,6.666,163997,0
2016-11-29,6.611,6.6462,5.423,5.5825,89438,0
2016-11-30,5.5,5.83,5.06,5.06,43846,0
2016-12-01,4.84,5.06,4.73,4.8928,19365,0
2016-12-02,5.06,5.3724,4.73,4.95,15895,0
2016-12-05,5.06,5.368,4.9489,5.1359,19655,0
2016-12-06,4.961,5.478,4.961,5.038,29584,0
2016-12-07,5.0743,5.1579,4.521,4.9577,29441,0
2016-12-08,5.06,5.3295,4.8411,5.1051,49734,0
2016-12-09,5.159,6.2568,4.9841,5.61,106465,0
2016-12-12,5.489,5.94,5.28,5.588,33015,0
2016-12-13,5.61,5.8366,5.4923,5.8289,30226,0
2016-12-14,5.72,6.5714,5.6122,5.7486,87601,0
2016-12-15,5.7981,6.0489,5.5132,5.5132,47949,0
2016-12-16,5.5,5.72,5.28,5.5088,26767,0
2016-12-19,5.39,5.5,4.7619,5.236,38094,0
2016-12-20,5.236,5.39,4.9544,5.0611,30461,0
2016-12-21,5.06,5.17,4.9907,4.9907,20054,0
2016-12-22,5.17,6.2601,5.0677,5.5165,154050,0
2016-12-23,5.555,5.94,5.346,5.8058,35755,0
2016-12-27,5.83,6.16,5.7805,5.863,26665,0
2016-12-28,5.9334,6.039,5.5,5.5099,27224,0
2016-12-29,5.511,5.83,5.39,5.39,39330,0
2016-12-30,5.5,5.7739,5.3999,5.4989,26039,0
2017-01-03,5.61,5.9125,5.61,5.61,10612,0
2017-01-04,5.61,6.27,5.61,6.0082,49016,0
2017-01-05,6.27,6.6022,6.2216,6.38,62004,0
2017-01-06,8.8198,10.175,7.04,7.7,841290,0
2017-01-09,8.0289,8.0289,6.71,6.9256,126805,0
2017-01-10,6.82,6.9256,6.6,6.71,60984,0
2017-01-11,6.71,6.8178,6.38,6.49,45826,0
2017-01-12,6.6,7.37,6.3866,6.985,54755,0
2017-01-13,6.809,6.9267,6.435,6.6,43331,0
2017-01-17,6.6,6.6,6.435,6.435,13316,0
2017-01-18,6.38,6.38,6.0489,6.38,35277,0
2017-01-19,6.05,6.27,6.05,6.1941,9177,0
2017-01-20,6.05,6.1842,5.61,5.995,18033,0
2017-01-23,6.05,6.38,5.7563,6.0434,14649,0
2017-01-24,5.72,6.369,5.72,6.061,10711,0
2017-01-25,6.061,6.2678,6.05,6.1303,6955,0
2017-01-26,6.38,6.38,6.05,6.05,6461,0
2017-01-27,6.325,6.325,6.05,6.248,8935,0
2017-01-30,6.2865,6.2865,5.8311,5.896,8549,0
2017-01-31,5.83,6.16,5.61,6.16,13352,0
2017-02-01,5.9136,6.16,5.72,5.94,13124,0
2017-02-02,6.27,6.27,5.885,6.2238,8689,0
2017-02-03,6.314,6.314,5.885,6.05,20689,0
2017-02-06,6.05,6.27,5.94,6.05,8700,0
2017-02-07,6.2898,6.71,5.94,6.5835,61473,0
2017-02-08,6.38,7.37,6.27,6.71,92852,0
2017-02-09,6.9586,6.9586,6.38,6.622,22166,0
2017-02-10,6.4592,6.655,6.05,6.38,13083,0
2017-02-13,6.38,6.4482,6.16,6.2711,10633,0
2017-02-14,6.1061,6.358,6.0621,6.215,10428,0
2017-02-15,6.38,6.38,6.1061,6.27,14889,0
2017-02-16,6.4823,6.49,6.325,6.325,5126,0
2017-02-17,6.49,6.49,6.094,6.3338,9631,0
2017-02-21,6.6,7.15,6.6,6.8189,45174,0
2017-02-22,6.985,7.15,6.732,6.93,24733,0
2017-02-23,7.04,7.04,5.72,6.479,46589,0
2017-02-24,6.6,6.7793,6.0885,6.49,8161,0
2017-02-27,6.0555,6.3404,5.8894,6.2161,16367,0
2017-02-28,6.6,6.6,5.962,6.006,19630,0
2017-03-01,6.578,6.578,5.94,5.9675,33002,0
2017-03-02,5.9851,6.083,5.72,6.0324,8563,0
2017-03-03,5.995,6.0489,5.6562,5.94,9682,0
2017-03-06,5.775,5.94,5.72,5.94,7013,0
2017-03-07,5.72,5.94,5.2899,5.7211,20913,0
2017-03-08,5.83,5.8311,5.5033,5.61,4412,0
2017-03-09,5.5066,5.995,5.5011,5.8861,41490,0
2017-03-10,6.0775,6.0775,5.83,5.83,11776,0
2017-03-13,5.8311,5.94,5.61,5.775,10041,0
2017-03-14,5.7728,5.7739,5.61,5.6628,7144,0
2017-03-15,5.61,5.995,5.5,5.61,9441,0
2017-03-16,5.621,5.94,5.61,5.94,3338,0
2017-03-17,5.83,5.94,5.665,5.83,9714,0
2017-03-20,5.83,5.83,5.511,5.72,20343,0
2017-03-21,5.5,5.7167,5.3955,5.511,9910,0
2017-03-22,5.5,5.61,5.247,5.3031,7376,0
2017-03-23,5.302,5.5,5.2569,5.291,7279,0
2017-03-24,5.324,5.5,5.28,5.5,4791,0
2017-03-27,5.5,5.5,5.0105,5.17,32166,0
2017-03-28,5.17,5.3405,5.0622,5.17,20403,0
2017-03-29,5.06,5.3152,4.95,5.137,13727,0
2017-03-30,5.137,5.1711,4.95,5.06,13330,0
2017-03-31,4.95,5.093,4.73,4.8653,13339,0
2017-04-03,4.8884,5.06,4.4044,4.4814,19376,0
2017-04-04,4.5001,4.7047,4.4561,4.51,11677,0
2017-04-05,4.5606,5.06,4.51,4.51,14364,0
2017-04-06,4.51,4.73,4.18,4.312,20474,0
2017-04-07,4.3263,4.5276,4.202,4.246,13879,0
2017-04-10,4.2713,4.51,4.202,4.4,6557,0
2017-04-11,4.4,4.4,4.29,4.29,10360,0
2017-04-12,4.29,4.95,4.18,4.7278,64120,0
2017-04-13,4.62,4.95,4.312,4.609,14522,0
2017-04-17,4.84,4.84,4.4,4.4704,5992,0
2017-04-18,4.4704,4.521,4.1899,4.213,13007,0
2017-04-19,4.323,4.4,3.96,4.07,8181,0
2017-04-20,4.2075,4.2691,3.9611,3.971,8648,0
2017-04-21,3.982,4.18,3.982,4.0755,14369,0
2017-04-24,3.971,4.0117,3.85,3.905,23990,0
2017-04-25,3.96,4.1624,3.8522,4.125,13788,0
2017-04-26,4.521,4.521,3.9787,4.29,8639,0
2017-04-27,4.18,4.29,4.18,4.18,4792,0
2017-04-28,4.147,4.29,4.147,4.2031,3135,0
2017-05-01,3.9809,4.29,3.9809,4.29,3886,0
2017-05-02,4.1536,4.5111,3.9809,4.51,7483,0
2017-05-03,4.51,4.5194,4.18,4.29,3440,0
2017-05-04,4.29,4.84,4.191,4.4715,72066,0
2017-05-05,4.642,4.642,4.125,4.4,21723,0
2017-05-08,4.125,4.4,3.8566,4.07,15950,0
2017-05-09,4.015,4.2801,3.9743,4.0161,2868,0
2017-05-10,3.96,4.29,3.9391,4.07,12962,0
2017-05-11,4.2855,4.29,3.9545,4.136,1599,0
2017-05-12,4.1118,4.18,3.9061,3.96,9602,0
2017-05-15,4.18,4.2867,3.861,3.861,9813,0
2017-05-16,3.8555,4.268,3.795,4.0062,22324,0
2017-05-17,3.938,4.015,3.7972,3.85,13104,0
2017-05-18,3.85,4.0689,3.85,3.85,2881,0
2017-05-19,3.85,4.0425,3.85,3.8621,5767,0
2017-05-22,3.8621,4.07,3.85,3.96,10939,0
2017-05-23,3.85,4.015,3.74,3.905,16573,0
2017-05-24,3.8522,3.9138,3.773,3.9138,6202,0
2017-05-25,3.8522,4.4,3.773,3.9083,50847,0
2017-05-26,3.9039,4.07,3.85,3.9732,4450,0
2017-05-30,3.861,3.9589,3.7741,3.938,18052,0
2017-05-31,3.85,4.62,3.7807,4.1811,62713,0
2017-06-01,4.1811,4.3989,3.883,4.0711,10137,0
2017-06-02,3.883,4.1789,3.883,3.8951,5057,0
2017-06-05,4.0898,4.0898,3.883,3.9567,4909,0
2017-06-06,3.993,4.0689,3.795,3.8918,13335,0
2017-06-07,3.9039,3.9039,3.795,3.8225,9195,0
2017-06-08,3.7675,3.8489,3.74,3.828,1946,0
2017-06-09,4.07,4.07,3.8566,3.9061,3704,0
2017-06-12,4.07,4.07,3.8027,3.9589,7036,0
2017-06-13,3.74,4.015,3.74,3.8984,5796,0
2017-06-14,3.85,3.8951,3.63,3.63,13354,0
2017-06-15,3.8115,3.8489,3.6432,3.8269,3232,0
2017-06-16,3.828,3.828,3.6311,3.8225,10201,0
2017-06-19,3.63,3.85,3.63,3.8159,7991,0
2017-06-20,3.7026,3.85,3.63,3.6498,7086,0
2017-06-21,3.6523,3.795,3.6091,3.7257,2985,0
2017-06-22,3.608,3.7664,3.608,3.6785,5241,0
2017-06-23,3.85,4.345,3.608,3.7422,67342,0
2017-06-26,4.015,4.18,3.74,3.795,8717,0
2017-06-27,3.938,3.96,3.74,3.8038,5085,0
2017-06-28,3.85,4.1756,3.8092,3.8665,13189,0
2017-06-29,3.9644,4.07,3.85,3.85,8512,0
2017-06-30,3.96,3.96,3.762,3.8511,4903,0
2017-07-03,4.3945,4.3945,3.96,3.9611,8628,0
2017-07-05,4.18,4.3857,3.9589,4.07,54793,0
2017-07-06,4.18,6.27,3.85,5.7068,669616,0
2017-07-07,5.489,5.5,4.4275,4.62,126316,0
2017-07-10,4.73,4.9225,4.1866,4.5023,31449,0
2017-07-11,4.29,4.598,4.235,4.345,18428,0
2017-07-12,4.5265,4.95,4.4,4.7839,67410,0
2017-07-13,4.51,5.28,4.4286,4.8631,143046,0
2017-07-14,4.7311,5.2756,4.7311,5.06,41753,0
2017-07-17,5.28,5.28,4.7542,4.983,20816,0
2017-07-18,5.027,5.17,4.675,4.818,8541,0
2017-07-19,4.51,4.785,4.433,4.6915,13257,0
2017-07-20,5.06,5.2503,4.8411,5.06,26180,0
2017-07-21,5.2679,5.2679,4.9731,5.1304,17153,0
2017-07-24,5.2679,5.2679,4.9335,4.9335,17694,0
2017-07-25,4.84,5.1183,4.73,4.84,13392,0
2017-07-26,4.73,4.9489,4.5452,4.62,14357,0
2017-07-27,4.5342,4.818,4.51,4.6178,8847,0
2017-07-28,4.389,4.62,4.29,4.62,11179,0
2017-07-31,4.532,4.95,4.4066,4.675,6501,0
2017-08-01,4.5441,5.225,4.532,4.576,74193,0
2017-08-02,5.17,5.2679,4.4,4.4,60154,0
2017-08-03,4.26,4.26,4.26,4.26,2122,0
2017-08-04,4.0,4.85,3.76,4.1573,25115,0
2017-08-07,3.82,4.27,3.8,3.9,27022,0
2017-08-08,3.9,4.26,3.801,3.82,27967,0
2017-08-09,3.67,3.74,3.26,3.47,42171,0
2017-08-10,3.33,3.4012,2.76,2.97,48878,0
2017-08-11,3.05,3.5,3.03,3.34,49044,0
2017-08-14,3.34,3.34,2.95,3.09,107057,0
2017-08-15,3.0,3.0214,2.8,2.89,47360,0
2017-08-16,2.8001,2.95,2.61,2.72,37634,0
2017-08-17,2.55,3.17,2.53,3.01,24577,0
2017-08-18,3.109,3.2049,2.8,2.95,13923,0
2017-08-21,2.913,2.9207,2.655,2.75,11081,0
2017-08-22,2.728,2.8314,2.61,2.78,12679,0
2017-08-23,2.69,3.0,2.63,2.7,22710,0
2017-08-24,2.65,2.86,2.62,2.625,11733,0
2017-08-25,2.5,2.8499,2.45,2.71,25602,0
2017-08-28,2.71,2.87,2.68,2.68,8665,0
2017-08-29,2.8175,3.75,2.73,3.69,148691,0
2017-08-30,3.75,4.2,3.48,3.6,133049,0
2017-08-31,3.6,3.6661,3.383,3.51,19049,0
2017-09-01,3.5,3.5,3.25,3.35,19129,0
2017-09-05,3.49,3.49,3.2311,3.38,10757,0
2017-09-06,3.2555,3.59,3.031,3.1,29778,0
2017-09-07,3.24,3.26,3.06,3.09,15347,0
2017-09-08,3.22,3.48,3.13,3.18,16777,0
2017-09-11,2.96,3.41,2.9101,3.1,25742,0
2017-09-12,3.16,3.35,3.06,3.1363,10755,0
2017-09-13,3.285,3.3905,2.88,3.04,64993,0
2017-09-14,3.0501,3.0604,2.8,2.98,40022,0
2017-09-15,2.83,2.94,2.67,2.77,52308,0
2017-09-18,2.7,2.91,2.7,2.91,19389,0
2017-09-19,2.9,2.9963,2.61,2.74,28910,0
2017-09-20,2.73,2.74,2.47,2.48,48851,0
2017-09-21,2.45,2.63,2.36,2.36,35800,0
2017-09-22,2.2969,2.38,2.19,2.35,42968,0
2017-09-25,2.21,2.55,2.2,2.26,57442,0
2017-09-26,2.26,2.35,2.21,2.21,20865,0
2017-09-27,2.28,2.3186,2.1925,2.22,16950,0
2017-09-28,2.26,2.29,2.03,2.0399,42949,0
2017-09-29,2.04,2.17,2.03,2.03,27641,0
2017-10-02,2.04,2.3,2.03,2.07,29572,0
2017-10-03,2.0342,2.14,2.0342,2.06,23630,0
2017-10-04,2.16,2.28,2.03,2.03,67685,0
2017-10-05,2.12,2.1644,2.03,2.039,60165,0
2017-10-06,2.0201,2.0549,2.02,2.05,16009,0
2017-10-09,2.14,2.2,2.03,2.04,16505,0
2017-10-10,2.04,2.1,1.9651,2.059,28579,0
2017-10-11,2.06,2.07,1.9954,2.0,14600,0
2017-10-12,2.0,2.065,2.0,2.02,23483,0
2017-10-13,2.02,2.02,1.97,1.98,20666,0
2017-10-16,1.98,2.1,1.98,2.0,12177,0
2017-10-17,2.04,2.1477,1.9501,2.0399,28062,0
2017-10-18,2.0296,2.0296,1.8411,1.885,30481,0
2017-10-19,1.88,1.93,1.7899,1.85,28250,0
2017-10-20,1.8392,1.955,1.8392,1.9166,17047,0
2017-10-23,1.9373,1.979,1.9,1.97,27842,0
2017-10-24,1.979,1.98,1.95,1.9733,16796,0
2017-10-25,1.9533,1.97,1.8863,1.89,26217,0
2017-10-26,2.11,3.845,2.0339,2.18,5024582,0
2017-10-27,2.32,2.45,1.95,2.07,476969,0
2017-10-30,2.0,2.09,1.72,1.81,216121,0
2017-10-31,1.92,1.92,1.46,1.73,151381,0
2017-11-01,1.73,1.82,1.6,1.77,60304,0
2017-11-02,1.76,1.8,1.66,1.77,59595,0
2017-11-03,1.7,1.7293,1.5541,1.61,46292,0
2017-11-06,1.62,1.62,1.29,1.4,86539,0
2017-11-07,1.5,1.5,1.33,1.39,92165,0
2017-11-08,1.36,1.54,1.36,1.46,24324,0
2017-11-09,1.5,1.52,1.37,1.42,20833,0
2017-11-10,1.431,1.52,1.37,1.39,41827,0
