Date,Open,High,Low,Close,Volume,OpenInt
2014-01-02,21.607,21.607,20.848,21.0,1234605,0
2014-01-03,20.987,21.477,20.777,21.447,1455594,0
2014-01-06,21.577,21.597,21.02,21.053,577500,0
2014-01-07,21.07,21.653,21.053,21.433,881700,0
2014-01-08,21.357,21.357,20.92,21.05,1094100,0
2014-01-09,21.117,21.28,20.95,21.037,714300,0
2014-01-10,20.973,21.153,20.873,21.123,723900,0
2014-01-13,21.02,21.187,20.687,20.827,575100,0
2014-01-14,20.913,21.237,20.77,21.21,577200,0
2014-01-15,21.193,21.453,21.097,21.28,512400,0
2014-01-16,21.18,21.36,21.047,21.247,618654,0
2014-01-17,21.233,21.263,21.01,21.173,497400,0
2014-01-21,21.25,21.4,21.077,21.233,786300,0
2014-01-22,21.26,21.477,21.26,21.447,444900,0
2014-01-23,21.31,21.333,21.083,21.113,647100,0
2014-01-24,21.0,21.017,20.247,20.293,1042200,0
2014-01-27,20.4,20.42,19.917,20.023,1348200,0
2014-01-28,20.057,20.42,20.047,20.407,931500,0
2014-01-29,20.25,20.413,20.09,20.127,706800,0
2014-01-30,20.267,20.667,20.143,20.477,585600,0
2014-01-31,20.107,20.423,19.833,20.203,605367,0
2014-02-03,20.167,20.33,19.163,19.353,1395621,0
2014-02-04,19.417,19.73,19.37,19.523,994338,0
2014-02-05,19.343,19.58,18.987,19.49,738390,0
2014-02-06,19.593,19.752,19.36,19.69,519591,0
2014-02-07,19.65,19.81,19.477,19.737,572697,0
2014-02-10,19.29,19.51,18.353,18.43,3033630,0
2014-02-11,18.45,18.85,18.42,18.673,1881696,0
2014-02-12,18.727,19.033,18.67,18.793,1136097,0
2014-02-13,18.72,19.283,18.647,19.133,1314765,0
2014-02-14,19.113,19.25,18.9,19.15,841014,0
2014-02-18,19.273,19.883,19.22,19.53,1265925,0
2014-02-19,19.413,19.97,19.413,19.673,929079,0
2014-02-20,19.847,20.003,19.51,19.857,1020510,0
2014-02-21,19.943,20.03,19.497,19.653,1481985,0
2014-02-24,19.723,19.9,19.567,19.693,1294479,0
2014-02-25,19.737,19.797,19.407,19.503,927426,0
2014-02-26,19.583,19.593,19.273,19.33,1650381,0
2014-02-27,19.21,20.07,18.67,19.887,2250327,0
2014-02-28,20.34,20.34,19.863,20.01,1383396,0
2014-03-03,19.87,20.307,19.813,20.15,1545942,0
2014-03-04,20.45,20.903,20.45,20.773,1282500,0
2014-03-05,20.77,21.03,20.77,20.957,1207347,0
2014-03-06,21.017,21.02,20.72,20.853,744663,0
2014-03-07,20.973,20.987,20.717,20.97,690459,0
2014-03-10,20.893,20.983,20.617,20.847,586668,0
2014-03-11,20.81,20.967,20.617,20.783,834405,0
2014-03-12,20.597,20.867,20.45,20.847,679128,0
2014-03-13,20.89,20.89,20.0,20.053,1104255,0
2014-03-14,19.97,20.337,19.815,20.07,830808,0
2014-03-17,20.173,20.38,19.94,20.01,1214616,0
2014-03-18,20.053,20.33,20.053,20.223,772506,0
2014-03-19,20.187,20.27,20.067,20.133,631515,0
2014-03-20,20.127,20.337,20.0,20.31,397341,0
2014-03-21,20.407,20.407,20.1,20.13,888300,0
2014-03-24,20.217,20.233,19.703,20.05,662646,0
2014-03-25,20.12,20.313,19.827,20.063,469332,0
2014-03-26,20.283,20.317,19.66,19.777,802200,0
2014-03-27,19.737,19.91,19.403,19.483,672378,0
2014-03-28,19.433,19.7,19.433,19.5,731973,0
2014-03-31,19.577,19.873,19.422,19.73,686820,0
2014-04-01,19.81,20.203,19.81,20.153,868509,0
2014-04-02,20.18,20.46,20.01,20.38,744204,0
2014-04-03,20.337,20.47,20.04,20.147,416184,0
2014-04-04,20.4,20.403,19.39,19.517,786825,0
2014-04-07,19.493,19.493,18.887,19.013,945141,0
2014-04-08,19.037,19.26,18.82,19.15,729078,0
2014-04-09,19.26,19.407,19.033,19.353,511788,0
2014-04-10,19.56,19.563,19.0,19.13,962163,0
2014-04-11,19.027,19.307,18.667,18.733,613368,0
2014-04-14,18.97,19.163,18.667,18.847,392067,0
2014-04-15,18.733,19.11,18.647,19.053,610974,0
2014-04-16,19.17,19.293,18.867,19.2,395592,0
2014-04-17,19.107,19.49,18.943,19.243,542709,0
2014-04-21,19.173,19.33,19.01,19.167,362583,0
2014-04-22,19.163,19.763,19.122,19.693,501384,0
2014-04-23,19.627,19.823,19.45,19.727,515496,0
2014-04-24,19.797,19.797,19.373,19.437,488949,0
2014-04-25,19.3,19.482,18.86,18.933,532440,0
2014-04-28,19.033,19.573,18.547,18.847,737913,0
2014-04-29,19.0,19.02,18.533,18.737,2258259,0
2014-04-30,18.667,19.177,18.627,19.05,851784,0
2014-05-01,18.813,19.383,18.227,18.67,1632219,0
2014-05-02,18.707,18.953,18.54,18.65,875952,0
2014-05-05,18.08,18.553,17.533,18.25,858009,0
2014-05-06,18.127,18.297,18.0,18.01,703326,0
2014-05-07,18.08,18.08,17.633,17.94,824127,0
2014-05-08,17.873,18.233,17.587,17.617,580719,0
2014-05-09,17.523,17.94,17.353,17.897,426072,0
2014-05-12,18.007,18.847,18.007,18.643,959250,0
2014-05-13,18.63,18.767,18.377,18.4,1077771,0
2014-05-14,18.35,18.38,17.79,17.86,526617,0
2014-05-15,17.747,17.833,17.513,17.773,701553,0
2014-05-16,17.763,17.99,17.457,17.922,669300,0
2014-05-19,17.887,18.327,17.887,18.243,405867,0
2014-05-20,18.153,18.153,17.603,17.773,946146,0
2014-05-21,17.717,17.873,17.6,17.753,469947,0
2014-05-22,17.767,17.947,17.67,17.707,544587,0
2014-05-23,17.733,18.05,17.577,18.017,460635,0
2014-05-27,18.203,18.3,17.95,18.19,560622,0
2014-05-28,18.13,18.507,18.13,18.187,743637,0
2014-05-29,18.297,18.367,18.133,18.31,653253,0
2014-05-30,18.363,18.363,18.047,18.103,545400,0
2014-06-02,18.133,18.133,17.647,17.793,532749,0
2014-06-03,17.62,17.977,17.597,17.837,548961,0
2014-06-04,17.763,17.93,17.74,17.813,361245,0
2014-06-05,17.81,18.2,17.713,18.093,446412,0
2014-06-06,18.217,18.52,18.103,18.43,482409,0
2014-06-09,18.39,18.75,18.3,18.68,894117,0
2014-06-10,18.59,18.927,18.59,18.857,682200,0
2014-06-11,18.783,19.0,18.697,18.863,614787,0
2014-06-12,18.833,18.957,18.63,18.747,588894,0
2014-06-13,18.843,18.953,18.66,18.883,483252,0
2014-06-16,18.86,18.937,18.49,18.757,524568,0
2014-06-17,18.793,19.1,18.73,18.793,758250,0
2014-06-18,18.763,18.777,18.343,18.467,735795,0
2014-06-19,18.567,18.64,18.34,18.417,626073,0
2014-06-20,18.49,18.76,18.417,18.75,1126449,0
2014-06-23,18.82,18.927,18.637,18.743,586668,0
2014-06-24,18.66,18.903,18.387,18.417,577728,0
2014-06-25,18.317,18.872,18.137,18.29,609321,0
2014-06-26,18.32,18.32,18.033,18.157,387675,0
2014-06-27,18.033,18.33,18.0,18.327,2191137,0
2014-06-30,18.277,18.647,18.115,18.61,769743,0
2014-07-01,18.727,19.53,18.727,19.375,1074108,0
2014-07-02,19.22,19.557,18.913,19.223,545700,0
2014-07-03,19.35,19.44,19.153,19.367,303447,0
2014-07-07,19.253,19.323,19.0,19.023,350169,0
2014-07-08,19.023,19.023,18.547,18.667,681390,0
2014-07-09,18.71,18.883,18.56,18.653,318795,0
2014-07-10,18.337,18.64,18.197,18.49,586428,0
2014-07-11,18.46,18.57,18.24,18.36,284058,0
2014-07-14,18.54,18.7,18.38,18.55,342404,0
2014-07-15,18.43,18.65,18.0,18.07,576094,0
2014-07-16,18.14,18.37,17.58,17.62,1001374,0
2014-07-17,17.59,17.776,17.32,17.39,930393,0
2014-07-18,17.34,17.86,17.34,17.75,1312818,0
2014-07-21,17.5,17.91,17.5,17.79,543759,0
2014-07-22,17.802,18.15,17.802,18.11,537125,0
2014-07-23,18.12,18.205,17.8,17.85,476479,0
2014-07-24,17.69,18.02,17.582,17.79,403362,0
2014-07-25,17.6,17.8,17.49,17.71,674825,0
2014-07-28,17.69,17.98,17.61,17.82,577840,0
2014-07-29,17.82,18.22,17.82,18.07,565096,0
2014-07-30,17.88,18.61,17.88,18.47,1027471,0
2014-07-31,18.51,19.16,17.58,18.74,1225417,0
2014-08-01,19.72,19.73,18.68,18.76,1241037,0
2014-08-04,18.79,18.98,18.3,18.46,622157,0
2014-08-05,18.55,18.78,18.39,18.64,410536,0
2014-08-06,18.57,18.78,18.43,18.52,719824,0
2014-08-07,18.61,18.8,18.33,18.43,583306,0
2014-08-08,18.42,18.68,18.25,18.61,368574,0
2014-08-11,18.65,19.11,18.57,18.995,723374,0
2014-08-12,18.92,18.93,18.41,18.49,276439,0
2014-08-13,18.52,18.72,18.41,18.465,449713,0
2014-08-14,18.52,18.66,18.3,18.58,360244,0
2014-08-15,18.62,18.87,18.42,18.705,575603,0
2014-08-18,18.9,19.15,18.75,19.0,681132,0
2014-08-19,19.0,19.2,18.9,19.18,419740,0
2014-08-20,19.08,19.24,18.93,19.07,450755,0
2014-08-21,19.04,19.17,18.76,19.045,318798,0
2014-08-22,19.02,19.2,18.89,19.08,371876,0
2014-08-25,19.23,19.24,18.99,19.1,406988,0
2014-08-26,19.13,19.63,19.13,19.55,415768,0
2014-08-27,19.59,19.59,19.17,19.39,422519,0
2014-08-28,19.34,19.41,19.14,19.245,333544,0
2014-08-29,19.3,19.51,19.1,19.47,417495,0
2014-09-02,19.57,20.06,19.35,19.99,729560,0
2014-09-03,19.68,19.69,19.43,19.45,688350,0
2014-09-04,19.55,19.61,19.305,19.39,258691,0
2014-09-05,19.32,19.53,19.19,19.485,278934,0
2014-09-08,19.41,19.61,19.35,19.605,378363,0
2014-09-09,19.6,19.62,19.16,19.19,315228,0
2014-09-10,19.25,19.4,19.12,19.38,258013,0
2014-09-11,19.24,19.89,19.23,19.835,553890,0
2014-09-12,19.9,19.97,19.41,19.5,438546,0
2014-09-15,19.49,19.56,19.28,19.44,363922,0
2014-09-16,19.3,19.54,19.02,19.23,699540,0
2014-09-17,19.18,19.3,19.02,19.06,376726,0
2014-09-18,19.07,19.26,18.97,19.16,355388,0
2014-09-19,19.2,19.2,18.64,18.705,794727,0
2014-09-22,18.66,18.67,18.27,18.33,404285,0
2014-09-23,18.29,18.47,18.13,18.19,490900,0
2014-09-24,18.29,18.73,18.15,18.67,497891,0
2014-09-25,18.77,18.77,18.1,18.28,569449,0
2014-09-26,18.28,18.59,18.13,18.535,406628,0
2014-09-29,18.26,18.81,18.215,18.76,656932,0
2014-09-30,18.79,19.11,18.556,18.76,1268936,0
2014-10-01,18.7,18.71,18.26,18.41,974764,0
2014-10-02,18.44,18.95,18.36,18.79,461099,0
2014-10-03,19.02,19.19,18.86,19.16,622608,0
2014-10-06,19.19,19.4,18.93,18.94,557870,0
2014-10-07,18.79,18.806,18.21,18.24,712010,0
2014-10-08,18.2,18.51,17.88,18.48,538790,0
2014-10-09,18.41,18.51,17.95,17.95,474663,0
2014-10-10,17.83,18.25,17.61,17.645,523256,0
2014-10-13,17.69,18.11,17.33,17.82,576868,0
2014-10-14,18.01,18.35,17.92,18.11,668718,0
2014-10-15,17.8,18.47,17.68,18.35,786167,0
2014-10-16,17.816,18.44,17.816,17.985,1015721,0
2014-10-17,18.28,18.38,17.76,17.78,686520,0
2014-10-20,17.65,17.85,17.48,17.78,761210,0
2014-10-21,17.93,18.46,17.62,18.3,665970,0
2014-10-22,18.31,18.475,18.03,18.04,508304,0
2014-10-23,18.28,18.67,17.92,18.405,504708,0
2014-10-24,18.4,18.6,18.34,18.45,351326,0
2014-10-27,18.39,18.65,18.24,18.54,467626,0
2014-10-28,18.7,19.03,18.65,19.015,731444,0
2014-10-29,19.02,19.42,18.83,19.27,1372098,0
2014-10-30,18.75,19.24,18.0,19.2,1839165,0
2014-10-31,19.51,19.522,18.49,19.24,1947795,0
2014-11-03,19.11,19.25,18.86,18.97,2541615,0
2014-11-04,18.89,19.05,18.61,18.61,774366,0
2014-11-05,18.78,18.85,18.4,18.48,454148,0
2014-11-06,18.46,18.725,18.41,18.61,719751,0
2014-11-07,18.54,18.67,18.45,18.52,640250,0
2014-11-10,18.4,18.655,18.36,18.54,602579,0
2014-11-11,18.52,18.66,18.37,18.41,451221,0
2014-11-12,18.44,18.59,18.28,18.52,448066,0
2014-11-13,18.5,18.89,18.48,18.88,825127,0
2014-11-14,18.93,19.63,18.89,19.275,1030314,0
2014-11-17,19.22,19.51,19.21,19.5,794695,0
2014-11-18,19.54,19.8,19.49,19.72,1004605,0
2014-11-19,19.74,19.74,19.37,19.49,941352,0
2014-11-20,19.44,19.53,19.35,19.495,550336,0
2014-11-21,19.72,19.72,19.45,19.61,623953,0
2014-11-24,19.69,19.865,19.56,19.78,435830,0
2014-11-25,19.84,19.9,19.54,19.67,615144,0
2014-11-26,19.72,19.87,19.445,19.525,789541,0
2014-11-28,19.51,19.8,19.4,19.45,517447,0
2014-12-01,19.139,19.505,19.12,19.38,815744,0
2014-12-02,19.38,19.6,19.3,19.4,397075,0
2014-12-03,19.46,19.47,19.225,19.31,568397,0
2014-12-04,19.24,19.38,18.24,19.06,1481686,0
2014-12-05,19.09,19.33,19.07,19.24,301747,0
2014-12-08,19.13,19.2,18.73,18.88,603304,0
2014-12-09,18.65,19.21,18.53,19.19,694041,0
2014-12-10,19.17,19.18,18.73,18.85,618661,0
2014-12-11,18.93,19.46,18.79,19.06,504957,0
2014-12-12,18.92,19.1,18.84,18.91,541357,0
2014-12-15,18.83,19.12,18.77,18.86,700085,0
2014-12-16,18.83,19.31,18.57,19.085,908355,0
2014-12-17,19.09,19.48,18.89,19.47,777218,0
2014-12-18,19.69,20.16,19.69,20.14,606515,0
2014-12-19,19.94,20.25,19.75,20.02,1413115,0
2014-12-22,20.1,20.42,20.1,20.41,327216,0
2014-12-23,20.71,20.78,20.45,20.64,369492,0
2014-12-24,20.72,20.85,20.72,20.76,159695,0
2014-12-26,20.84,21.04,20.735,20.77,358186,0
2014-12-29,20.76,20.998,20.57,20.58,414459,0
2014-12-30,20.56,20.66,20.43,20.57,383913,0
2014-12-31,20.64,20.86,20.07,20.17,631143,0
2015-01-02,20.29,20.46,19.44,19.71,896228,0
2015-01-05,19.61,19.8,19.14,19.26,561844,0
2015-01-06,19.26,19.375,18.83,18.95,655069,0
2015-01-07,19.07,19.18,18.91,19.03,407526,0
2015-01-08,19.18,19.39,18.95,19.01,857565,0
2015-01-09,19.01,19.21,18.66,18.68,530201,0
2015-01-12,18.68,18.76,18.41,18.44,601691,0
2015-01-13,18.58,19.07,18.075,18.35,727717,0
2015-01-14,18.02,18.75,18.02,18.47,861565,0
2015-01-15,18.46,18.63,17.79,17.84,464623,0
2015-01-16,17.78,18.3,17.78,18.26,413218,0
2015-01-20,18.3,18.425,18.11,18.24,444581,0
2015-01-21,18.17,18.53,18.14,18.2,477426,0
2015-01-22,18.41,18.81,18.16,18.79,372763,0
2015-01-23,18.85,19.2,18.76,18.85,1442696,0
2015-01-26,18.79,19.16,18.55,19.08,812114,0
2015-01-27,18.89,19.06,18.56,18.67,693232,0
2015-01-28,18.72,18.825,18.4,18.47,414096,0
2015-01-29,18.56,18.83,18.39,18.8,380635,0
2015-01-30,18.63,18.78,18.43,18.47,553012,0
2015-02-02,18.51,18.82,17.995,18.8,529919,0
2015-02-03,19.29,19.38,18.9,19.31,473716,0
2015-02-04,19.24,19.62,19.24,19.47,387622,0
2015-02-05,19.59,19.92,19.44,19.85,314242,0
2015-02-06,19.91,20.17,19.73,19.99,395425,0
2015-02-09,19.88,20.08,19.42,19.42,387403,0
2015-02-10,19.62,19.755,19.32,19.67,253841,0
2015-02-11,19.59,19.73,19.51,19.69,240128,0
2015-02-12,19.8,20.114,19.77,20.06,286013,0
2015-02-13,20.17,20.68,20.13,20.65,555820,0
2015-02-17,20.61,20.8,20.19,20.27,562920,0
2015-02-18,20.19,20.55,20.17,20.49,306234,0
2015-02-19,20.49,20.63,20.3,20.45,207896,0
2015-02-20,20.49,20.5,20.12,20.46,518386,0
2015-02-23,20.37,20.41,20.08,20.39,341288,0
2015-02-24,20.36,20.52,20.1,20.48,575052,0
2015-02-25,20.4,20.52,20.27,20.45,507018,0
2015-02-26,19.57,20.54,19.31,19.89,1342249,0
2015-02-27,19.92,20.065,19.598,19.85,972185,0
2015-03-02,19.85,20.5,19.8,20.47,1471500,0
2015-03-03,20.24,20.45,20.0,20.15,749000,0
2015-03-04,20.02,20.23,19.96,20.02,621200,0
2015-03-05,20.11,20.32,19.97,20.15,401100,0
2015-03-06,20.11,20.23,19.98,20.0,367900,0
2015-03-09,20.06,20.27,20.0,20.07,293300,0
2015-03-10,19.94,20.06,19.62,19.98,570000,0
2015-03-11,20.01,20.24,19.82,20.14,565600,0
2015-03-12,20.19,20.55,20.08,20.48,656000,0
2015-03-13,20.37,20.5,20.08,20.3,405900,0
2015-03-16,20.29,20.56,20.28,20.47,494700,0
2015-03-17,20.35,20.55,20.26,20.31,672300,0
2015-03-18,20.22,21.1,20.22,21.09,874100,0
2015-03-19,21.08,21.5,20.9,21.43,446500,0
2015-03-20,21.57,22.21,21.57,21.89,1907600,0
2015-03-23,21.93,22.17,21.86,21.9,854900,0
2015-03-24,21.9,22.03,21.81,21.86,597900,0
2015-03-25,21.78,21.88,21.54,21.56,529500,0
2015-03-26,21.48,21.75,21.39,21.52,579100,0
2015-03-27,21.52,21.74,21.48,21.51,579500,0
2015-03-30,21.63,21.79,21.57,21.63,366800,0
2015-03-31,21.48,21.81,21.32,21.66,698471,0
2015-04-01,21.72,21.77,21.44,21.64,571700,0
2015-04-02,21.72,21.84,21.38,21.48,879400,0
2015-04-06,21.41,21.8,21.36,21.76,636200,0
2015-04-07,21.75,21.76,21.48,21.56,635723,0
2015-04-08,21.69,21.89,21.48,21.71,547900,0
2015-04-09,21.65,21.9,21.56,21.77,347725,0
2015-04-10,21.83,21.85,21.57,21.66,446700,0
2015-04-13,21.71,21.81,21.56,21.58,420000,0
2015-04-14,21.61,21.76,21.53,21.7,301700,0
2015-04-15,21.75,21.84,21.69,21.72,445921,0
2015-04-16,21.61,22.0,21.61,21.77,357620,0
2015-04-17,21.59,21.81,21.51,21.68,594800,0
2015-04-20,21.78,22.12,21.76,22.02,502316,0
2015-04-21,22.14,22.565,22.049,22.4,546455,0
2015-04-22,22.72,22.72,22.04,22.17,522959,0
2015-04-23,22.03,22.28,22.01,22.13,432100,0
2015-04-24,22.19,22.369,22.0,22.27,443079,0
2015-04-27,22.12,22.47,22.03,22.12,537900,0
2015-04-28,22.33,22.33,21.935,22.25,652620,0
2015-04-29,22.09,22.47,22.0,22.1,570300,0
2015-04-30,21.88,23.61,21.85,23.03,1413200,0
2015-05-01,23.24,23.57,22.97,23.02,991900,0
2015-05-04,22.87,23.39,22.85,23.02,1447600,0
2015-05-05,22.9,23.17,22.83,22.97,732600,0
2015-05-06,23.12,23.28,22.776,23.21,648833,0
2015-05-07,23.1,23.51,22.96,23.29,389620,0
2015-05-08,23.56,23.81,23.46,23.49,343200,0
2015-05-11,23.49,23.75,23.43,23.49,384200,0
2015-05-12,23.42,23.6,23.21,23.51,316806,0
2015-05-13,23.52,23.79,23.5,23.54,428608,0
2015-05-14,23.65,23.92,23.46,23.92,405800,0
2015-05-15,23.87,23.97,23.55,23.84,516600,0
2015-05-18,23.87,24.17,23.55,24.15,390287,0
2015-05-19,24.21,24.215,23.85,24.18,417501,0
2015-05-20,24.24,24.255,23.99,24.13,339776,0
2015-05-21,24.14,24.19,23.8,23.99,401800,0
2015-05-22,24.0,24.18,23.68,23.79,484800,0
2015-05-26,23.68,23.9,23.26,23.4,491148,0
2015-05-27,23.49,23.98,23.29,23.97,455500,0
2015-05-28,23.9,24.01,23.65,23.97,469318,0
2015-05-29,23.88,23.99,23.58,23.81,392800,0
2015-06-01,23.97,24.22,23.72,23.9,378357,0
2015-06-02,23.86,24.06,23.62,23.83,358252,0
2015-06-03,23.95,24.83,23.82,24.79,713200,0
2015-06-04,24.17,24.66,24.07,24.32,766900,0
2015-06-05,24.29,24.43,23.99,24.4,443000,0
2015-06-08,24.47,24.61,24.29,24.42,504400,0
2015-06-09,24.39,24.53,24.03,24.41,493519,0
2015-06-10,24.52,25.06,24.47,24.91,698524,0
2015-06-11,24.94,25.13,24.84,25.03,536758,0
2015-06-12,25.25,25.64,24.77,25.35,764200,0
2015-06-15,25.15,25.22,24.59,24.8,609300,0
2015-06-16,24.68,25.31,24.62,25.24,536200,0
2015-06-17,25.38,25.51,25.13,25.19,434900,0
2015-06-18,25.3,25.61,25.18,25.48,851000,0
2015-06-19,25.27,25.52,25.21,25.42,884900,0
2015-06-22,25.63,25.79,25.49,25.59,391200,0
2015-06-23,25.66,25.8,25.35,25.52,582436,0
2015-06-24,25.51,25.7,25.04,25.31,455700,0
2015-06-25,25.39,25.6,25.16,25.34,374100,0
2015-06-26,25.42,25.51,25.05,25.12,842900,0
2015-06-29,24.91,25.21,24.57,24.57,597900,0
2015-06-30,24.78,24.95,24.34,24.57,1004288,0
2015-07-01,24.83,25.02,24.21,24.4,753500,0
2015-07-02,24.41,24.57,24.08,24.33,556600,0
2015-07-06,23.96,24.08,23.57,23.88,919500,0
2015-07-07,23.87,23.99,23.44,23.94,446400,0
2015-07-08,23.79,23.93,23.21,23.7,1313900,0
2015-07-09,23.89,24.03,23.53,23.62,672900,0
2015-07-10,23.87,24.0,23.7,23.96,419100,0
2015-07-13,24.0,24.27,23.95,24.0,487300,0
2015-07-14,24.0,24.15,23.86,24.04,816441,0
2015-07-15,24.04,24.07,23.91,23.99,674601,0
2015-07-16,24.0,24.05,23.96,24.03,860100,0
2015-07-17,24.06,24.15,23.86,24.12,2273000,0
2015-07-20,24.26,24.39,24.23,24.31,612800,0
2015-07-21,24.47,24.47,23.95,23.95,668000,0
2015-07-22,23.8,24.04,23.63,23.99,440700,0
2015-07-23,24.0,24.03,23.4,23.43,502200,0
2015-07-24,23.32,23.59,22.82,22.86,735600,0
2015-07-27,22.65,22.88,22.51,22.58,690700,0
2015-07-28,22.68,22.83,22.19,22.25,1076900,0
2015-07-29,22.29,22.53,22.15,22.41,956300,0
2015-07-30,22.72,24.62,22.71,24.21,2050800,0
2015-07-31,24.38,24.38,23.65,23.67,839700,0
2015-08-03,23.82,23.82,23.2,23.48,744320,0
2015-08-04,23.42,23.67,23.36,23.57,645800,0
2015-08-05,23.77,23.92,23.09,23.12,733800,0
2015-08-06,23.03,23.2,22.68,22.72,476763,0
2015-08-07,22.6,22.85,22.29,22.68,450300,0
2015-08-10,22.86,23.07,22.77,22.92,472300,0
2015-08-11,22.81,22.9,22.37,22.63,434943,0
2015-08-12,22.62,22.8,22.33,22.74,524300,0
2015-08-13,22.84,22.98,22.54,22.71,325400,0
2015-08-14,22.58,23.04,22.52,23.03,400500,0
2015-08-17,22.94,23.19,22.69,23.17,308100,0
2015-08-18,23.19,23.27,22.86,22.9,281100,0
2015-08-19,22.71,22.87,22.48,22.65,359000,0
2015-08-20,22.66,22.69,22.09,22.1,563200,0
2015-08-21,21.82,22.35,21.8,21.89,752600,0
2015-08-24,21.02,21.86,20.45,20.94,916284,0
2015-08-25,21.63,21.67,20.7,20.72,761400,0
2015-08-26,21.12,22.26,20.42,21.08,826100,0
2015-08-27,21.27,21.45,20.7,21.07,865900,0
2015-08-28,21.01,21.44,20.92,21.38,441000,0
2015-08-31,21.39,21.6,21.15,21.33,363200,0
2015-09-01,20.99,21.36,20.74,20.79,623400,0
2015-09-02,21.12,21.37,20.87,21.37,560400,0
2015-09-03,21.38,21.66,21.25,21.44,448800,0
2015-09-04,21.13,21.49,21.06,21.1,256200,0
2015-09-08,21.36,21.76,21.11,21.72,345500,0
2015-09-09,21.94,22.01,21.39,21.42,389600,0
2015-09-10,21.32,21.61,21.2,21.38,280977,0
2015-09-11,21.17,21.56,21.04,21.54,264000,0
2015-09-14,21.64,21.64,21.25,21.55,270900,0
2015-09-15,21.65,22.02,21.45,21.89,382900,0
2015-09-16,21.84,22.11,21.64,21.98,346500,0
2015-09-17,21.94,22.26,21.832,22.04,353060,0
2015-09-18,21.69,22.12,21.68,21.88,1061200,0
2015-09-21,22.0,22.32,21.78,22.05,341900,0
2015-09-22,21.89,22.04,21.6,21.82,352500,0
2015-09-23,21.91,22.0,21.55,21.72,261149,0
2015-09-24,21.66,21.82,21.31,21.68,355225,0
2015-09-25,21.99,21.99,21.19,21.33,456400,0
2015-09-28,21.34,21.37,20.97,21.08,401694,0
2015-09-29,21.09,21.16,20.89,21.04,437800,0
2015-09-30,21.22,21.41,20.94,21.12,546400,0
2015-10-01,21.07,21.26,20.64,20.96,379800,0
2015-10-02,20.81,21.14,20.7,21.12,350400,0
2015-10-05,21.25,21.72,21.07,21.71,260679,0
2015-10-06,21.65,21.97,21.08,21.72,543900,0
2015-10-07,21.91,22.267,21.7,22.06,670613,0
2015-10-08,21.97,22.59,21.97,22.56,293300,0
2015-10-09,22.68,22.84,20.19,22.77,237900,0
2015-10-12,22.67,22.85,21.146,22.85,209339,0
2015-10-13,22.67,23.07,21.53,22.65,321000,0
2015-10-14,22.59,22.86,22.27,22.35,271700,0
2015-10-15,22.42,22.96,22.07,22.95,261500,0
2015-10-16,23.04,23.28,22.41,23.23,293000,0
2015-10-19,23.21,23.4,23.03,23.15,232208,0
2015-10-20,23.14,23.25,22.81,23.06,171500,0
2015-10-21,23.21,23.21,22.5,22.54,193700,0
2015-10-22,22.73,23.48,22.69,23.4,227700,0
2015-10-23,23.71,23.96,23.34,23.86,243300,0
2015-10-26,23.87,23.99,23.54,23.76,238900,0
2015-10-27,23.69,23.93,23.18,23.39,309500,0
2015-10-28,23.53,24.51,23.25,24.36,614100,0
2015-10-29,24.37,24.41,23.9,23.95,353100,0
2015-10-30,23.97,24.17,23.87,23.95,271100,0
2015-11-02,24.01,24.31,23.91,24.14,564418,0
2015-11-03,24.03,24.51,23.92,24.13,392017,0
2015-11-04,24.26,24.53,23.98,24.24,498509,0
2015-11-05,24.07,24.41,23.0,23.35,1995000,0
2015-11-06,22.99,24.25,22.34,24.25,618900,0
2015-11-09,24.14,24.26,23.545,23.87,644479,0
2015-11-10,23.75,24.16,23.18,24.13,346200,0
2015-11-11,24.2,24.61,23.97,24.29,429300,0
2015-11-12,24.05,24.31,22.38,23.89,334500,0
2015-11-13,23.73,23.9,23.31,23.36,400700,0
2015-11-16,23.27,23.58,22.75,23.56,210800,0
2015-11-17,23.65,23.88,23.38,23.52,303600,0
2015-11-18,23.49,23.67,22.59,23.64,368300,0
2015-11-19,23.69,23.69,23.32,23.48,358400,0
2015-11-20,23.63,23.65,23.14,23.28,615900,0
2015-11-23,23.29,23.47,23.07,23.19,476500,0
2015-11-24,23.02,23.31,22.84,23.19,552200,0
2015-11-25,23.16,23.41,23.15,23.25,360700,0
2015-11-27,23.21,23.53,23.13,23.43,198600,0
2015-11-30,23.44,23.61,23.34,23.52,782000,0
2015-12-01,23.66,23.67,23.26,23.58,549765,0
2015-12-02,23.59,23.65,23.11,23.18,389361,0
2015-12-03,23.34,23.5,22.87,23.04,398070,0
2015-12-04,23.03,23.69,23.03,23.58,353100,0
2015-12-07,23.5,23.56,22.8,22.94,290100,0
2015-12-08,22.78,22.91,21.92,22.62,291910,0
2015-12-09,22.58,22.77,22.14,22.26,301600,0
2015-12-10,22.31,22.37,21.52,22.16,333700,0
2015-12-11,21.74,22.07,21.57,21.75,370600,0
2015-12-14,21.66,22.48,20.45,22.35,578996,0
2015-12-15,22.51,23.03,22.09,22.96,384500,0
2015-12-16,23.18,23.27,22.79,23.19,530700,0
2015-12-17,23.3,23.3,22.9,23.06,462200,0
2015-12-18,23.0,23.0,22.34,22.73,1713800,0
2015-12-21,22.85,22.85,22.24,22.44,311600,0
2015-12-22,22.49,22.57,22.14,22.46,459308,0
2015-12-23,22.58,22.61,22.19,22.33,576700,0
2015-12-24,22.25,22.309,22.061,22.22,382007,0
2015-12-28,22.13,22.36,21.88,22.35,526832,0
2015-12-29,22.5,22.55,22.26,22.44,424432,0
2015-12-30,22.47,22.515,21.88,21.89,256352,0
2015-12-31,21.8,21.92,21.37,21.4,470053,0
2016-01-04,21.18,23.2,20.5,20.67,667574,0
2016-01-05,20.67,21.01,20.38,20.6,518552,0
2016-01-06,20.25,20.66,20.08,20.5,643938,0
2016-01-07,20.14,20.38,19.51,19.6,436781,0
2016-01-08,19.65,19.9,19.14,19.18,540063,0
2016-01-11,19.33,19.35,18.87,19.18,560385,0
2016-01-12,19.4,19.53,18.95,19.43,427603,0
2016-01-13,19.47,19.51,18.52,18.81,967359,0
2016-01-14,18.97,19.494,17.3619,19.36,529441,0
2016-01-15,18.79,19.12,17.2301,19.04,567651,0
2016-01-19,19.11,19.84,18.33,18.71,665100,0
2016-01-20,18.44,19.1,18.37,18.83,899334,0
2016-01-21,18.83,18.97,18.63,18.7,587854,0
2016-01-22,18.94,19.16,18.08,18.91,592442,0
2016-01-25,18.79,18.79,18.09,18.13,351111,0
2016-01-26,18.16,18.28,17.88,18.01,642431,0
2016-01-27,17.92,18.19,17.45,17.52,460894,0
2016-01-28,17.76,17.83,17.31,17.44,508561,0
2016-01-29,17.5,17.92,17.5,17.9,744114,0
2016-02-01,17.72,18.24,17.4001,18.09,490813,0
2016-02-02,17.87,18.16,17.63,17.77,432682,0
2016-02-03,17.95,17.97,17.27,17.8,490000,0
2016-02-04,17.75,17.93,17.01,17.54,302678,0
2016-02-05,17.44,17.6,16.63,16.63,555575,0
2016-02-08,16.4,16.72,16.05,16.34,416830,0
2016-02-09,16.12,16.44,15.6401,16.23,740245,0
2016-02-10,16.37,16.865,16.37,16.41,403925,0
2016-02-11,16.11,16.49,15.9653,16.41,347059,0
2016-02-12,16.57,16.6,15.072,16.56,450789,0
2016-02-16,16.77,17.21,16.49,17.0,429803,0
2016-02-17,17.08,17.6,17.06,17.5,518859,0
2016-02-18,17.63,18.81,17.57,17.74,616054,0
2016-02-19,17.68,18.16,15.89,17.94,320902,0
2016-02-22,18.04,18.44,18.04,18.39,548898,0
2016-02-23,18.27,18.51,17.64,17.89,865479,0
2016-02-24,17.67,18.37,17.39,18.33,895824,0
2016-02-25,18.1,18.48,16.02,17.98,1422823,0
2016-02-26,17.94,18.69,17.1,18.29,911179,0
2016-02-29,18.22,19.0,17.465,18.66,788667,0
2016-03-01,18.76,19.73,18.69,19.63,1418970,0
2016-03-02,19.58,19.96,19.345,19.95,1203967,0
2016-03-03,19.88,19.98,19.37,19.94,814281,0
2016-03-04,20.0,20.21,19.63,20.18,561533,0
2016-03-07,20.14,20.22,19.55,20.2,541484,0
2016-03-08,20.02,20.25,19.725,19.89,926111,0
2016-03-09,19.96,19.96,19.53,19.62,537809,0
2016-03-10,19.65,19.99,19.09,19.44,672667,0
2016-03-11,19.67,20.16,19.57,20.06,533786,0
2016-03-14,20.06,20.32,19.98,20.1,635484,0
2016-03-15,20.06,20.41,20.02,20.18,720094,0
2016-03-16,20.07,20.2109,19.94,20.04,1019527,0
2016-03-17,20.05,20.22,19.79,19.97,879992,0
2016-03-18,20.06,20.24,19.8301,20.02,1259094,0
2016-03-21,19.92,20.2,19.83,19.98,525616,0
2016-03-22,19.94,20.17,19.925,19.95,558299,0
2016-03-23,19.86,19.92,19.24,19.26,780984,0
2016-03-24,19.19,19.48,19.08,19.43,591078,0
2016-03-28,19.43,19.515,19.03,19.09,709224,0
2016-03-29,19.0,20.095,19.0,20.08,847102,0
2016-03-30,20.15,20.44,20.03,20.31,551362,0
2016-03-31,20.24,20.88,20.24,20.79,646874,0
2016-04-01,20.61,20.88,20.48,20.8,383662,0
2016-04-04,20.77,21.0,20.66,20.68,306986,0
2016-04-05,20.52,20.71,20.37,20.38,355805,0
2016-04-06,20.43,20.5,20.17,20.4,348243,0
2016-04-07,20.26,20.38,19.67,19.85,310341,0
2016-04-08,20.03,20.03,19.55,19.72,282416,0
2016-04-11,19.87,20.05,19.45,19.47,326818,0
2016-04-12,19.54,19.67,19.3,19.58,266194,0
2016-04-13,19.72,20.3,19.68,20.29,387445,0
2016-04-14,20.26,20.48,20.2,20.34,229874,0
2016-04-15,20.27,20.39,20.0,20.38,367554,0
2016-04-18,20.36,20.495,20.0,20.4,391268,0
2016-04-19,20.45,20.6,20.26,20.5,285067,0
2016-04-20,20.45,20.89,20.45,20.79,273210,0
2016-04-21,20.86,21.07,20.7,20.7,258449,0
2016-04-22,20.6,21.085,20.6,20.99,413732,0
2016-04-25,20.88,21.0,20.49,20.63,455210,0
2016-04-26,20.65,21.0,20.58,20.93,239223,0
2016-04-27,20.84,20.995,20.49,20.71,249133,0
2016-04-28,20.71,20.84,20.22,20.29,437520,0
2016-04-29,20.24,20.25,19.8,19.99,275267,0
2016-05-02,20.05,20.43,19.93,20.42,506564,0
2016-05-03,20.29,20.354,19.74,20.06,259155,0
2016-05-04,20.0,20.035,19.64,19.68,341672,0
2016-05-05,20.03,20.9,18.93,19.43,317154,0
2016-05-06,19.41,19.95,19.41,19.75,481434,0
2016-05-09,19.69,20.31,19.69,20.13,268429,0
2016-05-10,20.15,20.41,19.97,20.39,315436,0
2016-05-11,20.39,20.48,20.05,20.255,375689,0
2016-05-12,20.37,20.37,19.63,19.96,512294,0
2016-05-13,19.98,20.0,19.615,19.76,411285,0
2016-05-16,19.88,20.155,19.64,19.99,478941,0
2016-05-17,19.95,19.95,19.29,19.37,343765,0
2016-05-18,19.27,19.75,18.85,19.41,503382,0
2016-05-19,19.28,19.7,18.94,19.02,401061,0
2016-05-20,19.16,19.48,18.6201,19.37,361498,0
2016-05-23,19.42,19.63,19.36,19.44,263093,0
2016-05-24,19.6,20.02,19.545,19.97,404987,0
2016-05-25,20.08,20.08,19.83,19.93,375783,0
2016-05-26,19.96,20.19,19.85,20.06,170829,0
2016-05-27,20.05,20.45,20.05,20.43,303494,0
2016-05-31,20.46,20.77,20.46,20.66,240898,0
2016-06-01,20.54,20.81,20.44,20.79,250107,0
2016-06-02,20.63,21.17,20.63,21.1,259606,0
2016-06-03,21.04,21.07,20.61,20.93,214101,0
2016-06-06,20.94,21.38,20.91,21.34,225223,0
2016-06-07,21.28,21.77,21.27,21.73,391547,0
2016-06-08,21.68,22.0,21.47,21.78,405899,0
2016-06-09,21.73,21.82,21.455,21.73,248478,0
2016-06-10,21.44,21.44,21.13,21.19,186096,0
2016-06-13,21.02,21.25,20.77,20.81,294460,0
2016-06-14,20.66,20.91,20.46,20.73,253489,0
2016-06-15,21.06,21.0772,20.74,20.75,273768,0
2016-06-16,20.66,20.97,20.46,20.93,266278,0
2016-06-17,20.96,21.12,20.405,20.52,889343,0
2016-06-20,20.81,21.22,20.68,20.85,268298,0
2016-06-21,20.89,21.03,20.67,20.99,309239,0
2016-06-22,20.97,21.07,20.7875,20.8,294036,0
2016-06-23,21.02,21.51,20.79,21.49,289268,0
2016-06-24,20.35,20.5,19.83,19.91,529208,0
2016-06-27,19.63,19.7765,18.49,18.54,542161,0
2016-06-28,18.65,18.91,18.25,18.72,433483,0
2016-06-29,18.94,19.11,18.39,19.04,284010,0
2016-06-30,19.13,19.53,18.715,19.51,382700,0
2016-07-01,19.45,19.67,19.42,19.57,219879,0
2016-07-05,19.48,19.64,18.95,19.07,212573,0
2016-07-06,18.89,19.07,18.72,18.95,259978,0
2016-07-07,19.06,19.16,18.78,18.98,214754,0
2016-07-08,19.21,19.42,18.9684,19.38,459566,0
2016-07-11,19.52,19.61,19.41,19.55,306948,0
2016-07-12,19.76,19.96,19.56,19.85,400728,0
2016-07-13,19.93,20.0,19.6,19.67,284137,0
2016-07-14,19.94,19.94,19.54,19.64,309002,0
2016-07-15,19.76,19.84,19.24,19.68,343125,0
2016-07-18,19.72,19.9,19.51,19.63,209526,0
2016-07-19,19.64,19.68,18.511,19.64,210528,0
2016-07-20,19.73,19.785,19.505,19.69,295682,0
2016-07-21,19.63,19.77,19.28,19.31,215642,0
2016-07-22,19.29,19.355,18.978,19.32,259630,0
2016-07-25,19.31,19.36,19.1,19.16,316971,0
2016-07-26,19.22,19.41,19.01,19.39,537656,0
2016-07-27,19.47,19.74,19.38,19.64,397615,0
2016-07-28,18.94,20.32,18.26,19.85,892952,0
2016-07-29,19.91,20.1,19.57,19.81,552303,0
2016-08-01,19.78,20.09,19.3532,19.73,427155,0
2016-08-02,19.67,19.75,18.99,18.99,400340,0
2016-08-03,18.91,19.16,18.83,18.89,312203,0
2016-08-04,18.83,19.005,18.56,18.6,245753,0
2016-08-05,18.71,19.27,18.71,18.98,457171,0
2016-08-08,18.92,19.05,18.78,18.84,360618,0
2016-08-09,18.9,19.24,18.73,19.17,288540,0
2016-08-10,19.16,19.2,19.04,19.1,402844,0
2016-08-11,19.11,19.21,18.99,19.05,594596,0
2016-08-12,18.97,18.97,18.55,18.68,250679,0
2016-08-15,18.69,18.87,18.45,18.535,220082,0
2016-08-16,18.51,18.59,18.14,18.16,365317,0
2016-08-17,18.13,18.4,17.57,17.87,535415,0
2016-08-18,17.88,18.04,17.78,17.93,538918,0
2016-08-19,17.91,18.1,17.8,18.08,340054,0
2016-08-22,17.97,18.125,17.9,18.0,150997,0
2016-08-23,18.05,18.55,17.71,18.51,391322,0
2016-08-24,18.44,18.61,17.79,18.55,298231,0
2016-08-25,18.53,18.64,18.06,18.63,199262,0
2016-08-26,18.59,18.94,17.74,18.76,245600,0
2016-08-29,18.77,18.98,18.59,18.77,269107,0
2016-08-30,18.82,19.02,18.77,19.0,192678,0
2016-08-31,19.03,19.2,18.8699,19.1,427954,0
2016-09-01,19.16,19.26,18.845,19.21,295463,0
2016-09-02,19.39,19.57,19.32,19.54,366359,0
2016-09-06,19.62,19.72,19.29,19.41,208062,0
2016-09-07,19.33,19.8,19.31,19.44,552953,0
2016-09-08,19.44,19.44,19.11,19.11,307409,0
2016-09-09,18.9,19.0,18.43,18.44,304168,0
2016-09-12,18.31,18.86,18.31,18.84,265644,0
2016-09-13,18.64,18.71,18.03,18.04,258789,0
2016-09-14,18.08,18.28,17.885,17.97,170302,0
2016-09-15,17.97,18.3,17.87,18.27,375381,0
2016-09-16,18.27,18.32,18.07,18.16,526995,0
2016-09-19,18.29,18.501,18.05,18.31,236567,0
2016-09-20,18.45,18.45,18.22,18.29,153588,0
2016-09-21,18.34,18.53,18.27,18.52,179460,0
2016-09-22,18.68,18.99,18.66,18.99,313597,0
2016-09-23,18.93,19.05,18.74,18.94,291486,0
2016-09-26,18.8,18.96,18.67,18.69,350343,0
2016-09-27,18.66,19.03,18.66,18.99,195174,0
2016-09-28,19.06,19.31,18.79,19.31,191258,0
2016-09-29,19.23,19.27,18.975,19.12,334565,0
2016-09-30,19.26,19.49,18.88,19.38,440014,0
2016-10-03,19.24,19.405,19.11,19.16,224104,0
2016-10-04,19.18,19.555,19.14,19.49,244130,0
2016-10-05,19.61,19.84,19.46,19.61,304420,0
2016-10-06,19.58,19.8,19.5,19.71,184139,0
2016-10-07,19.72,19.72,19.18,19.21,601380,0
2016-10-10,19.37,19.61,19.25,19.41,229651,0
2016-10-11,19.32,19.56,18.63,18.65,318181,0
2016-10-12,18.7,18.86,18.61,18.74,255801,0
2016-10-13,18.52,18.6,18.34,18.47,311105,0
2016-10-14,18.52,19.02,18.49,19.0,645260,0
2016-10-17,19.07,19.53,19.015,19.5,504082,0
2016-10-18,19.77,19.77,19.49,19.73,299722,0
2016-10-19,19.75,20.06,19.69,20.04,322498,0
2016-10-20,19.94,20.02,19.6201,19.71,426248,0
2016-10-21,19.54,19.79,19.39,19.69,234351,0
2016-10-24,19.93,20.2,19.79,19.83,243277,0
2016-10-25,19.84,19.87,19.37,19.41,293652,0
2016-10-26,19.32,19.47,18.955,19.1,275476,0
2016-10-27,19.22,19.35,18.54,18.7,333456,0
2016-10-28,18.64,18.87,18.41,18.5,462293,0
2016-10-31,18.48,18.61,18.025,18.12,615396,0
2016-11-01,18.2,19.05,18.2,19.01,1118176,0
2016-11-02,18.8,18.87,18.07,18.12,745137,0
2016-11-03,17.09,17.425,15.11,17.21,2408568,0
2016-11-04,17.0,17.45,16.805,17.01,1068555,0
2016-11-07,17.56,17.56,17.03,17.26,562234,0
2016-11-08,17.25,17.52,17.06,17.22,451988,0
2016-11-09,16.95,17.92,16.93,17.87,581740,0
2016-11-10,18.19,18.53,17.56,18.0,621110,0
2016-11-11,18.01,18.76,17.84,18.65,817597,0
2016-11-14,18.89,19.07,18.36,18.53,414974,0
2016-11-15,18.45,18.59,18.07,18.41,415265,0
2016-11-16,18.4,18.615,18.17,18.61,305888,0
2016-11-17,18.69,18.89,18.56,18.78,373745,0
2016-11-18,18.83,18.86,18.44,18.75,505682,0
2016-11-21,18.86,19.04,18.58,18.77,385913,0
2016-11-22,18.82,19.28,18.69,19.27,335327,0
2016-11-23,19.3,19.3,18.97,19.19,371463,0
2016-11-25,19.19,19.36,19.16,19.35,113472,0
2016-11-28,19.24,19.32,18.86,18.91,237894,0
2016-11-29,18.99,19.06,18.62,18.72,348706,0
2016-11-30,18.78,18.85,18.14,18.61,717380,0
2016-12-01,18.68,18.82,17.92,18.04,489561,0
2016-12-02,17.94,18.12,17.58,17.96,577030,0
2016-12-05,18.16,18.7,18.03,18.44,583334,0
2016-12-06,18.48,18.81,18.2,18.77,430656,0
2016-12-07,18.68,19.32,18.6,19.27,363425,0
2016-12-08,19.37,19.98,19.31,19.84,546315,0
2016-12-09,19.94,20.08,19.67,19.84,520496,0
2016-12-12,19.76,19.76,19.04,19.09,553354,0
2016-12-13,19.22,19.51,18.63,18.74,710155,0
2016-12-14,18.69,18.79,18.25,18.3,535474,0
2016-12-15,18.32,18.53,18.155,18.2,578515,0
2016-12-16,18.23,18.66,18.01,18.07,1821257,0
2016-12-19,18.15,18.78,18.04,18.71,498386,0
2016-12-20,18.88,18.92,18.49,18.66,474912,0
2016-12-21,18.55,18.6,18.29,18.35,303468,0
2016-12-22,18.31,18.32,17.96,17.98,337544,0
2016-12-23,17.93,18.11,17.8,18.07,224914,0
2016-12-27,17.95,18.45,17.95,18.38,193337,0
2016-12-28,18.44,18.44,18.1,18.24,366692,0
2016-12-29,18.27,18.4,18.13,18.33,239174,0
2016-12-30,18.35,18.36,18.06,18.15,375041,0
2017-01-03,18.44,18.8,18.2,18.56,443397,0
2017-01-04,18.7,18.97,18.64,18.92,508482,0
2017-01-05,18.86,19.16,18.685,18.93,419737,0
2017-01-06,19.03,19.03,18.76,18.78,340583,0
2017-01-09,18.69,19.14,18.57,18.87,428303,0
2017-01-10,18.93,19.17,18.85,19.04,330792,0
2017-01-11,18.98,19.12,18.85,19.11,372011,0
2017-01-12,19.02,19.02,18.72,18.8,333798,0
2017-01-13,18.9,19.11,18.74,19.09,224450,0
2017-01-17,18.97,19.07,18.67,18.78,330744,0
2017-01-18,18.93,18.93,18.63,18.82,263980,0
2017-01-19,18.83,18.92,18.73,18.88,322200,0
2017-01-20,18.9,19.15,18.87,19.13,330736,0
2017-01-23,19.07,19.4,19.0,19.35,304622,0
2017-01-24,19.41,19.77,19.275,19.74,383152,0
2017-01-25,19.95,19.97,19.75,19.93,262819,0
2017-01-26,19.96,19.96,19.36,19.45,315781,0
2017-01-27,19.44,19.58,19.35,19.44,295814,0
2017-01-30,19.28,19.43,18.97,19.23,418437,0
2017-01-31,19.11,19.53,18.98,19.4,648687,0
2017-02-01,19.58,19.63,18.84,18.94,416948,0
2017-02-02,18.86,19.04,18.68,18.85,445798,0
2017-02-03,19.1,19.52,19.06,19.48,409541,0
2017-02-06,19.37,19.6,18.99,19.12,261647,0
2017-02-07,19.1,19.24,19.01,19.15,204582,0
2017-02-08,19.04,19.12,18.8,19.08,272181,0
2017-02-09,19.13,19.765,19.07,19.73,643061,0
2017-02-10,19.87,19.88,19.22,19.85,403728,0
2017-02-13,20.0,20.03,19.64,19.66,336024,0
2017-02-14,19.56,19.56,19.3,19.52,425604,0
2017-02-15,19.36,19.56,19.3,19.49,416629,0
2017-02-16,19.55,19.7,19.41,19.68,330809,0
2017-02-17,19.74,19.96,19.62,19.9,358262,0
2017-02-21,19.97,20.16,19.91,20.12,239783,0
2017-02-22,20.1,20.14,19.84,20.08,336255,0
2017-02-23,20.25,20.3,19.81,20.21,428364,0
2017-02-24,19.99,20.37,19.88,20.29,260251,0
2017-02-27,20.25,20.58,20.175,20.56,579172,0
2017-02-28,20.48,20.48,19.55,19.57,565688,0
2017-03-01,19.92,20.14,19.59,19.71,904342,0
2017-03-02,20.8,22.955,20.8,22.81,2123006,0
2017-03-03,22.0,22.35,21.3556,22.01,1274490,0
2017-03-06,21.47,21.97,21.37,21.75,791550,0
2017-03-07,21.6,21.96,21.6,21.78,679146,0
2017-03-08,21.93,22.12,21.44,21.81,564689,0
2017-03-09,21.79,22.06,21.51,21.91,670900,0
2017-03-10,21.7,21.99,21.39,21.925,698699,0
2017-03-13,21.965,22.22,21.83,22.19,614172,0
2017-03-14,22.16,22.26,21.9,22.17,431018,0
2017-03-15,22.2,22.47,22.05,22.41,598535,0
2017-03-16,22.49,22.68,22.41,22.64,399123,0
2017-03-17,22.52,22.91,22.47,22.78,983686,0
2017-03-20,22.75,22.86,22.43,22.45,313698,0
2017-03-21,22.6,22.66,21.77,21.78,457240,0
2017-03-22,21.71,22.39,21.39,21.7,491067,0
2017-03-23,21.69,21.76,21.43,21.73,510579,0
2017-03-24,21.8,22.09,21.75,21.88,488025,0
2017-03-27,21.53,21.54,21.17,21.47,610579,0
2017-03-28,21.4,21.57,21.22,21.43,372070,0
2017-03-29,21.38,21.52,21.28,21.46,524283,0
2017-03-30,21.42,21.56,21.21,21.43,249808,0
2017-03-31,21.45,21.55,21.27,21.39,537981,0
2017-04-03,21.47,21.56,21.11,21.24,435965,0
2017-04-04,21.21,21.46,21.06,21.31,449082,0
2017-04-05,21.44,21.505,20.92,20.93,431565,0
2017-04-06,20.92,21.09,20.7,21.08,402089,0
2017-04-07,20.95,21.29,20.69,21.15,680635,0
2017-04-10,21.15,21.295,20.94,21.2,269379,0
2017-04-11,21.1,21.29,20.94,21.13,423609,0
2017-04-12,21.15,21.39,20.88,20.94,339826,0
2017-04-13,20.86,20.995,20.54,20.55,370284,0
2017-04-17,20.69,20.89,20.51,20.84,285199,0
2017-04-18,20.81,21.17,20.57,21.16,338766,0
2017-04-19,21.24,21.67,21.07,21.33,406371,0
2017-04-20,21.44,21.51,21.23,21.49,563417,0
2017-04-21,21.57,21.57,21.37,21.5,744312,0
2017-04-24,21.99,21.99,21.44,21.47,545148,0
2017-04-25,21.5,21.68,21.45,21.61,574232,0
2017-04-26,21.66,22.38,21.66,22.185,949366,0
2017-04-27,22.1,22.16,21.62,21.64,387475,0
2017-04-28,21.69,21.69,21.41,21.49,489537,0
2017-05-01,21.57,21.85,21.45,21.82,354328,0
2017-05-02,21.85,21.89,21.47,21.58,512962,0
2017-05-03,21.43,21.57,21.24,21.5,429494,0
2017-05-04,22.56,22.94,21.53,22.55,1562260,0
2017-05-05,22.4,23.87,22.39,23.83,1200855,0
2017-05-08,23.72,23.97,23.49,23.71,777903,0
2017-05-09,23.7,23.8801,23.6,23.73,655642,0
2017-05-10,23.7,23.82,23.42,23.66,318883,0
2017-05-11,23.56,23.71,23.12,23.23,336645,0
2017-05-12,23.18,23.18,22.88,23.02,287246,0
2017-05-15,23.08,23.42,22.6537,23.15,342326,0
2017-05-16,23.15,23.33,23.04,23.19,271444,0
2017-05-17,22.9,22.9653,22.13,22.15,625245,0
2017-05-18,22.03,22.34,21.48,21.96,709278,0
2017-05-19,21.99,22.65,21.87,22.51,567619,0
2017-05-22,22.53,23.385,22.53,22.87,416032,0
2017-05-23,22.98,23.19,22.59,22.97,452375,0
2017-05-24,23.0,23.26,22.9,23.15,457585,0
2017-05-25,23.27,23.54,23.21,23.22,388651,0
2017-05-26,23.17,23.19,22.84,23.04,329226,0
2017-05-30,22.98,23.14,22.87,22.95,298500,0
2017-05-31,23.07,23.07,22.7,22.86,335924,0
2017-06-01,22.92,23.17,22.8,23.16,455319,0
2017-06-02,23.24,23.6945,23.24,23.43,470768,0
2017-06-05,23.37,23.525,23.18,23.18,300075,0
2017-06-06,22.95,23.274,22.731,23.04,350725,0
2017-06-07,23.07,23.21,22.9,22.935,272926,0
2017-06-08,23.01,23.27,22.81,23.27,354966,0
2017-06-09,23.38,23.55,22.66,22.83,377540,0
2017-06-12,22.82,23.96,22.44,22.88,408198,0
2017-06-13,23.03,23.13,22.86,22.98,403641,0
2017-06-14,23.03,23.11,22.43,22.59,400794,0
2017-06-15,22.31,22.695,22.26,22.64,295662,0
2017-06-16,22.34,22.36,21.78,22.29,1079069,0
2017-06-19,22.35,22.555,22.24,22.53,337518,0
2017-06-20,22.48,22.55,22.12,22.52,452132,0
2017-06-21,22.56,22.83,22.46,22.77,506079,0
2017-06-22,22.76,23.16,22.48,23.14,359234,0
2017-06-23,23.15,23.68,23.09,23.51,652574,0
2017-06-26,23.55,23.77,22.89,22.91,545581,0
2017-06-27,22.86,23.08,22.63,22.65,462767,0
2017-06-28,22.85,23.3,22.6,22.92,415655,0
2017-06-29,22.93,23.04,22.15,22.52,354958,0
2017-06-30,22.57,22.69,22.34,22.35,373670,0
2017-07-03,22.44,22.6,22.08,22.2,246907,0
2017-07-05,22.23,22.4,21.92,22.05,279248,0
2017-07-06,21.86,21.98,21.49,21.57,497953,0
2017-07-07,21.61,21.98,21.57,21.92,438406,0
2017-07-10,21.91,22.12,21.75,21.83,353059,0
2017-07-11,22.09,22.99,21.85,22.97,986522,0
2017-07-12,23.18,23.78,23.1,23.75,485406,0
2017-07-13,23.25,24.03,23.02,24.01,704125,0
2017-07-14,24.0,24.03,23.326,23.67,386018,0
2017-07-17,23.69,24.0,23.36,23.88,315979,0
2017-07-18,23.8,23.92,23.5,23.77,399402,0
2017-07-19,23.83,23.99,23.61,23.94,387159,0
2017-07-20,23.94,24.17,23.87,24.11,199414,0
2017-07-21,24.26,24.4,23.8601,24.16,650126,0
2017-07-24,24.17,24.32,24.07,24.26,305550,0
2017-07-25,24.34,24.57,24.066,24.42,765820,0
2017-07-26,24.4,24.57,24.14,24.14,542440,0
2017-07-27,24.5,24.65,23.79,24.04,561644,0
2017-07-28,24.05,24.05,23.06,23.1,496998,0
2017-07-31,23.23,23.36,22.78,23.17,441177,0
2017-08-01,23.33,23.34,22.84,23.2,460407,0
2017-08-02,23.15,23.25,22.27,22.28,377370,0
2017-08-03,22.38,22.48,21.86,21.95,419402,0
2017-08-04,21.95,22.05,21.71,22.02,336049,0
2017-08-07,21.99,22.1,21.61,21.73,516920,0
2017-08-08,21.71,21.9,21.42,21.44,372815,0
2017-08-09,21.27,21.76,21.15,21.43,974538,0
2017-08-10,21.22,21.38,21.03,21.3,555217,0
2017-08-11,21.43,21.62,21.3,21.37,237711,0
2017-08-14,21.53,22.02,21.5,22.0,366891,0
2017-08-15,22.03,22.29,21.96,22.13,706267,0
2017-08-16,22.15,22.15,21.85,21.86,340437,0
2017-08-17,21.81,21.885,21.25,21.26,491565,0
2017-08-18,21.06,21.42,21.06,21.33,465478,0
2017-08-21,21.3,21.4,21.11,21.33,298719,0
2017-08-22,21.42,21.85,21.33,21.81,280207,0
2017-08-23,21.78,22.01,21.59,21.71,326601,0
2017-08-24,21.83,22.01,21.73,21.95,283583,0
2017-08-25,22.04,22.15,21.94,22.02,445154,0
2017-08-28,22.12,22.13,21.92,22.115,195035,0
2017-08-29,21.94,22.24,21.76,22.07,231428,0
2017-08-30,22.05,22.34,21.79,22.24,229878,0
2017-08-31,22.41,22.99,22.41,22.76,532041,0
2017-09-01,22.79,22.79,22.55,22.73,331756,0
2017-09-05,22.67,22.88,22.515,22.59,286376,0
2017-09-06,22.68,22.72,22.4901,22.6,317224,0
2017-09-07,22.68,22.98,22.5,22.775,271310,0
2017-09-08,22.71,22.9,22.59,22.66,282291,0
2017-09-11,22.85,23.2,22.5,23.07,284908,0
2017-09-12,23.18,23.39,23.05,23.36,276309,0
2017-09-13,23.34,23.4,22.91,22.96,333739,0
2017-09-14,22.93,22.93,22.58,22.72,353140,0
2017-09-15,22.74,23.01,22.48,22.5,1092187,0
2017-09-18,22.59,23.09,22.545,22.94,414804,0
2017-09-19,22.91,23.0,22.83,22.85,334866,0
2017-09-20,22.84,23.01,22.66,22.89,369519,0
2017-09-21,22.91,23.25,22.89,23.06,222524,0
2017-09-22,22.97,23.14,22.74,23.03,371852,0
2017-09-25,22.97,23.13,22.54,22.81,334096,0
2017-09-26,22.91,23.0,22.46,22.48,499776,0
2017-09-27,22.7,23.45,22.56,23.15,609033,0
2017-09-28,23.14,23.2,22.81,22.93,454297,0
2017-09-29,22.94,23.04,22.72,22.78,418539,0
2017-10-02,22.85,23.24,22.71,23.18,433162,0
2017-10-03,23.28,23.49,23.03,23.28,514249,0
2017-10-04,23.28,23.4,22.97,23.25,232678,0
2017-10-05,23.33,23.5,23.22,23.42,473720,0
2017-10-06,23.4,24.31,23.34,23.87,796744,0
2017-10-09,23.91,24.1,23.64,23.86,270115,0
2017-10-10,23.95,24.15,23.77,24.08,323616,0
2017-10-11,24.06,24.2,23.81,23.99,243744,0
2017-10-12,23.98,24.23,23.855,24.02,316102,0
2017-10-13,24.05,24.155,23.72,23.94,261848,0
2017-10-16,24.0,24.26,23.76,23.99,253854,0
2017-10-17,23.98,24.25,23.8,23.88,231470,0
2017-10-18,23.99,24.23,23.88,23.97,289274,0
2017-10-19,23.86,23.97,23.415,23.93,348075,0
2017-10-20,24.21,24.26,23.98,24.2,217890,0
2017-10-23,24.25,24.29,23.9668,24.08,212859,0
2017-10-24,24.17,24.28,23.79,23.95,290345,0
2017-10-25,23.9,24.38,23.86,24.33,329350,0
2017-10-26,24.42,24.57,24.27,24.44,357164,0
2017-10-27,24.5,24.66,24.24,24.6,452956,0
2017-10-30,24.31,24.52,23.71,24.02,367742,0
2017-10-31,24.11,24.28,23.75,24.08,412822,0
2017-11-01,24.3,24.43,23.04,23.77,955258,0
2017-11-02,25.0,25.0,22.34,23.03,827483,0
2017-11-03,23.23,23.67,22.75,23.5,760157,0
2017-11-06,23.39,23.52,22.98,23.01,359647,0
2017-11-07,23.0,23.1,22.55,22.73,457781,0
2017-11-08,22.62,23.2,22.49,23.19,610020,0
2017-11-09,23.0,23.24,22.84,23.16,531897,0
2017-11-10,23.0,23.46,22.95,23.33,343431,0
