Date,Open,High,Low,Close,Volume,OpenInt
2014-01-02,29.19,29.25,28.5,28.96,468325,0
2014-01-03,29.05,29.45,28.83,29.23,398678,0
2014-01-06,28.5,28.78,27.62,27.95,566800,0
2014-01-07,28.09,28.38,27.51,27.88,410700,0
2014-01-08,27.93,28.47,27.8,28.32,367900,0
2014-01-09,28.57,29.22,28.0,28.68,268900,0
2014-01-10,28.68,29.12,27.97,29.1,267000,0
2014-01-13,29.5,30.36,29.31,29.77,493900,0
2014-01-14,29.84,30.43,29.65,30.35,514800,0
2014-01-15,30.6,30.6,29.7,30.22,437100,0
2014-01-16,30.03,30.83,30.0,30.67,361904,0
2014-01-17,30.48,30.98,30.37,30.5,325500,0
2014-01-21,30.65,31.71,30.46,31.59,829600,0
2014-01-22,31.59,31.76,31.0,31.41,603400,0
2014-01-23,31.37,31.48,30.57,31.4,454700,0
2014-01-24,31.14,31.21,30.31,30.75,457400,0
2014-01-27,31.19,31.22,29.43,29.82,502700,0
2014-01-28,29.94,31.08,29.94,30.85,385000,0
2014-01-29,30.57,30.94,29.94,30.1,310300,0
2014-01-30,30.37,30.78,29.53,29.98,533200,0
2014-01-31,29.5,29.89,29.33,29.35,359000,0
2014-02-03,29.4,29.5,28.35,28.55,471435,0
2014-02-04,28.93,29.49,28.58,28.77,313399,0
2014-02-05,28.6,28.86,28.34,28.59,419896,0
2014-02-06,28.75,29.18,28.64,28.99,320525,0
2014-02-07,29.5,30.33,29.17,30.2,392091,0
2014-02-10,30.28,30.58,29.87,30.41,455825,0
2014-02-11,30.73,31.13,30.414,30.85,413761,0
2014-02-12,30.74,31.26,30.7,30.96,436771,0
2014-02-13,30.96,34.09,30.92,34.06,944577,0
2014-02-14,33.97,34.04,32.48,33.27,1064339,0
2014-02-18,33.69,34.69,33.51,34.68,675740,0
2014-02-19,34.74,35.93,34.66,34.77,865539,0
2014-02-20,34.92,35.79,34.513,35.48,470094,0
2014-02-21,35.72,36.69,35.41,35.6,563004,0
2014-02-24,35.79,36.895,35.79,36.49,628222,0
2014-02-25,36.69,37.45,36.34,37.32,704789,0
2014-02-26,37.45,37.82,36.291,36.55,645006,0
2014-02-27,36.17,37.31,35.85,37.17,459873,0
2014-02-28,36.81,38.505,36.44,36.64,864028,0
2014-03-03,36.32,37.05,35.877,36.36,471707,0
2014-03-04,36.98,39.63,36.5,39.09,1090534,0
2014-03-05,39.0,39.92,38.69,39.38,591342,0
2014-03-06,39.42,39.42,37.61,37.87,623257,0
2014-03-07,38.2,38.26,37.02,37.88,386995,0
2014-03-10,37.83,38.02,37.045,37.74,333889,0
2014-03-11,37.94,38.44,37.12,37.37,313297,0
2014-03-12,37.04,37.94,37.0,37.87,202245,0
2014-03-13,38.09,38.38,36.65,36.95,388904,0
2014-03-14,36.72,37.928,36.64,37.29,252630,0
2014-03-17,37.66,38.24,37.35,37.66,292477,0
2014-03-18,37.74,39.16,37.71,39.16,430156,0
2014-03-19,39.27,39.945,38.76,39.43,473114,0
2014-03-20,39.31,39.51,38.821,39.41,287344,0
2014-03-21,39.5,39.8,38.02,38.39,789263,0
2014-03-24,38.12,38.6,36.66,37.8,522490,0
2014-03-25,38.07,39.25,37.38,39.085,479243,0
2014-03-26,39.42,39.62,37.3,37.33,648300,0
2014-03-27,37.3,38.57,36.54,38.19,339927,0
2014-03-28,38.15,38.68,36.38,36.62,274569,0
2014-03-31,36.9,38.08,36.02,37.91,328146,0
2014-04-01,38.36,39.48,38.17,38.89,444152,0
2014-04-02,39.08,39.37,37.751,38.47,293586,0
2014-04-03,38.45,38.45,37.19,37.74,381887,0
2014-04-04,38.25,38.25,35.72,36.28,606590,0
2014-04-07,35.87,38.33,35.55,37.43,849988,0
2014-04-08,38.16,38.18,36.14,36.96,334392,0
2014-04-09,37.07,38.57,36.85,38.48,300423,0
2014-04-10,38.47,38.47,36.41,36.93,343622,0
2014-04-11,36.51,37.72,35.17,35.19,350854,0
2014-04-14,34.0,37.11,34.0,35.87,1520597,0
2014-04-15,36.19,36.4,34.11,35.12,938255,0
2014-04-16,35.54,35.72,34.978,35.34,580948,0
2014-04-17,35.19,35.49,34.31,34.62,365300,0
2014-04-21,34.71,35.329,34.18,35.09,378025,0
2014-04-22,35.2,36.39,35.2,35.77,462660,0
2014-04-23,35.78,36.26,34.79,35.25,311033,0
2014-04-24,35.15,35.58,33.56,34.99,195936,0
2014-04-25,34.85,35.72,33.25,33.46,275626,0
2014-04-28,33.69,34.77,32.632,33.97,344118,0
2014-04-29,34.19,35.48,33.75,35.1,327803,0
2014-04-30,34.69,35.49,34.15,35.45,306049,0
2014-05-01,35.43,36.42,34.92,35.9,533208,0
2014-05-02,34.3,34.6,31.95,32.39,1203440,0
2014-05-05,32.24,32.81,31.59,31.73,807316,0
2014-05-06,32.0,32.72,31.63,31.87,884036,0
2014-05-07,31.66,31.75,30.1,30.75,598479,0
2014-05-08,30.59,31.23,29.61,29.69,481538,0
2014-05-09,29.62,30.47,29.32,30.17,701164,0
2014-05-12,30.45,30.945,29.99,30.67,620070,0
2014-05-13,30.74,30.895,30.15,30.35,488788,0
2014-05-14,30.32,30.51,29.792,30.13,434605,0
2014-05-15,29.83,30.5,29.74,30.29,609155,0
2014-05-16,30.3,31.04,29.79,30.97,800226,0
2014-05-19,30.69,31.05,30.155,30.95,537158,0
2014-05-20,30.94,31.24,29.89,30.2,523529,0
2014-05-21,30.43,31.01,30.23,30.77,729410,0
2014-05-22,30.94,32.3,30.77,32.12,778586,0
2014-05-23,32.15,32.53,31.78,32.12,238197,0
2014-05-27,32.4,33.49,32.22,33.48,469071,0
2014-05-28,33.32,33.9,32.78,33.1,400835,0
2014-05-29,33.14,33.31,32.56,32.85,428134,0
2014-05-30,32.95,33.278,32.27,32.88,285351,0
2014-06-02,32.85,32.85,31.94,32.55,284703,0
2014-06-03,32.28,33.36,32.26,33.29,276495,0
2014-06-04,32.95,34.2,32.65,34.0,391097,0
2014-06-05,34.19,35.22,33.79,34.96,376892,0
2014-06-06,35.21,35.6,34.72,35.45,307586,0
2014-06-09,35.33,36.67,35.26,35.56,429990,0
2014-06-10,35.45,35.6,34.09,34.35,692900,0
2014-06-11,34.077,34.98,33.764,34.81,676381,0
2014-06-12,34.67,35.5,34.395,35.46,239687,0
2014-06-13,35.44,35.44,34.703,35.11,310530,0
2014-06-16,34.94,35.37,34.555,35.28,231323,0
2014-06-17,34.09,34.56,31.65,32.12,2362088,0
2014-06-18,32.32,34.7,32.32,34.61,3754027,0
2014-06-19,34.6,34.69,33.22,34.505,902228,0
2014-06-20,34.69,34.99,34.15,34.98,825109,0
2014-06-23,34.88,35.395,34.53,35.13,695755,0
2014-06-24,35.44,35.78,34.0,34.1,649680,0
2014-06-25,33.87,34.286,33.43,33.6,571594,0
2014-06-26,33.73,34.12,32.92,33.49,367507,0
2014-06-27,33.2,34.1,32.87,33.89,580347,0
2014-06-30,33.95,34.318,33.56,33.71,277171,0
2014-07-01,34.03,34.335,33.9,34.1,560170,0
2014-07-02,34.15,34.42,33.87,34.01,676000,0
2014-07-03,34.2,34.38,33.95,33.98,179642,0
2014-07-07,33.76,34.18,32.69,32.96,724252,0
2014-07-08,32.97,33.1,31.88,32.06,755490,0
2014-07-09,31.0,31.62,30.02,31.01,1495540,0
2014-07-10,30.49,31.81,30.31,31.31,735736,0
2014-07-11,31.21,31.57,30.93,31.43,258881,0
2014-07-14,31.74,31.88,31.06,31.41,375000,0
2014-07-15,31.4,31.75,30.02,30.23,572393,0
2014-07-16,30.45,30.755,29.9,30.17,339866,0
2014-07-17,29.84,30.57,29.26,29.38,569919,0
2014-07-18,29.3,30.19,29.3,30.1,481411,0
2014-07-21,29.97,30.078,29.52,29.88,271977,0
2014-07-22,30.11,30.76,29.71,29.75,321597,0
2014-07-23,30.04,30.73,30.04,30.38,313114,0
2014-07-24,30.35,30.67,29.445,29.56,436164,0
2014-07-25,29.43,29.7,29.27,29.51,232527,0
2014-07-28,29.5,29.64,29.02,29.24,417954,0
2014-07-29,29.37,29.71,29.21,29.45,362475,0
2014-07-30,29.78,30.31,29.46,29.82,483658,0
2014-07-31,31.38,31.38,29.05,29.27,590121,0
2014-08-01,29.26,29.56,28.26,28.45,751092,0
2014-08-04,28.56,29.44,28.56,29.1,812852,0
2014-08-05,28.94,29.79,28.76,29.4,620706,0
2014-08-06,29.15,30.33,29.15,29.84,600447,0
2014-08-07,30.06,30.13,29.2,29.54,317446,0
2014-08-08,29.58,30.48,29.24,30.29,542927,0
2014-08-11,30.44,30.98,29.98,30.35,288014,0
2014-08-12,30.11,30.78,29.93,30.68,376583,0
2014-08-13,30.8,31.29,30.57,30.83,255688,0
2014-08-14,30.86,31.45,30.482,31.45,259855,0
2014-08-15,31.6,32.09,31.0,31.62,501486,0
2014-08-18,31.93,32.21,31.4,31.71,378804,0
2014-08-19,32.04,32.1,31.335,31.7,528265,0
2014-08-20,31.5,31.72,30.9,31.32,382895,0
2014-08-21,31.45,31.78,30.89,31.63,347957,0
2014-08-22,31.64,31.95,30.94,31.5,452380,0
2014-08-25,31.67,32.85,31.39,32.36,373269,0
2014-08-26,32.34,33.0,32.21,32.73,423214,0
2014-08-27,32.84,33.22,32.35,33.01,475205,0
2014-08-28,32.9,33.19,32.15,32.29,240223,0
2014-08-29,32.3,32.865,32.05,32.58,142812,0
2014-09-02,32.87,33.1,32.06,32.17,238121,0
2014-09-03,32.15,32.47,31.54,31.74,461832,0
2014-09-04,31.99,32.74,31.62,31.97,222564,0
2014-09-05,31.75,32.06,31.13,31.54,408690,0
2014-09-08,31.61,32.18,31.5,31.96,255482,0
2014-09-09,31.87,31.94,30.76,30.77,222214,0
2014-09-10,30.93,31.08,30.67,30.99,370622,0
2014-09-11,30.77,31.06,30.59,30.9,343777,0
2014-09-12,31.04,31.22,30.42,30.53,273589,0
2014-09-15,30.41,30.55,29.64,29.67,314509,0
2014-09-16,29.66,30.0,29.47,29.91,253855,0
2014-09-17,30.03,30.41,29.61,29.69,513883,0
2014-09-18,29.92,30.66,29.54,30.42,486798,0
2014-09-19,30.53,31.08,29.81,30.0,814188,0
2014-09-22,29.92,30.1,28.8,29.25,518245,0
2014-09-23,29.16,29.69,28.91,29.35,537921,0
2014-09-24,32.33,37.85,32.22,37.62,9664525,0
2014-09-25,37.22,37.25,34.86,35.54,2726944,0
2014-09-26,36.15,36.2,34.27,35.62,1348240,0
2014-09-29,35.0,35.84,34.9,35.69,649940,0
2014-09-30,35.75,35.79,33.52,33.88,1071561,0
2014-10-01,33.98,34.57,33.52,34.14,816215,0
2014-10-02,34.0,34.95,33.72,34.07,900670,0
2014-10-03,34.4,34.68,33.52,34.18,872211,0
2014-10-06,34.48,34.672,33.69,33.79,714696,0
2014-10-07,33.6,33.61,32.02,32.23,829358,0
2014-10-08,32.13,33.93,32.13,33.845,600829,0
2014-10-09,33.64,33.64,32.38,32.77,761749,0
2014-10-10,32.53,32.83,31.27,31.74,797279,0
2014-10-13,31.78,32.15,30.76,30.9,462643,0
2014-10-14,31.25,31.48,30.23,31.19,688502,0
2014-10-15,30.69,32.03,30.31,31.15,659546,0
2014-10-16,30.25,32.47,30.215,31.97,630944,0
2014-10-17,32.61,32.86,31.41,31.77,596723,0
2014-10-20,31.6,32.51,31.6,32.38,453417,0
2014-10-21,32.7,32.89,32.05,32.58,358317,0
2014-10-22,32.56,33.13,32.08,32.27,371186,0
2014-10-23,32.7,35.44,32.57,35.03,1131111,0
2014-10-24,35.03,35.07,33.82,34.25,407618,0
2014-10-27,34.0,34.58,33.21,34.46,452108,0
2014-10-28,34.36,35.6,33.62,35.06,635823,0
2014-10-29,35.12,36.49,34.3,35.88,956107,0
2014-10-30,36.11,36.41,34.52,36.15,827181,0
2014-10-31,36.95,36.95,34.75,34.82,675726,0
2014-11-03,34.77,35.39,34.46,35.18,557086,0
2014-11-04,35.12,35.4,34.658,34.78,364139,0
2014-11-05,35.19,35.21,34.32,34.53,416898,0
2014-11-06,34.69,35.98,34.11,35.96,401317,0
2014-11-07,35.83,35.83,34.71,35.11,536199,0
2014-11-10,35.06,36.24,34.72,36.24,382230,0
2014-11-11,36.24,36.48,35.68,35.91,406676,0
2014-11-12,35.49,35.63,34.73,34.9,516066,0
2014-11-13,34.82,34.94,33.65,33.73,548921,0
2014-11-14,33.85,33.85,33.11,33.47,364161,0
2014-11-17,33.47,34.49,33.23,34.1,317227,0
2014-11-18,34.15,34.93,33.78,34.53,276702,0
2014-11-19,34.61,35.16,33.67,34.98,494081,0
2014-11-20,34.95,36.22,34.82,36.09,483823,0
2014-11-21,36.7,36.84,35.8,35.94,465410,0
2014-11-24,35.96,36.74,35.96,36.41,546054,0
2014-11-25,36.42,36.55,35.9,36.5,415888,0
2014-11-26,36.46,36.84,36.12,36.81,370286,0
2014-11-28,36.8,37.23,36.23,36.45,236578,0
2014-12-01,36.26,36.6,35.27,35.48,523209,0
2014-12-02,35.68,36.7,35.15,36.47,376390,0
2014-12-03,36.73,37.34,36.26,36.84,416311,0
2014-12-04,36.91,37.23,36.21,36.4,361657,0
2014-12-05,36.03,37.8,35.85,37.65,422776,0
2014-12-08,37.67,38.81,37.3,37.85,663587,0
2014-12-09,37.24,39.33,37.21,38.78,590691,0
2014-12-10,38.78,39.205,37.67,38.29,418250,0
2014-12-11,38.69,39.9,35.96,38.64,362592,0
2014-12-12,38.22,39.09,37.96,38.7,324019,0
2014-12-15,39.42,39.9,38.02,38.4,669463,0
2014-12-16,38.31,39.77,37.94,38.25,458904,0
2014-12-17,38.25,39.7,38.08,38.47,640721,0
2014-12-18,39.11,40.4,38.57,40.35,518250,0
2014-12-19,40.24,40.58,38.23,40.06,1532488,0
2014-12-22,40.03,40.75,39.25,40.05,468750,0
2014-12-23,40.33,40.33,37.95,38.4,427273,0
2014-12-24,38.47,39.83,38.18,39.14,183377,0
2014-12-26,39.12,39.835,38.709,39.66,266076,0
2014-12-29,39.74,41.12,39.6,41.07,383678,0
2014-12-30,40.86,41.18,40.45,40.64,306013,0
2014-12-31,40.67,41.65,40.5,40.87,305596,0
2015-01-02,41.27,41.683,40.04,40.51,383353,0
2015-01-05,40.34,40.64,39.39,40.36,772409,0
2015-01-06,40.51,41.2,39.55,40.12,504388,0
2015-01-07,40.43,41.99,40.07,41.82,551043,0
2015-01-08,44.015,44.015,40.9,41.94,1354578,0
2015-01-09,42.0,42.33,41.27,42.08,712239,0
2015-01-12,42.4,43.89,42.16,43.44,790585,0
2015-01-13,43.95,45.45,43.69,44.23,825809,0
2015-01-14,43.81,44.89,42.83,42.93,944313,0
2015-01-15,43.04,43.81,41.13,41.28,647579,0
2015-01-16,41.12,42.72,41.12,42.59,717441,0
2015-01-20,42.76,44.33,42.08,43.91,505049,0
2015-01-21,43.9,44.17,42.53,42.82,353071,0
2015-01-22,43.28,43.85,42.13,43.55,446171,0
2015-01-23,43.39,43.77,42.68,43.76,282471,0
2015-01-26,43.87,44.99,43.3,44.5,527225,0
2015-01-27,44.08,44.3,43.33,43.7,412729,0
2015-01-28,44.12,44.16,42.45,42.54,488941,0
2015-01-29,42.88,42.88,41.76,42.0,802096,0
2015-01-30,41.85,42.974,41.36,41.55,750444,0
2015-02-02,41.76,42.78,40.1,40.89,864279,0
2015-02-03,40.9,41.45,40.0,40.79,581404,0
2015-02-04,40.27,40.4,39.31,40.265,689749,0
2015-02-05,40.35,42.57,40.35,42.3,744683,0
2015-02-06,42.13,42.41,40.38,40.4,622642,0
2015-02-09,40.28,40.78,39.75,39.91,545279,0
2015-02-10,40.42,41.09,35.83,36.06,3167888,0
2015-02-11,36.0,37.75,35.75,36.89,2645861,0
2015-02-12,38.39,38.62,35.08,36.65,1452533,0
2015-02-13,36.89,36.96,36.11,36.14,816681,0
2015-02-17,36.4,37.53,36.2,37.44,761382,0
2015-02-18,37.45,37.78,37.12,37.48,763861,0
2015-02-19,38.44,38.47,37.55,37.94,1181344,0
2015-02-20,37.97,38.258,37.25,37.41,955252,0
2015-02-23,37.72,37.89,36.75,37.19,808109,0
2015-02-24,37.35,37.46,36.44,36.55,534773,0
2015-02-25,36.48,36.64,35.96,36.04,1041752,0
2015-02-26,35.45,35.935,35.18,35.56,1007835,0
2015-02-27,35.22,35.65,33.08,33.84,1445053,0
2015-03-02,34.01,35.16,33.7,35.01,1171000,0
2015-03-03,35.0,35.65,34.64,35.2,567800,0
2015-03-04,35.0,36.1,34.73,35.74,473000,0
2015-03-05,35.72,36.83,35.18,35.3,471900,0
2015-03-06,35.22,35.29,34.6,34.74,373700,0
2015-03-09,34.88,35.15,33.75,33.88,500900,0
2015-03-10,33.63,36.05,33.5,35.43,871300,0
2015-03-11,35.71,35.97,34.73,35.18,674800,0
2015-03-12,35.25,35.4,33.74,34.25,797200,0
2015-03-13,34.3,34.93,33.91,34.35,462800,0
2015-03-16,34.65,35.03,34.0,34.47,455000,0
2015-03-17,34.25,34.69,33.66,33.96,693500,0
2015-03-18,34.02,34.42,33.56,34.0,755800,0
2015-03-19,34.05,35.28,33.91,35.13,724200,0
2015-03-20,35.42,35.89,34.4,34.74,1032900,0
2015-03-23,34.7,34.96,34.15,34.72,518700,0
2015-03-24,34.84,35.57,34.66,34.76,700300,0
2015-03-25,34.94,35.15,33.13,33.63,946400,0
2015-03-26,33.62,33.99,32.39,32.94,611700,0
2015-03-27,32.81,34.35,32.71,34.2,585300,0
2015-03-30,34.63,34.65,33.6,33.91,446600,0
2015-03-31,33.79,34.07,33.22,33.28,469391,0
2015-04-01,33.31,33.63,32.66,33.57,761700,0
2015-04-02,33.67,33.97,32.74,33.51,513200,0
2015-04-06,33.2,33.71,32.88,33.01,387500,0
2015-04-07,33.06,33.77,33.06,33.37,482580,0
2015-04-08,33.49,34.41,33.13,34.01,741700,0
2015-04-09,33.87,34.46,33.78,33.85,482187,0
2015-04-10,33.94,34.51,33.88,34.46,382100,0
2015-04-13,34.38,34.87,34.27,34.82,411900,0
2015-04-14,34.62,34.88,33.98,34.2,369800,0
2015-04-15,34.23,35.44,33.67,35.18,581152,0
2015-04-16,34.9,35.24,34.55,34.68,384508,0
2015-04-17,34.5,34.88,33.71,34.49,623500,0
2015-04-20,34.41,35.44,33.63,34.89,623006,0
2015-04-21,35.13,35.44,34.48,34.67,309639,0
2015-04-22,34.7,34.724,33.01,33.34,743328,0
2015-04-23,33.05,33.77,33.01,33.5,738200,0
2015-04-24,33.41,33.64,33.06,33.12,409820,0
2015-04-27,33.32,33.38,31.21,31.44,707000,0
2015-04-28,31.47,31.87,30.23,31.04,723783,0
2015-04-29,30.95,31.83,30.65,31.67,1100000,0
2015-04-30,32.02,32.65,29.1,30.07,1234800,0
2015-05-01,30.15,30.61,28.81,29.77,855800,0
2015-05-04,30.01,31.35,30.01,30.84,793800,0
2015-05-05,30.64,30.99,28.87,29.14,786600,0
2015-05-06,29.28,29.86,28.81,29.35,549241,0
2015-05-07,29.46,29.89,28.97,29.75,903527,0
2015-05-08,29.99,30.57,29.86,30.34,535300,0
2015-05-11,30.47,30.74,30.13,30.2,645000,0
2015-05-12,29.94,30.27,29.43,29.965,330144,0
2015-05-13,29.9,29.98,29.59,29.79,420240,0
2015-05-14,29.78,30.37,29.4,29.9,357300,0
2015-05-15,29.85,30.27,29.63,30.04,445535,0
2015-05-18,29.96,30.77,29.77,30.71,404265,0
2015-05-19,30.8,31.4,30.59,31.4,612440,0
2015-05-20,31.52,32.0,30.64,31.95,1161105,0
2015-05-21,32.03,32.59,31.65,32.26,821500,0
2015-05-22,32.08,32.19,31.92,32.01,476000,0
2015-05-26,31.85,32.23,31.32,31.61,698058,0
2015-05-27,31.77,31.92,31.28,31.49,471400,0
2015-05-28,31.33,31.35,30.43,30.48,490148,0
2015-05-29,30.46,30.8,29.97,30.48,543600,0
2015-06-01,30.765,30.885,30.04,30.37,488473,0
2015-06-02,28.92,30.12,28.52,29.99,1709118,0
2015-06-03,30.17,30.64,29.66,30.25,724500,0
2015-06-04,30.07,30.81,29.95,30.4,575900,0
2015-06-05,30.6,30.92,30.04,30.85,384200,0
2015-06-08,30.63,31.21,30.63,30.89,374600,0
2015-06-09,30.66,30.69,30.17,30.49,586929,0
2015-06-10,30.41,30.73,30.36,30.63,409049,0
2015-06-11,30.78,31.15,30.57,31.03,270675,0
2015-06-12,31.02,31.9,30.98,31.55,503900,0
2015-06-15,31.52,32.22,30.98,32.19,882800,0
2015-06-16,32.18,33.5,32.18,33.31,880400,0
2015-06-17,33.34,33.84,33.17,33.63,653600,0
2015-06-18,33.73,34.34,33.59,34.06,657600,0
2015-06-19,33.92,34.54,33.22,34.46,649800,0
2015-06-22,34.38,35.7,34.04,35.44,746000,0
2015-06-23,35.38,35.39,34.32,34.87,468122,0
2015-06-24,34.8,35.4,34.11,34.27,572700,0
2015-06-25,34.52,34.52,33.88,34.21,450700,0
2015-06-26,34.35,34.37,33.31,33.93,614900,0
2015-06-29,33.72,34.24,33.33,33.43,823000,0
2015-06-30,33.8,34.24,33.19,33.33,876855,0
2015-07-01,33.51,33.83,31.93,32.09,801200,0
2015-07-02,32.0,32.2,31.6,32.08,359300,0
2015-07-06,31.89,32.96,31.6,32.49,330300,0
2015-07-07,32.64,33.61,32.0,33.5,585700,0
2015-07-08,33.3,33.38,32.47,32.71,482500,0
2015-07-09,33.02,33.7,32.71,33.42,443300,0
2015-07-10,33.72,34.3,33.33,34.07,395400,0
2015-07-13,33.98,34.87,33.98,34.61,366100,0
2015-07-14,34.72,35.36,34.61,35.24,274163,0
2015-07-15,35.55,36.28,35.2,35.49,571865,0
2015-07-16,35.54,35.82,34.92,35.25,492400,0
2015-07-17,35.35,35.4,34.49,34.78,461600,0
2015-07-20,34.81,35.55,34.55,35.29,332400,0
2015-07-21,35.23,35.44,34.37,34.46,309800,0
2015-07-22,34.4,35.24,33.87,35.23,327600,0
2015-07-23,35.31,35.65,34.71,34.75,262700,0
2015-07-24,34.47,34.8,33.59,33.71,418500,0
2015-07-27,33.56,34.28,32.87,34.12,307500,0
2015-07-28,34.36,35.12,33.63,34.61,464100,0
2015-07-29,34.66,34.97,33.38,33.78,494800,0
2015-07-30,34.02,34.39,32.27,34.23,735900,0
2015-07-31,34.75,34.75,33.47,34.36,488700,0
2015-08-03,34.52,35.16,34.07,34.74,476521,0
2015-08-04,34.89,34.94,34.29,34.53,324800,0
2015-08-05,34.63,35.09,34.18,34.54,246800,0
2015-08-06,34.72,34.84,32.26,32.82,461487,0
2015-08-07,32.63,33.23,31.5,32.15,497500,0
2015-08-10,32.18,32.73,31.71,32.37,473200,0
2015-08-11,32.42,32.61,31.55,31.93,312067,0
2015-08-12,31.47,32.32,31.16,32.17,376200,0
2015-08-13,32.29,32.55,31.5,31.65,235500,0
2015-08-14,31.74,32.0,30.98,31.84,252900,0
2015-08-17,31.6,32.41,31.39,32.39,330700,0
2015-08-18,32.4,32.4,31.05,31.15,288000,0
2015-08-19,30.88,31.09,30.37,30.48,379500,0
2015-08-20,30.3,30.64,29.16,29.21,567600,0
2015-08-21,28.63,30.72,28.63,29.9,1005000,0
2015-08-24,28.39,30.2,27.92,28.96,730576,0
2015-08-25,35.1,35.19,31.24,31.37,5449500,0
2015-08-26,32.18,32.65,30.51,31.96,1399900,0
2015-08-27,32.24,32.47,30.7,31.69,1105900,0
2015-08-28,31.64,32.79,31.64,32.73,1074500,0
2015-08-31,32.49,33.39,31.53,31.97,901100,0
2015-09-01,31.32,32.51,30.94,31.77,968700,0
2015-09-02,32.09,32.59,31.4,32.56,839300,0
2015-09-03,32.33,33.1,31.8,31.86,571300,0
2015-09-04,31.46,32.4,31.2,31.71,542600,0
2015-09-08,32.28,33.43,31.53,33.36,366900,0
2015-09-09,33.45,33.45,32.5,32.59,394400,0
2015-09-10,32.53,33.26,32.4,32.93,269280,0
2015-09-11,32.8,33.53,32.58,33.07,386500,0
2015-09-14,33.09,33.18,32.01,32.38,416400,0
2015-09-15,32.5,32.84,32.13,32.18,319300,0
2015-09-16,32.28,32.62,31.43,31.99,274900,0
2015-09-17,31.9,32.9,31.595,32.55,279111,0
2015-09-18,32.18,32.72,31.95,32.18,470600,0
2015-09-21,32.52,32.6,30.51,30.8,576400,0
2015-09-22,30.53,30.78,29.67,29.99,528500,0
2015-09-23,30.03,30.42,29.23,29.8,408527,0
2015-09-24,29.6,29.79,28.98,29.54,443289,0
2015-09-25,29.68,29.68,27.06,27.83,653000,0
2015-09-28,27.8,27.81,25.91,26.21,1362461,0
2015-09-29,26.3,27.58,25.5,25.78,1085500,0
2015-09-30,26.1,27.13,25.82,26.51,1089500,0
2015-10-01,26.61,27.71,26.06,27.46,3208200,0
2015-10-02,26.99,28.15,26.51,28.05,1426800,0
2015-10-05,30.1,32.48,29.765,31.42,2490703,0
2015-10-06,31.12,31.18,28.98,29.71,1217200,0
2015-10-07,29.82,31.05,28.895,29.94,1132052,0
2015-10-08,29.72,30.2,28.96,30.11,581500,0
2015-10-09,30.19,30.74,29.74,29.89,405800,0
2015-10-12,30.14,30.53,29.83,30.04,480663,0
2015-10-13,29.8,30.86,29.47,29.72,576400,0
2015-10-14,29.63,30.55,29.47,29.92,625900,0
2015-10-15,29.83,31.03,29.31,30.91,702900,0
2015-10-16,31.26,31.46,30.44,30.79,412500,0
2015-10-19,30.61,31.43,30.06,31.0,451483,0
2015-10-20,30.89,31.3,30.31,30.4,467000,0
2015-10-21,30.88,32.67,30.39,31.71,1270600,0
2015-10-22,33.41,35.19,32.0,34.92,2372900,0
2015-10-23,35.36,36.81,34.72,36.14,1377400,0
2015-10-26,36.19,37.0,35.31,36.77,1006300,0
2015-10-27,36.61,38.22,36.4,37.2,949100,0
2015-10-28,37.05,37.7,36.68,37.31,684200,0
2015-10-29,36.76,37.74,36.11,36.2,904500,0
2015-10-30,36.42,36.91,35.91,36.04,696600,0
2015-11-02,36.32,37.68,36.07,37.06,1010479,0
2015-11-03,36.87,38.14,36.78,37.6,478037,0
2015-11-04,37.68,38.14,36.98,38.02,354672,0
2015-11-05,37.84,38.97,37.53,37.85,480200,0
2015-11-06,37.6,38.2,36.89,37.55,517300,0
2015-11-09,37.52,37.76,36.63,36.92,720857,0
2015-11-10,36.86,37.67,36.28,37.49,455600,0
2015-11-11,37.53,37.68,36.75,37.02,337200,0
2015-11-12,36.84,37.83,36.38,37.2,671100,0
2015-11-13,36.93,38.19,36.9,37.0,544200,0
2015-11-16,36.85,38.0,35.79,37.2,484600,0
2015-11-17,37.3,37.99,36.72,37.43,844300,0
2015-11-18,37.5,38.47,37.38,37.89,526600,0
2015-11-19,37.8,38.15,37.18,37.42,450600,0
2015-11-20,37.47,37.72,37.17,37.4,318100,0
2015-11-23,37.16,37.85,37.11,37.59,426700,0
2015-11-24,37.19,37.63,36.63,37.38,441600,0
2015-11-25,37.44,38.58,37.39,38.06,542600,0
2015-11-27,38.06,38.67,37.86,38.19,127400,0
2015-11-30,38.21,39.0,37.99,38.19,393800,0
2015-12-01,38.26,38.585,37.715,37.86,608110,0
2015-12-02,37.83,38.06,37.09,37.32,310169,0
2015-12-03,37.38,37.66,36.55,36.61,378728,0
2015-12-04,36.52,37.66,36.28,37.65,396900,0
2015-12-07,37.49,37.57,36.27,36.33,369200,0
2015-12-08,36.08,37.54,35.975,37.35,410589,0
2015-12-09,37.08,37.63,36.84,37.29,339100,0
2015-12-10,37.31,38.07,37.06,38.02,285100,0
2015-12-11,37.42,38.06,36.03,37.13,449500,0
2015-12-14,37.0,37.59,36.5,37.16,498321,0
2015-12-15,37.48,38.67,37.26,38.47,424400,0
2015-12-16,38.63,39.72,38.31,39.67,419000,0
2015-12-17,39.99,41.04,39.55,40.41,736600,0
2015-12-18,40.17,41.11,40.04,40.72,1547600,0
2015-12-21,41.05,42.0,40.18,41.97,596900,0
2015-12-22,41.96,43.0,41.82,42.98,869203,0
2015-12-23,43.04,43.27,41.47,42.95,654400,0
2015-12-24,42.95,43.24,42.45,42.95,169374,0
2015-12-28,42.8,43.29,42.36,42.73,319617,0
2015-12-29,43.05,43.47,42.61,43.25,306662,0
2015-12-30,43.08,43.57,42.72,43.03,309547,0
2015-12-31,42.87,43.63,42.72,42.74,303015,0
2016-01-04,41.97,42.46,39.77,42.25,783356,0
2016-01-05,42.38,42.665,41.68,42.04,411701,0
2016-01-06,41.49,42.02,40.66,41.68,512857,0
2016-01-07,41.11,42.4,40.77,41.01,500278,0
2016-01-08,41.96,42.29,40.13,40.22,680863,0
2016-01-11,40.13,41.0,38.64,39.98,963474,0
2016-01-12,40.11,41.5,39.67,41.24,525751,0
2016-01-13,41.57,41.72,38.16,38.31,908717,0
2016-01-14,38.3,39.8,36.47,39.25,577849,0
2016-01-15,38.09,40.13,37.56,39.9,598757,0
2016-01-19,40.05,40.29,36.6,37.55,1232800,0
2016-01-20,36.86,39.67,35.39,37.99,1265852,0
2016-01-21,37.78,38.81,36.66,37.51,888723,0
2016-01-22,38.09,38.905,36.26,38.0,879372,0
2016-01-25,37.68,40.5699,36.85,39.89,997137,0
2016-01-26,39.73,39.73,38.49,38.96,789127,0
2016-01-27,38.96,39.995,37.64,37.78,647538,0
2016-01-28,38.14,38.28,35.89,36.29,572654,0
2016-01-29,35.95,37.21,35.5,36.82,638348,0
2016-02-01,36.64,38.27,36.2,37.92,409422,0
2016-02-02,37.52,38.13,36.7901,37.17,331875,0
2016-02-03,37.31,38.43,36.39,37.88,461964,0
2016-02-04,37.59,39.02,37.06,37.28,424806,0
2016-02-05,37.22,37.64,36.423,36.67,372231,0
2016-02-08,36.01,36.75,34.54,35.58,450875,0
2016-02-09,34.73,36.81,34.06,35.35,698129,0
2016-02-10,35.66,37.65,35.37,36.22,932275,0
2016-02-11,35.5,36.27,32.2,33.48,906975,0
2016-02-12,33.5,34.17,33.0,33.63,826949,0
2016-02-16,34.12,35.04,34.12,34.4,506035,0
2016-02-17,34.53,36.32,33.85,35.84,831661,0
2016-02-18,36.16,36.62,34.06,34.15,556724,0
2016-02-19,34.05,34.41,33.26,34.29,508522,0
2016-02-22,34.78,35.36,34.39,34.84,453045,0
2016-02-23,34.58,35.12,33.85,33.95,506026,0
2016-02-24,33.63,33.83,32.54,33.66,437451,0
2016-02-25,33.88,34.78,33.0,33.57,346989,0
2016-02-26,33.56,34.1964,32.79,33.01,494871,0
2016-02-29,33.1,33.675,32.413,32.71,476527,0
2016-03-01,33.03,34.35,32.53,34.31,450361,0
2016-03-02,34.11,36.31,33.17,35.53,582653,0
2016-03-03,35.43,36.895,34.73,35.47,480987,0
2016-03-04,35.43,36.85,35.04,36.0,377353,0
2016-03-07,35.78,37.36,35.33,37.05,478533,0
2016-03-08,36.95,37.2,35.19,35.34,323409,0
2016-03-09,35.39,36.4,34.63,36.03,450051,0
2016-03-10,36.13,36.83,34.42,34.71,341144,0
2016-03-11,34.9,36.18,31.0,32.0,2423897,0
2016-03-14,31.75,32.27,29.28,29.45,2898060,0
2016-03-15,29.45,29.7999,28.0605,28.14,2184131,0
2016-03-16,28.18,28.27,26.37,26.79,2492326,0
2016-03-17,26.91,26.95,25.1601,25.61,1483063,0
2016-03-18,25.76,26.85,25.52,26.43,1903365,0
2016-03-21,26.1,27.275,25.81,25.93,940044,0
2016-03-22,25.9,27.81,25.9,27.33,1523869,0
2016-03-23,27.34,27.68,25.57,25.71,694906,0
2016-03-24,25.67,26.39,25.11,25.79,1013957,0
2016-03-28,25.9,26.39,24.9,25.38,675405,0
2016-03-29,25.31,26.17,24.83,26.11,890062,0
2016-03-30,25.3,26.64,25.01,26.38,813342,0
2016-03-31,26.21,26.96,26.21,26.45,795388,0
2016-04-01,26.35,27.11,25.66,27.09,776049,0
2016-04-04,27.09,27.23,25.95,26.05,629814,0
2016-04-05,25.89,26.67,25.6587,26.41,892778,0
2016-04-06,26.54,28.05,26.54,27.98,1201954,0
2016-04-07,27.8,28.281,27.35,27.44,790262,0
2016-04-08,27.8,28.06,27.01,27.66,941037,0
2016-04-11,27.86,28.06,27.26,27.41,516873,0
2016-04-12,27.5,28.0,27.35,27.68,439517,0
2016-04-13,27.85,28.6,27.31,28.42,404752,0
2016-04-14,28.51,28.569,27.76,28.1,435619,0
2016-04-15,28.08,28.64,27.95,28.54,200905,0
2016-04-18,28.4,28.97,28.25,28.7,258441,0
2016-04-19,28.68,29.13,28.1,28.49,288665,0
2016-04-20,28.64,29.41,28.55,29.15,487503,0
2016-04-21,29.04,29.72,28.7531,29.72,354223,0
2016-04-22,29.68,30.25,29.26,30.12,410404,0
2016-04-25,30.2,30.68,30.0,30.06,365261,0
2016-04-26,30.0,30.31,28.03,29.04,471216,0
2016-04-27,28.92,29.44,28.45,28.91,304335,0
2016-04-28,28.96,30.47,27.23,27.34,470483,0
2016-04-29,27.05,27.11,25.11,25.85,691461,0
2016-05-02,25.86,27.22,25.42,27.19,620733,0
2016-05-03,26.75,27.06,25.64,25.69,338596,0
2016-05-04,25.56,25.85,25.02,25.46,424802,0
2016-05-05,25.68,26.3489,25.3,25.64,336146,0
2016-05-06,25.41,26.22,25.35,26.11,405721,0
2016-05-09,26.24,27.59,26.24,27.13,452806,0
2016-05-10,27.26,27.43,26.8,27.36,253772,0
2016-05-11,27.19,27.6417,26.35,26.4,208972,0
2016-05-12,26.54,26.54,25.79,26.26,423771,0
2016-05-13,26.13,26.62,25.82,26.41,397480,0
2016-05-16,26.56,27.1,26.02,26.88,612263,0
2016-05-17,26.83,26.98,25.77,26.25,502616,0
2016-05-18,26.11,26.55,25.98,26.54,449155,0
2016-05-19,26.41,26.41,25.7,25.71,332656,0
2016-05-20,25.5,26.35,23.85,26.31,621821,0
2016-05-23,26.33,26.9,26.11,26.65,491573,0
2016-05-24,26.81,27.7,26.09,27.59,325005,0
2016-05-25,27.66,28.21,27.07,27.21,274793,0
2016-05-26,27.24,27.44,26.81,26.88,335324,0
2016-05-27,26.97,27.62,26.855,27.29,564341,0
2016-05-31,27.42,28.91,27.305,28.45,501496,0
2016-06-01,28.45,29.11,28.1,28.95,402779,0
2016-06-02,28.86,29.57,28.8,29.1,536181,0
2016-06-03,29.1,29.2,28.17,28.9,500413,0
2016-06-06,29.05,29.77,28.53,29.7,280067,0
2016-06-07,29.51,29.51,28.23,28.26,444584,0
2016-06-08,28.41,28.49,27.5,27.93,414428,0
2016-06-09,27.82,28.28,27.411,27.52,182049,0
2016-06-10,27.2,27.41,26.65,27.07,133923,0
2016-06-13,26.98,27.3,26.14,26.22,305867,0
2016-06-14,26.17,26.71,25.61,25.75,528208,0
2016-06-15,25.98,26.28,25.76,26.16,432330,0
2016-06-16,25.93,26.27,25.4928,25.77,194772,0
2016-06-17,25.86,25.93,25.34,25.75,728293,0
2016-06-20,26.0,26.72,25.24,25.29,532995,0
2016-06-21,25.22,25.37,24.5895,25.08,370535,0
2016-06-22,25.09,26.37,24.94,25.25,350905,0
2016-06-23,25.6,26.68,25.58,26.31,607584,0
2016-06-24,25.27,25.92,25.128,25.26,443526,0
2016-06-27,24.98,25.5,24.4,24.48,529085,0
2016-06-28,24.75,25.43,24.75,25.31,317339,0
2016-06-29,25.69,25.951,24.92,25.39,416690,0
2016-06-30,25.32,25.64,25.03,25.505,298403,0
2016-07-01,25.56,26.24,25.19,25.99,411917,0
2016-07-05,25.8,26.035,25.23,25.45,199520,0
2016-07-06,25.29,26.03,25.27,25.78,333108,0
2016-07-07,25.79,25.93,25.29,25.65,287808,0
2016-07-08,25.66,26.3,25.54,26.21,460900,0
2016-07-11,26.32,26.9604,25.44,25.57,518135,0
2016-07-12,25.87,25.96,25.02,25.22,445534,0
2016-07-13,25.4,25.6,24.4,24.51,452437,0
2016-07-14,24.76,25.04,24.21,25.01,549552,0
2016-07-15,25.2,25.39,24.81,25.29,468254,0
2016-07-18,25.33,25.36,24.93,25.13,239570,0
2016-07-19,25.04,25.28,24.245,24.29,343462,0
2016-07-20,24.54,26.17,24.35,25.98,618309,0
2016-07-21,26.24,26.325,25.19,25.41,309050,0
2016-07-22,25.46,26.12,25.22,25.6,245355,0
2016-07-25,25.67,26.22,25.45,26.05,248054,0
2016-07-26,25.81,26.15,25.211,25.91,176253,0
2016-07-27,25.91,26.73,25.91,26.71,423722,0
2016-07-28,25.29,26.2,24.0,24.95,815735,0
2016-07-29,24.6,25.47,24.24,25.28,625626,0
2016-08-01,25.24,25.68,25.05,25.13,340913,0
2016-08-02,24.72,25.375,24.55,24.97,373686,0
2016-08-03,24.91,25.24,24.54,24.9,550444,0
2016-08-04,25.0,25.3999,24.83,24.99,388585,0
2016-08-05,25.12,25.33,24.7,24.72,454248,0
2016-08-08,24.64,25.08,23.96,24.21,398802,0
2016-08-09,24.16,24.385,23.81,23.99,498618,0
2016-08-10,23.94,24.25,23.59,23.75,393040,0
2016-08-11,23.79,24.41,23.6,24.02,323401,0
2016-08-12,23.93,24.47,23.86,24.22,260255,0
2016-08-15,24.24,24.76,24.16,24.26,379327,0
2016-08-16,24.22,24.35,23.92,24.05,314158,0
2016-08-17,24.16,24.38,23.96,24.19,408963,0
2016-08-18,24.12,25.24,24.09,25.0,350920,0
2016-08-19,24.98,25.288,24.3601,24.85,401524,0
2016-08-22,24.93,26.12,24.79,25.94,636677,0
2016-08-23,26.09,26.14,25.6,25.62,330640,0
2016-08-24,25.6,25.92,24.19,24.3,281304,0
2016-08-25,24.21,24.99,23.9,24.48,318565,0
2016-08-26,24.63,25.009,24.05,24.3,308923,0
2016-08-29,24.35,24.9669,24.26,24.53,257731,0
2016-08-30,24.44,24.81,24.19,24.53,254936,0
2016-08-31,24.44,24.76,24.07,24.08,219673,0
2016-09-01,24.21,24.63,24.02,24.34,268100,0
2016-09-02,24.44,24.59,24.115,24.27,158549,0
2016-09-06,24.28,24.73,24.16,24.45,181396,0
2016-09-07,24.47,24.92,24.36,24.5,462509,0
2016-09-08,24.51,25.21,24.35,24.88,519333,0
2016-09-09,24.64,24.73,23.72,23.75,488727,0
2016-09-12,23.75,24.95,23.75,24.94,262379,0
2016-09-13,24.73,25.11,24.4,24.87,188490,0
2016-09-14,24.97,25.25,24.525,25.06,300524,0
2016-09-15,25.03,25.912,24.73,25.71,402718,0
2016-09-16,25.68,26.42,25.34,26.34,841483,0
2016-09-19,26.6,26.79,26.17,26.69,339445,0
2016-09-20,26.84,26.84,26.33,26.36,551450,0
2016-09-21,26.43,27.12,26.3,27.07,581336,0
2016-09-22,27.06,27.26,26.82,27.22,501348,0
2016-09-23,27.24,27.62,27.02,27.29,322582,0
2016-09-26,25.0,25.0,22.81,22.99,2449388,0
2016-09-27,23.1,23.25,21.92,22.06,1167036,0
2016-09-28,22.25,22.3569,21.7,21.99,1340908,0
2016-09-29,21.86,22.08,20.58,20.65,699195,0
2016-09-30,20.75,21.15,20.51,20.88,790660,0
2016-10-03,20.76,20.94,20.65,20.83,832455,0
2016-10-04,20.77,21.09,20.18,20.46,593342,0
2016-10-05,20.59,21.16,20.31,20.67,583313,0
2016-10-06,20.48,20.84,20.36,20.71,330329,0
2016-10-07,20.82,20.82,19.724,19.82,466162,0
2016-10-10,20.06,20.44,19.91,20.19,660878,0
2016-10-11,20.02,20.11,19.27,19.57,495671,0
2016-10-12,19.64,19.885,18.78,19.0,628064,0
2016-10-13,18.89,20.26,18.89,19.98,583342,0
2016-10-14,20.04,20.62,19.61,19.63,450953,0
2016-10-17,19.7,20.05,19.35,19.8,422685,0
2016-10-18,20.25,20.6295,20.1025,20.15,323469,0
2016-10-19,20.3,20.35,19.8,20.1,313406,0
2016-10-20,20.05,20.475,19.8,20.2,362499,0
2016-10-21,20.15,20.55,20.0,20.1,306315,0
2016-10-24,20.3,20.4,20.0,20.1,369210,0
2016-10-25,20.25,20.4,19.55,19.6,335225,0
2016-10-26,19.6,20.225,19.5,19.75,610273,0
2016-10-27,19.75,20.3,18.1,18.25,649786,0
2016-10-28,18.05,18.25,16.85,17.7,850760,0
2016-10-31,17.85,18.1,17.45,17.7,586725,0
2016-11-01,17.6,18.0,17.25,17.75,666607,0
2016-11-02,17.75,18.2,17.55,17.55,579356,0
2016-11-03,17.7,17.7,16.4,16.45,733747,0
2016-11-04,16.45,17.425,16.45,16.9,716596,0
2016-11-07,17.25,18.0,17.0,17.8,398856,0
2016-11-08,17.8,18.3,17.5686,18.0,355519,0
2016-11-09,19.05,20.4,18.8,19.95,737499,0
2016-11-10,20.1,20.95,20.1,20.6,1031692,0
2016-11-11,20.45,21.1,20.0,20.75,453927,0
2016-11-14,20.9,21.65,20.7,21.4,473207,0
2016-11-15,21.4,21.4,20.55,20.85,410835,0
2016-11-16,20.65,20.775,20.2,20.4,336655,0
2016-11-17,20.35,21.25,19.5,21.25,409902,0
2016-11-18,21.25,21.6,21.1,21.3,355281,0
2016-11-21,19.75,20.65,19.5,20.4,888756,0
2016-11-22,20.75,21.6,20.55,20.8,717799,0
2016-11-23,20.25,21.85,20.1,21.7,595140,0
2016-11-25,21.8,21.85,21.075,21.2,297365,0
2016-11-28,21.2,21.65,20.0,20.6,470216,0
2016-11-29,20.7,21.75,20.5,20.65,934995,0
2016-11-30,21.2,21.8,20.6,20.8,482076,0
2016-12-01,20.95,21.35,20.2,20.25,486952,0
2016-12-02,20.2,20.5,19.851,20.3,369084,0
2016-12-05,20.6,21.3,20.45,21.2,312705,0
2016-12-06,21.25,21.8,20.85,21.65,349456,0
2016-12-07,21.2,21.5,20.0,20.5,482483,0
2016-12-08,20.4,21.35,20.3,21.2,293434,0
2016-12-09,21.25,22.15,20.975,21.4,351308,0
2016-12-12,21.25,21.6,20.65,21.2,346734,0
2016-12-13,21.35,21.55,20.8,21.15,817896,0
2016-12-14,21.1,21.4999,20.3,20.7,530098,0
2016-12-15,20.8,21.55,20.6,21.4,444949,0
2016-12-16,21.4,21.4,19.8,20.1,1156094,0
2016-12-19,19.95,20.25,18.5,18.7,600358,0
2016-12-20,18.75,19.0,18.425,18.65,668245,0
2016-12-21,18.55,18.95,18.3,18.5,473491,0
2016-12-22,18.4,18.7,17.9001,18.15,481124,0
2016-12-23,18.05,18.3,17.75,18.15,618350,0
2016-12-27,18.1,19.0,18.1,18.35,350380,0
2016-12-28,18.45,18.75,18.0,18.15,382196,0
2016-12-29,18.25,18.55,18.05,18.35,278089,0
2016-12-30,18.35,19.25,18.2,18.8,974085,0
2017-01-03,18.9,19.7,18.85,19.5,602845,0
2017-01-04,19.65,20.6,19.6,20.5,471937,0
2017-01-05,20.45,21.05,20.1,20.75,510318,0
2017-01-06,20.95,21.5,20.8,21.15,529625,0
2017-01-09,21.45,21.6,20.7,21.3,466592,0
2017-01-10,21.4,21.65,20.85,21.35,463417,0
2017-01-11,21.3,21.45,20.3,20.75,527206,0
2017-01-12,20.55,21.1,20.001,20.8,424996,0
2017-01-13,20.8,21.6,20.8,21.4,430184,0
2017-01-17,21.25,21.45,20.4,20.5,441879,0
2017-01-18,20.6,21.1,20.4,21.1,559206,0
2017-01-19,21.15,21.55,20.6,20.7,359781,0
2017-01-20,20.75,21.25,20.7,21.0,602148,0
2017-01-23,21.05,21.25,20.3,20.65,697848,0
2017-01-24,20.8,21.2499,20.5001,20.85,481192,0
2017-01-25,21.05,21.2999,20.7,21.15,420179,0
2017-01-26,21.15,21.25,20.5,20.95,404247,0
2017-01-27,20.95,20.95,19.65,20.2,742345,0
2017-01-30,20.2,21.0,19.5,19.6,420245,0
2017-01-31,19.45,20.7,19.3,20.5,615053,0
2017-02-01,20.85,21.25,20.15,20.95,491061,0
2017-02-02,20.9,21.35,20.7,21.1,365119,0
2017-02-03,21.35,21.65,21.0,21.55,413227,0
2017-02-06,21.55,22.0,21.5,21.95,363287,0
2017-02-07,21.95,21.95,20.9,21.2,422923,0
2017-02-08,21.05,21.05,19.95,20.4,637181,0
2017-02-09,22.65,24.65,22.0,24.65,5034882,0
2017-02-10,25.45,26.15,24.5,24.8,2071035,0
2017-02-13,24.95,25.1,24.15,24.45,807690,0
2017-02-14,23.65,24.8,23.25,23.85,1449615,0
2017-02-15,24.85,26.05,24.15,25.4,1070504,0
2017-02-16,25.4,25.4,24.425,25.3,906082,0
2017-02-17,25.15,25.55,24.7,25.3,522679,0
2017-02-21,25.4,25.75,24.85,25.3,635892,0
2017-02-22,25.15,25.55,25.05,25.25,512613,0
2017-02-23,25.25,25.25,24.5,25.0,473477,0
2017-02-24,24.9,25.15,24.35,24.9,398539,0
2017-02-27,24.85,27.85,24.8,27.4,1263101,0
2017-02-28,27.4,28.55,26.35,26.45,1406267,0
2017-03-01,26.85,27.8,26.35,27.475,828578,0
2017-03-02,27.35,27.825,26.65,27.2,801348,0
2017-03-03,27.15,27.45,26.95,27.25,569287,0
2017-03-06,27.1,27.5,26.65,27.15,604588,0
2017-03-07,26.8,27.7,26.3,27.2,822481,0
2017-03-08,27.2,28.55,27.15,28.3,929615,0
2017-03-09,28.3,33.0,27.25,30.15,4043881,0
2017-03-10,30.25,30.355,28.05,28.15,1432217,0
2017-03-13,29.0,29.45,27.9,28.3,831693,0
2017-03-14,28.65,28.6999,27.25,27.3,687909,0
2017-03-15,27.35,28.6,27.0,28.1,942940,0
2017-03-16,28.05,28.15,27.5,27.7,612482,0
2017-03-17,27.25,27.8,26.6,26.85,1380661,0
2017-03-20,26.85,27.4,26.7,27.0,530164,0
2017-03-21,27.5,27.5,25.55,25.6,612663,0
2017-03-22,25.55,25.9,25.1,25.55,484440,0
2017-03-23,25.55,26.2,25.3,25.4,429387,0
2017-03-24,25.45,25.6,25.1,25.4,493333,0
2017-03-27,25.15,26.65,25.05,26.4,526627,0
2017-03-28,26.5,27.0,25.75,26.1,304623,0
2017-03-29,26.1,29.75,25.55,26.95,1150990,0
2017-03-30,27.0,27.1,26.4,26.75,451178,0
2017-03-31,26.7,27.3,17.5,21.0,9553951,0
2017-04-03,20.05,20.4849,18.2,18.4,4880706,0
2017-04-04,18.35,18.65,17.6,18.05,1842399,0
2017-04-05,18.15,18.3,16.8,17.0,1654504,0
2017-04-06,17.05,17.4125,16.75,17.05,1505956,0
2017-04-07,16.95,17.15,16.55,16.6,1138398,0
2017-04-10,16.55,17.175,16.4557,17.05,1006160,0
2017-04-11,17.0,17.65,16.75,16.95,821243,0
2017-04-12,17.0,17.15,16.8,16.9,968544,0
2017-04-13,16.85,17.05,16.6,16.8,638594,0
2017-04-17,16.8,16.9,16.45,16.65,869788,0
2017-04-18,16.55,16.55,16.0,16.15,1060226,0
2017-04-19,16.2,16.35,15.8,15.95,971017,0
2017-04-20,16.0,16.3,15.8,15.95,625682,0
2017-04-21,15.9,16.05,15.6,15.85,705213,0
2017-04-24,16.1,16.25,15.825,16.0,1366201,0
2017-04-25,16.15,16.6,16.0,16.55,766215,0
2017-04-26,16.45,16.6,16.05,16.5,1001714,0
2017-04-27,16.5,16.5,15.3,15.55,1249711,0
2017-04-28,15.3,16.65,15.3,16.15,1672555,0
2017-05-01,16.25,16.825,16.05,16.5,856985,0
2017-05-02,16.6,16.65,15.875,16.1,1334809,0
2017-05-03,16.1,16.2,15.8,16.0,577004,0
2017-05-04,16.1,16.4,16.0,16.15,569982,0
2017-05-05,16.2,16.25,15.775,16.05,356404,0
2017-05-08,16.0,16.15,15.7,15.8,467123,0
2017-05-09,15.9,16.3,15.675,16.1,1095150,0
2017-05-10,16.1,16.2,15.6,15.7,473955,0
2017-05-11,15.6,16.3,15.6,16.2,819388,0
2017-05-12,16.15,16.225,15.65,15.7,741588,0
2017-05-15,15.8,15.9,15.6,15.65,609736,0
2017-05-16,15.75,15.8,15.4,15.5,431365,0
2017-05-17,15.25,15.5,14.9,15.025,656215,0
2017-05-18,15.0,15.3,15.0,15.2,435329,0
2017-05-19,15.15,15.6,15.15,15.25,712636,0
2017-05-22,15.2,15.4,14.85,15.3,921016,0
2017-05-23,15.3,15.6,14.95,15.1,454402,0
2017-05-24,15.05,15.3,14.95,15.15,404754,0
2017-05-25,15.2,15.2,14.4,14.55,638448,0
2017-05-26,14.5,14.6,14.15,14.25,893044,0
2017-05-30,14.25,14.3,14.0,14.1,685732,0
2017-05-31,14.15,14.35,13.6,13.8,1110747,0
2017-06-01,13.8,15.0,13.6,14.7,712623,0
2017-06-02,14.85,15.3,14.75,15.2,763225,0
2017-06-05,15.25,15.45,14.85,15.3,1195635,0
2017-06-06,16.6,17.1,15.0,15.35,3366978,0
2017-06-07,15.35,15.45,14.8,15.25,855643,0
2017-06-08,15.35,16.5,15.1728,16.2,1295906,0
2017-06-09,16.15,17.0297,16.055,16.9,1614536,0
2017-06-12,16.95,17.5,16.8,17.2,1637376,0
2017-06-13,17.15,17.35,16.75,17.1,1173905,0
2017-06-14,17.05,17.55,17.0,17.25,736720,0
2017-06-15,17.15,17.15,16.65,17.1,708910,0
2017-06-16,16.95,17.35,16.8,17.25,2435791,0
2017-06-19,17.35,17.9,17.2,17.8,574554,0
2017-06-20,17.8,18.4,17.4,18.15,946757,0
2017-06-21,18.35,18.8,18.15,18.7,1182075,0
2017-06-22,18.8,19.4,18.5,18.65,1144199,0
2017-06-23,18.6,19.6,18.55,19.45,1321354,0
2017-06-26,19.65,19.65,18.9,19.2,866587,0
2017-06-27,19.2,19.55,19.05,19.05,826154,0
2017-06-28,19.15,19.75,19.0,19.75,1272014,0
2017-06-29,19.75,19.9,19.35,19.55,627275,0
2017-06-30,19.55,20.0,19.35,19.7,446366,0
2017-07-03,19.85,20.15,19.6,20.1,423358,0
2017-07-05,20.0,20.75,19.85,20.5,801553,0
2017-07-06,20.25,20.5,20.05,20.25,565847,0
2017-07-07,20.35,20.85,20.125,20.85,550642,0
2017-07-10,20.8,20.8,20.25,20.45,506686,0
2017-07-11,20.3,20.6,19.9501,20.1,655632,0
2017-07-12,20.25,20.4,19.9,20.15,358734,0
2017-07-13,20.2,21.0,20.0,20.8,485317,0
2017-07-14,20.85,20.85,20.45,20.5,425279,0
2017-07-17,20.45,20.9,20.175,20.3,394571,0
2017-07-18,20.25,20.25,19.85,20.1,434801,0
2017-07-19,20.2,20.5,19.75,20.35,595967,0
2017-07-20,20.3,21.5,20.2,20.9,695535,0
2017-07-21,21.0,21.5,20.4,20.65,1012995,0
2017-07-24,20.65,22.5,20.3213,22.4,1089802,0
2017-07-25,22.55,23.2,22.3,22.85,1152198,0
2017-07-26,22.85,23.05,22.225,22.55,629078,0
2017-07-27,19.85,23.0,19.6,21.7,893914,0
2017-07-28,21.65,21.9,21.15,21.7,508823,0
2017-07-31,21.6,21.85,21.375,21.65,612582,0
2017-08-01,21.75,22.0,21.3,21.75,591054,0
2017-08-02,21.85,22.55,21.8,22.25,549251,0
2017-08-03,22.3,22.5,21.4,21.75,793300,0
2017-08-04,21.9,22.2,21.3,21.425,500694,0
2017-08-07,22.5,23.6754,21.95,22.2,781026,0
2017-08-08,22.05,22.225,21.1,21.2,413156,0
2017-08-09,21.05,21.1,20.55,20.65,411043,0
2017-08-10,20.5,20.925,20.15,20.45,463522,0
2017-08-11,20.55,21.45,20.15,21.35,432186,0
2017-08-14,21.45,21.95,21.4,21.65,302446,0
2017-08-15,21.75,21.85,21.2,21.2,230275,0
2017-08-16,21.3,21.65,21.0,21.55,310548,0
2017-08-17,21.4,22.35,21.0,21.85,685607,0
2017-08-18,21.65,22.125,21.4,21.9,421807,0
2017-08-21,21.8,22.15,21.5,21.85,320568,0
2017-08-22,21.95,22.975,21.9,22.9,408583,0
2017-08-23,22.75,22.8,22.05,22.65,351339,0
2017-08-24,22.65,23.05,22.35,23.0,462002,0
2017-08-25,23.55,25.55,23.2,25.15,1063937,0
2017-08-28,25.5,26.6,25.5,25.7,1094065,0
2017-08-29,18.05,19.85,17.95,19.45,8936732,0
2017-08-30,19.65,19.8,18.8165,19.55,1521006,0
2017-08-31,19.85,21.15,19.75,20.8,1321490,0
2017-09-01,21.25,22.535,20.85,21.7,1018390,0
2017-09-05,21.55,21.7999,21.1,21.65,784315,0
2017-09-06,21.75,23.25,21.45,22.8,896109,0
2017-09-07,22.85,23.95,22.25,22.25,898898,0
2017-09-08,22.25,23.15,22.1,22.8,561521,0
2017-09-11,23.0,23.45,22.6,23.2,625478,0
2017-09-12,23.1,23.4,22.9,23.2,431085,0
2017-09-13,23.2,23.5,22.975,23.05,474005,0
2017-09-14,23.05,23.45,22.9,23.1,527123,0
2017-09-15,23.15,23.25,22.7,22.95,1467154,0
2017-09-18,22.9,23.25,22.65,23.05,513834,0
2017-09-19,23.2,23.4,22.85,23.35,420553,0
2017-09-20,23.45,23.95,23.3,23.9,463890,0
2017-09-21,23.95,24.1,23.4,23.6,394843,0
2017-09-22,23.55,23.7,23.15,23.45,316739,0
2017-09-25,23.5,24.25,23.25,23.9,748855,0
2017-09-26,23.45,24.0,23.45,23.55,438062,0
2017-09-27,23.75,23.8,22.7,23.45,989080,0
2017-09-28,23.55,23.55,22.8,23.35,1061350,0
2017-09-29,23.45,23.8509,23.15,23.65,553498,0
2017-10-02,23.65,26.05,23.25,26.05,1738658,0
2017-10-03,25.75,26.35,24.6847,26.25,1356503,0
2017-10-04,26.3,26.8,25.65,25.7,627763,0
2017-10-05,25.6,26.75,25.25,26.65,663661,0
2017-10-06,26.25,26.45,24.7,25.5,753415,0
2017-10-09,25.4,25.65,24.9,25.05,387332,0
2017-10-10,25.35,25.45,24.85,25.35,321660,0
2017-10-11,25.45,26.35,25.2353,25.85,548359,0
2017-10-12,25.65,25.868,25.1,25.5,690234,0
2017-10-13,25.7,25.85,25.2,25.85,434011,0
2017-10-16,26.05,26.4,25.65,26.05,377654,0
2017-10-17,26.15,26.95,25.9,26.65,473303,0
2017-10-18,26.7,27.4034,26.6,27.05,655780,0
2017-10-19,26.75,27.1,26.35,26.7,464373,0
2017-10-20,26.9,27.6,26.5,27.2,619321,0
2017-10-23,27.05,27.299,26.05,26.2,505162,0
2017-10-24,26.2,26.6,25.65,26.1,486486,0
2017-10-25,26.15,26.45,24.7857,26.05,335205,0
2017-10-26,25.8,26.15,25.35,26.0,369250,0
2017-10-27,25.85,26.9,25.751,26.85,497333,0
2017-10-30,27.0,28.2,26.9,27.3,782114,0
2017-10-31,25.65,27.7,23.06,26.575,692023,0
2017-11-01,26.65,29.6,26.65,28.15,946216,0
2017-11-02,27.85,27.85,26.9,27.2,703291,0
2017-11-03,27.25,27.95,27.25,27.7,468022,0
2017-11-06,27.6,28.1,27.3,27.75,390462,0
2017-11-07,27.8,27.8,26.85,27.5,369955,0
2017-11-08,27.8,28.8,27.55,28.65,610965,0
2017-11-09,28.1,29.05,28.092,28.35,570590,0
2017-11-10,28.25,28.6,27.45,27.95,452062,0
