Date,Open,High,Low,Close,Volume,OpenInt
2014-01-02,18.49,18.67,18.14,18.39,143484,0
2014-01-03,18.4,18.58,17.83,17.92,126748,0
2014-01-06,17.95,18.14,17.53,17.6,202700,0
2014-01-07,17.71,18.01,17.61,17.66,125800,0
2014-01-08,17.69,18.24,17.62,18.22,232900,0
2014-01-09,18.34,18.34,17.95,18.01,163000,0
2014-01-10,18.0,18.09,17.55,17.68,129500,0
2014-01-13,17.57,17.76,17.12,17.4,170500,0
2014-01-14,17.46,17.76,17.03,17.63,112800,0
2014-01-15,17.73,18.0,17.61,17.85,109580,0
2014-01-16,17.85,18.5,17.85,18.42,250700,0
2014-01-17,18.45,18.49,18.1,18.27,155500,0
2014-01-21,18.33,18.45,17.92,18.25,174900,0
2014-01-22,18.24,18.45,18.13,18.34,200200,0
2014-01-23,18.26,18.416,18.0,18.24,143807,0
2014-01-24,18.15,18.38,17.95,18.25,308400,0
2014-01-27,18.24,18.99,18.125,18.85,449265,0
2014-01-28,18.93,19.54,18.6,19.5,583100,0
2014-01-29,19.3,19.75,19.24,19.54,297000,0
2014-01-30,19.74,19.75,19.42,19.49,241003,0
2014-01-31,19.2,19.44,18.92,18.99,242900,0
2014-02-03,19.0,19.1,18.08,18.37,192848,0
2014-02-04,18.41,19.105,18.338,19.06,164178,0
2014-02-05,19.412,19.412,18.411,18.66,202752,0
2014-02-06,18.88,19.2,18.57,19.05,155722,0
2014-02-07,19.05,19.75,18.75,19.68,167402,0
2014-02-10,19.66,20.1,19.34,20.04,212238,0
2014-02-11,20.16,20.24,19.66,20.03,314924,0
2014-02-12,20.02,20.4,20.02,20.15,156405,0
2014-02-13,20.06,20.71,19.99,20.46,143348,0
2014-02-14,20.49,20.72,20.36,20.59,121349,0
2014-02-18,20.72,20.72,20.52,20.68,178036,0
2014-02-19,20.59,20.8,20.05,20.1,437044,0
2014-02-20,20.4,20.94,19.51,20.41,521402,0
2014-02-21,20.57,20.57,20.24,20.49,304279,0
2014-02-24,20.45,20.96,20.34,20.72,214164,0
2014-02-25,20.75,20.89,20.36,20.41,79649,0
2014-02-26,20.36,20.94,20.17,20.75,188489,0
2014-02-27,20.5,20.85,20.5,20.72,205220,0
2014-02-28,20.79,20.96,20.3,20.33,186067,0
2014-03-03,20.17,20.3,19.86,20.05,173234,0
2014-03-04,20.34,20.92,20.08,20.71,584016,0
2014-03-05,20.01,20.9,20.01,20.86,188541,0
2014-03-06,20.89,20.93,20.62,20.85,120544,0
2014-03-07,20.77,20.95,20.56,20.71,108326,0
2014-03-10,20.64,20.77,20.21,20.52,133467,0
2014-03-11,20.59,20.59,19.96,20.03,76627,0
2014-03-12,20.66,20.94,20.04,20.77,250556,0
2014-03-13,20.78,20.83,20.45,20.74,132314,0
2014-03-14,20.65,21.3,20.2,21.19,382040,0
2014-03-17,21.3,21.49,20.96,20.98,132982,0
2014-03-18,21.04,21.465,21.02,21.31,136232,0
2014-03-19,21.28,21.53,21.06,21.45,212270,0
2014-03-20,21.35,21.82,21.2,21.75,159690,0
2014-03-21,21.86,21.86,21.44,21.64,265163,0
2014-03-24,21.62,21.64,21.0,21.31,170126,0
2014-03-25,21.4,21.83,21.14,21.18,324746,0
2014-03-26,21.17,21.33,20.27,20.28,136100,0
2014-03-27,20.21,20.59,19.91,20.11,137880,0
2014-03-28,20.08,20.38,19.71,19.77,338600,0
2014-03-31,19.87,20.7,19.87,20.42,162507,0
2014-04-01,20.44,21.14,20.38,21.04,193597,0
2014-04-02,21.03,21.24,20.794,21.15,165178,0
2014-04-03,21.22,21.33,20.86,21.01,204143,0
2014-04-04,21.18,21.18,19.95,20.09,267386,0
2014-04-07,20.08,20.23,19.38,19.53,164285,0
2014-04-08,19.56,19.94,19.2,19.58,166102,0
2014-04-09,19.69,19.88,19.5,19.85,103465,0
2014-04-10,19.77,19.81,18.85,19.06,265175,0
2014-04-11,18.95,19.26,18.83,19.0,273031,0
2014-04-14,19.14,19.6,18.98,19.25,230799,0
2014-04-15,19.33,19.67,18.91,19.61,206295,0
2014-04-16,19.89,20.7,19.65,20.55,165666,0
2014-04-17,20.55,21.0,20.53,20.97,133520,0
2014-04-21,20.97,21.35,20.695,21.23,216484,0
2014-04-22,21.27,22.01,21.27,22.01,887613,0
2014-04-23,22.12,22.36,21.56,21.67,153429,0
2014-04-24,21.8,21.82,21.11,21.46,149002,0
2014-04-25,21.29,21.326,20.82,21.2,142856,0
2014-04-28,21.48,21.48,20.034,20.22,214347,0
2014-04-29,20.38,20.61,20.26,20.34,108442,0
2014-04-30,20.22,20.41,19.78,20.38,233163,0
2014-05-01,20.59,22.73,20.59,21.64,531924,0
2014-05-02,21.7,22.1,21.62,21.95,268993,0
2014-05-05,21.77,21.9,21.32,21.42,343374,0
2014-05-06,21.13,21.55,20.7,20.77,160629,0
2014-05-07,20.78,20.78,19.56,19.79,240160,0
2014-05-08,19.8,20.28,19.08,19.08,180676,0
2014-05-09,18.96,19.05,18.59,18.95,176411,0
2014-05-12,19.12,20.13,19.02,19.64,196421,0
2014-05-13,19.63,19.85,19.24,19.29,194297,0
2014-05-14,18.2,19.51,18.2,18.82,178609,0
2014-05-15,18.65,18.73,18.18,18.34,185936,0
2014-05-16,18.43,18.47,17.74,18.21,184256,0
2014-05-19,18.19,18.74,18.118,18.54,93134,0
2014-05-20,18.36,18.54,18.01,18.33,169460,0
2014-05-21,18.45,18.72,17.77,18.49,128242,0
2014-05-22,18.25,19.04,18.25,18.89,124638,0
2014-05-23,18.92,19.31,18.73,19.26,104569,0
2014-05-27,19.46,19.96,19.18,19.88,139513,0
2014-05-28,19.82,19.95,19.46,19.64,106182,0
2014-05-29,19.79,19.97,19.54,19.57,81848,0
2014-05-30,19.63,19.63,18.96,19.32,152972,0
2014-06-02,19.0,19.39,18.4,18.55,236101,0
2014-06-03,18.52,18.67,18.04,18.31,122156,0
2014-06-04,18.16,18.54,17.95,18.37,123942,0
2014-06-05,18.39,18.94,18.21,18.92,81821,0
2014-06-06,19.05,19.52,19.0,19.21,91158,0
2014-06-09,19.13,19.8,19.13,19.57,79702,0
2014-06-10,19.48,19.59,19.24,19.44,68800,0
2014-06-11,19.34,19.58,19.15,19.26,83100,0
2014-06-12,19.27,19.75,18.9,19.7,125317,0
2014-06-13,19.8,20.14,19.53,19.77,128784,0
2014-06-16,19.82,20.09,19.63,20.07,117856,0
2014-06-17,20.13,20.71,19.99,20.49,121245,0
2014-06-18,20.45,20.71,20.27,20.62,135280,0
2014-06-19,20.78,20.81,20.215,20.63,106746,0
2014-06-20,20.75,20.8,20.38,20.54,368954,0
2014-06-23,20.58,20.64,20.375,20.56,84452,0
2014-06-24,20.46,20.92,20.46,20.62,127988,0
2014-06-25,20.54,21.0,20.54,20.86,210577,0
2014-06-26,20.85,20.93,20.556,20.82,98045,0
2014-06-27,20.65,20.96,20.464,20.72,470224,0
2014-06-30,20.69,21.12,20.58,20.88,264089,0
2014-07-01,20.91,21.1,20.8,20.84,182684,0
2014-07-02,20.81,21.07,20.74,20.77,93100,0
2014-07-03,20.82,20.98,20.562,20.97,61312,0
2014-07-07,20.88,21.21,20.43,20.52,117051,0
2014-07-08,20.28,20.48,19.6,19.65,148888,0
2014-07-09,19.67,19.8,19.464,19.68,94960,0
2014-07-10,19.14,19.57,19.05,19.36,86987,0
2014-07-11,19.31,19.51,19.12,19.37,87068,0
2014-07-14,19.64,19.77,19.43,19.44,68559,0
2014-07-15,19.23,19.49,18.15,18.22,204148,0
2014-07-16,18.32,18.33,18.01,18.09,268045,0
2014-07-17,17.96,18.27,17.77,17.88,134251,0
2014-07-18,17.8,18.23,17.8,18.06,119756,0
2014-07-21,17.93,18.08,17.77,18.02,77072,0
2014-07-22,18.09,18.25,17.89,17.98,73015,0
2014-07-23,17.98,18.02,17.76,18.0,87925,0
2014-07-24,18.09,18.1,17.59,17.79,112121,0
2014-07-25,17.58,17.73,17.31,17.38,150122,0
2014-07-28,17.38,17.38,16.72,16.76,262432,0
2014-07-29,16.72,17.125,16.46,16.48,289446,0
2014-07-30,16.62,16.74,16.37,16.61,292735,0
2014-07-31,16.12,17.27,16.12,16.92,302556,0
2014-08-01,16.97,17.26,16.61,16.87,126590,0
2014-08-04,16.96,17.05,16.66,16.96,219936,0
2014-08-05,16.89,17.1,16.54,16.6,168236,0
2014-08-06,16.49,16.71,16.38,16.46,271846,0
2014-08-07,16.53,17.37,16.52,17.29,142384,0
2014-08-08,17.3,17.81,17.3,17.64,116546,0
2014-08-11,17.81,18.34,17.67,18.18,138384,0
2014-08-12,17.93,18.27,17.63,17.74,113135,0
2014-08-13,17.83,18.19,17.75,18.12,67138,0
2014-08-14,18.2,18.2,17.95,17.97,87758,0
2014-08-15,18.2,18.4,17.59,17.8,95209,0
2014-08-18,18.01,18.57,17.89,18.42,147279,0
2014-08-19,18.44,18.68,18.234,18.27,64027,0
2014-08-20,18.11,18.16,17.99,18.05,65122,0
2014-08-21,17.98,18.23,17.75,18.02,87369,0
2014-08-22,18.01,18.3,17.96,18.1,109751,0
2014-08-25,18.22,18.37,17.92,17.96,49574,0
2014-08-26,18.02,18.32,17.93,18.15,91094,0
2014-08-27,18.21,18.24,17.46,17.54,136847,0
2014-08-28,17.36,17.53,17.234,17.47,70299,0
2014-08-29,17.49,17.54,17.23,17.35,126258,0
2014-09-02,17.47,18.0,16.621,17.86,63519,0
2014-09-03,17.88,20.49,17.61,18.04,94214,0
2014-09-04,18.02,18.05,16.77,17.16,129164,0
2014-09-05,17.04,17.15,16.5,16.62,142802,0
2014-09-08,16.53,17.3,16.53,17.2,86215,0
2014-09-09,17.13,17.13,14.64,16.7,118354,0
2014-09-10,16.64,17.34,14.03,17.3,102011,0
2014-09-11,17.21,18.28,17.21,18.01,161203,0
2014-09-12,18.35,18.35,17.27,17.31,120142,0
2014-09-15,17.09,17.4,16.01,17.25,128434,0
2014-09-16,17.29,18.08,17.11,17.14,114542,0
2014-09-17,17.09,17.5,17.03,17.22,86990,0
2014-09-18,17.27,17.88,17.27,17.48,66529,0
2014-09-19,17.54,17.54,15.62,15.99,473922,0
2014-09-22,13.24,15.83,13.24,14.8,469972,0
2014-09-23,14.77,15.2,14.71,15.01,206530,0
2014-09-24,15.0,16.0,15.0,15.95,190662,0
2014-09-25,15.9,16.0,15.52,15.75,152042,0
2014-09-26,16.0,16.76,15.765,16.43,250837,0
2014-09-29,16.23,16.75,16.23,16.66,169898,0
2014-09-30,16.59,16.73,15.99,16.02,304721,0
2014-10-01,15.96,16.28,15.32,15.36,194093,0
2014-10-02,15.41,16.37,15.4,16.27,164418,0
2014-10-03,16.5,16.78,16.3,16.56,150576,0
2014-10-06,16.56,17.39,16.33,17.01,179118,0
2014-10-07,17.26,19.14,16.58,16.73,205743,0
2014-10-08,16.64,18.33,16.64,18.23,309078,0
2014-10-09,18.17,18.17,16.91,16.97,238773,0
2014-10-10,16.83,17.325,16.36,16.44,209185,0
2014-10-13,16.54,17.04,16.1,16.67,195339,0
2014-10-14,16.9,17.62,16.64,16.83,140525,0
2014-10-15,16.55,17.65,16.47,17.54,138822,0
2014-10-16,17.26,17.85,17.1,17.5,131748,0
2014-10-17,17.78,17.78,16.7,16.78,97634,0
2014-10-20,16.83,17.44,16.83,17.17,129876,0
2014-10-21,17.24,17.56,16.99,17.44,109530,0
2014-10-22,17.745,18.312,16.97,17.01,71455,0
2014-10-23,17.2,17.67,17.09,17.38,155080,0
2014-10-24,17.44,17.69,17.04,17.4,63496,0
2014-10-27,17.26,17.53,17.11,17.46,48562,0
2014-10-28,17.43,18.56,17.421,18.31,242289,0
2014-10-29,18.4,18.41,17.89,18.36,86593,0
2014-10-30,18.25,18.54,17.8,18.42,110715,0
2014-10-31,18.9,19.16,18.415,18.8,206471,0
2014-11-03,18.72,18.91,18.55,18.68,125147,0
2014-11-04,18.58,18.88,18.31,18.39,97950,0
2014-11-05,18.57,18.74,18.0,18.27,117154,0
2014-11-06,18.29,18.85,15.755,15.9,354574,0
2014-11-07,15.94,16.67,15.31,16.52,160769,0
2014-11-10,16.53,16.95,16.46,16.95,112036,0
2014-11-11,17.3,17.47,16.9,16.97,129851,0
2014-11-12,16.85,17.18,16.85,17.07,82708,0
2014-11-13,17.04,17.135,16.55,16.71,80774,0
2014-11-14,16.77,16.79,16.44,16.71,96754,0
2014-11-17,16.15,16.61,16.15,16.15,67501,0
2014-11-18,16.23,16.29,16.05,16.07,72758,0
2014-11-19,16.1,16.34,15.33,15.35,102633,0
2014-11-20,15.0,15.59,15.0,15.57,64777,0
2014-11-21,15.88,16.0,15.25,15.59,140208,0
2014-11-24,15.98,16.08,15.51,16.05,62782,0
2014-11-25,16.43,16.56,15.77,16.34,201748,0
2014-11-26,16.37,16.81,16.3,16.7,74101,0
2014-11-28,16.82,17.11,16.76,16.86,89991,0
2014-12-01,16.45,16.58,16.03,16.05,116057,0
2014-12-02,16.02,16.21,15.5,16.05,119759,0
2014-12-03,16.01,16.51,15.73,16.34,86179,0
2014-12-04,16.35,16.35,15.87,15.96,71902,0
2014-12-05,15.94,16.23,15.94,16.23,142050,0
2014-12-08,16.14,16.75,15.95,16.07,91814,0
2014-12-09,15.11,16.612,15.11,16.29,176110,0
2014-12-10,15.69,16.25,15.56,15.72,87362,0
2014-12-11,15.76,15.99,15.51,15.56,135829,0
2014-12-12,15.29,15.79,15.02,15.04,197044,0
2014-12-15,15.06,16.1,15.05,15.79,271812,0
2014-12-16,15.79,16.98,15.53,16.73,218542,0
2014-12-17,16.7,17.53,16.44,17.31,174812,0
2014-12-18,17.45,18.05,17.19,17.945,212840,0
2014-12-19,17.9,18.28,17.56,18.22,431579,0
2014-12-22,18.18,18.25,17.9,18.19,104870,0
2014-12-23,18.3,18.35,18.02,18.29,86837,0
2014-12-24,18.41,18.88,18.09,18.5,105132,0
2014-12-26,18.69,18.72,18.35,18.54,56332,0
2014-12-29,18.62,19.24,18.2,18.38,73483,0
2014-12-30,18.26,18.57,18.1,18.35,71372,0
2014-12-31,18.44,18.68,18.31,18.47,58903,0
2015-01-02,18.65,18.77,17.74,18.24,89235,0
2015-01-05,18.05,18.48,17.72,17.98,115838,0
2015-01-06,17.99,17.99,17.06,17.31,82950,0
2015-01-07,17.51,17.52,16.75,17.3,94602,0
2015-01-08,17.45,17.915,17.18,17.76,62448,0
2015-01-09,16.95,17.875,16.95,17.48,69061,0
2015-01-12,17.42,17.625,17.085,17.4,60987,0
2015-01-13,17.48,18.09,17.48,17.87,114727,0
2015-01-14,17.66,17.99,17.66,17.72,90909,0
2015-01-15,17.81,17.81,17.07,17.49,88257,0
2015-01-16,17.43,18.03,17.26,17.75,81190,0
2015-01-20,17.49,17.67,16.93,17.12,65933,0
2015-01-21,16.98,17.39,16.83,17.01,80358,0
2015-01-22,17.02,17.14,16.035,16.93,100134,0
2015-01-23,16.64,16.94,16.455,16.68,124475,0
2015-01-26,16.62,16.81,16.29,16.47,79693,0
2015-01-27,16.23,16.61,16.08,16.46,82146,0
2015-01-28,16.4,16.4,15.88,16.0,260525,0
2015-01-29,16.05,16.56,15.78,16.55,85065,0
2015-01-30,16.42,16.85,16.0,16.1,125354,0
2015-02-02,16.19,16.32,15.78,16.2,68351,0
2015-02-03,16.34,16.35,16.07,16.14,96684,0
2015-02-04,16.01,16.19,15.92,15.96,88373,0
2015-02-05,15.88,16.17,15.88,16.14,88233,0
2015-02-06,16.17,16.49,16.075,16.17,83065,0
2015-02-09,16.12,16.265,16.0,16.04,55970,0
2015-02-10,16.22,16.49,15.41,16.29,86524,0
2015-02-11,16.27,16.35,15.99,16.05,45172,0
2015-02-12,16.16,16.201,15.61,15.99,77255,0
2015-02-13,16.01,16.205,15.87,16.07,92527,0
2015-02-17,15.99,16.2,15.96,15.98,110598,0
2015-02-18,15.9,16.02,15.71,15.77,94207,0
2015-02-19,15.78,15.78,15.52,15.58,69272,0
2015-02-20,15.63,15.68,15.19,15.37,94114,0
2015-02-23,15.34,15.41,15.16,15.2,64940,0
2015-02-24,15.17,15.5,15.17,15.38,62164,0
2015-02-25,15.35,15.67,15.32,15.6,32921,0
2015-02-26,15.58,16.66,15.58,16.47,104017,0
2015-02-27,16.39,17.04,16.306,16.76,168580,0
2015-03-02,16.73,16.79,15.64,15.99,152600,0
2015-03-03,15.88,15.98,15.65,15.66,88800,0
2015-03-04,15.53,15.63,15.21,15.3,136000,0
2015-03-05,15.3,15.6,15.16,15.48,68100,0
2015-03-06,15.3,15.63,15.07,15.25,174900,0
2015-03-09,15.53,15.53,14.81,14.88,108400,0
2015-03-10,14.81,15.24,14.58,14.6,111400,0
2015-03-11,14.62,14.81,14.29,14.53,223900,0
2015-03-12,14.7,14.88,14.54,14.84,127000,0
2015-03-13,15.03,15.03,14.59,14.64,105200,0
2015-03-16,14.67,15.26,14.6,14.88,156700,0
2015-03-17,14.8,15.08,14.8,14.98,75800,0
2015-03-18,15.01,15.02,14.68,14.81,211000,0
2015-03-19,14.8,14.85,14.64,14.67,75000,0
2015-03-20,14.77,16.09,14.71,15.97,395100,0
2015-03-23,16.38,16.44,15.92,16.15,127500,0
2015-03-24,16.11,16.2,15.61,15.64,110700,0
2015-03-25,15.53,15.54,15.01,15.06,210200,0
2015-03-26,14.92,15.19,14.85,15.02,92600,0
2015-03-27,14.98,15.17,14.88,15.01,92300,0
2015-03-30,15.06,15.44,14.92,15.1,148400,0
2015-03-31,15.16,15.55,14.97,15.49,207345,0
2015-04-01,15.0,15.48,14.99,15.31,221900,0
2015-04-02,15.37,15.57,15.37,15.52,74500,0
2015-04-06,15.41,15.58,15.41,15.48,107400,0
2015-04-07,15.47,15.7,15.42,15.44,117644,0
2015-04-08,15.46,15.57,15.12,15.14,126400,0
2015-04-09,15.46,15.46,14.59,14.88,178432,0
2015-04-10,15.01,15.01,14.88,14.95,99700,0
2015-04-13,15.07,15.35,15.0,15.23,102500,0
2015-04-14,15.2,15.21,14.73,14.84,94700,0
2015-04-15,14.86,14.96,14.77,14.82,127880,0
2015-04-16,14.79,15.01,14.67,14.73,100445,0
2015-04-17,14.62,14.98,14.21,14.35,324600,0
2015-04-20,14.42,14.62,14.34,14.4,133637,0
2015-04-21,14.48,14.72,14.42,14.47,137822,0
2015-04-22,14.51,14.94,14.44,14.71,98774,0
2015-04-23,14.64,14.89,14.58,14.75,109900,0
2015-04-24,14.71,14.908,14.7,14.74,122361,0
2015-04-27,14.73,15.11,14.73,14.93,155600,0
2015-04-28,14.98,15.05,14.77,14.95,123897,0
2015-04-29,14.91,15.02,14.84,14.85,71000,0
2015-04-30,14.85,14.93,14.34,14.47,206300,0
2015-05-01,14.48,14.49,14.05,14.22,146300,0
2015-05-04,14.04,14.29,14.0,14.04,175500,0
2015-05-05,13.97,15.02,12.49,12.51,556300,0
2015-05-06,12.51,13.425,12.41,13.11,819203,0
2015-05-07,13.06,14.08,13.05,13.79,318310,0
2015-05-08,13.9,14.0,12.88,12.89,223500,0
2015-05-11,13.35,13.66,13.0,13.02,303200,0
2015-05-12,12.99,13.439,12.703,13.4,234345,0
2015-05-13,13.48,13.55,13.17,13.25,168100,0
2015-05-14,13.41,13.41,13.14,13.22,111400,0
2015-05-15,13.24,13.34,13.1,13.29,136031,0
2015-05-18,13.21,13.36,13.11,13.35,121715,0
2015-05-19,13.41,13.43,13.04,13.23,140543,0
2015-05-20,13.31,13.31,12.85,13.01,135900,0
2015-05-21,12.98,13.13,12.84,13.04,103200,0
2015-05-22,12.98,13.13,12.81,12.88,82700,0
2015-05-26,12.77,12.999,12.58,12.81,159754,0
2015-05-27,12.79,13.03,12.61,12.99,124300,0
2015-05-28,12.97,13.03,12.72,12.86,151366,0
2015-05-29,12.82,13.04,12.5,12.71,112000,0
2015-06-01,12.82,12.86,12.62,12.77,135078,0
2015-06-02,12.73,13.71,12.67,13.62,459525,0
2015-06-03,13.68,13.89,13.56,13.76,156600,0
2015-06-04,13.65,13.79,13.39,13.44,119000,0
2015-06-05,13.43,13.79,13.3,13.74,111300,0
2015-06-08,13.57,13.8,13.38,13.59,90100,0
2015-06-09,13.55,13.6,13.19,13.24,64966,0
2015-06-10,13.38,13.74,13.23,13.55,85699,0
2015-06-11,13.53,13.693,13.36,13.41,53584,0
2015-06-12,13.39,13.41,13.05,13.17,166600,0
2015-06-15,12.94,13.06,12.7,13.01,226000,0
2015-06-16,12.92,13.21,12.83,12.98,66700,0
2015-06-17,13.05,13.16,12.89,12.91,73400,0
2015-06-18,13.14,13.14,12.85,12.99,237800,0
2015-06-19,12.94,13.03,12.88,12.94,288900,0
2015-06-22,13.16,13.54,13.14,13.17,298600,0
2015-06-23,13.3,15.3,13.25,15.15,430725,0
2015-06-24,15.15,15.2,14.52,14.71,163500,0
2015-06-25,14.83,14.86,14.41,14.52,108300,0
2015-06-26,14.6,14.77,14.27,14.71,511900,0
2015-06-29,14.67,14.7,14.04,14.1,124600,0
2015-06-30,14.22,14.42,14.056,14.26,123518,0
2015-07-01,14.45,14.56,13.82,13.96,118500,0
2015-07-02,14.01,14.01,13.71,13.8,72200,0
2015-07-06,13.55,13.85,13.49,13.65,109600,0
2015-07-07,13.43,13.81,13.2,13.71,111400,0
2015-07-08,13.69,13.85,13.12,13.15,128700,0
2015-07-09,13.46,14.23,13.41,13.62,145400,0
2015-07-10,13.9,13.94,13.6,13.76,70100,0
2015-07-13,13.9,14.43,13.71,13.92,96400,0
2015-07-14,13.91,14.18,13.86,14.11,67996,0
2015-07-15,14.11,14.11,13.6,13.64,119667,0
2015-07-16,13.7,13.75,13.47,13.59,87400,0
2015-07-17,13.54,14.26,13.54,13.8,141000,0
2015-07-20,13.81,14.02,13.48,13.75,142500,0
2015-07-21,13.89,14.19,13.73,13.98,162600,0
2015-07-22,13.95,14.3,13.9,14.26,128900,0
2015-07-23,14.23,14.25,14.02,14.04,138700,0
2015-07-24,14.0,14.23,13.82,13.89,149100,0
2015-07-27,13.75,14.0,13.74,13.87,96700,0
2015-07-28,13.94,14.41,13.67,14.28,157100,0
2015-07-29,14.21,14.84,14.04,14.57,168300,0
2015-07-30,14.43,14.91,14.42,14.6,122300,0
2015-07-31,14.64,14.84,14.55,14.73,104200,0
2015-08-03,14.63,14.74,14.22,14.47,83016,0
2015-08-04,14.59,15.11,14.29,14.97,371600,0
2015-08-05,15.01,15.31,14.93,15.0,221500,0
2015-08-06,16.0,16.0,13.261,13.55,351019,0
2015-08-07,13.33,13.47,12.63,13.1,151500,0
2015-08-10,13.14,13.62,13.07,13.55,166100,0
2015-08-11,13.45,13.89,13.31,13.66,162841,0
2015-08-12,13.98,14.12,13.56,13.89,141000,0
2015-08-13,13.55,14.26,13.47,13.55,86900,0
2015-08-14,13.49,13.73,13.42,13.65,106300,0
2015-08-17,13.7,14.03,13.54,13.87,114900,0
2015-08-18,13.9,13.95,13.5,13.61,112400,0
2015-08-19,13.49,13.88,13.33,13.55,98500,0
2015-08-20,13.62,13.62,13.19,13.26,161900,0
2015-08-21,12.94,14.13,12.94,13.89,137100,0
2015-08-24,12.89,13.88,12.86,13.36,222419,0
2015-08-25,13.98,13.98,12.9,12.94,174100,0
2015-08-26,13.24,13.24,12.75,13.0,131100,0
2015-08-27,13.11,13.28,12.75,13.09,172700,0
2015-08-28,13.0,14.28,13.0,14.02,188100,0
2015-08-31,13.89,14.38,13.88,14.23,104300,0
2015-09-01,13.96,14.15,13.82,13.83,174600,0
2015-09-02,14.02,14.02,13.66,13.9,128400,0
2015-09-03,13.87,14.3,13.8,14.0,112900,0
2015-09-04,13.78,14.07,13.74,13.81,45900,0
2015-09-08,14.0,14.22,13.81,14.08,112000,0
2015-09-09,14.24,14.24,13.55,13.57,79800,0
2015-09-10,13.58,13.69,13.42,13.52,63061,0
2015-09-11,13.4,13.85,13.4,13.81,65800,0
2015-09-14,13.81,13.96,13.54,13.58,46700,0
2015-09-15,13.63,13.82,13.54,13.76,81700,0
2015-09-16,13.74,13.97,13.74,13.84,75800,0
2015-09-17,13.79,14.13,13.68,13.98,77789,0
2015-09-18,13.73,13.86,13.2,13.27,208700,0
2015-09-21,13.44,13.49,13.04,13.09,89200,0
2015-09-22,12.99,13.02,12.66,12.79,119600,0
2015-09-23,12.87,12.88,12.65,12.68,71222,0
2015-09-24,12.62,12.84,12.491,12.82,77835,0
2015-09-25,12.93,12.96,12.48,12.48,113500,0
2015-09-28,12.46,12.46,12.13,12.16,126864,0
2015-09-29,12.2,12.24,11.75,11.87,160900,0
2015-09-30,12.02,12.17,11.72,11.76,152800,0
2015-10-01,11.73,11.85,11.27,11.46,216300,0
2015-10-02,11.36,11.52,11.1,11.5,213400,0
2015-10-05,11.62,11.74,11.44,11.68,351954,0
2015-10-06,11.73,12.05,11.58,11.7,343900,0
2015-10-07,11.72,12.68,11.72,12.67,179100,0
2015-10-08,12.6,12.9,12.5,12.68,138900,0
2015-10-09,12.75,12.9,12.63,12.82,64900,0
2015-10-12,12.77,13.12,12.58,12.79,176929,0
2015-10-13,12.79,13.11,12.67,12.85,135800,0
2015-10-14,12.91,13.12,12.78,12.84,123100,0
2015-10-15,12.92,13.19,12.9,13.19,166000,0
2015-10-16,13.25,13.48,13.17,13.4,82200,0
2015-10-19,13.29,13.61,13.28,13.43,47268,0
2015-10-20,13.38,13.77,13.27,13.32,59400,0
2015-10-21,13.33,13.36,13.11,13.11,111800,0
2015-10-22,13.11,13.64,13.11,13.58,114600,0
2015-10-23,13.73,13.95,13.57,13.8,98600,0
2015-10-26,13.8,13.97,13.57,13.71,44400,0
2015-10-27,13.66,13.66,13.49,13.53,106200,0
2015-10-28,13.59,13.93,13.44,13.9,158300,0
2015-10-29,13.84,14.09,13.71,14.05,104100,0
2015-10-30,14.01,14.04,13.79,13.85,81200,0
2015-11-02,13.86,14.51,13.86,14.51,185104,0
2015-11-03,14.43,14.64,14.08,14.14,212900,0
2015-11-04,14.08,14.37,14.04,14.07,194733,0
2015-11-05,14.14,14.92,12.01,12.3,577200,0
2015-11-06,12.12,12.77,12.12,12.76,207200,0
2015-11-09,12.75,12.75,12.3,12.32,280229,0
2015-11-10,12.26,12.32,12.06,12.14,101100,0
2015-11-11,12.1,12.1,11.55,11.8,245900,0
2015-11-12,11.69,11.8,11.49,11.57,154500,0
2015-11-13,11.47,12.01,11.34,11.44,106300,0
2015-11-16,11.4,11.77,11.04,11.2,157700,0
2015-11-17,11.19,11.32,10.87,10.96,109900,0
2015-11-18,10.97,11.17,10.96,11.16,68500,0
2015-11-19,11.13,11.28,11.01,11.21,42200,0
2015-11-20,11.29,11.54,11.25,11.39,48500,0
2015-11-23,11.32,11.5,11.26,11.32,87200,0
2015-11-24,11.24,11.49,11.12,11.46,55300,0
2015-11-25,11.42,11.74,11.17,11.67,76500,0
2015-11-27,11.62,11.65,11.49,11.53,52000,0
2015-11-30,11.59,11.69,11.49,11.59,108400,0
2015-12-01,11.67,11.94,11.575,11.7,88926,0
2015-12-02,11.68,11.86,11.48,11.59,118444,0
2015-12-03,11.61,11.67,11.36,11.49,100980,0
2015-12-04,11.46,11.56,11.32,11.51,63900,0
2015-12-07,11.51,11.51,11.14,11.22,64100,0
2015-12-08,11.11,11.33,11.02,11.23,43227,0
2015-12-09,11.14,11.24,10.87,10.94,113100,0
2015-12-10,10.94,11.03,10.8,10.84,140200,0
2015-12-11,10.63,10.8,10.4,10.44,109800,0
2015-12-14,10.35,10.65,10.19,10.27,148216,0
2015-12-15,10.33,10.4,10.25,10.28,81000,0
2015-12-16,10.32,10.54,10.1,10.49,146600,0
2015-12-17,10.54,10.65,10.25,10.38,94500,0
2015-12-18,10.32,10.57,10.22,10.28,325100,0
2015-12-21,10.22,10.5,10.22,10.5,113300,0
2015-12-22,10.5,10.84,10.32,10.83,197525,0
2015-12-23,10.98,11.62,10.86,11.61,111500,0
2015-12-24,11.59,11.81,11.34,11.36,36791,0
2015-12-28,11.34,11.57,11.21,11.36,112122,0
2015-12-29,11.4,11.65,11.4,11.63,73174,0
2015-12-30,11.64,11.65,11.41,11.49,49226,0
2015-12-31,11.4,11.52,11.34,11.45,98219,0
2016-01-04,11.25,11.43,10.9,10.96,106214,0
2016-01-05,10.97,11.17,10.6901,11.04,66827,0
2016-01-06,10.8,11.0,10.68,10.8,73764,0
2016-01-07,10.6,10.64,9.87,9.95,172177,0
2016-01-08,10.01,10.26,9.8,9.84,81047,0
2016-01-11,9.88,10.13,9.86,10.07,124096,0
2016-01-12,10.17,10.43,9.89,10.02,71085,0
2016-01-13,10.07,10.25,9.43,9.48,85696,0
2016-01-14,9.57,9.99,9.4,9.76,79188,0
2016-01-15,9.47,9.68,8.9,9.23,79722,0
2016-01-19,9.38,9.4,8.96,9.16,141600,0
2016-01-20,9.03,9.575,8.76,9.42,108652,0
2016-01-21,9.46,9.68,9.18,9.36,65393,0
2016-01-22,9.56,9.75,8.905,9.73,52647,0
2016-01-25,9.7,9.97,9.3,9.32,51551,0
2016-01-26,9.36,9.65,9.16,9.55,48878,0
2016-01-27,9.46,9.61,9.22,9.22,82159,0
2016-01-28,9.36,9.4689,9.0,9.04,95458,0
2016-01-29,9.07,9.59,9.07,9.46,109811,0
2016-02-01,9.39,9.47,9.18,9.43,54479,0
2016-02-02,9.3,9.31,9.15,9.21,64494,0
2016-02-03,9.28,9.38,9.13,9.24,96016,0
2016-02-04,9.21,9.36,9.15,9.26,91375,0
2016-02-05,9.19,9.21,8.82,8.83,101856,0
2016-02-08,8.75,8.75,8.2,8.31,363715,0
2016-02-09,8.2,8.44,8.05,8.12,106943,0
2016-02-10,8.15,8.41,8.02,8.06,79032,0
2016-02-11,7.89,8.26,7.37,7.4,273932,0
2016-02-12,7.47,7.515,7.34,7.43,121528,0
2016-02-16,7.55,7.72,7.4,7.52,141238,0
2016-02-17,7.62,7.71,7.51,7.64,138342,0
2016-02-18,7.67,7.8,7.54,7.68,82802,0
2016-02-19,7.64,8.0,7.64,7.83,77864,0
2016-02-22,7.88,7.95,7.71,7.74,121035,0
2016-02-23,7.72,7.76,7.59,7.68,74604,0
2016-02-24,7.58,7.7227,7.28,7.69,123246,0
2016-02-25,7.71,7.87,7.53,7.83,51065,0
2016-02-26,7.9,8.07,7.84,7.98,84528,0
2016-02-29,8.05,8.26,7.88,8.13,126869,0
2016-03-01,8.1,8.1072,7.59,7.92,193127,0
2016-03-02,7.88,8.9,7.88,8.4,92104,0
2016-03-03,8.38,8.6,8.38,8.44,120891,0
2016-03-04,8.41,8.78,8.29,8.58,81147,0
2016-03-07,8.53,9.05,8.53,9.02,90615,0
2016-03-08,9.12,9.415,9.06,9.1,147519,0
2016-03-09,9.17,9.55,9.15,9.31,114085,0
2016-03-10,9.43,9.56,8.84,8.87,183815,0
2016-03-11,8.96,9.18,8.71,9.15,86226,0
2016-03-14,9.07,9.34,8.96,9.27,108513,0
2016-03-15,9.25,9.25,8.74,8.74,95400,0
2016-03-16,8.72,8.95,8.71,8.85,128776,0
2016-03-17,8.8,9.29,8.8,9.2,156326,0
2016-03-18,9.27,9.5,9.22,9.4,235432,0
2016-03-21,9.4,9.54,9.27,9.29,127269,0
2016-03-22,9.3,9.33,9.07,9.25,78718,0
2016-03-23,9.25,9.25,8.6903,8.7,165470,0
2016-03-24,8.61,8.88,8.44,8.79,70791,0
2016-03-28,8.81,9.13,8.64,8.9,53178,0
2016-03-29,8.94,9.48,8.83,9.41,70547,0
2016-03-30,9.45,9.45,8.91,8.91,204547,0
2016-03-31,8.94,9.23,8.81,9.05,111087,0
2016-04-01,8.93,9.37,8.9,9.24,55825,0
2016-04-04,9.24,9.43,9.0,9.03,103601,0
2016-04-05,8.97,9.16,8.95,9.14,95534,0
2016-04-06,9.21,9.5,9.01,9.3,69667,0
2016-04-07,9.23,9.48,9.13,9.25,67834,0
2016-04-08,9.4,9.51,9.02,9.3,94143,0
2016-04-11,9.35,9.7,9.35,9.39,84461,0
2016-04-12,9.31,9.67,8.9203,9.52,83418,0
2016-04-13,9.57,10.115,9.36,10.06,100737,0
2016-04-14,10.27,10.27,9.85,9.9,54724,0
2016-04-15,9.83,9.98,9.76,9.88,34939,0
2016-04-18,9.83,9.96,9.8,9.9,62840,0
2016-04-19,9.96,9.96,9.66,9.69,36697,0
2016-04-20,9.67,9.81,9.5,9.59,37626,0
2016-04-21,9.5,9.6,9.42,9.48,58916,0
2016-04-22,9.45,9.77,9.36,9.76,43996,0
2016-04-25,9.675,9.68,9.26,9.29,39553,0
2016-04-26,9.24,9.65,9.24,9.63,43203,0
2016-04-27,9.59,9.64,9.41,9.57,26703,0
2016-04-28,9.46,9.69,9.45,9.49,33015,0
2016-04-29,9.47,9.68,9.3,9.47,41280,0
2016-05-02,9.48,9.97,9.43,9.87,57729,0
2016-05-03,9.71,9.85,9.35,9.39,64354,0
2016-05-04,9.33,9.54,9.23,9.23,49189,0
2016-05-05,9.52,9.62,9.14,9.25,74859,0
2016-05-06,9.25,9.4,9.1,9.16,72665,0
2016-05-09,9.15,9.63,9.055,9.57,52585,0
2016-05-10,9.63,10.0,9.52,9.9,71721,0
2016-05-11,9.86,9.95,9.67,9.68,50687,0
2016-05-12,9.71,9.82,9.05,9.06,85160,0
2016-05-13,9.06,9.23,9.0,9.11,36055,0
2016-05-16,9.17,9.38,9.09,9.13,42662,0
2016-05-17,9.14,9.17,8.63,8.73,77819,0
2016-05-18,8.69,9.24,8.63,8.88,86423,0
2016-05-19,8.84,9.08,8.68,8.75,40343,0
2016-05-20,8.76,9.07,8.62,8.85,116547,0
2016-05-23,8.87,9.24,8.87,9.11,70251,0
2016-05-24,9.2,9.53,9.12,9.47,73151,0
2016-05-25,9.45,9.69,9.44,9.56,56881,0
2016-05-26,9.22,9.76,9.22,9.39,35168,0
2016-05-27,9.44,9.59,9.23,9.31,64938,0
2016-05-31,9.32,9.73,9.31,9.71,95452,0
2016-06-01,9.67,9.99,9.51,9.95,129296,0
2016-06-02,9.92,10.16,9.875,10.09,287181,0
2016-06-03,10.15,10.2399,9.94,9.95,160527,0
2016-06-06,9.82,10.07,9.67,9.95,97427,0
2016-06-07,9.91,9.99,9.69,9.83,55392,0
2016-06-08,10.0,10.4513,9.875,10.37,115857,0
2016-06-09,10.4,10.57,10.02,10.17,67961,0
2016-06-10,10.0,10.05,9.49,9.53,44224,0
2016-06-13,9.49,9.71,9.4,9.58,54559,0
2016-06-14,9.6,9.72,9.43,9.53,95074,0
2016-06-15,9.62,9.64,9.49,9.51,69520,0
2016-06-16,9.39,9.4,9.08,9.21,61636,0
2016-06-17,9.24,9.3,8.91,9.02,159601,0
2016-06-20,9.17,9.45,9.07,9.29,74927,0
2016-06-21,9.3,9.3,8.99,9.08,41087,0
2016-06-22,9.11,9.18,8.95,9.08,56745,0
2016-06-23,9.17,9.64,9.0908,9.43,139538,0
2016-06-24,8.98,9.255,8.63,8.87,352923,0
2016-06-27,8.76,8.91,8.56,8.82,110409,0
2016-06-28,8.91,9.07,8.65,8.74,113430,0
2016-06-29,8.89,9.26,8.88,8.95,73592,0
2016-06-30,9.02,9.1,8.97,9.03,88646,0
2016-07-01,9.0,9.24,8.94,8.99,31389,0
2016-07-05,8.95,9.02,8.71,8.79,26744,0
2016-07-06,8.78,9.15,8.63,8.79,28986,0
2016-07-07,8.79,8.996,8.79,8.92,33443,0
2016-07-08,9.06,9.15,8.98,9.1,89600,0
2016-07-11,9.13,9.4,8.89,9.35,47800,0
2016-07-12,9.35,10.0,9.35,9.89,57538,0
2016-07-13,9.88,10.1195,9.7505,10.06,68280,0
2016-07-14,10.15,10.26,9.96,10.06,55715,0
2016-07-15,10.08,10.12,9.93,10.06,51520,0
2016-07-18,10.06,10.06,9.51,9.83,41203,0
2016-07-19,9.82,9.99,9.7,9.71,27843,0
2016-07-20,9.75,9.94,9.66,9.87,23494,0
2016-07-21,9.86,9.91,9.75,9.76,25084,0
2016-07-22,9.76,9.76,9.61,9.68,30364,0
2016-07-25,9.67,9.7,9.565,9.58,51524,0
2016-07-26,9.685,9.77,9.56,9.73,28994,0
2016-07-27,9.78,9.91,9.67,9.91,28597,0
2016-07-28,9.9,10.09,9.87,9.89,64109,0
2016-07-29,9.91,10.18,9.88,9.98,60452,0
2016-08-01,10.03,10.25,9.91,10.08,130951,0
2016-08-02,10.04,10.28,10.0,10.11,163224,0
2016-08-03,9.99,10.18,9.98,10.05,123221,0
2016-08-04,9.94,10.017,9.495,9.85,109998,0
2016-08-05,9.9,10.05,9.79,10.0,105093,0
2016-08-08,10.03,10.21,9.99,10.1,40847,0
2016-08-09,10.06,10.1003,9.84,9.87,27744,0
2016-08-10,9.9,9.9,9.64,9.68,65242,0
2016-08-11,9.73,9.88,9.72,9.84,92195,0
2016-08-12,9.83,9.91,9.71,9.83,25744,0
2016-08-15,9.89,10.0,9.79,9.81,63559,0
2016-08-16,9.72,9.74,9.56,9.63,57185,0
2016-08-17,9.57,9.7,9.44,9.56,33544,0
2016-08-18,9.57,9.7,9.53,9.6,30098,0
2016-08-19,9.6,9.71,9.47,9.58,54923,0
2016-08-22,9.56,9.8,9.42,9.75,47936,0
2016-08-23,9.77,10.0,9.74,9.82,53607,0
2016-08-24,9.79,9.99,9.77,9.95,92955,0
2016-08-25,9.93,10.16,9.83,10.1,89603,0
2016-08-26,10.1,10.15,9.98,10.02,42593,0
2016-08-29,10.02,10.21,10.0,10.1,23123,0
2016-08-30,10.08,10.28,10.08,10.15,20029,0
2016-08-31,10.17,10.29,10.05,10.18,54951,0
2016-09-01,10.17,10.6499,10.06,10.59,119922,0
2016-09-02,10.6,10.7499,10.54,10.59,35167,0
2016-09-06,10.6,10.97,10.6,10.95,47786,0
2016-09-07,10.99,11.01,10.89,10.89,56650,0
2016-09-08,10.88,11.15,10.8201,10.98,72236,0
2016-09-09,10.95,10.95,10.51,10.535,38610,0
2016-09-12,10.41,10.67,10.34,10.58,39229,0
2016-09-13,10.44,10.47,10.11,10.37,47268,0
2016-09-14,10.29,10.37,10.11,10.13,34501,0
2016-09-15,10.18,10.41,10.09,10.37,45184,0
2016-09-16,10.48,10.99,10.31,10.76,177336,0
2016-09-19,10.8,10.99,10.32,10.48,118893,0
2016-09-20,10.58,10.6299,10.5,10.5,28478,0
2016-09-21,10.56,10.58,10.1,10.36,57247,0
2016-09-22,10.34,10.45,10.22,10.26,167529,0
2016-09-23,10.23,10.29,10.19,10.27,133047,0
2016-09-26,10.82,12.5,10.76,12.2,680642,0
2016-09-27,12.27,12.8799,12.1,12.22,270935,0
2016-09-28,12.26,12.71,12.26,12.59,70636,0
2016-09-29,12.66,12.67,12.33,12.36,55077,0
2016-09-30,12.51,13.07,12.45,12.95,151495,0
2016-10-03,12.94,13.07,12.48,12.64,140713,0
2016-10-04,12.69,12.92,12.6,12.73,49317,0
2016-10-05,12.77,12.98,12.52,12.82,175766,0
2016-10-06,12.86,12.86,12.31,12.39,37224,0
2016-10-07,12.41,12.41,12.01,12.16,53883,0
2016-10-10,12.25,12.57,12.16,12.37,54257,0
2016-10-11,12.32,12.49,11.97,12.02,61025,0
2016-10-12,12.01,12.21,11.84,11.96,43673,0
2016-10-13,11.87,11.94,11.72,11.85,47280,0
2016-10-14,11.84,11.9813,11.68,11.72,59043,0
2016-10-17,11.8,11.8,11.4,11.5,50095,0
2016-10-18,11.55,11.55,11.35,11.35,49752,0
2016-10-19,11.5,11.7,11.25,11.35,91766,0
2016-10-20,11.25,11.75,11.2,11.55,305387,0
2016-10-21,11.5,12.2,11.4,12.0,269468,0
2016-10-24,12.05,12.3,12.05,12.2,56399,0
2016-10-25,12.15,12.3,12.05,12.2,69396,0
2016-10-26,12.1,12.15,11.6,11.65,39084,0
2016-10-27,11.75,11.85,11.7,11.7,51318,0
2016-10-28,11.65,11.95,11.45,11.5,71570,0
2016-10-31,11.55,11.7,11.45,11.65,87201,0
2016-11-01,11.65,11.65,11.35,11.4,86727,0
2016-11-02,11.5,11.75,11.35,11.6,97603,0
2016-11-03,13.35,13.9,12.8,13.1,506923,0
2016-11-04,13.2,13.65,13.025,13.15,536533,0
2016-11-07,13.3,13.3292,12.85,13.25,319677,0
2016-11-08,13.25,13.3,13.05,13.2,142591,0
2016-11-09,13.05,13.35,13.05,13.3,156323,0
2016-11-10,13.4,13.5,13.0719,13.3,232423,0
2016-11-11,13.35,13.6,13.25,13.55,353827,0
2016-11-14,13.6,13.6867,13.35,13.45,215157,0
2016-11-15,13.35,13.6,13.35,13.45,221754,0
2016-11-16,13.4,13.525,13.35,13.5,212225,0
2016-11-17,13.35,13.65,13.35,13.55,174398,0
2016-11-18,13.5,13.6,13.5,13.55,285264,0
2016-11-21,13.5,13.85,13.5,13.75,226736,0
2016-11-22,13.75,13.9,13.7,13.9,304845,0
2016-11-23,13.75,13.95,13.75,13.9,149808,0
2016-11-25,13.9,13.95,13.8,13.9,68785,0
2016-11-28,13.9,13.9,13.725,13.75,221061,0
2016-11-29,13.8,13.8,13.55,13.6,363376,0
2016-11-30,13.7,13.7,13.5,13.55,308213,0
2016-12-01,13.6,13.6625,13.45,13.6,353417,0
2016-12-02,13.55,13.65,13.525,13.6,257789,0
2016-12-05,13.7,13.7,13.55,13.55,394348,0
2016-12-06,13.6,13.8,13.55,13.7,409895,0
2016-12-07,13.75,13.75,13.45,13.5,389415,0
2016-12-08,13.5,15.275,13.5,14.35,914551,0
2016-12-09,14.4,14.95,14.3,14.8,224143,0
2016-12-12,14.7,15.05,14.45,14.45,208756,0
2016-12-13,14.45,14.95,14.45,14.75,137589,0
2016-12-14,14.7,14.75,13.8,14.1,263617,0
2016-12-15,14.1,14.65,14.0,14.25,196064,0
2016-12-16,14.35,14.55,14.15,14.3,213044,0
2016-12-19,14.2,14.9,14.2,14.6,152640,0
2016-12-20,14.75,14.9,14.5,14.9,173618,0
2016-12-21,14.85,15.0,14.45,14.45,137654,0
2016-12-22,14.5,14.675,14.325,14.55,119920,0
2016-12-23,14.6,14.6,14.25,14.5,118898,0
2016-12-27,14.45,14.9999,14.45,14.55,71901,0
2016-12-28,14.65,14.7271,14.35,14.4,71524,0
2016-12-29,14.45,14.5,14.15,14.35,83760,0
2016-12-30,14.25,14.35,13.95,14.0,156527,0
2017-01-03,14.2,14.325,14.05,14.3,114436,0
2017-01-04,14.4,14.4,14.2,14.3,107501,0
2017-01-05,14.3,14.45,14.1,14.2,98640,0
2017-01-06,14.3,14.35,13.95,14.3,190774,0
2017-01-09,14.2,14.35,13.85,13.9,68535,0
2017-01-10,13.9,14.5,13.85,14.45,111613,0
2017-01-11,14.4,14.4,14.0,14.15,98522,0
2017-01-12,14.1,14.1,13.7,13.75,137977,0
2017-01-13,13.85,14.55,13.8,14.5,94327,0
2017-01-17,14.35,14.35,13.9,13.95,63598,0
2017-01-18,13.9,14.0501,13.6,14.05,72252,0
2017-01-19,14.0,14.1,13.9,14.0,67790,0
2017-01-20,13.95,14.3,13.95,14.1,56598,0
2017-01-23,13.95,14.55,13.95,14.5,131805,0
2017-01-24,14.5,14.8,14.35,14.8,130215,0
2017-01-25,14.8,14.8,14.4,14.55,103392,0
2017-01-26,14.4,14.55,14.05,14.05,44446,0
2017-01-27,14.05,14.15,14.0,14.075,31903,0
2017-01-30,13.85,14.05,13.85,13.9,77201,0
2017-01-31,13.9,14.4,13.9,14.3,155087,0
2017-02-01,14.25,14.4,14.0,14.05,77477,0
2017-02-02,14.0,14.15,13.95,13.95,51912,0
2017-02-03,14.1,14.2,14.05,14.1,45410,0
2017-02-06,14.0,14.15,13.95,13.95,59315,0
2017-02-07,14.05,14.15,13.95,13.95,83288,0
2017-02-08,13.85,14.15,13.85,14.0,102540,0
2017-02-09,14.0,14.15,14.0,14.0,60210,0
2017-02-10,14.1,14.25,14.1,14.15,37109,0
2017-02-13,14.25,14.25,14.1,14.15,29089,0
2017-02-14,14.05,14.1,13.85,14.0,83225,0
2017-02-15,13.8,14.25,13.8,14.2,155650,0
2017-02-16,14.25,14.3505,14.0,14.1,44941,0
2017-02-17,14.1,14.1,13.85,13.95,74435,0
2017-02-21,13.95,14.2,13.9,13.95,54785,0
2017-02-22,13.9,14.05,13.9,13.95,69533,0
2017-02-23,13.95,14.05,13.9,14.0,90321,0
2017-02-24,13.8,14.05,13.6,14.0,54483,0
2017-02-27,13.9,14.05,13.75,13.75,97850,0
2017-02-28,13.7,13.8,13.55,13.7,123769,0
2017-03-01,13.75,14.075,13.65,13.75,191646,0
2017-03-02,13.8,13.8,13.45,13.45,83833,0
2017-03-03,13.5,13.9036,13.45,13.5,79922,0
2017-03-06,13.4,13.75,13.25,13.6,103618,0
2017-03-07,13.55,13.8,13.425,13.45,76630,0
2017-03-08,13.55,13.85,13.4,13.65,102227,0
2017-03-09,13.9,14.24,13.9,14.1,152255,0
2017-03-10,14.3,14.3,13.5,13.85,208987,0
2017-03-13,13.95,14.15,13.7,14.0,144913,0
2017-03-14,13.95,14.05,13.8,13.95,109232,0
2017-03-15,14.0,14.05,13.8,13.9,149737,0
2017-03-16,13.9,14.25,13.9,14.0,206189,0
2017-03-17,13.85,14.25,13.85,14.1,570573,0
2017-03-20,14.05,14.25,13.95,14.05,118685,0
2017-03-21,14.05,14.2,13.85,13.85,130408,0
2017-03-22,13.8,13.95,13.351,13.7,169798,0
2017-03-23,13.65,14.05,13.65,14.0,82909,0
2017-03-24,14.05,14.2,13.9,13.9,91456,0
2017-03-27,13.75,14.1,13.75,13.95,116004,0
2017-03-28,13.95,14.2,13.85,14.05,165332,0
2017-03-29,14.0,14.1,13.95,14.05,92910,0
2017-03-30,14.0,14.1,13.95,14.0,134169,0
2017-03-31,14.0,14.15,13.95,14.05,111744,0
2017-04-03,14.1,14.175,14.0,14.15,119019,0
2017-04-04,14.05,14.15,13.95,14.05,74213,0
2017-04-05,14.1,14.1,13.975,14.0,127588,0
2017-04-06,14.05,14.1,13.95,14.0,133620,0
2017-04-07,13.95,14.1,13.95,14.1,94740,0
2017-04-10,14.15,14.25,13.95,14.0,98101,0
2017-04-11,14.0,14.1,13.9,14.0,66602,0
2017-04-12,13.95,14.075,13.85,13.95,121313,0
2017-04-13,13.95,14.1,13.95,13.95,66933,0
2017-04-17,14.05,14.075,13.75,14.05,125515,0
2017-04-18,13.9,14.05,13.8,14.0,131705,0
2017-04-19,13.9,14.15,13.9,14.1,179024,0
2017-04-20,14.15,14.15,13.95,14.0,118573,0
2017-04-21,14.0,14.25,13.95,14.25,306419,0
2017-04-24,14.3,14.3,13.8,13.9,224469,0
2017-04-25,14.0,14.2,13.85,14.05,177025,0
2017-04-26,14.0,14.2,14.0,14.05,164875,0
2017-04-27,14.1,14.25,14.0,14.1,162635,0
2017-04-28,14.05,14.1,13.95,14.0,462599,0
2017-05-01,14.1,14.175,14.0,14.05,113522,0
2017-05-02,14.1,14.15,14.0,14.05,203257,0
2017-05-03,14.0,14.2,14.0,14.1,268925,0
2017-05-04,14.1,14.1,13.95,14.0,404892,0
2017-05-05,14.05,14.5,14.0,14.1,688945,0
2017-05-08,14.15,14.4,14.15,14.3,459578,0
2017-05-09,14.25,14.35,14.0,14.15,202607,0
2017-05-10,14.15,14.2,13.95,13.95,199682,0
2017-05-11,13.9,14.1,13.85,13.95,308318,0
2017-05-12,14.0,14.05,13.9,13.95,184668,0
2017-05-15,14.0,14.2,14.0,14.0,181839,0
2017-05-16,13.95,14.1,13.95,14.0,91644,0
2017-05-17,13.9,14.05,13.85,13.85,179437,0
2017-05-18,13.8,14.075,13.8,13.95,165872,0
2017-05-19,13.95,14.15,13.925,13.95,380706,0
2017-05-22,14.05,14.1125,13.95,14.0,322591,0
2017-05-23,14.05,14.2,13.95,14.05,289154,0
2017-05-24,14.0,14.4,14.0,14.25,150237,0
2017-05-25,14.25,14.35,14.125,14.15,169874,0
2017-05-26,14.15,14.3,14.0,14.1,234040,0
2017-05-30,14.05,14.3,13.95,14.0,175288,0
2017-05-31,14.05,14.1,13.95,14.0,174783,0
2017-06-01,14.0,14.2,13.95,14.15,157548,0
2017-06-02,14.2,14.8222,14.2,14.6,169624,0
2017-06-05,14.6,14.65,14.4,14.45,117785,0
2017-06-06,14.3,14.5,14.1,14.1,135791,0
2017-06-07,14.2,14.275,14.1,14.1,101137,0
2017-06-08,14.1,14.3,14.1,14.2,138915,0
2017-06-09,14.25,14.5,14.125,14.2,203996,0
2017-06-12,14.2,14.45,14.1,14.15,131559,0
2017-06-13,14.15,14.3,14.1,14.15,137420,0
2017-06-14,14.2,14.45,14.05,14.25,130551,0
2017-06-15,14.2,14.4,14.1,14.15,113134,0
2017-06-16,13.8,14.25,13.7,13.95,300022,0
2017-06-19,13.95,14.45,13.95,14.4,118592,0
2017-06-20,14.45,14.55,14.05,14.05,147936,0
2017-06-21,14.1,14.45,14.1,14.4,200497,0
2017-06-22,14.45,14.55,14.1,14.15,180811,0
2017-06-23,14.15,14.4,14.125,14.15,332850,0
2017-06-26,14.15,14.25,14.05,14.1,64629,0
2017-06-27,14.05,14.4,13.95,14.0,159490,0
2017-06-28,14.05,14.25,14.025,14.05,94557,0
2017-06-29,14.05,14.1,14.0,14.05,108992,0
2017-06-30,14.05,14.2,14.0,14.05,74558,0
2017-07-03,14.0,14.05,13.9,13.9,101635,0
2017-07-05,13.9,14.0,13.7,13.85,126160,0
2017-07-06,13.75,14.0,13.725,13.75,112837,0
2017-07-07,13.8,14.05,13.8,14.05,101306,0
2017-07-10,14.0,14.15,13.95,14.0,62509,0
2017-07-11,14.0,14.15,13.85,14.05,73967,0
2017-07-12,14.1,14.225,14.0,14.05,74042,0
2017-07-13,14.0,14.15,14.0,14.1,44665,0
2017-07-14,14.05,14.15,13.9,13.95,52093,0
2017-07-17,13.9,14.25,13.9,14.0,86013,0
2017-07-18,13.9,14.0711,13.9,13.95,67252,0
2017-07-19,14.0,14.05,13.9,13.9,78018,0
2017-07-20,13.9,14.0,13.75,13.85,88357,0
2017-07-21,13.95,13.975,13.35,13.6,238230,0
2017-07-24,13.55,13.925,13.5,13.8,103602,0
2017-07-25,13.8,14.1,13.8,13.9,85382,0
2017-07-26,13.95,14.2,13.9,13.95,159262,0
2017-07-27,14.05,14.1,13.5748,13.6,55172,0
2017-07-28,13.65,13.6797,13.475,13.5,43958,0
2017-07-31,13.65,13.7,13.4,13.5,146702,0
2017-08-01,13.6,13.75,13.525,13.6,59460,0
2017-08-02,13.65,13.65,13.175,13.3,80548,0
2017-08-03,13.25,13.3,13.0,13.0,113373,0
2017-08-04,13.1,13.1,12.9,12.9,48977,0
2017-08-07,12.9,13.0,12.75,12.85,79621,0
2017-08-08,12.9,13.0,12.7,12.7,80812,0
2017-08-09,12.7,13.2682,11.85,12.0,251954,0
2017-08-10,12.0,12.75,12.0,12.45,314608,0
2017-08-11,12.5,12.6,12.25,12.5,192410,0
2017-08-14,12.5,13.25,12.5,13.2,95669,0
2017-08-15,13.1,13.15,12.7,12.75,95039,0
2017-08-16,12.85,13.05,12.75,13.0,121930,0
2017-08-17,12.95,13.2,12.65,12.7,97789,0
2017-08-18,12.55,12.775,12.5,12.7,108035,0
2017-08-21,12.6,12.75,12.545,12.6,40374,0
2017-08-22,12.6,12.7,12.575,12.65,65222,0
2017-08-23,12.55,12.7,12.5,12.6,40595,0
2017-08-24,12.65,12.65,12.35,12.45,125155,0
2017-08-25,12.5,12.55,12.35,12.45,70134,0
2017-08-28,12.45,12.6,12.3,12.55,73970,0
2017-08-29,12.55,12.85,12.5,12.75,159029,0
2017-08-30,12.8,12.975,12.65,12.7,142570,0
2017-08-31,12.75,12.95,12.7,12.8,93850,0
2017-09-01,12.75,12.8,12.6,12.6,78701,0
2017-09-05,12.6,12.65,12.35,12.55,104175,0
2017-09-06,12.55,12.65,12.425,12.45,75313,0
2017-09-07,12.55,12.75,12.4,12.7,88664,0
2017-09-08,12.65,12.875,12.4,12.4,84900,0
2017-09-11,12.5,12.65,12.4,12.45,60665,0
2017-09-12,12.45,12.55,12.25,12.35,77262,0
2017-09-13,12.3,12.4,12.075,12.15,168414,0
2017-09-14,12.2,12.5,12.05,12.1,108319,0
2017-09-15,12.15,12.3,11.8643,12.0,531665,0
2017-09-18,12.0,12.5,12.0,12.15,193974,0
2017-09-19,12.1,12.6,12.1,12.4,113690,0
2017-09-20,12.35,12.9,12.25,12.35,107674,0
2017-09-21,12.35,12.5,12.15,12.3,128780,0
2017-09-22,12.25,12.501,12.15,12.35,122175,0
2017-09-25,12.4,12.4001,12.225,12.25,78090,0
2017-09-26,15.0,15.4,14.85,15.275,1341147,0
2017-09-27,15.25,15.3,15.1,15.25,377268,0
2017-09-28,15.25,15.5,15.15,15.25,327393,0
2017-09-29,15.3,15.45,15.2,15.3,213569,0
2017-10-02,15.35,15.4,15.2,15.35,272846,0
2017-10-03,15.3,15.475,15.25,15.35,337788,0
2017-10-04,15.35,15.5,15.35,15.4,694297,0
2017-10-05,15.4,15.5,15.35,15.5,193362,0
2017-10-06,15.5,15.55,15.35,15.5,219828,0
2017-10-09,15.5,15.65,15.45,15.5,181065,0
2017-10-10,15.55,15.75,15.55,15.65,347150,0
2017-10-11,15.6,15.95,15.6,15.85,213519,0
2017-10-12,15.85,15.9,15.6,15.7,166658,0
2017-10-13,15.7,15.7,15.55,15.65,91716,0
2017-10-16,15.7,15.7,15.5,15.65,178828,0
2017-10-17,15.6,15.7,15.55,15.6,109855,0
2017-10-18,15.65,15.75,15.625,15.65,107443,0
2017-10-19,15.6,15.65,15.45,15.6,68883,0
2017-10-20,15.7,15.7,15.55,15.65,69550,0
2017-10-23,15.65,15.65,15.5,15.55,149511,0
2017-10-24,15.6,15.65,15.55,15.6,107813,0
2017-10-25,15.6,15.65,15.45,15.5,161638,0
2017-10-26,15.55,15.65,15.35,15.45,166105,0
2017-10-27,15.5,15.5,15.325,15.45,119968,0
2017-10-30,15.4,15.45,15.35,15.4,102680,0
2017-10-31,15.45,15.55,15.4,15.45,98366,0
2017-11-01,15.5,15.5,15.4,15.45,111612,0
2017-11-02,15.5,15.65,15.4,15.475,82724,0
2017-11-03,15.45,15.6,15.4,15.5,193407,0
2017-11-06,15.55,15.6,15.4,15.5,79590,0
2017-11-07,15.45,15.55,15.4,15.45,119658,0
2017-11-08,15.45,15.575,15.4,15.5,72200,0
2017-11-09,15.45,15.65,15.4,15.65,156476,0
2017-11-10,15.65,15.65,15.45,15.55,131209,0
