Date,Open,High,Low,Close,Volume,OpenInt
2014-01-02,13.842,13.842,13.842,13.842,373,0
2014-01-03,13.824,13.842,13.748,13.842,1433,0
2014-01-07,13.712,13.935,13.515,13.935,9537,0
2014-01-08,13.888,13.935,13.888,13.935,1274,0
2014-01-09,13.815,13.815,13.73,13.73,730,0
2014-01-10,13.702,13.702,13.656,13.702,1214,0
2014-01-13,13.563,13.935,13.563,13.563,2974,0
2014-01-15,13.425,13.515,13.425,13.469,4251,0
2014-01-16,13.35,13.515,13.211,13.451,8387,0
2014-01-17,13.469,13.469,13.378,13.469,1293,0
2014-01-21,13.34,13.34,13.34,13.34,230,0
2014-01-22,13.321,13.359,13.292,13.359,1564,0
2014-01-23,13.425,13.425,13.239,13.301,3797,0
2014-01-24,13.359,13.417,13.283,13.283,1187,0
2014-01-27,13.33,13.33,13.106,13.165,759,0
2014-01-28,13.146,13.425,13.146,13.33,12012,0
2014-01-29,13.469,13.469,13.311,13.378,1422,0
2014-01-30,13.398,13.488,13.398,13.488,4675,0
2014-01-31,13.311,13.807,13.301,13.612,20863,0
2014-02-03,13.888,13.888,13.656,13.888,7543,0
2014-02-04,13.833,13.888,13.702,13.797,1338,0
2014-02-05,13.859,14.159,13.859,14.054,8309,0
2014-02-06,14.169,14.169,13.888,13.935,5274,0
2014-02-07,13.935,13.935,13.897,13.935,3210,0
2014-02-10,13.935,14.297,13.897,14.213,63772,0
2014-02-11,14.016,14.122,14.016,14.122,1286,0
2014-02-12,14.213,14.388,14.204,14.353,22298,0
2014-02-13,14.317,14.317,14.317,14.317,431,0
2014-02-18,14.277,14.397,14.178,14.353,10585,0
2014-02-19,14.353,14.397,14.178,14.397,2906,0
2014-02-20,14.353,14.353,14.307,14.307,1502,0
2014-02-21,14.251,14.353,14.251,14.353,2342,0
2014-02-24,14.242,14.353,14.242,14.346,9929,0
2014-02-25,14.388,14.388,14.307,14.353,5991,0
2014-02-26,14.379,14.864,14.362,14.864,17736,0
2014-02-27,14.407,14.808,14.407,14.724,2657,0
2014-02-28,14.724,14.798,14.724,14.798,11066,0
2014-03-03,15.143,15.143,14.679,14.779,2549,0
2014-03-04,15.236,15.236,14.864,14.958,12237,0
2014-03-05,14.948,14.948,14.909,14.909,1353,0
2014-03-06,14.958,15.094,14.724,15.094,27761,0
2014-03-07,15.171,15.497,15.094,15.42,18791,0
2014-03-10,15.514,15.782,15.42,15.746,11789,0
2014-03-11,15.774,15.866,15.746,15.792,6169,0
2014-03-12,15.83,16.239,15.792,16.239,24009,0
2014-03-13,16.221,16.304,16.221,16.267,8498,0
2014-03-14,16.285,16.611,16.285,16.331,11304,0
2014-03-17,16.463,16.526,15.922,16.154,69224,0
2014-03-18,15.588,16.285,15.588,15.941,10097,0
2014-03-19,15.905,16.231,15.905,16.024,1670,0
2014-03-20,16.321,16.349,15.979,16.349,5742,0
2014-03-21,16.516,16.611,16.349,16.349,13678,0
2014-03-24,16.543,16.543,16.349,16.388,2988,0
2014-03-25,16.489,16.535,16.358,16.358,3560,0
2014-03-26,16.368,16.368,15.338,15.625,7534,0
2014-03-27,15.42,15.505,14.864,15.18,8563,0
2014-03-28,14.985,15.393,14.864,14.976,7493,0
2014-03-31,15.328,15.487,14.864,15.255,44978,0
2014-04-01,15.217,15.402,14.888,15.402,16694,0
2014-04-02,15.402,16.104,15.04,15.823,35517,0
2014-04-03,15.869,15.917,15.74,15.833,2884,0
2014-04-04,15.823,16.028,15.198,15.402,70851,0
2014-04-07,15.59,16.104,15.402,15.861,12698,0
2014-04-08,15.992,16.56,15.498,15.935,36862,0
2014-04-09,15.471,16.094,15.198,15.973,5748,0
2014-04-10,15.815,16.149,15.431,15.665,28302,0
2014-04-11,15.785,18.175,15.785,16.197,11313,0
2014-04-14,16.01,16.57,15.992,16.104,11374,0
2014-04-15,16.066,16.262,15.768,15.917,15816,0
2014-04-16,15.926,16.197,15.926,16.056,4238,0
2014-04-17,16.336,16.336,16.104,16.336,896,0
2014-04-21,15.964,16.252,14.936,16.244,10230,0
2014-04-22,16.177,16.262,15.74,15.964,6154,0
2014-04-23,15.869,16.094,15.869,16.001,3070,0
2014-04-24,16.076,16.076,15.917,15.935,3052,0
2014-04-25,16.114,16.114,15.842,15.908,1239,0
2014-04-28,16.01,16.056,15.637,15.637,5833,0
2014-04-29,15.815,15.823,15.815,15.823,348,0
2014-04-30,15.823,15.823,15.245,15.711,20675,0
2014-05-01,15.665,15.805,15.59,15.805,1858,0
2014-05-02,15.759,15.795,15.451,15.515,3380,0
2014-05-05,15.431,15.479,15.412,15.479,1984,0
2014-05-06,15.571,15.627,15.355,15.451,2150,0
2014-05-07,15.607,15.607,15.355,15.355,2105,0
2014-05-08,15.498,15.533,15.255,15.255,2381,0
2014-05-09,15.207,15.935,15.18,15.637,13434,0
2014-05-12,15.506,15.776,15.283,15.471,7888,0
2014-05-13,15.543,15.543,15.328,15.355,3327,0
2014-05-14,15.543,15.543,15.402,15.402,1452,0
2014-05-15,15.59,15.59,14.994,15.255,3566,0
2014-05-16,15.479,15.59,15.355,15.355,1261,0
2014-05-21,15.273,15.292,14.984,14.984,2734,0
2014-05-22,14.956,15.346,13.967,14.946,31221,0
2014-05-23,14.768,15.013,14.711,14.984,18651,0
2014-05-27,15.066,15.075,15.03,15.075,4085,0
2014-05-28,14.888,15.075,14.888,14.984,2741,0
2014-05-29,15.03,15.075,14.984,14.984,3869,0
2014-05-30,14.984,15.402,14.926,15.226,4807,0
2014-06-02,15.226,15.627,15.112,15.402,9675,0
2014-06-03,15.776,15.945,15.451,15.898,6560,0
2014-06-04,15.888,16.86,15.888,16.29,10161,0
2014-06-05,16.207,16.467,16.197,16.354,11945,0
2014-06-06,16.542,16.56,16.104,16.336,4515,0
2014-06-09,16.345,16.598,15.461,16.262,7644,0
2014-06-10,16.114,16.168,16.104,16.168,859,0
2014-06-11,16.104,16.504,15.869,16.197,1513,0
2014-06-12,15.861,15.973,15.861,15.917,2255,0
2014-06-13,15.805,15.805,15.412,15.479,1095,0
2014-06-16,15.412,15.627,15.412,15.524,7159,0
2014-06-17,15.627,15.627,15.402,15.598,816,0
2014-06-18,15.637,15.805,15.412,15.665,5719,0
2014-06-19,15.637,15.776,15.431,15.524,13156,0
2014-06-20,15.265,15.954,15.265,15.795,12773,0
2014-06-23,15.917,15.917,15.171,15.506,3847,0
2014-06-24,15.498,15.524,15.188,15.488,3442,0
2014-06-25,15.075,15.346,15.075,15.346,4145,0
2014-06-26,15.394,15.394,15.299,15.299,554,0
2014-06-27,15.516,15.713,15.422,15.713,970,0
2014-06-30,15.817,16.51,15.452,15.713,15148,0
2014-07-01,15.572,15.667,15.489,15.582,5183,0
2014-07-02,15.854,15.854,15.778,15.778,534,0
2014-07-03,15.713,15.761,15.713,15.761,625,0
2014-07-07,15.694,15.694,15.694,15.694,726,0
2014-07-08,15.723,15.826,15.723,15.723,823,0
2014-07-09,15.77,15.77,15.77,15.77,920,0
2014-07-11,15.694,15.919,15.694,15.872,9097,0
2014-07-14,15.845,15.845,15.694,15.694,7717,0
2014-07-15,15.704,15.77,15.319,15.432,10260,0
2014-07-16,15.881,15.929,15.572,15.713,3164,0
2014-07-17,15.432,15.704,15.432,15.667,2513,0
2014-07-21,15.667,15.713,15.479,15.713,3686,0
2014-07-22,15.761,16.557,15.675,15.996,18115,0
2014-07-23,16.041,16.221,15.986,16.192,2521,0
2014-07-24,16.088,16.127,15.808,16.005,9560,0
2014-07-25,15.967,16.041,15.684,15.948,3307,0
2014-07-28,15.667,15.901,15.667,15.817,3146,0
2014-07-29,15.684,16.153,15.684,15.929,13331,0
2014-07-30,15.929,15.929,15.845,15.872,2912,0
2014-07-31,15.684,16.06,15.667,15.967,1492,0
2014-08-01,15.957,16.276,15.948,16.231,2538,0
2014-08-04,16.231,16.231,16.088,16.163,6880,0
2014-08-05,16.088,16.134,15.667,15.919,7807,0
2014-08-06,15.808,15.808,15.77,15.808,6768,0
2014-08-07,15.761,15.761,15.328,15.592,25454,0
2014-08-08,15.338,15.684,15.338,15.684,1583,0
2014-08-11,15.808,15.808,15.675,15.675,4361,0
2014-08-12,15.808,15.808,15.667,15.713,2903,0
2014-08-13,15.723,16.127,15.675,15.808,3977,0
2014-08-14,15.667,15.854,15.6,15.684,25423,0
2014-08-15,16.014,16.088,15.684,15.713,2755,0
2014-08-18,15.713,15.929,15.704,15.929,2126,0
2014-08-19,15.761,15.788,15.563,15.649,4408,0
2014-08-20,15.798,15.798,15.572,15.572,4903,0
2014-08-21,15.403,15.619,15.403,15.619,8642,0
2014-08-22,15.751,15.836,15.403,15.751,4586,0
2014-08-25,15.544,15.733,15.413,15.733,1294,0
2014-08-26,15.91,15.919,15.479,15.479,3601,0
2014-08-27,15.629,15.667,15.442,15.582,8371,0
2014-08-28,15.432,15.798,15.432,15.798,2355,0
2014-08-29,15.808,15.808,15.713,15.808,2181,0
2014-09-02,15.808,15.808,15.761,15.761,512,0
2014-09-03,15.891,15.938,15.713,15.761,8133,0
2014-09-04,15.667,15.929,15.667,15.751,1546,0
2014-09-05,15.684,15.713,15.684,15.694,2746,0
2014-09-08,15.675,15.798,15.667,15.723,6292,0
2014-09-09,15.694,15.798,15.684,15.694,6033,0
2014-09-10,15.798,15.798,15.798,15.798,497,0
2014-09-11,15.798,15.91,15.723,15.91,3496,0
2014-09-12,15.938,16.182,15.881,15.881,2572,0
2014-09-15,15.891,16.182,15.826,16.182,17369,0
2014-09-16,16.014,16.014,16.005,16.014,396,0
2014-09-17,16.098,16.172,15.957,16.172,1671,0
2014-09-18,16.163,16.163,15.862,15.957,2519,0
2014-09-19,15.957,16.182,15.957,16.182,831,0
2014-09-22,16.08,16.118,15.957,15.957,4996,0
2014-09-23,15.938,15.938,15.723,15.723,4891,0
2014-09-24,15.684,15.967,15.675,15.694,8947,0
2014-09-25,15.91,15.91,15.694,15.713,4434,0
2014-09-26,15.713,15.761,15.479,15.479,11047,0
2014-09-29,15.479,15.65,15.479,15.65,827,0
2014-09-30,15.8,15.864,15.65,15.695,3556,0
2014-10-01,15.951,15.951,15.705,15.951,552,0
2014-10-02,15.922,15.98,15.714,15.874,10401,0
2014-10-03,16.007,16.007,15.874,15.941,948,0
2014-10-07,15.96,16.122,15.941,15.941,6864,0
2014-10-08,15.941,15.941,15.941,15.941,435,0
2014-10-09,15.913,15.922,15.593,15.8,4088,0
2014-10-10,15.62,15.874,15.563,15.64,1939,0
2014-10-13,16.025,16.129,15.838,16.044,5253,0
2014-10-14,15.563,16.034,15.563,15.893,8195,0
2014-10-15,15.763,15.893,15.66,15.864,4527,0
2014-10-16,15.893,16.743,15.883,16.336,24703,0
2014-10-17,16.129,16.309,15.847,16.309,8661,0
2014-10-20,16.355,16.355,16.355,16.355,656,0
2014-10-21,15.893,16.318,15.893,16.318,1801,0
2014-10-22,16.262,16.262,15.989,16.092,2734,0
2014-10-23,16.3,16.695,16.034,16.65,12109,0
2014-10-24,16.602,16.602,16.525,16.543,2344,0
2014-10-27,16.506,16.525,16.129,16.413,18879,0
2014-10-28,16.216,16.318,16.147,16.318,10002,0
2014-10-29,16.272,16.318,16.225,16.262,14280,0
2014-10-30,16.262,16.272,16.262,16.272,1983,0
2014-10-31,16.272,16.272,16.112,16.272,4717,0
2014-11-03,16.272,16.272,16.112,16.272,1065,0
2014-11-04,16.272,16.272,16.272,16.272,610,0
2014-11-05,16.695,16.695,16.497,16.695,5286,0
2014-11-06,16.281,16.553,16.281,16.553,1505,0
2014-11-07,16.345,16.686,16.345,16.413,424,0
2014-11-10,16.272,16.695,16.272,16.506,3527,0
2014-11-12,16.034,16.506,16.034,16.506,1511,0
2014-11-13,16.543,16.543,16.281,16.3,7108,0
2014-11-14,16.138,16.375,16.122,16.122,514,0
2014-11-17,16.112,16.423,16.092,16.157,1236,0
2014-11-18,16.262,16.65,16.262,16.515,5109,0
2014-11-19,16.515,16.743,16.365,16.743,4461,0
2014-11-20,16.743,16.865,16.64,16.743,4951,0
2014-11-21,16.856,16.865,16.856,16.865,1636,0
2014-11-24,16.865,16.903,16.789,16.903,3063,0
2014-11-25,16.809,17.149,16.534,16.612,7054,0
2014-11-28,16.799,16.978,16.799,16.978,645,0
2014-12-01,16.978,17.149,16.885,16.885,11463,0
2014-12-02,17.101,17.101,17.101,17.101,113,0
2014-12-03,16.978,17.149,16.95,16.968,1070,0
2014-12-04,16.968,17.149,16.968,17.149,3514,0
2014-12-05,17.243,17.243,17.044,17.176,1623,0
2014-12-08,16.875,17.054,16.667,17.016,820,0
2014-12-10,16.819,17.092,16.743,17.092,3744,0
2014-12-11,16.667,16.667,16.667,16.667,229,0
2014-12-12,16.789,16.809,16.789,16.789,662,0
2014-12-15,16.837,16.959,16.695,16.695,2754,0
2014-12-16,16.054,17.149,16.054,17.092,16206,0
2014-12-17,17.243,17.591,17.213,17.243,6476,0
2014-12-18,17.186,17.186,16.941,16.941,469,0
2014-12-19,17.025,17.451,16.978,17.12,3769,0
2014-12-22,17.366,17.451,17.044,17.451,4808,0
2014-12-23,17.563,17.591,17.516,17.516,4275,0
2014-12-26,17.818,17.875,17.668,17.828,2182,0
2014-12-29,17.92,18.064,17.847,18.016,7842,0
2014-12-30,18.064,18.611,17.92,18.345,20508,0
2014-12-31,18.553,19.336,18.553,18.854,22117,0
2015-01-02,19.149,19.149,18.647,18.676,5305,0
2015-01-05,18.393,18.489,17.97,18.206,9632,0
2015-01-06,18.015,18.054,17.864,18.044,11925,0
2015-01-07,18.081,18.244,17.513,18.1,8021,0
2015-01-08,17.627,18.328,17.513,17.979,19406,0
2015-01-09,18.005,18.005,17.731,17.919,4488,0
2015-01-12,17.694,18.196,17.694,18.063,8090,0
2015-01-13,18.091,18.414,17.769,18.29,8786,0
2015-01-14,18.433,18.433,18.253,18.253,888,0
2015-01-15,17.919,18.244,17.722,18.244,5100,0
2015-01-16,18.375,18.423,18.081,18.081,8860,0
2015-01-20,18.299,18.328,18.035,18.119,810,0
2015-01-21,18.385,18.433,18.005,18.005,7651,0
2015-01-22,17.806,18.215,17.806,18.206,6333,0
2015-01-23,18.044,18.215,17.674,18.206,13663,0
2015-01-26,17.929,18.244,17.674,17.674,2257,0
2015-01-27,18.063,18.244,17.437,18.196,3763,0
2015-01-28,18.081,18.119,17.607,18.091,2333,0
2015-01-29,18.119,18.119,17.342,17.769,1694,0
2015-01-30,17.816,18.005,17.294,17.91,19736,0
2015-02-02,17.712,18.119,17.437,17.684,1686,0
2015-02-03,17.702,18.119,17.532,18.119,4626,0
2015-02-04,18.044,18.044,17.352,17.749,38278,0
2015-02-05,17.607,18.015,17.447,17.551,7733,0
2015-02-06,17.627,17.929,17.627,17.929,410,0
2015-02-09,17.902,17.902,17.902,17.902,161,0
2015-02-10,18.109,18.109,17.248,17.551,29499,0
2015-02-11,17.58,17.58,17.551,17.551,494,0
2015-02-12,17.627,17.769,17.627,17.722,1234,0
2015-02-13,17.769,17.769,17.457,17.722,1429,0
2015-02-17,17.494,17.769,17.494,17.769,4068,0
2015-02-18,17.769,17.873,17.769,17.855,1274,0
2015-02-19,18.005,18.119,17.342,17.919,67146,0
2015-02-20,17.996,18.015,17.826,18.015,2433,0
2015-02-23,18.186,18.244,17.532,17.722,10222,0
2015-02-24,17.864,18.176,17.864,18.176,2817,0
2015-02-25,18.158,18.244,18.063,18.244,2133,0
2015-02-26,18.253,18.433,18.244,18.244,10744,0
2015-02-27,18.244,18.244,18.138,18.225,5638,0
2015-03-02,18.035,18.29,17.779,18.29,6754,0
2015-03-03,18.29,18.336,17.835,18.005,9181,0
2015-03-04,17.883,18.328,17.883,18.005,2004,0
2015-03-05,18.005,18.109,17.826,17.826,5697,0
2015-03-06,17.769,18.044,17.656,18.044,1371,0
2015-03-09,17.532,18.005,17.532,18.005,5171,0
2015-03-10,17.988,18.005,17.656,17.656,1582,0
2015-03-11,17.919,17.919,17.656,17.656,2004,0
2015-03-12,17.816,17.816,17.532,17.541,9813,0
2015-03-13,17.248,17.702,17.248,17.532,1582,0
2015-03-16,17.058,17.665,17.058,17.342,13084,0
2015-03-17,17.532,17.532,16.434,17.447,12241,0
2015-03-18,17.39,17.816,17.191,17.522,3377,0
2015-03-19,17.627,17.627,17.125,17.457,1477,0
2015-03-20,17.058,17.702,17.058,17.294,6437,0
2015-03-23,17.2,17.627,17.2,17.588,2534,0
2015-03-24,17.342,17.4,17.342,17.4,422,0
2015-03-25,17.617,17.627,17.294,17.408,4538,0
2015-03-26,17.342,17.466,17.304,17.304,1688,0
2015-03-27,17.342,17.845,17.304,17.314,3587,0
2015-03-30,17.57,17.57,17.304,17.304,3167,0
2015-03-31,17.409,17.409,17.4,17.4,618,0
2015-04-01,17.428,17.467,17.428,17.467,839,0
2015-04-02,17.523,17.771,17.486,17.495,1365,0
2015-04-06,17.589,17.619,17.095,17.285,16168,0
2015-04-07,17.724,17.992,17.38,17.428,971,0
2015-04-08,17.458,18.0,17.458,18.0,2520,0
2015-04-09,17.714,17.992,17.714,17.905,630,0
2015-04-10,17.761,17.838,17.667,17.819,5356,0
2015-04-13,17.714,17.714,17.714,17.714,735,0
2015-04-14,17.714,17.905,17.571,17.895,4410,0
2015-04-15,17.905,17.905,17.895,17.905,2013,0
2015-04-16,17.992,18.801,17.858,18.332,28829,0
2015-04-17,18.103,18.525,17.486,18.085,31080,0
2015-04-20,18.57,18.763,17.858,17.932,14373,0
2015-04-21,18.075,18.094,18.039,18.094,2622,0
2015-04-22,18.029,18.029,18.029,18.029,210,0
2015-04-23,18.048,18.048,17.523,17.809,2625,0
2015-04-24,18.0,18.0,17.667,17.809,3118,0
2015-04-27,17.809,17.809,17.667,17.686,839,0
2015-04-28,17.686,17.714,17.667,17.714,649,0
2015-04-29,17.714,17.714,17.581,17.667,2520,0
2015-04-30,17.609,17.619,17.571,17.571,945,0
2015-05-01,17.619,17.619,17.571,17.589,1995,0
2015-05-04,17.629,17.667,17.571,17.571,2625,0
2015-05-05,17.571,17.571,17.352,17.39,1260,0
2015-05-06,17.848,17.858,17.676,17.714,3479,0
2015-05-07,17.714,17.714,17.523,17.667,2140,0
2015-05-08,17.619,17.667,17.268,17.477,6930,0
2015-05-11,17.144,17.332,17.144,17.332,3360,0
2015-05-12,17.352,17.352,17.285,17.285,827,0
2015-05-13,17.352,17.667,17.144,17.144,4920,0
2015-05-14,17.438,17.438,16.237,16.237,5146,0
2015-05-15,16.649,17.144,16.276,16.61,13375,0
2015-05-18,16.866,16.866,16.486,16.486,3791,0
2015-05-19,16.486,16.486,16.486,16.486,201,0
2015-05-20,16.476,16.476,16.314,16.476,2150,0
2015-05-21,16.59,17.258,16.467,16.666,10816,0
2015-05-22,17.124,17.438,16.523,17.047,945,0
2015-05-26,16.666,16.666,16.62,16.62,702,0
2015-05-27,16.61,16.666,16.6,16.666,2625,0
2015-05-28,16.713,16.905,16.666,16.666,6093,0
2015-05-29,16.666,17.144,16.666,17.144,3780,0
2015-06-01,16.857,17.144,16.857,17.134,1267,0
2015-06-02,17.144,17.571,17.134,17.19,2566,0
2015-06-03,17.238,17.561,17.153,17.238,23730,0
2015-06-04,16.952,17.467,16.952,17.467,1890,0
2015-06-05,17.047,17.619,17.047,17.619,630,0
2015-06-08,17.144,17.268,17.134,17.144,5670,0
2015-06-09,17.285,17.285,17.144,17.19,4021,0
2015-06-10,17.144,17.486,17.095,17.144,30258,0
2015-06-11,16.666,17.486,16.666,17.208,10558,0
2015-06-12,16.905,16.952,16.866,16.952,2415,0
2015-06-15,17.362,17.514,17.134,17.285,2310,0
2015-06-16,17.285,17.609,17.144,17.561,2835,0
2015-06-17,17.619,17.619,17.238,17.285,2835,0
2015-06-18,16.504,17.38,16.504,17.19,5670,0
2015-06-19,17.238,17.238,17.238,17.238,420,0
2015-06-22,17.38,17.38,17.144,17.38,3990,0
2015-06-23,17.304,17.314,17.19,17.19,2161,0
2015-06-24,17.095,17.38,17.095,17.144,5041,0
2015-06-25,17.105,17.238,17.105,17.238,945,0
2015-06-26,17.285,17.38,17.238,17.38,5146,0
2015-06-29,17.237,17.458,17.179,17.227,3971,0
2015-06-30,17.324,17.467,17.324,17.324,1795,0
2015-07-01,17.227,17.428,17.227,17.428,2612,0
2015-07-02,17.237,17.237,17.237,17.237,104,0
2015-07-07,17.247,17.496,17.227,17.237,1567,0
2015-07-08,17.227,17.247,16.893,16.893,5955,0
2015-07-09,17.227,17.227,17.227,17.227,104,0
2015-07-10,17.487,17.487,17.179,17.179,1358,0
2015-07-13,17.179,17.179,17.179,17.179,104,0
2015-07-14,17.639,17.639,17.133,17.304,3148,0
2015-07-15,17.304,17.467,17.133,17.467,1567,0
2015-07-16,17.342,17.659,17.342,17.659,627,0
2015-07-17,17.342,17.6,17.342,17.467,6896,0
2015-07-20,17.324,17.324,17.179,17.247,2716,0
2015-07-21,17.467,17.467,17.227,17.227,5224,0
2015-07-22,17.065,17.458,17.065,17.104,3762,0
2015-07-23,17.285,17.304,17.285,17.304,731,0
2015-07-24,17.227,17.227,17.227,17.227,627,0
2015-07-27,16.509,17.247,16.509,17.237,6896,0
2015-07-28,17.227,17.304,17.227,17.237,3762,0
2015-07-29,17.227,17.237,17.227,17.227,1672,0
2015-07-30,17.314,17.314,17.237,17.285,1045,0
2015-07-31,17.467,17.6,17.324,17.477,3866,0
2015-08-03,17.543,17.706,17.543,17.706,385,0
2015-08-04,17.458,17.458,16.998,17.428,2716,0
2015-08-05,17.035,17.237,17.035,17.237,1045,0
2015-08-06,17.409,17.409,16.988,17.285,3156,0
2015-08-07,17.4,17.467,17.4,17.419,2507,0
2015-08-10,17.237,17.38,17.227,17.276,6165,0
2015-08-11,17.276,17.276,17.276,17.276,43,0
2015-08-12,17.419,17.706,17.4,17.698,11389,0
2015-08-13,17.342,17.372,17.227,17.227,7208,0
2015-08-14,17.227,17.515,17.227,17.324,3238,0
2015-08-17,17.419,17.419,17.285,17.362,1358,0
2015-08-18,17.467,17.467,17.294,17.4,418,0
2015-08-19,17.227,17.324,17.227,17.324,1985,0
2015-08-20,17.227,17.237,17.207,17.237,18807,0
2015-08-21,17.227,17.324,17.189,17.227,16510,0
2015-08-24,17.162,17.227,16.845,17.227,14978,0
2015-08-25,17.207,17.304,17.065,17.065,2298,0
2015-08-26,16.988,16.988,16.567,16.567,7730,0
2015-08-27,16.654,16.835,16.567,16.835,1463,0
2015-08-28,16.74,16.74,16.567,16.567,835,0
2015-08-31,16.509,16.606,16.509,16.557,1985,0
2015-09-01,16.509,16.73,16.509,16.701,1463,0
2015-09-02,15.303,16.453,15.303,16.079,7106,0
2015-09-03,16.463,16.654,16.463,16.654,3762,0
2015-09-04,16.528,16.528,16.318,16.509,26956,0
2015-09-08,16.5,16.509,16.318,16.318,627,0
2015-09-09,16.318,16.346,16.251,16.271,2298,0
2015-09-10,15.926,15.926,15.858,15.887,4816,0
2015-09-11,16.155,16.155,15.735,15.946,1254,0
2015-09-14,15.946,15.975,15.6,15.6,3238,0
2015-09-15,15.6,15.792,15.6,15.667,8881,0
2015-09-16,15.792,15.984,15.792,15.83,5327,0
2015-09-17,15.619,15.984,15.619,15.984,460,0
2015-09-18,15.975,16.079,15.965,16.079,3762,0
2015-09-21,15.725,16.079,15.725,15.907,2507,0
2015-09-22,16.022,16.251,15.887,15.887,1148,0
2015-09-23,15.802,16.251,15.792,16.241,2520,0
2015-09-24,15.887,16.681,15.887,16.681,6102,0
2015-09-25,16.654,16.654,16.463,16.463,1254,0
2015-09-28,16.509,16.71,16.463,16.681,1427,0
2015-09-29,16.546,16.546,16.499,16.499,1351,0
2015-09-30,16.576,16.576,16.576,16.576,103,0
2015-10-01,16.566,16.73,16.499,16.596,6964,0
2015-10-02,16.681,16.797,16.681,16.797,624,0
2015-10-05,17.028,17.028,17.009,17.028,5990,0
2015-10-06,17.317,17.317,17.22,17.22,3847,0
2015-10-07,17.327,17.558,16.691,17.356,12292,0
2015-10-08,17.481,17.538,17.384,17.461,4469,0
2015-10-09,17.491,17.558,17.461,17.461,1664,0
2015-10-12,17.384,17.529,17.317,17.491,2986,0
2015-10-13,17.538,17.558,17.376,17.548,5925,0
2015-10-14,17.172,17.172,16.671,16.836,1872,0
2015-10-15,17.172,17.172,17.172,17.172,311,0
2015-10-16,16.836,17.125,16.75,16.874,8211,0
2015-10-19,16.769,16.769,16.162,16.354,8153,0
2015-10-20,16.354,16.452,16.344,16.354,1558,0
2015-10-21,16.596,16.596,16.116,16.116,3222,0
2015-10-22,16.393,16.489,16.344,16.384,1558,0
2015-10-23,16.663,16.663,16.066,16.066,7796,0
2015-10-26,16.221,16.354,15.961,15.961,4675,0
2015-10-27,16.433,16.433,16.076,16.096,2287,0
2015-10-28,15.873,16.086,15.816,16.076,1351,0
2015-10-29,16.354,16.354,15.613,15.816,10290,0
2015-10-30,15.854,16.066,15.681,15.73,9563,0
2015-11-02,15.844,15.873,15.353,15.353,19622,0
2015-11-03,15.402,16.008,15.402,16.008,2455,0
2015-11-04,15.873,15.873,15.595,15.72,2704,0
2015-11-05,15.72,15.76,15.72,15.76,519,0
2015-11-06,15.711,16.026,15.711,16.008,4156,0
2015-11-09,16.018,16.026,15.854,15.854,4708,0
2015-11-10,15.402,16.036,15.402,15.932,5300,0
2015-11-11,15.99,16.018,15.873,16.018,2390,0
2015-11-12,16.018,16.433,16.018,16.433,5197,0
2015-11-13,16.403,16.403,16.384,16.403,519,0
2015-11-16,16.086,16.259,16.086,16.259,624,0
2015-11-17,16.096,16.096,16.096,16.096,103,0
2015-11-18,16.326,16.354,15.971,16.239,3015,0
2015-11-19,16.036,16.344,16.036,16.344,311,0
2015-11-20,16.026,16.344,15.932,16.344,7691,0
2015-11-23,16.364,16.71,16.335,16.71,1975,0
2015-11-24,16.413,16.566,16.413,16.566,2390,0
2015-11-25,16.681,16.681,16.278,16.452,3429,0
2015-11-27,16.452,16.452,16.452,16.452,103,0
2015-11-30,16.47,16.47,16.47,16.47,208,0
2015-12-01,16.393,16.807,16.335,16.807,3068,0
2015-12-02,16.499,16.827,16.354,16.354,13257,0
2015-12-03,16.354,16.681,16.354,16.47,657,0
2015-12-04,16.384,16.596,16.384,16.576,1248,0
2015-12-07,15.75,16.616,15.75,16.576,10706,0
2015-12-09,16.162,16.663,16.162,16.663,1142,0
2015-12-10,16.221,17.307,16.211,16.546,149158,0
2015-12-11,16.354,17.269,16.326,17.269,156955,0
2015-12-14,16.836,17.21,16.354,16.384,8693,0
2015-12-15,16.413,16.836,16.403,16.626,3636,0
2015-12-16,16.452,16.452,16.231,16.335,9979,0
2015-12-17,16.316,16.701,16.316,16.344,6548,0
2015-12-18,16.654,16.654,15.633,15.633,6862,0
2015-12-21,15.363,15.971,14.99,15.971,4263,0
2015-12-22,15.711,16.181,15.711,15.835,5570,0
2015-12-23,15.99,16.48,15.903,16.374,6548,0
2015-12-24,16.354,16.354,15.681,16.249,8132,0
2015-12-28,16.133,16.354,15.873,16.181,7922,0
2015-12-29,16.452,16.546,16.076,16.546,7065,0
2015-12-30,16.209,16.499,16.046,16.414,12292,0
2015-12-31,16.836,16.836,16.354,16.74,3853,0
2016-01-04,16.384,16.924,16.354,16.586,3389,0
2016-01-05,16.847,17.07,16.558,16.721,1658,0
2016-01-06,16.602,16.679,16.159,16.324,7915,0
2016-01-07,16.015,16.252,15.346,15.731,2186,0
2016-01-08,15.725,16.024,15.676,16.024,1317,0
2016-01-11,16.257,16.257,15.706,15.706,1093,0
2016-01-12,15.936,15.936,15.722,15.722,2099,0
2016-01-14,15.996,15.996,15.415,15.415,867,0
2016-01-15,14.844,14.844,13.703,14.408,15658,0
2016-01-19,14.196,14.458,13.354,13.374,10025,0
2016-01-20,12.996,13.209,12.589,13.074,11178,0
2016-01-21,13.596,13.764,13.557,13.557,1490,0
2016-01-22,13.818,14.186,13.818,13.847,1037,0
2016-01-25,14.069,14.487,14.069,14.244,2660,0
2016-01-26,13.847,14.031,13.713,14.031,8455,0
2016-01-27,13.954,14.069,13.827,14.041,8520,0
2016-01-28,14.129,14.129,13.635,13.934,6570,0
2016-01-29,13.693,13.722,13.34,13.404,14060,0
2016-02-01,13.626,13.626,13.161,13.161,15501,0
2016-02-02,12.976,13.517,12.976,13.256,12470,0
2016-02-03,13.189,13.404,13.161,13.171,20105,0
2016-02-04,13.285,13.285,13.014,13.151,10481,0
2016-02-05,13.317,13.334,13.304,13.304,4369,0
2016-02-08,13.419,13.419,13.251,13.294,833,0
2016-02-09,13.161,14.133,13.161,14.059,4088,0
2016-02-10,14.004,14.284,14.004,14.032,3686,0
2016-02-12,13.818,13.877,13.681,13.838,3300,0
2016-02-16,14.216,14.516,14.216,14.33,1884,0
2016-02-17,14.186,14.728,14.186,14.728,540,0
2016-02-18,15.054,15.124,14.67,14.67,1654,0
2016-02-19,14.634,14.671,14.516,14.516,1097,0
2016-02-22,14.254,14.595,14.254,14.595,41660,0
2016-02-23,14.272,14.786,14.254,14.254,2865,0
2016-02-24,13.847,14.661,13.847,13.954,3410,0
2016-02-25,13.644,14.805,13.508,14.011,6527,0
2016-02-26,14.2,14.59,14.2,14.438,1284,0
2016-02-29,14.438,14.805,14.408,14.786,2427,0
2016-03-01,14.805,15.474,14.795,15.474,6682,0
2016-03-02,15.061,15.967,15.061,15.967,1861,0
2016-03-03,16.083,16.546,16.083,16.432,6004,0
2016-03-04,16.209,16.305,16.208,16.305,1051,0
2016-03-07,16.402,16.934,16.402,16.934,2769,0
2016-03-08,16.576,17.389,16.247,16.353,1813,0
2016-03-09,16.934,16.934,16.373,16.373,736,0
2016-03-10,16.544,16.611,16.544,16.546,638,0
2016-03-11,16.29,16.645,16.29,16.586,2717,0
2016-03-14,16.179,16.626,16.179,16.596,2773,0
2016-03-15,16.247,16.247,16.219,16.219,400,0
2016-03-16,16.353,16.353,16.219,16.229,1482,0
2016-03-17,15.821,16.257,14.526,15.938,7360,0
2016-03-18,15.625,15.826,15.625,15.627,2254,0
2016-03-21,15.346,15.489,15.094,15.094,1637,0
2016-03-22,15.529,15.529,14.873,14.873,2707,0
2016-03-23,15.434,15.745,14.971,15.495,9734,0
2016-03-24,15.598,16.257,15.598,16.209,3724,0
2016-03-28,16.034,16.296,15.83,15.83,3958,0
2016-03-29,16.208,16.537,16.063,16.063,1819,0
2016-03-30,16.599,16.599,15.897,15.937,1976,0
2016-03-31,15.993,16.212,15.819,15.908,1092,0
2016-04-01,16.063,16.063,16.063,16.063,1001,0
2016-04-04,15.763,15.966,15.763,15.966,3150,0
2016-04-05,15.966,16.705,15.966,16.705,1933,0
2016-04-06,16.422,16.591,15.976,16.083,3392,0
2016-04-08,15.849,16.501,15.849,16.375,1820,0
2016-04-11,16.375,16.723,16.19,16.342,2915,0
2016-04-12,16.131,16.28,16.083,16.28,1720,0
2016-04-13,16.277,16.277,16.268,16.268,450,0
2016-04-14,16.053,16.242,16.053,16.242,864,0
2016-04-15,16.123,16.22,15.868,15.868,1789,0
2016-04-18,15.528,16.258,15.528,16.258,2399,0
2016-04-19,15.694,16.238,15.624,15.624,1120,0
2016-04-20,15.676,15.745,15.577,15.745,2561,0
2016-04-22,16.16,17.036,16.16,17.036,13039,0
2016-04-25,16.891,17.349,16.277,16.505,2902,0
2016-04-26,16.686,16.745,16.253,16.557,4277,0
2016-04-28,16.481,16.51,16.481,16.51,1447,0
2016-04-29,16.22,16.34,16.22,16.34,1121,0
2016-05-02,16.676,16.783,16.53,16.639,1904,0
2016-05-03,16.631,16.639,16.559,16.576,821,0
2016-05-04,16.549,17.475,16.53,17.475,3404,0
2016-05-05,17.308,17.494,17.008,17.008,1138,0
2016-05-06,17.027,17.319,17.027,17.036,3890,0
2016-05-09,17.036,17.165,17.036,17.165,882,0
2016-05-10,17.036,17.036,16.778,16.819,1541,0
2016-05-12,16.867,16.982,16.867,16.982,720,0
2016-05-13,16.833,16.833,16.833,16.833,661,0
2016-05-16,17.08,17.183,17.08,17.183,2575,0
2016-05-17,17.183,17.251,17.135,17.135,658,0
2016-05-18,17.115,17.115,17.115,17.115,165,0
2016-05-19,17.053,17.053,17.053,17.053,335,0
2016-05-20,17.281,17.422,17.125,17.349,6934,0
2016-05-23,17.524,17.524,17.036,17.13,2377,0
2016-05-24,17.524,17.524,17.524,17.524,1531,0
2016-05-25,17.485,18.01,17.485,18.01,6493,0
2016-05-26,17.826,17.942,17.713,17.883,4149,0
2016-05-27,17.68,17.992,17.68,17.982,783,0
2016-05-31,17.747,17.797,17.582,17.797,3370,0
2016-06-01,17.64,17.767,17.553,17.553,1338,0
2016-06-02,17.67,17.904,17.67,17.719,4408,0
2016-06-03,17.744,17.8,17.524,17.524,2374,0
2016-06-06,17.534,17.894,17.534,17.805,4261,0
2016-06-07,17.621,17.787,17.524,17.524,1835,0
2016-06-08,17.534,17.84,17.534,17.68,2584,0
2016-06-09,17.534,17.767,17.534,17.68,4728,0
2016-06-10,17.725,17.865,17.68,17.865,568,0
2016-06-13,17.805,17.805,17.631,17.631,1260,0
2016-06-14,17.631,17.894,17.631,17.631,1945,0
2016-06-15,17.719,17.884,17.631,17.725,2974,0
2016-06-16,17.767,17.884,17.631,17.631,1281,0
2016-06-17,17.68,17.972,17.64,17.972,10054,0
2016-06-20,17.777,18.312,17.777,17.904,1506,0
2016-06-21,17.962,18.35,17.932,18.35,1465,0
2016-06-22,18.117,18.191,18.059,18.141,2129,0
2016-06-23,18.35,18.35,17.745,17.805,1510,0
2016-06-24,18.043,18.293,17.767,17.767,937,0
2016-06-27,17.767,17.913,17.524,17.525,8851,0
2016-06-28,17.982,17.982,17.709,17.825,6888,0
2016-06-29,17.669,17.797,17.669,17.797,510,0
2016-06-30,18.05,18.227,17.913,17.913,913,0
2016-07-01,18.353,18.559,18.1,18.54,10543,0
2016-07-05,18.598,19.087,18.598,19.087,919,0
2016-07-06,19.246,19.246,18.266,18.266,16948,0
2016-07-07,18.598,18.782,18.452,18.522,1393,0
2016-07-08,18.502,18.842,18.031,18.696,2455,0
2016-07-11,18.383,19.107,18.383,18.707,5546,0
2016-07-12,18.109,18.842,18.109,18.842,2438,0
2016-07-14,18.353,18.786,18.109,18.598,8219,0
2016-07-15,18.119,18.143,18.031,18.1,12613,0
2016-07-18,18.06,18.353,18.06,18.315,3883,0
2016-07-19,18.492,19.441,18.492,19.303,3268,0
2016-07-20,19.46,19.46,18.914,19.067,1901,0
2016-07-21,19.067,20.11,19.067,20.11,14717,0
2016-07-22,20.175,21.722,20.175,21.232,23993,0
2016-07-25,21.682,21.712,21.536,21.712,7400,0
2016-07-26,21.653,21.653,20.987,20.987,8366,0
2016-07-27,20.683,21.147,20.683,20.957,4378,0
2016-07-28,20.655,20.997,20.655,20.712,2574,0
2016-07-29,20.967,21.202,20.717,21.202,2026,0
2016-08-01,21.047,21.047,20.557,20.557,2658,0
2016-08-02,20.86,21.036,20.809,20.809,807,0
2016-08-03,21.027,21.047,20.919,21.037,1736,0
2016-08-04,20.86,21.047,20.86,20.937,2984,0
2016-08-05,20.831,20.831,20.831,20.831,333,0
2016-08-08,21.075,21.075,20.831,20.968,1534,0
2016-08-09,20.541,20.557,20.429,20.557,1685,0
2016-08-10,20.551,20.967,20.551,20.967,3261,0
2016-08-11,21.143,21.143,19.92,20.361,3769,0
2016-08-12,20.566,20.566,20.534,20.534,375,0
2016-08-15,20.693,20.693,20.4,20.41,2975,0
2016-08-16,20.557,20.9,20.361,20.41,4208,0
2016-08-17,20.033,20.038,20.028,20.028,1534,0
2016-08-18,20.203,20.203,19.822,19.822,3051,0
2016-08-19,19.944,20.135,19.944,20.04,1021,0
2016-08-22,19.852,20.018,19.852,20.018,1430,0
2016-08-23,20.018,20.351,19.91,20.253,4669,0
2016-08-24,20.342,20.342,19.999,20.155,2768,0
2016-08-25,20.067,20.067,20.018,20.018,535,0
2016-08-26,20.058,20.732,20.048,20.048,5649,0
2016-08-29,20.096,20.223,20.008,20.126,2835,0
2016-08-30,20.208,20.292,20.135,20.135,5296,0
2016-08-31,19.93,20.233,19.93,20.086,885,0
2016-09-01,20.263,20.263,20.116,20.185,1954,0
2016-09-02,20.253,21.134,20.253,20.4,10204,0
2016-09-06,20.683,21.02,20.557,20.557,3185,0
2016-09-07,20.909,21.047,20.665,20.673,3445,0
2016-09-08,20.9,21.165,20.566,20.947,3965,0
2016-09-09,20.947,21.066,20.321,20.321,4762,0
2016-09-12,20.527,20.638,19.852,19.852,8199,0
2016-09-13,19.822,20.438,19.822,19.822,2202,0
2016-09-14,19.871,20.048,19.587,19.587,2020,0
2016-09-15,19.592,20.081,18.882,19.729,5513,0
2016-09-16,19.519,20.273,19.509,19.999,8254,0
2016-09-19,19.812,21.056,19.812,21.056,8914,0
2016-09-20,20.302,21.438,20.302,21.438,4670,0
2016-09-21,21.242,21.584,20.712,21.202,25637,0
2016-09-22,21.408,21.584,21.381,21.438,12957,0
2016-09-23,21.291,21.291,21.099,21.099,2511,0
2016-09-26,21.398,21.526,20.742,21.526,4103,0
2016-09-27,21.506,21.584,21.143,21.241,2743,0
2016-09-28,21.134,21.536,20.517,20.947,6993,0
2016-09-29,21.263,21.263,19.62,20.594,6469,0
2016-09-30,20.299,21.358,20.299,20.574,1859,0
2016-10-03,20.476,20.515,20.476,20.515,688,0
2016-10-04,20.059,20.713,19.689,19.689,3139,0
2016-10-05,19.768,20.289,19.768,20.289,524,0
2016-10-06,19.817,20.614,19.817,20.151,2349,0
2016-10-07,20.131,20.161,20.011,20.011,514,0
2016-10-10,19.669,19.689,19.527,19.66,3137,0
2016-10-11,19.532,19.594,19.532,19.571,2469,0
2016-10-12,19.669,19.669,19.188,19.188,2632,0
2016-10-13,19.421,19.421,19.267,19.267,527,0
2016-10-14,19.305,19.43,19.286,19.286,1062,0
2016-10-17,19.463,19.463,19.463,19.463,238,0
2016-10-18,19.493,19.908,19.493,19.908,1050,0
2016-10-19,19.875,20.181,19.875,20.136,883,0
2016-10-20,20.505,21.466,20.505,21.078,1996,0
2016-10-21,21.076,21.076,20.171,20.26,2137,0
2016-10-24,20.25,20.25,19.789,20.18,1958,0
2016-10-25,20.21,20.21,19.168,19.965,2865,0
2016-10-26,20.073,20.445,19.986,20.407,1442,0
2016-10-27,20.654,20.654,19.885,20.537,1467,0
2016-10-28,20.654,20.751,20.28,20.751,5532,0
2016-10-31,20.88,21.499,20.751,21.499,1972,0
2016-11-01,21.646,21.784,21.115,21.784,3865,0
2016-11-02,21.882,21.882,21.144,21.144,1158,0
2016-11-03,21.519,21.636,21.489,21.489,974,0
2016-11-04,21.597,21.636,21.047,21.047,2738,0
2016-11-07,21.43,21.636,21.144,21.243,4296,0
2016-11-08,21.451,21.586,20.28,21.586,1393,0
2016-11-09,20.771,21.263,20.685,20.751,3429,0
2016-11-10,20.666,21.223,20.666,21.223,794,0
2016-11-11,21.587,21.587,21.587,21.587,204,0
2016-11-14,20.88,21.475,20.88,21.166,2898,0
2016-11-15,21.371,21.646,20.574,21.253,8185,0
2016-11-16,21.459,21.499,21.341,21.341,670,0
2016-11-17,21.489,21.725,21.38,21.38,1271,0
2016-11-18,21.253,21.253,21.253,21.253,115,0
2016-11-21,21.273,21.469,21.096,21.243,1103,0
2016-11-22,21.469,21.811,21.351,21.568,887,0
2016-11-23,21.39,21.536,21.096,21.416,11374,0
2016-11-25,21.4,21.44,20.604,21.44,1431,0
2016-11-28,21.626,21.626,21.164,21.206,3275,0
2016-11-29,21.39,21.572,21.39,21.538,516,0
2016-11-30,21.606,21.636,21.506,21.616,4643,0
2016-12-01,21.784,21.784,21.361,21.43,2426,0
2016-12-02,21.243,21.273,21.086,21.086,2355,0
2016-12-05,21.45,21.597,20.672,21.096,4890,0
2016-12-06,21.125,21.129,21.067,21.096,2167,0
2016-12-07,21.193,21.193,21.075,21.174,9863,0
2016-12-08,21.519,21.636,20.685,20.771,5357,0
2016-12-09,21.144,22.046,21.144,21.706,4757,0
2016-12-12,21.656,21.971,21.656,21.971,1887,0
2016-12-13,21.829,22.079,21.829,22.079,1195,0
2016-12-14,22.079,22.088,21.844,22.03,2428,0
2016-12-15,22.187,22.719,22.128,22.624,5231,0
2016-12-16,22.725,23.407,22.725,23.407,2826,0
2016-12-19,23.593,23.613,23.476,23.545,2675,0
2016-12-20,23.652,23.692,23.53,23.565,3687,0
2016-12-21,23.585,23.585,23.555,23.555,1019,0
2016-12-22,23.068,23.068,22.561,22.58,12555,0
2016-12-23,22.655,22.826,22.619,22.806,5394,0
2016-12-27,22.845,23.603,22.845,23.603,4135,0
2016-12-28,23.878,24.312,23.555,23.555,4565,0
2016-12-29,23.672,24.814,23.672,24.784,33863,0
2016-12-30,26.102,26.22,24.929,25.147,9445,0
2017-01-03,25.325,25.577,23.357,23.357,13906,0
2017-01-04,23.546,24.059,23.11,23.773,4576,0
2017-01-05,24.049,24.84,23.604,24.523,38520,0
2017-01-06,24.85,26.962,24.85,26.647,24271,0
2017-01-09,26.666,27.012,26.122,26.725,21778,0
2017-01-10,26.656,26.666,26.271,26.656,5706,0
2017-01-11,26.666,26.666,24.603,25.139,5130,0
2017-01-12,24.7,24.7,23.99,24.167,2764,0
2017-01-13,24.355,24.69,23.994,24.286,3457,0
2017-01-17,25.135,26.567,25.135,25.827,14194,0
2017-01-18,25.481,25.985,25.382,25.382,5200,0
2017-01-19,25.56,25.632,24.375,24.375,5783,0
2017-01-20,25.194,25.679,24.346,25.679,2662,0
2017-01-23,25.491,25.866,24.355,24.424,3586,0
2017-01-24,24.612,25.866,22.684,23.693,12809,0
2017-01-25,23.367,24.0,22.863,23.95,9245,0
2017-01-26,24.42,24.42,23.917,24.079,1432,0
2017-01-27,24.276,24.394,23.295,23.733,7181,0
2017-01-30,23.614,24.197,23.614,23.99,2904,0
2017-01-31,23.99,24.553,23.99,24.059,6167,0
2017-02-01,23.733,24.167,23.703,24.118,2672,0
2017-02-02,24.355,24.473,24.217,24.286,7675,0
2017-02-03,24.079,24.573,24.079,24.553,1433,0
2017-02-06,24.69,25.145,24.493,24.493,1465,0
2017-02-07,24.84,24.84,24.66,24.67,1031,0
2017-02-08,25.659,25.741,24.7,25.135,3897,0
2017-02-09,25.6,25.628,25.323,25.323,3371,0
2017-02-10,25.58,25.767,25.452,25.649,2705,0
2017-02-13,25.58,25.993,25.283,25.67,5775,0
2017-02-14,26.084,26.35,25.767,26.35,4877,0
2017-02-15,26.35,26.35,25.56,26.012,1795,0
2017-02-16,26.004,26.004,24.74,25.446,3090,0
2017-02-17,25.135,25.432,24.444,24.727,3725,0
2017-02-21,24.246,24.68,24.1,24.563,5486,0
2017-02-22,24.394,25.674,23.11,25.168,10152,0
2017-02-23,25.135,26.655,25.135,26.054,10372,0
2017-02-24,26.064,26.064,25.096,25.096,5497,0
2017-02-27,25.037,26.074,24.53,25.007,8196,0
2017-02-28,24.888,25.619,24.296,25.53,11684,0
2017-03-01,24.859,25.382,24.859,25.067,3296,0
2017-03-02,25.185,25.185,24.29,25.076,1027,0
2017-03-03,25.442,25.876,24.463,24.463,8450,0
2017-03-06,24.71,25.185,23.493,24.0,7656,0
2017-03-07,23.743,24.444,23.743,24.444,3525,0
2017-03-08,24.444,24.79,24.197,24.266,9211,0
2017-03-09,24.365,24.434,23.803,24.434,5247,0
2017-03-10,24.256,24.414,23.753,24.296,4584,0
2017-03-13,24.918,26.518,24.79,24.997,8798,0
2017-03-14,25.649,25.649,25.382,25.382,1209,0
2017-03-15,26.122,26.389,25.432,25.935,3578,0
2017-03-16,25.925,25.925,24.987,25.432,3044,0
2017-03-17,25.442,26.509,25.442,25.679,9739,0
2017-03-20,25.975,25.975,25.679,25.679,3057,0
2017-03-21,26.064,26.064,25.333,25.679,6397,0
2017-03-22,25.619,26.36,25.055,25.896,10988,0
2017-03-23,25.925,26.321,25.817,26.082,3434,0
2017-03-24,26.034,26.369,25.965,26.36,3647,0
2017-03-27,26.35,26.666,25.204,26.666,8681,0
2017-03-28,26.666,27.012,26.42,27.012,3111,0
2017-03-29,26.567,27.604,26.567,26.656,5273,0
2017-03-30,27.379,27.667,27.047,27.476,6406,0
2017-03-31,27.707,27.856,27.403,27.767,3741,0
2017-04-03,27.994,27.994,27.479,27.806,2965,0
2017-04-04,27.975,27.975,27.281,27.281,3943,0
2017-04-05,27.578,27.994,27.251,27.618,7042,0
2017-04-06,27.826,27.965,27.161,27.836,3844,0
2017-04-07,27.737,27.777,27.469,27.697,1529,0
2017-04-10,27.885,27.885,27.271,27.509,3187,0
2017-04-11,27.559,27.559,27.161,27.171,4775,0
2017-04-12,27.123,27.737,26.28,26.765,8949,0
2017-04-13,26.787,27.297,26.706,27.152,1662,0
2017-04-17,26.468,27.856,26.468,27.754,16053,0
2017-04-18,27.657,27.657,26.983,27.588,2865,0
2017-04-19,27.757,27.757,26.646,27.559,5196,0
2017-04-20,27.509,27.757,26.329,27.509,19655,0
2017-04-21,26.765,27.757,26.31,27.757,6803,0
2017-04-24,26.934,27.321,26.359,27.311,10095,0
2017-04-25,27.321,28.074,27.321,27.876,21529,0
2017-04-26,27.876,28.55,27.876,28.386,30509,0
2017-04-27,28.61,29.234,28.382,29.234,20038,0
2017-04-28,29.164,29.164,27.811,28.748,19622,0
2017-05-01,28.748,29.026,28.47,28.648,19832,0
2017-05-02,28.45,28.798,27.013,27.013,15645,0
2017-05-03,26.795,27.549,26.368,27.103,10848,0
2017-05-04,27.459,27.459,26.567,26.567,5953,0
2017-05-05,27.092,27.132,25.774,26.973,7956,0
2017-05-08,27.132,27.132,26.639,27.093,2573,0
2017-05-09,27.123,27.321,26.518,26.547,19160,0
2017-05-10,26.904,26.953,26.557,26.815,4557,0
2017-05-11,26.924,27.351,26.468,26.468,13733,0
2017-05-12,27.033,27.211,25.794,26.052,5090,0
2017-05-15,25.883,27.211,25.883,26.785,5382,0
2017-05-16,26.983,27.093,26.27,26.666,7476,0
2017-05-17,26.27,26.85,25.922,25.922,1600,0
2017-05-18,25.824,26.65,25.824,25.893,2605,0
2017-05-19,26.032,26.861,26.022,26.656,3918,0
2017-05-22,26.656,26.656,26.29,26.508,2130,0
2017-05-23,26.329,27.221,25.968,26.785,3975,0
2017-05-24,26.736,29.144,26.736,27.221,22975,0
2017-05-25,27.519,28.648,26.944,26.944,23279,0
2017-05-26,27.171,28.559,26.547,28.104,4213,0
2017-05-30,27.608,28.243,27.342,27.578,10418,0
2017-05-31,27.559,28.401,27.559,28.252,7910,0
2017-06-01,28.619,28.619,27.647,27.647,2219,0
2017-06-02,27.866,28.359,27.866,28.252,1782,0
2017-06-05,28.004,28.202,27.757,27.757,4879,0
2017-06-06,27.578,27.757,27.509,27.757,5674,0
2017-06-07,27.757,27.757,27.261,27.261,689,0
2017-06-08,27.549,28.847,27.209,28.124,1505,0
2017-06-09,27.955,28.124,27.261,27.389,1543,0
2017-06-12,27.389,27.389,26.677,26.811,10644,0
2017-06-13,26.577,26.815,26.577,26.815,1561,0
2017-06-14,26.795,26.815,26.666,26.666,12390,0
2017-06-15,27.033,28.098,26.866,28.098,5939,0
2017-06-16,27.489,28.084,27.321,27.569,4130,0
2017-06-19,27.846,27.846,26.845,27.379,7311,0
2017-06-20,26.894,27.222,26.567,27.152,2378,0
2017-06-21,27.161,27.161,26.503,26.503,5717,0
2017-06-22,26.24,26.979,26.072,26.666,7415,0
2017-06-23,26.667,26.76,26.617,26.76,2061,0
2017-06-26,26.765,27.419,26.492,26.666,13063,0
2017-06-27,27.197,27.321,26.775,27.311,1360,0
2017-06-28,27.301,28.261,27.301,27.707,3406,0
2017-06-29,27.409,28.449,27.409,28.449,1220,0
2017-06-30,28.45,28.45,28.302,28.352,695,0
2017-07-03,27.786,27.826,27.786,27.826,556,0
2017-07-05,27.171,28.352,27.171,28.352,450,0
2017-07-07,28.054,28.202,27.311,28.202,1093,0
2017-07-10,27.361,27.78,27.361,27.78,799,0
2017-07-11,27.509,27.737,27.063,27.063,2217,0
2017-07-12,27.311,27.767,27.311,27.331,3259,0
2017-07-13,27.409,28.549,27.409,27.905,1010,0
2017-07-14,27.806,27.806,27.806,27.806,369,0
2017-07-17,27.757,27.994,27.632,27.757,5321,0
2017-07-18,27.339,27.666,27.259,27.647,2932,0
2017-07-19,27.269,28.374,27.269,27.368,4474,0
2017-07-20,28.264,28.264,27.371,27.568,1895,0
2017-07-21,27.886,28.476,27.173,27.886,2332,0
2017-07-24,27.13,28.165,27.12,28.165,9742,0
2017-07-25,27.866,28.354,27.06,27.06,19555,0
2017-07-26,27.269,28.055,27.169,27.607,11825,0
2017-07-27,28.269,28.269,26.364,27.498,17429,0
2017-07-28,27.468,27.468,26.723,27.458,4597,0
2017-07-31,27.329,27.538,26.683,27.538,10336,0
2017-08-01,27.538,27.866,27.538,27.866,3479,0
2017-08-02,27.428,28.612,27.428,28.069,9964,0
2017-08-03,28.612,28.624,27.421,28.314,2631,0
2017-08-04,28.276,28.276,27.976,27.976,1025,0
2017-08-07,28.005,28.015,27.131,27.836,3091,0
2017-08-08,27.993,28.034,27.219,27.378,3696,0
2017-08-09,26.672,28.045,26.672,28.045,991,0
2017-08-10,26.622,26.622,26.622,26.622,160,0
2017-08-11,26.781,26.97,26.781,26.97,854,0
2017-08-14,26.771,26.771,26.718,26.718,507,0
2017-08-15,27.498,27.916,27.418,27.916,6479,0
2017-08-16,27.394,27.717,27.253,27.717,860,0
2017-08-17,27.08,27.568,26.931,27.568,1675,0
2017-08-21,27.875,27.875,26.682,26.702,3990,0
2017-08-22,26.396,26.396,26.396,26.396,343,0
2017-08-23,26.393,26.393,24.532,25.179,11876,0
2017-08-24,25.177,25.577,25.129,25.382,3498,0
2017-08-25,25.846,25.846,24.383,24.482,11063,0
2017-08-28,24.383,24.383,24.054,24.383,5329,0
2017-08-29,24.123,24.123,23.693,23.693,569,0
2017-08-30,23.803,24.676,23.666,24.184,9428,0
2017-08-31,24.861,25.219,23.726,23.726,2679,0
2017-09-01,22.89,24.582,22.89,23.467,5782,0
2017-09-05,22.999,24.671,22.93,24.384,3890,0
2017-09-06,24.482,24.671,24.094,24.671,1264,0
2017-09-07,24.383,24.87,23.968,24.801,2704,0
2017-09-08,23.895,25.677,23.895,25.677,908,0
2017-09-11,24.532,25.677,24.413,24.413,3060,0
2017-09-12,24.452,25.756,24.452,25.756,2392,0
2017-09-13,25.876,26.323,25.876,25.88,1417,0
2017-09-14,26.323,26.323,24.681,26.314,1014,0
2017-09-15,25.478,25.914,23.885,23.885,9292,0
2017-09-18,25.577,25.776,24.206,24.88,4063,0
2017-09-19,25.03,26.238,24.313,24.96,19391,0
2017-09-20,24.93,25.627,22.412,23.316,21716,0
2017-09-21,22.9,24.253,22.9,24.253,10564,0
2017-09-22,24.333,25.288,23.935,25.288,4601,0
2017-09-25,24.612,24.612,22.852,24.093,6111,0
2017-09-26,24.084,24.383,24.039,24.234,3974,0
2017-09-27,24.383,24.393,23.861,24.058,3716,0
2017-09-28,24.358,24.358,23.885,23.885,3885,0
2017-09-29,23.935,24.831,22.751,22.89,15242,0
2017-10-02,23.05,23.6675,22.5,23.6675,3870,0
2017-10-03,23.73,24.1448,22.6,24.0,5693,0
2017-10-04,24.24,24.28,22.7965,24.11,3749,0
2017-10-05,24.971,25.0,23.6,23.91,7310,0
2017-10-06,23.99,24.0,23.99,24.0,1323,0
2017-10-09,23.55,24.8399,23.55,24.35,8908,0
2017-10-10,23.77,24.41,23.77,24.17,1067,0
2017-10-11,23.85,24.24,23.75,24.16,6118,0
2017-10-12,24.0,24.835,24.0,24.6,6028,0
2017-10-13,23.901,25.2499,23.901,24.85,6446,0
2017-10-16,25.004,25.004,24.27,24.9168,4835,0
2017-10-17,24.41,25.4999,24.175,25.085,6794,0
2017-10-19,25.2,25.2,23.55,23.55,5350,0
2017-10-20,23.55,24.7,23.01,24.5,46156,0
2017-10-23,24.1,24.5,24.049,24.5,4750,0
2017-10-24,25.355,25.355,23.81,24.0,7638,0
2017-10-25,23.5,24.0,23.35,23.4863,3230,0
2017-10-26,23.4,23.4836,22.35,22.35,6902,0
2017-10-27,22.3957,23.17,22.35,23.093,4576,0
2017-10-30,22.553,22.75,22.28,22.28,3684,0
2017-10-31,22.5144,22.7305,22.18,22.5,4225,0
2017-11-01,22.07,22.3,20.2,22.3,10673,0
2017-11-02,21.8201,24.5199,21.8201,24.017,19224,0
2017-11-03,22.52,24.9371,22.03,23.6,23224,0
2017-11-06,23.55,23.55,22.4171,22.4171,3670,0
2017-11-07,22.31,22.7,21.8004,22.4,3480,0
2017-11-08,21.9657,22.49,21.9,22.35,13692,0
2017-11-09,22.433,22.433,21.9453,22.0,1504,0
2017-11-10,22.0,23.1538,21.75,22.3,14332,0
