Date,Open,High,Low,Close,Volume,OpenInt
2014-01-02,16.1,17.19,16.1,16.8,6379,0
2014-01-03,17.14,17.15,16.33,16.9,8040,0
2014-01-06,16.9,16.99,16.5,16.83,3243,0
2014-01-07,16.84,16.84,16.37,16.84,2125,0
2014-01-08,16.71,16.71,16.56,16.66,501,0
2014-01-09,16.34,16.84,16.34,16.41,1004,0
2014-01-10,16.48,16.6,16.48,16.6,1055,0
2014-01-13,16.5,16.5,16.35,16.35,589,0
2014-01-14,16.5,16.6,16.4,16.47,4201,0
2014-01-15,16.6,16.87,16.6,16.87,986,0
2014-01-16,16.36,16.86,16.34,16.39,3888,0
2014-01-17,16.4,16.69,16.35,16.35,1044,0
2014-01-21,16.4,16.87,16.35,16.63,5500,0
2014-01-22,16.53,16.87,16.53,16.87,1263,0
2014-01-23,16.54,16.57,16.54,16.54,619,0
2014-01-27,16.53,16.56,16.5,16.5,1656,0
2014-01-28,16.43,16.79,16.4,16.74,1743,0
2014-01-29,16.77,16.77,16.46,16.48,1046,0
2014-01-30,16.46,16.46,16.34,16.34,6587,0
2014-01-31,16.31,16.46,15.52,15.62,3669,0
2014-02-03,15.36,15.36,15.36,15.36,640,0
2014-02-04,15.34,15.36,15.34,15.34,314,0
2014-02-05,15.44,15.55,15.43,15.55,2223,0
2014-02-06,15.97,15.98,15.97,15.98,885,0
2014-02-07,15.53,15.7,15.53,15.7,1735,0
2014-02-10,15.08,16.02,15.03,16.02,5947,0
2014-02-11,16.02,16.74,16.02,16.7,3774,0
2014-02-12,16.7,17.39,16.68,17.39,3316,0
2014-02-13,17.39,17.71,17.02,17.65,1382,0
2014-02-14,17.15,18.4,17.15,18.4,7660,0
2014-02-18,18.4,18.98,18.4,18.98,1965,0
2014-02-19,18.55,18.97,18.12,18.94,2173,0
2014-02-20,19.0,19.0,18.17,18.92,2694,0
2014-02-21,18.94,18.94,18.25,18.9,1590,0
2014-02-24,18.45,18.5,18.32,18.4,1735,0
2014-02-25,18.4,18.4,18.4,18.4,138,0
2014-02-26,18.4,18.4,18.08,18.08,632,0
2014-02-27,17.52,18.07,16.72,18.07,1848,0
2014-03-03,17.8,17.8,17.8,17.8,212,0
2014-03-04,17.98,17.98,17.98,17.98,900,0
2014-03-05,17.85,17.9,17.85,17.9,3465,0
2014-03-06,17.88,17.88,17.13,17.47,4810,0
2014-03-07,17.1,17.5,17.1,17.5,1378,0
2014-03-11,17.21,17.21,17.14,17.14,307,0
2014-03-12,16.7,18.4,16.7,18.07,17558,0
2014-03-13,17.1,17.2,17.06,17.14,4502,0
2014-03-17,16.44,16.51,15.87,16.5,4121,0
2014-03-18,16.51,17.4,16.17,17.15,14981,0
2014-03-19,17.98,18.5,17.08,17.45,5840,0
2014-03-20,17.1,18.5,17.1,17.55,14108,0
2014-03-21,16.88,17.84,16.88,17.26,2062,0
2014-03-24,17.0,17.84,16.86,17.45,2955,0
2014-03-25,17.97,17.97,17.82,17.97,546,0
2014-03-26,17.97,17.97,17.97,17.97,100,0
2014-03-27,17.3,17.3,17.3,17.3,202,0
2014-03-28,16.93,17.81,16.93,17.81,4574,0
2014-03-31,16.91,17.81,16.91,17.8,2045,0
2014-04-01,17.75,17.75,17.6,17.63,417,0
2014-04-02,17.29,17.55,17.25,17.55,1314,0
2014-04-03,17.7,17.7,17.25,17.25,279,0
2014-04-04,17.75,17.75,17.2,17.61,6217,0
2014-04-07,17.16,17.8,17.16,17.18,1046,0
2014-04-08,17.33,17.8,17.33,17.69,400,0
2014-04-09,17.69,17.69,17.67,17.67,301,0
2014-04-10,17.7,18.9,17.7,17.87,17827,0
2014-04-11,18.0,18.1,17.52,18.04,1174,0
2014-04-14,18.9,18.9,17.4,17.55,1148,0
2014-04-15,18.49,18.5,17.15,18.39,7546,0
2014-04-16,17.59,18.35,17.5,18.35,7650,0
2014-04-17,17.31,18.39,17.31,18.18,2646,0
2014-04-21,18.19,18.19,17.6,18.02,7000,0
2014-04-22,17.4,18.18,17.32,18.18,6897,0
2014-04-23,18.38,18.5,17.9,17.9,4741,0
2014-04-24,18.5,18.5,18.5,18.5,130,0
2014-04-28,18.0,18.4,17.8,18.4,2703,0
2014-04-29,17.6,18.38,17.38,18.38,7428,0
2014-04-30,18.1,18.3,17.6,18.25,4805,0
2014-05-01,18.24,18.25,17.8,18.25,6937,0
2014-05-02,17.67,18.25,17.54,17.54,7855,0
2014-05-05,17.56,18.07,17.27,17.66,12292,0
2014-05-06,18.19,18.19,17.8,17.8,402,0
2014-05-09,17.36,17.4,17.11,17.11,1475,0
2014-05-12,17.16,17.7,16.2,16.24,8394,0
2014-05-13,16.13,16.19,15.41,15.88,2264,0
2014-05-14,15.94,15.94,15.94,15.94,200,0
2014-05-15,15.5,15.71,15.25,15.6,2147,0
2014-05-16,15.68,15.86,15.68,15.86,505,0
2014-05-19,15.56,16.47,15.56,16.47,8466,0
2014-05-20,16.97,16.97,16.3,16.3,669,0
2014-05-21,16.48,16.48,16.48,16.48,100,0
2014-05-22,16.8,16.8,15.69,16.7,7211,0
2014-05-23,16.34,16.34,16.07,16.25,2202,0
2014-05-27,16.05,16.05,15.75,15.75,6324,0
2014-05-28,16.11,16.2,15.82,16.16,1145,0
2014-05-29,16.27,16.34,15.55,15.55,11119,0
2014-05-30,15.84,16.12,15.75,15.76,4436,0
2014-06-02,16.24,16.4,15.67,16.4,592,0
2014-06-03,16.32,16.32,16.32,16.32,394,0
2014-06-04,16.36,16.36,15.89,16.31,675,0
2014-06-05,16.13,16.3,16.1,16.3,981,0
2014-06-06,16.36,16.9,16.36,16.5,2426,0
2014-06-09,17.19,17.19,15.91,17.0,3255,0
2014-06-10,16.55,17.18,16.51,16.57,1468,0
2014-06-11,16.5,16.5,16.49,16.5,2111,0
2014-06-12,16.87,17.05,16.05,16.05,6531,0
2014-06-13,16.26,16.26,16.26,16.26,385,0
2014-06-16,16.76,17.0,16.35,16.35,987,0
2014-06-17,16.5,16.5,16.5,16.5,102,0
2014-06-18,16.5,16.71,16.5,16.71,2891,0
2014-06-20,16.02,16.68,16.02,16.68,737,0
2014-06-23,15.77,17.01,15.77,17.0,2854,0
2014-06-24,17.06,17.06,16.66,16.66,1150,0
2014-06-25,16.03,16.32,16.03,16.27,2988,0
2014-06-26,16.05,16.05,15.84,15.88,1284,0
2014-06-27,16.12,16.12,16.06,16.06,200,0
2014-06-30,16.17,16.17,15.58,15.58,387,0
2014-07-01,16.14,16.4,16.14,16.37,1050,0
2014-07-02,16.4,16.4,15.75,16.02,1400,0
2014-07-03,15.9,15.9,15.9,15.9,250,0
2014-07-07,15.75,16.0,15.64,15.64,1851,0
2014-07-08,15.5,15.95,15.5,15.76,2220,0
2014-07-09,15.97,16.37,15.77,15.83,5376,0
2014-07-10,15.76,16.3,15.76,16.06,7026,0
2014-07-11,16.08,16.08,16.08,16.08,296,0
2014-07-14,15.78,16.08,15.78,16.08,2356,0
2014-07-15,16.08,16.15,16.08,16.15,792,0
2014-07-16,16.38,16.38,15.96,15.96,380,0
2014-07-17,15.93,16.1,15.93,16.05,3394,0
2014-07-18,16.4,16.4,16.4,16.4,350,0
2014-07-21,16.03,16.4,16.03,16.4,815,0
2014-07-22,16.1,16.14,15.96,16.1,10500,0
2014-07-23,15.79,16.3,15.79,16.3,302,0
2014-07-24,16.15,16.29,15.84,16.28,30509,0
2014-07-25,16.15,16.29,15.79,16.28,11588,0
2014-07-29,15.86,16.2,15.86,15.86,17790,0
2014-07-30,15.83,15.83,15.83,15.83,500,0
2014-07-31,15.81,15.87,15.79,15.79,1292,0
2014-08-01,15.79,15.79,15.79,15.79,343,0
2014-08-05,15.79,15.95,15.55,15.95,752,0
2014-08-06,15.5,15.54,15.5,15.54,2184,0
2014-08-07,15.5,15.51,15.25,15.25,1409,0
2014-08-08,15.54,15.54,15.25,15.43,1035,0
2014-08-11,15.25,15.36,15.07,15.36,950,0
2014-08-12,14.65,15.2,14.65,15.2,2608,0
2014-08-13,14.65,14.65,12.39,12.9,8840,0
2014-08-14,12.94,13.39,12.94,13.25,3063,0
2014-08-15,13.0,13.0,12.5,12.52,6436,0
2014-08-18,12.52,12.52,11.34,11.47,14870,0
2014-08-19,11.5,11.5,11.0,11.05,5443,0
2014-08-20,11.2,11.2,10.95,11.07,5570,0
2014-08-21,11.06,11.55,10.9,11.09,10351,0
2014-08-22,11.15,11.15,11.0,11.08,2726,0
2014-08-25,11.1,11.52,11.05,11.49,3538,0
2014-08-26,11.94,11.94,11.94,11.94,190,0
2014-08-27,11.31,11.83,11.31,11.83,668,0
2014-08-28,11.38,11.86,11.38,11.86,250,0
2014-08-29,11.5,11.55,11.3,11.3,5853,0
2014-09-02,11.35,11.8,11.35,11.55,5618,0
2014-09-03,11.41,11.9,11.41,11.74,3331,0
2014-09-04,11.4,11.81,11.4,11.81,4715,0
2014-09-05,11.35,11.69,11.35,11.35,6326,0
2014-09-08,11.35,11.69,11.3,11.69,3774,0
2014-09-09,11.3,11.76,11.02,11.58,6111,0
2014-09-10,11.61,11.61,11.3,11.45,12789,0
2014-09-11,11.1,11.5,11.1,11.3,1676,0
2014-09-12,11.2,12.39,11.2,11.36,11945,0
2014-09-15,11.73,11.73,11.3,11.37,5760,0
2014-09-16,11.39,11.39,11.39,11.39,172,0
2014-09-17,11.88,11.88,11.3,11.52,2057,0
2014-09-18,11.62,11.62,11.62,11.62,273,0
2014-09-19,11.3,11.32,11.1,11.1,3992,0
2014-09-22,11.41,11.41,11.11,11.11,2404,0
2014-09-23,11.15,11.31,11.0,11.28,6089,0
2014-09-25,11.2,11.2,11.0,11.19,2400,0
2014-09-30,11.0,11.26,11.0,11.26,2500,0
2014-10-01,10.85,11.26,10.85,11.26,215,0
2014-10-02,11.26,11.75,11.1,11.4,3849,0
2014-10-03,11.79,11.79,11.1,11.11,660,0
2014-10-06,11.15,11.81,11.15,11.4,5656,0
2014-10-07,11.41,11.78,11.25,11.78,4102,0
2014-10-08,11.45,11.45,11.15,11.23,1020,0
2014-10-09,11.15,11.81,11.15,11.81,295,0
2014-10-10,11.24,11.27,11.15,11.15,1963,0
2014-10-13,11.2,11.2,11.15,11.15,1548,0
2014-10-14,11.15,11.15,11.15,11.15,192,0
2014-10-15,11.2,11.21,11.2,11.2,350,0
2014-10-17,11.4,11.4,11.15,11.15,1005,0
2014-10-20,11.41,11.41,11.31,11.31,265,0
2014-10-22,11.3,11.3,11.15,11.21,2259,0
2014-10-23,11.19,11.31,11.15,11.21,2927,0
2014-10-24,11.15,11.15,11.15,11.15,300,0
2014-10-27,11.15,11.15,10.5,11.15,1399,0
2014-10-28,11.27,11.82,11.25,11.4,8146,0
2014-10-29,11.35,11.36,11.35,11.35,644,0
2014-10-30,11.2,11.2,11.2,11.2,100,0
2014-10-31,11.21,11.21,11.12,11.15,3898,0
2014-11-04,11.05,11.28,11.05,11.28,2258,0
2014-11-05,11.75,11.75,11.05,11.11,5348,0
2014-11-06,11.15,11.8,11.1,11.22,6118,0
2014-11-07,11.23,11.23,11.23,11.23,1635,0
2014-11-10,11.05,11.2,11.05,11.2,1416,0
2014-11-11,11.2,11.2,10.95,11.15,1987,0
2014-11-12,11.19,11.35,11.19,11.35,4174,0
2014-11-13,11.35,11.35,11.35,11.35,3591,0
2014-11-14,9.42,10.25,8.14,8.5,41155,0
2014-11-17,8.5,8.71,8.05,8.6,21783,0
2014-11-18,8.49,8.49,8.41,8.45,3460,0
2014-11-19,8.4,8.65,8.4,8.5,5830,0
2014-11-20,8.66,8.74,8.45,8.53,6770,0
2014-11-21,8.51,8.52,8.41,8.41,2857,0
2014-11-24,8.4,8.4,8.4,8.4,1626,0
2014-11-25,8.34,8.39,8.26,8.35,3852,0
2014-11-26,8.35,8.35,8.1,8.1,231,0
2014-11-28,8.05,8.26,8.05,8.14,2773,0
2014-12-01,8.27,8.52,8.2,8.44,4627,0
2014-12-02,8.25,8.46,8.25,8.43,3374,0
2014-12-03,8.2,8.31,8.2,8.31,758,0
2014-12-04,8.35,8.35,8.05,8.2,5406,0
2014-12-05,8.12,11.23,8.12,9.73,29084,0
2014-12-08,10.13,10.49,8.31,8.32,24963,0
2014-12-09,8.37,9.88,8.12,8.47,16420,0
2014-12-10,8.47,8.6,8.15,8.32,8484,0
2014-12-11,8.34,8.69,8.3,8.69,1117,0
2014-12-12,8.3,8.5,8.12,8.5,1521,0
2014-12-15,8.54,9.24,8.29,8.91,5673,0
2014-12-16,8.65,8.9,8.29,8.58,1892,0
2014-12-17,8.25,8.48,8.2,8.48,3528,0
2014-12-18,8.71,8.88,8.55,8.76,3118,0
2014-12-19,8.68,8.75,8.51,8.56,3583,0
2014-12-22,8.54,8.72,8.5,8.5,2100,0
2014-12-23,8.55,8.56,8.55,8.55,696,0
2014-12-24,8.5,8.55,8.5,8.5,3397,0
2014-12-26,8.5,8.65,8.5,8.65,2030,0
2014-12-29,8.58,8.58,8.5,8.5,764,0
2014-12-30,8.5,8.88,8.5,8.51,8142,0
2014-12-31,8.5,8.77,8.5,8.71,4864,0
2015-01-02,8.54,8.54,8.5,8.51,650,0
2015-01-05,8.5,8.54,8.5,8.52,334,0
2015-01-06,8.5,8.51,8.07,8.11,10355,0
2015-01-07,8.16,8.46,8.11,8.3,19827,0
2015-01-08,8.42,8.5,8.07,8.1,26411,0
2015-01-09,8.05,8.29,8.05,8.08,1601,0
2015-01-12,8.03,8.12,7.63,7.82,19976,0
2015-01-13,7.66,7.66,7.61,7.61,500,0
2015-01-14,8.0,8.04,7.77,8.03,1870,0
2015-01-15,8.02,8.1,7.62,8.09,676,0
2015-01-16,7.86,7.86,7.83,7.83,1175,0
2015-01-20,7.87,8.0,7.87,7.9,1294,0
2015-01-21,7.9,8.0,7.84,7.95,2700,0
2015-01-22,7.82,8.0,7.82,8.0,946,0
2015-01-23,7.87,7.9,7.87,7.9,550,0
2015-01-26,7.82,8.04,7.82,8.0,5353,0
2015-01-27,8.0,8.23,7.9,8.09,10450,0
2015-01-28,8.06,8.18,7.9,8.18,3510,0
2015-01-29,7.88,7.92,7.88,7.92,1955,0
2015-02-02,7.92,8.28,7.92,8.28,1700,0
2015-02-04,7.99,8.24,7.92,8.04,6815,0
2015-02-05,7.95,8.25,7.95,8.25,700,0
2015-02-06,7.99,7.99,7.99,7.99,2120,0
2015-02-09,7.8,8.2,7.75,8.2,2100,0
2015-02-10,7.98,8.2,7.98,8.16,1100,0
2015-02-11,8.02,8.39,8.0,8.35,4400,0
2015-02-12,8.15,8.35,8.15,8.29,1885,0
2015-02-13,8.25,8.49,8.25,8.49,6272,0
2015-02-17,8.45,8.69,8.45,8.69,1524,0
2015-02-18,8.7,9.25,8.7,9.23,5180,0
2015-02-19,9.46,9.9,9.41,9.8,1653,0
2015-02-20,9.95,10.0,9.95,10.0,400,0
2015-02-23,10.0,10.44,9.98,10.0,4636,0
2015-02-24,10.05,10.15,10.05,10.15,670,0
2015-02-25,9.74,10.15,9.74,9.8,457,0
2015-02-26,9.97,10.0,9.8,9.8,1991,0
2015-02-27,10.07,10.07,10.07,10.07,141,0
2015-03-02,9.72,10.14,9.72,10.14,1100,0
2015-03-03,10.65,11.09,10.6,11.09,4300,0
2015-03-04,11.8,12.78,10.82,12.78,18900,0
2015-03-05,12.5,12.6,12.05,12.19,26700,0
2015-03-06,11.51,12.38,11.51,12.38,5700,0
2015-03-09,12.35,13.5,12.35,13.5,17300,0
2015-03-10,13.5,13.5,13.07,13.5,10700,0
2015-03-11,13.8,14.0,13.75,13.89,9700,0
2015-03-12,13.87,13.87,13.68,13.8,12200,0
2015-03-13,13.75,14.0,13.27,13.27,24100,0
2015-03-16,13.25,13.51,13.25,13.35,1500,0
2015-03-17,13.35,13.35,13.25,13.27,7000,0
2015-03-18,12.76,12.76,12.7,12.7,800,0
2015-03-19,12.25,12.25,11.6,11.61,4200,0
2015-03-20,11.48,12.05,11.48,12.05,1100,0
2015-03-23,12.05,12.05,12.05,12.05,100,0
2015-03-24,12.05,12.05,12.05,12.05,100,0
2015-03-25,12.06,12.06,11.15,11.15,3800,0
2015-03-26,11.2,12.07,10.75,11.67,21000,0
2015-03-27,11.2,12.2,11.2,11.7,10600,0
2015-03-30,12.25,12.85,12.25,12.65,3300,0
2015-03-31,12.65,13.26,11.56,13.26,24766,0
2015-04-01,13.32,13.45,12.76,13.15,3600,0
2015-04-02,13.2,13.26,13.1,13.16,3900,0
2015-04-06,12.02,12.2,12.0,12.13,2300,0
2015-04-07,12.7,12.7,12.7,12.7,102,0
2015-04-08,12.8,13.25,12.2,13.25,18100,0
2015-04-09,12.8,13.1,12.1,12.7,23375,0
2015-04-10,12.91,12.91,12.91,12.91,300,0
2015-04-13,12.72,12.72,12.7,12.7,1300,0
2015-04-14,12.71,12.72,12.09,12.38,6700,0
2015-04-15,12.7,12.98,12.7,12.81,1320,0
2015-04-16,13.26,13.26,13.15,13.19,3815,0
2015-04-17,12.35,12.9,12.35,12.89,1100,0
2015-04-20,12.12,12.76,11.2,12.1,8769,0
2015-04-21,11.6,12.29,11.6,12.1,2358,0
2015-04-23,12.1,12.1,12.1,12.1,100,0
2015-04-24,11.71,12.14,11.51,11.64,3105,0
2015-04-27,11.4,11.4,11.12,11.34,1400,0
2015-04-28,10.95,11.85,10.95,11.79,4523,0
2015-04-29,11.4,11.4,11.4,11.4,400,0
2015-04-30,11.07,11.7,11.07,11.7,400,0
2015-05-01,11.05,11.21,11.05,11.21,2100,0
2015-05-04,11.07,11.52,10.65,11.52,900,0
2015-05-05,11.25,11.25,11.25,11.25,200,0
2015-05-06,11.16,11.16,10.9,10.9,460,0
2015-05-07,10.65,10.96,10.65,10.95,718,0
2015-05-08,10.52,10.8,10.52,10.52,8000,0
2015-05-11,10.51,10.51,9.98,9.98,4900,0
2015-05-12,10.38,10.38,9.28,9.28,7568,0
2015-05-13,9.28,9.42,8.74,9.42,13750,0
2015-05-14,9.35,9.36,9.35,9.36,600,0
2015-05-15,9.39,9.39,9.36,9.38,2011,0
2015-05-18,9.3,9.31,9.29,9.31,2415,0
2015-05-19,9.01,9.01,9.0,9.0,209,0
2015-05-20,9.0,9.05,8.92,9.01,1006,0
2015-05-21,8.86,9.3,8.86,8.95,400,0
2015-05-22,8.91,9.0,8.91,8.95,1700,0
2015-05-26,8.9,9.0,8.86,8.95,1572,0
2015-05-27,8.85,8.99,8.85,8.95,700,0
2015-05-28,8.9,9.26,8.9,9.26,2526,0
2015-05-29,9.0,9.06,9.0,9.05,500,0
2015-06-01,9.06,9.06,9.06,9.06,175,0
2015-06-02,8.91,9.01,8.81,8.81,2582,0
2015-06-04,9.0,9.0,8.93,8.93,700,0
2015-06-05,8.97,9.1,8.97,9.1,500,0
2015-06-08,8.93,8.96,8.91,8.91,2300,0
2015-06-09,9.3,9.3,9.12,9.12,654,0
2015-06-10,9.12,9.12,9.12,9.12,2,0
2015-06-11,8.83,9.1,8.81,8.91,1901,0
2015-06-12,8.91,8.91,8.91,8.91,400,0
2015-06-15,8.91,8.91,8.91,8.91,100,0
2015-06-16,8.86,8.86,8.61,8.61,2200,0
2015-06-17,8.61,8.61,8.59,8.61,800,0
2015-06-18,8.31,8.44,8.05,8.27,11800,0
2015-06-19,8.21,8.21,8.21,8.21,300,0
2015-06-22,8.02,8.33,8.02,8.08,2300,0
2015-06-23,8.13,9.0,8.01,8.2,24856,0
2015-06-24,8.19,8.19,8.04,8.04,300,0
2015-06-25,8.23,8.55,8.1,8.13,3200,0
2015-06-26,8.65,8.65,8.1,8.1,400,0
2015-06-29,8.13,8.14,8.01,8.01,900,0
2015-06-30,8.48,8.48,8.48,8.48,100,0
2015-07-01,8.38,8.38,8.0,8.05,1400,0
2015-07-02,8.0,8.45,7.98,8.19,3600,0
2015-07-07,8.19,8.19,8.19,8.19,100,0
2015-07-08,7.77,7.77,7.77,7.77,200,0
2015-07-09,7.9,7.96,7.9,7.96,2700,0
2015-07-10,7.86,8.37,7.86,8.37,700,0
2015-07-13,8.09,8.4,8.09,8.3,1100,0
2015-07-14,8.37,8.37,7.85,7.85,6000,0
2015-07-15,7.91,7.91,7.91,7.91,1370,0
2015-07-20,7.95,7.95,7.95,7.95,2500,0
2015-07-22,7.97,7.97,7.97,7.97,300,0
2015-07-23,7.97,7.97,7.97,7.97,100,0
2015-07-24,7.96,8.34,7.96,8.3,4200,0
2015-07-27,7.92,8.0,7.92,7.96,1400,0
2015-07-28,7.96,7.96,7.96,7.96,100,0
2015-07-29,8.0,8.0,8.0,8.0,200,0
2015-07-30,8.15,8.15,8.15,8.15,300,0
2015-07-31,8.07,8.07,8.07,8.07,100,0
2015-08-03,8.06,8.06,8.06,8.06,232,0
2015-08-04,8.06,8.06,8.06,8.06,100,0
2015-08-05,8.04,8.04,8.04,8.04,1300,0
2015-08-06,8.04,8.04,8.04,8.04,100,0
2015-08-07,8.04,8.04,8.04,8.04,100,0
2015-08-10,8.39,8.39,7.99,7.99,1100,0
2015-08-11,7.92,7.92,7.92,7.92,350,0
2015-08-12,7.99,7.99,7.92,7.92,200,0
2015-08-13,7.92,7.92,7.7,7.73,3100,0
2015-08-14,8.07,9.8,8.07,8.9,29900,0
2015-08-17,8.98,9.25,8.98,9.06,4300,0
2015-08-18,9.05,9.12,9.0,9.0,3600,0
2015-08-19,9.03,9.03,8.8,8.86,2000,0
2015-08-20,8.79,8.79,8.77,8.77,1200,0
2015-08-21,8.45,9.14,8.44,8.99,4900,0
2015-08-24,9.12,10.5,8.86,9.3,31448,0
2015-08-25,10.1,10.1,9.48,9.72,5200,0
2015-08-26,9.75,10.48,9.75,9.9,10900,0
2015-08-27,10.11,10.65,10.11,10.63,5700,0
2015-08-28,11.17,11.35,9.84,11.35,7900,0
2015-08-31,11.51,11.78,11.35,11.35,17600,0
2015-09-01,11.5,11.71,11.3,11.55,9700,0
2015-09-02,11.7,13.0,11.6,11.6,39700,0
2015-09-03,12.0,12.85,12.0,12.43,22400,0
2015-09-04,12.5,12.5,11.81,12.15,7600,0
2015-09-08,12.2,12.5,12.2,12.34,9700,0
2015-09-09,12.46,12.46,11.95,11.95,3200,0
2015-09-10,11.95,12.39,11.95,11.95,5458,0
2015-09-11,11.98,12.28,11.66,11.67,7700,0
2015-09-14,11.5,11.5,10.8,11.25,10200,0
2015-09-15,11.75,12.31,11.33,11.54,2900,0
2015-09-16,11.15,11.88,10.79,11.88,700,0
2015-09-17,11.9,11.9,10.91,11.13,4213,0
2015-09-18,10.55,11.66,10.55,11.66,5900,0
2015-09-21,10.92,10.92,9.2,10.28,30900,0
2015-09-22,9.1,9.55,8.96,9.55,24100,0
2015-09-23,10.0,10.04,9.53,9.7,3420,0
2015-09-24,9.92,10.1,9.7,10.0,7539,0
2015-09-25,10.24,10.3,9.52,10.3,4900,0
2015-09-28,9.54,10.94,9.5,10.78,32275,0
2015-09-29,11.0,11.0,10.34,10.34,2000,0
2015-09-30,10.44,10.44,10.04,10.04,3500,0
2015-10-01,10.01,10.01,9.35,9.35,900,0
2015-10-05,9.27,9.35,8.52,8.7,13563,0
2015-10-06,8.89,8.89,8.7,8.7,1300,0
2015-10-07,8.6,8.99,8.21,8.99,3099,0
2015-10-08,8.75,8.75,8.4,8.71,900,0
2015-10-09,9.0,9.0,9.0,9.0,300,0
2015-10-12,8.47,8.74,8.47,8.74,550,0
2015-10-13,9.08,9.29,9.08,9.28,2100,0
2015-10-14,9.28,9.28,9.28,9.28,100,0
2015-10-15,9.13,9.46,9.13,9.46,300,0
2015-10-16,9.02,9.65,9.02,9.65,2600,0
2015-10-19,9.5,9.5,9.35,9.39,1061,0
2015-10-20,9.05,9.11,9.05,9.1,1400,0
2015-10-21,8.95,9.33,8.95,8.95,1000,0
2015-10-22,8.92,8.92,8.92,8.92,300,0
2015-10-23,9.0,9.73,8.65,8.68,19700,0
2015-10-26,8.51,8.88,8.51,8.87,1700,0
2015-10-27,8.9,8.9,8.8,8.8,400,0
2015-10-28,9.18,9.18,8.74,8.74,700,0
2015-10-29,8.86,8.91,8.86,8.9,1100,0
2015-10-30,8.65,8.7,8.65,8.68,1100,0
2015-11-02,8.69,8.69,8.69,8.69,458,0
2015-11-03,8.77,8.84,8.68,8.84,1642,0
2015-11-04,8.84,8.84,8.84,8.84,3,0
2015-11-05,8.98,8.98,8.98,8.98,300,0
2015-11-06,8.72,9.1,8.68,8.68,1500,0
2015-11-09,8.68,8.68,8.68,8.68,80,0
2015-11-10,9.24,9.79,8.75,9.14,15400,0
2015-11-11,9.4,9.4,9.17,9.17,7300,0
2015-11-12,9.17,9.17,9.17,9.17,100,0
2015-11-13,9.56,9.56,8.79,9.22,2600,0
2015-11-16,8.65,8.65,8.62,8.65,300,0
2015-11-17,8.91,8.92,8.64,8.9,1000,0
2015-11-18,9.02,9.03,9.01,9.03,1400,0
2015-11-19,8.9,8.9,8.38,8.9,1800,0
2015-11-20,8.92,8.92,8.69,8.87,7500,0
2015-11-23,8.87,9.43,8.87,9.24,12900,0
2015-11-24,9.36,9.36,9.26,9.34,800,0
2015-11-25,9.17,9.38,9.07,9.38,3900,0
2015-11-27,9.38,9.38,9.14,9.25,2400,0
2015-11-30,9.5,9.5,9.16,9.21,4900,0
2015-12-01,9.44,9.95,9.15,9.25,12935,0
2015-12-02,9.65,9.65,9.2,9.2,6355,0
2015-12-03,9.16,9.25,9.16,9.24,463,0
2015-12-04,9.37,9.6,9.02,9.13,4000,0
2015-12-07,9.5,9.58,9.25,9.25,6300,0
2015-12-08,9.25,9.46,9.23,9.46,5329,0
2015-12-09,9.4,10.0,9.4,9.8,3900,0
2015-12-10,10.02,10.5,10.02,10.5,6700,0
2015-12-11,9.85,10.75,9.85,10.5,9000,0
2015-12-14,10.75,11.9,10.75,11.9,17054,0
2015-12-15,12.0,12.99,12.0,12.95,33900,0
2015-12-16,12.85,13.0,12.15,12.5,47800,0
2015-12-17,12.3,12.5,12.3,12.49,11600,0
2015-12-18,12.3,12.49,12.25,12.49,6600,0
2015-12-21,12.9,12.97,11.02,11.74,8600,0
2015-12-22,11.86,11.94,11.0,11.3,8603,0
2015-12-23,11.3,11.5,11.3,11.49,2800,0
2015-12-24,11.6,11.92,11.6,11.9,1586,0
2015-12-28,11.69,11.92,11.69,11.85,13697,0
2015-12-29,11.88,12.44,11.8,12.44,4028,0
2015-12-30,12.01,12.549,11.9309,12.549,2985,0
2015-12-31,12.44,12.7,12.14,12.7,5171,0
2016-01-04,12.14,12.46,12.0808,12.2,9808,0
2016-01-05,12.2,12.4,12.0731,12.3411,5399,0
2016-01-06,12.04,12.39,12.04,12.37,1209,0
2016-01-07,12.39,12.3999,12.23,12.37,1088,0
2016-01-08,12.4,12.891,12.05,12.891,15836,0
2016-01-11,12.45,12.723,10.49,11.5375,25464,0
2016-01-12,11.5,11.9035,11.5,11.61,33541,0
2016-01-13,11.593,11.95,11.5,11.5,6341,0
2016-01-14,11.745,11.745,11.745,11.745,110,0
2016-01-15,11.5,11.79,11.5,11.5,7932,0
2016-01-19,11.5,11.94,11.1,11.3,2000,0
2016-01-20,11.1,11.25,10.7,11.25,1724,0
2016-01-21,11.0,11.27,11.0,11.15,3861,0
2016-01-22,11.62,11.63,11.0,11.14,5265,0
2016-01-25,11.03,11.18,11.0,11.0,6248,0
2016-01-26,11.02,11.02,10.87,10.87,1696,0
2016-01-28,10.83,11.0,10.83,11.0,222,0
2016-01-29,11.1,11.1,10.82,10.82,3476,0
2016-02-01,10.94,11.18,10.75,11.02,8878,0
2016-02-02,10.84,11.456,10.805,11.456,35684,0
2016-02-03,11.13,11.55,10.875,11.55,31358,0
2016-02-04,11.59,11.79,11.4401,11.79,2825,0
2016-02-05,11.56,11.64,11.56,11.64,300,0
2016-02-08,11.5782,11.76,11.4001,11.76,1650,0
2016-02-09,11.8999,11.8999,11.6153,11.6153,2802,0
2016-02-10,11.7001,11.7001,11.58,11.58,2041,0
2016-02-11,11.85,11.9299,11.85,11.91,2400,0
2016-02-12,11.9899,11.9899,11.97,11.97,459,0
2016-02-16,12.17,12.17,11.9708,12.0,3092,0
2016-02-17,12.1256,12.24,12.0658,12.1,2315,0
2016-02-18,12.14,12.14,12.14,12.14,348,0
2016-02-19,11.98,12.22,11.98,11.98,1370,0
2016-02-22,12.14,12.14,12.0099,12.0099,1337,0
2016-02-23,11.864,12.0399,11.864,11.91,899,0
2016-02-24,11.9,12.35,11.82,11.82,20132,0
2016-02-25,11.95,12.48,11.925,12.45,12953,0
2016-02-26,12.36,12.95,12.34,12.57,12876,0
2016-02-29,12.6924,12.95,12.0201,12.7495,3987,0
2016-03-01,12.85,12.95,12.7239,12.95,1629,0
2016-03-02,13.9,14.8799,13.3,14.15,18587,0
2016-03-03,14.15,14.15,13.78,14.0,6422,0
2016-03-04,13.8,14.19,13.37,13.8,12074,0
2016-03-07,13.85,14.33,13.85,14.05,8388,0
2016-03-08,13.8261,14.136,13.751,13.95,2602,0
2016-03-09,13.9,13.92,13.89,13.92,1963,0
2016-03-10,13.46,13.47,12.08,12.24,12553,0
2016-03-11,12.12,12.52,12.07,12.5,2681,0
2016-03-14,12.27,12.27,12.06,12.0601,759,0
2016-03-15,12.07,12.07,11.55,12.0,4251,0
2016-03-16,11.81,11.81,10.08,10.8114,7625,0
2016-03-17,10.97,11.41,10.51,10.948,2065,0
2016-03-18,11.1873,11.1873,10.9005,10.95,1594,0
2016-03-21,10.73,10.8799,10.26,10.6,4636,0
2016-03-22,10.03,10.7404,10.03,10.7404,5493,0
2016-03-23,10.52,10.88,10.52,10.88,600,0
2016-03-28,11.0,11.0,11.0,11.0,518,0
2016-03-29,10.8571,11.25,10.71,11.25,861,0
2016-03-30,10.93,11.25,10.6,10.8,10387,0
2016-03-31,10.7568,10.7568,10.7568,10.7568,232,0
2016-04-04,10.8,11.21,10.8,11.21,620,0
2016-04-06,10.67,11.0,10.5,11.0,5519,0
2016-04-07,11.45,11.45,11.45,11.45,500,0
2016-04-08,11.1505,11.1505,11.1505,11.1505,420,0
2016-04-12,10.7,10.8,10.5,10.51,7263,0
2016-04-13,11.04,11.1,10.6501,10.6501,3129,0
2016-04-14,11.35,11.35,10.9479,10.9479,361,0
2016-04-15,11.003,11.0099,10.86,10.886,1187,0
2016-04-18,11.0,11.25,10.85,10.87,1526,0
2016-04-19,11.04,11.3799,10.7,10.82,20193,0
2016-04-21,10.65,10.87,10.65,10.86,670,0
2016-04-22,10.97,10.97,10.97,10.97,500,0
2016-04-25,10.852,10.852,10.852,10.852,447,0
2016-04-26,11.176,11.176,11.176,11.176,120,0
2016-04-27,10.94,11.05,10.8,10.98,14597,0
2016-04-28,11.25,11.25,10.76,10.84,11829,0
2016-04-29,10.71,11.1088,10.7,10.7,634,0
2016-05-02,10.73,10.8,10.59,10.75,6427,0
2016-05-03,10.7,10.9,10.7,10.7305,7260,0
2016-05-05,10.5,10.6,10.02,10.6,1164,0
2016-05-09,10.29,10.605,10.2,10.2,1500,0
2016-05-10,9.75,10.227,9.22,9.44,6362,0
2016-05-11,9.4,9.81,9.4,9.8,3210,0
2016-05-12,9.55,9.5933,9.1106,9.22,9021,0
2016-05-13,8.5201,9.3699,8.5201,9.215,2035,0
2016-05-16,9.4336,9.4336,8.9,9.4281,2928,0
2016-05-17,9.48,9.75,9.1241,9.53,2462,0
2016-05-19,9.4,9.46,8.94,9.35,1432,0
2016-05-23,9.36,9.3701,9.11,9.11,613,0
2016-05-24,9.7,9.7,9.16,9.16,5815,0
2016-05-25,9.3501,9.3501,9.35,9.35,807,0
2016-05-26,9.05,9.33,9.05,9.33,403,0
2016-05-27,9.12,9.28,9.05,9.28,2267,0
2016-05-31,9.32,9.32,9.32,9.32,428,0
2016-06-01,9.73,10.0,9.73,9.82,3113,0
2016-06-02,10.2799,10.2799,10.2699,10.2699,1314,0
2016-06-03,9.7,9.9701,9.7,9.82,1115,0
2016-06-06,9.7,9.7,9.4,9.41,3358,0
2016-06-07,9.4999,9.5525,9.38,9.5525,1084,0
2016-06-08,9.79,9.79,9.36,9.36,5988,0
2016-06-09,9.4,9.45,9.25,9.25,1752,0
2016-06-13,9.25,9.5399,9.21,9.5,2009,0
2016-06-14,9.35,9.4,9.13,9.24,2023,0
2016-06-15,9.17,9.17,8.96,9.07,1170,0
2016-06-16,8.95,9.3499,8.7,9.3499,689,0
2016-06-17,9.11,9.7,9.11,9.7,2243,0
2016-06-21,9.586,9.586,9.586,9.586,120,0
2016-06-22,9.52,9.53,9.52,9.53,1021,0
2016-06-24,9.369,9.369,9.13,9.13,856,0
2016-06-27,9.13,9.2881,9.13,9.13,3268,0
2016-06-28,9.16,9.16,9.16,9.16,104,0
2016-06-29,9.2099,9.49,9.18,9.41,5067,0
2016-06-30,9.2,9.2,9.2,9.2,887,0
2016-07-08,9.17,9.17,9.17,9.17,127,0
2016-07-11,9.25,9.25,9.1812,9.1812,274,0
2016-07-12,9.42,9.42,9.42,9.42,123,0
2016-07-14,9.3507,9.38,9.29,9.326,1039,0
2016-07-18,9.07,9.205,9.0233,9.205,437,0
2016-07-19,9.35,9.3795,9.35,9.3795,300,0
2016-07-20,9.0,9.1974,9.0,9.1974,1232,0
2016-07-21,9.21,9.21,9.21,9.21,345,0
2016-07-22,8.93,9.29,8.93,9.175,825,0
2016-07-26,8.78,8.78,8.76,8.76,465,0
2016-07-27,9.0,9.1999,9.0,9.05,871,0
2016-07-29,9.085,9.085,9.05,9.05,1377,0
2016-08-01,9.05,9.05,8.55,8.55,647,0
2016-08-02,8.56,8.56,8.56,8.56,640,0
2016-08-03,8.976,8.976,8.976,8.976,126,0
2016-08-04,8.7,8.9396,8.7,8.9396,300,0
2016-08-10,9.03,9.03,8.77,8.77,353,0
2016-08-11,8.78,8.925,8.75,8.755,700,0
2016-08-12,8.8808,8.8808,8.8808,8.8808,200,0
2016-08-15,8.9258,8.9258,8.75,8.7509,2009,0
2016-08-16,8.55,8.675,8.5001,8.539,1470,0
2016-08-17,8.5,8.662,8.5,8.55,914,0
2016-08-18,8.65,8.65,8.55,8.55,1137,0
2016-08-19,8.7,8.735,8.65,8.699,6448,0
2016-08-22,8.7,8.75,8.525,8.75,1398,0
2016-08-23,8.72,8.75,8.6,8.6,839,0
2016-08-24,8.75,8.75,8.75,8.75,557,0
2016-08-25,8.88,8.89,8.7,8.777,1352,0
2016-08-26,8.85,8.9072,8.85,8.9072,708,0
2016-08-29,8.99,8.99,8.75,8.75,3066,0
2016-08-30,8.96,8.989,8.7695,8.9308,1979,0
2016-08-31,8.72,9.14,8.72,9.14,901,0
2016-09-01,9.19,9.39,9.19,9.25,1798,0
2016-09-02,9.38,9.38,9.35,9.3798,759,0
2016-09-06,9.41,9.43,9.2919,9.39,6894,0
2016-09-07,9.3931,9.425,9.36,9.412,2105,0
2016-09-08,9.302,9.3671,9.17,9.3671,1203,0
2016-09-09,9.2,9.361,9.2,9.3032,510,0
2016-09-12,9.07,9.3,9.06,9.06,4615,0
2016-09-13,8.8,8.8,8.8,8.8,177,0
2016-09-14,8.75,9.03,8.75,8.86,1115,0
2016-09-15,8.95,8.95,8.6,8.82,2246,0
2016-09-16,8.98,9.1778,8.98,9.17,743,0
2016-09-19,8.89,8.965,8.89,8.9642,1826,0
2016-09-21,8.96,8.96,8.9,8.912,386,0
2016-09-22,8.82,8.8737,8.685,8.8737,1303,0
2016-09-23,8.84,8.879,8.699,8.879,4415,0
2016-09-26,9.0,9.448,8.9,9.448,9730,0
2016-09-28,9.49,9.5,9.3,9.3,1913,0
2016-09-29,9.35,9.3501,9.2994,9.2994,1100,0
2016-09-30,9.35,9.3515,9.35,9.35,1107,0
2016-10-03,9.45,9.45,9.45,9.45,100,0
2016-10-05,9.11,9.4378,9.11,9.4378,1100,0
2016-10-07,9.05,9.46,9.05,9.46,1593,0
2016-10-12,8.75,9.495,8.75,9.495,1116,0
2016-10-14,9.45,9.45,9.45,9.45,100,0
2016-10-18,9.1,9.1,8.7,9.0,3802,0
2016-10-19,8.95,9.395,8.9,9.395,3114,0
2016-10-20,9.2,9.35,8.9,9.0,10706,0
2016-10-21,9.0,9.1,8.5,8.95,8961,0
2016-10-24,9.0,9.0,8.75,8.75,3100,0
2016-10-25,8.85,9.1818,8.8,9.0,9698,0
2016-10-27,8.7,8.7,8.7,8.7,300,0
2016-10-28,8.75,9.12,8.7,9.12,410,0
2016-10-31,9.0,9.0,8.9,9.0,862,0
2016-11-02,9.0,9.0,9.0,9.0,3102,0
2016-11-04,8.8132,9.0,8.8132,9.0,298,0
2016-11-07,8.9,8.9,8.801,8.801,648,0
2016-11-08,8.75,8.9509,8.75,8.8,4430,0
2016-11-09,8.7,9.25,8.7,9.25,5022,0
2016-11-11,9.395,9.5,8.605,9.5,4841,0
2016-11-14,9.1,9.1,9.1,9.1,1002,0
2016-11-15,9.1,9.15,9.1,9.15,1334,0
2016-11-17,9.15,9.15,9.15,9.15,100,0
2016-11-18,9.25,9.45,9.25,9.4,5260,0
2016-11-21,9.345,9.345,9.345,9.345,174,0
2016-11-23,9.45,9.45,8.8,8.85,5844,0
2016-11-25,8.85,8.85,8.755,8.755,865,0
2016-11-28,8.8,9.25,8.8,9.13,2002,0
2016-11-29,9.2412,9.25,9.2,9.25,1336,0
2016-11-30,9.245,9.245,9.245,9.245,250,0
2016-12-02,8.8046,8.9317,8.8046,8.9317,658,0
2016-12-05,9.2021,9.25,9.15,9.15,785,0
2016-12-07,9.325,9.35,9.3,9.305,1160,0
2016-12-08,9.3,9.3,8.65,9.25,8048,0
2016-12-09,8.8,9.1,8.75,9.1,1265,0
2016-12-12,8.95,9.2,8.95,9.15,1551,0
2016-12-14,9.0,9.15,9.0,9.0,1371,0
2016-12-15,9.0,9.05,9.0,9.005,733,0
2016-12-16,9.0,9.25,9.0,9.09,2126,0
2016-12-19,9.0,9.25,9.0,9.25,600,0
2016-12-20,9.155,9.155,9.155,9.155,200,0
2016-12-21,9.3,9.3,9.2706,9.275,5269,0
2016-12-22,9.3,9.3,9.1997,9.3,2746,0
2016-12-23,9.0,9.4,9.0,9.4,8804,0
2016-12-27,9.3,9.4,9.2253,9.4,8900,0
2016-12-28,9.4,9.45,9.395,9.45,1738,0
2016-12-29,9.45,9.45,9.45,9.45,750,0
2016-12-30,9.5,9.6904,9.35,9.45,11607,0
2017-01-03,9.7,10.2,9.7,10.0,12441,0
2017-01-04,10.0,10.35,9.85,10.3348,10972,0
2017-01-05,10.45,10.45,10.25,10.35,11343,0
2017-01-06,10.35,10.45,10.3397,10.45,1019,0
2017-01-09,10.45,10.45,10.3,10.4375,3703,0
2017-01-10,10.25,10.4247,10.1,10.4247,2101,0
2017-01-11,10.2498,10.2498,10.2498,10.2498,300,0
2017-01-12,10.4,10.45,10.2,10.45,3665,0
2017-01-13,10.4,10.4,10.25,10.25,422,0
2017-01-17,10.45,11.1,10.45,10.75,9056,0
2017-01-18,10.65,10.95,10.65,10.95,9290,0
2017-01-19,11.095,11.095,10.55,10.55,8711,0
2017-01-20,10.8,10.8,10.6,10.795,1924,0
2017-01-23,10.95,11.0,10.5656,11.0,392,0
2017-01-24,10.6173,10.75,10.45,10.5,8863,0
2017-01-25,10.59,10.75,10.59,10.75,1065,0
2017-01-26,10.7,10.75,10.505,10.75,529,0
2017-01-27,10.55,10.5815,10.55,10.5815,1519,0
2017-01-30,10.6,10.6,10.205,10.3753,1800,0
2017-01-31,10.37,10.4347,10.37,10.4347,400,0
2017-02-01,10.45,10.455,10.0,10.1,3926,0
2017-02-02,9.7,10.0027,9.7,9.975,1336,0
2017-02-03,10.05,10.25,10.0,10.07,1754,0
2017-02-06,9.75,10.0,9.75,9.85,4686,0
2017-02-07,9.9,9.945,9.9,9.945,2723,0
2017-02-09,9.8752,9.8752,9.825,9.825,780,0
2017-02-10,9.8,9.8,9.705,9.8,3355,0
2017-02-13,9.7,9.7853,9.7,9.7,2761,0
2017-02-14,9.65,9.65,9.65,9.65,823,0
2017-02-15,9.525,10.2,9.525,10.1,10292,0
2017-02-16,10.2,10.95,10.2,10.4,21219,0
2017-02-17,10.45,10.45,10.05,10.35,767,0
2017-02-21,10.35,10.55,10.3,10.3155,2110,0
2017-02-22,10.45,10.45,10.2,10.2,2429,0
2017-02-24,9.755,10.0,9.755,10.0,2702,0
2017-02-27,9.85,10.145,9.85,9.9687,4183,0
2017-02-28,10.0,10.0,9.95,9.9799,860,0
2017-03-01,9.95,10.2,9.95,9.9799,3974,0
2017-03-02,10.005,10.005,9.95,9.9794,2921,0
2017-03-03,9.95,9.95,9.6,9.65,16627,0
2017-03-06,9.75,9.75,9.65,9.675,1227,0
2017-03-07,9.95,9.95,9.0,9.35,42424,0
2017-03-08,9.15,10.35,9.15,10.2,64001,0
2017-03-09,10.25,10.55,10.08,10.5,2005,0
2017-03-10,10.45,10.65,10.45,10.65,12014,0
2017-03-13,10.505,10.55,10.1,10.15,9891,0
2017-03-14,10.045,10.2,10.02,10.05,5465,0
2017-03-15,9.7341,10.495,9.7341,9.75,1203,0
2017-03-16,9.95,9.9752,9.7075,9.9752,4860,0
2017-03-17,9.9,10.5,9.9,10.5,882,0
2017-03-21,10.1,10.1,9.75,9.95,2508,0
2017-03-22,9.7,9.8,9.7,9.8,3465,0
2017-03-23,9.8852,9.8852,9.8852,9.8852,310,0
2017-03-24,9.9,10.0,9.85,10.0,600,0
2017-03-27,10.0,10.0,10.0,10.0,300,0
2017-03-28,10.0,10.0,9.7146,9.7146,2499,0
2017-03-30,9.75,9.8,9.7,9.8,5188,0
2017-03-31,9.7,9.8,9.7,9.8,1800,0
2017-04-03,9.65,9.8247,9.65,9.8005,2465,0
2017-04-04,9.7,10.0,9.65,10.0,11724,0
2017-04-05,9.65,9.7455,9.65,9.679,1428,0
2017-04-10,9.7793,9.95,9.7793,9.945,1917,0
2017-04-11,9.9,10.1503,9.9,10.15,14155,0
2017-04-12,10.1,10.15,10.0,10.0496,814,0
2017-04-13,10.05,10.05,10.0,10.0,6465,0
2017-04-17,9.7598,9.7598,9.7598,9.7598,1110,0
2017-04-18,9.65,9.7,9.65,9.7,2566,0
2017-04-19,9.95,10.0,9.7887,10.0,1508,0
2017-04-20,9.65,10.0,9.65,9.9902,3821,0
2017-04-24,10.0,10.0,9.8,9.8,2871,0
2017-04-25,9.85,9.85,9.7822,9.85,845,0
2017-04-26,9.75,9.85,9.75,9.85,806,0
2017-04-28,9.7,9.7598,9.7,9.7598,748,0
2017-05-01,9.83,9.83,9.8,9.8,2817,0
2017-05-02,9.705,9.8068,9.7,9.7,1229,0
2017-05-08,9.705,9.705,9.7,9.7,907,0
2017-05-10,9.7291,9.7291,9.7291,9.7291,113,0
2017-05-11,9.95,10.4372,9.95,10.25,6690,0
2017-05-12,10.3445,10.5,10.3368,10.5,16738,0
2017-05-15,10.5,10.9,10.5,10.8,5549,0
2017-05-16,10.8,10.8,10.65,10.65,322,0
2017-05-17,10.5659,10.5659,10.5659,10.5659,238,0
2017-05-18,10.555,10.6031,10.55,10.55,906,0
2017-05-22,10.4,10.4,9.975,10.2,7500,0
2017-05-23,10.4398,10.445,9.995,10.3,16979,0
2017-05-24,10.5,10.5,10.2442,10.2442,2638,0
2017-05-25,10.4,10.4,10.2,10.4,3582,0
2017-05-26,10.2695,10.311,10.2695,10.2808,3177,0
2017-05-30,10.1,10.4,10.1,10.4,4428,0
2017-05-31,10.4,10.4,10.255,10.35,3016,0
2017-06-01,10.3846,10.5,10.25,10.35,7940,0
2017-06-02,10.25,10.35,10.25,10.35,1464,0
2017-06-05,10.45,10.5,10.25,10.5,2207,0
2017-06-06,10.5,10.9,10.4,10.9,8339,0
2017-06-07,10.71,11.7,10.71,11.6644,7664,0
2017-06-08,11.7,11.85,11.5999,11.85,7481,0
2017-06-09,12.15,12.15,11.15,11.95,12774,0
2017-06-12,11.9,12.4,11.67,12.05,5816,0
2017-06-13,11.1942,11.8813,11.1942,11.5172,3195,0
2017-06-14,11.555,12.0,11.555,12.0,881,0
2017-06-15,12.1,12.5,12.0624,12.25,12569,0
2017-06-16,13.1,13.1,12.25,12.4,6534,0
2017-06-19,12.4,12.9,12.35,12.9,7375,0
2017-06-20,12.8346,12.8346,12.35,12.35,3453,0
2017-06-21,12.5,12.8,12.45,12.8,1549,0
2017-06-22,12.85,12.9308,12.4,12.8,5303,0
2017-06-23,12.7882,12.95,12.35,12.7395,8200,0
2017-06-26,12.65,12.65,11.6,11.85,9066,0
2017-06-27,11.95,12.0013,11.4221,11.4221,3303,0
2017-06-28,11.1668,11.9,11.1668,11.9,2992,0
2017-06-29,11.9,12.5,11.9,12.5,5222,0
2017-06-30,12.5,12.5575,12.205,12.5575,4103,0
2017-07-03,12.7,12.7,12.15,12.336,5210,0
2017-07-05,12.8,12.8,12.35,12.35,1854,0
2017-07-06,12.2345,12.3,12.2102,12.275,2400,0
2017-07-07,12.4,12.9,11.95,12.9,13630,0
2017-07-10,13.0,13.9,13.0,13.675,14676,0
2017-07-11,14.0,15.7,14.0,15.0,51331,0
2017-07-12,15.45,16.1,13.5,13.85,45078,0
2017-07-13,14.2,14.7055,14.15,14.45,12126,0
2017-07-14,14.7,15.15,14.58,14.7,17580,0
2017-07-17,14.7,15.05,14.7,14.9,21267,0
2017-07-18,14.7,14.95,14.18,14.2,8513,0
2017-07-19,14.2,14.25,12.679,13.075,34580,0
2017-07-20,12.2,12.8,12.0612,12.1,35151,0
2017-07-21,12.1,12.7,12.1,12.7,6825,0
2017-07-24,12.7,13.075,12.45,12.669,8957,0
2017-07-25,12.55,13.1,12.37,13.1,6055,0
2017-07-26,13.3,13.3,12.25,12.6,7635,0
2017-07-27,12.3,12.3,11.5,11.7,12104,0
2017-07-28,11.5,12.05,11.05,12.05,7760,0
2017-07-31,12.15,12.8,11.23,12.8,5482,0
2017-08-01,12.5,12.5,11.5847,11.65,6714,0
2017-08-02,11.75,12.15,11.65,11.7,4053,0
2017-08-03,11.7975,12.0,11.7,11.9,2852,0
2017-08-04,11.75,12.05,11.75,11.9,3616,0
2017-08-07,12.0,12.5,11.75,12.2,4716,0
2017-08-08,12.3,12.3,12.05,12.15,2154,0
2017-08-09,11.65,11.85,11.65,11.75,1128,0
2017-08-10,11.505,11.9757,11.5,11.975,3866,0
2017-08-11,12.5,12.5,11.4,11.4,5711,0
2017-08-14,11.35,11.9,11.3,11.3,5079,0
2017-08-15,11.0,11.045,10.35,10.8,4271,0
2017-08-16,10.95,11.2,10.9,10.95,3393,0
2017-08-17,10.8,10.8,10.6,10.75,2354,0
2017-08-18,10.35,10.55,10.35,10.4,3738,0
2017-08-21,10.25,10.25,10.1,10.2,8356,0
2017-08-22,10.25,10.5,10.25,10.45,3343,0
2017-08-23,10.65,11.9,10.65,11.45,3972,0
2017-08-24,11.4,11.4,11.255,11.3,2855,0
2017-08-25,11.25,11.35,11.25,11.35,760,0
2017-08-28,11.55,11.95,11.5,11.95,3704,0
2017-08-29,11.5,12.0,11.15,12.0,862,0
2017-08-30,11.5,11.55,11.3,11.3,2013,0
2017-08-31,11.9,13.145,11.3,12.6,22352,0
2017-09-01,13.25,13.695,13.0,13.15,19597,0
2017-09-05,13.9,14.0,13.3,14.0,17470,0
2017-09-06,14.0,14.4,13.5,13.65,10439,0
2017-09-07,14.3,14.3,13.05,13.25,9080,0
2017-09-08,12.75,13.445,11.65,12.55,5387,0
2017-09-11,12.35,12.41,11.55,11.6,9881,0
2017-09-12,12.0875,12.0875,11.1,11.3113,6434,0
2017-09-13,11.0,11.7,10.9,11.6,9265,0
2017-09-14,11.9,13.75,11.5872,13.75,28283,0
2017-09-15,14.0,14.0,12.65,12.85,18139,0
2017-09-18,12.75,13.7,12.505,13.0,11194,0
2017-09-19,13.75,13.85,13.2,13.85,21896,0
2017-09-20,14.25,14.4176,13.6915,14.3,14083,0
2017-09-21,14.4,14.4,13.405,14.1677,5555,0
2017-09-22,13.6823,14.25,13.6823,14.25,7035,0
2017-09-25,14.4,14.5377,14.0,14.4,16205,0
2017-09-26,14.45,14.5,14.05,14.108,4782,0
2017-09-27,14.25,14.6,14.2,14.5,18216,0
2017-09-28,14.5,14.5,14.0,14.45,10616,0
2017-09-29,14.05,14.35,14.05,14.1727,3528,0
2017-10-02,14.4,14.45,14.05,14.45,10702,0
2017-10-03,14.3568,14.7945,14.3215,14.7945,11333,0
2017-10-04,14.8208,15.16,14.0,14.35,17605,0
2017-10-05,14.2365,14.3903,14.055,14.1,3269,0
2017-10-06,14.1,14.55,14.1,14.15,15777,0
2017-10-09,14.2719,14.55,14.2,14.3179,5006,0
2017-10-10,14.45,14.95,14.3,14.95,10258,0
2017-10-11,14.85,14.9,14.7,14.7,3890,0
2017-10-12,14.355,14.8232,14.355,14.3931,2061,0
2017-10-13,14.5,14.5,14.3,14.3765,2405,0
2017-10-16,14.05,14.3671,13.3,13.85,12214,0
2017-10-17,14.05,14.15,13.68,13.8517,5634,0
2017-10-18,13.9757,13.9757,13.5,13.7738,8814,0
2017-10-19,13.85,14.345,13.5,14.0724,12803,0
2017-10-20,14.1,14.1,13.55,13.55,4511,0
2017-10-23,13.2,13.85,13.2,13.3,9287,0
2017-10-24,13.2,13.205,12.55,12.85,15563,0
2017-10-25,12.7,13.05,12.5998,12.75,7441,0
2017-10-26,12.95,13.0,12.6,12.6,2339,0
2017-10-27,12.5,12.55,12.15,12.45,5435,0
2017-10-30,12.4,14.1,12.4,14.1,13465,0
2017-10-31,13.6,14.35,13.6,14.05,7404,0
2017-11-01,13.8,13.85,13.3,13.3,4308,0
2017-11-02,13.45,13.75,13.45,13.5,2258,0
2017-11-03,13.3,13.3,13.2,13.2,1464,0
2017-11-06,13.05,13.55,12.99,13.5,7990,0
2017-11-07,13.65,13.65,13.55,13.55,841,0
2017-11-08,13.8,13.8,13.6,13.8,4594,0
2017-11-09,13.9,14.05,12.05,12.3676,40478,0
2017-11-10,12.1,12.75,12.1,12.6,12021,0
