Date,Open,High,Low,Close,Volume,OpenInt
2014-01-02,59.06,59.53,58.94,59.29,2745895,0
2014-01-03,59.19,59.685,59.11,59.16,1588951,0
2014-01-06,58.06,58.77,58.01,58.12,3753900,0
2014-01-07,58.26,59.05,58.06,58.97,2963600,0
2014-01-08,59.12,59.28,58.46,58.9,3455900,0
2014-01-09,58.99,59.53,58.72,59.09,2427400,0
2014-01-10,59.35,59.63,58.95,59.53,1829000,0
2014-01-13,59.28,59.44,58.41,58.6,2928700,0
2014-01-14,58.68,60.53,58.63,60.37,4179400,0
2014-01-15,60.44,61.81,60.4,61.68,4220300,0
2014-01-16,61.59,61.98,61.26,61.63,3747779,0
2014-01-17,61.34,61.6,60.8,61.37,3314500,0
2014-01-21,61.5,61.79,60.7,60.85,3198600,0
2014-01-22,60.93,61.81,60.7,61.77,3593900,0
2014-01-23,61.18,61.43,60.32,60.88,2671200,0
2014-01-24,60.3,60.44,59.09,59.09,2920000,0
2014-01-27,58.11,58.88,57.86,58.36,5257900,0
2014-01-28,57.98,59.46,57.88,59.11,3529400,0
2014-01-29,58.61,59.18,58.17,58.46,3585300,0
2014-01-30,59.12,59.9,59.02,59.39,2768300,0
2014-01-31,58.36,59.54,58.09,59.19,3112800,0
2014-02-03,59.08,59.255,57.32,58.09,6649084,0
2014-02-04,58.39,59.74,57.65,59.72,3593172,0
2014-02-05,59.52,61.02,59.27,61.0,5122619,0
2014-02-06,60.7,61.65,60.65,61.34,2898235,0
2014-02-07,61.58,63.24,61.3,62.88,4823760,0
2014-02-10,62.73,63.8,62.52,63.78,2833408,0
2014-02-11,64.46,64.88,63.66,63.97,4648164,0
2014-02-12,64.21,65.15,64.09,65.14,3137832,0
2014-02-13,64.84,67.11,64.83,67.04,3606875,0
2014-02-14,67.48,68.485,67.0,68.34,6234518,0
2014-02-18,68.62,69.1,68.0,68.66,3757939,0
2014-02-19,68.45,69.43,67.68,67.99,3996754,0
2014-02-20,68.19,68.66,67.7,68.48,3162167,0
2014-02-21,68.16,68.44,67.55,68.22,3610158,0
2014-02-24,68.54,69.28,68.0,68.765,2811705,0
2014-02-25,68.71,68.76,67.63,68.01,3573496,0
2014-02-26,67.7,68.95,67.65,67.82,3068166,0
2014-02-27,67.9,70.075,67.82,69.92,4724503,0
2014-02-28,70.19,71.11,67.83,68.63,5728691,0
2014-03-03,68.04,68.15,67.14,67.86,3394950,0
2014-03-04,68.6,69.04,68.5,68.6,5427902,0
2014-03-05,68.79,69.03,68.52,68.9,3070141,0
2014-03-06,69.14,69.42,68.85,68.92,3059167,0
2014-03-07,69.18,69.31,67.97,68.52,2500313,0
2014-03-10,68.68,68.68,67.31,68.04,3032829,0
2014-03-11,68.19,68.6,67.25,67.47,3344977,0
2014-03-12,67.06,68.1,66.75,68.06,2433603,0
2014-03-13,68.48,68.83,66.63,67.08,2870932,0
2014-03-14,67.7,67.7,66.87,67.19,3006693,0
2014-03-17,67.89,69.35,67.73,68.17,3933636,0
2014-03-18,68.1,70.24,67.52,68.52,11437538,0
2014-03-19,69.01,69.01,66.15,67.63,7683089,0
2014-03-20,67.55,69.08,67.44,68.49,5280229,0
2014-03-21,69.06,69.06,66.91,67.14,5477183,0
2014-03-24,67.24,67.48,64.77,65.24,5905655,0
2014-03-25,65.75,66.74,65.06,65.81,4245508,0
2014-03-26,66.1,66.39,63.88,63.9,4714000,0
2014-03-27,63.6,65.16,63.05,64.53,5556655,0
2014-03-28,64.71,65.61,64.15,64.88,4019774,0
2014-03-31,64.87,65.95,64.62,65.74,3213894,0
2014-04-01,65.94,66.215,65.44,65.93,3398428,0
2014-04-02,66.07,66.31,65.12,65.48,2587043,0
2014-04-03,65.5,65.5,62.17,62.45,6984492,0
2014-04-04,62.2,62.92,61.1,61.32,6157470,0
2014-04-07,61.2,61.2,59.63,60.47,6271136,0
2014-04-08,60.53,62.25,60.11,61.82,6709995,0
2014-04-09,62.0,63.69,61.56,63.46,6427389,0
2014-04-10,63.05,63.45,61.27,61.49,5648690,0
2014-04-11,60.67,61.75,60.022,60.5,5930687,0
2014-04-14,61.18,61.66,60.55,61.39,3234013,0
2014-04-15,61.5,62.293,60.5,62.105,3598619,0
2014-04-16,62.27,63.14,62.25,63.04,3370603,0
2014-04-17,62.97,64.23,62.53,64.04,3746019,0
2014-04-21,64.06,64.46,63.56,64.3,2077304,0
2014-04-22,63.81,64.74,63.76,64.48,3854878,0
2014-04-23,64.17,64.58,63.78,64.39,2863697,0
2014-04-24,64.89,65.0,62.93,63.22,3961243,0
2014-04-25,62.8,63.03,61.56,61.61,4288456,0
2014-04-28,61.84,62.17,59.62,60.4,4375789,0
2014-04-29,60.57,60.93,59.9,60.91,3531625,0
2014-04-30,60.87,61.8,60.63,61.69,3722068,0
2014-05-01,61.69,63.105,61.31,62.59,2839294,0
2014-05-02,62.86,62.97,61.53,61.56,2365346,0
2014-05-05,61.2,61.98,60.88,61.44,2070172,0
2014-05-06,61.15,61.35,59.34,59.44,3913160,0
2014-05-07,59.56,59.68,57.15,58.63,7061082,0
2014-05-08,58.345,60.61,57.901,59.08,3824949,0
2014-05-09,58.48,59.61,58.17,59.59,3607876,0
2014-05-12,59.77,61.04,59.74,60.7,2863613,0
2014-05-13,60.81,60.97,60.14,60.81,2938421,0
2014-05-14,59.95,61.35,59.95,60.88,2497810,0
2014-05-15,60.71,60.95,59.56,60.2,5699227,0
2014-05-16,60.65,61.69,59.93,61.64,3651241,0
2014-05-19,61.27,62.84,61.26,62.2,2817642,0
2014-05-20,62.12,62.45,61.42,61.71,1865344,0
2014-05-21,61.73,62.66,61.53,62.47,1414109,0
2014-05-22,62.29,63.46,61.91,63.15,1814664,0
2014-05-23,63.33,64.48,62.84,64.3,2281916,0
2014-05-27,64.71,65.485,64.61,65.25,2156589,0
2014-05-28,65.43,65.48,64.79,64.84,2198354,0
2014-05-29,64.93,65.82,64.93,65.45,2060964,0
2014-05-30,65.75,65.75,64.17,64.54,2444139,0
2014-06-02,64.54,65.04,63.68,64.64,1427741,0
2014-06-03,64.19,64.46,63.49,64.09,3010166,0
2014-06-04,63.68,64.73,63.62,64.17,2675597,0
2014-06-05,64.3,65.619,63.925,65.47,2041860,0
2014-06-06,65.99,67.32,65.69,66.91,3630237,0
2014-06-09,66.8,67.38,66.59,66.93,1339828,0
2014-06-10,66.69,67.19,66.46,66.96,1568263,0
2014-06-11,66.9,67.5,66.66,67.46,1607900,0
2014-06-12,67.23,67.46,66.28,66.56,1940112,0
2014-06-13,66.7,66.95,66.25,66.82,2981070,0
2014-06-16,66.8,67.79,66.52,67.62,4370144,0
2014-06-17,67.36,68.0,66.86,67.54,6635420,0
2014-06-18,73.84,74.69,72.1,73.08,11377768,0
2014-06-19,73.2,73.57,72.24,72.95,4413446,0
2014-06-20,73.04,73.15,72.55,72.61,3904721,0
2014-06-23,72.67,73.16,72.29,72.89,2354249,0
2014-06-24,72.95,73.28,72.18,72.38,2948629,0
2014-06-25,72.27,72.76,72.12,72.44,2218848,0
2014-06-26,72.44,72.9,72.18,72.85,2075399,0
2014-06-27,72.65,72.765,71.76,72.0,7315470,0
2014-06-30,72.43,72.74,71.955,72.36,2771273,0
2014-07-01,72.09,73.99,71.8,73.01,4718434,0
2014-07-02,72.61,73.24,72.6,72.76,2682000,0
2014-07-03,72.98,73.71,72.68,73.57,1396076,0
2014-07-07,73.07,73.42,72.58,72.68,1768272,0
2014-07-08,72.75,72.87,70.87,71.14,2789116,0
2014-07-09,71.64,71.97,71.11,71.57,1749489,0
2014-07-10,70.46,72.08,70.31,71.7,1853157,0
2014-07-11,71.73,72.44,71.05,72.26,1930580,0
2014-07-14,72.55,73.26,72.46,72.88,1862544,0
2014-07-15,72.8,73.11,71.87,72.29,2752669,0
2014-07-16,72.55,72.87,72.19,72.38,1512639,0
2014-07-17,72.11,72.47,71.31,71.39,2032437,0
2014-07-18,71.9,72.58,71.35,72.55,2856852,0
2014-07-21,72.5,72.65,71.7,71.96,1906069,0
2014-07-22,72.13,72.83,71.91,72.26,1769531,0
2014-07-23,72.34,72.55,71.48,72.04,1873790,0
2014-07-24,72.3,72.9,72.2,72.79,2414071,0
2014-07-25,72.54,73.151,72.23,72.62,1996681,0
2014-07-28,72.39,73.02,71.84,72.7,1721815,0
2014-07-29,72.7,73.25,72.24,72.27,1916097,0
2014-07-30,72.5,72.7,71.47,71.89,2667626,0
2014-07-31,71.32,71.54,69.01,69.25,3822059,0
2014-08-01,69.18,69.55,68.52,68.94,2109007,0
2014-08-04,68.95,69.24,68.35,68.77,3037307,0
2014-08-05,68.38,69.55,68.29,68.97,3456650,0
2014-08-06,68.73,69.07,68.22,68.23,2455656,0
2014-08-07,68.69,68.88,67.57,67.83,2292520,0
2014-08-08,68.08,68.64,67.74,68.39,1573232,0
2014-08-11,68.5,69.18,68.28,68.97,2196937,0
2014-08-12,68.61,68.99,68.2,68.785,1919231,0
2014-08-13,68.37,69.97,68.36,69.79,1881814,0
2014-08-14,69.89,70.07,69.59,70.05,1318652,0
2014-08-15,70.88,70.91,69.58,70.07,4311632,0
2014-08-18,70.44,71.1,70.39,71.06,1707275,0
2014-08-19,71.09,72.08,71.06,72.05,2003901,0
2014-08-20,71.78,72.0,70.75,71.02,3395267,0
2014-08-21,71.07,71.9,70.83,71.73,1886928,0
2014-08-22,71.89,72.29,71.545,72.04,1443894,0
2014-08-25,72.44,72.57,71.63,71.82,1709031,0
2014-08-26,71.79,72.25,71.5,71.53,1848229,0
2014-08-27,71.5,72.09,71.37,71.55,1705551,0
2014-08-28,71.23,71.72,70.86,71.37,1062891,0
2014-08-29,71.77,72.098,71.4,71.9,1659465,0
2014-09-02,72.06,72.59,71.84,72.1,2161445,0
2014-09-03,72.27,72.8,71.99,72.43,1971420,0
2014-09-04,72.63,73.2,72.26,72.455,1976048,0
2014-09-05,72.6,73.13,72.41,73.13,1736191,0
2014-09-08,72.87,73.55,72.81,73.39,1378365,0
2014-09-09,73.58,73.58,72.34,72.42,1648564,0
2014-09-10,72.25,72.75,71.84,72.33,2213470,0
2014-09-11,72.03,72.57,71.78,72.42,1708796,0
2014-09-12,72.4,72.49,70.79,70.98,3145623,0
2014-09-15,70.8,70.96,69.37,70.27,3867962,0
2014-09-16,70.01,70.96,69.19,70.73,5947436,0
2014-09-17,68.03,69.09,67.16,67.3,9470883,0
2014-09-18,67.28,68.15,67.1,67.91,5173855,0
2014-09-19,68.2,68.2,66.35,66.94,6789995,0
2014-09-22,66.74,67.22,65.79,67.2,4128769,0
2014-09-23,67.11,68.07,66.85,67.79,4414139,0
2014-09-24,67.77,69.25,67.6,69.03,3885294,0
2014-09-25,68.99,69.02,67.53,67.71,3622948,0
2014-09-26,67.49,68.42,67.42,68.355,2286609,0
2014-09-29,67.69,69.49,67.55,69.22,3379570,0
2014-09-30,69.49,69.5,68.53,69.19,2887348,0
2014-10-01,69.13,69.13,67.51,67.54,4655158,0
2014-10-02,67.83,67.95,66.15,67.06,3936898,0
2014-10-03,67.59,68.67,67.59,68.4,2873610,0
2014-10-06,68.5,68.8,67.45,67.67,1586176,0
2014-10-07,67.4,67.63,65.93,65.96,3308165,0
2014-10-08,66.0,68.09,65.411,67.99,3562500,0
2014-10-09,67.83,67.96,65.48,65.66,3376811,0
2014-10-10,65.37,65.58,63.29,63.29,4647988,0
2014-10-13,63.01,63.35,61.53,61.68,4822097,0
2014-10-14,62.17,62.3,60.69,60.88,4189537,0
2014-10-15,59.61,62.65,58.51,62.19,8333625,0
2014-10-16,60.72,63.72,60.72,62.86,6639958,0
2014-10-17,63.46,65.13,63.46,64.52,6540794,0
2014-10-20,64.25,64.73,63.7,64.68,4266231,0
2014-10-21,64.84,66.56,64.51,66.425,3229897,0
2014-10-22,66.27,66.49,64.99,65.04,2363348,0
2014-10-23,65.62,66.4,65.17,65.92,1783779,0
2014-10-24,66.26,67.085,65.5,67.01,1391572,0
2014-10-27,66.84,67.34,66.31,67.03,1490821,0
2014-10-28,67.45,68.51,67.2,68.37,1951060,0
2014-10-29,68.21,68.81,67.52,67.93,2054404,0
2014-10-30,67.23,68.61,67.23,68.57,1896316,0
2014-10-31,69.89,70.25,69.27,70.12,2949402,0
2014-11-03,69.93,70.27,69.66,69.91,1889002,0
2014-11-04,69.95,71.1,69.75,71.07,2995992,0
2014-11-05,71.53,72.04,70.89,71.37,6146563,0
2014-11-06,71.59,72.37,71.37,72.1,2345269,0
2014-11-07,72.35,72.4,71.441,71.6,4303060,0
2014-11-10,71.63,72.0,71.18,71.7,2388783,0
2014-11-11,71.81,72.0,71.4,71.7,1876039,0
2014-11-12,71.42,71.73,71.26,71.41,1581709,0
2014-11-13,71.65,72.08,71.3,71.72,2560802,0
2014-11-14,71.7,72.0,71.35,71.42,2470527,0
2014-11-17,71.25,71.25,69.87,69.97,3443117,0
2014-11-18,69.86,71.08,69.86,70.83,2833165,0
2014-11-19,71.01,71.055,70.42,70.82,2193796,0
2014-11-20,70.34,70.55,70.02,70.44,2250485,0
2014-11-21,72.0,72.55,71.18,71.32,4554447,0
2014-11-24,71.52,71.55,70.73,71.225,1821157,0
2014-11-25,71.223,72.52,71.2,72.0,2842637,0
2014-11-26,72.08,73.0,71.74,72.98,1467560,0
2014-11-28,73.13,74.1,73.05,73.68,978374,0
2014-12-01,73.64,73.965,73.2,73.75,2023316,0
2014-12-02,73.78,74.0,73.08,73.47,1843614,0
2014-12-03,73.64,73.64,72.89,73.18,1576865,0
2014-12-04,73.09,73.23,72.4,73.03,1428212,0
2014-12-05,73.16,73.25,72.36,72.4,3061817,0
2014-12-08,72.4,72.78,71.6,72.05,1639677,0
2014-12-09,71.34,71.66,70.68,71.565,2872596,0
2014-12-10,71.56,71.97,69.74,69.85,2577809,0
2014-12-11,70.1,71.14,69.66,69.74,5164541,0
2014-12-12,74.17,77.56,73.71,76.02,12613064,0
2014-12-15,75.66,76.13,72.84,73.04,9696667,0
2014-12-16,72.87,73.8,72.31,72.32,4056967,0
2014-12-17,72.5,74.57,72.16,73.995,4180909,0
2014-12-18,75.41,75.54,74.6,74.89,6913455,0
2014-12-19,75.0,75.235,73.99,74.45,6969464,0
2014-12-22,74.63,75.14,74.38,74.5,3815437,0
2014-12-23,74.65,75.0,74.29,74.38,1941125,0
2014-12-24,74.49,74.93,74.37,74.74,1204572,0
2014-12-26,74.74,75.17,74.42,74.67,1083910,0
2014-12-29,74.56,74.58,74.0,74.13,925144,0
2014-12-30,73.61,73.86,72.75,73.085,1581717,0
2014-12-31,73.4,74.21,72.65,72.7,1359290,0
2015-01-02,72.7,73.2,71.89,72.34,2356305,0
2015-01-05,72.21,72.43,71.57,71.98,2405286,0
2015-01-06,71.95,72.1,69.88,70.53,2895356,0
2015-01-07,70.77,71.29,70.42,71.11,2378276,0
2015-01-08,71.43,73.06,71.31,72.915,2624237,0
2015-01-09,72.89,73.13,71.63,71.84,1730255,0
2015-01-12,72.21,72.26,70.75,71.12,1337867,0
2015-01-13,71.95,72.96,69.95,70.59,2103821,0
2015-01-14,69.88,70.4,68.98,69.99,1924313,0
2015-01-15,71.71,71.75,70.16,70.29,2839158,0
2015-01-16,70.03,71.85,70.03,71.73,2375295,0
2015-01-20,71.74,71.99,70.58,71.49,1607220,0
2015-01-21,71.06,71.89,70.37,71.54,1903898,0
2015-01-22,71.892,73.65,70.9,73.48,2409290,0
2015-01-23,73.325,74.4,73.22,74.06,2146775,0
2015-01-26,72.61,73.15,71.68,72.74,3593663,0
2015-01-27,71.71,72.36,71.06,71.46,1798640,0
2015-01-28,71.54,71.84,70.07,70.25,2235011,0
2015-01-29,70.0,71.82,69.78,71.64,2538051,0
2015-01-30,71.32,71.67,70.06,70.13,2331834,0
2015-02-02,70.44,71.2,69.04,71.11,2381935,0
2015-02-03,71.54,71.97,71.0,71.92,1555876,0
2015-02-04,71.79,72.62,71.78,72.28,2165414,0
2015-02-05,72.33,73.18,72.32,73.1,1438782,0
2015-02-06,73.18,73.62,72.24,72.54,1367371,0
2015-02-09,72.17,72.98,72.04,72.33,1628899,0
2015-02-10,72.94,73.19,72.11,72.76,1696213,0
2015-02-11,72.78,73.14,72.35,73.01,1600855,0
2015-02-12,73.6,74.755,73.31,74.59,2243474,0
2015-02-13,74.98,76.62,74.77,76.51,3819277,0
2015-02-17,76.67,77.22,76.31,77.13,1986617,0
2015-02-18,77.02,77.998,76.8,77.73,1683362,0
2015-02-19,77.42,77.94,77.2,77.73,1556077,0
2015-02-20,77.76,78.56,77.2,78.55,1626869,0
2015-02-23,78.69,78.69,77.79,78.1,1455823,0
2015-02-24,78.03,78.03,77.08,77.68,1954329,0
2015-02-25,77.76,78.44,77.475,78.07,1256415,0
2015-02-26,78.32,79.07,78.02,78.96,1545990,0
2015-02-27,79.24,80.3,78.93,79.1,3115789,0
2015-03-02,79.23,79.79,78.71,79.79,1497600,0
2015-03-03,79.63,79.99,78.97,78.99,1617000,0
2015-03-04,78.71,78.74,77.13,77.63,2393500,0
2015-03-05,77.6,78.71,77.3,78.62,1850100,0
2015-03-06,78.19,78.5,77.05,77.55,2537100,0
2015-03-09,77.76,78.24,77.43,77.93,2010900,0
2015-03-10,77.25,77.29,75.99,76.0,2622000,0
2015-03-11,75.91,76.78,75.68,76.01,1692200,0
2015-03-12,76.14,77.44,75.97,77.4,1683100,0
2015-03-13,77.21,78.06,76.62,77.62,2202800,0
2015-03-16,78.21,78.59,77.8,78.33,1851300,0
2015-03-17,78.22,79.87,78.18,79.66,5718900,0
2015-03-18,75.51,78.32,74.75,76.89,10509300,0
2015-03-19,76.48,77.38,75.29,77.14,3519100,0
2015-03-20,77.67,77.96,76.81,77.36,3577600,0
2015-03-23,77.11,77.3,76.34,76.35,1754000,0
2015-03-24,76.11,76.42,75.38,75.45,2782800,0
2015-03-25,75.46,75.59,73.12,73.13,3444600,0
2015-03-26,72.43,73.36,72.12,72.97,2965500,0
2015-03-27,72.75,73.46,72.56,73.31,2085200,0
2015-03-30,73.51,73.86,73.1,73.6,1880700,0
2015-03-31,73.13,74.6,72.94,73.94,2555952,0
2015-04-01,73.61,75.1,73.03,75.07,3976000,0
2015-04-02,75.17,76.17,74.61,75.68,2158400,0
2015-04-06,74.92,76.65,74.75,76.23,2556400,0
2015-04-07,76.07,76.68,75.62,75.65,2601250,0
2015-04-08,75.68,76.35,75.12,75.44,1938500,0
2015-04-09,75.62,76.35,75.21,76.33,1556086,0
2015-04-10,76.3,76.63,76.0,76.53,1801200,0
2015-04-13,76.42,77.0,75.89,76.02,1230000,0
2015-04-14,76.05,76.6,75.59,75.95,1924700,0
2015-04-15,76.09,76.5,75.9,76.03,1355474,0
2015-04-16,75.41,75.69,75.1,75.15,2069782,0
2015-04-17,74.38,74.55,72.78,73.15,3856500,0
2015-04-20,73.42,74.3,73.42,73.92,1688290,0
2015-04-21,74.31,74.88,74.21,74.62,1894585,0
2015-04-22,74.68,75.52,74.634,75.5,1523834,0
2015-04-23,75.08,76.8,75.0,76.52,1714100,0
2015-04-24,76.41,77.21,75.84,76.54,1831099,0
2015-04-27,76.84,77.29,76.36,76.55,1653200,0
2015-04-28,76.34,77.09,75.87,76.02,1698227,0
2015-04-29,75.61,77.26,75.46,76.65,2423800,0
2015-04-30,76.4,77.24,75.31,76.06,2109100,0
2015-05-01,76.29,76.67,75.66,76.43,1745400,0
2015-05-04,76.99,76.99,75.82,75.85,1655600,0
2015-05-05,75.35,75.63,74.75,75.0,2052100,0
2015-05-06,75.08,75.47,73.96,74.48,1997335,0
2015-05-07,74.4,74.84,74.17,74.73,2010135,0
2015-05-08,75.28,76.52,75.05,76.31,1585600,0
2015-05-11,76.32,77.34,76.07,76.79,2140400,0
2015-05-12,76.26,76.9,75.3,76.57,2082578,0
2015-05-13,76.6,77.48,76.53,77.08,1830543,0
2015-05-14,77.64,79.81,77.1,79.43,3068000,0
2015-05-15,80.0,80.0,78.625,78.92,2676185,0
2015-05-18,78.69,79.53,78.4,79.41,1436001,0
2015-05-19,79.75,79.93,79.37,79.62,2065598,0
2015-05-20,79.57,79.9,78.91,79.61,2639039,0
2015-05-21,79.54,80.74,79.19,80.56,2761400,0
2015-05-22,80.34,80.7,79.97,80.04,1825100,0
2015-05-26,79.91,80.12,78.84,79.365,2080661,0
2015-05-27,79.55,80.32,79.27,80.16,1671800,0
2015-05-28,80.17,80.42,79.745,80.015,1248364,0
2015-05-29,79.89,79.99,78.94,79.09,3288000,0
2015-06-01,79.8,80.0,78.59,79.87,2288815,0
2015-06-02,79.7,80.22,79.35,79.82,1533956,0
2015-06-03,79.93,80.34,79.44,80.13,1972000,0
2015-06-04,79.86,80.38,78.64,78.75,1659200,0
2015-06-05,78.64,79.39,78.38,78.86,1325800,0
2015-06-08,78.9,79.18,77.9,78.16,1621600,0
2015-06-09,77.88,78.05,76.95,77.9,2100635,0
2015-06-10,78.18,79.7,77.99,79.56,1775952,0
2015-06-11,79.81,80.29,79.42,79.65,1918251,0
2015-06-12,79.33,80.26,79.06,79.86,1794800,0
2015-06-15,79.17,79.25,78.35,78.9,2459600,0
2015-06-16,78.93,80.43,78.83,79.94,3579400,0
2015-06-17,79.5,80.0,77.74,77.91,6464200,0
2015-06-18,77.82,79.94,77.82,79.39,3858500,0
2015-06-19,79.41,79.94,79.06,79.7,3155500,0
2015-06-22,80.0,82.66,79.85,82.28,5829900,0
2015-06-23,82.17,83.77,82.1,83.55,4944995,0
2015-06-24,83.22,84.36,82.97,83.4,4311100,0
2015-06-25,83.82,84.27,83.49,83.94,3052900,0
2015-06-26,83.8,84.22,82.26,82.74,5914700,0
2015-06-29,81.3,82.06,81.15,81.28,4060200,0
2015-06-30,81.56,82.34,80.95,81.01,4086360,0
2015-07-01,81.57,81.92,80.71,80.94,2944400,0
2015-07-02,81.19,81.29,80.38,80.75,2200800,0
2015-07-06,80.02,81.19,80.0,80.5,2590900,0
2015-07-07,80.67,81.0,78.94,80.59,2781900,0
2015-07-08,79.95,80.52,79.4,79.99,4157600,0
2015-07-09,80.74,81.67,80.41,80.47,3068800,0
2015-07-10,81.5,81.5,80.47,80.59,3025100,0
2015-07-13,80.85,81.66,80.82,81.44,4597200,0
2015-07-14,81.67,82.35,81.24,81.89,4428123,0
2015-07-15,82.2,82.32,81.71,82.12,3214918,0
2015-07-16,82.5,82.67,82.2,82.52,2058100,0
2015-07-17,82.73,82.73,81.48,82.1,2402700,0
2015-07-20,82.0,82.18,81.45,82.09,1995800,0
2015-07-21,81.8,82.1,81.01,81.19,3916300,0
2015-07-22,81.38,81.75,80.65,80.73,2601200,0
2015-07-23,80.8,81.4,80.48,80.64,2579400,0
2015-07-24,81.0,81.36,80.54,80.98,3575200,0
2015-07-27,80.53,80.7,79.73,79.93,2762600,0
2015-07-28,80.07,80.65,79.13,80.59,2681000,0
2015-07-29,80.07,80.54,79.56,80.25,2178014,0
2015-07-30,79.9,81.8,79.2,81.29,2072700,0
2015-07-31,81.8,82.82,81.37,81.99,2893600,0
2015-08-03,82.18,82.26,80.7,81.4,2073985,0
2015-08-04,81.43,82.18,81.17,82.06,1375400,0
2015-08-05,82.78,84.12,82.17,83.38,1773700,0
2015-08-06,83.47,83.63,82.07,82.19,2272316,0
2015-08-07,81.87,82.92,81.48,82.69,1990300,0
2015-08-10,83.39,83.92,83.19,83.62,1999600,0
2015-08-11,84.06,84.86,83.05,83.9,3103220,0
2015-08-12,83.16,84.14,82.08,83.82,2218500,0
2015-08-13,83.82,84.83,83.0,84.31,1963500,0
2015-08-14,83.96,86.38,83.96,86.12,2610100,0
2015-08-17,86.0,86.78,84.9,86.77,1788300,0
2015-08-18,86.98,87.25,86.03,86.45,1468300,0
2015-08-19,86.12,86.47,85.21,85.48,2461300,0
2015-08-20,84.66,84.9,82.69,82.69,3108700,0
2015-08-21,81.94,82.16,78.87,78.87,6807300,0
2015-08-24,75.0,77.82,71.33,74.27,6938457,0
2015-08-25,77.02,78.33,74.47,74.57,7465400,0
2015-08-26,76.14,77.61,74.56,77.33,4243600,0
2015-08-27,78.41,79.28,77.39,78.91,5197100,0
2015-08-28,78.42,79.45,77.75,79.4,3316300,0
2015-08-31,79.38,79.7,78.3,78.57,2313000,0
2015-09-01,77.07,77.82,75.63,75.99,3206400,0
2015-09-02,77.0,77.33,75.54,77.25,3533700,0
2015-09-03,77.6,79.55,77.36,78.32,3480000,0
2015-09-04,76.99,78.27,76.39,76.89,2326500,0
2015-09-08,78.64,79.91,78.13,79.78,2670600,0
2015-09-09,80.79,81.51,78.23,78.52,2460200,0
2015-09-10,78.63,78.97,78.01,78.7,3541000,0
2015-09-11,78.44,79.23,77.94,79.19,2913700,0
2015-09-14,79.35,79.41,78.28,78.46,2545800,0
2015-09-15,78.61,80.11,78.3,79.53,3436200,0
2015-09-16,79.51,80.67,79.32,80.53,2509800,0
2015-09-17,80.45,81.88,79.7,80.31,4892893,0
2015-09-18,78.54,84.95,78.16,81.25,16424000,0
2015-09-21,81.42,83.69,81.42,83.32,4919700,0
2015-09-22,81.98,84.83,81.77,84.66,6336400,0
2015-09-23,84.92,85.985,84.05,85.5,4007659,0
2015-09-24,85.07,85.37,83.36,83.91,4463720,0
2015-09-25,84.71,84.72,82.58,83.13,3736800,0
2015-09-28,82.88,83.0,80.03,80.52,3435652,0
2015-09-29,80.52,80.58,79.09,79.83,3126300,0
2015-09-30,80.88,82.37,80.38,82.22,3653700,0
2015-10-01,82.42,83.77,81.57,83.75,3407700,0
2015-10-02,82.21,84.01,81.29,83.99,3402500,0
2015-10-05,84.8,86.31,84.49,85.84,4204771,0
2015-10-06,85.6,86.0,84.84,85.15,4262900,0
2015-10-07,82.2,83.099,79.02,80.65,14474830,0
2015-10-08,80.45,82.48,80.2,82.26,4596000,0
2015-10-09,82.41,83.9,81.99,83.82,3774200,0
2015-10-12,83.66,84.84,83.23,83.92,2707166,0
2015-10-13,83.32,84.64,83.31,83.65,1992700,0
2015-10-14,84.0,84.73,83.4,83.8,2391210,0
2015-10-15,84.19,86.86,84.09,86.77,4381800,0
2015-10-16,87.17,89.04,86.18,88.67,5332000,0
2015-10-19,88.15,88.49,87.03,88.4,3353922,0
2015-10-20,88.15,88.65,86.42,86.84,2694218,0
2015-10-21,87.22,87.57,85.87,86.13,2901500,0
2015-10-22,86.56,88.83,86.56,88.46,3547100,0
2015-10-23,89.0,89.44,87.44,87.86,6744100,0
2015-10-26,87.91,89.7,87.61,88.84,2375700,0
2015-10-27,88.65,88.85,87.81,88.05,2593600,0
2015-10-28,88.44,88.83,87.58,88.5,3206700,0
2015-10-29,88.26,88.5,87.51,88.12,1623400,0
2015-10-30,87.99,89.49,87.9,88.66,2131600,0
2015-11-02,89.03,90.545,88.47,89.91,2904654,0
2015-11-03,89.59,90.74,88.92,90.36,2102228,0
2015-11-04,90.34,91.34,90.21,91.01,1873680,0
2015-11-05,91.5,91.87,89.79,90.55,1836200,0
2015-11-06,90.07,90.79,88.97,90.69,2004200,0
2015-11-09,90.24,90.492,88.99,89.8,1705162,0
2015-11-10,89.56,90.31,88.99,90.28,1943600,0
2015-11-11,90.68,91.47,90.25,91.21,2361500,0
2015-11-12,91.08,91.88,90.74,90.84,2458700,0
2015-11-13,90.95,90.95,88.79,89.02,1831300,0
2015-11-16,89.66,89.8,88.0,89.76,2198400,0
2015-11-17,89.96,91.29,89.87,90.29,1736400,0
2015-11-18,90.31,91.39,89.47,91.27,1453500,0
2015-11-19,91.52,92.13,91.28,91.76,2414445,0
2015-11-20,92.33,92.5,91.22,91.81,2134500,0
2015-11-23,91.82,92.37,91.27,91.96,1570300,0
2015-11-24,91.14,92.22,90.09,92.0,2046100,0
2015-11-25,92.3,92.5,91.69,91.77,1117700,0
2015-11-27,91.86,92.57,91.77,92.17,632900,0
2015-11-30,92.41,92.66,91.13,91.46,2380200,0
2015-12-01,92.01,92.58,91.1,92.55,1545116,0
2015-12-02,92.52,92.85,91.68,92.02,1904456,0
2015-12-03,91.97,92.76,89.725,89.91,2425554,0
2015-12-04,90.13,92.82,90.13,92.58,2980800,0
2015-12-07,92.56,92.88,89.21,89.6,3958600,0
2015-12-08,89.22,92.09,88.96,91.72,3372856,0
2015-12-09,91.04,91.79,88.95,89.56,3333500,0
2015-12-10,90.41,90.43,88.51,88.96,4751800,0
2015-12-11,92.51,93.65,90.12,91.42,8315000,0
2015-12-14,91.71,93.31,91.02,93.26,3792245,0
2015-12-15,93.98,95.79,93.72,94.02,4099700,0
2015-12-16,94.41,95.66,93.61,95.56,2613800,0
2015-12-17,95.7,96.42,94.19,94.2,3069600,0
2015-12-18,93.73,93.92,91.3,91.31,5314200,0
2015-12-21,92.16,92.69,90.81,91.62,2663500,0
2015-12-22,91.94,93.95,91.63,93.82,1873494,0
2015-12-23,94.42,94.99,93.53,94.7,1526500,0
2015-12-24,94.45,95.19,94.03,94.3,602505,0
2015-12-28,93.79,94.3,93.23,94.2,1027064,0
2015-12-29,94.6,95.898,94.6,95.33,1124878,0
2015-12-30,95.19,96.02,95.0,95.28,882066,0
2015-12-31,95.07,95.21,93.88,93.94,1017401,0
2016-01-04,91.77,92.0,90.54,91.97,2410186,0
2016-01-05,92.01,92.85,91.41,92.34,1645911,0
2016-01-06,91.1,91.5,90.24,91.02,1370989,0
2016-01-07,89.4,91.4,88.71,89.11,2254704,0
2016-01-08,89.68,89.99,87.63,87.85,2017374,0
2016-01-11,88.07,89.8025,87.84,89.38,2362163,0
2016-01-12,89.89,91.03,88.4075,89.82,1914451,0
2016-01-13,90.59,91.44,87.99,88.3,2932863,0
2016-01-14,88.92,90.3,87.32,89.8,3535769,0
2016-01-15,86.84,89.35,86.82,89.17,3361751,0
2016-01-19,90.29,91.4,88.37,89.18,3680600,0
2016-01-20,87.69,88.76,84.67,87.94,3101368,0
2016-01-21,88.64,89.93,87.14,88.0,3527080,0
2016-01-22,89.55,89.93,88.48,89.63,4456010,0
2016-01-25,88.39,89.26,86.63,86.77,3516448,0
2016-01-26,87.26,87.58,85.47,86.89,2270578,0
2016-01-27,87.27,87.83,84.51,84.85,2560236,0
2016-01-28,85.54,85.74,82.7,84.52,4669348,0
2016-01-29,85.55,89.13,85.12,89.13,4091535,0
2016-02-01,88.16,90.2383,87.9,89.61,2382468,0
2016-02-02,88.71,89.02,87.64,87.95,2582561,0
2016-02-03,88.91,89.25,86.67,87.99,2665908,0
2016-02-04,87.82,87.97,85.78,86.36,2905370,0
2016-02-05,85.5,85.5,77.83,79.2,9578292,0
2016-02-08,77.4,78.33,71.27,74.94,11109538,0
2016-02-09,74.76,77.19,73.04,73.85,6034258,0
2016-02-10,74.99,77.615,73.8965,75.53,5826439,0
2016-02-11,74.04,75.53,73.58,74.94,4250541,0
2016-02-12,75.99,77.36,75.4,76.67,3777415,0
2016-02-16,77.13,79.2,77.13,78.88,4216815,0
2016-02-17,79.4,82.07,78.54,81.85,4249724,0
2016-02-18,82.3,82.82,80.135,80.53,3081143,0
2016-02-19,80.32,80.94,79.51,80.87,3418364,0
2016-02-22,82.09,84.16,82.05,83.8,3216631,0
2016-02-23,83.41,84.49,82.86,83.07,2575265,0
2016-02-24,82.22,83.53,80.93,83.42,2292971,0
2016-02-25,84.76,86.72,84.15,86.68,2935061,0
2016-02-26,87.11,87.48,84.1,86.6,3231344,0
2016-02-29,86.01,86.19,85.09,85.14,2242952,0
2016-03-01,85.92,88.395,84.59,88.37,2935501,0
2016-03-02,88.12,88.55,87.26,88.39,2366606,0
2016-03-03,88.5,88.5,85.85,87.21,2768236,0
2016-03-04,87.93,87.9399,85.58,86.18,2917283,0
2016-03-07,85.58,85.96,84.05,85.11,2681308,0
2016-03-08,84.25,85.95,83.17,84.35,2557843,0
2016-03-09,84.88,85.29,83.25,85.27,2127458,0
2016-03-10,85.06,86.52,83.59,84.85,2969730,0
2016-03-11,85.2,86.23,84.63,86.0,2576099,0
2016-03-14,86.11,87.75,85.837,87.01,3754525,0
2016-03-15,86.4,87.19,86.22,86.83,2909597,0
2016-03-16,86.7,88.48,86.4,88.17,3383006,0
2016-03-17,88.66,90.21,87.25,89.96,6914582,0
2016-03-18,98.0,98.0,93.11,93.42,12530111,0
2016-03-21,92.69,93.27,91.33,92.5,4657275,0
2016-03-22,92.06,93.42,92.05,92.56,4475815,0
2016-03-23,92.62,92.935,91.93,92.16,2767607,0
2016-03-24,91.5,92.74,91.25,92.52,3266804,0
2016-03-28,92.68,92.83,91.8975,92.4,1892432,0
2016-03-29,91.79,93.435,91.7601,93.22,3814840,0
2016-03-30,93.63,94.48,92.98,93.78,6313337,0
2016-03-31,93.76,94.58,93.23,93.8,5744568,0
2016-04-01,93.33,95.47,92.77,95.16,3357977,0
2016-04-04,95.42,96.28,94.23,94.5,2036786,0
2016-04-05,93.32,94.77,93.22,94.17,2093390,0
2016-04-06,94.07,95.49,93.97,95.4,2278410,0
2016-04-07,94.72,94.89,93.19,93.78,1917247,0
2016-04-08,94.48,94.5,93.39,94.07,1690815,0
2016-04-11,94.43,94.81,92.84,92.95,1749002,0
2016-04-12,93.18,93.6701,92.2211,93.42,1745594,0
2016-04-13,93.82,94.6012,93.69,94.53,1661880,0
2016-04-14,94.34,94.71,94.01,94.44,1426250,0
2016-04-15,94.66,95.22,94.16,95.16,1914511,0
2016-04-18,94.75,96.58,94.59,96.55,1835843,0
2016-04-19,97.0,97.69,95.13,96.52,2129394,0
2016-04-20,97.0,97.0,95.76,96.33,2173368,0
2016-04-21,96.21,97.14,95.76,96.37,1655071,0
2016-04-22,96.17,96.24,93.76,94.79,3271657,0
2016-04-25,94.38,96.04,94.215,95.8,1725635,0
2016-04-26,95.96,96.295,95.22,96.16,1076011,0
2016-04-27,95.72,95.99,94.53,95.64,1747709,0
2016-04-28,94.8,95.735,93.15,93.64,3022065,0
2016-04-29,92.89,94.58,92.32,94.22,2564045,0
2016-05-02,94.29,94.99,93.8095,94.9,1929528,0
2016-05-03,94.07,94.3899,93.09,93.66,1588108,0
2016-05-04,93.18,93.59,92.55,92.94,1383804,0
2016-05-05,93.1,94.2165,92.92,93.5,1584232,0
2016-05-06,93.13,94.4,92.57,94.3,1224448,0
2016-05-09,94.0,95.19,93.87,94.6,1064071,0
2016-05-10,94.82,96.59,94.75,96.52,1501813,0
2016-05-11,96.26,97.26,96.04,96.11,1208995,0
2016-05-12,96.31,96.975,94.93,95.96,858301,0
2016-05-13,95.62,97.2099,95.37,95.97,1871108,0
2016-05-16,95.91,97.76,95.91,97.23,1388730,0
2016-05-17,96.81,97.35,95.75,95.93,2686818,0
2016-05-18,95.78,97.43,95.5,96.7,1487807,0
2016-05-19,96.41,96.945,95.25,95.88,1700077,0
2016-05-20,96.1,97.12,95.86,96.88,1775118,0
2016-05-23,96.71,97.415,96.4963,96.62,877472,0
2016-05-24,97.18,99.7,96.97,99.63,2503209,0
2016-05-25,99.91,99.99,98.8001,99.61,1760785,0
2016-05-26,99.81,100.325,99.07,99.37,1634438,0
2016-05-27,99.52,100.14,98.9,100.14,1274292,0
2016-05-31,100.14,100.56,99.35,99.47,2189424,0
2016-06-01,99.24,100.4,98.93,100.04,1364282,0
2016-06-02,99.98,100.17,99.17,100.17,1448234,0
2016-06-03,99.52,99.52,97.89,98.7,2055091,0
2016-06-06,99.16,99.49,98.47,99.12,1102873,0
2016-06-07,99.51,99.67,98.47,98.52,1812422,0
2016-06-08,98.45,98.91,97.99,98.68,1719542,0
2016-06-09,98.36,98.7,97.85,98.07,1365191,0
2016-06-10,96.89,97.87,96.75,97.09,1547149,0
2016-06-13,96.87,98.085,96.75,96.96,1520529,0
2016-06-14,96.53,97.26,96.32,96.98,1536867,0
2016-06-15,97.01,97.82,96.9,97.02,1903443,0
2016-06-16,96.5,97.3,95.5436,97.19,1643618,0
2016-06-17,97.25,97.39,95.36,95.58,3666078,0
2016-06-20,97.1,98.75,96.77,97.99,3755508,0
2016-06-21,98.64,99.92,98.13,99.72,5172326,0
2016-06-22,95.53,96.5,93.86,94.01,9344025,0
2016-06-23,94.73,96.28,94.31,96.21,3325843,0
2016-06-24,92.39,94.35,92.04,92.2,3622867,0
2016-06-27,91.36,92.027,90.35,90.85,3243502,0
2016-06-28,91.37,92.65,91.36,92.46,2213960,0
2016-06-29,92.91,94.62,92.68,94.37,2240495,0
2016-06-30,94.48,95.88,94.13,95.79,2985740,0
2016-07-01,95.04,97.14,95.0,95.32,2549343,0
2016-07-05,94.55,95.61,94.15,94.73,1950401,0
2016-07-06,94.53,95.48,94.0618,95.18,1186305,0
2016-07-07,95.01,95.51,94.54,95.14,1249179,0
2016-07-08,95.93,96.86,95.34,96.79,1617155,0
2016-07-11,96.98,97.55,96.81,97.15,1288507,0
2016-07-12,97.25,97.79,96.7,97.54,1711019,0
2016-07-13,97.97,98.38,97.34,97.34,1655029,0
2016-07-14,98.0,98.14,97.46,97.7,1046623,0
2016-07-15,98.39,98.4,97.5,97.83,1288006,0
2016-07-18,97.74,98.53,97.58,97.79,1237964,0
2016-07-19,97.11,98.17,97.001,97.79,1558238,0
2016-07-20,98.16,98.89,97.85,98.4,1154058,0
2016-07-21,98.12,98.425,96.08,96.34,2160696,0
2016-07-22,96.71,98.24,96.09,98.06,1789613,0
2016-07-25,97.75,97.75,96.8842,97.32,1411908,0
2016-07-26,97.81,98.42,97.0,97.91,1742442,0
2016-07-27,97.59,98.41,97.39,97.93,1691460,0
2016-07-28,97.92,98.61,97.57,98.44,1276106,0
2016-07-29,98.4,98.55,97.23,97.86,1477211,0
2016-08-01,97.75,98.16,97.22,97.72,1186436,0
2016-08-02,97.38,97.63,95.42,96.05,1920585,0
2016-08-03,96.06,96.68,95.65,96.67,1640446,0
2016-08-04,96.5,97.275,96.19,97.09,1010431,0
2016-08-05,97.36,99.0799,97.15,99.04,1627925,0
2016-08-08,98.86,98.95,98.3,98.49,852989,0
2016-08-09,98.71,99.22,98.47,98.87,778391,0
2016-08-10,99.13,100.99,99.09,100.62,2311335,0
2016-08-11,100.85,101.93,100.59,101.67,1956987,0
2016-08-12,100.98,101.2,100.06,101.02,1301668,0
2016-08-15,101.38,101.63,100.88,100.93,1320606,0
2016-08-16,100.52,100.97,99.91,100.6,1379051,0
2016-08-17,100.65,100.81,99.4499,99.7,1772867,0
2016-08-18,99.6,100.93,99.6,100.67,1688643,0
2016-08-19,100.31,100.605,99.72,100.32,1337724,0
2016-08-22,100.32,100.68,99.92,100.24,836501,0
2016-08-23,100.46,101.28,100.24,101.14,791208,0
2016-08-24,101.0,101.52,100.69,101.14,1152645,0
2016-08-25,101.15,101.79,100.91,101.69,938695,0
2016-08-26,101.68,102.75,101.081,102.06,1365976,0
2016-08-29,101.85,102.68,101.4,102.3,886396,0
2016-08-30,102.09,102.39,101.51,102.0,1095839,0
2016-08-31,101.66,102.6,101.58,102.31,1420511,0
2016-09-01,102.23,102.97,101.81,102.9,1650284,0
2016-09-02,103.49,104.16,102.945,103.57,1428305,0
2016-09-06,103.33,103.74,103.09,103.5,1263977,0
2016-09-07,103.47,103.51,102.58,103.0,1105506,0
2016-09-08,102.77,102.97,101.62,101.87,1465911,0
2016-09-09,100.97,101.28,99.38,99.38,2845713,0
2016-09-12,99.18,100.5,99.0,100.33,2082741,0
2016-09-13,99.92,99.92,97.87,98.77,3142144,0
2016-09-14,98.95,99.55,98.49,98.79,1683728,0
2016-09-15,98.84,100.039,98.49,99.62,2648900,0
2016-09-16,99.26,99.67,98.32,98.93,3096271,0
2016-09-19,99.21,100.21,99.02,99.67,2866517,0
2016-09-20,100.16,100.905,99.72,100.65,2906883,0
2016-09-21,106.54,108.22,105.8,107.78,7965494,0
2016-09-22,107.46,108.5,107.01,107.92,3297338,0
2016-09-23,107.21,108.0,106.793,107.48,2464604,0
2016-09-26,106.91,107.57,106.53,107.26,1776113,0
2016-09-27,106.99,109.762,106.74,109.7,3288205,0
2016-09-28,109.48,109.685,108.82,109.49,2272573,0
2016-09-29,109.5,109.57,107.55,107.79,1865402,0
2016-09-30,108.15,108.84,107.44,108.54,2923613,0
2016-10-03,108.41,108.96,108.16,108.45,1276633,0
2016-10-04,108.52,108.94,107.85,108.39,1083691,0
2016-10-05,108.57,109.33,108.32,108.8,1583681,0
2016-10-06,108.72,108.96,108.14,108.56,1300648,0
2016-10-07,109.07,109.07,107.6,108.64,1291762,0
2016-10-10,109.15,110.129,109.15,109.24,1352545,0
2016-10-11,109.0,109.2,107.04,107.37,1542209,0
2016-10-12,108.42,108.42,106.82,108.05,1158711,0
2016-10-13,107.13,108.127,106.53,108.01,1182163,0
2016-10-14,108.19,109.1,107.82,107.84,1566883,0
2016-10-17,108.0,108.28,107.39,107.49,886347,0
2016-10-18,108.44,108.82,108.01,108.42,1089771,0
2016-10-19,108.81,108.89,108.15,108.39,1043582,0
2016-10-20,108.41,109.38,107.55,109.03,1526343,0
2016-10-21,108.51,109.17,107.63,109.03,1492913,0
2016-10-24,109.63,111.09,109.35,110.81,1942645,0
2016-10-25,110.76,110.76,108.95,109.03,1681428,0
2016-10-26,108.74,108.82,107.59,107.97,1548426,0
2016-10-27,108.47,108.66,106.69,107.07,2124663,0
2016-10-28,107.08,108.32,107.05,107.6,1866301,0
2016-10-31,108.02,108.29,107.04,107.51,1678352,0
2016-11-01,107.79,107.97,106.041,106.87,1951512,0
2016-11-02,106.85,106.95,105.57,105.89,2140271,0
2016-11-03,106.54,108.16,106.48,107.17,3666957,0
2016-11-04,105.85,107.09,105.6,106.2,2587537,0
2016-11-07,107.66,108.97,107.37,108.66,2649819,0
2016-11-08,108.68,109.16,107.93,108.39,2295249,0
2016-11-09,105.55,108.05,104.52,107.86,3553647,0
2016-11-10,108.08,108.26,101.66,104.08,7189735,0
2016-11-11,103.62,104.47,102.62,103.68,3698311,0
2016-11-14,104.12,104.49,101.77,102.42,3040483,0
2016-11-15,103.14,104.76,102.55,103.66,2561046,0
2016-11-16,103.61,104.4,102.96,104.08,2281382,0
2016-11-17,103.77,105.93,103.48,105.81,2556280,0
2016-11-18,106.19,106.8,104.72,105.0,2080187,0
2016-11-21,105.56,106.141,105.14,105.64,1602712,0
2016-11-22,105.85,106.0,105.04,105.21,1589143,0
2016-11-23,105.41,105.56,103.98,104.21,2085461,0
2016-11-25,104.17,105.03,103.9,105.02,898646,0
2016-11-28,104.81,105.15,104.09,104.5,1503231,0
2016-11-29,104.27,105.98,104.26,104.95,2210827,0
2016-11-30,104.99,105.46,102.8,102.81,3203846,0
2016-12-01,102.82,102.92,98.87,99.51,5020347,0
2016-12-02,99.52,100.145,98.0,99.73,3430824,0
2016-12-05,100.46,102.52,100.16,101.95,2232775,0
2016-12-06,101.99,101.99,100.71,101.55,2274197,0
2016-12-07,100.89,103.51,100.89,103.36,2608502,0
2016-12-08,103.36,104.07,102.54,103.5,1840978,0
2016-12-09,104.0,104.5,103.42,104.31,2532645,0
2016-12-12,104.62,105.24,103.52,105.16,2680252,0
2016-12-13,105.74,107.6,105.62,106.15,3211694,0
2016-12-14,106.3,106.79,105.44,105.81,3006425,0
2016-12-15,106.33,106.48,104.6,105.1,5135155,0
2016-12-16,107.8,107.8,101.91,103.55,8445446,0
2016-12-19,103.57,106.08,103.41,105.29,3491773,0
2016-12-20,105.5,105.88,104.76,105.77,2142912,0
2016-12-21,105.74,106.06,104.48,105.51,2470967,0
2016-12-22,105.12,105.146,103.95,104.72,1633651,0
2016-12-23,104.61,105.42,104.61,105.02,1006232,0
2016-12-27,105.0,105.9,104.86,104.98,1013126,0
2016-12-28,104.83,105.16,103.5,103.77,1574099,0
2016-12-29,103.63,104.391,103.41,103.68,1047312,0
2016-12-30,104.07,104.22,102.47,102.95,2095844,0
2017-01-03,103.43,104.03,102.81,103.48,2244021,0
2017-01-04,103.74,104.37,103.495,104.14,1653606,0
2017-01-05,104.13,106.02,103.77,105.91,2423943,0
2017-01-06,105.98,108.43,105.25,108.3,2586821,0
2017-01-09,107.96,108.79,107.56,108.57,2702977,0
2017-01-10,108.57,108.79,107.61,108.26,2957500,0
2017-01-11,108.23,109.05,108.0,108.99,1637329,0
2017-01-12,107.99,108.74,107.16,108.59,1591516,0
2017-01-13,108.84,108.9,107.98,108.53,1531230,0
2017-01-17,107.79,108.05,107.06,108.0,1667538,0
2017-01-18,108.5,109.17,107.53,108.79,2480734,0
2017-01-19,108.63,109.98,108.04,109.79,3007274,0
2017-01-20,110.02,110.81,109.57,110.71,3079168,0
2017-01-23,110.71,111.92,110.3,110.98,2404494,0
2017-01-24,111.46,114.17,111.34,113.72,3545803,0
2017-01-25,113.77,114.57,113.29,114.26,3729748,0
2017-01-26,113.79,114.44,112.73,112.88,2703751,0
2017-01-27,113.07,114.01,112.75,113.99,1663256,0
2017-01-30,113.22,113.87,112.26,113.82,2104222,0
2017-01-31,113.22,113.75,112.695,113.38,1568978,0
2017-02-01,113.31,113.64,112.681,113.36,1807045,0
2017-02-02,112.82,113.58,112.27,113.16,1625252,0
2017-02-03,113.55,115.45,113.42,115.17,2507874,0
2017-02-06,114.68,114.825,113.29,114.46,2088082,0
2017-02-07,114.83,115.19,114.54,114.96,1619042,0
2017-02-08,115.0,116.38,114.451,116.13,2382208,0
2017-02-09,116.26,116.9,116.02,116.44,1641858,0
2017-02-10,116.51,116.94,115.03,116.85,2334175,0
2017-02-13,117.03,117.94,116.2,117.65,1841845,0
2017-02-14,117.65,117.79,116.67,117.58,1383027,0
2017-02-15,117.33,119.09,117.07,118.73,1572364,0
2017-02-16,118.84,119.47,118.47,118.93,1618771,0
2017-02-17,118.79,119.72,118.24,119.67,2021906,0
2017-02-21,119.73,120.169,119.31,119.63,1903203,0
2017-02-22,119.67,119.89,118.85,119.47,1944493,0
2017-02-23,120.1,120.15,118.03,118.83,2343524,0
2017-02-24,118.3,119.32,117.83,119.31,1890346,0
2017-02-27,119.02,119.19,118.07,118.78,1513744,0
2017-02-28,118.83,118.84,118.02,118.34,1873732,0
2017-03-01,119.24,120.57,118.38,120.35,2232422,0
2017-03-02,120.09,120.12,119.28,119.9,1778591,0
2017-03-03,119.83,120.13,119.48,120.04,1303335,0
2017-03-06,119.73,120.48,119.37,120.15,1940990,0
2017-03-07,120.06,120.69,119.69,119.98,1732878,0
2017-03-08,120.21,120.66,119.35,119.6,2895812,0
2017-03-09,119.82,120.26,119.11,119.91,1916438,0
2017-03-10,120.57,121.37,120.241,121.09,2156151,0
2017-03-13,121.265,121.96,120.89,121.8,1805225,0
2017-03-14,121.65,121.99,120.62,121.44,1507722,0
2017-03-15,122.0,122.42,120.9,122.11,2396325,0
2017-03-16,123.25,123.6,121.525,122.35,4044627,0
2017-03-17,128.45,130.3,126.94,127.01,8472570,0
2017-03-20,126.99,128.09,125.79,126.31,3320867,0
2017-03-21,126.64,127.36,124.96,125.07,3105349,0
2017-03-22,124.6,126.94,124.51,126.21,3477250,0
2017-03-23,126.2,127.25,126.01,126.87,2197390,0
2017-03-24,127.86,129.0,127.05,127.7,2839808,0
2017-03-27,127.48,128.837,126.36,128.25,2254231,0
2017-03-28,127.81,129.28,127.81,128.69,2131921,0
2017-03-29,128.4,129.63,128.2,129.58,2110025,0
2017-03-30,129.55,130.28,129.3,129.61,2144609,0
2017-03-31,129.57,130.69,129.4,130.13,2019894,0
2017-04-03,129.585,130.75,128.88,129.59,2337174,0
2017-04-04,129.47,130.372,129.02,130.04,1888394,0
2017-04-05,130.58,131.33,129.375,129.89,2755113,0
2017-04-06,129.86,130.22,129.16,130.15,1827626,0
2017-04-07,130.15,130.67,129.52,130.22,2287929,0
2017-04-10,130.32,130.38,129.47,130.16,2034255,0
2017-04-11,129.91,130.165,128.21,129.95,2331569,0
2017-04-12,129.96,129.96,128.72,129.38,2081705,0
2017-04-13,129.63,130.42,129.05,129.05,1720488,0
2017-04-17,129.69,130.36,129.11,129.99,1335902,0
2017-04-18,129.74,130.23,129.48,129.81,1401052,0
2017-04-19,129.9,130.98,129.82,130.22,1854670,0
2017-04-20,130.7,131.99,130.28,131.42,1961579,0
2017-04-21,131.84,131.97,131.03,131.52,1834386,0
2017-04-24,132.94,133.18,132.17,132.89,1842726,0
2017-04-25,133.44,133.72,132.88,133.49,2504120,0
2017-04-26,133.5,133.8,132.42,132.79,1635874,0
2017-04-27,133.13,134.25,132.76,133.38,1657997,0
2017-04-28,133.4,133.92,132.67,133.74,1749243,0
2017-05-01,134.3,135.34,133.71,135.11,1811202,0
2017-05-02,135.54,135.7,134.75,135.0,2692290,0
2017-05-03,134.99,135.21,134.38,134.85,1974174,0
2017-05-04,135.13,135.35,134.405,134.61,1808799,0
2017-05-05,135.19,135.19,134.19,134.84,1845506,0
2017-05-08,135.36,135.385,134.22,135.12,1579296,0
2017-05-09,135.33,135.62,134.9,135.6,1689295,0
2017-05-10,135.86,136.745,135.51,136.15,1754339,0
2017-05-11,135.98,136.31,135.395,136.29,1341845,0
2017-05-12,136.45,137.38,135.885,136.84,1626603,0
2017-05-15,137.13,137.71,136.83,137.6,3203824,0
2017-05-16,138.06,138.39,137.6,138.03,2269616,0
2017-05-17,137.2,137.32,134.24,134.33,3553572,0
2017-05-18,132.77,134.85,130.82,134.54,4158708,0
2017-05-19,135.18,136.61,134.34,136.43,3721644,0
2017-05-22,137.38,139.19,136.58,138.86,2513289,0
2017-05-23,139.16,139.95,138.7,139.52,2123587,0
2017-05-24,140.18,141.25,139.81,141.12,1693067,0
2017-05-25,142.16,143.48,141.8,142.85,1721728,0
2017-05-26,142.93,143.1,141.674,141.89,1602418,0
2017-05-30,141.8,142.56,141.501,142.41,1541203,0
2017-05-31,143.04,143.19,141.41,141.86,2931774,0
2017-06-01,141.64,142.49,140.93,141.38,2396726,0
2017-06-02,142.12,143.57,141.86,143.48,2883408,0
2017-06-05,144.14,144.34,143.51,143.59,1847635,0
2017-06-06,143.35,144.17,142.73,143.03,2162693,0
2017-06-07,143.33,143.77,142.45,143.62,1626662,0
2017-06-08,143.96,143.97,141.74,142.63,2782169,0
2017-06-09,143.14,143.585,135.76,138.05,4145511,0
2017-06-12,133.72,138.64,131.2,137.25,6772295,0
2017-06-13,138.79,139.86,138.09,139.09,2871129,0
2017-06-14,139.29,140.848,136.41,138.25,2830655,0
2017-06-15,136.63,137.9,134.45,137.52,2800652,0
2017-06-16,137.35,138.35,136.29,137.84,4204347,0
2017-06-19,138.79,141.47,138.635,140.35,4355351,0
2017-06-20,141.21,142.3,140.19,140.91,5406220,0
2017-06-21,145.08,147.45,142.75,144.24,8251897,0
2017-06-22,145.15,145.772,143.66,143.69,3688023,0
2017-06-23,143.75,145.59,143.06,145.41,3418921,0
2017-06-26,146.06,146.89,144.36,144.96,2774448,0
2017-06-27,144.33,144.81,142.537,142.54,3015273,0
2017-06-28,143.01,144.08,141.15,143.81,2503878,0
2017-06-29,143.06,143.2,139.65,141.24,2652966,0
2017-06-30,141.87,142.81,140.74,141.43,2330954,0
2017-07-03,141.73,142.15,138.31,138.41,1785994,0
2017-07-05,138.65,141.97,138.55,141.21,2229458,0
2017-07-06,139.73,141.18,138.88,140.75,1802184,0
2017-07-07,141.07,143.36,140.97,142.22,1489896,0
2017-07-10,142.21,143.88,141.57,143.34,1569060,0
2017-07-11,142.99,143.98,142.12,142.93,1623694,0
2017-07-12,144.0,146.19,143.795,145.91,1811871,0
2017-07-13,145.91,146.48,144.935,145.05,1308275,0
2017-07-14,145.59,146.48,145.22,146.16,2283740,0
2017-07-17,146.16,146.73,145.39,146.4,1310388,0
2017-07-18,146.47,147.96,145.37,147.89,1820795,0
2017-07-19,147.89,149.32,147.5,148.92,1802827,0
2017-07-20,149.07,150.1,148.35,149.97,1562656,0
2017-07-21,149.16,150.4,148.91,149.52,1819520,0
2017-07-24,149.16,149.95,149.035,149.53,1503264,0
2017-07-25,149.82,149.904,148.14,148.21,1591705,0
2017-07-26,148.62,149.83,148.42,149.78,1363102,0
2017-07-27,149.87,150.37,144.28,146.2,3058227,0
2017-07-28,145.77,147.24,144.5,146.73,1399323,0
2017-07-31,146.36,146.91,145.06,146.49,2188111,0
2017-08-01,147.48,147.65,146.52,147.36,1578241,0
2017-08-02,147.56,147.6,144.52,147.13,2110729,0
2017-08-03,147.47,147.98,145.68,147.79,1468201,0
2017-08-04,148.22,148.62,147.27,147.7,1479128,0
2017-08-07,147.74,148.9,147.54,148.44,1455624,0
2017-08-08,148.14,148.86,146.36,147.81,1507057,0
2017-08-09,146.68,148.499,146.5,148.3,1177891,0
2017-08-10,147.23,147.74,144.72,144.92,1899285,0
2017-08-11,145.25,147.1,144.18,146.47,1382877,0
2017-08-14,147.81,149.5,147.56,149.16,1171641,0
2017-08-15,149.56,150.65,148.41,150.36,1144008,0
2017-08-16,150.7,151.99,149.76,151.8,1454988,0
2017-08-17,151.66,151.72,148.19,148.23,2090160,0
2017-08-18,147.74,148.686,147.12,147.96,1699240,0
2017-08-21,148.05,149.33,147.57,149.26,1243422,0
2017-08-22,150.14,152.59,150.14,152.25,1981180,0
2017-08-23,152.18,152.18,150.75,151.1,1352927,0
2017-08-24,151.22,151.83,149.17,150.81,1449167,0
2017-08-25,152.0,153.0,150.91,151.45,1182292,0
2017-08-28,151.87,152.5,151.19,151.79,952270,0
2017-08-29,150.55,152.76,150.01,152.14,1189020,0
2017-08-30,152.05,154.26,151.89,153.67,1465359,0
2017-08-31,154.36,155.36,154.35,155.16,1891726,0
2017-09-01,155.76,156.06,154.38,155.06,1321340,0
2017-09-05,154.83,155.41,153.31,154.28,1355532,0
2017-09-06,155.11,155.555,153.61,153.76,1219354,0
2017-09-07,154.49,155.885,153.64,155.49,1445241,0
2017-09-08,155.24,155.88,154.29,155.34,1449906,0
2017-09-11,156.59,157.89,156.38,156.87,1711359,0
2017-09-12,156.76,157.215,154.92,156.31,1764096,0
2017-09-13,155.88,156.7,155.39,156.24,1361485,0
2017-09-14,155.37,156.2,154.68,154.95,1675488,0
2017-09-15,154.9,155.19,153.56,154.49,2977423,0
2017-09-18,155.01,156.3,154.37,155.77,2481302,0
2017-09-19,156.3,157.05,155.81,156.6,3961100,0
2017-09-20,151.99,152.4,149.0,149.96,9182644,0
2017-09-21,150.38,151.25,148.3,149.3,4874864,0
2017-09-22,148.69,149.5,147.85,148.5,2927818,0
2017-09-25,148.39,148.71,143.95,144.57,4869066,0
2017-09-26,145.5,146.35,143.96,145.4,3279819,0
2017-09-27,146.31,147.09,145.754,146.43,2947299,0
2017-09-28,146.14,147.32,145.391,146.83,1657138,0
2017-09-29,146.69,149.28,146.6,149.19,2161191,0
2017-10-02,149.79,150.48,147.52,147.94,2332325,0
2017-10-03,148.48,148.8,147.985,148.6,1808195,0
2017-10-04,148.21,148.46,146.6,147.95,2862585,0
2017-10-05,148.49,150.45,147.71,150.25,2413602,0
2017-10-06,149.96,151.36,149.53,151.1,2282780,0
2017-10-09,150.76,151.57,150.25,151.5,1461004,0
2017-10-10,152.0,152.86,151.32,152.15,2817579,0
2017-10-11,152.09,154.0,151.35,153.65,2784148,0
2017-10-12,153.72,154.85,153.39,153.61,2456000,0
2017-10-13,153.96,154.59,153.06,153.93,2515205,0
2017-10-16,151.15,153.07,149.281,150.46,3831351,0
2017-10-17,150.52,150.93,148.15,150.38,3547316,0
2017-10-18,150.33,153.43,149.03,153.0,4182012,0
2017-10-19,165.5,172.15,164.42,171.73,13390626,0
2017-10-20,171.5,175.87,171.355,175.64,6019158,0
2017-10-23,175.68,175.85,171.83,172.16,3220573,0
2017-10-24,171.47,172.49,170.491,171.58,2649026,0
2017-10-25,170.37,173.41,170.035,171.83,2785455,0
2017-10-26,172.06,175.02,172.06,173.75,2580410,0
2017-10-27,174.22,177.58,174.02,177.33,2807063,0
2017-10-30,177.3,177.48,174.45,176.03,2124220,0
2017-10-31,176.16,176.73,174.52,175.16,2656509,0
2017-11-01,176.59,176.94,174.7,176.25,2002919,0
2017-11-02,178.02,181.48,175.8,180.94,3262340,0
2017-11-03,181.76,182.74,179.64,182.3,2244714,0
2017-11-06,182.01,182.29,180.54,180.8,2022365,0
2017-11-07,181.23,181.78,180.11,180.89,2538924,0
2017-11-08,181.19,184.44,181.06,184.06,1791296,0
2017-11-09,182.88,183.079,179.03,181.92,2703685,0
2017-11-10,181.0,182.06,179.83,181.72,2082624,0
