Date,Open,High,Low,Close,Volume,OpenInt
2014-01-02,23.959,24.002,23.668,23.802,77804,0
2014-01-03,23.802,24.076,23.794,24.011,60801,0
2014-01-06,24.032,24.338,23.876,24.175,94282,0
2014-01-07,24.282,24.371,24.011,24.149,121777,0
2014-01-08,24.067,24.191,23.431,23.613,77650,0
2014-01-09,23.613,23.613,23.331,23.423,79990,0
2014-01-10,23.479,23.751,23.241,23.654,178178,0
2014-01-13,23.538,23.677,23.357,23.538,52707,0
2014-01-14,23.579,23.851,23.405,23.604,80998,0
2014-01-15,23.596,23.932,23.588,23.686,92759,0
2014-01-16,23.621,23.923,23.561,23.819,77040,0
2014-01-17,23.794,23.911,23.569,23.742,57961,0
2014-01-21,23.827,23.932,23.742,23.923,64149,0
2014-01-22,23.917,24.084,23.904,23.959,98874,0
2014-01-23,23.917,24.364,23.917,24.364,99346,0
2014-01-24,24.198,24.348,23.941,24.002,64391,0
2014-01-27,24.092,24.131,23.538,23.546,61674,0
2014-01-28,23.637,23.713,23.53,23.604,93943,0
2014-01-29,23.495,23.654,23.357,23.389,70503,0
2014-01-30,23.596,23.932,23.553,23.668,68938,0
2014-01-31,23.373,23.784,23.373,23.604,72458,0
2014-02-03,23.513,23.686,23.224,23.256,97988,0
2014-02-04,23.348,23.812,23.182,23.538,86593,0
2014-02-05,23.472,23.472,23.281,23.307,57136,0
2014-02-06,23.331,23.569,23.19,23.398,81784,0
2014-02-07,23.423,23.734,23.364,23.588,94693,0
2014-02-10,23.629,23.784,23.438,23.734,46412,0
2014-02-11,23.751,24.264,23.659,24.139,117229,0
2014-02-12,24.213,24.213,23.941,24.213,48321,0
2014-02-13,24.107,24.593,23.985,24.463,53039,0
2014-02-14,24.473,24.57,24.241,24.537,34074,0
2014-02-18,24.643,24.859,24.456,24.802,57097,0
2014-02-19,24.767,25.181,24.348,24.677,107628,0
2014-02-20,24.744,24.933,24.744,24.892,47931,0
2014-02-21,24.983,25.289,24.859,25.24,81296,0
2014-02-24,25.212,25.485,25.097,25.247,62773,0
2014-02-25,25.247,25.403,25.04,25.27,68274,0
2014-02-26,25.37,25.544,25.131,25.347,77841,0
2014-02-27,25.347,25.478,25.137,25.445,54051,0
2014-02-28,25.529,25.595,25.279,25.378,104590,0
2014-03-03,25.321,25.644,25.031,25.626,63076,0
2014-03-04,25.807,26.41,25.768,26.147,122501,0
2014-03-05,26.189,26.379,25.965,26.113,64124,0
2014-03-06,26.072,26.164,25.411,25.494,130378,0
2014-03-07,25.595,25.595,25.137,25.321,75682,0
2014-03-10,25.304,25.485,25.116,25.156,56620,0
2014-03-11,25.189,25.347,25.04,25.231,35233,0
2014-03-12,25.173,25.511,25.173,25.222,85300,0
2014-03-13,25.327,25.363,25.0,25.156,57550,0
2014-03-14,25.147,25.602,25.147,25.586,44686,0
2014-03-17,25.644,25.956,25.635,25.725,52398,0
2014-03-18,25.702,26.064,25.529,26.039,56537,0
2014-03-19,25.948,26.056,25.436,25.595,47064,0
2014-03-20,25.586,25.667,25.327,25.586,42154,0
2014-03-21,25.725,26.197,25.725,26.006,108551,0
2014-03-24,26.131,26.222,25.569,25.849,60812,0
2014-03-25,26.022,26.17,25.626,25.741,58351,0
2014-03-26,25.906,25.998,2.5123,25.147,76067,0
2014-03-27,25.263,25.483,25.074,25.272,64841,0
2014-03-28,25.33,25.542,25.166,25.249,40227,0
2014-03-31,25.323,25.625,25.089,25.465,69355,0
2014-04-01,25.474,25.836,25.232,25.818,75158,0
2014-04-02,25.818,26.168,25.601,26.119,51576,0
2014-04-03,26.202,26.202,25.732,25.894,53499,0
2014-04-04,25.927,26.01,25.616,25.741,58147,0
2014-04-07,25.701,25.894,25.382,25.44,75630,0
2014-04-08,25.525,25.725,25.232,25.525,72610,0
2014-04-09,25.516,25.566,25.291,25.499,59738,0
2014-04-10,25.525,25.808,25.131,25.213,71610,0
2014-04-11,25.057,25.223,24.712,24.888,105042,0
2014-04-14,25.123,25.197,24.586,24.737,72870,0
2014-04-15,24.737,25.029,24.586,24.898,81693,0
2014-04-16,25.021,25.137,24.862,25.029,43152,0
2014-04-17,24.93,25.131,24.654,24.922,56413,0
2014-04-21,24.998,25.038,22.258,24.829,190076,0
2014-04-22,24.737,25.205,24.737,25.137,54686,0
2014-04-23,25.147,25.249,24.871,25.065,59208,0
2014-04-24,25.258,25.365,25.123,25.213,68412,0
2014-04-25,25.123,25.316,24.955,25.013,74780,0
2014-04-28,25.131,25.374,24.998,25.263,68355,0
2014-04-29,25.508,25.616,24.972,25.057,39251,0
2014-04-30,24.922,25.123,24.746,25.013,63626,0
2014-05-01,25.029,25.029,24.485,24.746,95115,0
2014-05-02,24.871,25.013,24.704,24.829,50129,0
2014-05-05,24.712,24.846,24.638,24.771,39223,0
2014-05-06,24.669,24.829,24.344,24.471,88659,0
2014-05-07,24.529,24.871,24.426,24.722,73649,0
2014-05-08,24.787,24.972,24.477,24.722,59471,0
2014-05-09,24.712,25.525,24.712,25.516,64222,0
2014-05-12,25.566,25.96,25.499,25.836,59554,0
2014-05-13,25.791,25.9,25.263,25.291,62858,0
2014-05-14,25.249,25.291,24.998,25.096,44701,0
2014-05-15,24.963,24.963,24.561,24.712,62948,0
2014-05-16,24.654,24.871,24.57,24.862,61309,0
2014-05-19,24.781,25.013,24.704,24.998,32694,0
2014-05-20,24.905,24.99,24.485,24.611,79195,0
2014-05-21,25.029,25.232,24.762,24.955,78496,0
2014-05-22,24.746,25.131,24.704,24.955,49514,0
2014-05-23,24.955,25.593,24.905,25.533,82338,0
2014-05-27,25.683,26.177,25.483,26.035,97475,0
2014-05-28,25.96,25.96,25.45,25.499,70493,0
2014-05-29,25.633,25.759,25.358,25.708,34295,0
2014-05-30,25.741,25.877,25.593,25.827,53832,0
2014-06-02,25.9,25.9,25.516,25.642,34880,0
2014-06-03,25.516,25.808,25.374,25.391,35132,0
2014-06-04,25.358,25.416,25.19,25.281,35301,0
2014-06-05,25.398,26.161,25.232,26.144,68340,0
2014-06-06,26.253,26.253,25.927,25.968,51769,0
2014-06-09,26.035,26.136,25.651,25.777,32808,0
2014-06-10,25.701,25.759,25.424,25.533,35943,0
2014-06-11,25.49,25.49,25.137,25.291,35232,0
2014-06-12,25.249,25.258,25.038,25.19,33776,0
2014-06-13,25.307,25.307,24.781,25.131,40481,0
2014-06-16,25.065,25.173,24.888,25.013,44646,0
2014-06-17,24.922,25.089,24.888,24.955,42167,0
2014-06-18,25.029,25.241,24.879,25.223,31345,0
2014-06-19,25.316,25.458,25.263,25.358,44842,0
2014-06-20,25.424,25.674,25.232,25.633,133859,0
2014-06-23,25.616,25.683,25.307,25.406,46262,0
2014-06-24,25.316,25.633,25.316,25.575,55350,0
2014-06-25,25.458,25.533,25.205,25.525,43123,0
2014-06-26,25.601,25.635,25.389,25.499,25570,0
2014-06-27,25.347,25.711,25.347,25.686,114848,0
2014-06-30,25.601,25.696,25.228,25.677,68302,0
2014-07-01,25.745,26.068,25.347,25.974,49541,0
2014-07-02,26.034,26.052,25.735,25.864,29315,0
2014-07-03,25.898,25.933,25.677,25.924,27590,0
2014-07-07,25.941,26.052,25.754,25.795,56034,0
2014-07-08,25.72,25.795,25.653,25.696,98865,0
2014-07-09,25.686,25.711,25.489,25.626,53681,0
2014-07-10,25.312,25.728,25.244,25.667,44159,0
2014-07-11,25.72,25.855,25.474,25.763,33722,0
2014-07-14,25.974,26.203,25.795,26.178,57237,0
2014-07-15,26.213,26.213,25.864,26.076,29692,0
2014-07-16,26.297,26.297,25.898,25.993,25280,0
2014-07-17,25.831,25.949,25.575,25.667,45572,0
2014-07-18,25.575,26.11,25.575,26.068,53675,0
2014-07-21,25.898,25.993,25.667,25.941,28420,0
2014-07-22,26.0,26.128,25.949,26.052,25203,0
2014-07-23,26.034,26.128,25.933,26.042,17261,0
2014-07-24,26.042,26.042,25.653,25.735,35920,0
2014-07-25,25.567,25.788,25.327,25.397,50368,0
2014-07-28,25.389,25.525,25.312,25.397,38125,0
2014-07-29,25.431,25.449,25.059,25.059,47138,0
2014-07-30,25.067,25.091,24.708,25.005,83457,0
2014-07-31,24.845,25.091,24.845,24.87,71232,0
2014-08-01,24.964,24.973,24.616,24.649,58870,0
2014-08-04,24.794,24.946,24.606,24.913,54545,0
2014-08-05,24.768,25.014,24.606,24.87,77667,0
2014-08-06,24.675,25.261,24.675,25.218,50743,0
2014-08-07,25.228,25.312,24.845,24.955,45989,0
2014-08-08,24.913,25.117,24.487,24.981,45986,0
2014-08-11,25.15,25.355,24.93,25.133,30243,0
2014-08-12,24.991,25.133,24.785,24.93,29337,0
2014-08-13,24.937,25.371,24.937,25.364,30882,0
2014-08-14,25.321,25.482,25.049,25.297,26273,0
2014-08-15,25.549,25.549,25.075,25.431,68376,0
2014-08-18,25.567,25.72,25.533,25.696,39884,0
2014-08-19,25.754,25.754,25.653,25.711,34119,0
2014-08-20,25.557,25.601,25.312,25.601,25397,0
2014-08-21,25.542,25.735,25.508,25.557,27090,0
2014-08-22,25.584,25.584,25.228,25.347,25451,0
2014-08-25,25.337,25.489,25.049,25.083,25209,0
2014-08-26,25.049,25.261,24.684,25.193,30843,0
2014-08-27,25.193,25.237,25.083,25.141,38508,0
2014-08-28,25.099,25.108,24.897,24.93,92830,0
2014-08-29,24.922,25.218,24.922,25.083,95966,0
2014-09-02,25.208,25.228,25.014,25.169,94477,0
2014-09-03,25.297,25.389,25.208,25.268,39567,0
2014-09-04,25.312,25.312,24.897,24.93,73077,0
2014-09-05,24.845,25.337,24.845,25.268,36932,0
2014-09-08,25.185,25.244,24.845,24.922,67050,0
2014-09-09,24.827,24.946,24.708,24.734,88324,0
2014-09-10,24.675,24.718,24.387,24.565,74445,0
2014-09-11,24.505,24.751,24.479,24.666,75025,0
2014-09-12,24.616,24.616,23.912,24.106,137495,0
2014-09-15,24.139,24.192,23.8,23.8,56320,0
2014-09-16,23.851,24.013,23.784,23.971,60160,0
2014-09-17,24.028,24.175,23.757,23.962,67184,0
2014-09-18,23.971,23.971,23.792,23.834,64334,0
2014-09-19,23.81,24.018,23.81,24.013,222774,0
2014-09-22,23.905,24.149,23.876,23.979,54729,0
2014-09-23,23.996,24.335,23.486,23.513,92872,0
2014-09-24,23.588,23.784,23.468,23.486,50360,0
2014-09-25,23.52,23.672,23.145,23.52,96963,0
2014-09-26,23.631,23.805,23.467,23.805,89390,0
2014-09-29,23.589,23.712,23.476,23.703,65336,0
2014-09-30,23.631,23.893,23.39,23.625,152642,0
2014-10-01,23.546,23.795,23.321,23.426,70007,0
2014-10-02,23.494,23.625,23.296,23.443,67684,0
2014-10-03,23.693,24.113,23.373,23.373,75187,0
2014-10-06,23.399,23.903,23.382,23.805,146587,0
2014-10-07,23.795,23.932,23.631,23.726,120110,0
2014-10-08,23.72,24.113,23.598,24.091,115357,0
2014-10-09,24.091,24.33,24.018,24.122,184163,0
2014-10-10,23.987,24.606,23.987,24.59,208365,0
2014-10-13,24.616,25.107,24.512,24.858,73190,0
2014-10-14,25.082,25.444,24.702,25.262,119222,0
2014-10-15,24.951,25.616,24.494,25.299,82673,0
2014-10-16,25.047,25.479,24.598,25.202,67211,0
2014-10-17,25.461,25.461,24.806,24.841,77043,0
2014-10-20,24.72,25.315,24.676,25.315,51360,0
2014-10-21,25.34,25.366,25.141,25.255,63127,0
2014-10-22,25.384,25.555,25.299,25.392,47596,0
2014-10-23,25.522,25.601,25.444,25.547,67612,0
2014-10-24,25.601,25.606,25.323,25.479,58190,0
2014-10-27,25.306,25.667,25.209,25.555,57902,0
2014-10-28,25.444,25.667,25.366,25.667,106463,0
2014-10-29,25.625,25.625,25.082,25.359,152697,0
2014-10-30,25.219,25.815,25.107,25.796,51278,0
2014-10-31,26.167,26.419,25.728,26.41,102693,0
2014-11-03,26.367,27.162,26.367,27.074,107572,0
2014-11-04,26.945,27.162,26.755,26.815,63756,0
2014-11-05,26.824,26.953,26.608,26.721,39407,0
2014-11-06,26.799,26.919,26.462,26.513,41226,0
2014-11-07,26.608,26.608,26.307,26.401,68759,0
2014-11-10,26.401,26.704,26.316,26.686,29328,0
2014-11-11,26.618,26.652,26.376,26.41,37355,0
2014-11-12,26.229,26.556,26.229,26.436,42019,0
2014-11-13,26.488,26.73,26.332,26.358,32585,0
2014-11-14,26.496,26.496,26.098,26.142,38455,0
2014-11-17,26.048,26.453,26.048,26.263,29633,0
2014-11-18,26.35,26.902,26.255,26.376,27891,0
2014-11-19,26.272,26.445,25.979,26.091,40418,0
2014-11-20,25.918,26.229,25.918,26.195,29120,0
2014-11-21,26.41,26.436,25.943,26.048,63368,0
2014-11-24,26.16,26.332,26.082,26.221,38296,0
2014-11-25,26.324,26.35,26.127,26.212,63243,0
2014-11-26,26.221,26.593,26.221,26.496,33110,0
2014-11-28,26.593,27.011,26.54,26.584,44044,0
2014-12-01,26.677,26.799,26.35,26.401,39119,0
2014-12-02,26.488,26.953,26.488,26.652,26016,0
2014-12-03,26.736,26.824,26.532,26.67,39204,0
2014-12-04,25.66,26.202,25.625,26.187,1562093,0
2014-12-05,26.098,26.263,25.97,26.246,259545,0
2014-12-08,26.246,26.765,26.246,26.652,189024,0
2014-12-09,26.833,26.893,26.652,26.893,232716,0
2014-12-10,26.781,27.093,26.736,26.919,124195,0
2014-12-11,26.971,27.142,26.73,27.074,104945,0
2014-12-12,26.961,27.229,26.677,26.686,128254,0
2014-12-15,26.875,26.919,26.091,26.127,99106,0
2014-12-16,26.127,26.496,25.936,26.316,91471,0
2014-12-17,26.289,26.806,26.229,26.755,173694,0
2014-12-18,26.851,27.102,26.736,27.074,137006,0
2014-12-19,26.9,27.423,26.9,27.223,571720,0
2014-12-22,27.277,27.511,27.205,27.442,99290,0
2014-12-23,27.566,27.566,27.268,27.318,91670,0
2014-12-24,27.391,27.617,27.223,27.382,40775,0
2014-12-26,27.452,27.557,27.355,27.521,49658,0
2014-12-29,27.47,27.916,27.47,27.687,46807,0
2014-12-30,27.574,27.871,27.521,27.67,50168,0
2014-12-31,27.791,27.949,27.119,27.214,96384,0
2015-01-02,27.364,27.617,27.03,27.539,60072,0
2015-01-05,27.493,27.949,27.433,27.854,136171,0
2015-01-06,28.004,28.265,27.801,28.028,176284,0
2015-01-07,28.116,28.422,28.082,28.353,92464,0
2015-01-08,28.658,28.885,28.38,28.45,264773,0
2015-01-09,28.413,28.615,28.196,28.247,236116,0
2015-01-12,28.16,28.283,27.942,28.088,386008,0
2015-01-13,28.186,28.326,27.862,28.168,586220,0
2015-01-14,27.934,29.087,27.713,28.72,307538,0
2015-01-15,28.738,29.053,28.469,29.009,132827,0
2015-01-16,28.904,29.629,28.894,29.535,158806,0
2015-01-20,29.508,29.684,29.017,29.351,164721,0
2015-01-21,29.202,29.629,29.151,29.569,87769,0
2015-01-22,29.596,30.724,29.596,30.698,271712,0
2015-01-23,30.698,31.644,30.472,31.032,604992,0
2015-01-26,30.977,30.996,30.532,30.83,216130,0
2015-01-27,30.891,31.216,30.761,30.865,264324,0
2015-01-28,31.039,31.163,30.672,30.743,193757,0
2015-01-29,30.706,31.023,30.637,30.943,228313,0
2015-01-30,30.769,30.917,30.261,30.322,178495,0
2015-02-02,30.331,30.341,29.49,29.877,132297,0
2015-02-03,29.831,30.112,29.552,30.062,321531,0
2015-02-04,30.006,30.199,29.778,30.112,184388,0
2015-02-05,30.085,30.487,29.99,30.455,144246,0
2015-02-06,30.479,30.487,29.403,29.559,105394,0
2015-02-09,29.465,29.717,29.159,29.182,78284,0
2015-02-10,29.245,29.245,28.764,29.009,70598,0
2015-02-11,29.035,29.192,28.755,29.001,90925,0
2015-02-12,29.087,29.306,28.894,29.151,52548,0
2015-02-13,29.045,29.271,28.826,29.202,79265,0
2015-02-17,29.096,29.474,28.885,28.974,63800,0
2015-02-18,29.026,29.08,28.667,29.063,110659,0
2015-02-19,28.966,29.053,28.482,28.546,63216,0
2015-02-20,28.658,28.71,28.501,28.597,110860,0
2015-02-23,28.519,29.053,28.519,29.009,152719,0
2015-02-24,29.141,29.393,28.335,28.633,126460,0
2015-02-25,28.764,29.026,28.59,28.677,86248,0
2015-02-26,28.685,28.773,28.178,28.361,72769,0
2015-02-27,28.247,28.817,28.082,28.738,85441,0
2015-03-02,28.597,29.202,28.597,28.914,106472,0
2015-03-03,29.001,29.481,28.615,29.105,117324,0
2015-03-04,29.192,29.271,28.677,28.71,56207,0
2015-03-05,28.852,29.151,28.773,28.939,74827,0
2015-03-06,28.685,28.702,27.617,27.713,139373,0
2015-03-09,27.854,28.098,27.801,27.854,72770,0
2015-03-10,27.703,28.028,27.414,27.871,90249,0
2015-03-11,27.801,28.011,27.703,27.916,87166,0
2015-03-12,27.925,28.658,27.925,28.615,74257,0
2015-03-13,28.624,28.667,28.275,28.459,53350,0
2015-03-16,28.537,28.914,28.45,28.581,77912,0
2015-03-17,28.643,28.643,28.203,28.546,101218,0
2015-03-18,28.553,29.325,28.291,29.263,76428,0
2015-03-19,29.113,29.543,29.017,29.325,84652,0
2015-03-20,29.455,30.07,29.289,29.91,292911,0
2015-03-23,29.982,30.288,29.788,30.0,77682,0
2015-03-24,30.261,30.463,29.798,30.165,150911,0
2015-03-25,30.331,30.463,28.966,29.07,228709,0
2015-03-26,29.009,29.229,28.808,28.885,67609,0
2015-03-27,29.01,29.224,28.753,28.932,84899,0
2015-03-30,29.108,29.375,28.932,29.348,103891,0
2015-03-31,29.197,29.375,29.019,29.259,78938,0
2015-04-01,29.117,29.57,28.948,29.392,59045,0
2015-04-02,29.375,29.728,29.375,29.489,37635,0
2015-04-06,29.535,29.863,29.454,29.607,44171,0
2015-04-07,29.473,29.473,28.717,28.753,211881,0
2015-04-08,28.879,29.161,28.771,29.019,103103,0
2015-04-09,29.028,29.073,28.265,28.327,67241,0
2015-04-10,28.505,29.09,28.495,28.975,168911,0
2015-04-13,28.993,29.056,28.788,28.788,53637,0
2015-04-14,28.885,29.082,28.692,28.746,80004,0
2015-04-15,28.86,28.86,28.453,28.495,38804,0
2015-04-16,28.398,28.737,28.284,28.576,100686,0
2015-04-17,28.389,28.639,28.185,28.265,84624,0
2015-04-20,28.423,28.495,28.149,28.291,73617,0
2015-04-21,28.318,28.566,28.167,28.3,55438,0
2015-04-22,28.291,28.549,28.106,28.239,61566,0
2015-04-23,28.275,28.291,28.079,28.221,59384,0
2015-04-24,28.221,28.372,28.07,28.086,56839,0
2015-04-27,28.221,28.495,27.891,28.239,62087,0
2015-04-28,28.284,28.346,27.866,28.284,90596,0
2015-04-29,28.079,28.247,27.714,27.785,91274,0
2015-04-30,27.714,27.714,26.998,27.315,118430,0
2015-05-01,27.297,27.626,27.236,27.574,110316,0
2015-05-04,27.671,27.883,27.529,27.626,63665,0
2015-05-05,27.751,27.751,26.925,27.094,75835,0
2015-05-06,27.041,27.192,26.737,27.049,64620,0
2015-05-07,27.086,27.404,26.677,27.306,58559,0
2015-05-08,27.574,27.954,27.333,27.52,176346,0
2015-05-11,27.44,27.663,27.076,27.208,50483,0
2015-05-12,27.059,27.46,26.677,27.361,144813,0
2015-05-13,27.51,27.785,27.006,27.059,58821,0
2015-05-14,27.208,27.565,26.979,27.529,66259,0
2015-05-15,27.539,27.849,27.342,27.645,76844,0
2015-05-18,27.539,27.724,27.323,27.565,57148,0
2015-05-19,27.51,27.68,27.263,27.539,136731,0
2015-05-20,27.608,27.743,27.297,27.484,59833,0
2015-05-21,27.556,27.556,27.041,27.227,159785,0
2015-05-22,27.111,27.404,27.049,27.2,59384,0
2015-05-26,27.129,27.129,26.801,27.006,52460,0
2015-05-27,27.011,27.29,26.891,27.2,68849,0
2015-05-28,27.129,27.227,26.934,27.165,51551,0
2015-05-29,27.094,27.111,26.827,26.899,162826,0
2015-06-01,27.006,27.306,26.819,27.111,98732,0
2015-06-02,27.006,27.156,26.916,27.059,58706,0
2015-06-03,27.076,27.111,26.721,26.81,142541,0
2015-06-04,26.65,26.908,26.482,26.836,87893,0
2015-06-05,26.659,27.021,26.437,26.669,86315,0
2015-06-08,26.641,26.801,26.401,26.58,101078,0
2015-06-09,26.73,26.776,26.18,26.375,59605,0
2015-06-10,26.357,26.783,26.224,26.508,119756,0
2015-06-11,26.669,26.704,26.56,26.65,53716,0
2015-06-12,26.615,26.713,26.482,26.589,45750,0
2015-06-15,26.543,26.589,26.305,26.357,99273,0
2015-06-16,26.357,26.605,26.268,26.598,61299,0
2015-06-17,26.659,26.836,26.517,26.73,82370,0
2015-06-18,26.845,27.342,26.845,27.041,90145,0
2015-06-19,27.129,27.156,26.792,27.021,288580,0
2015-06-22,27.041,27.156,26.881,26.925,165980,0
2015-06-23,26.881,26.908,26.598,26.669,94411,0
2015-06-24,26.713,26.863,26.482,26.543,100963,0
2015-06-25,26.543,26.58,26.25,26.25,100061,0
2015-06-26,26.31,26.787,26.137,26.606,189213,0
2015-06-29,26.508,26.887,26.372,26.418,121558,0
2015-06-30,26.498,26.606,26.192,26.301,129545,0
2015-07-01,26.508,26.679,26.255,26.679,159157,0
2015-07-02,26.823,27.01,26.616,26.688,88727,0
2015-07-06,26.661,26.905,26.643,26.841,133204,0
2015-07-07,26.977,27.301,26.851,27.157,182890,0
2015-07-08,27.058,27.399,27.058,27.186,172577,0
2015-07-09,27.292,27.399,27.068,27.186,99598,0
2015-07-10,27.147,27.796,27.068,27.507,51907,0
2015-07-13,27.589,27.925,27.346,27.581,80411,0
2015-07-14,27.607,27.86,27.563,27.663,102610,0
2015-07-15,27.572,27.949,27.436,27.843,143130,0
2015-07-16,27.986,28.257,27.915,28.05,95384,0
2015-07-17,28.05,28.194,27.905,28.059,82295,0
2015-07-20,28.05,28.05,27.786,27.86,47469,0
2015-07-21,27.877,27.977,27.735,27.834,68432,0
2015-07-22,27.771,28.022,27.771,27.977,41814,0
2015-07-23,27.986,27.986,27.256,27.417,112465,0
2015-07-24,27.318,27.489,27.275,27.399,61667,0
2015-07-27,27.436,27.654,27.31,27.375,55565,0
2015-07-28,27.589,27.589,27.068,27.365,80632,0
2015-07-29,27.408,27.771,27.048,27.589,99266,0
2015-07-30,27.375,27.687,27.375,27.545,99376,0
2015-07-31,27.572,28.094,27.572,27.942,160710,0
2015-08-03,27.87,28.086,27.743,28.05,117918,0
2015-08-04,28.104,28.166,27.626,27.735,57675,0
2015-08-05,27.715,27.86,27.346,27.517,79412,0
2015-08-06,27.507,27.706,27.058,27.498,139867,0
2015-08-07,27.392,27.725,27.138,27.498,79301,0
2015-08-10,27.527,27.581,27.111,27.375,146402,0
2015-08-11,27.228,27.697,27.228,27.572,90304,0
2015-08-12,27.417,27.616,27.228,27.489,98822,0
2015-08-13,27.365,27.607,27.138,27.365,122555,0
2015-08-14,27.246,27.466,26.987,27.337,163040,0
2015-08-17,27.275,27.663,27.275,27.545,76530,0
2015-08-18,27.417,27.687,27.375,27.517,91613,0
2015-08-19,27.481,27.489,27.186,27.337,78857,0
2015-08-20,27.147,27.474,27.03,27.094,100486,0
2015-08-21,26.643,27.068,26.598,26.716,118786,0
2015-08-24,26.039,26.4,25.119,25.57,236555,0
2015-08-25,26.21,26.319,25.156,25.173,159046,0
2015-08-26,25.605,25.723,25.2,25.698,181894,0
2015-08-27,25.932,26.255,25.516,25.976,143409,0
2015-08-28,25.967,26.058,25.741,25.967,76196,0
2015-08-31,25.858,26.03,25.444,25.652,155277,0
2015-09-01,25.291,25.526,25.011,25.119,93610,0
2015-09-02,25.498,25.534,25.2,25.364,72757,0
2015-09-03,25.407,25.589,25.309,25.435,57675,0
2015-09-04,25.192,25.371,25.136,25.208,160821,0
2015-09-08,25.454,25.471,25.2,25.345,96271,0
2015-09-09,25.498,25.526,25.047,25.066,96824,0
2015-09-10,25.019,25.471,25.019,25.208,67912,0
2015-09-11,25.237,25.832,25.192,25.75,70317,0
2015-09-14,25.922,26.048,25.813,25.858,67654,0
2015-09-15,25.967,26.101,25.579,26.039,96271,0
2015-09-16,25.976,26.364,25.967,26.238,80299,0
2015-09-17,26.31,27.04,26.174,26.625,91326,0
2015-09-18,26.335,26.957,26.335,26.481,231692,0
2015-09-21,26.634,27.006,26.606,26.922,88396,0
2015-09-22,26.814,27.006,26.697,26.787,100153,0
2015-09-23,26.957,27.408,26.877,27.246,107765,0
2015-09-24,27.176,27.327,27.058,27.138,78550,0
2015-09-25,27.138,27.572,26.887,27.275,855566,0
2015-09-28,26.72,27.174,26.693,26.921,101159,0
2015-09-29,26.858,27.28,26.821,27.189,84198,0
2015-09-30,27.454,27.454,27.113,27.333,105821,0
2015-10-01,27.296,27.444,26.921,27.289,105494,0
2015-10-02,27.133,27.444,26.729,27.296,117834,0
2015-10-05,27.372,27.8,27.342,27.718,123151,0
2015-10-06,27.655,28.029,27.48,27.646,104947,0
2015-10-07,27.764,28.112,27.563,28.048,130065,0
2015-10-08,28.039,28.322,27.891,28.286,67598,0
2015-10-09,28.294,28.294,28.02,28.093,35820,0
2015-10-12,28.185,28.598,28.185,28.369,47943,0
2015-10-13,28.322,28.514,28.076,28.176,51436,0
2015-10-14,28.112,28.486,27.911,27.93,61591,0
2015-10-15,27.965,28.386,27.8,28.369,98177,0
2015-10-16,28.379,28.697,27.993,28.158,201813,0
2015-10-19,28.185,28.697,28.185,28.671,183363,0
2015-10-20,28.606,28.844,28.47,28.588,78019,0
2015-10-21,28.644,29.056,28.644,28.844,106256,0
2015-10-22,28.981,29.558,28.863,29.54,112374,0
2015-10-23,29.494,29.706,29.138,29.532,93369,0
2015-10-26,29.558,29.63,29.239,29.596,68582,0
2015-10-27,29.76,30.318,29.577,30.181,129081,0
2015-10-28,30.3,31.198,30.136,30.4,206291,0
2015-10-29,30.392,30.4,29.76,29.989,88785,0
2015-10-30,30.126,30.126,29.577,29.65,61810,0
2015-11-02,29.723,30.227,29.596,30.227,79679,0
2015-11-03,30.136,30.218,29.77,30.209,78739,0
2015-11-04,30.191,30.191,29.852,30.191,107556,0
2015-11-05,30.246,30.429,29.981,30.4,78739,0
2015-11-06,30.126,30.126,29.468,29.943,132140,0
2015-11-09,29.815,29.815,29.129,29.44,117732,0
2015-11-10,29.468,30.107,29.468,29.943,139565,0
2015-11-11,30.044,30.218,29.76,29.88,98615,0
2015-11-12,29.806,30.09,29.549,29.697,74153,0
2015-11-13,29.514,29.843,29.448,29.577,91844,0
2015-11-16,29.477,30.007,29.431,29.981,67271,0
2015-11-17,29.89,30.218,29.77,29.981,51655,0
2015-11-18,30.064,30.126,29.723,30.044,88677,0
2015-11-19,30.117,30.264,29.806,30.064,56568,0
2015-11-20,30.199,30.484,30.146,30.365,70766,0
2015-11-23,30.383,30.511,30.156,30.318,60171,0
2015-11-24,30.163,30.53,29.861,30.484,73059,0
2015-11-25,30.457,30.612,30.227,30.539,32326,0
2015-11-27,30.583,30.933,30.583,30.842,36367,0
2015-11-30,30.961,31.116,30.548,30.712,94355,0
2015-12-01,30.776,31.042,30.622,30.977,64293,0
2015-12-02,30.842,31.061,30.583,30.639,103655,0
2015-12-03,30.676,30.702,30.146,30.191,100298,0
2015-12-04,30.283,30.768,30.283,30.558,68800,0
2015-12-07,30.566,30.676,30.237,30.659,88020,0
2015-12-08,29.34,30.283,29.302,29.89,1393984,0
2015-12-09,29.806,30.318,29.778,30.156,199957,0
2015-12-10,30.273,30.474,29.962,30.016,119362,0
2015-12-11,29.77,30.3,29.669,30.156,154526,0
2015-12-14,30.081,30.309,29.714,29.861,172033,0
2015-12-15,30.074,30.338,29.989,30.328,211205,0
2015-12-16,30.603,31.188,30.218,31.097,135416,0
2015-12-17,31.417,31.491,31.006,31.198,146335,0
2015-12-18,31.499,31.639,30.451,30.486,846967,0
2015-12-21,30.739,31.322,30.729,30.979,153494,0
2015-12-22,30.989,31.407,30.969,30.998,110253,0
2015-12-23,30.998,31.258,30.896,31.231,82564,0
2015-12-24,31.322,31.453,31.1,31.267,45310,0
2015-12-28,31.267,31.667,31.1,31.583,148613,0
2015-12-29,31.703,32.02,31.703,32.002,152565,0
2015-12-30,31.936,32.13,31.777,31.825,73222,0
2015-12-31,31.972,32.03,31.499,31.555,112904,0
2016-01-04,31.398,31.676,30.7,30.942,147159,0
2016-01-05,30.962,31.861,30.925,31.723,102711,0
2016-01-06,31.49,31.972,31.419,31.899,115767,0
2016-01-07,31.667,31.936,31.296,31.315,103152,0
2016-01-08,31.481,31.621,30.486,30.534,158657,0
2016-01-11,30.544,31.017,30.544,30.767,102940,0
2016-01-12,30.942,30.942,30.218,30.58,123838,0
2016-01-13,30.563,30.905,29.876,30.163,103627,0
2016-01-14,30.238,30.665,29.866,30.451,146231,0
2016-01-15,30.072,30.199,29.476,30.199,160609,0
2016-01-19,30.274,30.803,30.274,30.729,163835,0
2016-01-20,30.673,31.147,29.894,30.793,303773,0
2016-01-21,30.905,31.286,30.292,30.673,253066,0
2016-01-22,30.859,32.03,30.859,32.002,237331,0
2016-01-25,31.982,32.335,31.555,32.01,166946,0
2016-01-26,32.065,32.669,31.844,32.521,257016,0
2016-01-27,32.512,32.688,32.03,32.27,148289,0
2016-01-28,32.418,32.986,32.39,32.8,179141,0
2016-01-29,33.004,34.331,32.921,34.275,309484,0
2016-02-01,34.146,34.721,33.885,34.489,161363,0
2016-02-02,34.248,34.777,33.755,34.693,161084,0
2016-02-03,35.122,35.435,34.449,35.046,291304,0
2016-02-04,34.98,35.288,34.544,35.009,161567,0
2016-02-05,34.814,34.814,34.23,34.248,229152,0
2016-02-08,34.127,34.127,33.245,33.782,238215,0
2016-02-09,33.485,34.016,33.207,33.544,142291,0
2016-02-10,33.681,34.238,33.468,33.485,194403,0
2016-02-11,33.134,34.006,33.134,33.885,162447,0
2016-02-12,34.182,34.424,33.226,34.044,183958,0
2016-02-16,34.396,34.768,34.132,34.563,189463,0
2016-02-17,34.731,35.019,34.071,34.322,148076,0
2016-02-18,34.265,34.795,34.089,34.711,133013,0
2016-02-19,34.656,35.037,34.565,34.702,124580,0
2016-02-22,34.944,35.253,34.47,34.656,151423,0
2016-02-23,34.61,34.99,34.61,34.656,89613,0
2016-02-24,34.443,34.642,34.127,34.582,110836,0
2016-02-25,34.647,34.995,34.618,34.74,107724,0
2016-02-26,34.74,35.037,34.248,34.358,123215,0
2016-02-29,34.322,34.98,34.256,34.396,120796,0
2016-03-01,34.591,34.953,34.582,34.878,89742,0
2016-03-02,34.824,35.012,34.628,35.009,139013,0
2016-03-03,35.082,35.136,34.824,34.927,228434,0
2016-03-04,34.843,34.918,33.468,33.765,325059,0
2016-03-07,33.748,34.016,33.367,34.006,161639,0
2016-03-08,34.006,34.48,33.866,34.358,155782,0
2016-03-09,34.48,35.019,34.48,34.675,116790,0
2016-03-10,34.897,34.971,33.941,34.47,130961,0
2016-03-11,34.517,35.092,34.517,35.028,117340,0
2016-03-14,35.019,35.019,34.711,34.87,158936,0
2016-03-15,34.675,35.325,34.666,35.14,176998,0
2016-03-16,35.14,35.603,34.907,35.51,166246,0
2016-03-17,35.538,36.207,35.444,35.947,203402,0
2016-03-18,36.133,36.133,35.576,35.779,403601,0
2016-03-21,35.807,36.077,35.528,35.621,156440,0
2016-03-22,35.576,35.716,35.195,35.278,158632,0
2016-03-23,35.278,35.483,35.122,35.233,131555,0
2016-03-24,35.248,36.104,35.165,35.928,225253,0
2016-03-28,35.938,36.151,35.409,35.733,111838,0
2016-03-29,35.841,36.731,35.812,36.659,159092,0
2016-03-30,36.686,36.686,36.292,36.424,205502,0
2016-03-31,36.424,36.452,36.03,36.151,265703,0
2016-04-01,36.01,36.424,36.01,36.17,202369,0
2016-04-04,36.254,36.424,35.992,36.17,199740,0
2016-04-05,36.057,36.462,35.945,36.264,120315,0
2016-04-06,36.18,36.264,35.926,36.104,116870,0
2016-04-07,35.897,36.066,35.71,35.954,160899,0
2016-04-08,36.227,36.386,36.047,36.358,96025,0
2016-04-11,36.462,36.744,36.302,36.302,94586,0
2016-04-12,36.302,36.686,36.236,36.489,85866,0
2016-04-13,36.65,36.771,36.213,36.771,133826,0
2016-04-14,36.829,36.865,36.593,36.856,100628,0
2016-04-15,37.129,37.246,36.79,37.175,115767,0
2016-04-18,37.195,37.457,37.17,37.43,85130,0
2016-04-19,37.392,37.645,37.33,37.635,94210,0
2016-04-20,37.702,37.777,36.696,36.78,124435,0
2016-04-21,37.062,37.486,36.452,36.574,308404,0
2016-04-22,36.809,37.249,36.78,37.007,122258,0
2016-04-25,37.007,37.401,36.846,37.335,99334,0
2016-04-26,37.204,38.313,37.044,38.153,237581,0
2016-04-27,38.153,38.219,36.65,37.599,240205,0
2016-04-28,37.401,37.805,37.204,37.327,121532,0
2016-04-29,37.269,37.411,36.264,36.442,167552,0
2016-05-02,36.442,37.175,36.442,37.101,99085,0
2016-05-03,37.165,37.721,37.081,37.683,99243,0
2016-05-04,37.589,39.046,37.438,38.962,187788,0
2016-05-05,37.956,40.38,37.956,40.296,2862399,0
2016-05-06,40.37,40.474,39.834,40.474,411117,0
2016-05-09,40.39,40.821,40.286,40.736,266058,0
2016-05-10,40.736,40.898,40.182,40.521,152996,0
2016-05-11,40.568,40.568,39.374,39.75,260368,0
2016-05-12,39.685,40.276,39.314,40.108,194939,0
2016-05-13,40.136,40.136,39.422,40.126,191367,0
2016-05-16,40.07,40.766,39.863,40.539,169696,0
2016-05-17,40.417,40.417,39.121,39.543,203794,0
2016-05-18,39.477,39.656,38.398,38.809,130757,0
2016-05-19,38.492,38.527,38.072,38.359,185058,0
2016-05-20,38.492,38.828,38.294,38.784,118334,0
2016-05-23,38.802,39.393,38.699,39.279,246427,0
2016-05-24,39.309,39.61,39.046,39.422,178965,0
2016-05-25,39.422,39.721,38.68,39.279,174806,0
2016-05-26,39.271,39.844,38.898,39.517,97313,0
2016-05-27,39.347,39.745,39.261,39.741,186799,0
2016-05-31,39.825,40.07,39.534,40.004,527054,0
2016-06-01,39.808,40.286,39.769,40.22,160924,0
2016-06-02,40.042,40.182,39.431,40.174,174194,0
2016-06-03,40.39,40.85,40.352,40.84,109883,0
2016-06-06,41.018,41.095,40.352,40.672,114568,0
2016-06-07,40.69,41.593,40.587,41.066,158551,0
2016-06-08,40.924,41.489,40.924,41.442,109421,0
2016-06-09,41.526,41.911,41.348,41.865,243694,0
2016-06-10,41.733,41.894,41.386,41.573,101583,0
2016-06-13,41.714,42.033,41.536,41.611,109659,0
2016-06-14,41.536,41.894,41.404,41.818,122465,0
2016-06-15,41.855,42.503,41.602,42.287,206559,0
2016-06-16,42.287,42.439,42.013,42.371,105166,0
2016-06-17,42.371,42.371,41.573,41.939,401953,0
2016-06-20,41.939,42.439,41.939,42.013,164282,0
2016-06-21,42.127,42.781,42.013,42.543,223026,0
2016-06-22,42.627,42.627,42.063,42.484,164750,0
2016-06-23,42.429,42.841,42.147,42.251,117168,0
2016-06-24,41.056,42.855,40.502,42.766,312536,0
2016-06-27,42.711,44.083,42.38,43.876,479936,0
2016-06-28,44.625,44.675,43.686,44.53,329540,0
2016-06-29,44.701,45.471,44.684,45.319,219756,0
2016-06-30,45.508,45.85,44.986,45.803,308179,0
2016-07-01,45.955,46.382,45.888,46.239,184695,0
2016-07-05,46.249,47.057,46.249,46.819,235167,0
2016-07-06,46.972,47.052,46.211,46.401,190737,0
2016-07-07,46.581,46.819,46.069,46.354,229679,0
2016-07-08,46.469,46.952,46.211,46.753,208509,0
2016-07-11,46.629,47.446,46.116,47.284,134203,0
2016-07-12,47.171,47.171,46.61,47.028,197845,0
2016-07-13,47.038,47.446,46.913,47.36,178092,0
2016-07-14,47.711,47.711,46.677,46.696,362490,0
2016-07-15,46.848,46.848,45.918,46.601,348456,0
2016-07-18,46.554,47.151,46.554,46.838,101811,0
2016-07-19,47.075,47.085,46.567,47.066,146618,0
2016-07-20,47.028,47.085,46.554,46.781,86970,0
2016-07-21,46.686,46.952,46.28,46.781,95324,0
2016-07-22,46.705,47.706,46.705,47.379,137735,0
2016-07-25,47.607,47.788,47.028,47.455,173510,0
2016-07-26,47.379,48.175,46.629,46.819,153713,0
2016-07-27,47.018,47.075,45.481,46.913,181702,0
2016-07-28,46.857,47.874,46.824,47.702,233182,0
2016-07-29,47.512,48.737,47.512,48.16,223447,0
2016-08-01,48.15,48.406,47.574,48.235,144129,0
2016-08-02,48.14,48.425,47.501,47.693,114103,0
2016-08-03,47.598,47.635,46.61,46.867,149512,0
2016-08-04,46.867,47.0,46.524,46.753,114818,0
2016-08-05,46.772,46.905,46.288,46.743,90859,0
2016-08-08,46.905,47.057,46.069,46.116,265434,0
2016-08-09,45.86,46.581,45.1,46.496,206681,0
2016-08-10,46.648,46.715,46.421,46.573,125965,0
2016-08-11,46.554,46.581,45.623,45.793,111431,0
2016-08-12,45.793,46.478,45.793,45.974,59919,0
2016-08-15,45.879,46.198,45.718,45.755,64761,0
2016-08-16,45.68,46.022,45.073,45.413,113405,0
2016-08-17,45.584,45.584,44.978,45.508,139790,0
2016-08-18,45.518,46.259,45.518,46.003,168481,0
2016-08-19,45.823,45.837,44.89,45.376,152657,0
2016-08-22,45.481,45.86,45.367,45.775,97423,0
2016-08-23,46.003,46.098,45.576,45.803,79963,0
2016-08-24,45.803,45.803,45.081,45.376,154529,0
2016-08-25,45.319,46.116,45.319,45.623,197231,0
2016-08-26,45.652,46.098,44.909,45.005,173454,0
2016-08-29,45.13,45.993,45.13,45.508,96660,0
2016-08-30,45.576,45.576,44.953,45.489,76880,0
2016-08-31,45.358,45.661,45.063,45.566,135466,0
2016-09-01,45.433,45.652,45.04,45.271,128227,0
2016-09-02,45.443,46.439,45.443,45.908,274130,0
2016-09-06,45.993,46.249,45.538,46.136,100798,0
2016-09-07,46.041,46.477,45.983,46.421,132119,0
2016-09-08,46.031,46.391,45.842,46.126,114844,0
2016-09-09,45.623,45.633,44.655,44.684,207236,0
2016-09-12,44.511,45.803,44.19,45.385,224156,0
2016-09-13,45.09,45.11,43.42,43.695,316432,0
2016-09-14,43.686,44.222,43.391,43.733,176659,0
2016-09-15,43.495,44.151,43.383,43.781,97284,0
2016-09-16,43.525,44.151,43.525,44.065,341737,0
2016-09-19,43.99,44.92,43.99,44.89,111499,0
2016-09-20,45.176,45.547,45.11,45.281,270140,0
2016-09-21,45.423,45.85,44.455,45.737,152023,0
2016-09-22,46.079,47.0,46.079,46.79,191169,0
2016-09-23,46.61,47.323,46.05,47.133,176560,0
2016-09-26,47.008,48.1,46.734,47.779,386252,0
2016-09-27,47.891,48.15,47.655,47.72,204189,0
2016-09-28,47.501,48.258,47.079,48.19,199666,0
2016-09-29,47.998,48.038,46.973,47.615,276936,0
2016-09-30,47.693,47.893,47.021,47.395,465453,0
2016-10-03,47.203,47.203,46.146,46.388,242087,0
2016-10-04,46.36,46.36,45.066,45.392,212670,0
2016-10-05,45.363,45.669,43.311,43.561,309014,0
2016-10-06,43.436,44.049,42.678,43.733,311698,0
2016-10-07,43.886,44.482,43.301,43.839,188736,0
2016-10-10,43.849,44.548,43.849,44.386,103017,0
2016-10-11,44.327,44.404,43.925,44.336,274809,0
2016-10-12,44.578,44.998,44.462,44.979,314234,0
2016-10-13,45.363,46.427,44.769,45.152,419505,0
2016-10-14,45.19,45.324,44.422,44.883,300558,0
2016-10-17,45.084,45.861,44.922,45.43,170176,0
2016-10-18,45.641,45.843,45.382,45.622,185598,0
2016-10-19,45.641,46.13,45.43,45.966,146830,0
2016-10-20,45.843,46.293,45.612,46.168,198431,0
2016-10-21,45.755,46.235,45.755,45.976,130747,0
2016-10-24,46.216,46.644,45.976,46.235,88689,0
2016-10-25,45.986,46.858,45.44,46.542,186150,0
2016-10-26,46.302,47.405,46.302,47.213,1479254,0
2016-10-27,46.983,47.376,45.195,45.44,670549,0
2016-10-28,45.632,45.718,44.836,45.19,613948,0
2016-10-31,45.43,46.427,45.301,46.35,481248,0
2016-11-01,46.36,46.521,44.874,44.912,447752,0
2016-11-02,44.902,45.094,44.327,44.336,349464,0
2016-11-03,44.29,44.465,43.829,44.164,287381,0
2016-11-04,44.528,44.528,43.695,43.973,355503,0
2016-11-07,44.5,45.008,44.222,44.97,234801,0
2016-11-08,44.902,45.382,44.902,45.114,164923,0
2016-11-09,44.24,44.806,43.311,43.849,283236,0
2016-11-10,43.896,43.896,40.628,40.684,646514,0
2016-11-11,40.752,41.768,40.684,41.432,429013,0
2016-11-14,41.25,41.462,39.314,40.78,675814,0
2016-11-15,40.953,41.5,40.656,40.934,393561,0
2016-11-16,40.934,41.442,40.541,41.375,296990,0
2016-11-17,41.662,42.359,41.112,41.231,210345,0
2016-11-18,41.375,41.95,41.164,41.788,347356,0
2016-11-21,42.084,42.334,41.299,41.413,146537,0
2016-11-22,41.662,42.71,41.462,42.476,180626,0
2016-11-23,42.046,42.44,41.73,42.363,117419,0
2016-11-25,42.506,42.909,42.371,42.708,48238,0
2016-11-28,42.641,43.139,42.641,43.111,160547,0
2016-11-29,43.052,43.849,42.937,43.589,186032,0
2016-11-30,43.235,43.407,42.486,43.033,237068,0
2016-12-01,42.659,43.139,41.902,42.172,235465,0
2016-12-02,43.293,43.618,42.218,42.794,206774,0
2016-12-05,42.678,42.764,42.349,42.506,191657,0
2016-12-06,42.526,43.158,42.506,42.784,160844,0
2016-12-07,43.101,43.992,43.101,43.407,247643,0
2016-12-08,42.956,43.062,42.324,43.033,274126,0
2016-12-09,42.995,44.154,42.995,43.705,158975,0
2016-12-12,43.484,43.935,43.148,43.886,155437,0
2016-12-13,44.088,44.26,43.436,43.829,197668,0
2016-12-14,43.849,44.002,42.103,42.172,263326,0
2016-12-15,42.084,42.486,41.336,41.509,198046,0
2016-12-16,41.854,42.823,41.854,42.774,913635,0
2016-12-19,43.033,44.213,42.804,44.154,235725,0
2016-12-20,43.714,44.509,43.714,44.108,258574,0
2016-12-21,44.006,44.538,43.404,43.414,227824,0
2016-12-22,43.018,43.307,42.523,43.279,167597,0
2016-12-23,43.482,43.685,43.24,43.376,140679,0
2016-12-27,43.162,43.724,42.958,43.23,185134,0
2016-12-28,43.327,43.327,42.339,42.58,127263,0
2016-12-29,42.727,43.695,42.621,43.695,230252,0
2016-12-30,43.821,44.752,43.821,44.625,160127,0
2017-01-03,44.859,44.975,44.122,44.781,186512,0
2017-01-04,45.013,45.962,44.891,45.788,196635,0
2017-01-05,44.093,45.764,43.366,45.614,278126,0
2017-01-06,45.072,45.711,44.849,44.975,229053,0
2017-01-09,45.043,45.333,44.499,44.509,197651,0
2017-01-10,44.384,44.762,43.996,44.297,347794,0
2017-01-11,44.334,44.684,43.855,44.394,140152,0
2017-01-12,44.635,44.635,43.826,44.491,173732,0
2017-01-13,44.384,44.665,44.18,44.374,104267,0
2017-01-17,44.441,45.052,44.267,44.702,176001,0
2017-01-18,44.587,45.169,44.461,44.762,284787,0
2017-01-19,44.481,44.57,43.744,43.831,151852,0
2017-01-20,43.705,44.606,43.56,44.568,174621,0
2017-01-23,44.568,45.304,44.518,45.246,107545,0
2017-01-24,45.11,45.585,45.11,45.478,154774,0
2017-01-25,45.468,45.643,44.916,45.139,233558,0
2017-01-26,44.878,45.187,44.655,45.159,235640,0
2017-01-27,45.333,45.333,44.471,44.859,223362,0
2017-01-30,44.742,45.172,44.334,44.896,203668,0
2017-01-31,44.829,45.798,44.829,45.45,213466,0
2017-02-01,45.197,46.021,44.518,44.878,165640,0
2017-02-02,45.13,45.634,45.052,45.246,125908,0
2017-02-03,45.604,45.856,45.304,45.42,123945,0
2017-02-06,45.459,45.759,45.236,45.42,117016,0
2017-02-07,45.537,45.691,45.197,45.284,134557,0
2017-02-08,45.585,45.962,45.256,45.624,117680,0
2017-02-09,45.45,46.302,45.1,46.05,127950,0
2017-02-10,45.778,46.68,45.756,46.564,108446,0
2017-02-13,46.728,46.903,46.191,46.67,126401,0
2017-02-14,46.467,46.574,45.74,46.273,133061,0
2017-02-15,45.875,46.574,45.532,46.389,189367,0
2017-02-16,46.506,46.947,46.331,46.612,293768,0
2017-02-17,46.815,47.242,46.534,47.174,488573,0
2017-02-21,47.155,48.181,47.019,47.987,324478,0
2017-02-22,47.92,48.347,46.564,47.397,299675,0
2017-02-23,47.669,47.669,46.758,47.116,144361,0
2017-02-24,47.445,49.393,47.213,49.171,278369,0
2017-02-27,48.599,49.52,48.492,48.532,241456,0
2017-02-28,48.609,48.609,47.915,48.094,314303,0
2017-03-01,47.91,48.356,47.039,47.619,256637,0
2017-03-02,47.445,47.596,47.039,47.174,172292,0
2017-03-03,47.271,47.348,46.099,47.329,193589,0
2017-03-06,46.98,46.98,46.031,46.806,148079,0
2017-03-07,46.651,46.922,46.419,46.641,85792,0
2017-03-08,46.293,46.704,45.197,45.284,191950,0
2017-03-09,45.284,45.924,44.645,44.809,152376,0
2017-03-10,45.169,45.507,44.625,44.975,109853,0
2017-03-13,44.983,45.556,44.906,45.265,148630,0
2017-03-14,45.023,45.381,44.878,45.236,82910,0
2017-03-15,45.42,46.409,45.323,46.138,197065,0
2017-03-16,46.108,46.544,45.982,46.273,103316,0
2017-03-17,46.263,46.825,46.089,46.728,244791,0
2017-03-20,46.718,46.903,46.389,46.641,133978,0
2017-03-21,46.815,46.855,46.283,46.38,131384,0
2017-03-22,46.467,46.815,45.294,45.847,423870,0
2017-03-23,45.759,46.922,45.759,46.515,334434,0
2017-03-24,46.544,46.825,46.293,46.651,246070,0
2017-03-27,46.409,47.126,46.002,46.293,273363,0
2017-03-28,46.234,46.409,45.778,46.34,132489,0
2017-03-29,46.307,46.669,46.199,46.639,117858,0
2017-03-30,46.629,46.904,46.365,46.865,71991,0
2017-03-31,46.835,47.267,46.718,46.963,150845,0
2017-04-03,46.933,47.056,46.503,46.825,127876,0
2017-04-04,46.855,47.54,46.825,47.1,172914,0
2017-04-05,47.227,47.266,46.629,46.787,207181,0
2017-04-06,46.767,47.638,46.767,47.482,150946,0
2017-04-07,47.589,47.804,47.344,47.618,86101,0
2017-04-10,47.658,48.02,47.53,47.883,54538,0
2017-04-11,47.892,48.843,47.892,48.735,158480,0
2017-04-12,48.627,48.794,48.432,48.745,173241,0
2017-04-13,48.676,49.215,48.637,49.078,117998,0
2017-04-17,49.254,49.793,49.254,49.577,136192,0
2017-04-18,49.665,49.783,49.489,49.626,129798,0
2017-04-19,49.547,49.939,49.421,49.881,236950,0
2017-04-20,49.939,50.067,49.416,50.037,142754,0
2017-04-21,50.037,50.125,49.67,50.017,146142,0
2017-04-24,50.263,50.263,48.206,48.98,231564,0
2017-04-25,49.587,50.429,49.019,49.342,210866,0
2017-04-26,49.244,49.342,48.432,48.96,213459,0
2017-04-27,48.862,49.087,48.353,48.49,180186,0
2017-04-28,48.392,48.392,47.452,47.472,168266,0
2017-05-01,47.658,47.678,47.08,47.432,244818,0
2017-05-02,47.472,47.706,47.129,47.442,178032,0
2017-05-03,47.335,47.335,45.905,46.561,219736,0
2017-05-04,46.219,46.483,43.359,44.3,556570,0
2017-05-05,45.455,45.592,44.564,45.063,419478,0
2017-05-08,45.063,45.298,44.476,45.044,226296,0
2017-05-09,45.063,45.21,44.378,44.886,186689,0
2017-05-10,44.798,45.885,44.688,44.994,258566,0
2017-05-11,44.672,44.848,44.123,44.24,211740,0
2017-05-12,44.22,44.504,44.012,44.23,203620,0
2017-05-15,44.416,44.955,44.27,44.406,86040,0
2017-05-16,44.466,44.466,43.594,43.898,212251,0
2017-05-17,44.025,44.769,43.917,44.3,448444,0
2017-05-18,44.358,44.554,43.908,44.338,190957,0
2017-05-19,44.318,44.514,44.074,44.162,261344,0
2017-05-22,44.406,44.788,44.27,44.476,229203,0
2017-05-23,44.642,45.18,44.466,44.906,173247,0
2017-05-24,44.994,45.268,44.71,44.848,232026,0
2017-05-25,44.994,45.288,44.848,45.122,194916,0
2017-05-26,45.249,45.327,44.818,45.053,110971,0
2017-05-30,45.014,45.082,44.564,44.672,126568,0
2017-05-31,44.642,44.818,44.23,44.584,220707,0
2017-06-01,44.486,45.464,44.24,45.455,194573,0
2017-06-02,45.729,46.257,45.572,45.67,173086,0
2017-06-05,45.386,47.521,45.21,45.582,269481,0
2017-06-06,45.592,45.778,45.396,45.513,167354,0
2017-06-07,45.592,45.905,45.494,45.895,89200,0
2017-06-08,46.061,46.121,45.67,45.885,142425,0
2017-06-09,45.837,46.561,45.651,46.522,208915,0
2017-06-12,46.463,46.982,46.463,46.669,107855,0
2017-06-13,46.101,47.109,45.875,46.796,1486501,0
2017-06-14,47.247,47.942,47.011,47.344,539246,0
2017-06-15,46.894,47.53,46.629,47.198,357989,0
2017-06-16,46.875,47.344,46.865,47.08,398282,0
2017-06-19,47.031,47.158,46.708,46.865,322642,0
2017-06-20,46.757,47.198,46.698,46.845,418950,0
2017-06-21,46.698,46.953,46.424,46.571,258762,0
2017-06-22,46.659,46.659,46.056,46.159,179020,0
2017-06-23,46.159,46.424,45.787,46.257,805595,0
2017-06-26,46.415,46.923,46.189,46.385,450648,0
2017-06-27,46.121,46.963,46.121,46.375,397915,0
2017-06-28,46.38,46.835,46.301,46.469,227949,0
2017-06-29,46.281,46.34,45.48,45.628,199502,0
2017-06-30,45.786,46.024,45.054,45.4,277181,0
2017-07-03,45.618,45.747,44.806,45.281,214868,0
2017-07-05,45.281,45.4,44.895,45.153,336304,0
2017-07-06,44.876,45.836,44.598,45.311,552807,0
2017-07-07,45.539,45.885,45.361,45.796,203123,0
2017-07-10,45.806,46.014,45.133,45.153,182596,0
2017-07-11,45.301,45.356,44.608,45.202,215472,0
2017-07-12,45.717,46.489,45.529,46.232,200995,0
2017-07-13,46.222,46.343,45.529,45.677,170009,0
2017-07-14,45.855,46.657,45.855,46.4,150311,0
2017-07-17,46.4,47.093,46.172,46.667,303055,0
2017-07-18,47.261,47.261,46.598,46.914,203909,0
2017-07-19,47.004,47.151,46.825,46.974,154891,0
2017-07-20,47.172,47.261,46.717,46.766,162148,0
2017-07-21,47.489,47.489,46.474,46.766,167610,0
2017-07-24,46.895,46.895,46.34,46.499,211974,0
2017-07-25,46.924,47.657,46.024,47.291,445584,0
2017-07-26,47.419,48.583,47.32,48.439,368427,0
2017-07-27,48.261,48.795,48.053,48.538,274360,0
2017-07-28,48.538,49.033,48.369,48.666,228916,0
2017-07-31,48.666,48.764,48.251,48.666,150457,0
2017-08-01,48.914,49.27,48.607,48.805,179996,0
2017-08-02,48.696,48.726,48.191,48.508,147973,0
2017-08-03,48.439,49.211,48.429,49.062,362501,0
2017-08-04,48.934,49.666,48.597,49.161,217848,0
2017-08-07,49.32,49.32,48.647,48.904,122809,0
2017-08-08,48.765,49.191,48.765,49.082,172598,0
2017-08-09,49.141,49.249,48.647,48.825,108376,0
2017-08-10,48.835,49.062,48.498,48.656,91263,0
2017-08-11,48.29,48.3,47.657,48.013,143914,0
2017-08-14,48.181,48.904,48.063,48.726,125046,0
2017-08-15,48.518,48.528,47.578,48.32,160641,0
2017-08-16,48.389,48.904,48.122,48.528,193924,0
2017-08-17,48.449,48.934,48.28,48.3,106105,0
2017-08-18,48.023,48.468,47.692,48.33,152476,0
2017-08-21,48.29,49.478,48.29,49.151,197593,0
2017-08-22,49.26,49.409,48.528,48.894,94883,0
2017-08-23,48.775,49.211,48.548,49.122,79479,0
2017-08-24,49.25,49.537,48.884,48.904,132290,0
2017-08-25,49.092,49.092,48.499,48.874,106570,0
2017-08-28,48.835,49.023,48.27,48.449,136555,0
2017-08-29,48.32,48.805,48.32,48.538,109426,0
2017-08-30,48.439,48.577,48.112,48.478,101876,0
2017-08-31,48.528,49.745,48.498,49.607,413924,0
2017-09-01,49.607,49.864,49.428,49.745,108302,0
2017-09-05,49.884,50.29,49.597,49.725,150043,0
2017-09-06,49.775,50.131,49.567,49.616,143650,0
2017-09-07,49.884,50.072,49.597,49.963,110485,0
2017-09-08,49.775,50.121,49.632,49.983,164410,0
2017-09-11,49.923,50.329,49.775,50.072,129224,0
2017-09-12,49.933,50.151,49.616,49.696,290912,0
2017-09-13,49.706,49.933,49.468,49.636,112350,0
2017-09-14,49.488,50.448,49.468,50.369,136453,0
2017-09-15,50.507,50.547,49.775,50.497,433397,0
2017-09-18,50.487,50.755,50.339,50.418,268385,0
2017-09-19,50.438,50.685,50.052,50.25,133506,0
2017-09-20,50.23,50.389,49.428,49.715,153856,0
2017-09-21,49.666,50.111,49.537,49.557,178960,0
2017-09-22,49.656,49.904,49.132,49.211,97230,0
2017-09-25,49.112,49.824,48.875,49.438,128350,0
2017-09-26,49.527,49.636,49.24,49.26,109200,0
2017-09-27,49.013,49.013,46.046,48.795,245313,0
2017-09-28,48.71,49.41,48.47,49.38,121260,0
2017-09-29,49.39,49.63,48.92,49.08,127964,0
2017-10-02,49.17,49.88,49.11,49.7,136169,0
2017-10-03,49.81,49.87,49.18,49.63,132536,0
2017-10-04,49.65,49.65,49.07,49.4,225264,0
2017-10-05,49.4,49.74,49.06,49.32,97695,0
2017-10-06,48.91,49.07,48.26,49.02,178060,0
2017-10-09,48.92,49.45,48.92,49.34,105060,0
2017-10-10,49.51,49.88,49.28,49.56,71549,0
2017-10-11,49.65,50.05,49.35,49.4,140776,0
2017-10-12,49.3,49.57,49.19,49.4,142836,0
2017-10-13,49.49,49.82,49.4,49.75,140513,0
2017-10-16,49.64,50.21,49.3425,49.92,172584,0
2017-10-17,49.81,50.22,49.2211,50.19,120654,0
2017-10-18,50.14,50.58,49.76,50.35,201290,0
2017-10-19,50.12,50.53,49.98,50.28,139121,0
2017-10-20,50.34,50.34,49.47,49.52,248210,0
2017-10-23,49.59,49.81,48.83,49.06,217592,0
2017-10-24,49.19,49.94,48.26,49.16,230246,0
2017-10-25,49.13,49.26,47.51,47.91,201388,0
2017-10-26,48.21,48.21,46.945,47.12,348739,0
2017-10-27,46.72,47.31,46.43,47.2,418986,0
2017-10-30,47.15,47.495,47.1,47.26,165780,0
2017-10-31,47.41,47.43,46.94,47.29,136709,0
2017-11-01,47.55,47.8,47.235,47.58,127534,0
2017-11-02,47.61,48.52,47.49,48.17,188277,0
2017-11-03,48.07,48.4,47.81,48.01,100444,0
2017-11-06,48.07,48.45,47.861,48.18,106842,0
2017-11-07,48.09,48.95,48.07,48.72,170994,0
2017-11-08,49.02,49.8,49.02,49.02,176138,0
2017-11-09,48.85,49.37,48.59,48.9,118673,0
2017-11-10,48.66,49.27,48.66,48.67,164368,0
