Date,Open,High,Low,Close,Volume,OpenInt
2014-01-02,39.145,39.208,38.754,38.936,3040480,0
2014-01-03,39.036,39.289,38.837,39.117,2512437,0
2014-01-06,39.326,39.471,39.053,39.199,4618359,0
2014-01-07,39.28,39.28,38.41,38.81,5001105,0
2014-01-08,38.728,38.828,38.229,38.367,4926816,0
2014-01-09,38.503,38.548,37.731,38.185,4907010,0
2014-01-10,38.41,38.548,37.977,38.022,6113859,0
2014-01-13,38.049,38.129,37.532,37.612,7031899,0
2014-01-14,37.793,38.392,37.65,38.338,8053429,0
2014-01-15,38.428,38.782,38.129,38.447,5140733,0
2014-01-16,38.503,38.609,37.333,37.361,7877034,0
2014-01-17,37.405,37.524,37.079,37.144,7361341,0
2014-01-21,37.387,37.578,37.144,37.47,4647308,0
2014-01-22,37.596,38.357,37.532,38.265,5722905,0
2014-01-23,37.958,38.049,36.971,36.988,6094217,0
2014-01-24,36.77,36.988,35.803,35.84,6355382,0
2014-01-27,36.118,36.382,35.577,35.648,6255687,0
2014-01-28,35.747,36.355,35.712,36.291,4523618,0
2014-01-29,35.883,36.093,35.286,35.523,5786444,0
2014-01-30,35.857,35.947,35.475,35.785,4402108,0
2014-01-31,35.403,35.985,35.34,35.757,4785222,0
2014-02-03,35.577,36.065,35.113,35.24,8698602,0
2014-02-04,36.055,36.084,34.472,34.626,8104888,0
2014-02-05,35.094,35.17,34.343,35.015,9715079,0
2014-02-06,35.162,35.56,35.085,35.422,6358648,0
2014-02-07,35.864,36.21,35.458,36.127,7302572,0
2014-02-10,36.055,36.455,35.785,36.329,7503295,0
2014-02-11,36.337,36.728,36.01,36.709,7188668,0
2014-02-12,36.619,36.98,36.483,36.815,7767869,0
2014-02-13,36.68,37.042,36.426,36.835,3390587,0
2014-02-14,36.872,37.109,36.69,36.935,4186182,0
2014-02-18,37.043,37.272,36.872,36.926,4715414,0
2014-02-19,36.897,36.926,36.343,36.395,4883584,0
2014-02-20,36.395,36.678,36.317,36.551,4071690,0
2014-02-21,36.541,36.599,36.241,36.433,4302240,0
2014-02-24,36.532,37.052,36.433,36.589,3840577,0
2014-02-25,36.668,37.127,36.581,36.797,4098594,0
2014-02-26,36.89,37.052,36.698,36.797,2908081,0
2014-02-27,36.736,36.935,36.25,36.343,5597983,0
2014-02-28,36.351,37.17,36.326,36.988,4807317,0
2014-03-03,36.571,36.617,36.014,36.335,5511818,0
2014-03-04,36.745,37.289,36.708,37.08,4024195,0
2014-03-05,37.043,37.245,36.779,37.052,3063116,0
2014-03-06,37.08,37.444,36.988,37.298,4220885,0
2014-03-07,37.481,37.847,37.344,37.655,3302072,0
2014-03-10,37.909,38.675,37.909,38.675,6251097,0
2014-03-11,38.738,38.966,38.557,38.675,4674261,0
2014-03-12,38.391,39.34,38.347,39.111,6020758,0
2014-03-13,39.203,39.366,38.61,38.629,4372777,0
2014-03-14,38.503,38.913,38.438,38.73,4162598,0
2014-03-17,38.974,39.249,38.666,38.775,4821241,0
2014-03-18,38.893,39.175,38.73,39.111,2417147,0
2014-03-19,39.111,39.376,38.548,38.865,3857317,0
2014-03-20,38.765,38.983,38.521,38.903,2667562,0
2014-03-21,39.249,39.257,38.657,38.875,9183258,0
2014-03-24,39.012,39.167,38.428,38.539,2839279,0
2014-03-25,38.756,38.847,38.464,38.638,3957770,0
2014-03-26,38.702,39.223,38.657,38.903,4290920,0
2014-03-27,38.993,39.322,38.821,39.266,3571586,0
2014-03-28,39.432,39.725,39.121,39.366,3044001,0
2014-03-31,39.394,39.695,39.24,39.53,3616613,0
2014-04-01,39.56,39.851,39.376,39.57,3308470,0
2014-04-02,38.83,39.647,38.01,39.57,3599252,0
2014-04-03,39.605,39.705,39.02,39.312,4578746,0
2014-04-04,39.715,39.776,39.203,39.223,4847106,0
2014-04-07,39.203,39.861,39.194,39.725,4694492,0
2014-04-08,39.666,39.902,39.332,39.656,4570753,0
2014-04-09,39.685,40.508,39.502,40.433,5054376,0
2014-04-10,40.498,40.761,40.125,40.243,5691320,0
2014-04-11,40.323,40.498,40.158,40.459,5868468,0
2014-04-14,40.587,40.826,40.414,40.716,4582457,0
2014-04-15,40.733,40.752,39.97,40.332,4831718,0
2014-04-16,40.577,41.016,40.489,41.016,3031277,0
2014-04-17,40.869,41.306,40.816,41.036,4522133,0
2014-04-21,41.016,41.363,40.833,40.899,2438250,0
2014-04-22,40.86,40.952,40.596,40.643,2847362,0
2014-04-23,40.707,40.962,40.707,40.752,2897961,0
2014-04-24,40.833,40.934,40.508,40.66,2331326,0
2014-04-25,40.623,40.743,40.304,40.469,2510101,0
2014-04-28,40.596,40.66,40.142,40.433,4738984,0
2014-04-29,39.284,39.76,38.865,39.385,8555517,0
2014-04-30,39.332,39.988,39.13,39.841,6491059,0
2014-05-01,39.851,39.886,39.34,39.394,3426894,0
2014-05-02,39.458,39.87,39.213,39.676,3358156,0
2014-05-05,39.449,39.647,39.194,39.55,2511631,0
2014-05-06,39.394,39.53,39.194,39.302,3799634,0
2014-05-07,39.332,40.397,39.332,40.332,4672700,0
2014-05-08,40.252,40.561,39.97,40.151,3692975,0
2014-05-09,40.168,40.561,40.168,40.44,2425064,0
2014-05-12,40.633,40.761,40.397,40.697,2640039,0
2014-05-13,40.707,40.91,40.541,40.586,2494746,0
2014-05-14,40.605,40.67,40.149,40.165,2422276,0
2014-05-15,40.122,40.192,39.779,39.874,2897392,0
2014-05-16,39.874,40.192,39.836,40.139,2113298,0
2014-05-19,40.139,40.268,40.017,40.201,2203495,0
2014-05-20,40.165,40.201,39.543,39.689,2366479,0
2014-05-21,39.764,40.21,39.764,40.174,2504233,0
2014-05-22,39.324,40.321,39.295,39.984,1809192,0
2014-05-23,40.026,40.183,39.738,39.898,2220992,0
2014-05-27,39.984,40.633,39.957,40.595,2620432,0
2014-05-28,40.595,40.807,40.497,40.57,2021181,0
2014-05-29,40.66,40.935,40.623,40.89,1885677,0
2014-05-30,40.817,41.191,40.817,41.165,2195533,0
2014-06-02,41.119,41.265,40.999,41.082,2505774,0
2014-06-03,40.972,41.165,40.57,40.623,2710745,0
2014-06-04,40.643,40.797,40.422,40.586,2497534,0
2014-06-05,40.586,41.219,40.507,41.191,2736309,0
2014-06-06,41.063,41.56,41.063,41.384,2685692,0
2014-06-09,41.228,41.485,41.219,41.348,2044227,0
2014-06-10,41.174,41.384,40.98,41.348,2268440,0
2014-06-11,41.072,41.219,40.87,40.91,2434676,0
2014-06-12,40.797,40.9,39.764,39.816,3986256,0
2014-06-13,39.874,40.192,39.779,40.155,2483054,0
2014-06-16,40.084,40.595,40.01,40.507,2912460,0
2014-06-17,40.586,40.78,40.395,40.679,2523186,0
2014-06-18,40.532,40.761,40.045,40.697,3632102,0
2014-06-19,40.797,41.412,40.614,41.329,3303907,0
2014-06-20,41.412,41.567,41.008,41.101,3339272,0
2014-06-23,41.201,41.367,41.053,41.201,2219072,0
2014-06-24,41.091,41.145,40.515,40.56,2353933,0
2014-06-25,40.431,40.595,40.122,40.201,2654527,0
2014-06-26,40.201,40.404,40.064,40.24,2001807,0
2014-06-27,40.131,40.259,39.856,40.139,2984972,0
2014-06-30,40.094,40.605,40.017,40.404,4421049,0
2014-07-01,40.57,41.165,40.439,41.082,3018789,0
2014-07-02,41.155,41.541,41.045,41.514,2880071,0
2014-07-03,41.541,42.088,41.485,41.925,3435306,0
2014-07-07,41.456,42.796,41.456,42.595,5098181,0
2014-07-08,42.629,42.732,42.081,42.081,6582702,0
2014-07-09,42.135,42.686,42.097,42.275,4240051,0
2014-07-10,41.899,43.511,41.842,43.372,6326783,0
2014-07-11,43.188,44.003,42.904,43.83,5256560,0
2014-07-14,44.032,44.269,43.875,44.032,3780767,0
2014-07-15,43.931,44.169,43.501,43.547,4420697,0
2014-07-16,43.847,43.941,43.675,43.748,2999510,0
2014-07-17,43.739,43.875,43.335,43.345,2801100,0
2014-07-18,43.501,44.142,43.445,44.06,2614636,0
2014-07-21,43.857,44.152,43.739,44.04,2574161,0
2014-07-22,44.023,44.316,43.912,44.152,2837265,0
2014-07-23,44.132,44.326,44.05,44.231,2457001,0
2014-07-24,44.297,44.737,44.289,44.363,2416523,0
2014-07-25,44.231,44.415,43.866,44.079,2227416,0
2014-07-28,44.179,44.335,43.931,44.032,2055557,0
2014-07-29,44.04,44.24,43.547,43.573,2685981,0
2014-07-30,43.675,43.83,42.686,42.814,4592100,0
2014-07-31,42.538,42.924,42.31,42.501,4014735,0
2014-08-01,42.41,42.822,42.245,42.657,3555019,0
2014-08-04,42.758,43.099,42.62,43.004,3120903,0
2014-08-05,44.326,45.039,44.142,44.481,6869983,0
2014-08-06,44.161,45.021,44.161,44.554,4993699,0
2014-08-07,44.675,44.837,44.363,44.443,2519801,0
2014-08-08,44.607,44.965,44.326,44.921,2877794,0
2014-08-11,45.076,45.799,45.048,45.626,3254191,0
2014-08-12,45.525,45.708,45.231,45.469,3042679,0
2014-08-13,45.496,46.017,45.406,45.837,3482469,0
2014-08-14,45.89,45.939,45.643,45.771,2220809,0
2014-08-15,45.881,46.076,45.396,45.561,3316841,0
2014-08-18,45.671,45.808,45.534,45.607,2478041,0
2014-08-19,45.616,45.967,45.588,45.735,2372928,0
2014-08-20,45.735,45.921,45.588,45.838,1823953,0
2014-08-21,45.882,45.967,45.552,45.626,2062334,0
2014-08-22,45.727,45.828,45.158,45.229,2066406,0
2014-08-25,45.424,45.651,45.33,45.525,1490552,0
2014-08-26,45.561,45.709,45.128,45.286,2303629,0
2014-08-27,45.442,45.8,45.386,45.634,2324899,0
2014-08-28,45.552,45.931,45.478,45.791,1988177,0
2014-08-29,45.8,45.95,45.69,45.891,2183510,0
2014-09-02,45.782,46.536,45.755,46.078,3872493,0
2014-09-03,46.316,46.397,45.571,45.959,3492154,0
2014-09-04,45.95,46.286,45.838,46.206,3539996,0
2014-09-05,46.078,46.364,45.991,46.355,2890998,0
2014-09-08,46.286,46.545,46.259,46.509,2097770,0
2014-09-09,46.509,46.563,46.306,46.444,2960625,0
2014-09-10,46.484,46.674,46.371,46.638,2043104,0
2014-09-11,46.592,46.886,46.5,46.869,3197813,0
2014-09-12,46.794,46.794,46.196,46.397,2277653,0
2014-09-15,46.434,46.555,46.316,46.536,1774633,0
2014-09-16,46.425,47.321,46.387,47.182,2595060,0
2014-09-17,47.097,47.301,46.821,47.126,2353033,0
2014-09-18,47.217,48.192,47.172,47.919,3812804,0
2014-09-19,48.157,48.157,47.575,47.575,3903540,0
2014-09-22,47.457,47.678,47.144,47.365,2201698,0
2014-09-23,47.126,47.225,46.712,46.73,1986174,0
2014-09-24,46.749,47.438,46.749,47.365,1897864,0
2014-09-25,47.254,47.254,46.387,46.464,2268159,0
2014-09-26,46.555,46.978,46.371,46.821,1826760,0
2014-09-29,46.492,47.355,46.464,47.217,2333781,0
2014-09-30,47.172,47.301,46.932,47.033,2128791,0
2014-10-01,47.097,47.234,46.371,46.387,4351931,0
2014-10-02,46.484,47.025,46.415,46.509,2954129,0
2014-10-03,46.684,47.217,46.454,47.042,4028643,0
2014-10-06,47.126,47.172,46.415,46.563,3339264,0
2014-10-07,46.387,46.628,45.588,45.626,5582988,0
2014-10-08,45.561,45.7,43.334,44.2,13178640,0
2014-10-09,44.08,44.328,43.315,43.38,7166945,0
2014-10-10,43.334,43.646,42.468,42.671,5696258,0
2014-10-13,42.671,42.763,41.135,41.198,5682474,0
2014-10-14,41.299,41.454,39.58,39.649,9745908,0
2014-10-15,38.943,39.688,38.317,39.561,9213778,0
2014-10-16,39.146,40.01,38.998,39.737,5428085,0
2014-10-17,40.194,41.41,39.957,40.96,7090297,0
2014-10-20,40.914,41.98,40.885,41.787,4863471,0
2014-10-21,41.98,42.312,41.86,42.063,3691719,0
2014-10-22,42.192,42.552,42.055,42.118,3240382,0
2014-10-23,42.589,42.827,41.796,41.918,3204892,0
2014-10-24,41.953,42.137,41.582,41.953,2414649,0
2014-10-27,41.889,41.889,40.885,41.068,3905001,0
2014-10-28,41.4,42.089,41.244,42.055,3384227,0
2014-10-29,42.128,42.524,41.824,42.174,2812353,0
2014-10-30,42.089,42.91,41.989,42.871,3241017,0
2014-10-31,43.26,43.5,42.958,43.26,3270760,0
2014-11-03,43.481,43.813,43.306,43.49,3743180,0
2014-11-04,45.148,45.791,44.732,45.598,5729541,0
2014-11-05,46.0,46.5,45.882,46.306,4679383,0
2014-11-06,46.345,46.628,45.967,45.991,3681342,0
2014-11-07,45.921,46.638,45.921,46.526,2511329,0
2014-11-10,46.656,46.74,46.364,46.73,2236934,0
2014-11-11,46.86,47.291,46.766,47.052,2203929,0
2014-11-12,46.922,46.942,46.444,46.674,2435708,0
2014-11-13,46.942,47.088,46.326,46.766,2776401,0
2014-11-14,46.869,47.273,46.74,47.263,2972320,0
2014-11-17,47.182,48.001,47.08,47.852,3144094,0
2014-11-18,48.002,48.314,47.881,48.093,2686883,0
2014-11-19,48.083,48.342,47.891,48.287,2197097,0
2014-11-20,48.029,48.666,47.919,48.611,2407623,0
2014-11-21,49.065,49.499,48.462,48.74,3964606,0
2014-11-24,48.769,49.315,48.648,48.962,2930179,0
2014-11-25,48.88,49.315,48.656,48.945,3168550,0
2014-11-26,49.036,49.352,48.945,49.175,2028328,0
2014-11-28,49.359,49.387,48.694,48.712,3252556,0
2014-12-01,48.694,48.945,47.962,48.509,4798987,0
2014-12-02,48.769,49.573,48.769,49.295,5233187,0
2014-12-03,49.315,49.739,49.195,49.664,5186616,0
2014-12-04,49.257,49.85,48.591,48.805,4270636,0
2014-12-05,48.779,49.257,48.712,49.24,4051607,0
2014-12-08,49.286,49.49,48.38,48.509,4880835,0
2014-12-09,48.102,49.359,47.982,49.045,4811987,0
2014-12-10,48.88,48.953,47.289,47.408,4713824,0
2014-12-11,48.029,48.14,46.882,47.066,4365210,0
2014-12-12,46.66,47.241,46.06,46.099,4179954,0
2014-12-15,46.337,46.66,45.699,46.079,3782747,0
2014-12-16,46.278,46.937,45.57,45.606,4032374,0
2014-12-17,45.754,46.308,45.483,45.901,5247327,0
2014-12-18,46.669,47.353,46.437,47.308,5221863,0
2014-12-19,47.538,48.805,47.436,48.305,7763366,0
2014-12-22,48.453,48.916,48.203,48.75,3500648,0
2014-12-23,48.907,49.646,48.575,49.165,4423567,0
2014-12-24,49.157,49.516,49.092,49.11,1870792,0
2014-12-26,49.092,49.602,49.036,49.396,1430188,0
2014-12-29,49.24,49.473,48.87,49.127,1898806,0
2014-12-30,49.147,49.368,48.712,48.907,2408897,0
2014-12-31,48.916,48.962,47.962,48.083,2806561,0
2015-01-02,48.271,48.639,47.704,48.102,2205945,0
2015-01-05,47.574,47.789,46.218,46.437,4139747,0
2015-01-06,46.66,46.687,45.254,45.523,5251146,0
2015-01-07,46.02,46.477,45.882,46.208,3081551,0
2015-01-08,45.579,45.862,44.885,45.532,8077967,0
2015-01-09,45.744,45.95,45.125,45.144,3993633,0
2015-01-12,45.311,45.311,44.367,44.578,4186877,0
2015-01-13,44.69,45.384,44.264,44.644,4795864,0
2015-01-14,44.081,44.468,43.322,43.876,4590445,0
2015-01-15,43.774,44.173,43.322,43.655,4605357,0
2015-01-16,43.545,44.164,43.369,44.088,3407903,0
2015-01-20,43.637,43.896,43.063,43.646,5778972,0
2015-01-21,43.552,44.421,43.378,44.106,4312466,0
2015-01-22,44.376,44.819,43.952,44.459,4918166,0
2015-01-23,44.301,44.664,43.976,44.264,3223620,0
2015-01-26,44.088,44.865,43.923,44.654,3404194,0
2015-01-27,44.349,44.986,44.155,44.644,3479469,0
2015-01-28,44.664,44.939,43.848,43.913,3466673,0
2015-01-29,43.986,44.421,43.359,44.311,3978571,0
2015-01-30,44.043,44.255,43.053,43.121,5847130,0
2015-02-02,43.331,44.56,43.201,44.543,7007186,0
2015-02-03,43.793,45.217,42.731,45.088,7686430,0
2015-02-04,44.755,44.755,42.416,42.675,9982978,0
2015-02-05,43.063,45.05,43.043,45.014,8631759,0
2015-02-06,45.032,45.134,43.886,43.976,3940904,0
2015-02-09,43.848,44.164,43.674,43.813,5002874,0
2015-02-10,44.301,44.301,43.655,43.996,3765291,0
2015-02-11,43.691,43.886,42.876,43.386,3992982,0
2015-02-12,43.536,44.297,43.489,44.13,5106299,0
2015-02-13,44.038,44.875,44.038,44.745,4380252,0
2015-02-17,44.782,44.81,44.111,44.437,3882496,0
2015-02-18,44.345,44.745,44.222,44.382,2917074,0
2015-02-19,44.187,44.745,44.101,44.447,2527396,0
2015-02-20,44.392,44.837,43.74,44.792,2907132,0
2015-02-23,44.885,44.976,44.604,44.895,2122059,0
2015-02-24,44.847,45.396,44.652,45.256,2600143,0
2015-02-25,45.2,45.387,44.576,44.745,3187844,0
2015-02-26,44.913,44.922,44.092,44.231,3161456,0
2015-02-27,44.178,44.772,44.178,44.541,3078141,0
2015-03-02,44.485,44.549,43.74,44.512,3982838,0
2015-03-03,44.317,44.373,43.74,44.207,3621963,0
2015-03-04,44.066,44.12,43.47,43.796,3675391,0
2015-03-05,44.0,44.222,43.378,44.168,5089755,0
2015-03-06,43.721,43.936,42.873,43.022,4168704,0
2015-03-09,42.987,43.349,42.568,43.152,2589651,0
2015-03-10,42.717,42.987,42.28,42.344,3546609,0
2015-03-11,42.492,42.588,42.0,42.326,3571009,0
2015-03-12,42.605,43.451,42.605,43.386,3813420,0
2015-03-13,43.181,43.266,42.457,43.071,3044048,0
2015-03-16,43.126,43.312,42.708,43.249,3130156,0
2015-03-17,43.071,43.21,42.642,43.022,3162943,0
2015-03-18,42.996,44.092,42.55,43.879,4611491,0
2015-03-19,43.768,43.824,42.847,43.249,3141766,0
2015-03-20,43.432,44.197,43.282,43.676,7217053,0
2015-03-23,43.786,44.392,43.786,43.842,5053207,0
2015-03-24,43.907,44.297,43.684,43.684,3404815,0
2015-03-25,43.869,44.27,43.423,43.451,3813635,0
2015-03-26,43.322,43.768,43.051,43.071,4088297,0
2015-03-27,43.24,43.386,42.95,43.22,4122264,0
2015-03-30,43.499,44.297,43.312,44.111,2983097,0
2015-03-31,43.777,44.289,43.711,44.092,5340535,0
2015-04-01,44.14,44.373,43.936,44.12,5960497,0
2015-04-02,44.16,44.967,44.038,44.047,6273641,0
2015-04-06,44.057,45.165,44.038,44.958,3638948,0
2015-04-07,45.015,45.247,44.782,44.802,2663109,0
2015-04-08,44.827,45.256,44.697,44.958,3220778,0
2015-04-09,44.81,44.913,44.382,44.558,4596119,0
2015-04-10,44.624,44.958,44.364,44.614,3508123,0
2015-04-13,44.558,45.015,44.494,44.541,2892801,0
2015-04-14,44.604,44.865,44.28,44.662,2304671,0
2015-04-15,44.913,45.107,44.614,45.024,4339118,0
2015-04-16,44.827,45.099,44.745,44.93,4560454,0
2015-04-17,44.512,44.93,44.485,44.913,4021752,0
2015-04-20,44.976,45.348,44.904,44.93,2066913,0
2015-04-21,44.948,45.145,44.567,44.595,2495972,0
2015-04-22,44.586,44.875,44.364,44.745,2224400,0
2015-04-23,44.586,45.155,44.512,44.904,2470328,0
2015-04-24,45.015,45.2,44.745,44.847,2982460,0
2015-04-27,44.976,45.348,44.93,45.219,2676296,0
2015-04-28,45.07,45.406,44.948,45.377,2449072,0
2015-04-29,45.294,45.722,45.061,45.535,3425240,0
2015-04-30,45.469,45.981,45.266,45.469,4576770,0
2015-05-01,45.497,46.447,45.497,46.307,6107127,0
2015-05-04,46.307,46.967,46.307,46.809,4070773,0
2015-05-05,46.902,47.218,46.297,46.838,4970216,0
2015-05-06,46.93,46.94,45.897,46.457,4718171,0
2015-05-07,46.642,47.274,46.317,46.809,4482602,0
2015-05-08,47.246,47.796,47.236,47.675,3002662,0
2015-05-11,47.527,48.102,47.442,48.002,4470669,0
2015-05-12,47.675,48.716,47.563,48.298,5239425,0
2015-05-13,48.522,49.062,48.16,48.522,4339844,0
2015-05-14,48.847,49.274,48.66,49.192,3186914,0
2015-05-15,49.108,49.452,48.865,49.341,2477165,0
2015-05-18,49.116,49.534,48.995,49.423,3329605,0
2015-05-19,49.452,49.481,48.825,49.114,2929896,0
2015-05-20,49.123,49.462,49.011,49.031,2890775,0
2015-05-21,48.938,49.63,48.9,49.489,3198458,0
2015-05-22,49.35,49.499,48.993,49.255,1965846,0
2015-05-26,49.181,49.181,48.694,48.77,3227254,0
2015-05-27,48.78,49.779,48.676,49.725,4315047,0
2015-05-28,49.564,49.574,48.975,49.246,2266898,0
2015-05-29,49.386,49.806,49.191,49.423,5818945,0
2015-06-01,49.462,49.854,49.031,49.593,3574893,0
2015-06-02,49.507,49.583,49.142,49.341,2554667,0
2015-06-03,49.499,49.499,48.825,49.06,2745062,0
2015-06-04,48.676,48.844,47.984,48.058,5343738,0
2015-06-05,47.945,48.049,47.526,47.702,3740178,0
2015-06-08,47.834,48.207,47.516,47.702,2893912,0
2015-06-09,47.778,48.135,47.684,47.702,2952704,0
2015-06-10,47.76,48.862,47.76,48.825,3232337,0
2015-06-11,48.789,49.273,48.62,48.685,3023505,0
2015-06-12,48.433,48.6,48.236,48.544,2448648,0
2015-06-15,48.095,48.217,47.806,47.945,3068854,0
2015-06-16,48.012,48.256,47.955,48.115,2533552,0
2015-06-17,48.049,48.433,47.003,47.639,4907238,0
2015-06-18,47.852,48.302,47.852,48.04,3501931,0
2015-06-19,47.927,48.319,47.927,48.162,5296259,0
2015-06-22,48.376,48.656,48.273,48.62,2755008,0
2015-06-23,48.806,49.021,48.488,48.63,2673746,0
2015-06-24,48.544,48.639,48.085,48.115,2475166,0
2015-06-25,48.273,48.273,47.375,47.413,2748913,0
2015-06-26,47.357,47.684,46.319,46.359,5364484,0
2015-06-29,46.139,46.45,45.291,45.31,4679473,0
2015-06-30,45.703,45.999,45.066,45.094,6007600,0
2015-07-01,45.552,45.721,45.243,45.485,3550908,0
2015-07-02,45.654,45.834,45.206,45.495,3275343,0
2015-07-06,45.038,45.441,44.728,44.972,4521639,0
2015-07-07,44.991,45.187,43.7,45.02,6905379,0
2015-07-08,44.859,45.01,44.383,44.429,4363594,0
2015-07-09,44.655,44.926,43.888,44.037,6463962,0
2015-07-10,44.627,44.675,44.076,44.15,3363987,0
2015-07-13,44.467,44.645,44.271,44.42,2362886,0
2015-07-14,44.42,44.758,44.356,44.691,2747411,0
2015-07-15,44.675,44.738,44.16,44.383,2618536,0
2015-07-16,44.758,44.898,44.534,44.748,2847828,0
2015-07-17,44.607,44.935,44.242,44.908,4538321,0
2015-07-20,44.917,45.131,44.665,44.926,4371293,0
2015-07-21,44.869,44.991,44.261,44.411,2934763,0
2015-07-22,44.364,44.806,44.356,44.589,2885360,0
2015-07-23,44.607,45.243,44.607,44.908,2799921,0
2015-07-24,44.796,44.879,43.999,44.13,2704108,0
2015-07-27,43.888,44.223,43.775,44.197,2933265,0
2015-07-28,44.337,45.252,44.14,45.215,4229928,0
2015-07-29,44.822,45.141,44.728,45.01,4549290,0
2015-07-30,44.617,44.796,44.252,44.719,3914478,0
2015-07-31,44.991,45.094,44.29,44.346,4233351,0
2015-08-03,44.346,45.029,44.328,44.607,4577448,0
2015-08-04,44.448,46.289,44.215,45.272,5474301,0
2015-08-05,45.562,45.581,44.598,45.094,4903923,0
2015-08-06,45.262,45.327,44.374,44.841,3509882,0
2015-08-07,44.675,44.748,43.297,43.411,4273663,0
2015-08-10,43.673,43.832,43.297,43.514,4407331,0
2015-08-11,43.205,43.261,42.634,43.084,4370460,0
2015-08-12,42.729,43.898,42.448,43.849,5517181,0
2015-08-13,43.84,44.683,43.804,44.429,4549228,0
2015-08-14,44.168,44.356,43.999,44.14,3347842,0
2015-08-17,43.726,44.771,43.501,44.694,4495772,0
2015-08-18,44.506,45.316,44.479,44.854,3928674,0
2015-08-19,44.592,44.686,43.83,43.953,3847886,0
2015-08-20,43.491,43.978,43.379,43.462,3560457,0
2015-08-21,43.126,43.501,42.418,42.447,5301513,0
2015-08-24,40.301,41.902,40.01,40.969,7610861,0
2015-08-25,41.761,41.921,40.433,40.461,6223650,0
2015-08-26,41.299,41.497,40.565,41.384,4734518,0
2015-08-27,41.648,42.493,41.477,42.175,5036726,0
2015-08-28,42.034,42.343,41.751,42.004,4524581,0
2015-08-31,41.816,42.391,41.629,42.325,4330799,0
2015-09-01,41.374,41.564,40.556,40.773,5221257,0
2015-09-02,41.327,41.365,40.621,41.037,3447143,0
2015-09-03,41.271,41.789,41.053,41.158,3912408,0
2015-09-04,40.783,40.885,40.125,40.359,3251553,0
2015-09-08,41.12,41.148,40.612,41.111,3254955,0
2015-09-09,41.545,41.702,40.378,40.441,3327769,0
2015-09-10,40.283,40.905,40.178,40.51,3083662,0
2015-09-11,40.433,40.5,40.018,40.283,3625617,0
2015-09-14,40.359,40.51,40.217,40.388,3407601,0
2015-09-15,40.651,41.053,40.319,40.895,4051235,0
2015-09-16,41.073,41.599,40.838,41.569,3179483,0
2015-09-17,41.564,42.239,41.413,41.629,3952459,0
2015-09-18,41.176,41.384,40.593,40.668,6585063,0
2015-09-21,40.922,41.168,40.668,40.81,3358915,0
2015-09-22,40.265,40.301,39.661,39.934,2949880,0
2015-09-23,39.896,40.027,39.446,39.569,2897034,0
2015-09-24,39.379,39.756,38.862,39.529,5022802,0
2015-09-25,39.984,40.49,39.765,39.984,3650065,0
2015-09-28,39.643,39.802,38.571,38.656,4542555,0
2015-09-29,38.758,38.816,38.25,38.589,4948604,0
2015-09-30,39.032,39.295,38.778,38.994,5019929,0
2015-10-01,39.221,39.466,38.628,39.004,4041774,0
2015-10-02,38.628,39.924,38.496,39.904,3198829,0
2015-10-05,40.169,41.12,40.169,41.053,3863237,0
2015-10-06,40.969,41.195,40.724,41.053,3427902,0
2015-10-07,41.307,42.166,41.12,41.685,4143804,0
2015-10-08,41.657,42.522,41.431,42.457,3352218,0
2015-10-09,42.401,42.833,42.361,42.73,3255699,0
2015-10-12,42.644,42.823,42.474,42.746,2139796,0
2015-10-13,42.493,42.805,42.192,42.259,2796066,0
2015-10-14,42.192,42.72,42.014,42.297,2151612,0
2015-10-15,42.503,42.862,42.278,42.862,2718575,0
2015-10-16,42.945,43.256,42.569,43.239,3440126,0
2015-10-19,43.107,43.312,42.897,43.248,2941335,0
2015-10-20,43.097,43.256,42.815,42.993,2896294,0
2015-10-21,43.029,43.117,42.569,42.606,2899706,0
2015-10-22,42.815,44.111,42.766,43.934,3315333,0
2015-10-23,44.15,44.197,43.745,44.111,2646823,0
2015-10-26,44.037,44.111,43.565,43.642,1905712,0
2015-10-27,43.472,43.66,43.019,43.501,2664254,0
2015-10-28,43.434,44.243,43.397,44.028,2217379,0
2015-10-29,43.876,43.961,42.766,42.833,4568801,0
2015-10-30,42.945,43.36,42.756,42.955,3790486,0
2015-11-02,43.097,43.548,42.381,43.539,3162714,0
2015-11-03,40.763,41.053,39.266,40.593,12136947,0
2015-11-04,40.51,40.612,39.832,40.471,7448311,0
2015-11-05,40.406,40.651,39.914,40.519,5746053,0
2015-11-06,40.256,40.5,39.483,39.633,6076851,0
2015-11-09,39.408,39.539,38.807,39.06,5356770,0
2015-11-10,38.852,39.172,38.157,38.222,4697632,0
2015-11-11,38.42,38.42,37.875,38.11,3881051,0
2015-11-12,37.838,37.912,36.211,36.228,8835714,0
2015-11-13,36.133,36.557,35.457,35.523,6968799,0
2015-11-16,35.626,36.413,35.588,36.243,4881205,0
2015-11-17,36.338,36.394,35.2,35.258,5030186,0
2015-11-18,35.466,35.712,35.077,35.456,8417052,0
2015-11-19,35.456,35.571,34.385,34.528,6272227,0
2015-11-20,34.623,34.898,33.742,33.959,9557192,0
2015-11-23,33.939,35.095,33.885,34.802,7216561,0
2015-11-24,34.565,34.679,33.845,34.158,6912986,0
2015-11-25,34.13,34.831,34.101,34.565,5572822,0
2015-11-27,34.528,34.66,34.366,34.556,2468404,0
2015-11-30,34.623,34.708,34.215,34.584,6866689,0
2015-12-01,34.878,35.086,34.538,34.783,7399034,0
2015-12-02,34.689,34.945,34.546,34.613,6602769,0
2015-12-03,34.575,34.822,33.56,33.752,9532334,0
2015-12-04,33.806,34.252,33.742,34.092,5208814,0
2015-12-07,34.092,34.139,33.381,33.56,4530808,0
2015-12-08,33.324,33.752,33.059,33.427,4983088,0
2015-12-09,33.181,34.139,33.172,33.56,5328988,0
2015-12-10,33.56,33.825,33.211,33.258,5701966,0
2015-12-11,32.793,32.841,32.33,32.434,5079880,0
2015-12-14,32.405,32.708,32.073,32.395,4760840,0
2015-12-15,32.642,33.267,32.604,33.04,5085471,0
2015-12-16,33.096,33.609,32.737,33.551,5590866,0
2015-12-17,33.487,33.599,32.48,32.499,5140758,0
2015-12-18,32.339,33.294,32.168,33.172,13055480,0
2015-12-21,33.39,33.875,33.22,33.467,4840584,0
2015-12-22,33.619,34.679,33.57,34.508,5978363,0
2015-12-23,34.736,35.228,34.442,34.765,5195731,0
2015-12-24,34.765,34.95,34.565,34.736,1319904,0
2015-12-28,34.746,34.812,34.205,34.594,2465548,0
2015-12-29,34.679,35.21,34.66,35.154,2843067,0
2015-12-30,35.067,35.228,34.851,34.954,2511612,0
2015-12-31,34.727,34.972,34.547,34.765,2815081,0
2016-01-04,34.225,34.262,33.551,33.968,4263416,0
2016-01-05,33.949,34.375,33.56,34.347,4076081,0
2016-01-06,33.855,33.954,33.409,33.513,6407194,0
2016-01-07,33.086,33.258,32.538,32.718,5086130,0
2016-01-08,32.945,33.264,32.518,32.594,4358376,0
2016-01-11,32.737,32.917,32.168,32.375,5958373,0
2016-01-12,32.755,32.85,32.006,32.48,3635599,0
2016-01-13,32.547,32.746,31.675,31.722,4714253,0
2016-01-14,31.675,31.918,31.049,31.617,5881628,0
2016-01-15,30.897,30.916,29.532,29.864,9246200,0
2016-01-19,30.272,30.377,28.708,28.917,9239396,0
2016-01-20,28.671,30.053,28.3,29.656,9762312,0
2016-01-21,29.628,30.783,29.571,30.252,6420701,0
2016-01-22,30.821,31.627,30.793,31.495,5569932,0
2016-01-25,31.183,31.238,30.669,30.737,6101594,0
2016-01-26,31.163,31.893,30.793,31.873,4632830,0
2016-01-27,31.75,32.66,31.675,31.977,5300334,0
2016-01-28,32.375,33.125,32.206,32.887,5646005,0
2016-01-29,33.04,33.689,32.935,33.503,9082554,0
2016-02-01,32.954,33.778,32.518,33.609,6715358,0
2016-02-02,31.77,31.845,30.594,30.669,11685877,0
2016-02-03,30.86,32.035,30.774,31.694,8443825,0
2016-02-04,31.694,32.878,31.599,32.461,6976679,0
2016-02-05,32.489,32.708,32.153,32.291,5715048,0
2016-02-08,32.604,32.917,31.323,31.561,5339847,0
2016-02-09,31.694,31.922,30.86,31.826,6720312,0
2016-02-10,31.854,32.291,31.418,31.448,4538023,0
2016-02-11,30.864,31.399,30.127,30.251,7247657,0
2016-02-12,30.309,31.064,29.936,31.036,4643885,0
2016-02-16,31.524,32.346,31.418,32.155,4253880,0
2016-02-17,32.27,32.633,31.849,31.944,3515499,0
2016-02-18,31.944,32.508,31.793,32.423,3902531,0
2016-02-19,32.195,32.309,30.902,31.228,5753026,0
2016-02-22,31.456,32.418,31.371,32.319,4521453,0
2016-02-23,32.299,32.921,31.917,32.319,3601231,0
2016-02-24,32.088,32.433,31.639,32.374,3941322,0
2016-02-25,32.557,33.226,32.279,33.111,3743479,0
2016-02-26,33.208,33.57,32.997,33.274,3976516,0
2016-02-29,33.274,33.868,33.045,33.436,5323166,0
2016-03-01,33.6,34.067,33.054,33.933,4613985,0
2016-03-02,33.744,34.345,33.655,34.269,3546871,0
2016-03-03,34.594,35.254,34.182,35.224,4239563,0
2016-03-04,35.293,36.335,35.293,36.009,5508871,0
2016-03-07,35.551,35.666,35.244,35.522,3763713,0
2016-03-08,35.417,35.646,34.02,34.46,4461272,0
2016-03-09,34.699,34.852,34.24,34.489,3153224,0
2016-03-10,34.537,34.767,33.819,34.211,3389982,0
2016-03-11,34.594,35.03,34.527,35.005,2754452,0
2016-03-14,34.814,35.283,34.623,35.11,3328816,0
2016-03-15,34.718,35.072,34.565,34.967,3050449,0
2016-03-16,34.795,35.952,34.795,35.828,3784681,0
2016-03-17,35.875,37.07,35.875,36.534,4584547,0
2016-03-18,36.659,37.263,36.257,36.41,6650497,0
2016-03-21,36.201,36.613,36.076,36.507,3452406,0
2016-03-22,36.248,36.296,35.914,35.971,2368398,0
2016-03-23,35.847,35.952,34.957,35.005,4258558,0
2016-03-24,34.718,35.129,34.269,34.881,3623782,0
2016-03-28,35.005,35.11,34.661,34.767,2757906,0
2016-03-29,34.852,35.368,34.641,35.263,2778384,0
2016-03-30,35.397,35.58,34.68,35.025,3003441,0
2016-03-31,35.09,35.149,34.408,34.728,3940917,0
2016-04-01,34.48,34.919,33.838,34.881,3311356,0
2016-04-04,34.747,34.938,34.383,34.47,2771231,0
2016-04-05,34.02,34.02,33.045,33.58,5793435,0
2016-04-06,33.56,34.002,33.274,33.992,3389222,0
2016-04-07,33.809,34.641,33.758,34.164,3453210,0
2016-04-08,34.546,34.948,34.378,34.517,2424642,0
2016-04-11,34.546,35.049,34.403,34.432,2619757,0
2016-04-12,34.47,35.293,34.46,35.224,2302280,0
2016-04-13,35.446,35.675,35.368,35.522,2882007,0
2016-04-14,35.407,35.492,34.767,34.995,2937869,0
2016-04-15,35.044,35.704,34.929,35.675,3233094,0
2016-04-18,35.482,36.168,35.273,36.067,3684437,0
2016-04-19,36.326,36.897,36.186,36.564,3285630,0
2016-04-20,36.584,37.296,36.41,37.176,4417435,0
2016-04-21,37.3,37.457,36.534,36.678,3869787,0
2016-04-22,37.1,37.903,36.956,37.893,4384417,0
2016-04-25,37.655,37.74,37.209,37.549,3160445,0
2016-04-26,37.779,38.257,37.482,37.999,4221827,0
2016-04-27,38.009,38.342,37.703,38.171,3231287,0
2016-04-28,38.123,38.849,37.989,38.323,4738153,0
2016-04-29,38.133,38.362,37.774,38.199,5075295,0
2016-05-02,37.865,38.779,37.827,38.506,6237011,0
2016-05-03,38.209,38.878,37.329,37.397,5406333,0
2016-05-04,37.31,37.655,36.882,37.032,4514966,0
2016-05-05,37.176,37.521,36.301,36.42,4113630,0
2016-05-06,36.391,36.688,36.22,36.534,2643850,0
2016-05-09,36.564,36.718,35.731,36.086,4356416,0
2016-05-10,36.296,36.755,36.296,36.728,2995406,0
2016-05-11,36.604,36.802,36.248,36.306,3054119,0
2016-05-12,36.584,37.1,36.382,36.862,3438284,0
2016-05-13,36.738,36.755,35.818,35.989,3366100,0
2016-05-16,35.942,36.539,35.846,36.299,2225614,0
2016-05-17,36.097,36.529,36.019,36.144,2809241,0
2016-05-18,35.864,36.464,35.749,36.164,3131892,0
2016-05-19,35.962,37.004,35.672,36.994,4380500,0
2016-05-20,37.204,38.69,37.157,38.401,6591084,0
2016-05-23,38.305,39.288,38.207,38.988,5149696,0
2016-05-24,39.75,40.628,39.528,40.541,7029899,0
2016-05-25,40.773,41.196,40.618,40.956,4159968,0
2016-05-26,41.428,41.977,41.129,41.524,3689571,0
2016-05-27,41.746,41.977,41.284,41.679,3325604,0
2016-05-31,41.776,41.977,41.139,41.236,4866811,0
2016-06-01,41.101,41.409,40.859,41.293,6708486,0
2016-06-02,41.236,42.161,41.081,41.911,4938112,0
2016-06-03,41.871,42.296,41.814,42.036,4686641,0
2016-06-06,42.267,42.557,42.011,42.102,3106375,0
2016-06-07,42.217,42.306,41.939,42.092,2602161,0
2016-06-08,42.286,42.517,42.036,42.247,3313634,0
2016-06-09,42.064,42.372,41.674,42.257,4047153,0
2016-06-10,41.881,41.996,41.206,41.486,3451295,0
2016-06-13,41.196,41.419,40.281,40.318,4588385,0
2016-06-14,40.213,40.638,39.876,40.281,2808937,0
2016-06-15,40.328,40.989,40.286,40.638,3278064,0
2016-06-16,40.378,40.623,40.068,40.541,2715604,0
2016-06-17,40.368,41.173,40.368,40.791,4185804,0
2016-06-20,41.293,41.419,40.917,40.926,3109467,0
2016-06-21,41.071,41.11,40.29,40.434,4222250,0
2016-06-22,40.523,40.826,40.443,40.493,3002257,0
2016-06-23,40.908,41.226,40.908,41.176,2028449,0
2016-06-24,39.723,40.145,38.951,39.047,5690161,0
2016-06-27,38.652,38.747,37.609,37.736,5252486,0
2016-06-28,38.313,39.113,38.179,39.103,4399201,0
2016-06-29,39.548,40.233,39.528,40.088,4067156,0
2016-06-30,40.203,41.361,40.146,41.351,4293238,0
2016-07-01,41.446,41.481,40.831,41.081,3109729,0
2016-07-05,40.811,40.859,40.078,40.443,5024168,0
2016-07-06,40.173,40.714,39.732,40.608,5668123,0
2016-07-07,40.733,41.311,40.397,40.608,2697231,0
2016-07-08,40.984,41.949,40.984,41.92,3472883,0
2016-07-11,41.977,42.161,41.591,41.611,2446418,0
2016-07-12,41.679,42.006,41.226,41.736,2800389,0
2016-07-13,41.697,41.851,41.306,41.554,2798046,0
2016-07-14,41.794,42.036,41.591,41.92,2934918,0
2016-07-15,41.987,42.421,41.842,42.372,3006630,0
2016-07-18,42.421,42.721,42.344,42.662,2476054,0
2016-07-19,42.421,42.497,41.776,41.92,2854332,0
2016-07-20,41.776,42.001,41.456,41.832,2806056,0
2016-07-21,41.794,42.291,41.65,41.832,2454574,0
2016-07-22,41.842,42.227,41.707,42.151,1970720,0
2016-07-25,42.046,42.217,41.939,42.036,1780289,0
2016-07-26,42.074,42.537,42.064,42.296,2218690,0
2016-07-27,42.296,42.586,41.992,42.326,2471790,0
2016-07-28,42.441,43.386,42.227,43.327,4441980,0
2016-07-29,43.134,43.762,43.134,43.462,5014096,0
2016-08-01,42.982,43.134,42.132,42.652,4718780,0
2016-08-02,41.506,43.007,41.341,41.891,4893794,0
2016-08-03,41.891,42.352,41.371,42.352,3300488,0
2016-08-04,42.777,42.892,41.861,42.171,2944893,0
2016-08-05,42.247,42.999,42.141,42.856,2945206,0
2016-08-08,42.972,43.427,42.837,42.922,2317597,0
2016-08-09,43.037,43.126,42.642,42.787,2154459,0
2016-08-10,42.882,43.212,42.576,42.721,1803588,0
2016-08-11,42.807,42.837,42.171,42.352,2369081,0
2016-08-12,42.276,42.612,41.977,42.487,2258368,0
2016-08-15,42.285,42.839,42.215,42.487,1903278,0
2016-08-16,42.275,42.477,42.139,42.197,1672547,0
2016-08-17,42.197,42.421,41.897,42.351,2248998,0
2016-08-18,42.411,42.673,42.235,42.295,2115447,0
2016-08-19,42.129,42.356,41.907,42.207,2184353,0
2016-08-22,42.169,42.547,42.023,42.517,2011236,0
2016-08-23,42.703,43.129,42.613,42.829,2094606,0
2016-08-24,42.739,42.739,41.926,42.053,1956357,0
2016-08-25,41.955,41.955,41.255,41.313,2958813,0
2016-08-26,41.585,41.741,40.955,41.149,2036857,0
2016-08-29,41.363,41.751,41.043,41.585,1787748,0
2016-08-30,41.635,42.114,41.61,41.945,2371124,0
2016-08-31,41.973,42.522,41.771,42.477,3308496,0
2016-09-01,42.401,42.477,41.658,41.877,2343531,0
2016-09-02,42.099,42.542,42.099,42.537,2071880,0
2016-09-06,42.567,42.713,42.215,42.653,1721793,0
2016-09-07,42.477,42.749,42.381,42.733,2110015,0
2016-09-08,42.587,42.604,41.907,41.973,2905671,0
2016-09-09,41.565,41.688,40.789,40.789,3179057,0
2016-09-12,40.683,41.809,40.323,41.701,2698086,0
2016-09-13,41.411,41.489,40.673,40.771,2774816,0
2016-09-14,40.819,41.255,40.547,40.751,2763012,0
2016-09-15,40.711,41.124,40.528,41.043,2332746,0
2016-09-16,40.761,40.838,40.509,40.799,3199191,0
2016-09-19,41.013,41.255,40.887,40.945,1655223,0
2016-09-20,41.149,41.149,40.711,40.916,2452975,0
2016-09-21,41.081,41.746,41.081,41.557,3164804,0
2016-09-22,41.819,42.053,41.518,41.721,3188208,0
2016-09-23,41.509,41.673,41.227,41.227,1932707,0
2016-09-26,41.043,41.071,40.645,40.673,1586531,0
2016-09-27,40.43,40.673,40.144,40.663,2435046,0
2016-09-28,40.663,40.877,40.212,40.625,2731744,0
2016-09-29,40.585,40.925,40.163,40.313,2210203,0
2016-09-30,40.479,41.149,40.373,40.935,2934376,0
2016-10-03,40.751,41.711,40.721,41.645,3115817,0
2016-10-04,41.547,42.24,41.449,41.537,3444405,0
2016-10-05,41.537,42.189,41.411,42.003,2708990,0
2016-10-06,41.809,42.189,41.771,41.897,2507203,0
2016-10-07,41.935,41.993,41.241,41.401,1836247,0
2016-10-10,41.654,42.053,41.6,42.003,1942746,0
2016-10-11,41.907,42.013,40.838,41.101,2386434,0
2016-10-12,41.081,41.401,40.867,41.149,1878794,0
2016-10-13,40.731,41.284,40.411,41.013,2220580,0
2016-10-14,41.177,41.595,40.897,40.897,1844035,0
2016-10-17,40.897,41.056,40.561,40.625,2116709,0
2016-10-18,41.003,41.139,40.741,40.751,2208349,0
2016-10-19,40.731,41.033,40.275,40.983,1851832,0
2016-10-20,40.887,41.265,40.756,40.945,2106452,0
2016-10-21,40.693,41.187,40.393,41.081,1773667,0
2016-10-24,41.353,41.711,41.129,41.265,1364276,0
2016-10-25,41.373,41.575,41.139,41.285,1936235,0
2016-10-26,41.177,42.179,41.071,42.013,2942464,0
2016-10-27,42.099,42.149,41.506,41.819,2221736,0
2016-10-28,41.907,42.673,41.833,42.315,2707863,0
2016-10-31,42.421,42.905,42.235,42.295,3983952,0
2016-11-01,44.041,45.955,44.028,45.381,9998752,0
2016-11-02,45.381,46.479,45.295,45.875,6408688,0
2016-11-03,45.673,46.469,45.673,46.041,4508496,0
2016-11-04,45.992,46.157,45.517,45.547,2888659,0
2016-11-07,46.071,46.197,45.557,45.673,3529284,0
2016-11-08,45.576,46.474,45.557,46.323,3226455,0
2016-11-09,45.468,45.547,43.751,44.925,5534619,0
2016-11-10,45.061,45.207,43.731,43.857,4079252,0
2016-11-11,42.295,42.507,40.383,40.509,7215762,0
2016-11-14,40.655,42.014,40.519,41.926,5256699,0
2016-11-15,41.907,42.552,41.897,42.522,4390495,0
2016-11-16,42.709,42.709,41.809,42.298,3514102,0
2016-11-17,42.318,42.389,41.809,42.044,3677261,0
2016-11-18,41.964,42.639,41.964,42.522,3364729,0
2016-11-21,42.415,42.993,42.415,42.679,2789790,0
2016-11-22,42.883,42.943,42.243,42.542,2795772,0
2016-11-23,42.601,42.669,41.964,42.288,4232605,0
2016-11-25,42.502,42.601,42.278,42.582,1817118,0
2016-11-28,42.542,42.719,42.034,42.151,2929541,0
2016-11-29,42.21,42.288,41.662,41.819,3276804,0
2016-11-30,41.907,42.502,41.897,42.268,3609661,0
2016-12-01,42.19,43.412,42.19,43.324,4074527,0
2016-12-02,43.431,43.75,42.943,43.02,3364844,0
2016-12-05,43.138,43.364,42.532,42.923,2992054,0
2016-12-06,43.02,43.999,43.01,43.685,3475141,0
2016-12-07,43.666,44.253,43.548,44.184,4259019,0
2016-12-08,44.037,45.026,43.979,44.942,3378621,0
2016-12-09,44.908,45.524,44.517,45.524,3065289,0
2016-12-12,45.584,46.102,45.524,45.975,2990797,0
2016-12-13,45.711,46.219,45.3,45.367,4083153,0
2016-12-14,45.367,45.534,44.341,44.575,3590614,0
2016-12-15,44.38,45.045,44.136,44.722,2760872,0
2016-12-16,44.712,45.494,44.615,45.474,6014432,0
2016-12-19,45.456,45.641,44.791,45.045,3262385,0
2016-12-20,45.347,45.347,44.664,45.192,3304667,0
2016-12-21,45.23,45.447,44.976,45.103,3293070,0
2016-12-22,45.113,45.182,43.989,44.174,3270339,0
2016-12-23,44.194,44.478,44.014,44.146,2277689,0
2016-12-27,44.214,44.702,44.165,44.635,1593520,0
2016-12-28,44.654,44.762,44.243,44.331,1805151,0
2016-12-29,44.263,44.702,44.243,44.351,1996982,0
2016-12-30,44.41,44.674,44.029,44.635,2579723,0
2017-01-03,44.674,45.22,44.537,45.163,3697345,0
2017-01-04,45.347,45.504,44.428,45.083,3552284,0
2017-01-05,45.074,45.367,44.692,44.752,3440685,0
2017-01-06,44.019,44.019,42.865,43.725,4496336,0
2017-01-09,43.519,44.301,43.412,43.755,3623767,0
2017-01-10,43.803,44.4,43.407,43.471,3719755,0
2017-01-11,42.776,43.275,42.19,43.03,5443077,0
2017-01-12,43.06,43.227,42.375,42.474,3708203,0
2017-01-13,42.582,42.806,42.365,42.592,2214129,0
2017-01-17,42.806,43.745,42.609,43.695,4512071,0
2017-01-18,43.745,44.214,43.705,43.95,3057317,0
2017-01-19,43.959,44.029,43.279,43.511,2895999,0
2017-01-20,43.676,44.204,43.275,43.735,2449831,0
2017-01-23,43.628,43.735,43.147,43.715,2018215,0
2017-01-24,43.765,44.448,43.608,43.666,3318900,0
2017-01-25,43.901,44.438,43.872,44.194,3444451,0
2017-01-26,44.047,44.328,43.501,43.558,2635958,0
2017-01-27,43.568,43.897,43.294,43.529,2101491,0
2017-01-30,43.519,43.598,42.719,43.147,2631280,0
2017-01-31,43.197,43.344,42.355,43.275,5155775,0
2017-02-01,43.491,43.558,42.619,42.796,2542771,0
2017-02-02,42.893,43.147,42.522,43.01,3707157,0
2017-02-03,43.197,43.402,42.928,43.01,3367319,0
2017-02-06,43.11,43.364,42.826,43.04,3979161,0
2017-02-07,42.004,44.047,40.811,43.598,7644451,0
2017-02-08,43.715,43.765,42.228,42.492,4406498,0
2017-02-09,42.629,43.001,42.464,42.572,3191658,0
2017-02-10,42.699,42.913,42.502,42.856,2410146,0
2017-02-13,42.923,43.07,42.121,42.736,3046837,0
2017-02-14,42.766,42.893,42.308,42.756,2796544,0
2017-02-15,42.873,43.588,42.746,43.481,4153367,0
2017-02-16,43.589,43.875,43.235,43.431,4325307,0
2017-02-17,43.401,44.013,43.311,44.013,2853016,0
2017-02-21,43.875,44.515,43.835,44.131,5146518,0
2017-02-22,43.913,44.239,43.752,44.041,3321855,0
2017-02-23,44.121,44.578,43.816,44.407,3341521,0
2017-02-24,44.16,44.573,44.061,44.573,2407798,0
2017-02-27,44.445,44.741,44.041,44.682,3073478,0
2017-02-28,44.81,46.701,44.711,46.257,8822380,0
2017-03-01,46.533,46.721,45.795,45.805,4095555,0
2017-03-02,45.835,45.873,44.741,44.791,3445300,0
2017-03-03,44.839,45.027,44.357,44.515,3084480,0
2017-03-06,44.397,44.455,43.963,44.081,2507513,0
2017-03-07,44.071,44.289,43.785,43.785,2397667,0
2017-03-08,43.795,44.269,43.195,43.323,3205445,0
2017-03-09,43.431,43.835,43.431,43.747,2866016,0
2017-03-10,43.953,44.435,43.933,44.357,2218638,0
2017-03-13,44.317,44.445,43.913,44.023,2308295,0
2017-03-14,44.023,44.179,43.737,43.993,1976242,0
2017-03-15,44.032,44.643,43.83,44.327,2883742,0
2017-03-16,44.387,44.455,43.717,44.169,3234719,0
2017-03-17,44.229,44.417,44.008,44.041,4264955,0
2017-03-20,43.923,44.297,43.343,44.169,3957396,0
2017-03-21,44.239,44.554,43.993,44.269,3546843,0
2017-03-22,44.239,44.957,44.239,44.919,2662285,0
2017-03-23,44.919,45.327,44.711,44.919,2002554,0
2017-03-24,44.919,45.204,44.731,44.889,1570633,0
2017-03-27,44.741,44.982,44.412,44.663,1819981,0
2017-03-28,44.633,45.249,44.554,45.027,2168461,0
2017-03-29,44.957,45.687,44.899,45.539,2515916,0
2017-03-30,45.617,45.622,45.253,45.411,2050245,0
2017-03-31,45.185,45.607,45.185,45.341,2271158,0
2017-04-03,45.499,45.559,44.844,45.105,2335677,0
2017-04-04,44.977,45.115,44.53,44.721,2870484,0
2017-04-05,44.731,45.135,44.412,44.573,2869109,0
2017-04-06,44.485,44.771,44.239,44.563,2320197,0
2017-04-07,44.603,44.701,44.199,44.209,1440326,0
2017-04-10,44.229,44.514,44.041,44.307,1663607,0
2017-04-11,44.249,44.249,43.767,43.865,2170076,0
2017-04-12,43.963,44.219,43.647,43.973,2760246,0
2017-04-13,43.875,43.904,43.511,43.609,2246856,0
2017-04-17,43.619,44.071,43.619,44.003,2989294,0
2017-04-18,44.023,45.135,43.875,44.721,3816267,0
2017-04-19,44.643,44.791,43.835,43.923,2941368,0
2017-04-20,44.032,44.397,43.855,44.219,2578355,0
2017-04-21,44.357,44.613,44.041,44.131,2113160,0
2017-04-24,44.583,44.909,44.495,44.691,2702404,0
2017-04-25,44.761,45.185,44.691,44.889,1872497,0
2017-04-26,44.967,44.997,44.563,44.583,1572908,0
2017-04-27,44.455,45.165,44.407,45.085,1831533,0
2017-04-28,44.938,45.115,44.791,45.057,2181568,0
2017-05-01,45.185,45.213,44.731,45.037,2622456,0
2017-05-02,42.347,43.323,40.891,41.039,8392853,0
2017-05-03,41.087,41.225,40.477,40.683,6335653,0
2017-05-04,40.743,42.201,40.663,41.757,4500732,0
2017-05-05,42.023,42.191,41.531,41.787,3294111,0
2017-05-08,41.855,42.447,41.659,42.309,3967799,0
2017-05-09,42.101,42.171,41.599,41.717,3011931,0
2017-05-10,41.727,41.825,41.374,41.649,2527968,0
2017-05-11,41.659,41.689,41.275,41.393,2214675,0
2017-05-12,41.491,41.589,41.225,41.323,1581220,0
2017-05-15,41.393,41.579,41.176,41.501,3087352,0
2017-05-16,41.64,41.977,41.337,41.58,2268576,0
2017-05-17,41.352,41.769,41.164,41.203,2489512,0
2017-05-18,41.134,41.352,40.796,40.995,2413054,0
2017-05-19,41.054,41.372,41.054,41.183,3706420,0
2017-05-22,41.233,41.441,41.074,41.183,3106499,0
2017-05-23,41.233,43.148,40.995,42.712,6939480,0
2017-05-24,42.156,42.553,41.848,42.225,3729573,0
2017-05-25,42.215,42.578,42.067,42.295,2053922,0
2017-05-26,42.235,42.513,41.858,42.126,1902894,0
2017-05-30,41.898,41.948,41.68,41.789,1848192,0
2017-05-31,41.967,41.967,41.253,41.263,3417323,0
2017-06-01,40.737,41.506,40.489,41.501,3523941,0
2017-06-02,41.63,42.017,41.372,41.898,2588213,0
2017-06-05,41.789,41.828,41.283,41.62,3448396,0
2017-06-06,41.551,41.819,41.243,41.63,2504208,0
2017-06-07,41.719,41.868,41.203,41.59,2808621,0
2017-06-08,41.481,41.868,41.392,41.69,2334751,0
2017-06-09,41.491,41.809,41.332,41.699,2324624,0
2017-06-12,41.749,42.465,41.625,42.106,3508139,0
2017-06-13,42.106,42.275,41.799,42.037,1945412,0
2017-06-14,42.106,42.126,41.58,41.729,2428235,0
2017-06-15,41.66,42.454,41.565,42.037,3303662,0
2017-06-16,41.938,42.285,41.571,42.235,5394082,0
2017-06-19,42.077,42.33,41.561,42.116,2878930,0
2017-06-20,42.067,42.116,41.054,41.164,2777967,0
2017-06-21,41.094,41.407,40.915,40.935,2580104,0
2017-06-22,40.935,41.144,40.697,40.717,2563462,0
2017-06-23,40.767,41.094,40.608,40.846,3721249,0
2017-06-26,40.955,41.149,40.747,40.985,1865217,0
2017-06-27,41.045,41.183,40.687,40.687,1899394,0
2017-06-28,40.935,41.005,40.653,40.826,2247295,0
2017-06-29,40.826,40.826,40.092,40.32,3541440,0
2017-06-30,40.568,41.238,40.509,41.064,3182821,0
2017-07-03,41.164,41.372,41.015,41.144,1449631,0
2017-07-05,41.035,41.809,40.955,41.481,3327179,0
2017-07-06,41.382,41.486,40.786,40.786,2745080,0
2017-07-07,40.945,41.049,40.727,40.925,2332969,0
2017-07-10,40.925,41.293,40.469,40.499,3043711,0
2017-07-11,40.37,40.429,39.913,39.983,3470119,0
2017-07-12,40.181,40.697,40.181,40.588,2792462,0
2017-07-13,40.757,41.243,40.588,41.064,2336474,0
2017-07-14,41.174,41.397,41.104,41.164,1553472,0
2017-07-17,41.144,41.382,40.687,41.283,1833537,0
2017-07-18,41.144,41.213,40.772,40.866,1962832,0
2017-07-19,40.935,41.352,40.806,40.965,3601961,0
2017-07-20,40.945,41.377,40.598,41.104,2480090,0
2017-07-21,41.064,41.243,40.714,40.945,2737872,0
2017-07-24,40.955,41.342,40.866,41.064,3608584,0
2017-07-25,41.233,41.759,41.134,41.64,3102332,0
2017-07-26,41.739,41.779,41.293,41.392,2394898,0
2017-07-27,41.382,41.521,40.945,41.461,3000839,0
2017-07-28,41.432,41.6,41.104,41.461,3149569,0
2017-07-31,41.61,42.354,41.481,41.858,9394421,0
2017-08-01,42.652,43.357,41.977,42.97,6387886,0
2017-08-02,42.771,42.99,42.057,42.166,4268683,0
2017-08-03,42.245,42.866,41.948,42.295,3415246,0
2017-08-04,42.315,42.364,41.948,42.265,2615066,0
2017-08-07,42.325,42.533,42.037,42.116,3271127,0
2017-08-08,42.116,42.325,41.779,41.918,3089306,0
2017-08-09,41.967,42.215,41.809,42.166,2334436,0
2017-08-10,42.017,42.166,41.779,41.799,3762369,0
2017-08-11,41.461,41.461,40.826,40.945,3813211,0
2017-08-14,41.064,41.888,41.064,41.63,2990477,0
2017-08-15,41.68,42.16,41.41,42.05,4097909,0
2017-08-16,42.21,42.57,41.97,42.15,2589894,0
2017-08-17,42.07,42.33,41.585,41.67,4221762,0
2017-08-18,41.66,41.66,41.26,41.27,2283192,0
2017-08-21,41.28,41.805,41.27,41.56,2617126,0
2017-08-22,41.54,41.925,41.535,41.72,2857234,0
2017-08-23,41.63,41.93,41.49,41.77,1865767,0
2017-08-24,41.75,41.88,41.06,41.08,2746125,0
2017-08-25,41.38,41.9,41.36,41.75,2216640,0
2017-08-28,41.75,42.07,41.63,41.77,2466574,0
2017-08-29,41.79,41.92,41.56,41.74,2379008,0
2017-08-30,41.66,42.04,41.62,41.86,2160333,0
2017-08-31,41.71,41.71,41.11,41.32,4198732,0
2017-09-01,41.37,42.29,41.32,42.2,3007061,0
2017-09-05,42.29,42.29,41.71,41.94,3015108,0
2017-09-06,42.0,42.47,41.77,42.4,3675145,0
2017-09-07,42.47,42.66,42.08,42.59,3525331,0
2017-09-08,42.52,42.65,42.34,42.37,2387740,0
2017-09-11,42.61,42.985,42.51,42.79,2208184,0
2017-09-12,43.0,43.28,42.65,43.21,3020301,0
2017-09-13,43.2,43.5597,42.97,43.29,2241390,0
2017-09-14,43.26,43.65,43.2,43.45,2917405,0
2017-09-15,43.27,43.84,43.25,43.84,5573639,0
2017-09-18,43.85,44.26,43.65,44.09,3219716,0
2017-09-19,44.11,44.11,43.44,43.89,2759212,0
2017-09-20,43.88,43.91,43.2,43.32,2771958,0
2017-09-21,43.33,43.595,43.26,43.29,2164696,0
2017-09-22,43.34,43.685,43.32,43.38,1576725,0
2017-09-25,43.47,43.7,43.28,43.57,2050961,0
2017-09-26,43.62,43.63,43.41,43.52,2209941,0
2017-09-27,43.51,43.65,42.74,43.05,3237412,0
2017-09-28,42.36,43.07,42.36,42.75,3006381,0
2017-09-29,42.54,42.76,42.31,42.51,2358953,0
2017-10-02,42.52,42.8,42.335,42.62,2411150,0
2017-10-03,42.67,42.835,42.57,42.72,2271971,0
2017-10-04,42.77,43.16,42.695,43.03,2202917,0
2017-10-05,43.07,43.55,43.0301,43.35,2165119,0
2017-10-06,43.24,43.27,42.89,43.0,2184290,0
2017-10-09,42.93,43.04,42.555,42.61,2063533,0
2017-10-10,42.72,43.035,42.64,43.01,2198106,0
2017-10-11,42.96,43.3,42.95,43.29,1379733,0
2017-10-12,43.23,43.54,43.23,43.44,1799160,0
2017-10-13,43.76,44.42,43.7,44.0,3327416,0
2017-10-16,43.97,44.04,43.5345,43.7,2606511,0
2017-10-17,43.62,43.7882,43.4,43.67,1270985,0
2017-10-18,43.67,43.85,43.29,43.31,1994622,0
2017-10-19,43.17,43.32,42.88,43.31,2126126,0
2017-10-20,43.48,43.5,43.26,43.49,2024026,0
2017-10-23,43.5,43.67,43.38,43.57,2244438,0
2017-10-24,43.595,43.98,43.54,43.73,2736066,0
2017-10-25,43.6,43.6,42.9,43.44,2229818,0
2017-10-26,43.67,43.77,42.98,43.01,3256893,0
2017-10-27,43.03,43.13,42.58,43.07,2682306,0
2017-10-30,42.95,43.09,42.595,42.81,3280717,0
2017-10-31,40.74,41.59,39.95,40.87,8963799,0
2017-11-01,40.97,41.11,40.08,40.62,7011630,0
2017-11-02,40.5,40.98,40.09,40.16,3717057,0
2017-11-03,40.13,40.19,39.65,39.78,3157903,0
2017-11-06,39.73,39.84,39.095,39.27,2881709,0
2017-11-07,39.27,39.57,39.22,39.54,4562835,0
2017-11-08,39.65,39.81,39.54,39.8,3273446,0
2017-11-09,39.69,40.15,39.51,39.6,3933849,0
2017-11-10,39.49,39.96,39.45,39.93,2591397,0
