Date,Open,High,Low,Close,Volume,OpenInt
2014-01-02,6.55,6.7,6.34,6.34,89246,0
2014-01-03,6.3,6.65,6.3,6.51,65344,0
2014-01-06,6.55,6.69,6.38,6.45,39400,0
2014-01-07,6.4,6.57,6.15,6.4,68000,0
2014-01-08,6.47,6.47,6.15,6.23,70400,0
2014-01-09,6.39,6.39,6.23,6.27,62500,0
2014-01-10,6.28,6.45,6.15,6.26,84300,0
2014-01-13,6.27,6.99,6.27,6.41,336500,0
2014-01-14,6.41,6.67,6.41,6.55,61600,0
2014-01-15,6.55,6.8,6.35,6.58,118500,0
2014-01-16,6.7,7.246,6.651,6.7,214499,0
2014-01-17,6.83,6.95,6.62,6.73,67300,0
2014-01-21,6.7,6.84,6.68,6.74,60500,0
2014-01-22,6.75,6.82,6.72,6.79,58200,0
2014-01-23,6.82,6.85,6.61,6.8,36300,0
2014-01-24,7.02,7.25,6.45,6.68,314500,0
2014-01-27,6.73,6.82,6.2,6.68,147900,0
2014-01-28,7.1,7.1,6.6,6.81,452700,0
2014-01-29,6.93,6.93,6.63,6.69,62900,0
2014-01-30,6.79,6.82,6.45,6.73,131100,0
2014-01-31,6.72,6.73,6.58,6.66,59200,0
2014-02-03,6.52,6.55,6.32,6.47,77705,0
2014-02-04,6.54,6.54,6.3,6.39,83635,0
2014-02-05,6.36,6.38,6.25,6.29,64297,0
2014-02-06,6.39,6.42,6.2635,6.29,58330,0
2014-02-07,6.35,6.4591,6.21,6.36,58882,0
2014-02-10,6.3,6.4,6.23,6.3,41321,0
2014-02-11,6.29,6.35,6.28,6.33,25019,0
2014-02-12,6.39,6.4,6.25,6.39,31461,0
2014-02-13,6.32,6.45,6.171,6.45,128788,0
2014-02-14,6.49,6.49,6.2,6.34,132781,0
2014-02-18,6.46,6.48,6.19,6.36,62636,0
2014-02-19,6.41,6.5,6.29,6.5,146757,0
2014-02-20,6.49,6.73,6.4,6.66,213487,0
2014-02-21,6.72,6.87,6.64,6.795,246901,0
2014-02-24,6.89,6.9,6.5201,6.77,198597,0
2014-02-25,6.71,6.79,6.46,6.77,118035,0
2014-02-26,6.73,6.8,6.59,6.73,91104,0
2014-02-27,6.73,6.75,6.68,6.72,57066,0
2014-02-28,6.72,6.72,6.3,6.65,140371,0
2014-03-03,6.5006,6.5013,6.327,6.4,45000,0
2014-03-04,6.37,6.49,6.21,6.37,74357,0
2014-03-05,6.32,6.3983,6.17,6.26,125062,0
2014-03-06,6.26,6.35,6.1501,6.21,88577,0
2014-03-07,6.13,6.4,6.05,6.28,84144,0
2014-03-10,6.2109,6.345,6.1604,6.27,32551,0
2014-03-11,6.3,6.35,6.18,6.28,45640,0
2014-03-12,6.25,6.39,6.2,6.37,62052,0
2014-03-13,6.39,6.4,6.2,6.31,41424,0
2014-03-14,6.2,6.36,6.2,6.2799,40903,0
2014-03-17,6.34,6.411,6.2601,6.36,128418,0
2014-03-18,6.38,6.5,6.3101,6.49,152021,0
2014-03-19,6.52,6.73,6.52,6.7,212762,0
2014-03-20,6.68,6.78,6.58,6.73,61420,0
2014-03-21,6.75,6.9,6.38,6.39,283995,0
2014-03-24,6.5784,6.5784,6.12,6.31,244793,0
2014-03-25,6.4,6.445,6.17,6.28,61396,0
2014-03-26,6.3,6.4,6.3,6.35,110600,0
2014-03-27,6.36,6.4,6.3101,6.4,80376,0
2014-03-28,6.63,6.63,6.3,6.335,131237,0
2014-03-31,6.35,6.45,6.18,6.36,112198,0
2014-04-01,6.3,6.41,6.25,6.32,48780,0
2014-04-02,6.32,6.32,5.7,6.06,462796,0
2014-04-03,6.09,6.09,5.39,5.6,501517,0
2014-04-04,5.67,5.75,4.75,5.29,399945,0
2014-04-07,5.3,5.3,4.82,5.15,246329,0
2014-04-08,5.7,5.9,5.25,5.5,754807,0
2014-04-09,5.69,5.89,5.42,5.83,611378,0
2014-04-10,6.1,6.18,5.61,5.83,326477,0
2014-04-11,5.75,5.8,5.31,5.51,319520,0
2014-04-14,5.56,5.57,5.05,5.21,183134,0
2014-04-15,5.21,5.35,4.66,5.3,262187,0
2014-04-16,5.3,5.37,4.923,5.19,109535,0
2014-04-17,5.15,5.68,5.1,5.62,340986,0
2014-04-21,5.94,5.94,5.64,5.76,110918,0
2014-04-22,5.65,5.9,5.2801,5.77,113825,0
2014-04-23,5.77,5.7999,5.66,5.71,31519,0
2014-04-24,5.75,5.75,5.5701,5.66,37818,0
2014-04-25,5.63,5.67,5.5,5.54,32518,0
2014-04-28,5.53,5.65,5.31,5.36,74637,0
2014-04-29,5.35,5.4999,5.2,5.39,51391,0
2014-04-30,5.48,5.5,5.25,5.42,32698,0
2014-05-01,5.39,5.6,5.34,5.45,56690,0
2014-05-02,5.63,5.87,5.62,5.81,51395,0
2014-05-05,5.81,6.0,5.67,5.91,77834,0
2014-05-06,5.75,5.94,5.6,5.77,73660,0
2014-05-07,5.8,5.8899,5.68,5.84,46072,0
2014-05-08,5.89,5.977,5.84,5.94,91855,0
2014-05-09,5.9,6.19,5.87,6.19,103225,0
2014-05-12,6.26,6.44,6.213,6.28,211696,0
2014-05-13,6.4,6.63,6.17,6.33,178375,0
2014-05-14,6.56,6.66,6.18,6.59,282062,0
2014-05-15,6.75,7.14,6.61,7.02,621528,0
2014-05-16,7.14,7.14,6.6001,6.79,353529,0
2014-05-19,6.8,6.95,6.5201,6.68,179695,0
2014-05-20,6.8,6.8,6.05,6.08,434522,0
2014-05-21,6.08,6.2,5.58,5.6,395927,0
2014-05-22,5.61,5.8899,5.5,5.81,120446,0
2014-05-23,5.75,5.93,5.66,5.74,97938,0
2014-05-27,5.6801,5.89,5.5301,5.82,90880,0
2014-05-28,5.8,5.8116,5.5,5.79,102864,0
2014-05-29,5.76,6.12,5.75,5.95,202617,0
2014-05-30,5.98,5.98,5.57,5.655,115832,0
2014-06-02,5.56,5.75,5.5,5.65,175059,0
2014-06-03,5.61,5.72,5.3,5.38,178481,0
2014-06-04,5.42,5.64,5.37,5.44,55592,0
2014-06-05,5.44,5.59,5.2701,5.3,95588,0
2014-06-06,5.55,5.55,5.36,5.38,38335,0
2014-06-09,5.38,5.4863,5.15,5.27,96925,0
2014-06-10,5.2,5.39,5.2,5.32,91400,0
2014-06-11,5.5,5.5001,5.09,5.28,154859,0
2014-06-12,5.3,5.45,5.192,5.35,55109,0
2014-06-13,5.36,5.44,5.29,5.32,88182,0
2014-06-16,5.48,5.54,5.35,5.5,98780,0
2014-06-17,5.37,5.37,5.01,5.15,340100,0
2014-06-18,5.19,5.2001,4.96,5.15,125717,0
2014-06-19,5.13,5.15,5.0,5.14,75603,0
2014-06-20,5.1,5.13,4.95,5.12,125931,0
2014-06-23,5.15,5.38,5.05,5.34,182930,0
2014-06-24,5.02,5.23,4.76,4.9,211797,0
2014-06-25,4.9,4.91,4.7125,4.8,90019,0
2014-06-26,4.77,4.78,4.5,4.78,176309,0
2014-06-27,4.74,4.98,4.74,4.94,67139,0
2014-06-30,4.83,4.95,4.75,4.81,50502,0
2014-07-01,4.82,4.8799,4.71,4.75,65862,0
2014-07-02,4.75,4.84,4.63,4.79,35700,0
2014-07-03,4.78,4.82,4.78,4.8,35859,0
2014-07-07,4.83,4.85,4.7236,4.78,101473,0
2014-07-08,4.8,4.88,4.505,4.59,173798,0
2014-07-09,4.54,4.62,4.5037,4.525,24790,0
2014-07-10,4.41,4.435,4.12,4.18,154892,0
2014-07-11,4.18,4.37,4.01,4.25,158266,0
2014-07-14,4.3,4.31,4.15,4.17,66713,0
2014-07-15,4.14,4.2,3.93,3.99,153475,0
2014-07-16,4.0,4.0,3.58,3.7,343761,0
2014-07-17,3.65,3.74,3.6,3.73,71677,0
2014-07-18,3.71,3.85,3.5,3.78,130052,0
2014-07-21,3.85,3.92,3.63,3.87,68872,0
2014-07-22,3.86,3.98,3.78,3.94,54861,0
2014-07-23,3.91,4.1799,3.91,4.08,73362,0
2014-07-24,4.14,4.14,4.01,4.03,29894,0
2014-07-25,4.02,4.09,4.0,4.015,45290,0
2014-07-28,4.0,4.03,3.8501,3.9299,43275,0
2014-07-29,4.06,4.135,3.87,3.88,98172,0
2014-07-30,3.89,3.91,3.8,3.85,28398,0
2014-07-31,3.88,3.9595,3.74,3.77,73186,0
2014-08-01,3.77,3.8206,3.59,3.64,54655,0
2014-08-04,3.59,3.71,3.58,3.61,43621,0
2014-08-05,3.66,3.66,3.56,3.58,82249,0
2014-08-06,3.5,3.59,3.5,3.55,28317,0
2014-08-07,3.6,3.7001,3.56,3.62,33719,0
2014-08-08,3.65,3.65,3.45,3.48,61116,0
2014-08-11,3.54,3.54,3.45,3.5,17942,0
2014-08-12,3.5,3.5,3.14,3.25,121913,0
2014-08-13,3.28,3.3799,3.14,3.26,57777,0
2014-08-14,3.25,3.2524,3.0,3.17,93589,0
2014-08-15,3.16,3.16,2.62,2.82,269014,0
2014-08-18,2.89,3.43,2.81,3.43,232907,0
2014-08-19,3.5,3.5,3.28,3.39,55042,0
2014-08-20,3.53,3.9201,3.43,3.75,296466,0
2014-08-21,3.78,3.97,3.68,3.89,109455,0
2014-08-22,3.98,4.2,3.79,4.0699,175414,0
2014-08-25,4.13,4.18,3.99,4.04,47557,0
2014-08-26,4.05,4.05,3.87,3.88,91404,0
2014-08-27,3.89,3.99,3.7355,3.9,56957,0
2014-08-28,3.9299,4.0,3.8301,3.95,55768,0
2014-08-29,3.93,4.07,3.8701,4.02,61741,0
2014-09-02,4.8,5.27,4.75,5.07,886241,0
2014-09-03,5.25,5.25,4.72,4.83,340610,0
2014-09-04,4.85,4.879,4.499,4.52,114751,0
2014-09-05,4.58,4.74,4.27,4.62,143055,0
2014-09-08,4.69,5.0828,4.58,4.97,158753,0
2014-09-09,4.97,5.07,4.76,4.86,64388,0
2014-09-10,4.72,5.0,4.67,4.89,65199,0
2014-09-11,4.81,5.0,4.75,4.95,55792,0
2014-09-12,4.85,5.0,4.85,4.94,43962,0
2014-09-15,4.99,5.04,4.85,4.96,79667,0
2014-09-16,5.0,5.0,4.85,4.85,47399,0
2014-09-17,4.78,4.98,4.68,4.81,45923,0
2014-09-18,4.83,4.9,4.729,4.8,16747,0
2014-09-19,4.73,4.95,4.69,4.95,46051,0
2014-09-22,4.89,4.89,4.75,4.78,47542,0
2014-09-23,4.79,4.89,4.67,4.74,45446,0
2014-09-24,4.7,4.8,4.5,4.56,40322,0
2014-09-25,4.68,4.795,4.5,4.66,67854,0
2014-09-26,4.74,4.82,4.61,4.75,36725,0
2014-09-29,4.72,4.755,4.53,4.71,70694,0
2014-09-30,4.74,4.75,4.59,4.68,18105,0
2014-10-01,4.56,4.75,4.474,4.49,40311,0
2014-10-02,4.46,4.55,4.36,4.52,38012,0
2014-10-03,4.53,4.66,4.43,4.47,42073,0
2014-10-06,4.47,4.59,4.28,4.41,48759,0
2014-10-07,4.39,4.48,4.28,4.41,27824,0
2014-10-08,4.35,4.44,4.13,4.33,51147,0
2014-10-09,4.32,4.32,4.07,4.2,18086,0
2014-10-10,4.17,4.17,3.77,4.05,78568,0
2014-10-13,4.0,4.0,3.88,4.0,43647,0
2014-10-14,3.8,4.0,3.77,3.85,63968,0
2014-10-15,3.81,4.18,3.8,3.95,96146,0
2014-10-16,4.01,4.15,3.9,4.07,65080,0
2014-10-17,4.15,4.15,4.0,4.11,35338,0
2014-10-20,4.07,4.32,4.02,4.24,94049,0
2014-10-21,4.21,4.48,4.1901,4.44,58944,0
2014-10-22,4.42,4.6999,4.28,4.67,27768,0
2014-10-23,4.5,4.6,4.308,4.43,37909,0
2014-10-24,4.44,4.49,4.34,4.39,19938,0
2014-10-27,4.32,4.47,4.19,4.45,33834,0
2014-10-28,4.46,4.49,4.3,4.42,27732,0
2014-10-29,4.39,4.45,4.25,4.39,36953,0
2014-10-30,4.35,4.5,4.35,4.5,24193,0
2014-10-31,4.5,4.69,4.42,4.69,58217,0
2014-11-03,4.66,4.66,4.438,4.59,44358,0
2014-11-04,4.54,4.57,4.39,4.46,31227,0
2014-11-05,4.47,4.57,4.35,4.36,15448,0
2014-11-06,4.33,4.4499,4.2,4.26,30430,0
2014-11-07,4.27,4.33,4.1,4.14,54417,0
2014-11-10,4.14,4.14,3.99,3.99,59501,0
2014-11-11,4.05,4.12,3.952,4.03,257081,0
2014-11-12,4.03,4.09,3.99,4.09,26695,0
2014-11-13,4.1,4.1,3.87,3.94,35823,0
2014-11-14,3.98,4.1,3.95,4.09,38678,0
2014-11-17,4.05,4.05,3.91,4.04,66321,0
2014-11-18,4.04,4.05,3.9,3.94,44993,0
2014-11-19,3.9,3.96,3.84,3.9,57721,0
2014-11-20,3.84,3.99,3.82,3.9303,14870,0
2014-11-21,3.95,3.98,3.91,3.93,19638,0
2014-11-24,3.98,4.0399,3.92,3.98,28689,0
2014-11-25,3.98,4.01,3.93,4.01,39010,0
2014-11-26,3.97,4.3687,3.9603,4.2,57274,0
2014-11-28,3.9948,4.24,3.9948,4.13,9739,0
2014-12-01,3.98,4.23,3.98,4.0999,31524,0
2014-12-02,4.08,4.5,4.08,4.5,64970,0
2014-12-03,4.5,4.5,4.34,4.5,19792,0
2014-12-04,4.42,4.65,4.42,4.65,31578,0
2014-12-05,4.61,4.83,4.61,4.83,82817,0
2014-12-08,4.8,4.82,4.65,4.75,40990,0
2014-12-09,4.74,4.74,4.53,4.73,22206,0
2014-12-10,4.72,4.75,4.64,4.75,31919,0
2014-12-11,4.67,4.9799,4.65,4.89,73061,0
2014-12-12,4.87,5.4775,4.87,5.29,147193,0
2014-12-15,5.29,5.5,5.1,5.12,154386,0
2014-12-16,5.09,5.38,5.09,5.38,40770,0
2014-12-17,5.37,5.44,5.18,5.36,28348,0
2014-12-18,5.4,5.5,5.4,5.49,40745,0
2014-12-19,5.48,5.5,5.3,5.45,64356,0
2014-12-22,5.5,5.5,5.275,5.35,43209,0
2014-12-23,5.32,5.36,5.0,5.11,68673,0
2014-12-24,5.18,5.21,5.1,5.17,21827,0
2014-12-26,5.22,5.38,5.16,5.23,7144,0
2014-12-29,5.37,6.0,5.25,5.99,235819,0
2014-12-30,6.0,6.26,5.8701,6.11,180837,0
2014-12-31,6.13,6.17,5.848,6.17,82627,0
2015-01-02,6.15,6.23,5.87,6.14,74940,0
2015-01-05,6.04,6.45,6.0,6.22,54836,0
2015-01-06,6.31,6.33,6.12,6.21,43934,0
2015-01-07,6.21,6.54,6.14,6.44,101393,0
2015-01-08,6.66,7.0,6.57,6.99,174024,0
2015-01-09,5.21,5.75,5.15,5.6,1680233,0
2015-01-12,5.63,5.97,5.51,5.82,555359,0
2015-01-13,5.94,5.95,5.6001,5.65,390412,0
2015-01-14,5.65,5.82,5.5,5.65,349331,0
2015-01-15,5.7,5.8,5.5,5.53,136236,0
2015-01-16,5.45,5.78,5.33,5.55,103618,0
2015-01-20,5.58,5.76,5.55,5.7452,124421,0
2015-01-21,5.76,6.1999,5.72,5.92,197213,0
2015-01-22,6.0,6.1599,5.87,5.925,132100,0
2015-01-23,6.0171,6.02,5.85,5.99,136594,0
2015-01-26,6.05,6.29,5.8775,6.2,191231,0
2015-01-27,6.18,6.45,6.15,6.4252,220791,0
2015-01-28,6.47,6.99,6.47,6.85,272574,0
2015-01-29,6.9,7.0,6.68,6.99,268855,0
2015-01-30,7.0,7.0,6.77,6.82,138482,0
2015-02-02,6.93,6.93,6.5501,6.83,77811,0
2015-02-03,6.83,6.85,6.58,6.625,132142,0
2015-02-04,6.65,6.65,6.06,6.26,185808,0
2015-02-05,6.27,6.55,6.2,6.5,204420,0
2015-02-06,6.523,6.5999,6.36,6.44,44581,0
2015-02-09,6.5,6.5846,6.26,6.49,91766,0
2015-02-10,6.53,6.53,6.35,6.39,89987,0
2015-02-11,6.39,6.53,6.33,6.47,139664,0
2015-02-12,6.52,6.55,6.38,6.51,146207,0
2015-02-13,6.55,6.55,6.38,6.5,56864,0
2015-02-17,6.55,6.82,6.5,6.55,165753,0
2015-02-18,6.5,6.53,6.4001,6.52,59415,0
2015-02-19,6.4501,6.61,6.4,6.445,118751,0
2015-02-20,6.47,6.61,6.32,6.51,150774,0
2015-02-23,6.57,6.57,6.4001,6.5,102639,0
2015-02-24,6.6,6.8,6.27,6.41,247293,0
2015-02-25,6.45,6.55,6.3,6.5,233160,0
2015-02-26,6.57,6.57,6.42,6.44,94484,0
2015-02-27,6.44,6.51,6.4,6.42,75182,0
2015-03-02,6.4,6.6,6.4,6.49,95300,0
2015-03-03,6.5,6.96,6.48,6.82,306400,0
2015-03-04,6.83,7.23,6.74,7.07,435400,0
2015-03-05,7.23,7.26,6.65,6.73,210700,0
2015-03-06,6.76,7.03,6.62,6.8,131700,0
2015-03-09,6.76,6.87,6.44,6.53,240600,0
2015-03-10,6.45,6.52,6.4,6.42,116800,0
2015-03-11,6.46,6.46,6.1,6.14,135800,0
2015-03-12,6.1,6.11,5.66,5.74,255200,0
2015-03-13,5.68,5.91,5.39,5.54,183800,0
2015-03-16,5.62,6.2,5.4,5.82,379900,0
2015-03-17,5.85,5.98,5.57,5.8,108200,0
2015-03-18,5.84,5.94,5.69,5.82,63100,0
2015-03-19,5.83,6.22,5.83,6.01,95800,0
2015-03-20,6.01,6.13,5.91,6.04,174100,0
2015-03-23,6.1,6.1,6.0,6.04,57100,0
2015-03-24,6.01,6.18,5.97,6.07,41400,0
2015-03-25,6.1,6.1,5.6,5.72,126800,0
2015-03-26,5.73,5.73,5.5,5.54,83100,0
2015-03-27,5.51,5.58,5.35,5.39,187600,0
2015-03-30,4.19,4.24,3.56,3.83,1308900,0
2015-03-31,3.76,3.95,3.68,3.94,294900,0
2015-04-01,3.96,4.0,3.69,3.77,153000,0
2015-04-02,3.78,3.9,3.77,3.84,86600,0
2015-04-06,3.8,3.9,3.75,3.81,106200,0
2015-04-07,3.8,3.86,3.75,3.79,62222,0
2015-04-08,3.8,3.98,3.76,3.84,67300,0
2015-04-09,3.83,3.97,3.83,3.91,51004,0
2015-04-10,3.92,4.66,3.92,4.54,289400,0
2015-04-13,4.51,5.18,4.51,4.87,390600,0
2015-04-14,4.9,5.15,4.27,4.63,206600,0
2015-04-15,4.9399,4.9399,4.53,4.64,93727,0
2015-04-16,4.91,5.16,4.77,4.92,159059,0
2015-04-17,4.92,5.14,4.8,4.88,74200,0
2015-04-20,4.94,5.02,4.8,4.99,75420,0
2015-04-21,5.03,5.03,4.67,4.67,97959,0
2015-04-22,4.69,4.8299,4.6,4.66,51175,0
2015-04-23,4.64,4.8,4.61,4.76,35900,0
2015-04-24,4.76,4.9,4.75,4.83,52700,0
2015-04-27,4.85,4.87,4.52,4.61,88300,0
2015-04-28,4.64,4.7,4.33,4.51,135200,0
2015-04-29,4.42,4.79,4.23,4.44,75100,0
2015-04-30,4.4,4.73,4.2,4.3,83700,0
2015-05-01,4.29,4.55,4.29,4.55,30600,0
2015-05-04,4.59,4.67,4.48,4.48,24200,0
2015-05-05,4.5,4.59,4.35,4.4,30600,0
2015-05-06,4.37,4.44,4.33,4.41,17089,0
2015-05-07,4.39,4.39,4.21,4.24,57804,0
2015-05-08,4.76,4.76,4.24,4.28,38200,0
2015-05-11,4.28,4.55,4.28,4.48,27900,0
2015-05-12,4.5,4.58,4.32,4.37,47424,0
2015-05-13,4.37,4.45,4.28,4.34,41800,0
2015-05-14,4.34,4.41,4.28,4.4,14700,0
2015-05-15,4.45,4.55,4.25,4.28,68400,0
2015-05-18,4.21,4.2984,3.8,3.97,135195,0
2015-05-19,4.11,4.29,3.96,4.16,61300,0
2015-05-20,4.23,4.27,3.91,4.15,63900,0
2015-05-21,4.13,4.3,3.95,4.0,44000,0
2015-05-22,3.96,4.08,3.93,4.05,41100,0
2015-05-26,4.06,4.1,3.9417,4.07,39425,0
2015-05-27,4.25,4.29,4.0,4.23,51700,0
2015-05-28,4.21,4.21,4.11,4.14,22100,0
2015-05-29,4.24,4.4,4.19,4.27,115400,0
2015-06-01,4.33,4.33,4.17,4.23,46700,0
2015-06-02,4.22,4.26,4.1,4.147,41393,0
2015-06-03,4.19,4.42,4.15,4.36,46800,0
2015-06-04,4.31,4.41,4.3,4.39,24100,0
2015-06-05,4.41,4.42,4.3,4.36,18000,0
2015-06-08,4.35,4.39,4.21,4.28,26900,0
2015-06-09,4.23,4.31,4.01,4.13,70461,0
2015-06-10,4.15,4.19,4.07,4.15,23335,0
2015-06-11,4.18,4.18,4.07,4.12,27130,0
2015-06-12,4.01,4.6,3.87,4.25,596500,0
2015-06-15,4.27,4.45,4.08,4.29,42900,0
2015-06-16,4.31,4.32,4.29,4.31,17200,0
2015-06-17,4.32,4.46,4.19,4.27,49600,0
2015-06-18,4.27,4.36,4.17,4.17,36600,0
2015-06-19,4.21,4.3,4.13,4.2,27000,0
2015-06-22,4.26,4.35,4.22,4.32,26300,0
2015-06-23,4.35,4.39,4.1987,4.31,14409,0
2015-06-24,4.28,4.3,4.16,4.3,32600,0
2015-06-25,4.22,4.26,4.16,4.16,4900,0
2015-06-26,4.16,4.29,4.09,4.29,41900,0
2015-06-29,4.18,4.19,4.01,4.19,38200,0
2015-06-30,4.11,4.21,4.1,4.2,14125,0
2015-07-01,4.24,4.25,4.01,4.04,27900,0
2015-07-02,4.13,4.14,4.03,4.1,15900,0
2015-07-06,4.11,4.25,4.01,4.1,23700,0
2015-07-07,4.15,4.17,3.94,3.97,37500,0
2015-07-08,3.94,4.0,3.91,3.92,27500,0
2015-07-09,3.93,4.13,3.93,4.0,22400,0
2015-07-10,4.11,4.2,4.02,4.08,37200,0
2015-07-13,4.1,4.19,4.06,4.08,18000,0
2015-07-14,4.1,4.17,4.0,4.08,24522,0
2015-07-15,4.12,4.14,4.07,4.07,22168,0
2015-07-16,4.07,4.22,4.01,4.19,28000,0
2015-07-17,4.14,4.25,4.12,4.19,20800,0
2015-07-20,4.21,4.4,4.2,4.2,52700,0
2015-07-21,4.22,4.32,4.05,4.11,34700,0
2015-07-22,4.1,4.39,4.08,4.24,39800,0
2015-07-23,4.23,4.34,4.23,4.26,13100,0
2015-07-24,4.24,4.29,4.1,4.24,30500,0
2015-07-27,4.22,4.35,4.14,4.29,22000,0
2015-07-28,4.29,4.29,4.16,4.16,12900,0
2015-07-29,4.2,4.39,4.1,4.18,12200,0
2015-07-30,4.12,4.24,4.1,4.14,19700,0
2015-07-31,4.15,4.3,4.11,4.19,53900,0
2015-08-03,4.16,4.2,4.11,4.1132,16436,0
2015-08-04,4.11,4.25,3.9,4.05,57600,0
2015-08-05,4.05,4.25,4.01,4.23,39700,0
2015-08-06,4.26,4.5,3.9,3.97,150994,0
2015-08-07,4.0,4.04,3.75,3.76,86600,0
2015-08-10,3.78,3.92,3.5,3.59,105600,0
2015-08-11,3.49,3.68,3.3,3.31,54272,0
2015-08-12,3.33,3.58,3.05,3.25,135400,0
2015-08-13,3.21,3.33,3.13,3.31,55000,0
2015-08-14,3.27,3.6,3.14,3.49,63400,0
2015-08-17,3.52,3.85,3.5,3.66,50300,0
2015-08-18,3.7,4.0,3.7,3.87,103300,0
2015-08-19,3.83,3.96,3.58,3.63,46100,0
2015-08-20,3.62,3.62,3.51,3.56,7600,0
2015-08-21,3.52,3.65,3.4,3.6,27600,0
2015-08-24,3.14,3.65,3.14,3.32,37019,0
2015-08-25,3.27,3.63,3.26,3.57,43600,0
2015-08-26,3.55,3.64,3.3,3.46,42000,0
2015-08-27,3.48,3.96,3.48,3.64,24500,0
2015-08-28,3.65,3.95,3.63,3.69,18200,0
2015-08-31,3.69,3.69,3.51,3.66,20200,0
2015-09-01,3.57,3.7,3.43,3.7,21000,0
2015-09-02,3.74,3.98,3.66,3.73,29800,0
2015-09-03,3.7,3.7,3.56,3.58,51000,0
2015-09-04,3.51,3.63,3.36,3.63,27800,0
2015-09-08,3.65,3.93,3.64,3.64,59300,0
2015-09-09,3.85,4.24,3.85,4.06,75500,0
2015-09-10,4.19,4.4955,4.04,4.3,187090,0
2015-09-11,4.33,4.48,4.33,4.48,31800,0
2015-09-14,4.45,4.5,4.3,4.4,31300,0
2015-09-15,4.42,4.42,4.24,4.38,42800,0
2015-09-16,4.45,4.63,4.39,4.61,43600,0
2015-09-17,4.61,4.68,4.47,4.63,28500,0
2015-09-18,4.54,4.64,4.44,4.58,34400,0
2015-09-21,4.64,4.67,4.58,4.61,21500,0
2015-09-22,4.55,4.55,4.4,4.52,40300,0
2015-09-23,4.52,4.6,4.15,4.45,11400,0
2015-09-24,4.49,4.55,4.3,4.37,17288,0
2015-09-25,4.4,4.41,4.07,4.1,23900,0
2015-09-28,4.05,4.06,3.61,3.79,119935,0
2015-09-29,3.73,4.19,3.6,3.62,82900,0
2015-09-30,3.62,3.89,3.53,3.87,56000,0
2015-10-01,3.88,4.03,3.84,4.03,36100,0
2015-10-02,3.93,4.05,3.93,4.01,12200,0
2015-10-05,4.03,4.2,3.85,4.15,31275,0
2015-10-06,4.11,4.18,3.97,4.09,10500,0
2015-10-07,4.07,4.12,3.98,3.99,9900,0
2015-10-08,4.03,4.21,4.0,4.05,12600,0
2015-10-09,4.03,4.05,3.92,4.0,8600,0
2015-10-12,4.03,4.05,3.86,4.0,19095,0
2015-10-13,3.99,4.25,3.93,4.24,50000,0
2015-10-14,4.25,4.25,4.0,4.02,52000,0
2015-10-15,4.08,4.1,3.75,3.87,83400,0
2015-10-16,3.82,3.96,3.82,3.96,11300,0
2015-10-19,4.0,4.03,3.86,3.89,20300,0
2015-10-20,3.97,3.97,3.83,3.88,9998,0
2015-10-21,3.86,3.86,3.62,3.76,42700,0
2015-10-22,3.8,3.88,3.75,3.84,5200,0
2015-10-23,3.86,3.86,3.7,3.76,16600,0
2015-10-26,3.89,3.92,3.72,3.79,27900,0
2015-10-27,3.76,3.89,3.73,3.79,24900,0
2015-10-28,3.77,4.19,3.77,4.08,29000,0
2015-10-29,4.06,4.15,3.72,4.08,76800,0
2015-10-30,4.11,4.48,4.04,4.32,57300,0
2015-11-02,4.32,4.4899,4.0981,4.24,34363,0
2015-11-03,4.22,4.49,4.08,4.14,9500,0
2015-11-04,4.17,4.3,4.16,4.19,4545,0
2015-11-05,4.15,4.27,4.11,4.22,25200,0
2015-11-06,4.19,4.2,4.11,4.15,14000,0
2015-11-09,4.19,4.19,3.79,3.9,56374,0
2015-11-10,3.87,3.88,3.78,3.87,27100,0
2015-11-11,3.87,4.0,3.81,3.81,12000,0
2015-11-12,3.84,4.07,3.79,3.96,24500,0
2015-11-13,4.01,4.24,3.89,4.24,32200,0
2015-11-16,4.21,4.49,4.18,4.26,82600,0
2015-11-17,4.28,4.28,4.1,4.22,15500,0
2015-11-18,4.2,4.2,4.05,4.08,16200,0
2015-11-19,4.03,4.23,3.96,3.99,41100,0
2015-11-20,4.03,4.16,4.01,4.15,26100,0
2015-11-23,4.13,4.45,4.08,4.34,81700,0
2015-11-24,4.36,4.38,4.01,4.37,39900,0
2015-11-25,4.31,4.44,4.25,4.44,21800,0
2015-11-27,4.45,4.45,4.3,4.43,25500,0
2015-11-30,4.44,4.63,4.42,4.55,46000,0
2015-12-01,4.63,5.08,4.6,4.92,188836,0
2015-12-02,5.0,6.0,5.0,5.475,428851,0
2015-12-03,5.95,5.9799,5.11,5.47,150853,0
2015-12-04,5.35,5.73,5.1,5.5,71200,0
2015-12-07,5.97,6.4,5.56,5.56,167900,0
2015-12-08,5.99,5.99,5.5,5.52,75862,0
2015-12-09,5.51,5.55,4.83,5.2,92700,0
2015-12-10,5.14,5.22,4.86,5.18,35800,0
2015-12-11,5.1,5.14,4.92,4.98,21000,0
2015-12-14,4.93,5.089,4.8201,4.93,27729,0
2015-12-15,4.92,5.28,4.91,5.01,24000,0
2015-12-16,5.01,5.24,4.97,5.05,42800,0
2015-12-17,5.13,5.33,5.04,5.13,18700,0
2015-12-18,5.13,5.84,5.1,5.41,97100,0
2015-12-21,5.48,5.7,5.11,5.27,32100,0
2015-12-22,5.3499,5.3499,5.06,5.15,41707,0
2015-12-23,5.16,5.5,5.11,5.26,25400,0
2015-12-24,5.1801,5.2715,5.04,5.175,11195,0
2015-12-28,5.3,5.446,5.16,5.25,22469,0
2015-12-29,5.3,5.39,5.21,5.25,30063,0
2015-12-30,5.28,5.39,5.2207,5.31,19410,0
2015-12-31,5.35,5.48,5.34,5.36,28772,0
2016-01-04,5.25,5.4899,5.11,5.22,35503,0
2016-01-05,5.428,5.428,5.18,5.23,16868,0
2016-01-06,5.25,5.38,5.16,5.23,44570,0
2016-01-07,5.14,5.3899,4.719,4.95,49117,0
2016-01-08,4.96,5.05,4.6,4.82,49911,0
2016-01-11,4.68,4.894,4.4301,4.59,55125,0
2016-01-12,4.61,4.8799,4.6,4.71,43601,0
2016-01-13,4.65,4.65,4.0501,4.33,86777,0
2016-01-14,4.28,4.45,4.0301,4.37,34947,0
2016-01-15,4.3,4.87,4.3,4.43,60895,0
2016-01-19,4.35,4.35,3.98,4.02,52200,0
2016-01-20,3.95,4.1,3.63,4.07,85951,0
2016-01-21,4.05,4.2799,4.02,4.22,22255,0
2016-01-22,4.33,4.53,4.29,4.38,37148,0
2016-01-25,4.34,4.6436,4.1,4.1,47339,0
2016-01-26,4.06,4.4,4.05,4.05,24499,0
2016-01-27,4.2,4.8699,4.03,4.5,33610,0
2016-01-28,4.58,4.75,4.4004,4.57,15878,0
2016-01-29,4.57,4.7199,4.43,4.63,32521,0
2016-02-01,4.71,4.8,4.525,4.77,16997,0
2016-02-02,4.75,4.8,4.68,4.71,8836,0
2016-02-03,4.76,4.76,4.55,4.73,18487,0
2016-02-04,4.75,4.75,4.67,4.67,12285,0
2016-02-05,4.7,4.75,4.6,4.68,45117,0
2016-02-08,4.58,4.7,4.37,4.41,53636,0
2016-02-09,4.32,4.54,4.21,4.41,45053,0
2016-02-10,4.42,4.43,4.3201,4.4,21703,0
2016-02-11,4.33,4.5,4.19,4.39,12196,0
2016-02-12,4.51,4.62,4.344,4.6,14010,0
2016-02-16,4.78,4.78,4.7,4.76,30843,0
2016-02-17,4.8,5.2299,4.794,5.0,48170,0
2016-02-18,4.88,4.99,4.81,4.99,22471,0
2016-02-19,4.91,5.1,4.81,5.08,43229,0
2016-02-22,5.17,5.7799,5.16,5.34,66227,0
2016-02-23,5.36,5.6699,5.2601,5.39,48049,0
2016-02-24,5.33,5.57,5.2201,5.3,35542,0
2016-02-25,5.34,5.86,5.34,5.69,74963,0
2016-02-26,5.84,5.9999,5.59,5.94,54560,0
2016-02-29,5.99,6.08,5.65,5.81,50876,0
2016-03-01,5.89,6.12,5.8,6.03,69970,0
2016-03-02,6.03,6.18,5.81,6.03,66314,0
2016-03-03,6.06,6.06,5.71,5.73,87771,0
2016-03-04,5.9184,5.95,5.7,5.77,106151,0
2016-03-07,5.86,5.992,5.72,5.8,60440,0
2016-03-08,5.77,5.95,5.53,5.61,35335,0
2016-03-09,5.61,5.61,5.14,5.29,67373,0
2016-03-10,5.24,5.76,5.08,5.41,94045,0
2016-03-11,5.41,5.6482,5.21,5.25,24121,0
2016-03-14,5.3,5.5,5.3,5.31,26783,0
2016-03-15,5.3,5.4,5.205,5.28,44523,0
2016-03-16,5.22,5.43,5.22,5.32,20523,0
2016-03-17,5.29,5.4,5.23,5.23,23214,0
2016-03-18,5.19,5.49,5.15,5.47,47468,0
2016-03-21,5.42,5.69,5.39,5.66,66261,0
2016-03-22,5.61,6.1298,5.61,6.0,173186,0
2016-03-23,6.01,6.04,5.86,5.98,66648,0
2016-03-24,6.01,6.738,5.92,6.63,150168,0
2016-03-28,6.87,6.981,5.45,5.59,235185,0
2016-03-29,6.74,6.74,5.82,6.14,89398,0
2016-03-30,6.29,6.3,5.9,6.06,34564,0
2016-03-31,6.1,6.34,6.01,6.13,57313,0
2016-04-01,6.12,6.28,6.042,6.19,59133,0
2016-04-04,6.29,6.29,6.02,6.15,75183,0
2016-04-05,6.06,6.32,5.9434,6.04,33748,0
2016-04-06,6.0,6.19,5.92,6.1,34669,0
2016-04-07,6.1,6.5999,6.1,6.39,120065,0
2016-04-08,6.48,6.72,6.4,6.52,75514,0
2016-04-11,6.64,6.745,6.29,6.33,31623,0
2016-04-12,6.28,6.75,6.2,6.72,133910,0
2016-04-13,6.75,6.97,6.6,6.89,153571,0
2016-04-14,6.96,8.12,6.805,8.07,412018,0
2016-04-15,7.95,8.23,7.64,8.13,250001,0
2016-04-18,8.2,8.72,8.15,8.62,306639,0
2016-04-19,8.6,8.75,8.21,8.34,297976,0
2016-04-20,8.45,8.5,7.995,8.1,168253,0
2016-04-21,8.19,8.3499,7.71,7.76,165677,0
2016-04-22,7.84,8.25,7.76,8.18,61066,0
2016-04-25,8.18,8.5699,8.075,8.13,49826,0
2016-04-26,8.19,8.2,8.01,8.15,33184,0
2016-04-27,8.15,8.34,7.9201,8.34,56094,0
2016-04-28,8.24,8.33,8.02,8.22,115646,0
2016-04-29,8.14,8.33,8.04,8.25,51891,0
2016-05-02,8.33,8.5825,8.11,8.48,125283,0
2016-05-03,8.52,9.0,8.3601,8.92,315638,0
2016-05-04,9.0,9.31,8.43,8.97,491620,0
2016-05-05,9.12,9.2,8.75,8.96,94882,0
2016-05-06,8.77,9.11,8.68,9.02,100786,0
2016-05-09,8.98,10.3,8.9101,10.12,717176,0
2016-05-10,10.76,10.98,8.98,8.99,607550,0
2016-05-11,8.9,9.34,8.14,8.5,381298,0
2016-05-12,8.6,8.8719,7.77,7.99,231592,0
2016-05-13,7.98,8.58,7.86,8.15,89213,0
2016-05-16,8.16,8.47,8.01,8.11,74130,0
2016-05-17,8.15,8.47,8.03,8.21,94091,0
2016-05-18,8.21,8.365,8.0,8.07,95101,0
2016-05-19,8.0,8.23,7.89,8.14,94734,0
2016-05-20,8.11,8.35,8.01,8.29,103888,0
2016-05-23,8.35,8.5899,8.23,8.3,148580,0
2016-05-24,8.42,8.7,8.31,8.61,145220,0
2016-05-25,8.69,8.7,8.38,8.46,86796,0
2016-05-26,8.46,8.57,8.35,8.505,42946,0
2016-05-27,8.58,8.86,8.3535,8.76,200995,0
2016-05-31,8.98,8.98,8.6,8.67,184276,0
2016-06-01,8.59,8.97,8.55,8.7,292521,0
2016-06-02,8.88,9.08,8.7,8.86,500500,0
2016-06-03,8.85,8.9399,8.5235,8.86,263274,0
2016-06-06,4.5,4.8,4.0,4.09,4856191,0
2016-06-07,4.13,4.17,3.75,3.82,1441249,0
2016-06-08,3.82,3.93,3.7,3.85,579255,0
2016-06-09,3.85,3.85,3.27,3.41,1114025,0
2016-06-10,3.38,3.47,3.04,3.41,629895,0
2016-06-13,3.43,3.44,3.19,3.29,289383,0
2016-06-14,3.19,3.25,3.01,3.12,389845,0
2016-06-15,3.15,3.23,3.05,3.09,498776,0
2016-06-16,3.05,3.1387,3.045,3.09,135904,0
2016-06-17,3.11,3.115,3.02,3.03,278626,0
2016-06-20,3.03,3.0883,2.87,2.87,472535,0
2016-06-21,2.9,3.08,2.87,2.95,348648,0
2016-06-22,2.95,2.9999,2.81,2.8301,176905,0
2016-06-23,2.87,2.8976,2.77,2.8,284512,0
2016-06-24,2.74,2.78,2.6,2.73,373379,0
2016-06-27,2.73,2.73,2.57,2.62,266018,0
2016-06-28,2.66,2.78,2.57,2.69,189700,0
2016-06-29,2.75,2.765,2.65,2.71,254812,0
2016-06-30,2.72,2.89,2.72,2.8,237401,0
2016-07-01,2.82,2.96,2.78,2.95,212894,0
2016-07-05,3.05,3.21,3.05,3.19,394964,0
2016-07-06,3.22,3.2958,3.12,3.16,284962,0
2016-07-07,3.18,3.18,3.01,3.1,261251,0
2016-07-08,3.1,3.3189,3.0625,3.28,191360,0
2016-07-11,3.31,3.3399,3.13,3.17,157925,0
2016-07-12,3.28,3.28,3.0701,3.13,212712,0
2016-07-13,3.12,3.17,3.02,3.05,168624,0
2016-07-14,3.06,3.11,2.83,3.06,363990,0
2016-07-15,3.1,3.14,3.01,3.06,121787,0
2016-07-18,3.1,3.11,3.0211,3.05,64081,0
2016-07-19,3.05,3.1,3.01,3.01,26057,0
2016-07-20,3.0101,3.04,3.01,3.01,45745,0
2016-07-21,3.0,3.1399,2.913,3.03,212117,0
2016-07-22,3.01,3.045,3.0,3.02,73701,0
2016-07-25,3.0,3.0299,2.866,2.9399,163424,0
2016-07-26,2.9,3.05,2.9,2.97,42077,0
2016-07-27,3.0,3.09,2.97,3.04,84148,0
2016-07-28,3.04,3.07,2.92,2.98,105379,0
2016-07-29,2.96,2.96,2.79,2.81,496202,0
2016-08-01,2.84,2.86,2.77,2.77,194504,0
2016-08-02,2.79,2.83,2.76,2.76,204688,0
2016-08-03,2.8,2.8499,2.749,2.7505,138350,0
2016-08-04,2.79,2.79,2.68,2.7,161153,0
2016-08-05,2.73,2.73,2.605,2.64,282946,0
2016-08-08,2.64,2.72,2.64,2.65,267929,0
2016-08-09,2.69,2.69,2.6,2.61,274435,0
2016-08-10,2.6,2.65,2.57,2.61,219471,0
2016-08-11,2.64,2.69,2.61,2.68,251051,0
2016-08-12,2.69,2.75,2.65,2.65,278752,0
2016-08-15,2.62,2.739,2.6,2.67,208076,0
2016-08-16,2.63,2.65,2.54,2.57,360048,0
2016-08-17,2.59,2.71,2.5,2.655,406505,0
2016-08-18,2.68,2.72,2.64,2.65,184179,0
2016-08-19,2.65,2.685,2.575,2.65,390460,0
2016-08-22,2.65,2.7,2.63,2.69,123649,0
2016-08-23,2.68,3.05,2.68,2.94,2507018,0
2016-08-24,3.09,3.1,2.71,2.75,1463796,0
2016-08-25,2.77,2.8999,2.68,2.77,456632,0
2016-08-26,2.89,3.57,2.83,3.47,14495784,0
2016-08-29,3.22,3.24,2.83,2.97,6727176,0
2016-08-30,2.97,2.97,2.8,2.88,930028,0
2016-08-31,2.86,3.04,2.81,2.95,865629,0
2016-09-01,2.96,2.9841,2.76,2.81,767648,0
2016-09-02,2.83,2.92,2.7,2.83,1242711,0
2016-09-06,2.85,2.87,2.76,2.81,339063,0
2016-09-07,2.81,2.91,2.77,2.86,729219,0
2016-09-08,2.89,3.1,2.8645,3.0194,973175,0
2016-09-09,3.1,3.1,2.85,2.96,556690,0
2016-09-12,3.0,3.09,2.95,3.08,474052,0
2016-09-13,3.05,3.09,2.81,2.91,1004974,0
2016-09-14,2.91,2.97,2.855,2.95,257963,0
2016-09-15,2.97,3.03,2.9,2.96,292152,0
2016-09-16,3.0,3.1,2.956,3.1,659386,0
2016-09-19,3.09,3.23,3.04,3.12,753433,0
2016-09-20,3.16,3.26,3.06,3.2,581259,0
2016-09-21,3.3,3.55,3.26,3.31,1547041,0
2016-09-22,3.33,3.45,3.29,3.39,370740,0
2016-09-23,3.4,3.48,3.16,3.39,563638,0
2016-09-26,3.42,3.47,3.35,3.45,418478,0
2016-09-27,3.49,3.64,3.3,3.37,961222,0
2016-09-28,3.35,3.4,3.23,3.34,431231,0
2016-09-29,3.39,3.39,3.2,3.26,309200,0
2016-09-30,3.3,3.44,3.19,3.43,297664,0
2016-10-03,3.4,3.45,3.27,3.35,258716,0
2016-10-04,3.36,3.39,3.3,3.32,232911,0
2016-10-05,3.38,3.39,3.21,3.26,337074,0
2016-10-06,3.25,3.3175,3.06,3.12,393831,0
2016-10-07,3.13,3.18,3.07,3.105,326403,0
2016-10-10,3.12,3.18,3.06,3.15,305993,0
2016-10-11,3.15,3.2165,2.96,3.02,386946,0
2016-10-12,3.0,3.05,2.86,2.9,311128,0
2016-10-13,2.88,2.9,2.76,2.86,263297,0
2016-10-14,2.83,2.88,2.75,2.77,232913,0
2016-10-17,2.8,2.8,2.68,2.74,202020,0
2016-10-18,2.8,2.98,2.73,2.75,122996,0
2016-10-19,2.77,2.79,2.72,2.77,115939,0
2016-10-20,2.8,2.84,2.72,2.82,112054,0
2016-10-21,2.82,2.82,2.76,2.8,111480,0
2016-10-24,2.85,2.9,2.6,2.7,256363,0
2016-10-25,2.85,2.85,2.65,2.8,137183,0
2016-10-26,2.8,2.8,2.65,2.7,620658,0
2016-10-27,2.7,2.7,2.4,2.5,330522,0
2016-10-28,2.45,2.79,2.45,2.7,339765,0
2016-10-31,2.65,2.7,2.55,2.575,130357,0
2016-11-01,2.55,2.65,2.5,2.5252,67335,0
2016-11-02,2.5,2.6,2.5,2.5,83464,0
2016-11-03,2.55,2.6,2.5,2.5,105914,0
2016-11-04,2.5,2.7,2.5,2.55,78732,0
2016-11-07,2.6,2.8,2.55,2.55,163561,0
2016-11-08,2.55,2.75,2.55,2.75,76921,0
2016-11-09,2.7,2.9,2.65,2.825,188559,0
2016-11-10,2.9,2.9,2.7,2.75,132947,0
2016-11-11,2.75,2.85,2.705,2.8,75902,0
2016-11-14,2.8,2.95,2.8,2.9,155271,0
2016-11-15,2.8,2.91,2.7,2.8,363816,0
2016-11-16,2.75,2.8745,2.75,2.75,106940,0
2016-11-17,2.8,2.8,2.75,2.75,96841,0
2016-11-18,2.8,2.945,2.75,2.875,106916,0
2016-11-21,2.9,3.05,2.9,2.95,130845,0
2016-11-22,3.0,3.0,2.9,2.95,131289,0
2016-11-23,2.95,3.0,2.9,2.9,106846,0
2016-11-25,3.0,3.0,2.9,2.95,48922,0
2016-11-28,2.9,3.0,2.85,2.85,83181,0
2016-11-29,2.85,2.95,2.85,2.85,105320,0
2016-11-30,2.85,2.95,2.8,2.85,74766,0
2016-12-01,2.8,2.95,2.795,2.85,99182,0
2016-12-02,2.85,2.95,2.8,2.8,61038,0
2016-12-05,2.75,2.9,2.75,2.9,119921,0
2016-12-06,2.9,3.0,2.8,2.95,107412,0
2016-12-07,2.9,2.925,2.85,2.85,68674,0
2016-12-08,2.8,2.895,2.75,2.75,157993,0
2016-12-09,2.75,2.9,2.7,2.8,272776,0
2016-12-12,2.85,2.95,2.85,2.95,102424,0
2016-12-13,2.95,3.35,2.95,3.2,985643,0
2016-12-14,3.3,3.35,3.05,3.05,499945,0
2016-12-15,3.0,3.15,2.9,3.15,353494,0
2016-12-16,3.2,3.3,3.0,3.05,288243,0
2016-12-19,3.0,3.15,2.85,2.85,246728,0
2016-12-20,3.0,3.0,2.75,2.85,182751,0
2016-12-21,2.8,2.95,2.55,2.65,478789,0
2016-12-22,2.7,2.85,2.6,2.7,208145,0
2016-12-23,2.65,2.95,2.65,2.85,88647,0
2016-12-27,2.9,3.15,2.9,3.1,357213,0
2016-12-28,3.05,3.2,2.85,3.1,303953,0
2016-12-29,3.15,3.2111,3.1,3.1,174777,0
2016-12-30,3.15,3.15,3.0624,3.15,144433,0
2017-01-03,3.15,3.25,3.025,3.25,390752,0
2017-01-04,3.25,3.25,3.2,3.2,234462,0
2017-01-05,3.25,3.25,3.2,3.2,137834,0
2017-01-06,3.2,3.3315,3.1625,3.25,379193,0
2017-01-09,3.3,3.325,3.15,3.3,321850,0
2017-01-10,3.3,3.45,3.25,3.45,401982,0
2017-01-11,3.45,3.55,3.35,3.4,454137,0
2017-01-12,3.4,3.45,3.2,3.25,347532,0
2017-01-13,3.25,3.259,2.925,3.2,675296,0
2017-01-17,3.2,3.2,2.955,3.075,232629,0
2017-01-18,3.05,3.1,2.95,3.0,197213,0
2017-01-19,3.25,3.35,2.8,3.05,974862,0
2017-01-20,3.1,3.15,2.95,3.15,287287,0
2017-01-23,3.1,3.1248,3.0,3.1,120097,0
2017-01-24,3.15,3.2,3.0,3.05,189203,0
2017-01-25,3.05,3.2,3.0,3.175,165787,0
2017-01-26,3.2,3.25,3.15,3.15,148016,0
2017-01-27,3.2,3.2,3.1,3.1,76281,0
2017-01-30,3.15,3.15,3.05,3.1,216199,0
2017-01-31,3.1,3.1,3.0,3.1,297954,0
2017-02-01,3.1,3.1,3.0,3.05,111954,0
2017-02-02,3.05,3.1,3.0,3.1,182475,0
2017-02-03,3.1,3.15,3.05,3.1,224074,0
2017-02-06,3.15,3.275,3.055,3.12,451498,0
2017-02-07,3.1,3.2,3.1,3.15,116289,0
2017-02-08,3.15,3.25,3.1,3.2,182509,0
2017-02-09,3.2,3.25,3.15,3.2,248374,0
2017-02-10,3.3,3.3,3.2,3.25,296832,0
2017-02-13,3.25,3.35,3.2,3.35,242290,0
2017-02-14,3.35,3.65,3.3,3.55,627001,0
2017-02-15,3.6,3.7,3.4,3.5,219924,0
2017-02-16,3.6,3.6,3.3,3.45,384205,0
2017-02-17,3.5,3.5,3.4,3.5,206551,0
2017-02-21,3.5,3.55,3.4,3.5,175023,0
2017-02-22,3.45,3.45,3.3,3.4,100162,0
2017-02-23,3.4,3.5,3.25,3.3,205016,0
2017-02-24,3.3,3.35,3.25,3.25,150222,0
2017-02-27,3.25,3.35,3.2,3.3,232289,0
2017-02-28,3.3,3.5,3.3,3.45,316286,0
2017-03-01,3.5,3.6,3.4,3.5,185519,0
2017-03-02,3.6,3.6,3.5,3.5,166251,0
2017-03-03,3.5,3.6,3.45,3.575,250561,0
2017-03-06,3.55,3.9,3.55,3.75,446640,0
2017-03-07,3.85,4.1,3.75,4.0,871114,0
2017-03-08,4.1,4.45,4.05,4.3,1875881,0
2017-03-09,4.45,4.55,4.38,4.45,787928,0
2017-03-10,4.5,4.55,4.25,4.35,553834,0
2017-03-13,4.3572,4.6,4.3,4.6,281509,0
2017-03-14,4.8,4.8,4.39,4.45,615291,0
2017-03-15,4.45,4.55,4.25,4.55,309487,0
2017-03-16,4.65,4.65,4.4,4.45,323831,0
2017-03-17,4.45,4.65,4.4,4.55,208215,0
2017-03-20,4.65,4.65,4.25,4.4,353121,0
2017-03-21,4.55,4.55,4.25,4.3,214453,0
2017-03-22,4.4,4.5,4.05,4.45,688248,0
2017-03-23,4.5,4.5,4.15,4.2,330350,0
2017-03-24,4.3,4.34,4.2,4.3,179328,0
2017-03-27,4.25,4.3,4.15,4.25,145654,0
2017-03-28,4.2,4.35,4.15,4.25,245173,0
2017-03-29,4.25,4.3,4.2,4.25,103932,0
2017-03-30,4.25,4.3,4.2,4.25,139260,0
2017-03-31,4.3,4.35,4.2,4.25,205622,0
2017-04-03,4.3,4.6,4.3,4.4,605481,0
2017-04-04,4.4,4.65,4.4,4.5,528089,0
2017-04-05,4.5,4.65,4.45,4.575,442694,0
2017-04-06,4.6,4.645,4.5,4.6,180281,0
2017-04-07,4.65,4.65,4.5,4.65,240348,0
2017-04-10,4.65,4.7,4.55,4.6,189201,0
2017-04-11,4.6,4.6,4.5,4.5,160760,0
2017-04-12,4.5,4.55,4.45,4.5,227483,0
2017-04-13,4.5,4.6,4.4,4.55,235835,0
2017-04-17,4.6,4.645,4.5,4.55,196092,0
2017-04-18,4.5,4.525,4.45,4.45,168077,0
2017-04-19,4.45,4.5,4.4,4.5,115305,0
2017-04-20,4.5,4.55,4.35,4.4,204245,0
2017-04-21,3.7,3.9,3.5234,3.85,4423813,0
2017-04-24,3.95,4.05,3.85,4.0,1417591,0
2017-04-25,4.0,4.05,3.95,4.0,462743,0
2017-04-26,4.0,4.0,3.9,3.9,519963,0
2017-04-27,4.0,4.0,3.85,3.9,431319,0
2017-04-28,3.85,3.85,3.375,3.7,1618775,0
2017-05-01,3.75,3.85,3.7,3.8,227464,0
2017-05-02,3.8,3.825,3.6,3.6,522005,0
2017-05-03,3.65,3.7,3.5,3.55,427872,0
2017-05-04,3.55,3.6,3.55,3.6,147382,0
2017-05-05,3.6,3.6,3.4,3.5,481479,0
2017-05-08,3.45,3.75,3.45,3.75,487552,0
2017-05-09,3.8,3.95,3.7,3.95,576938,0
2017-05-10,3.9,3.95,3.7,3.8,556954,0
2017-05-11,3.8,3.8,3.7,3.8,160409,0
2017-05-12,3.8,3.85,3.6,3.75,397103,0
2017-05-15,3.7,3.775,3.6,3.7,878796,0
2017-05-16,3.75,3.8,3.5,3.6,1062935,0
2017-05-17,3.6,3.79,3.4199,3.65,520168,0
2017-05-18,3.65,3.75,3.55,3.75,214697,0
2017-05-19,3.75,3.95,3.75,3.9,597052,0
2017-05-22,3.95,4.2063,3.9,3.95,854962,0
2017-05-23,4.0,4.1,3.8,4.05,589926,0
2017-05-24,4.1,4.1,3.9,4.0,374074,0
2017-05-25,4.0,4.0,3.8,3.8,339826,0
2017-05-26,3.85,3.9,3.65,3.7,413665,0
2017-05-30,3.75,3.9,3.6,3.65,684297,0
2017-05-31,3.65,3.9,3.65,3.85,1114015,0
2017-06-01,3.9,4.2,3.89,4.15,1045567,0
2017-06-02,4.15,4.55,4.15,4.55,1643147,0
2017-06-05,4.7,4.75,4.45,4.55,1490665,0
2017-06-06,4.55,4.55,4.05,4.35,948846,0
2017-06-07,4.4,4.4,4.2,4.25,435642,0
2017-06-08,4.25,4.25,3.95,4.1,1221293,0
2017-06-09,4.15,4.5,4.15,4.3,1528045,0
2017-06-12,4.4,4.45,4.3,4.325,758351,0
2017-06-13,4.4,4.425,4.1,4.2,1473484,0
2017-06-14,4.25,4.29,3.5,3.75,2072318,0
2017-06-15,3.9,5.9,3.6,5.75,12268871,0
2017-06-16,6.15,6.45,5.15,5.2,18715458,0
2017-06-19,5.2,5.2,4.5,5.1,5796033,0
2017-06-20,5.0,5.1,4.71,4.825,1828096,0
2017-06-21,4.8,5.1,4.6,4.95,1325699,0
2017-06-22,4.95,5.34,4.95,5.3,1945697,0
2017-06-23,5.4,5.45,5.15,5.4,2111761,0
2017-06-26,5.45,5.45,5.15,5.2,1001194,0
2017-06-27,5.35,5.35,4.94,5.0,1228908,0
2017-06-28,5.0,5.2,4.9,5.2,529851,0
2017-06-29,5.2,5.2,4.95,5.05,521589,0
2017-06-30,5.2,5.2,5.05,5.15,504544,0
2017-07-03,5.2,5.4,5.15,5.3,364997,0
2017-07-05,5.25,5.6,5.2,5.55,1097106,0
2017-07-06,5.7,5.7,5.45,5.55,598123,0
2017-07-07,5.7,5.7,5.3,5.5,460574,0
2017-07-10,5.55,5.6,5.3,5.575,374031,0
2017-07-11,5.55,5.6,5.2,5.4,524798,0
2017-07-12,5.4,5.6,5.3,5.45,416249,0
2017-07-13,5.5,5.5,5.3,5.35,355288,0
2017-07-14,5.3,5.4,5.2,5.3,577422,0
2017-07-17,5.3,5.35,5.1,5.25,674854,0
2017-07-18,5.2,5.25,5.1,5.1,299768,0
2017-07-19,5.1,5.195,4.95,5.1,718389,0
2017-07-20,5.1,5.15,4.6,4.65,1658040,0
2017-07-21,4.7,4.945,4.7,4.85,519819,0
2017-07-24,4.95,5.0,4.625,4.75,573352,0
2017-07-25,4.7,4.8,4.675,4.75,296319,0
2017-07-26,4.8,4.8,4.5,4.6,490661,0
2017-07-27,4.6,4.65,4.3,4.35,836836,0
2017-07-28,4.35,4.75,4.305,4.7,444843,0
2017-07-31,4.75,4.75,4.55,4.6,296381,0
2017-08-01,4.6,4.69,4.35,4.45,568595,0
2017-08-02,4.45,4.45,4.2,4.35,406915,0
2017-08-03,4.4,4.4,4.2,4.375,297317,0
2017-08-04,4.368,4.7,4.35,4.6,276771,0
2017-08-07,4.6,4.795,4.55,4.55,387255,0
2017-08-08,4.6,4.65,4.5,4.6,207353,0
2017-08-09,4.6,4.6,4.3,4.55,431492,0
2017-08-10,4.45,4.5,4.35,4.5,245779,0
2017-08-11,4.45,5.0,4.35,4.8,843757,0
2017-08-14,4.85,4.905,4.8,4.85,213085,0
2017-08-15,4.8,4.8,4.455,4.7,364427,0
2017-08-16,4.65,4.65,4.4336,4.6,458112,0
2017-08-17,4.55,4.7,4.5092,4.55,163001,0
2017-08-18,4.55,4.9,4.4777,4.6,508434,0
2017-08-21,4.8,4.95,4.65,4.85,626967,0
2017-08-22,4.9,5.4,4.869,5.3,1216944,0
2017-08-23,5.3,5.575,5.0,5.25,656696,0
2017-08-24,5.3,5.5,5.2558,5.35,529480,0
2017-08-25,5.4,5.45,5.2,5.35,279247,0
2017-08-28,5.35,5.35,5.05,5.2,891907,0
2017-08-29,5.2,5.25,5.15,5.15,440478,0
2017-08-30,5.15,5.45,5.05,5.4,598597,0
2017-08-31,5.45,5.7,5.375,5.45,648312,0
2017-09-01,5.55,5.625,5.4,5.5,448713,0
2017-09-05,5.45,5.75,5.4,5.65,602142,0
2017-09-06,5.7,5.7,5.4,5.5,367832,0
2017-09-07,5.5,5.55,5.25,5.4,345892,0
2017-09-08,5.45,5.55,5.35,5.45,297111,0
2017-09-11,5.4,5.645,5.159,5.5,667848,0
2017-09-12,5.5,5.55,5.3,5.4,468187,0
2017-09-13,5.55,5.55,5.25,5.3,836533,0
2017-09-14,5.35,5.355,5.1,5.2,736077,0
2017-09-15,5.2,5.3,5.04,5.15,421123,0
2017-09-18,5.2,5.231,5.05,5.15,387215,0
2017-09-19,5.1,5.3,5.1,5.1,359511,0
2017-09-20,5.05,5.25,5.05,5.2,307981,0
2017-09-21,5.25,5.35,5.1,5.2,420179,0
2017-09-22,5.2,5.35,5.1,5.25,649577,0
2017-09-25,5.25,5.3,5.1,5.3,796741,0
2017-09-26,5.25,5.35,5.2,5.25,340459,0
2017-09-27,5.25,5.4,5.15,5.275,649475,0
2017-09-28,5.25,5.3,5.2,5.3,243316,0
2017-09-29,5.25,5.35,5.15,5.225,596072,0
2017-10-02,5.2,5.35,5.2,5.25,479825,0
2017-10-03,5.25,5.2872,5.15,5.175,788752,0
2017-10-04,5.25,5.3,5.2,5.2,485375,0
2017-10-05,5.25,5.55,5.245,5.375,852654,0
2017-10-06,5.4,5.4,5.25,5.275,245063,0
2017-10-09,5.25,5.345,5.1,5.2,579839,0
2017-10-10,5.2,5.3,5.05,5.125,672967,0
2017-10-11,5.15,5.291,5.1,5.2,553396,0
2017-10-12,5.25,5.25,5.1,5.1,260717,0
2017-10-13,5.1,5.1425,4.41,4.8,1668043,0
2017-10-16,4.8,4.95,4.65,4.75,296256,0
2017-10-17,4.75,5.05,4.6,4.95,723125,0
2017-10-18,5.15,5.15,4.945,5.05,559188,0
2017-10-19,5.0,5.333,4.9,5.25,656852,0
2017-10-20,5.3,5.75,5.2,5.35,1188215,0
2017-10-23,5.6,5.85,5.45,5.65,1001411,0
2017-10-24,5.7,5.79,5.3,5.4,754124,0
2017-10-25,5.45,5.7,5.35,5.45,700495,0
2017-10-26,5.5,5.55,5.4,5.4,581815,0
2017-10-27,5.45,5.45,5.25,5.4,431114,0
2017-10-30,5.4,5.44,5.1,5.2,533780,0
2017-10-31,5.25,5.25,5.1,5.2,306619,0
2017-11-01,5.25,5.25,5.0,5.05,452598,0
2017-11-02,5.0,5.25,5.0,5.2,259986,0
2017-11-03,5.1,5.25,5.1,5.2,330056,0
2017-11-06,5.2,5.25,5.1,5.1,402131,0
2017-11-07,5.1,5.1,4.75,4.9,987974,0
2017-11-08,4.95,5.0,4.75,4.8,464364,0
2017-11-09,4.75,4.888,4.55,4.7,472312,0
2017-11-10,4.85,4.95,4.6,4.775,651315,0
