Date,Open,High,Low,Close,Volume,OpenInt
2014-01-02,64.369,64.593,63.736,64.12,2448425,0
2014-01-03,64.4,65.334,64.232,64.819,2426244,0
2014-01-06,64.722,65.012,63.744,64.079,1911789,0
2014-01-07,64.215,65.052,64.146,64.859,1714010,0
2014-01-08,64.475,64.828,64.161,64.514,2329023,0
2014-01-09,66.643,66.643,64.659,64.738,1799326,0
2014-01-10,65.084,65.126,64.201,64.514,1836069,0
2014-01-13,64.458,64.499,63.301,63.471,2599787,0
2014-01-14,63.678,64.256,63.382,64.194,2001465,0
2014-01-15,64.232,64.746,64.0,64.306,2522196,0
2014-01-16,64.265,64.441,64.0,64.079,1307947,0
2014-01-17,63.846,64.507,63.785,64.208,3413947,0
2014-01-21,64.584,64.876,64.079,64.491,1803559,0
2014-01-22,64.562,64.812,64.265,64.538,1624586,0
2014-01-23,65.782,66.24,63.317,63.678,1785625,0
2014-01-24,63.14,63.284,61.794,61.802,2669034,0
2014-01-27,61.904,62.249,61.303,61.421,2161008,0
2014-01-28,61.327,61.985,61.19,61.847,1941805,0
2014-01-29,61.375,62.015,61.167,61.447,2040446,0
2014-01-30,61.785,62.339,61.303,62.066,1741412,0
2014-01-31,61.022,61.938,60.974,61.505,2318559,0
2014-02-03,61.514,61.65,59.249,59.479,3962144,0
2014-02-04,62.562,62.562,57.737,60.179,4865441,0
2014-02-05,59.834,61.277,58.363,59.04,3568330,0
2014-02-06,58.972,59.685,58.693,59.577,2936018,0
2014-02-07,59.738,60.187,59.376,60.131,2112444,0
2014-02-10,60.604,60.709,59.278,59.777,2500726,0
2014-02-11,59.512,60.138,59.423,59.944,3141200,0
2014-02-12,60.676,60.941,60.058,60.684,5016289,0
2014-02-13,60.417,61.245,60.38,61.19,2525141,0
2014-02-14,60.821,61.413,60.46,61.236,2130485,0
2014-02-18,61.245,61.48,60.83,61.413,2232653,0
2014-02-19,61.052,61.794,60.949,61.143,1999485,0
2014-02-20,61.213,61.734,60.909,61.43,1550901,0
2014-02-21,61.65,61.816,61.117,61.184,2435662,0
2014-02-24,61.27,62.209,61.184,61.665,2151160,0
2014-02-25,61.888,62.007,61.245,61.832,1943994,0
2014-02-26,61.872,62.242,61.673,62.161,2857602,0
2014-02-27,61.922,62.547,61.904,62.402,2502036,0
2014-02-28,62.53,63.004,61.985,62.451,2928545,0
2014-03-03,61.863,61.981,61.286,61.559,2182885,0
2014-03-04,62.385,63.044,62.275,62.989,3219263,0
2014-03-05,62.628,62.776,62.209,62.402,2071997,0
2014-03-06,62.53,62.811,62.339,62.65,1672167,0
2014-03-07,62.861,63.371,62.74,63.076,2001451,0
2014-03-10,63.102,63.206,62.443,62.795,2113019,0
2014-03-11,62.708,62.996,62.316,62.547,1701242,0
2014-03-12,62.427,62.829,62.207,62.766,2068877,0
2014-03-13,62.837,62.983,61.957,62.199,3427111,0
2014-03-14,62.644,62.863,62.054,62.651,2860403,0
2014-03-17,62.952,63.422,62.782,63.414,3204552,0
2014-03-18,63.313,63.855,63.243,63.814,2178371,0
2014-03-19,63.888,63.888,62.854,63.252,1714135,0
2014-03-20,62.892,63.436,62.74,63.289,1460641,0
2014-03-21,64.09,64.139,62.612,62.813,5740222,0
2014-03-24,62.901,63.015,61.528,61.763,2426676,0
2014-03-25,61.957,62.482,61.635,61.948,1981276,0
2014-03-26,62.289,62.409,61.56,61.56,1751722,0
2014-03-27,61.44,61.982,61.037,61.942,2679410,0
2014-03-28,62.215,62.748,61.859,62.168,1636550,0
2014-03-31,62.321,62.709,62.029,62.418,1796831,0
2014-04-01,62.248,62.636,61.917,62.612,2187412,0
2014-04-02,62.538,62.928,62.418,62.748,2063336,0
2014-04-03,62.999,63.015,62.223,62.506,1468745,0
2014-04-04,62.571,62.837,61.213,61.254,2504366,0
2014-04-07,61.39,61.553,60.608,60.811,2118995,0
2014-04-08,60.963,61.353,60.719,61.043,2060510,0
2014-04-09,60.972,61.368,60.64,61.303,1965165,0
2014-04-10,63.08,63.116,60.769,60.769,4611311,0
2014-04-11,60.374,60.827,59.535,59.565,3379809,0
2014-04-14,60.098,60.242,59.282,59.977,2451397,0
2014-04-15,60.026,60.696,59.622,60.657,2610239,0
2014-04-16,61.159,61.159,60.342,60.939,2385860,0
2014-04-17,60.786,61.763,60.752,61.651,2524385,0
2014-04-21,61.213,61.754,61.213,61.449,1146382,0
2014-04-22,61.507,61.892,61.205,61.668,1472639,0
2014-04-23,61.286,61.836,61.286,61.635,1719926,0
2014-04-24,62.079,62.223,61.659,61.901,1896252,0
2014-04-25,61.593,61.948,60.999,61.125,1779637,0
2014-04-28,61.431,61.828,60.582,61.142,2622993,0
2014-04-29,61.528,62.315,61.414,62.199,2339139,0
2014-04-30,61.44,63.298,61.431,62.983,2640176,0
2014-05-01,62.991,63.234,62.506,62.709,1596338,0
2014-05-02,62.571,63.177,62.451,62.644,2178505,0
2014-05-05,62.434,62.974,62.005,62.91,1510023,0
2014-05-06,62.562,62.693,62.182,62.255,2090965,0
2014-05-07,62.409,62.628,61.772,62.58,2615060,0
2014-05-08,62.468,63.152,62.321,62.892,2274510,0
2014-05-09,62.709,63.226,62.621,63.073,1674015,0
2014-05-12,63.007,63.921,63.007,63.735,1633084,0
2014-05-13,63.727,63.921,63.494,63.76,1538799,0
2014-05-14,63.838,63.905,62.969,63.088,1243762,0
2014-05-15,62.892,63.015,61.781,62.005,2615369,0
2014-05-16,62.174,62.885,61.763,62.863,2264945,0
2014-05-19,62.628,63.113,62.499,63.056,1388272,0
2014-05-20,63.136,63.136,62.506,62.66,2043532,0
2014-05-21,63.073,63.073,62.547,62.79,1610173,0
2014-05-22,62.885,63.243,62.628,63.08,1230387,0
2014-05-23,63.274,63.727,63.128,63.701,1198741,0
2014-05-27,63.83,64.066,63.71,64.066,1451210,0
2014-05-28,64.404,64.462,63.668,63.719,1549892,0
2014-05-29,63.968,64.284,63.743,64.275,1315537,0
2014-05-30,64.428,64.534,64.122,64.372,2749785,0
2014-06-02,64.35,64.566,63.945,64.13,1213581,0
2014-06-03,63.76,64.13,63.451,63.59,2842701,0
2014-06-04,63.28,63.693,63.084,63.685,2889694,0
2014-06-05,63.652,63.693,63.032,63.582,1875469,0
2014-06-06,63.905,64.365,63.659,64.317,1748313,0
2014-06-09,64.251,64.732,64.251,64.632,1586743,0
2014-06-10,64.519,64.93,64.122,64.147,2451117,0
2014-06-11,63.887,64.18,63.48,63.836,1973916,0
2014-06-12,63.82,63.912,63.357,63.603,1438721,0
2014-06-13,63.828,64.264,63.603,64.057,1332586,0
2014-06-16,63.782,64.318,63.766,63.927,1263905,0
2014-06-17,63.79,64.065,63.571,63.579,2404473,0
2014-06-18,63.579,63.967,63.333,63.895,2755927,0
2014-06-19,64.057,64.147,63.682,63.773,2025927,0
2014-06-20,64.097,64.747,63.804,64.578,4304182,0
2014-06-23,64.506,64.692,64.097,64.391,1133335,0
2014-06-24,64.334,64.718,64.09,64.259,1284939,0
2014-06-25,64.017,64.569,63.895,64.414,1277172,0
2014-06-26,64.438,64.438,63.912,64.301,1080345,0
2014-06-27,64.259,64.663,64.093,64.601,1678524,0
2014-06-30,64.318,64.609,64.065,64.438,1377645,0
2014-07-01,64.715,65.48,64.373,65.325,2021987,0
2014-07-02,65.105,65.309,64.707,65.202,1718619,0
2014-07-03,65.114,65.519,65.024,65.505,954046,0
2014-07-07,65.171,65.447,65.105,65.382,1355937,0
2014-07-08,65.318,65.675,65.123,65.407,1861989,0
2014-07-09,65.57,65.609,65.179,65.407,1160770,0
2014-07-10,64.886,65.675,64.839,65.143,1172763,0
2014-07-11,65.243,65.268,64.715,65.131,1315465,0
2014-07-14,65.341,65.43,65.154,65.301,986182,0
2014-07-15,65.341,65.601,64.934,65.301,1144526,0
2014-07-16,65.48,65.578,65.284,65.43,1211633,0
2014-07-17,65.056,65.456,64.91,64.992,1312220,0
2014-07-18,65.373,65.962,65.041,65.862,1710868,0
2014-07-21,65.505,65.896,65.356,65.821,1233428,0
2014-07-22,65.966,66.475,65.857,66.389,1025220,0
2014-07-23,66.292,66.552,66.072,66.511,1284094,0
2014-07-24,66.324,67.064,66.316,66.999,1559587,0
2014-07-25,67.071,67.155,66.681,67.146,1473373,0
2014-07-28,67.032,67.146,66.577,67.047,1085786,0
2014-07-29,67.171,67.211,66.543,66.543,1626016,0
2014-07-30,66.917,67.025,66.417,66.772,2051151,0
2014-07-31,66.836,67.055,65.779,66.09,2015474,0
2014-08-01,65.732,66.511,65.732,66.278,2076354,0
2014-08-04,66.097,66.243,65.505,66.008,2604643,0
2014-08-05,66.024,66.024,65.154,65.415,1891265,0
2014-08-06,65.364,65.57,65.135,65.318,1279140,0
2014-08-07,65.578,65.812,64.871,65.08,1624829,0
2014-08-08,65.187,66.064,65.187,65.935,1581198,0
2014-08-11,66.008,66.44,65.966,66.115,1210178,0
2014-08-12,65.926,66.389,65.779,66.057,1258676,0
2014-08-13,66.278,66.706,65.975,66.65,1302970,0
2014-08-14,68.097,68.097,66.397,66.968,978181,0
2014-08-15,67.576,67.585,66.381,66.868,2036416,0
2014-08-18,67.155,67.731,67.06,67.667,1158305,0
2014-08-19,67.47,67.91,67.422,67.813,1034926,0
2014-08-20,67.691,68.015,67.292,67.926,1326364,0
2014-08-21,67.926,68.332,67.683,68.184,997727,0
2014-08-22,68.317,68.439,67.691,67.86,1125143,0
2014-08-25,68.055,68.226,67.683,67.968,1040018,0
2014-08-26,67.95,68.464,67.808,68.13,1314985,0
2014-08-27,68.072,68.251,67.813,68.007,1062096,0
2014-08-28,67.488,68.047,67.488,67.869,1023979,0
2014-08-29,68.234,68.234,67.389,67.853,1915446,0
2014-09-02,68.015,68.226,67.683,68.023,1485018,0
2014-09-03,68.105,68.405,67.95,68.097,1309965,0
2014-09-04,68.007,68.634,67.976,68.121,1087174,0
2014-09-05,68.007,68.576,67.968,68.552,1477547,0
2014-09-08,68.325,68.664,68.064,68.347,1058748,0
2014-09-09,68.155,68.317,67.829,67.959,1232459,0
2014-09-10,68.114,68.383,67.787,68.35,1565156,0
2014-09-11,68.098,68.185,67.599,68.015,1647442,0
2014-09-12,68.065,68.164,67.304,67.868,2067212,0
2014-09-15,67.682,68.35,67.485,68.227,1516879,0
2014-09-16,67.493,68.308,67.493,68.185,1699644,0
2014-09-17,68.236,68.269,67.697,68.14,1745322,0
2014-09-18,68.253,68.925,68.106,68.825,1971677,0
2014-09-19,69.12,69.227,68.311,68.572,2895845,0
2014-09-22,68.194,68.482,67.665,67.926,1520688,0
2014-09-23,67.803,67.926,67.518,67.533,1525945,0
2014-09-24,67.459,68.719,67.354,68.614,1658902,0
2014-09-25,68.35,68.35,67.295,67.329,2118162,0
2014-09-26,67.229,67.657,66.87,67.518,2035138,0
2014-09-29,67.083,67.778,66.962,67.697,2066550,0
2014-09-30,68.131,68.221,67.606,67.917,2884460,0
2014-10-01,68.057,68.104,66.547,66.556,3798925,0
2014-10-02,66.828,67.686,66.642,67.564,3227732,0
2014-10-03,68.551,69.93,68.542,69.754,4802412,0
2014-10-06,69.856,69.93,69.233,69.447,3132780,0
2014-10-07,69.28,69.428,68.478,68.513,2396446,0
2014-10-08,68.291,69.874,68.272,69.688,2230735,0
2014-10-09,69.707,69.846,68.177,68.206,2116992,0
2014-10-10,68.263,68.794,67.702,67.712,2571000,0
2014-10-13,67.861,68.143,67.032,67.05,2209156,0
2014-10-14,67.618,68.011,67.331,67.694,2240695,0
2014-10-15,67.098,67.414,65.698,66.892,2664347,0
2014-10-16,65.969,67.236,65.878,66.753,2338533,0
2014-10-17,67.573,68.011,66.642,67.731,1824627,0
2014-10-20,67.6,68.393,67.423,68.354,2280649,0
2014-10-21,68.618,69.792,68.263,69.711,1679614,0
2014-10-22,69.864,70.062,69.482,69.53,1519621,0
2014-10-23,70.594,71.012,70.098,70.302,1569143,0
2014-10-24,70.508,71.058,70.33,71.012,1214530,0
2014-10-27,71.058,71.385,70.779,71.262,1184010,0
2014-10-28,71.703,72.057,71.03,71.999,2483917,0
2014-10-29,71.841,72.782,71.693,72.613,1456234,0
2014-10-30,72.586,73.986,72.039,73.574,2268249,0
2014-10-31,75.123,76.407,74.42,76.212,3983546,0
2014-11-03,75.951,76.855,75.932,76.174,2905281,0
2014-11-04,76.743,77.683,76.416,77.489,2691569,0
2014-11-05,78.075,78.634,77.656,78.56,2495806,0
2014-11-06,78.897,79.304,78.42,78.973,2281858,0
2014-11-07,79.109,79.195,77.983,78.629,2619630,0
2014-11-10,78.569,79.473,78.336,79.324,1729182,0
2014-11-11,79.295,79.511,78.878,79.166,1359661,0
2014-11-12,78.998,79.715,78.869,79.404,1627007,0
2014-11-13,79.614,80.042,79.195,79.595,1557653,0
2014-11-14,79.314,79.703,78.711,78.978,1988377,0
2014-11-17,78.969,79.287,78.783,79.065,1643740,0
2014-11-18,79.065,79.324,78.701,78.978,1939302,0
2014-11-19,79.018,79.018,78.336,78.534,2534991,0
2014-11-20,78.542,78.672,77.907,78.388,2690617,0
2014-11-21,79.176,79.418,78.103,78.411,2888694,0
2014-11-24,78.756,79.135,78.682,79.013,2463163,0
2014-11-25,78.988,79.274,78.737,78.764,1987969,0
2014-11-26,78.95,79.176,78.616,79.082,2142972,0
2014-11-28,79.446,80.386,79.036,79.81,1359857,0
2014-12-01,79.379,80.61,79.213,80.21,2205131,0
2014-12-02,80.2,80.648,79.792,79.96,1798587,0
2014-12-03,79.669,80.145,79.203,80.088,2015661,0
2014-12-04,80.2,80.535,79.892,80.195,1666539,0
2014-12-05,79.95,80.069,79.314,79.978,1923042,0
2014-12-08,79.547,80.154,79.26,79.762,1796472,0
2014-12-09,79.379,79.725,78.616,79.446,2083641,0
2014-12-10,79.259,80.176,78.716,78.856,2160354,0
2014-12-11,80.167,80.205,79.135,79.294,2108993,0
2014-12-12,78.236,79.343,77.327,77.327,2577217,0
2014-12-15,77.618,78.189,76.893,77.59,1972573,0
2014-12-16,77.58,78.797,77.261,77.711,2122548,0
2014-12-17,77.44,79.538,77.44,79.376,2033748,0
2014-12-18,80.486,80.551,79.697,80.307,3772039,0
2014-12-19,80.092,80.747,79.352,79.399,4513487,0
2014-12-22,79.408,80.346,79.303,80.327,1783988,0
2014-12-23,80.897,81.047,79.803,79.83,2500755,0
2014-12-24,79.794,80.239,79.697,79.894,1131218,0
2014-12-26,80.205,80.524,79.794,79.856,1073860,0
2014-12-29,79.688,79.894,79.501,79.548,1325747,0
2014-12-30,79.427,79.586,78.743,78.836,1523185,0
2014-12-31,79.089,79.548,78.135,78.144,1926302,0
2015-01-02,77.778,78.904,77.347,78.067,1997528,0
2015-01-05,78.029,79.144,77.749,78.01,3492199,0
2015-01-06,78.077,78.488,76.822,77.363,2741612,0
2015-01-07,77.063,78.097,76.67,78.039,2218048,0
2015-01-08,78.697,79.839,78.394,79.83,3583437,0
2015-01-09,79.717,79.848,78.836,79.259,1868804,0
2015-01-12,79.427,79.707,78.555,78.87,1414813,0
2015-01-13,79.482,80.139,78.067,78.716,2052783,0
2015-01-14,77.87,78.724,77.769,78.483,1912096,0
2015-01-15,78.724,79.053,78.105,78.452,1530824,0
2015-01-16,78.319,79.333,77.946,79.268,2412734,0
2015-01-20,79.511,79.876,78.536,79.642,1943254,0
2015-01-21,79.259,79.811,78.826,79.259,2034897,0
2015-01-22,79.67,81.349,78.733,81.18,2422930,0
2015-01-23,81.19,81.713,80.973,81.403,2240303,0
2015-01-26,80.916,81.444,80.13,81.143,1629786,0
2015-01-27,80.337,81.021,79.465,80.261,1810819,0
2015-01-28,80.476,80.888,79.164,79.23,2243011,0
2015-01-29,79.154,79.501,78.264,79.063,3167551,0
2015-01-30,78.697,78.956,77.299,77.357,4349416,0
2015-02-02,76.69,78.264,76.587,78.207,2998142,0
2015-02-03,78.875,80.007,78.274,79.803,3679632,0
2015-02-04,81.676,81.713,80.298,81.153,3903874,0
2015-02-05,81.011,81.723,80.506,81.703,2295245,0
2015-02-06,81.684,81.872,80.824,81.021,2551201,0
2015-02-09,80.616,81.066,80.364,80.616,1814677,0
2015-02-10,80.785,81.312,80.28,81.094,2722904,0
2015-02-11,81.273,81.761,80.888,81.375,1937723,0
2015-02-12,81.733,82.286,81.525,82.245,1998276,0
2015-02-13,82.436,83.185,82.276,83.185,2066563,0
2015-02-17,82.259,82.548,81.118,81.649,4257926,0
2015-02-18,81.172,82.23,81.172,82.1,1882215,0
2015-02-19,82.117,82.322,81.413,82.23,1673448,0
2015-02-20,82.305,83.185,81.582,83.124,2145474,0
2015-02-23,83.165,83.644,82.697,83.58,1921940,0
2015-02-24,83.58,83.775,82.96,83.663,1513624,0
2015-02-25,83.729,84.076,83.224,83.484,1726147,0
2015-02-26,83.617,83.653,83.055,83.269,1521701,0
2015-02-27,83.278,83.832,82.904,83.269,1937425,0
2015-03-02,83.308,84.571,83.026,84.525,1889794,0
2015-03-03,83.935,84.347,82.792,83.139,3213601,0
2015-03-04,82.716,82.763,81.094,81.143,3527160,0
2015-03-05,81.143,81.461,80.852,81.312,2911029,0
2015-03-06,80.916,81.517,80.457,80.608,2145423,0
2015-03-09,80.476,81.545,80.476,81.394,1580926,0
2015-03-10,80.635,80.897,79.811,79.811,2043427,0
2015-03-11,80.123,80.546,79.794,80.123,1826412,0
2015-03-12,80.518,81.536,80.244,81.441,1263041,0
2015-03-13,81.161,81.517,80.433,80.961,1750886,0
2015-03-16,81.564,82.515,81.262,82.345,1764782,0
2015-03-17,81.933,82.318,81.603,81.676,2106770,0
2015-03-18,81.668,82.734,80.66,82.345,2045138,0
2015-03-19,82.47,82.762,82.272,82.365,2274051,0
2015-03-20,82.771,82.959,82.47,82.744,4369258,0
2015-03-23,82.978,82.978,82.291,82.309,1689786,0
2015-03-24,82.157,82.584,81.979,81.979,1238752,0
2015-03-25,82.14,82.157,79.886,79.886,1810712,0
2015-03-26,79.435,79.915,79.103,79.576,1697103,0
2015-03-27,79.509,80.046,79.377,79.784,1511474,0
2015-03-30,80.094,81.234,80.055,80.971,1208944,0
2015-03-31,80.46,81.392,80.301,80.735,1784387,0
2015-04-01,80.82,80.82,79.499,80.376,1594103,0
2015-04-02,80.932,81.621,80.575,81.0,1803074,0
2015-04-06,80.753,81.696,80.527,81.311,1537779,0
2015-04-07,81.291,81.668,80.903,80.937,1102750,0
2015-04-08,80.782,81.735,80.63,81.611,1409215,0
2015-04-09,81.499,81.772,80.763,81.64,1225546,0
2015-04-10,81.791,81.819,81.224,81.394,1970251,0
2015-04-13,81.196,81.735,80.848,81.0,1412609,0
2015-04-14,80.83,81.206,80.32,80.716,1449737,0
2015-04-15,80.981,81.151,80.702,80.848,1571221,0
2015-04-16,80.66,80.84,80.367,80.49,1552269,0
2015-04-17,80.114,80.141,78.53,78.746,2084918,0
2015-04-20,78.81,80.042,78.81,79.944,1498456,0
2015-04-21,80.283,81.188,79.944,80.226,1646794,0
2015-04-22,80.264,80.593,79.764,80.424,1053930,0
2015-04-23,80.244,81.17,80.151,80.848,1060758,0
2015-04-24,80.743,80.743,79.49,80.127,1259193,0
2015-04-27,80.527,80.565,79.679,79.848,1556025,0
2015-04-28,79.944,80.74,79.536,80.707,1738978,0
2015-04-29,80.207,81.018,79.905,80.5,2030924,0
2015-04-30,80.34,81.073,79.49,79.696,2327619,0
2015-05-01,79.687,81.339,79.679,81.102,2212739,0
2015-05-04,81.508,82.006,81.188,81.545,2113452,0
2015-05-05,81.603,81.603,80.274,80.707,1627521,0
2015-05-06,80.81,81.234,79.934,80.518,1708193,0
2015-05-07,80.114,81.631,80.114,81.353,1757578,0
2015-05-08,81.846,82.781,81.8,82.345,1554010,0
2015-05-11,82.281,82.695,82.075,82.215,1804666,0
2015-05-12,82.035,82.205,80.932,81.791,1643976,0
2015-05-13,81.686,82.264,81.262,81.365,2069579,0
2015-05-14,81.988,82.987,81.564,82.95,2007378,0
2015-05-15,83.119,83.336,82.496,82.744,1704715,0
2015-05-18,82.602,82.781,82.025,82.47,1690153,0
2015-05-19,82.724,83.073,82.414,82.866,1989688,0
2015-05-20,83.016,83.016,82.414,82.424,1875136,0
2015-05-21,82.355,82.602,82.095,82.272,1609591,0
2015-05-22,82.318,82.432,81.836,81.846,1590288,0
2015-05-26,81.593,81.846,80.34,80.527,1981038,0
2015-05-27,80.565,81.102,80.396,80.99,2139865,0
2015-05-28,80.951,81.348,80.711,81.045,1376283,0
2015-05-29,81.038,81.073,80.207,80.612,2321893,0
2015-06-01,80.886,81.054,79.669,80.415,1715774,0
2015-06-02,79.915,80.772,79.509,80.556,2157017,0
2015-06-03,80.858,80.961,80.244,80.565,1843914,0
2015-06-04,80.065,80.433,79.121,79.265,1792149,0
2015-06-05,79.283,79.726,78.464,79.435,1436158,0
2015-06-08,79.131,79.651,78.632,78.719,1624973,0
2015-06-09,78.595,78.81,78.115,78.397,1664830,0
2015-06-10,78.672,80.266,78.558,79.824,1714026,0
2015-06-11,80.133,80.503,79.847,80.246,1516805,0
2015-06-12,79.793,80.085,79.326,79.516,1206884,0
2015-06-15,78.945,79.126,78.168,78.633,1771149,0
2015-06-16,78.558,79.099,78.255,78.974,1581550,0
2015-06-17,79.289,79.421,78.491,78.974,1196339,0
2015-06-18,79.297,80.418,79.062,80.208,1641234,0
2015-06-19,80.085,80.303,79.592,80.046,3064712,0
2015-06-22,80.236,81.044,80.236,80.607,1478314,0
2015-06-23,80.692,80.882,80.161,80.388,1011084,0
2015-06-24,80.266,80.378,79.279,79.306,1632693,0
2015-06-25,79.382,79.553,78.918,79.042,1265514,0
2015-06-26,79.45,79.506,78.738,79.004,3047209,0
2015-06-29,78.521,78.521,76.67,76.727,1870802,0
2015-06-30,77.307,77.439,75.675,76.083,2835406,0
2015-07-01,75.401,76.995,75.401,76.709,1920362,0
2015-07-02,77.031,77.058,76.198,76.653,1889676,0
2015-07-06,75.968,76.755,75.865,76.653,1585556,0
2015-07-07,76.785,77.041,75.723,76.88,1842750,0
2015-07-08,76.548,76.624,75.846,75.895,1703767,0
2015-07-09,76.956,77.202,76.481,76.519,1674557,0
2015-07-10,77.63,77.639,76.888,77.307,1445728,0
2015-07-13,77.752,78.045,77.419,77.506,1410612,0
2015-07-14,77.496,77.772,77.268,77.657,1462660,0
2015-07-15,77.713,78.298,77.288,78.235,2520879,0
2015-07-16,78.605,78.748,78.064,78.615,1630374,0
2015-07-17,78.721,78.721,77.998,78.133,1946936,0
2015-07-20,78.123,78.133,77.685,77.923,1605380,0
2015-07-21,77.933,78.026,76.936,77.202,2071263,0
2015-07-22,77.41,77.865,77.249,77.469,1612446,0
2015-07-23,77.211,77.317,76.548,76.755,1443093,0
2015-07-24,76.841,76.86,75.552,75.657,2040998,0
2015-07-27,75.495,75.827,75.127,75.6,1739619,0
2015-07-28,75.637,76.519,75.305,76.414,1623939,0
2015-07-29,76.291,78.245,76.226,78.084,2894303,0
2015-07-30,75.865,77.732,74.31,75.988,4943634,0
2015-07-31,76.055,76.388,75.21,75.647,3146542,0
2015-08-03,74.528,75.988,74.451,75.968,2416155,0
2015-08-04,76.378,77.183,75.998,76.509,2899156,0
2015-08-05,77.552,77.828,76.814,77.61,2071157,0
2015-08-06,77.552,77.644,75.94,76.149,1587453,0
2015-08-07,76.036,76.301,75.591,76.139,1225653,0
2015-08-10,76.824,77.722,76.814,77.382,2142757,0
2015-08-11,77.058,77.667,76.575,77.126,2044018,0
2015-08-12,76.567,77.478,76.007,77.335,1973402,0
2015-08-13,77.307,78.701,77.116,78.188,2109857,0
2015-08-14,77.913,78.872,77.705,78.701,2128310,0
2015-08-17,78.539,80.388,78.312,80.322,3550102,0
2015-08-18,79.963,80.748,79.734,80.312,2757852,0
2015-08-19,80.027,80.805,79.704,80.105,1976988,0
2015-08-20,79.382,79.667,78.435,78.435,2399319,0
2015-08-21,77.61,78.074,75.136,75.136,3272979,0
2015-08-24,71.163,73.759,60.967,72.337,6902400,0
2015-08-25,74.441,74.547,69.653,69.72,3759316,0
2015-08-26,71.712,73.865,71.085,73.779,4737794,0
2015-08-27,74.27,74.793,72.517,73.998,3168370,0
2015-08-28,73.741,74.727,73.731,74.359,2738238,0
2015-08-31,73.836,74.35,73.125,73.324,2493381,0
2015-09-01,71.559,72.176,70.801,71.217,2803090,0
2015-09-02,72.499,73.125,71.551,73.105,2835991,0
2015-09-03,73.115,74.053,73.039,73.541,2058398,0
2015-09-04,72.298,72.926,71.815,72.215,1960118,0
2015-09-08,73.341,74.205,73.039,74.159,1860571,0
2015-09-09,74.902,75.359,73.796,73.967,3167486,0
2015-09-10,73.576,75.179,73.557,74.36,2320652,0
2015-09-11,73.748,74.787,73.681,74.73,1581176,0
2015-09-14,74.893,75.142,74.025,74.205,1478795,0
2015-09-15,74.36,75.666,74.149,75.285,1788031,0
2015-09-16,75.322,76.152,75.159,75.952,1822926,0
2015-09-17,76.038,76.984,75.59,75.799,2109475,0
2015-09-18,74.969,76.334,74.95,75.399,4062077,0
2015-09-21,75.752,76.706,75.447,76.248,1751460,0
2015-09-22,74.854,75.684,74.615,75.57,1836968,0
2015-09-23,75.733,76.132,75.265,75.742,1213089,0
2015-09-24,75.017,76.22,74.549,75.942,1879776,0
2015-09-25,76.762,77.746,75.742,76.63,2338596,0
2015-09-28,76.324,76.752,74.941,75.026,1923706,0
2015-09-29,74.969,75.657,74.722,75.475,2144106,0
2015-09-30,76.477,76.752,75.666,76.687,2802502,0
2015-10-01,77.211,77.47,76.343,77.193,2314808,0
2015-10-02,76.152,77.66,75.142,77.642,2869149,0
2015-10-05,78.443,79.235,78.148,78.919,1995823,0
2015-10-06,78.692,79.119,78.471,78.672,1978224,0
2015-10-07,78.814,80.026,78.814,79.826,1799963,0
2015-10-08,79.74,81.535,79.417,81.229,2233282,0
2015-10-09,81.458,82.06,81.095,81.344,2295004,0
2015-10-12,81.144,81.852,81.144,81.764,1095826,0
2015-10-13,81.316,81.792,80.991,81.267,1469469,0
2015-10-14,81.4,81.973,81.057,81.247,1286453,0
2015-10-15,81.706,82.04,81.048,82.04,1292898,0
2015-10-16,82.354,83.004,81.992,82.728,1932746,0
2015-10-19,82.613,83.595,82.546,83.31,1508499,0
2015-10-20,83.08,83.615,82.976,83.423,1371936,0
2015-10-21,83.692,84.436,83.328,83.452,1686280,0
2015-10-22,83.911,85.716,83.71,85.59,2205094,0
2015-10-23,85.887,86.459,85.58,86.391,1920799,0
2015-10-26,86.106,86.525,85.627,85.991,2407340,0
2015-10-27,85.991,86.249,85.018,86.201,2128913,0
2015-10-28,84.284,85.17,82.927,83.891,3563590,0
2015-10-29,83.891,84.484,82.613,84.321,2594809,0
2015-10-30,84.321,84.598,82.985,83.014,3185823,0
2015-11-02,83.014,83.462,82.489,83.014,1994910,0
2015-11-03,82.909,83.216,82.516,82.765,1787778,0
2015-11-04,83.176,83.396,82.862,82.985,1670414,0
2015-11-05,83.319,83.396,82.546,83.004,1374949,0
2015-11-06,82.747,83.862,82.307,83.625,1766758,0
2015-11-09,83.061,83.216,82.262,82.794,1435453,0
2015-11-10,82.516,83.31,82.364,82.976,1621204,0
2015-11-11,83.386,83.93,82.832,83.196,1272779,0
2015-11-12,83.024,83.368,82.27,82.279,1246057,0
2015-11-13,81.945,82.708,81.114,81.163,1351162,0
2015-11-16,81.267,82.586,81.173,82.566,1187796,0
2015-11-17,82.497,82.67,81.668,81.964,1487284,0
2015-11-18,82.334,82.595,81.545,82.546,1457314,0
2015-11-19,82.651,82.765,82.317,82.442,1110105,0
2015-11-20,82.966,83.644,82.536,83.3,1886325,0
2015-11-23,83.27,83.625,83.024,83.358,1230652,0
2015-11-24,83.014,83.26,81.954,82.747,1154156,0
2015-11-25,82.775,82.909,82.414,82.46,788229,0
2015-11-27,82.526,83.061,82.289,82.728,512214,0
2015-11-30,82.994,83.098,82.242,82.317,2493372,0
2015-12-01,82.842,83.949,82.536,83.558,1458616,0
2015-12-02,83.338,83.881,82.841,82.937,1662421,0
2015-12-03,82.985,83.156,81.057,81.364,1661247,0
2015-12-04,81.535,83.539,81.535,83.433,1604438,0
2015-12-07,83.071,83.378,82.279,82.641,1357554,0
2015-12-08,81.858,82.708,81.468,82.374,1739346,0
2015-12-09,82.241,83.161,81.116,81.568,1548138,0
2015-12-10,81.693,82.865,81.328,82.058,1821209,0
2015-12-11,80.934,81.53,79.83,80.012,2026065,0
2015-12-14,80.33,81.357,79.926,81.232,1599462,0
2015-12-15,81.915,82.643,81.53,82.068,1906609,0
2015-12-16,82.633,82.922,81.357,82.768,1598753,0
2015-12-17,82.855,83.276,81.386,81.433,1829022,0
2015-12-18,80.781,81.309,79.896,79.965,4040259,0
2015-12-21,80.473,80.839,79.965,80.79,1492108,0
2015-12-22,81.386,81.836,80.33,81.481,1845969,0
2015-12-23,81.99,82.537,81.481,82.317,1100411,0
2015-12-24,82.498,82.883,82.251,82.517,666786,0
2015-12-28,82.048,82.498,81.635,82.334,1008152,0
2015-12-29,83.057,83.776,82.998,83.383,1016363,0
2015-12-30,83.286,83.632,82.893,82.94,518697,0
2015-12-31,82.364,82.902,81.183,81.347,1230674,0
2016-01-04,79.629,79.877,78.014,78.802,1902247,0
2016-01-05,79.369,79.896,78.557,78.994,1832871,0
2016-01-06,77.851,78.457,77.66,78.024,1283591,0
2016-01-07,76.469,77.152,75.34,75.644,4784064,0
2016-01-08,75.787,76.094,74.703,75.019,2178549,0
2016-01-11,75.327,75.884,74.615,75.384,2215552,0
2016-01-12,75.72,76.335,75.312,76.305,1654615,0
2016-01-13,76.181,76.623,74.049,74.26,1538316,0
2016-01-14,74.511,76.344,74.414,75.845,2522081,0
2016-01-15,73.781,75.279,73.598,74.818,2640092,0
2016-01-19,75.777,76.296,75.143,75.96,2627511,0
2016-01-20,74.981,75.894,73.839,75.106,2675959,0
2016-01-21,75.557,76.796,74.674,76.094,2272277,0
2016-01-22,77.612,77.949,76.638,77.88,1712333,0
2016-01-25,77.171,77.785,76.806,76.9,1502334,0
2016-01-26,76.9,78.206,76.863,77.67,1464674,0
2016-01-27,77.756,78.572,76.71,77.276,1426586,0
2016-01-28,77.776,78.275,77.286,77.534,1617924,0
2016-01-29,78.275,79.811,77.939,79.714,1827469,0
2016-02-01,77.507,80.099,77.334,79.667,2464471,0
2016-02-02,79.437,79.647,78.447,78.9,3306169,0
2016-02-03,79.811,79.926,77.593,78.88,2614949,0
2016-02-04,78.763,79.6,78.304,79.503,1494788,0
2016-02-05,79.503,79.685,77.716,78.072,1902724,0
2016-02-08,77.2,78.255,75.836,78.014,1866664,0
2016-02-09,77.726,78.572,77.147,77.459,1845419,0
2016-02-10,78.562,79.283,77.381,77.612,1609687,0
2016-02-11,76.22,77.344,75.932,77.017,2424652,0
2016-02-12,78.034,78.616,77.362,78.485,1279047,0
2016-02-16,79.743,80.676,79.3,80.445,1591346,0
2016-02-17,80.829,82.038,80.559,81.933,1619055,0
2016-02-18,82.078,82.288,81.386,81.53,1290256,0
2016-02-19,81.442,82.278,81.03,82.153,1786558,0
2016-02-22,82.567,83.306,82.522,82.96,1442645,0
2016-02-23,82.69,83.038,81.319,81.472,1546492,0
2016-02-24,80.579,82.068,79.783,81.865,1488362,0
2016-02-25,82.682,82.69,81.452,82.498,1232522,0
2016-02-26,83.093,83.123,81.831,82.251,1202900,0
2016-02-29,82.008,82.615,81.299,81.319,1176082,0
2016-03-01,82.211,83.316,81.865,83.316,1216377,0
2016-03-02,82.922,82.926,81.625,82.241,1832517,0
2016-03-03,81.472,82.307,81.472,82.241,1449530,0
2016-03-04,82.49,82.922,81.933,82.749,1226833,0
2016-03-07,82.078,83.018,82.078,82.662,1157090,0
2016-03-08,82.191,82.71,81.664,82.088,1491842,0
2016-03-09,82.444,82.83,82.153,82.821,1308675,0
2016-03-10,83.294,83.816,81.506,82.318,1581883,0
2016-03-11,83.391,84.531,82.772,84.318,1630740,0
2016-03-14,83.873,84.483,83.642,84.318,1357910,0
2016-03-15,83.623,84.385,83.487,84.367,1236902,0
2016-03-16,84.047,84.908,83.777,84.695,1126084,0
2016-03-17,84.792,86.077,84.656,85.835,1534048,0
2016-03-18,86.222,86.222,85.043,85.641,3320217,0
2016-03-21,85.227,86.308,85.159,85.999,1630358,0
2016-03-22,85.787,85.999,85.42,85.641,1258194,0
2016-03-23,85.565,85.787,85.227,85.536,1230699,0
2016-03-24,85.246,85.767,84.801,85.748,1071659,0
2016-03-28,85.795,85.951,85.246,85.313,1265166,0
2016-03-29,85.43,86.435,85.265,86.405,1516531,0
2016-03-30,86.675,86.743,86.049,86.134,1348496,0
2016-03-31,86.058,86.956,86.058,86.675,1188761,0
2016-04-01,85.739,87.314,85.739,87.206,1435513,0
2016-04-04,87.032,87.343,86.445,86.675,980844,0
2016-04-05,87.622,87.622,86.372,86.713,1529520,0
2016-04-06,86.656,87.867,86.317,87.767,1647924,0
2016-04-07,87.022,87.39,86.386,86.763,1401673,0
2016-04-08,87.265,87.612,86.897,87.274,947500,0
2016-04-11,87.874,87.912,86.656,86.675,1332292,0
2016-04-12,86.887,87.11,86.386,87.061,1309226,0
2016-04-13,87.478,87.478,86.665,87.188,1430356,0
2016-04-14,87.468,87.579,86.917,87.206,1494659,0
2016-04-15,87.758,87.758,86.713,87.101,1570716,0
2016-04-18,86.917,87.691,86.675,87.632,1082837,0
2016-04-19,87.922,87.922,87.215,87.671,1665231,0
2016-04-20,87.612,87.719,87.051,87.071,1665936,0
2016-04-21,87.554,87.642,86.213,86.327,1314881,0
2016-04-22,86.096,86.773,85.885,86.618,1148911,0
2016-04-25,86.511,86.599,85.989,86.549,938182,0
2016-04-26,86.782,87.274,86.298,86.773,1254442,0
2016-04-27,86.695,87.39,86.579,87.071,2103812,0
2016-04-28,84.869,87.815,84.444,86.086,2558874,0
2016-04-29,85.41,85.885,84.801,85.467,1727071,0
2016-05-02,85.256,86.569,85.227,86.405,1995647,0
2016-05-03,86.173,86.463,84.879,85.805,2951856,0
2016-05-04,85.332,85.739,84.899,85.4,938540,0
2016-05-05,83.739,84.937,83.362,83.526,4785003,0
2016-05-06,83.227,84.173,83.178,83.912,4350680,0
2016-05-09,84.202,84.72,83.835,84.211,3085420,0
2016-05-10,84.473,85.536,84.211,85.507,3894755,0
2016-05-11,85.207,85.497,83.729,83.739,1579247,0
2016-05-12,84.357,84.357,83.198,83.613,1330135,0
2016-05-13,83.497,83.932,82.84,82.86,1594347,0
2016-05-16,83.12,84.057,82.994,83.758,1369587,0
2016-05-17,83.41,83.912,82.212,82.463,1247927,0
2016-05-18,82.396,83.1,82.038,82.704,1148404,0
2016-05-19,81.894,82.376,81.506,82.262,1302252,0
2016-05-20,82.57,83.168,82.404,82.58,1177228,0
2016-05-23,82.598,82.803,82.318,82.366,839188,0
2016-05-24,83.081,84.531,82.956,84.501,1901940,0
2016-05-25,84.705,85.033,84.473,84.56,1300469,0
2016-05-26,84.434,84.956,84.144,84.734,857537,0
2016-05-27,84.772,85.101,84.57,85.063,959910,0
2016-05-31,85.382,85.382,84.377,84.869,1531753,0
2016-06-01,84.637,85.198,84.487,85.138,1461589,0
2016-06-02,85.063,85.138,84.551,85.111,941585,0
2016-06-03,84.685,84.685,83.787,84.377,1220008,0
2016-06-06,84.56,85.026,84.405,84.725,1235105,0
2016-06-07,84.734,84.994,83.854,83.932,2212085,0
2016-06-08,84.185,84.797,83.903,84.787,1620991,0
2016-06-09,84.602,85.215,84.457,85.186,1327978,0
2016-06-10,84.136,84.875,84.107,84.67,1244335,0
2016-06-13,84.592,85.225,84.486,84.73,2943136,0
2016-06-14,84.545,85.136,84.545,85.05,2001093,0
2016-06-15,85.088,85.556,84.797,85.166,1518137,0
2016-06-16,84.777,85.725,84.49,85.574,1254259,0
2016-06-17,85.632,85.692,84.505,85.166,2243080,0
2016-06-20,86.197,86.965,86.09,86.556,1875058,0
2016-06-21,86.81,87.022,86.441,86.838,1297685,0
2016-06-22,87.16,87.256,86.266,86.342,1173919,0
2016-06-23,87.236,87.431,86.635,87.431,1185213,0
2016-06-24,83.824,86.012,83.64,84.302,2558632,0
2016-06-27,83.543,83.99,82.853,83.27,2164267,0
2016-06-28,83.903,85.487,83.553,85.467,1943143,0
2016-06-29,86.002,86.847,85.812,86.653,1767402,0
2016-06-30,86.876,89.307,86.256,89.307,2537702,0
2016-07-01,89.434,90.377,89.23,90.164,2164175,0
2016-07-05,89.949,91.038,89.754,90.707,2597293,0
2016-07-06,90.824,91.013,90.094,90.814,1986229,0
2016-07-07,90.571,91.066,90.279,90.892,1529196,0
2016-07-08,91.495,91.951,91.028,91.835,1819089,0
2016-07-11,92.35,92.972,92.195,92.476,1495781,0
2016-07-12,92.914,93.059,92.108,92.165,2251803,0
2016-07-13,92.633,92.729,92.03,92.486,1183794,0
2016-07-14,93.079,93.109,92.36,92.554,1134696,0
2016-07-15,93.031,93.099,92.283,92.408,1204085,0
2016-07-18,92.633,92.719,92.167,92.283,772194,0
2016-07-19,92.205,92.399,92.02,92.37,764649,0
2016-07-20,92.894,92.972,92.387,92.729,921527,0
2016-07-21,92.448,92.759,91.752,92.233,1076072,0
2016-07-22,92.846,93.021,92.108,92.778,1078341,0
2016-07-25,92.505,92.7,92.225,92.633,1102068,0
2016-07-26,92.894,93.322,92.429,93.05,1320596,0
2016-07-27,92.991,93.059,92.108,92.283,1774040,0
2016-07-28,90.406,90.406,88.821,89.171,3306160,0
2016-07-29,88.831,88.831,86.446,86.468,3496915,0
2016-08-01,85.604,87.207,85.399,86.197,3080265,0
2016-08-02,86.226,86.459,85.409,85.516,2087799,0
2016-08-03,85.779,85.837,85.108,85.73,1699469,0
2016-08-04,85.652,86.187,85.569,85.944,1432994,0
2016-08-05,86.517,87.216,86.071,87.17,1764499,0
2016-08-08,87.091,87.372,86.697,86.945,1611891,0
2016-08-09,86.945,87.82,86.945,87.46,1103748,0
2016-08-10,87.421,87.602,87.014,87.53,903229,0
2016-08-11,87.577,88.121,87.5,87.879,1190716,0
2016-08-12,87.52,87.879,87.5,87.615,737101,0
2016-08-15,87.956,88.131,87.645,87.83,785007,0
2016-08-16,87.53,87.732,87.051,87.061,707227,0
2016-08-17,87.295,87.355,86.313,86.838,1613976,0
2016-08-18,87.071,87.392,86.896,87.325,865958,0
2016-08-19,87.022,87.46,86.615,87.345,1184668,0
2016-08-22,87.315,87.51,87.041,87.401,940601,0
2016-08-23,87.567,87.675,87.275,87.47,959747,0
2016-08-24,87.305,87.401,87.041,87.18,983785,0
2016-08-25,87.216,87.47,86.81,87.266,888601,0
2016-08-26,87.45,88.073,86.829,87.285,1202978,0
2016-08-29,87.335,87.78,86.995,87.091,972579,0
2016-08-30,87.305,87.547,87.005,87.285,1069678,0
2016-08-31,87.18,87.515,86.916,87.305,1241111,0
2016-09-01,87.51,88.101,87.16,88.101,1547406,0
2016-09-02,88.345,88.451,87.547,87.869,1556783,0
2016-09-06,87.216,87.625,86.945,87.355,1491281,0
2016-09-07,87.225,87.999,87.179,87.969,1102558,0
2016-09-08,87.725,88.077,87.355,87.491,805838,0
2016-09-09,86.611,87.021,84.635,84.655,1659843,0
2016-09-12,84.548,86.287,84.419,86.19,1558224,0
2016-09-13,85.388,85.848,84.449,84.771,1648339,0
2016-09-14,84.938,85.31,84.538,84.771,1063901,0
2016-09-15,84.567,85.848,84.322,85.545,1187310,0
2016-09-16,85.222,85.251,84.303,84.831,2100154,0
2016-09-19,85.163,85.466,84.538,84.645,1538140,0
2016-09-20,85.193,86.14,85.007,85.848,1531429,0
2016-09-21,85.878,87.003,85.768,86.913,1362994,0
2016-09-22,87.548,87.823,87.197,87.481,1325773,0
2016-09-23,86.688,87.265,86.489,86.502,1071265,0
2016-09-26,85.964,86.492,85.916,86.239,917803,0
2016-09-27,86.326,87.099,86.15,86.983,1062804,0
2016-09-28,87.119,87.119,85.183,85.506,1722453,0
2016-09-29,85.476,86.219,85.267,85.28,1333919,0
2016-09-30,85.456,86.532,85.241,86.249,2301265,0
2016-10-03,86.21,86.21,85.612,85.692,1165137,0
2016-10-04,85.878,86.044,85.027,85.241,1229555,0
2016-10-05,85.701,85.838,85.153,85.642,1026031,0
2016-10-06,85.32,85.759,84.86,85.622,1113284,0
2016-10-07,85.848,85.848,84.938,85.436,1333333,0
2016-10-10,85.798,86.278,85.692,85.828,854148,0
2016-10-11,85.73,85.73,83.823,84.186,1667654,0
2016-10-12,84.372,85.206,84.166,84.947,943831,0
2016-10-13,84.518,85.26,84.048,84.967,1112366,0
2016-10-14,85.388,86.102,84.987,85.622,997428,0
2016-10-17,85.642,85.759,85.056,85.31,1090596,0
2016-10-18,86.17,86.415,85.388,85.446,932080,0
2016-10-19,85.642,85.788,85.407,85.486,662782,0
2016-10-20,85.27,85.617,84.575,84.918,1241352,0
2016-10-21,84.575,84.9,83.588,84.801,1087086,0
2016-10-24,85.407,85.868,85.26,85.73,1006633,0
2016-10-25,85.612,85.808,85.27,85.564,1299777,0
2016-10-26,85.329,85.798,85.094,85.26,1275194,0
2016-10-27,85.427,85.496,84.71,84.742,1538840,0
2016-10-28,84.821,85.711,84.684,85.231,2128859,0
2016-10-31,85.632,85.769,85.056,85.134,2544877,0
2016-11-01,85.369,85.564,84.615,84.997,3134986,0
2016-11-02,86.15,88.879,86.15,87.989,5478362,0
2016-11-03,87.979,88.009,86.943,87.355,2571412,0
2016-11-04,86.082,87.764,86.082,87.109,2140513,0
2016-11-07,88.351,88.854,87.95,88.596,2240681,0
2016-11-08,88.742,89.573,88.546,89.133,1618523,0
2016-11-09,85.945,89.181,85.642,88.889,2808853,0
2016-11-10,89.417,89.856,88.136,89.367,2397304,0
2016-11-11,88.928,89.91,88.448,89.065,2111121,0
2016-11-14,89.377,90.317,88.889,89.856,3028387,0
2016-11-15,90.091,90.571,89.847,90.297,2080181,0
2016-11-16,90.297,91.285,89.965,91.206,1975121,0
2016-11-17,91.089,92.34,91.03,92.292,2021877,0
2016-11-18,92.224,92.506,91.871,92.301,1631193,0
2016-11-21,92.38,93.504,92.292,93.475,2260809,0
2016-11-22,93.533,94.452,93.231,94.257,2432982,0
2016-11-23,94.452,95.275,94.336,94.512,2818344,0
2016-11-25,94.542,95.0,94.366,94.775,710653,0
2016-11-28,94.492,94.794,93.875,94.433,1724614,0
2016-11-29,94.569,95.216,94.296,94.894,1587099,0
2016-11-30,94.99,95.382,93.885,93.895,2516571,0
2016-12-01,93.865,94.066,93.094,93.651,2050687,0
2016-12-02,93.347,93.974,92.888,93.133,1682334,0
2016-12-05,93.739,94.093,93.338,93.925,2266920,0
2016-12-06,94.023,94.316,93.045,93.875,1808262,0
2016-12-07,93.778,96.129,93.778,95.981,2204197,0
2016-12-08,95.942,96.757,95.775,96.591,2094216,0
2016-12-09,96.473,96.703,95.981,96.621,2663441,0
2016-12-12,96.532,96.945,96.249,96.463,1780481,0
2016-12-13,97.033,97.633,96.444,96.798,2071150,0
2016-12-14,96.798,97.24,95.932,96.099,1817496,0
2016-12-15,96.227,97.516,95.922,97.152,1666428,0
2016-12-16,98.685,99.92,97.723,99.214,4914450,0
2016-12-19,99.085,99.94,98.942,99.443,1962756,0
2016-12-20,100.08,100.98,99.75,100.67,2382194,0
2016-12-21,100.6,101.14,100.03,100.81,1836926,0
2016-12-22,100.97,101.13,100.23,100.93,1318882,0
2016-12-23,100.86,101.28,100.85,101.25,733415,0
2016-12-27,101.18,102.09,101.1,101.63,906144,0
2016-12-28,101.84,102.19,101.34,101.37,1544951,0
2016-12-29,101.59,102.16,101.32,101.76,1242230,0
2016-12-30,101.69,101.75,100.34,101.1,2042095,0
2017-01-03,100.72,101.89,100.67,101.81,2139933,0
2017-01-04,101.72,102.29,101.57,101.97,2491947,0
2017-01-05,101.77,102.2,100.74,101.36,2214076,0
2017-01-06,101.55,101.59,100.61,101.43,2015942,0
2017-01-09,101.27,101.56,100.81,100.81,1305211,0
2017-01-10,100.59,101.36,100.38,100.54,1634049,0
2017-01-11,100.61,101.89,100.61,101.52,1654903,0
2017-01-12,101.3,102.23,100.58,102.11,1548476,0
2017-01-13,102.08,102.4,101.49,102.08,1602888,0
2017-01-17,101.64,101.85,101.21,101.39,1262253,0
2017-01-18,101.8,101.8,101.05,101.23,1442272,0
2017-01-19,101.11,101.58,101.02,101.29,1415497,0
2017-01-20,101.32,102.05,101.12,101.56,1610744,0
2017-01-23,101.13,101.42,100.2,100.54,1491803,0
2017-01-24,100.59,101.67,100.48,101.56,1651462,0
2017-01-25,101.77,101.96,100.72,101.02,1916585,0
2017-01-26,100.75,100.98,100.34,100.38,1623131,0
2017-01-27,99.79,100.49,99.53,100.05,1730861,0
2017-01-30,99.9,100.35,99.254,100.31,1622564,0
2017-01-31,100.13,100.47,99.134,99.353,1762202,0
2017-02-01,94.466,95.735,92.578,93.698,7975718,0
2017-02-02,93.679,95.608,93.483,94.751,3946985,0
2017-02-03,95.627,95.814,94.938,95.292,2985206,0
2017-02-06,95.105,95.489,94.506,94.9,1599430,0
2017-02-07,94.928,95.283,94.349,94.723,1504717,0
2017-02-08,94.623,95.479,94.486,95.007,1262254,0
2017-02-09,95.194,96.394,94.743,96.06,2171572,0
2017-02-10,96.109,96.699,95.873,96.227,1184300,0
2017-02-13,96.463,96.995,96.463,96.975,1483610,0
2017-02-14,96.818,97.978,96.719,97.81,1594916,0
2017-02-15,97.279,98.032,96.935,98.027,1532718,0
2017-02-16,97.968,98.254,97.575,98.254,1313859,0
2017-02-17,97.978,98.077,97.21,98.057,1518698,0
2017-02-21,97.771,97.968,97.142,97.604,2010964,0
2017-02-22,97.476,99.045,97.476,98.783,1593654,0
2017-02-23,99.154,100.12,98.853,99.97,1310451,0
2017-02-24,99.97,101.33,99.65,101.32,1773438,0
2017-02-27,101.25,101.46,100.81,101.02,1142064,0
2017-02-28,101.0,101.13,100.58,100.95,1787184,0
2017-03-01,101.97,103.0,101.55,102.82,1782215,0
2017-03-02,102.45,102.68,102.17,102.38,1670282,0
2017-03-03,102.26,102.9,101.94,102.79,1219575,0
2017-03-06,102.19,103.29,102.19,103.24,1675022,0
2017-03-07,102.83,103.14,102.21,102.58,1844513,0
2017-03-08,102.5,102.99,102.22,102.59,1449972,0
2017-03-09,102.45,102.94,101.8,102.28,1224644,0
2017-03-10,102.74,103.49,102.42,103.41,1422293,0
2017-03-13,103.49,103.76,103.0,103.7,1822475,0
2017-03-14,103.52,103.62,102.57,102.83,1868654,0
2017-03-15,103.13,103.65,102.53,103.53,1516686,0
2017-03-16,103.51,103.75,102.77,103.11,1244630,0
2017-03-17,103.17,104.06,102.89,103.97,2708220,0
2017-03-20,104.03,104.04,103.08,103.31,1337957,0
2017-03-21,103.76,103.82,101.87,102.0,1630399,0
2017-03-22,102.23,102.62,101.77,102.56,2033155,0
2017-03-23,102.37,103.11,101.98,102.4,1021287,0
2017-03-24,102.63,103.03,101.94,102.26,1322479,0
2017-03-27,101.61,102.14,101.25,101.79,1483479,0
2017-03-28,101.41,102.5,101.09,102.16,1320131,0
2017-03-29,101.79,101.91,100.78,101.01,2208443,0
2017-03-30,100.96,101.33,100.67,101.05,1202531,0
2017-03-31,101.02,101.5,100.88,101.27,1328029,0
2017-04-03,101.11,101.45,99.92,100.17,1655612,0
2017-04-04,100.23,100.43,99.76,100.35,1130369,0
2017-04-05,100.71,101.89,100.14,100.83,1476093,0
2017-04-06,100.79,100.81,100.35,100.65,1048355,0
2017-04-07,100.77,101.3,100.36,101.07,1618877,0
2017-04-10,101.04,101.56,100.69,101.02,860369,0
2017-04-11,100.78,101.31,100.23,100.97,918727,0
2017-04-12,100.63,100.98,100.39,100.85,1627001,0
2017-04-13,101.14,101.14,100.14,100.16,1185622,0
2017-04-17,100.85,100.89,100.26,100.76,1126989,0
2017-04-18,100.47,101.35,98.995,100.83,1562294,0
2017-04-19,100.98,101.44,100.68,100.95,866480,0
2017-04-20,101.22,102.2,101.11,101.92,1071784,0
2017-04-21,101.92,102.36,101.37,101.57,1395663,0
2017-04-24,102.86,103.05,101.98,103.0,1905252,0
2017-04-25,103.0,104.08,102.95,103.87,1320888,0
2017-04-26,103.37,104.01,103.17,103.72,1446845,0
2017-04-27,104.12,104.53,103.51,104.02,1519649,0
2017-04-28,103.89,104.14,103.15,103.35,1628639,0
2017-05-01,103.15,103.27,102.47,102.83,1421611,0
2017-05-02,103.05,103.29,102.48,102.87,2278856,0
2017-05-03,97.874,98.536,94.461,96.449,6405484,0
2017-05-04,97.24,98.052,96.528,98.022,3414462,0
2017-05-05,98.269,98.447,97.567,98.21,1879142,0
2017-05-08,98.418,98.566,95.371,95.648,4852619,0
2017-05-09,95.579,96.37,95.124,96.024,2653934,0
2017-05-10,95.915,96.44,94.807,95.579,2951193,0
2017-05-11,95.48,95.549,94.827,95.411,3062384,0
2017-05-12,95.519,96.242,95.203,96.113,1978867,0
2017-05-15,95.955,97.468,95.707,97.379,3400010,0
2017-05-16,97.32,97.686,97.082,97.25,2237627,0
2017-05-17,96.638,97.014,96.172,96.242,2833400,0
2017-05-18,96.093,97.577,95.747,97.28,2221511,0
2017-05-19,97.27,97.844,96.826,97.548,2821335,0
2017-05-22,97.408,98.477,97.37,98.368,2037330,0
2017-05-23,98.289,98.457,97.982,98.447,1414284,0
2017-05-24,98.408,98.971,98.35,98.893,1963750,0
2017-05-25,99.184,100.33,98.942,100.06,1852632,0
2017-05-26,100.13,100.43,99.81,100.25,1940224,0
2017-05-30,100.11,100.56,99.443,100.43,1747910,0
2017-05-31,100.6,101.38,100.41,101.25,3208478,0
2017-06-01,101.88,102.28,100.9,102.23,2456758,0
2017-06-02,99.035,99.98,97.428,99.88,7921563,0
2017-06-05,100.0,100.52,99.79,100.0,3173090,0
2017-06-06,99.9,100.61,99.55,100.1,2014108,0
2017-06-07,100.48,100.96,100.16,100.41,2371940,0
2017-06-08,100.58,100.73,99.91,100.24,2619930,0
2017-06-09,100.33,100.73,99.323,99.58,4296524,0
2017-06-12,99.84,101.02,99.492,101.0,2040827,0
2017-06-13,101.07,101.54,100.62,101.33,2370722,0
2017-06-14,101.65,101.77,100.3,100.72,2694106,0
2017-06-15,100.35,101.76,100.07,101.63,1623252,0
2017-06-16,101.11,103.17,101.11,102.94,3591649,0
2017-06-19,103.18,103.61,102.71,103.56,2015150,0
2017-06-20,101.98,102.84,101.9,101.94,3609201,0
2017-06-21,103.19,103.19,101.51,101.96,3104146,0
2017-06-22,102.15,102.15,100.84,101.37,2236557,0
2017-06-23,101.27,101.49,100.75,100.88,2775587,0
2017-06-26,101.12,101.74,100.9,101.67,2383837,0
2017-06-27,101.3,102.07,100.95,100.96,2840534,0
2017-06-28,101.26,102.3,100.03,102.14,2950338,0
2017-06-29,101.86,102.0,100.54,100.92,3819727,0
2017-06-30,101.65,102.27,101.22,101.92,2974273,0
2017-07-03,101.44,102.6,101.37,101.88,1599503,0
2017-07-05,102.27,103.57,101.34,103.52,2851733,0
2017-07-06,103.21,103.21,102.26,102.89,2739160,0
2017-07-07,103.2,104.85,102.87,104.59,2715413,0
2017-07-10,104.45,104.81,103.09,103.11,5428858,0
2017-07-11,102.69,103.06,100.62,101.3,5113979,0
2017-07-12,102.26,102.91,101.79,101.96,3102604,0
2017-07-13,101.95,102.14,100.88,101.09,4707532,0
2017-07-14,101.07,101.36,100.71,100.82,2827308,0
2017-07-17,100.85,101.27,100.69,101.16,3156100,0
2017-07-18,100.41,100.85,99.98,100.77,2290118,0
2017-07-19,100.96,102.53,100.67,102.21,3749439,0
2017-07-20,102.39,102.92,102.29,102.79,3105688,0
2017-07-21,102.14,104.39,102.14,104.04,3650507,0
2017-07-24,103.79,103.89,101.92,102.99,5430845,0
2017-07-25,103.14,103.5,102.16,102.64,3151906,0
2017-07-26,103.01,105.5,102.48,105.42,5540439,0
2017-07-27,102.95,119.37,102.95,115.02,29964200,0
2017-07-28,114.64,117.04,114.39,116.76,7922169,0
2017-07-31,117.38,121.13,117.25,118.28,8207397,0
2017-08-01,118.16,118.75,115.72,116.16,5641879,0
2017-08-02,115.04,115.83,113.52,114.64,10025878,0
2017-08-03,113.09,113.25,110.41,111.16,9051165,0
2017-08-04,112.9,113.28,109.52,110.79,8152445,0
2017-08-07,110.91,113.4,110.46,111.58,3971144,0
2017-08-08,111.61,111.97,107.5,107.94,9762396,0
2017-08-09,108.27,109.53,107.49,109.08,8434237,0
2017-08-10,108.23,109.26,107.33,108.33,4426950,0
2017-08-11,108.2,109.1,107.65,108.24,4663694,0
2017-08-14,108.76,109.35,108.33,109.11,10828739,0
2017-08-15,109.44,111.19,108.85,110.99,5826945,0
2017-08-16,111.23,111.3,109.96,110.52,2532408,0
2017-08-17,110.11,110.36,104.07,104.13,12874805,0
2017-08-18,103.65,104.41,102.88,103.86,5329034,0
2017-08-21,103.97,104.29,102.3,102.35,4336270,0
2017-08-22,104.32,104.55,102.81,103.17,2990751,0
2017-08-23,102.88,103.37,102.27,102.91,13262826,0
2017-08-24,103.05,104.65,102.81,104.04,3057517,0
2017-08-25,104.32,104.87,103.91,104.04,3466991,0
2017-08-28,104.33,104.68,103.98,104.21,1665122,0
2017-08-29,103.44,104.78,103.21,104.57,2567473,0
2017-08-30,104.72,105.74,104.11,105.37,7871567,0
2017-08-31,105.93,106.25,105.4,105.91,2111462,0
2017-09-01,105.97,107.01,105.8,106.78,2206912,0
2017-09-05,106.08,106.99,105.38,105.87,5514063,0
2017-09-06,106.49,108.55,106.06,107.48,5201552,0
2017-09-07,108.41,109.49,108.12,108.92,3920520,0
2017-09-08,108.77,109.44,107.91,108.41,3144109,0
2017-09-11,108.83,109.0,106.85,107.5,5674472,0
2017-09-12,107.05,108.69,106.36,107.92,3076922,0
2017-09-13,107.88,107.97,107.16,107.2,1905546,0
2017-09-14,106.64,107.23,106.33,106.79,1924494,0
2017-09-15,106.89,107.79,106.25,106.78,3116724,0
2017-09-18,106.83,106.96,106.25,106.55,3541715,0
2017-09-19,106.95,107.71,106.7,107.48,1784451,0
2017-09-20,107.63,107.94,106.32,106.83,2471870,0
2017-09-21,107.08,107.37,106.71,106.79,1509508,0
2017-09-22,106.43,108.55,106.29,108.16,1804401,0
2017-09-25,107.91,108.9,107.42,108.82,5069498,0
2017-09-26,109.15,109.52,108.23,108.27,1540187,0
2017-09-27,108.53,109.94,108.128,109.64,3848773,0
2017-09-28,109.13,109.51,108.047,109.02,1939350,0
2017-09-29,109.11,109.74,109.0,109.32,1226150,0
2017-10-02,109.22,109.5,108.53,109.32,3536242,0
2017-10-03,109.66,110.98,109.35,110.71,1842816,0
2017-10-04,110.65,111.44,109.7,111.4,1904378,0
2017-10-05,111.92,113.63,111.48,113.57,1908950,0
2017-10-06,113.51,113.73,112.59,113.48,1673622,0
2017-10-09,113.45,114.06,113.16,113.57,1884342,0
2017-10-10,113.62,114.14,113.19,114.11,1010712,0
2017-10-11,114.26,114.39,112.41,113.09,1655750,0
2017-10-12,112.99,113.64,112.91,113.59,1156085,0
2017-10-13,114.18,114.4,113.052,113.86,1238812,0
2017-10-16,113.91,114.72,113.66,114.58,1060995,0
2017-10-17,114.1,114.13,113.24,113.72,1369551,0
2017-10-18,113.69,114.47,113.55,113.93,1406215,0
2017-10-19,113.95,114.65,113.29,114.62,1035824,0
2017-10-20,114.99,116.08,114.56,115.93,1705113,0
2017-10-23,116.26,117.8,115.46,117.01,2090491,0
2017-10-24,116.69,117.3,116.06,116.46,2139907,0
2017-10-25,116.28,116.72,115.14,116.34,1807876,0
2017-10-26,117.26,117.85,116.71,117.3,1606254,0
2017-10-27,116.85,118.47,116.28,118.25,1556839,0
2017-10-30,117.99,118.17,116.55,116.98,1382424,0
2017-10-31,116.88,117.14,116.01,116.26,1822715,0
2017-11-01,116.4,116.77,114.69,115.4,2751746,0
2017-11-02,115.0,115.49,112.12,114.34,3603898,0
2017-11-03,114.57,114.7,111.84,112.24,2906579,0
2017-11-06,111.72,112.19,110.265,111.32,2915549,0
2017-11-07,110.33,112.9,110.33,112.75,4406479,0
2017-11-08,112.93,113.42,112.52,112.59,1462814,0
2017-11-09,112.04,113.15,110.77,111.97,1514953,0
2017-11-10,111.71,112.13,110.95,111.09,2107868,0
