Date,Open,High,Low,Close,Volume,OpenInt
2014-01-02,3.06,3.35,3.0,3.15,74252,0
2014-01-03,3.11,3.11,2.94,3.06,20513,0
2014-01-06,3.0,3.14,2.9,3.08,98900,0
2014-01-07,3.11,3.14,2.87,2.88,22100,0
2014-01-08,2.86,3.05,2.55,2.86,36200,0
2014-01-09,2.78,3.29,2.69,3.13,117200,0
2014-01-10,3.29,3.36,2.81,2.94,125400,0
2014-01-13,2.77,3.07,2.77,2.97,5300,0
2014-01-14,3.01,3.01,2.64,2.79,25800,0
2014-01-15,2.77,2.8,2.66,2.79,13000,0
2014-01-16,2.7901,2.84,2.7704,2.7899,7340,0
2014-01-17,2.75,2.83,2.75,2.78,10100,0
2014-01-21,2.75,2.8,2.7,2.71,24300,0
2014-01-22,2.77,2.78,2.71,2.72,10800,0
2014-01-23,2.7,2.79,2.7,2.77,9100,0
2014-01-24,2.76,2.95,2.75,2.75,25400,0
2014-01-27,2.74,2.74,2.65,2.65,15300,0
2014-01-28,2.66,2.74,2.66,2.66,1300,0
2014-01-29,2.65,2.69,2.6,2.61,20900,0
2014-01-30,2.6,2.63,2.55,2.6,21100,0
2014-01-31,2.62,2.62,2.51,2.51,8000,0
2014-02-03,2.6,2.6,2.5,2.5,10030,0
2014-02-04,2.5,2.53,2.34,2.44,29520,0
2014-02-05,2.46,2.4701,2.3,2.3,24731,0
2014-02-06,2.28,2.33,2.2299,2.31,40588,0
2014-02-07,2.3,2.36,2.3,2.34,17668,0
2014-02-10,2.37,2.42,2.369,2.42,25029,0
2014-02-11,2.2781,2.5,2.2781,2.475,18524,0
2014-02-12,2.5,2.5,2.46,2.5,13540,0
2014-02-13,2.47,2.49,2.45,2.45,4561,0
2014-02-14,2.44,2.6,2.42,2.51,18358,0
2014-02-18,2.5,2.6399,2.49,2.6399,35257,0
2014-02-19,2.57,2.83,2.51,2.56,57939,0
2014-02-20,2.59,2.59,2.5,2.51,10598,0
2014-02-21,2.46,2.7,2.41,2.48,10815,0
2014-02-24,2.41,2.51,2.4001,2.51,6077,0
2014-02-25,2.4814,2.49,2.4401,2.49,3680,0
2014-02-26,2.45,2.4801,2.45,2.461,3500,0
2014-02-27,2.45,2.45,2.36,2.43,12257,0
2014-02-28,2.4,2.404,2.35,2.35,19863,0
2014-03-03,2.35,2.35,2.21,2.319,13755,0
2014-03-04,2.3,2.4,2.29,2.4,9900,0
2014-03-05,2.3899,2.39,2.2901,2.3452,24801,0
2014-03-06,2.32,2.55,2.32,2.34,33823,0
2014-03-07,2.41,2.54,2.4,2.5,39157,0
2014-03-10,2.55,2.9,2.55,2.83,60392,0
2014-03-11,2.9,3.0,2.8347,2.94,42581,0
2014-03-12,2.95,2.95,2.76,2.89,18228,0
2014-03-13,2.88,2.88,2.47,2.59,26132,0
2014-03-14,2.68,2.74,2.59,2.7,15449,0
2014-03-17,2.69,2.73,2.6,2.62,12928,0
2014-03-18,2.69,2.95,2.68,2.9,20467,0
2014-03-19,2.83,2.95,2.7,2.79,20855,0
2014-03-20,2.8,2.97,2.8,2.89,49179,0
2014-03-21,2.81,2.99,2.76,2.96,95387,0
2014-03-24,2.89,2.9499,2.73,2.9,13454,0
2014-03-25,2.86,3.0,2.72,2.8801,49731,0
2014-03-26,2.94,3.03,2.79,2.94,49900,0
2014-03-27,2.77,2.9182,2.74,2.76,20030,0
2014-03-28,2.76,2.99,2.61,2.8,68943,0
2014-03-31,2.73,2.9,2.73,2.85,7389,0
2014-04-01,2.81,2.81,2.63,2.76,10982,0
2014-04-02,2.74,2.8,2.74,2.77,6407,0
2014-04-03,2.65,2.8,2.63,2.64,15459,0
2014-04-04,2.62,2.66,2.47,2.63,13829,0
2014-04-07,2.56,2.63,2.56,2.63,3218,0
2014-04-08,2.55,2.6,2.48,2.56,7300,0
2014-04-09,2.6,2.92,2.51,2.85,68988,0
2014-04-10,2.85,2.85,2.68,2.8,8231,0
2014-04-11,2.65,2.7782,2.5921,2.76,7105,0
2014-04-14,2.751,2.85,2.59,2.805,16035,0
2014-04-15,2.7,2.7,2.7,2.7,100,0
2014-04-16,2.62,2.81,2.62,2.7,4331,0
2014-04-17,2.69,2.69,2.69,2.69,709,0
2014-04-21,2.65,2.7,2.6,2.6,5510,0
2014-04-22,2.61,2.63,2.61,2.63,200,0
2014-04-23,2.5,2.6,2.5,2.51,8960,0
2014-04-24,2.53,2.6,2.53,2.56,1120,0
2014-04-25,2.57,2.59,2.51,2.59,540,0
2014-04-28,2.53,2.6,2.53,2.59,7000,0
2014-04-29,2.51,2.59,2.5,2.55,7961,0
2014-04-30,2.58,2.59,2.51,2.56,2908,0
2014-05-01,2.6,2.6,2.44,2.44,8590,0
2014-05-02,2.43,2.59,2.43,2.57,5165,0
2014-05-05,2.43,2.6,2.41,2.48,24223,0
2014-05-06,2.45,2.6,2.42,2.44,11405,0
2014-05-07,2.55,2.59,2.4401,2.46,15294,0
2014-05-08,2.46,2.57,2.3,2.38,30544,0
2014-05-09,2.26,2.44,2.26,2.43,6194,0
2014-05-12,2.42,2.47,2.35,2.35,6118,0
2014-05-13,2.3,2.33,2.23,2.26,12512,0
2014-05-14,2.21,2.23,2.09,2.1,18036,0
2014-05-15,2.02,2.0404,1.91,1.93,36844,0
2014-05-16,1.95,1.955,1.83,1.86,9039,0
2014-05-19,1.81,1.93,1.75,1.9,19328,0
2014-05-20,1.9,1.9,1.85,1.85,1300,0
2014-05-21,1.89,2.03,1.8501,1.87,7299,0
2014-05-23,1.87,1.919,1.8501,1.913,3971,0
2014-05-27,1.9,2.14,1.9,2.0756,16129,0
2014-05-28,2.0,2.15,2.0,2.0508,10701,0
2014-05-29,2.1,2.16,2.06,2.15,10720,0
2014-05-30,2.17,2.38,2.14,2.2605,34943,0
2014-06-03,2.3499,2.3507,2.275,2.275,8950,0
2014-06-05,2.22,2.3,2.2101,2.29,4319,0
2014-06-06,2.21,2.33,2.21,2.33,2885,0
2014-06-09,2.3,2.3195,2.15,2.16,16178,0
2014-06-10,2.14,2.19,2.1,2.15,13800,0
2014-06-11,2.16,2.4,2.15,2.35,28865,0
2014-06-12,2.39,2.4,2.25,2.34,8009,0
2014-06-13,2.16,2.36,2.16,2.23,10592,0
2014-06-16,2.225,2.33,2.15,2.2518,22886,0
2014-06-17,2.17,2.38,2.17,2.35,4084,0
2014-06-18,2.3,2.3,2.14,2.22,4633,0
2014-06-19,2.28,2.3,2.19,2.29,5571,0
2014-06-20,2.24,2.34,2.1801,2.26,10234,0
2014-06-23,2.2,2.22,2.09,2.19,28601,0
2014-06-24,2.19,2.25,2.15,2.15,19995,0
2014-06-25,2.1601,2.1601,2.11,2.11,3189,0
2014-06-26,2.11,2.13,2.11,2.11,3923,0
2014-06-27,2.09,2.11,1.92,1.959,37518,0
2014-06-30,1.98,2.25,1.95,2.15,40021,0
2014-07-01,2.15,2.2499,2.15,2.16,6363,0
2014-07-02,2.2,2.49,2.16,2.39,16800,0
2014-07-03,2.47,2.58,2.41,2.49,18611,0
2014-07-07,2.39,2.55,2.33,2.52,3734,0
2014-07-08,2.5,2.6488,2.36,2.54,32297,0
2014-07-09,2.54,2.9,2.5,2.6386,57485,0
2014-07-10,2.87,2.95,2.65,2.7325,23774,0
2014-07-11,2.859,2.9,2.74,2.865,33611,0
2014-07-14,2.87,2.939,2.8,2.9386,23446,0
2014-07-15,2.83,2.99,2.68,2.86,37059,0
2014-07-16,2.92,2.95,2.78,2.78,6506,0
2014-07-17,2.75,2.84,2.65,2.76,75115,0
2014-07-18,2.91,3.24,2.85,3.03,140601,0
2014-07-21,2.96,3.15,2.94,2.97,95422,0
2014-07-22,3.0,3.0,2.82,2.93,68985,0
2014-07-23,2.83,2.94,2.8,2.86,62717,0
2014-07-24,2.79,2.92,2.78,2.84,24020,0
2014-07-25,2.84,2.95,2.65,2.79,65395,0
2014-07-28,2.75,2.87,2.74,2.84,29336,0
2014-07-29,2.9199,2.9199,2.7899,2.8,30855,0
2014-07-30,2.79,2.81,2.64,2.75,69800,0
2014-07-31,2.77,2.78,2.73,2.76,20735,0
2014-08-01,2.74,2.77,2.61,2.74,11743,0
2014-08-04,2.7,2.89,2.61,2.679,13845,0
2014-08-05,2.7195,2.7195,2.56,2.59,25190,0
2014-08-06,2.58,2.7241,2.47,2.6,45282,0
2014-08-07,2.63,2.74,2.58,2.65,1544,0
2014-08-08,2.71,2.75,2.66,2.74,7002,0
2014-08-11,2.75,2.83,2.363,2.74,17505,0
2014-08-12,2.69,2.72,2.56,2.615,53251,0
2014-08-13,2.61,2.62,2.52,2.52,9700,0
2014-08-14,2.52,2.59,2.518,2.57,2850,0
2014-08-15,2.5792,2.592,2.5792,2.58,1325,0
2014-08-18,2.7699,2.7699,2.57,2.63,5166,0
2014-08-19,2.65,2.74,2.6407,2.66,7084,0
2014-08-20,2.72,2.77,2.71,2.71,10811,0
2014-08-21,2.71,2.76,2.5948,2.69,13196,0
2014-08-22,2.75,2.76,2.6,2.63,8642,0
2014-08-25,2.6999,2.6999,2.563,2.62,17949,0
2014-08-26,2.6,2.6288,2.5101,2.5999,9662,0
2014-08-27,2.59,2.6199,2.56,2.6199,3969,0
2014-08-28,2.64,2.69,2.373,2.54,32953,0
2014-08-29,2.54,2.575,2.53,2.54,12693,0
2014-09-02,2.63,2.64,2.53,2.57,11540,0
2014-09-03,2.61,2.61,2.5999,2.6,3400,0
2014-09-04,2.6,2.63,2.589,2.6,15175,0
2014-09-05,2.6,2.6,2.59,2.59,8228,0
2014-09-08,2.59,2.59,2.52,2.55,2101,0
2014-09-09,2.57,2.57,2.43,2.44,5215,0
2014-09-10,2.4,2.53,2.4,2.43,5132,0
2014-09-11,2.4,2.46,2.4,2.42,2554,0
2014-09-12,2.39,2.49,2.37,2.49,6411,0
2014-09-15,2.5,2.52,2.45,2.45,5618,0
2014-09-16,2.46,2.49,2.4201,2.4201,2497,0
2014-09-17,2.41,2.5,2.41,2.46,5837,0
2014-09-18,2.46,2.471,2.46,2.47,2670,0
2014-09-19,2.5,2.53,2.46,2.53,10901,0
2014-09-22,2.48,2.55,2.47,2.54,15380,0
2014-09-23,2.46,2.52,2.43,2.46,13335,0
2014-09-24,2.43,2.4615,2.4,2.44,9435,0
2014-09-25,2.41,2.48,2.4,2.42,5085,0
2014-09-26,2.45,2.5,2.45,2.46,22376,0
2014-09-29,2.5,2.55,2.41,2.43,40173,0
2014-09-30,2.53,2.55,2.47,2.53,42708,0
2014-10-01,2.4,2.44,2.26,2.345,42230,0
2014-10-02,2.27,2.3,2.15,2.3,25470,0
2014-10-03,2.28,2.3,2.18,2.25,14097,0
2014-10-06,2.25,2.377,2.106,2.14,51296,0
2014-10-07,2.16,2.2701,2.08,2.15,31278,0
2014-10-08,2.05,2.17,1.9424,2.17,22060,0
2014-10-09,2.15,2.15,1.93,1.93,44930,0
2014-10-10,2.0,2.01,1.8,1.8,7530,0
2014-10-13,1.9013,1.9013,1.85,1.86,9904,0
2014-10-14,1.8901,1.8901,1.87,1.88,4867,0
2014-10-15,1.91,1.96,1.85,1.87,6675,0
2014-10-16,1.82,1.98,1.82,1.89,4975,0
2014-10-17,1.98,1.98,1.92,1.9468,6132,0
2014-10-20,1.95,2.1485,1.95,2.1485,13191,0
2014-10-21,1.94,2.14,1.94,2.063,13910,0
2014-10-22,2.0001,2.0397,2.0,2.0397,12044,0
2014-10-23,2.08,2.18,2.08,2.168,20357,0
2014-10-24,2.18,2.65,2.1551,2.55,75616,0
2014-10-27,2.6,2.68,2.38,2.5999,82980,0
2014-10-28,2.5999,2.72,2.54,2.635,15610,0
2014-10-29,2.55,2.57,2.55,2.57,1640,0
2014-10-30,2.54,2.55,2.34,2.54,13150,0
2014-10-31,2.49,2.65,2.48,2.65,11360,0
2014-11-03,2.67,2.67,2.53,2.57,2486,0
2014-11-04,2.59,2.8,2.58,2.66,38683,0
2014-11-05,2.67,2.748,2.59,2.59,11450,0
2014-11-07,2.59,2.62,2.36,2.57,11971,0
2014-11-10,2.54,2.55,2.5,2.51,9902,0
2014-11-11,2.54,2.544,2.48,2.544,2898,0
2014-11-12,2.53,2.5945,2.39,2.51,4900,0
2014-11-13,2.48,2.49,2.37,2.46,2450,0
2014-11-14,2.4,2.5,2.4,2.43,5601,0
2014-11-17,2.42,2.5,2.35,2.41,11191,0
2014-11-18,2.44,2.51,2.43,2.51,1981,0
2014-11-19,2.53,2.539,2.3576,2.47,13153,0
2014-11-20,2.43,2.47,2.35,2.408,13625,0
2014-11-21,2.44,2.48,2.34,2.44,11223,0
2014-11-24,2.42,2.42,2.22,2.41,14922,0
2014-11-25,2.4576,2.4576,2.34,2.36,2344,0
2014-11-26,2.45,2.68,2.45,2.65,46839,0
2014-11-28,2.7,2.75,2.67,2.67,11523,0
2014-12-01,2.73,2.73,2.63,2.68,16615,0
2014-12-02,2.7,2.7,2.6704,2.6999,2000,0
2014-12-03,2.65,2.71,2.63,2.65,7681,0
2014-12-04,2.67,2.7501,2.64,2.64,12759,0
2014-12-05,2.73,2.73,2.6999,2.71,1100,0
2014-12-08,2.72,2.8,2.72,2.75,18783,0
2014-12-09,2.75,2.793,2.75,2.76,3551,0
2014-12-10,2.77,2.77,2.6,2.65,15319,0
2014-12-11,2.68,2.79,2.55,2.7,8683,0
2014-12-12,2.76,2.79,2.65,2.65,6591,0
2014-12-15,2.6,2.65,2.5,2.5,11267,0
2014-12-16,2.799,2.799,2.311,2.48,15087,0
2014-12-17,2.5,2.75,2.33,2.56,10406,0
2014-12-18,2.77,2.78,2.58,2.6,2562,0
2014-12-19,2.5801,2.79,2.518,2.78,18146,0
2014-12-22,2.8,2.8,2.55,2.65,4495,0
2014-12-23,2.551,2.7299,2.51,2.69,27964,0
2014-12-24,2.62,2.7999,2.62,2.7999,4953,0
2014-12-26,2.78,2.8,2.56,2.71,26692,0
2014-12-29,2.75,2.75,2.55,2.65,9317,0
2014-12-30,2.53,2.72,2.4628,2.72,6192,0
2014-12-31,2.67,2.75,2.55,2.55,30461,0
2015-01-02,2.66,2.75,2.6,2.75,3585,0
2015-01-05,2.7,2.75,2.561,2.69,15058,0
2015-01-06,2.76,2.79,2.6,2.74,6694,0
2015-01-07,2.78,2.79,2.66,2.75,10526,0
2015-01-08,2.77,2.8,2.6599,2.77,9925,0
2015-01-09,2.59,2.76,2.41,2.62,14581,0
2015-01-12,2.64,2.79,2.62,2.73,1693,0
2015-01-13,2.71,2.72,2.59,2.62,1625,0
2015-01-14,2.61,2.72,2.54,2.61,3150,0
2015-01-15,2.6,2.6001,2.45,2.5,16341,0
2015-01-16,2.6,2.6,2.3267,2.45,19745,0
2015-01-20,2.57,2.57,2.33,2.4,4500,0
2015-01-21,2.42,2.46,2.41,2.46,1400,0
2015-01-22,2.4,2.58,2.39,2.4001,9030,0
2015-01-23,2.4,2.45,2.18,2.18,10303,0
2015-01-26,2.4,2.4,2.3,2.34,11002,0
2015-01-27,2.37,2.65,2.21,2.44,24003,0
2015-01-28,2.51,2.64,2.5,2.52,23039,0
2015-01-29,2.5,2.6,2.5,2.59,13200,0
2015-01-30,2.55,2.66,2.51,2.66,5617,0
2015-02-02,2.55,2.56,2.5,2.51,3948,0
2015-02-03,2.55,2.7,2.4,2.4552,29279,0
2015-02-04,2.51,2.63,2.51,2.63,4723,0
2015-02-05,2.6,2.64,2.49,2.57,8158,0
2015-02-06,2.63,2.63,2.5,2.51,3700,0
2015-02-09,2.51,2.52,2.5,2.51,1455,0
2015-02-10,2.5,2.5,2.38,2.45,14800,0
2015-02-11,2.489,2.5,2.4613,2.5,2400,0
2015-02-12,2.45,2.5,2.39,2.4613,7270,0
2015-02-13,2.43,2.54,2.43,2.47,3546,0
2015-02-17,2.4913,2.4913,2.46,2.46,818,0
2015-02-18,2.46,2.46,2.45,2.45,338,0
2015-02-19,2.4208,2.45,2.4208,2.45,6640,0
2015-02-20,2.41,2.47,2.35,2.39,2481,0
2015-02-23,2.39,2.42,2.39,2.42,318,0
2015-02-24,2.49,2.57,2.49,2.57,12375,0
2015-02-25,2.62,2.68,2.61,2.61,20977,0
2015-02-26,2.67,2.67,2.48,2.55,11475,0
2015-02-27,2.6,2.65,2.56,2.6399,24264,0
2015-03-02,2.64,2.64,2.62,2.62,4700,0
2015-03-03,2.63,2.64,2.47,2.64,16200,0
2015-03-04,2.65,2.65,2.58,2.58,1000,0
2015-03-05,2.65,2.65,2.59,2.59,900,0
2015-03-06,2.64,2.64,2.54,2.6,500,0
2015-03-09,2.64,2.65,2.64,2.65,1100,0
2015-03-10,2.6,2.63,2.5,2.58,7900,0
2015-03-11,2.5,2.59,2.39,2.4,12200,0
2015-03-12,2.6,2.6,2.46,2.6,27700,0
2015-03-13,2.52,2.6,2.52,2.6,4800,0
2015-03-16,2.58,2.6,2.46,2.53,4100,0
2015-03-17,2.58,2.72,2.58,2.69,16400,0
2015-03-18,2.74,2.86,2.49,2.79,23500,0
2015-03-19,2.72,2.83,2.72,2.81,6000,0
2015-03-20,2.7,2.83,2.61,2.61,18400,0
2015-03-23,2.69,2.78,2.45,2.59,10100,0
2015-03-24,2.63,2.63,2.5,2.52,1400,0
2015-03-25,2.57,2.59,2.57,2.58,1500,0
2015-03-26,2.47,2.53,2.47,2.52,1900,0
2015-03-27,2.47,2.55,2.3,2.4,30400,0
2015-03-30,2.34,2.41,2.25,2.38,40500,0
2015-03-31,2.48,2.5,2.3388,2.34,20833,0
2015-04-01,2.33,2.4,2.26,2.3,5800,0
2015-04-02,2.31,2.32,1.87,2.06,88700,0
2015-04-06,2.05,2.09,2.0,2.08,50500,0
2015-04-07,2.063,2.14,2.063,2.11,7330,0
2015-04-08,2.11,2.18,2.11,2.13,11500,0
2015-04-09,2.19,2.2,2.07,2.07,23560,0
2015-04-10,2.0,2.09,1.97,2.09,15700,0
2015-04-13,2.24,2.34,2.1,2.15,49000,0
2015-04-14,2.04,2.17,2.03,2.17,13100,0
2015-04-15,2.12,2.15,2.1,2.15,900,0
2015-04-16,2.1399,2.22,2.139,2.22,15841,0
2015-04-17,2.23,2.31,2.23,2.31,4300,0
2015-04-20,2.24,2.241,2.06,2.19,4336,0
2015-04-21,2.09,2.28,2.0501,2.1,1921,0
2015-04-22,2.1243,2.2292,2.1243,2.21,9427,0
2015-04-23,2.12,2.12,2.11,2.12,500,0
2015-04-24,2.07,2.13,2.03,2.07,11027,0
2015-04-27,2.27,2.72,2.19,2.39,257900,0
2015-04-28,2.5,2.62,2.34,2.55,36505,0
2015-04-29,2.44,2.55,2.31,2.49,34200,0
2015-04-30,2.34,2.65,2.34,2.53,48400,0
2015-05-01,2.44,2.6,2.44,2.58,36300,0
2015-05-04,2.54,2.7,2.43,2.64,86300,0
2015-05-05,2.68,2.68,2.43,2.46,42400,0
2015-05-06,2.44,2.56,2.42,2.42,43884,0
2015-05-07,2.5,2.59,2.47,2.5,29564,0
2015-05-08,2.52,2.58,2.48,2.57,46700,0
2015-05-11,2.44,2.58,2.44,2.47,62100,0
2015-05-12,2.51,2.51,2.4,2.41,31850,0
2015-05-13,2.38,2.45,2.35,2.35,8175,0
2015-05-14,2.37,2.42,2.36,2.37,10400,0
2015-05-15,2.38,2.4,2.2,2.23,71698,0
2015-05-18,2.2201,2.25,2.2201,2.25,605,0
2015-05-19,2.22,2.35,2.21,2.21,7166,0
2015-05-20,2.3,2.36,2.26,2.26,7379,0
2015-05-21,2.26,2.28,2.26,2.28,200,0
2015-05-22,2.28,2.3,2.18,2.25,11600,0
2015-05-26,2.2,2.3208,2.2,2.2,550,0
2015-05-27,2.4,2.42,2.24,2.25,15400,0
2015-05-28,2.33,2.47,2.33,2.34,8300,0
2015-05-29,2.39,2.45,2.27,2.4,34300,0
2015-06-01,2.34,2.4,2.3,2.4,10244,0
2015-06-02,2.36,2.37,2.36,2.36,1250,0
2015-06-03,2.4,2.42,2.4,2.42,5600,0
2015-06-04,2.42,2.43,2.39,2.39,8800,0
2015-06-05,2.48,2.49,2.35,2.49,8400,0
2015-06-08,2.42,2.42,2.42,2.42,100,0
2015-06-09,2.4206,2.4206,2.23,2.28,10344,0
2015-06-10,2.35,2.38,2.16,2.19,18238,0
2015-06-11,2.21,2.24,2.17,2.21,7710,0
2015-06-12,2.19,2.22,2.17,2.17,1200,0
2015-06-15,2.25,2.25,2.17,2.17,9000,0
2015-06-16,2.21,2.24,2.16,2.17,18500,0
2015-06-17,2.23,2.24,2.23,2.24,900,0
2015-06-18,2.2,2.2,2.2,2.2,300,0
2015-06-19,2.21,2.21,2.15,2.17,13900,0
2015-06-23,2.18,2.18,2.16,2.16,502,0
2015-06-24,2.16,2.16,2.03,2.06,14800,0
2015-06-25,2.09,2.1,2.05,2.05,43800,0
2015-06-26,2.09,2.11,2.01,2.06,26500,0
2015-06-29,2.1,2.1,2.0,2.03,9400,0
2015-06-30,2.03,2.37,2.0,2.28,34898,0
2015-07-01,2.3,2.38,2.28,2.35,15100,0
2015-07-02,2.35,2.38,2.23,2.26,10100,0
2015-07-06,2.3,2.3,2.11,2.23,16300,0
2015-07-07,2.38,2.38,2.11,2.25,23100,0
2015-07-08,2.25,2.25,2.07,2.08,16600,0
2015-07-09,2.04,2.21,2.04,2.07,6400,0
2015-07-10,2.09,2.11,2.06,2.1,8500,0
2015-07-13,2.15,2.17,2.1,2.11,6400,0
2015-07-14,2.12,2.1401,2.1012,2.1401,3630,0
2015-07-15,2.1501,2.249,2.05,2.14,17689,0
2015-07-16,2.09,2.19,2.05,2.07,12200,0
2015-07-17,2.05,2.14,1.98,2.02,25700,0
2015-07-20,2.02,2.08,1.97,2.04,12000,0
2015-07-21,2.05,2.15,2.0,2.01,27700,0
2015-07-22,2.01,2.05,1.99,2.0,11800,0
2015-07-23,2.04,2.05,1.96,2.01,20600,0
2015-07-24,1.95,2.05,1.95,2.05,16600,0
2015-07-27,2.05,2.2,2.03,2.19,21400,0
2015-07-28,2.18,2.41,2.16,2.2,38900,0
2015-07-29,2.19,2.3,2.06,2.08,9400,0
2015-07-30,2.11,2.32,2.11,2.21,11000,0
2015-07-31,2.29,2.29,2.06,2.24,20300,0
2015-08-03,2.169,2.169,2.16,2.16,775,0
2015-08-04,2.25,2.27,2.13,2.25,6800,0
2015-08-05,2.26,2.26,2.13,2.2,3700,0
2015-08-06,2.19,2.19,2.06,2.06,6818,0
2015-08-07,2.05,2.24,2.05,2.22,5500,0
2015-08-10,2.23,2.25,2.2,2.25,15500,0
2015-08-11,2.15,2.25,2.07,2.24,32289,0
2015-08-12,2.13,2.28,2.13,2.24,9000,0
2015-08-13,2.12,2.28,2.12,2.21,16100,0
2015-08-14,2.21,2.25,2.21,2.25,3600,0
2015-08-17,2.21,2.25,2.11,2.16,13500,0
2015-08-18,2.24,2.24,2.24,2.24,100,0
2015-08-19,2.24,2.24,2.18,2.24,1600,0
2015-08-20,2.14,2.14,2.13,2.14,3700,0
2015-08-21,2.19,2.23,2.11,2.16,8700,0
2015-08-24,2.16,2.235,2.02,2.06,31453,0
2015-08-25,2.11,2.29,2.11,2.25,11300,0
2015-08-26,2.22,2.25,2.21,2.23,3400,0
2015-08-27,2.25,2.26,2.25,2.25,1900,0
2015-08-28,2.26,2.41,2.26,2.27,2000,0
2015-08-31,2.4,2.4,2.26,2.31,4400,0
2015-09-01,2.3,2.38,2.25,2.29,29200,0
2015-09-02,2.3,2.3,2.21,2.22,4800,0
2015-09-03,2.29,2.29,2.21,2.25,3900,0
2015-09-04,2.26,2.27,2.26,2.26,800,0
2015-09-08,2.3,2.3,2.3,2.3,800,0
2015-09-09,2.28,2.3,2.28,2.3,500,0
2015-09-10,2.3,2.3,2.23,2.23,2540,0
2015-09-11,2.2,2.27,2.08,2.27,15500,0
2015-09-14,2.23,2.29,2.23,2.29,500,0
2015-09-15,2.25,2.29,2.25,2.29,1100,0
2015-09-16,2.27,2.4,2.26,2.35,8900,0
2015-09-17,2.3,2.3,2.1859,2.19,15055,0
2015-09-18,2.3,2.3,2.15,2.15,6100,0
2015-09-21,2.22,2.39,2.14,2.14,5900,0
2015-09-22,2.3,2.3,2.12,2.15,27200,0
2015-09-23,2.41,2.41,2.24,2.25,16232,0
2015-09-24,2.3,2.3599,2.25,2.25,35215,0
2015-09-25,2.4,2.59,2.27,2.46,51700,0
2015-09-28,2.5,2.5,2.14,2.22,68088,0
2015-09-29,2.29,2.35,2.24,2.24,38100,0
2015-09-30,2.21,2.57,2.21,2.55,12600,0
2015-10-01,2.26,2.34,2.26,2.31,7400,0
2015-10-02,2.35,2.35,2.35,2.35,6600,0
2015-10-05,2.34,2.34,2.28,2.28,12186,0
2015-10-06,2.28,2.34,2.28,2.34,600,0
2015-10-07,2.3,2.41,2.268,2.29,29048,0
2015-10-08,2.33,2.35,2.22,2.3,31200,0
2015-10-09,2.33,2.33,2.31,2.31,4700,0
2015-10-12,2.33,2.45,2.26,2.32,20943,0
2015-10-13,2.31,2.32,2.31,2.31,2300,0
2015-10-14,2.28,2.29,2.2,2.2,6000,0
2015-10-15,2.24,2.31,2.18,2.3,17300,0
2015-10-16,2.18,2.3,2.18,2.3,6500,0
2015-10-19,2.27,2.27,2.26,2.26,935,0
2015-10-20,2.23,2.24,2.17,2.17,5800,0
2015-10-21,2.19,2.19,2.13,2.16,9500,0
2015-10-22,2.15,2.21,2.14,2.2,16700,0
2015-10-23,2.23,2.23,2.06,2.1,11800,0
2015-10-26,2.1,2.12,2.05,2.09,10200,0
2015-10-27,2.05,2.1,2.04,2.04,6900,0
2015-10-28,2.1,2.1,2.1,2.1,5300,0
2015-10-30,2.08,2.16,2.06,2.06,44200,0
2015-11-02,2.08,2.08,2.03,2.03,10468,0
2015-11-03,2.0503,2.0503,2.0503,2.0503,972,0
2015-11-04,2.0498,2.1,1.9501,1.9997,14109,0
2015-11-05,2.0,2.15,1.95,1.97,32400,0
2015-11-06,2.01,2.25,1.97,2.12,45100,0
2015-11-09,2.05,2.05,2.0,2.05,21800,0
2015-11-10,2.02,2.07,1.96,2.03,27900,0
2015-11-12,1.95,2.23,1.95,2.11,26500,0
2015-11-13,2.1,2.1,2.0,2.05,15600,0
2015-11-16,2.03,2.03,1.97,1.98,12600,0
2015-11-17,1.95,1.99,1.92,1.97,6400,0
2015-11-18,1.96,1.99,1.88,1.9,8700,0
2015-11-19,1.88,1.94,1.81,1.85,57200,0
2015-11-20,1.85,1.86,1.83,1.86,5500,0
2015-11-23,1.89,1.89,1.72,1.74,31300,0
2015-11-24,1.75,1.9,1.75,1.77,32700,0
2015-11-25,1.79,1.8,1.79,1.8,400,0
2015-11-27,1.78,1.78,1.74,1.74,2100,0
2015-11-30,1.8,1.98,1.8,1.98,28100,0
2015-12-01,2.0,2.0,1.8447,1.8447,1666,0
2015-12-02,1.87,1.99,1.87,1.99,4669,0
2015-12-03,2.0,2.0,2.0,2.0,252,0
2015-12-04,1.98,1.98,1.98,1.98,100,0
2015-12-07,1.94,1.98,1.85,1.9,2100,0
2015-12-08,1.88,1.985,1.8,1.93,9825,0
2015-12-09,1.96,2.0,1.92,1.99,6200,0
2015-12-10,1.92,2.0,1.92,2.0,2200,0
2015-12-11,1.99,2.0,1.94,1.94,11300,0
2015-12-14,2.02,2.02,1.91,2.01,1053,0
2015-12-15,2.02,2.02,1.91,1.99,5500,0
2015-12-16,2.01,2.01,1.95,1.97,1500,0
2015-12-17,1.95,1.95,1.93,1.95,900,0
2015-12-18,1.95,1.95,1.85,1.85,6300,0
2015-12-21,1.83,1.98,1.83,1.95,500,0
2015-12-22,1.96,2.0,1.84,1.95,3548,0
2015-12-23,1.91,1.91,1.87,1.87,2500,0
2015-12-24,1.8,1.85,1.77,1.77,1262,0
2015-12-28,1.74,1.93,1.74,1.8,5160,0
2015-12-29,1.8095,1.92,1.77,1.9,5236,0
2015-12-30,1.9,1.9,1.79,1.811,2301,0
2015-12-31,1.86,1.92,1.86,1.88,5381,0
2016-01-04,1.89,1.9,1.88,1.88,7200,0
2016-01-05,1.88,1.88,1.88,1.88,3000,0
2016-01-07,1.85,1.85,1.85,1.85,100,0
2016-01-08,1.86,1.86,1.85,1.85,600,0
2016-01-11,1.84,1.88,1.72,1.88,1050,0
2016-01-12,1.8999,1.9,1.8999,1.9,200,0
2016-01-13,1.79,1.79,1.14,1.55,21974,0
2016-01-14,1.5101,1.62,1.5,1.5184,10635,0
2016-01-15,1.5,1.51,1.44,1.44,7045,0
2016-01-19,1.55,1.6,1.2,1.31,26400,0
2016-01-20,1.16,1.33,1.16,1.3,6201,0
2016-01-22,1.29,1.3899,1.29,1.3799,9001,0
2016-01-25,1.31,1.34,1.3,1.31,4260,0
2016-01-26,1.25,1.4,1.25,1.3,1719,0
2016-01-27,1.25,1.36,1.23,1.3,10589,0
2016-01-28,1.34,1.43,1.15,1.36,7101,0
2016-01-29,1.35,1.4815,1.22,1.4815,13900,0
2016-02-01,1.5,1.58,1.275,1.3195,13999,0
2016-02-02,1.4,1.4,1.3,1.31,9188,0
2016-02-03,1.3201,1.3201,1.25,1.25,6301,0
2016-02-04,1.3,1.38,1.16,1.22,2179,0
2016-02-05,1.2,1.2,1.16,1.2,5046,0
2016-02-08,1.125,1.125,1.125,1.125,130,0
2016-02-09,1.124,1.15,1.01,1.11,24262,0
2016-02-10,1.1,1.12,1.1,1.12,702,0
2016-02-11,1.13,1.13,1.08,1.11,5923,0
2016-02-12,1.134,1.134,1.134,1.134,767,0
2016-02-16,1.153,1.153,1.0101,1.0699,3700,0
2016-02-17,1.2099,1.31,1.19,1.29,33059,0
2016-02-18,1.28,1.28,1.1601,1.1601,3336,0
2016-02-19,1.2899,1.2899,1.19,1.19,5152,0
2016-02-22,1.2672,1.2672,1.22,1.22,10933,0
2016-02-23,1.22,1.25,1.22,1.25,1717,0
2016-02-24,1.2308,1.25,1.14,1.24,12697,0
2016-02-25,1.1516,1.25,1.14,1.25,11700,0
2016-02-26,1.15,1.17,1.08,1.08,17149,0
2016-02-29,1.15,1.35,1.1,1.19,56064,0
2016-03-01,1.26,1.26,1.1,1.12,29739,0
2016-03-02,1.1001,1.2,1.05,1.19,40119,0
2016-03-03,1.19,1.21,1.163,1.2,27371,0
2016-03-04,1.2,1.21,1.2,1.2,33027,0
2016-03-07,1.19,1.19,1.15,1.19,6224,0
2016-03-08,1.19,1.19,1.14,1.14,4901,0
2016-03-09,1.17,1.18,1.15,1.18,4400,0
2016-03-10,1.15,1.16,1.15,1.15,6739,0
2016-03-11,1.15,1.15,1.1,1.12,22821,0
2016-03-14,1.1201,1.16,1.03,1.13,23072,0
2016-03-15,1.09,1.1,1.01,1.06,60837,0
2016-03-16,1.07,1.1001,1.07,1.1001,3848,0
2016-03-17,1.14,1.14,1.13,1.13,386,0
2016-03-18,1.14,1.14,1.08,1.08,1883,0
2016-03-21,1.0899,1.1399,1.0899,1.1399,6320,0
2016-03-22,1.1084,1.1084,1.1084,1.1084,305,0
2016-03-23,1.1399,1.1399,1.12,1.12,10133,0
2016-03-24,1.12,1.14,1.12,1.1399,25709,0
2016-03-28,1.14,1.2,1.11,1.2,19285,0
2016-03-29,1.23,1.27,1.135,1.18,2704,0
2016-03-30,1.14,1.25,1.14,1.18,17200,0
2016-03-31,1.1644,1.1644,1.11,1.15,26864,0
2016-04-01,1.2,1.2,1.16,1.16,2300,0
2016-04-04,1.1701,1.21,1.17,1.21,6480,0
2016-04-05,1.2095,1.27,1.2095,1.24,13480,0
2016-04-06,1.21,1.33,1.21,1.32,15395,0
2016-04-07,1.3501,1.48,1.3501,1.42,11210,0
2016-04-08,1.464,1.67,1.442,1.4896,18103,0
2016-04-11,1.5304,1.65,1.5,1.65,24460,0
2016-04-12,1.7,1.7,1.57,1.62,18334,0
2016-04-13,1.7316,1.76,1.6199,1.64,6572,0
2016-04-14,1.67,1.6823,1.41,1.49,28149,0
2016-04-15,1.48,1.73,1.48,1.65,4938,0
2016-04-18,1.61,1.65,1.58,1.58,9726,0
2016-04-19,1.7,1.7,1.5,1.5,32523,0
2016-04-20,1.4301,1.6,1.4301,1.51,4314,0
2016-04-21,1.51,1.59,1.5,1.56,12149,0
2016-04-22,1.55,1.728,1.53,1.55,7709,0
2016-04-25,1.52,1.55,1.505,1.51,2800,0
2016-04-26,1.5,1.55,1.42,1.42,5450,0
2016-04-27,1.51,1.54,1.51,1.51,1100,0
2016-04-28,1.46,1.5,1.42,1.42,1127,0
2016-04-29,1.45,1.45,1.41,1.41,7190,0
2016-05-02,1.37,1.39,1.37,1.37,720,0
2016-05-03,1.35,1.3501,1.17,1.23,16221,0
2016-05-04,1.1899,1.62,1.1,1.57,37241,0
2016-05-05,1.68,1.68,1.3411,1.38,19354,0
2016-05-06,1.34,1.4599,1.3,1.37,2967,0
2016-05-09,1.37,1.377,1.28,1.28,4901,0
2016-05-10,1.31,1.35,1.31,1.31,8595,0
2016-05-11,1.3,1.368,1.3,1.33,3301,0
2016-05-12,1.35,1.38,1.28,1.28,5640,0
2016-05-13,1.28,1.2899,1.2,1.2139,8400,0
2016-05-16,1.23,1.28,1.2,1.2,4930,0
2016-05-17,1.28,1.28,1.09,1.11,15534,0
2016-05-18,1.07,1.07,1.0,1.0689,94197,0
2016-05-19,1.04,1.07,0.9727,1.04,21394,0
2016-05-20,1.04,1.1,1.04,1.08,5657,0
2016-05-23,1.08,1.08,1.03,1.07,10230,0
2016-05-24,1.0152,1.05,1.01,1.01,39148,0
2016-05-25,1.05,1.09,1.045,1.08,27452,0
2016-05-26,1.08,1.11,1.08,1.09,31696,0
2016-05-27,1.09,1.09,0.953,1.09,16723,0
2016-05-31,1.01,1.1,1.0,1.0105,9445,0
2016-06-01,1.01,1.09,1.0,1.0283,15699,0
2016-06-02,1.01,1.08,0.96,1.08,23099,0
2016-06-03,1.04,1.07,1.04,1.04,5700,0
2016-06-06,1.05,1.07,1.0201,1.07,3000,0
2016-06-07,1.25,3.4199,1.25,1.59,2647341,0
2016-06-08,1.75,1.78,1.56,1.64,382251,0
2016-06-09,1.68,1.68,1.55,1.5986,81862,0
2016-06-10,1.64,1.7,1.55,1.58,59684,0
2016-06-13,1.66,1.75,1.6,1.72,91185,0
2016-06-14,1.7,1.75,1.6406,1.74,19438,0
2016-06-15,1.73,1.75,1.68,1.74,38850,0
2016-06-16,1.75,1.75,1.66,1.66,27771,0
2016-06-17,1.65,1.75,1.65,1.75,16340,0
2016-06-20,1.75,1.75,1.64,1.7,36287,0
2016-06-21,1.66,1.69,1.61,1.67,9638,0
2016-06-22,1.63,1.715,1.62,1.68,15178,0
2016-06-23,1.61,1.75,1.6,1.6,15102,0
2016-06-24,1.6,1.64,1.5401,1.64,3789,0
2016-06-27,1.7,1.7,1.57,1.62,3566,0
2016-06-28,1.58,1.69,1.57,1.64,18543,0
2016-06-29,1.6972,1.7,1.58,1.58,7103,0
2016-06-30,1.62,1.7,1.57,1.61,6300,0
2016-07-01,1.61,1.6838,1.58,1.68,14277,0
2016-07-05,1.59,1.83,1.5801,1.59,78310,0
2016-07-06,1.66,1.66,1.6,1.6,400,0
2016-07-07,1.61,1.6624,1.6,1.61,2138,0
2016-07-08,1.59,1.69,1.56,1.62,16786,0
2016-07-11,1.58,1.66,1.56,1.62,9305,0
2016-07-12,1.6,1.75,1.6,1.65,16680,0
2016-07-13,1.68,1.71,1.58,1.67,11153,0
2016-07-14,1.62,1.69,1.58,1.59,50346,0
2016-07-15,1.58,1.88,1.58,1.67,37784,0
2016-07-18,1.85,1.85,1.71,1.78,12295,0
2016-07-19,1.8,1.82,1.7,1.77,17799,0
2016-07-20,1.781,1.8151,1.68,1.69,35455,0
2016-07-21,1.7,1.71,1.64,1.64,11100,0
2016-07-22,1.64,1.739,1.64,1.71,30951,0
2016-07-25,1.6949,1.7,1.681,1.681,1085,0
2016-07-26,1.69,1.8,1.666,1.8,39683,0
2016-07-27,1.85,1.99,1.58,1.82,176022,0
2016-07-28,1.7732,1.83,1.7635,1.83,4731,0
2016-07-29,1.8,1.8,1.72,1.74,25359,0
2016-08-01,1.74,1.83,1.71,1.77,13447,0
2016-08-02,1.76,1.84,1.66,1.84,14764,0
2016-08-03,1.75,1.8,1.69,1.8,11292,0
2016-08-04,1.79,1.84,1.69,1.82,7603,0
2016-08-05,1.75,1.8,1.7,1.8,15538,0
2016-08-08,1.75,1.98,1.75,1.96,42377,0
2016-08-09,1.88,2.08,1.85,1.87,71147,0
2016-08-10,1.84,2.0,1.82,1.84,115796,0
2016-08-11,1.85,1.9,1.8,1.8,76090,0
2016-08-12,1.7999,1.83,1.77,1.79,14203,0
2016-08-15,1.899,1.9,1.85,1.86,17800,0
2016-08-16,1.88,1.88,1.74,1.78,7833,0
2016-08-17,1.72,1.8,1.72,1.8,1500,0
2016-08-18,1.73,1.81,1.73,1.76,6109,0
2016-08-19,1.78,1.86,1.72,1.86,5232,0
2016-08-22,1.8,1.86,1.74,1.77,3200,0
2016-08-23,1.73,1.774,1.71,1.71,5860,0
2016-08-24,1.82,2.47,1.82,1.9679,1325717,0
2016-08-25,2.12,2.12,1.84,1.95,74217,0
2016-08-26,1.97,2.19,1.91,2.19,130478,0
2016-08-29,2.21,2.23,1.95,2.19,40639,0
2016-08-30,2.21,2.75,2.18,2.5,103030,0
2016-08-31,2.48,2.69,2.37,2.42,62296,0
2016-09-01,2.46,2.579,2.3989,2.56,29822,0
2016-09-02,2.58,2.69,2.46,2.56,74527,0
2016-09-06,2.55,2.5801,2.41,2.55,12775,0
2016-09-07,2.53,2.64,2.52,2.52,45768,0
2016-09-08,2.55,2.55,2.38,2.51,35737,0
2016-09-09,2.39,2.5773,2.39,2.4801,11329,0
2016-09-12,2.4,2.43,2.25,2.36,20018,0
2016-09-13,2.36,2.36,2.21,2.32,7590,0
2016-09-14,2.29,2.39,2.29,2.3,11233,0
2016-09-15,2.22,2.44,2.22,2.35,21419,0
2016-09-16,2.31,2.4233,2.31,2.41,50177,0
2016-09-19,2.41,2.42,2.05,2.15,138138,0
2016-09-20,2.15,2.47,2.09,2.335,100206,0
2016-09-21,2.32,2.3499,2.3,2.34,27122,0
2016-09-22,2.3101,2.35,2.3,2.32,8991,0
2016-09-23,2.38,2.79,2.3664,2.79,185573,0
2016-09-26,2.76,2.89,2.62,2.74,49546,0
2016-09-27,2.72,2.9899,2.55,2.98,110372,0
2016-09-28,2.99,3.09,2.92,3.02,75303,0
2016-09-29,3.0,3.07,2.75,2.98,162677,0
2016-09-30,2.51,3.25,2.51,3.21,124155,0
2016-10-03,3.2,3.2899,3.15,3.16,72016,0
2016-10-04,3.13,3.2,3.0,3.0001,32879,0
2016-10-05,3.05,3.05,2.89,2.94,51464,0
2016-10-06,2.92,2.9799,2.69,2.7501,77912,0
2016-10-07,2.82,2.8799,2.65,2.67,72847,0
2016-10-10,2.89,3.04,2.7782,2.87,82055,0
2016-10-11,2.85,2.95,2.74,2.94,28882,0
2016-10-12,2.77,2.8799,2.66,2.71,55740,0
2016-10-13,2.82,2.85,2.71,2.73,5536,0
2016-10-14,2.78,2.79,2.68,2.77,47907,0
2016-10-17,2.83,2.9199,2.72,2.83,85229,0
2016-10-18,2.83,2.83,2.66,2.81,15869,0
2016-10-19,2.77,2.93,2.71,2.91,142283,0
2016-10-20,2.97,3.07,2.83,2.97,570600,0
2016-10-21,2.95,3.05,2.86,2.99,122235,0
2016-10-24,2.98,3.15,2.88,3.14,350494,0
2016-10-25,3.15,3.19,3.0857,3.1,339384,0
2016-10-26,3.07,3.1839,2.801,2.95,127449,0
2016-10-27,2.93,3.19,2.8,3.19,162398,0
2016-10-28,3.15,3.32,3.01,3.3,126300,0
2016-10-31,3.32,3.54,3.265,3.45,165097,0
2016-11-01,3.47,3.5792,3.065,3.21,92030,0
2016-11-02,3.23,3.36,3.08,3.19,37870,0
2016-11-03,3.16,3.38,3.15,3.26,32608,0
2016-11-04,3.23,3.36,3.23,3.27,12443,0
2016-11-07,3.2,3.25,3.18,3.18,11373,0
2016-11-08,3.2,3.2345,3.12,3.2,33193,0
2016-11-09,3.14,3.14,2.511,3.04,53062,0
2016-11-10,3.06,3.07,2.89,2.915,15822,0
2016-11-11,2.9484,3.09,2.9,3.02,7511,0
2016-11-14,3.0548,3.09,2.95,2.95,7879,0
2016-11-15,2.9,3.07,2.9,2.98,14729,0
2016-11-16,2.97,3.07,2.88,3.04,31313,0
2016-11-17,2.9711,3.04,2.9077,3.04,6951,0
2016-11-18,3.0,3.03,2.9375,3.0,26817,0
2016-11-21,3.0,3.0,2.964,2.98,7593,0
2016-11-22,2.9758,3.04,2.88,3.0,13957,0
2016-11-23,2.95,2.97,2.9,2.97,15538,0
2016-11-25,3.0,3.0,2.8632,2.97,2790,0
2016-11-28,2.96,3.03,2.96,2.96,15816,0
2016-11-29,2.9499,3.0,2.9499,3.0,1821,0
2016-11-30,2.997,3.05,2.92,2.99,12729,0
2016-12-01,3.03,3.055,3.0,3.05,4818,0
2016-12-02,3.09,3.15,2.6659,3.07,17437,0
2016-12-05,2.9,3.07,2.75,3.0,34994,0
2016-12-06,2.99,3.005,2.9,2.9,17106,0
2016-12-07,2.98,2.99,2.93,2.96,12161,0
2016-12-08,2.9,2.95,2.84,2.87,25178,0
2016-12-09,2.94,2.94,2.73,2.75,30972,0
2016-12-12,2.8,2.8,2.75,2.75,12001,0
2016-12-13,2.7501,2.905,2.6241,2.89,22023,0
2016-12-14,2.77,2.8153,2.57,2.6,47712,0
2016-12-15,2.65,2.781,2.5,2.53,54814,0
2016-12-16,2.7,2.7,2.231,2.37,39887,0
2016-12-19,2.5,2.63,2.44,2.45,24259,0
2016-12-20,2.5084,2.65,2.48,2.5,36317,0
2016-12-21,2.55,2.5852,2.43,2.5,20413,0
2016-12-22,2.48,2.48,2.32,2.38,29573,0
2016-12-23,2.37,2.41,2.33,2.39,11344,0
2016-12-27,2.387,2.53,2.33,2.36,12006,0
2016-12-28,2.37,2.3855,2.32,2.35,11486,0
2016-12-29,2.4273,2.439,2.32,2.4,36208,0
2016-12-30,2.3611,2.43,2.34,2.41,68335,0
2017-01-03,2.34,2.4,2.25,2.38,25497,0
2017-01-04,2.34,2.3784,2.24,2.3465,22374,0
2017-01-05,2.35,2.63,2.24,2.3,64134,0
2017-01-06,2.3,2.37,2.3,2.34,47778,0
2017-01-09,2.32,2.45,2.32,2.37,7730,0
2017-01-10,2.35,2.42,2.35,2.37,17929,0
2017-01-11,2.37,2.47,2.37,2.46,16101,0
2017-01-12,2.48,2.524,2.48,2.48,2966,0
2017-01-13,2.45,2.59,2.45,2.52,10832,0
2017-01-17,2.56,2.62,2.36,2.44,16054,0
2017-01-18,2.39,2.4775,2.36,2.4,4499,0
2017-01-19,2.39,2.47,2.359,2.45,13602,0
2017-01-20,2.47,2.5,2.37,2.37,4224,0
2017-01-23,2.43,2.5,2.42,2.4201,7239,0
2017-01-24,2.41,2.54,2.41,2.46,20601,0
2017-01-25,2.5,2.5629,2.36,2.43,31221,0
2017-01-26,2.48,2.5,2.37,2.4,7180,0
2017-01-27,2.44,2.55,2.4,2.42,22438,0
2017-01-30,2.5,2.54,2.4,2.4,34538,0
2017-01-31,2.4,2.4,2.35,2.36,8584,0
2017-02-01,2.36,2.46,2.35,2.38,4118,0
2017-02-02,2.41,2.47,2.35,2.41,7775,0
2017-02-03,2.36,2.4,2.27,2.3,33017,0
2017-02-06,2.38,2.3854,2.19,2.19,24902,0
2017-02-07,2.19,2.29,2.1533,2.21,30889,0
2017-02-08,2.19,3.69,2.1501,3.0,9238807,0
2017-02-09,3.32,3.51,2.92,3.3,2551116,0
2017-02-10,3.28,3.35,3.05,3.34,574383,0
2017-02-13,3.36,3.95,3.24,3.89,1068263,0
2017-02-14,3.84,3.85,3.56,3.75,448507,0
2017-02-15,3.78,4.1708,3.5201,3.99,415598,0
2017-02-16,4.03,4.08,3.9,4.05,152368,0
2017-02-17,3.93,4.12,3.89,4.11,153639,0
2017-02-21,4.28,5.28,4.13,4.99,1427554,0
2017-02-22,4.65,4.95,4.44,4.6,336848,0
2017-02-23,4.51,4.59,4.3601,4.57,127715,0
2017-02-24,4.46,4.77,4.351,4.75,162651,0
2017-02-27,4.82,5.0499,4.625,4.95,135485,0
2017-02-28,4.99,5.26,4.7401,5.24,196646,0
2017-03-01,5.29,5.3,5.0,5.07,145924,0
2017-03-02,5.1,5.2,4.75,4.8,158349,0
2017-03-03,4.8,5.24,4.7032,5.09,253951,0
2017-03-06,5.15,5.15,4.79,4.98,158440,0
2017-03-07,4.92,4.92,4.75,4.84,51935,0
2017-03-08,4.76,4.985,4.62,4.8,96257,0
2017-03-09,4.75,5.05,4.75,5.01,114104,0
2017-03-10,5.03,5.45,4.94,5.24,601201,0
2017-03-13,5.21,5.34,4.86,4.91,213915,0
2017-03-14,4.92,4.9205,4.5201,4.75,100014,0
2017-03-15,4.75,4.83,4.53,4.72,49970,0
2017-03-16,4.69,4.81,4.38,4.65,64359,0
2017-03-17,4.69,5.27,4.66,5.08,96786,0
2017-03-20,4.98,5.03,4.802,5.03,40760,0
2017-03-21,5.03,5.03,4.83,4.99,51695,0
2017-03-22,4.95,4.95,4.7,4.9,69041,0
2017-03-23,4.91,5.14,4.9,5.14,73031,0
2017-03-24,5.11,5.29,5.0,5.16,95053,0
2017-03-27,5.05,5.24,5.01,5.19,121998,0
2017-03-28,5.2,5.2448,5.05,5.17,92038,0
2017-03-29,5.2,5.2499,5.06,5.23,61737,0
2017-03-30,5.23,6.1,5.2,5.41,638284,0
2017-03-31,5.0,5.2,4.16,4.81,649628,0
2017-04-03,4.7,4.85,4.5201,4.77,221133,0
2017-04-04,4.97,5.04,4.34,4.43,248675,0
2017-04-05,4.46,4.5,3.55,3.77,387278,0
2017-04-06,3.84,4.25,3.836,4.16,281850,0
2017-04-07,4.34,4.38,4.01,4.28,174374,0
2017-04-10,4.08,4.085,3.81,3.84,516677,0
2017-04-11,3.81,4.02,3.37,4.01,364596,0
2017-04-12,4.0,4.08,3.8389,4.05,198074,0
2017-04-13,4.39,4.63,4.2625,4.45,2385630,0
2017-04-17,4.46,4.53,4.3,4.51,142498,0
2017-04-18,4.38,4.48,4.38,4.48,83961,0
2017-04-19,4.48,4.48,4.3,4.33,89836,0
2017-04-20,4.36,4.49,4.36,4.46,82476,0
2017-04-21,4.45,4.47,4.36,4.38,144203,0
2017-04-24,4.41,4.56,4.38,4.53,129114,0
2017-04-25,4.54,4.66,4.46,4.59,108130,0
2017-04-26,4.58,4.8,4.51,4.65,118783,0
2017-04-27,4.61,4.99,4.46,4.85,102408,0
2017-04-28,4.85,4.9,4.5,4.57,99793,0
2017-05-01,4.56,4.62,4.5,4.61,54044,0
2017-05-02,4.55,4.55,4.4001,4.49,148126,0
2017-05-03,4.47,4.5,4.29,4.32,64077,0
2017-05-04,4.26,4.3835,4.06,4.12,121900,0
2017-05-05,4.09,4.12,3.97,3.99,126943,0
2017-05-08,3.99,4.45,3.98,4.15,110169,0
2017-05-09,4.17,4.26,4.11,4.19,53400,0
2017-05-10,4.18,4.52,4.15,4.41,103314,0
2017-05-11,4.35,4.49,4.25,4.49,52199,0
2017-05-12,4.47,4.58,4.37,4.43,68456,0
2017-05-15,4.51,4.54,4.35,4.5,25195,0
2017-05-16,4.49,4.65,4.35,4.54,40879,0
2017-05-17,4.51,4.51,4.1,4.1,72128,0
2017-05-18,4.11,4.43,3.98,4.15,105461,0
2017-05-19,4.14,4.25,4.04,4.25,49216,0
2017-05-22,4.21,4.35,4.15,4.35,24648,0
2017-05-23,4.29,4.54,4.18,4.53,44945,0
2017-05-24,4.47,4.68,4.29,4.68,45250,0
2017-05-25,4.69,4.83,4.46,4.64,39267,0
2017-05-26,4.68,4.68,4.47,4.61,28158,0
2017-05-30,4.61,4.82,4.495,4.57,25788,0
2017-05-31,4.55,4.66,4.505,4.58,25651,0
2017-06-01,4.6,4.6,4.46,4.47,60489,0
2017-06-02,4.54,4.54,4.28,4.33,56342,0
2017-06-05,4.4,4.4002,4.12,4.35,56974,0
2017-06-06,4.31,4.31,4.0,4.14,76034,0
2017-06-07,4.12,4.2299,4.0201,4.07,106987,0
2017-06-08,4.06,4.13,3.99,4.02,87055,0
2017-06-09,4.109,4.11,3.9,3.98,79400,0
2017-06-12,3.92,4.03,3.75,3.82,151292,0
2017-06-13,3.75,3.87,3.74,3.83,41296,0
2017-06-14,3.88,3.97,3.77,3.92,53720,0
2017-06-15,3.85,3.91,3.61,3.71,34196,0
2017-06-16,3.7,3.82,3.685,3.74,146428,0
2017-06-19,3.801,3.81,3.61,3.71,36708,0
2017-06-20,3.68,3.7,3.5,3.65,76161,0
2017-06-21,3.6,3.64,3.5045,3.59,76108,0
2017-06-22,3.55,3.61,3.48,3.54,92770,0
2017-06-23,3.55,3.94,3.55,3.9,261444,0
2017-06-26,3.95,4.09,3.7887,4.04,98786,0
2017-06-27,4.05,4.05,3.83,3.94,35905,0
2017-06-28,4.04,4.04,3.8,3.82,29688,0
2017-06-29,3.8,3.83,3.7,3.82,30614,0
2017-06-30,3.7488,3.84,3.7,3.75,69021,0
2017-07-03,3.695,3.71,3.6,3.7,6971,0
2017-07-05,3.62,3.9,3.6,3.88,88992,0
2017-07-06,3.89,3.89,3.72,3.82,76938,0
2017-07-07,3.85,3.88,3.7277,3.88,19041,0
2017-07-10,3.85,3.95,3.73,3.95,49365,0
2017-07-11,3.94,4.14,3.86,3.93,139075,0
2017-07-12,4.05,4.149,3.96,4.01,33104,0
2017-07-13,4.0,4.07,3.95,3.99,69517,0
2017-07-14,3.99,4.03,3.82,3.91,35895,0
2017-07-17,3.91,3.92,3.75,3.78,93202,0
2017-07-18,3.83,3.83,3.66,3.78,183537,0
2017-07-19,3.85,3.8812,3.7,3.81,161883,0
2017-07-20,4.05,4.15,3.93,4.08,107913,0
2017-07-21,4.05,4.06,3.92,4.05,41148,0
2017-07-24,4.04,4.1,4.0,4.03,74093,0
2017-07-25,4.03,4.22,4.02,4.18,137045,0
2017-07-26,4.23,4.3343,4.0561,4.1,50093,0
2017-07-27,4.1339,4.145,3.9,3.96,34318,0
2017-07-28,3.95,4.12,3.85,4.05,225967,0
2017-07-31,4.09,4.09,3.93,4.04,25955,0
2017-08-01,4.05,4.06,3.98,4.035,51817,0
2017-08-02,4.053,4.08,3.9,3.96,111950,0
2017-08-03,3.97,4.02,3.935,4.02,41965,0
2017-08-04,4.0,4.04,3.84,3.9,53994,0
2017-08-07,3.86,3.88,3.65,3.67,144076,0
2017-08-08,3.65,3.76,3.62,3.73,30714,0
2017-08-09,3.7,3.83,3.63,3.72,62924,0
2017-08-10,3.71,3.71,3.32,3.345,62571,0
2017-08-11,3.34,3.34,3.12,3.18,73785,0
2017-08-14,3.21,3.2771,3.02,3.12,91054,0
2017-08-15,3.06,3.16,3.03,3.14,61077,0
2017-08-16,3.1088,3.12,2.9401,3.0,94865,0
2017-08-17,2.94,3.03,2.78,2.81,124810,0
2017-08-18,2.78,3.0248,2.62,2.9,148962,0
2017-08-21,2.92,3.21,2.87,3.18,73474,0
2017-08-22,3.17,3.46,3.16,3.37,82470,0
2017-08-23,3.36,3.41,3.16,3.28,95155,0
2017-08-24,3.35,3.57,3.31,3.46,105621,0
2017-08-25,3.53,3.79,3.33,3.71,72380,0
2017-08-28,3.7,3.7,3.47,3.58,30461,0
2017-08-29,3.5,3.58,3.401,3.49,71477,0
2017-08-30,3.5,3.565,3.3,3.39,122951,0
2017-08-31,3.35,3.45,3.3,3.36,95829,0
2017-09-01,3.31,3.4,3.31,3.34,72973,0
2017-09-05,3.33,3.35,3.23,3.32,76902,0
2017-09-06,3.35,3.35,3.2,3.23,63896,0
2017-09-07,3.2,3.215,3.06,3.17,107495,0
2017-09-08,3.1736,3.3,3.12,3.27,62259,0
2017-09-11,3.27,3.35,3.19,3.3,93467,0
2017-09-12,3.24,3.41,3.22,3.4,100392,0
2017-09-13,3.4,3.679,3.27,3.58,234984,0
2017-09-14,3.65,3.65,3.41,3.45,52718,0
2017-09-15,3.42,3.52,3.42,3.5,24195,0
2017-09-18,3.45,3.57,3.42,3.52,66626,0
2017-09-19,3.5,3.53,3.42,3.53,50709,0
2017-09-20,3.5,3.5714,3.47,3.47,63558,0
2017-09-21,3.42,3.47,3.26,3.34,112273,0
2017-09-22,3.34,3.41,3.3,3.36,51388,0
2017-09-25,3.35,3.35,3.06,3.07,91622,0
2017-09-26,3.07,3.1,3.01,3.05,136952,0
2017-09-27,3.08,3.18,3.08,3.17,150024,0
2017-09-28,3.44,3.6,3.2,3.52,299911,0
2017-09-29,4.0,4.0982,3.65,4.09,476396,0
2017-10-02,4.1,4.1,3.75,3.9,146358,0
2017-10-03,3.9,3.9,3.74,3.77,73117,0
2017-10-04,3.7,3.73,3.6,3.69,91305,0
2017-10-05,3.67,3.78,3.6383,3.72,49949,0
2017-10-06,3.65,3.76,3.65,3.7,31464,0
2017-10-09,3.7,3.74,3.65,3.72,32832,0
2017-10-10,3.75,3.7725,3.57,3.68,76685,0
2017-10-11,3.68,3.7,3.61,3.62,27323,0
2017-10-12,3.61,3.73,3.58,3.63,38048,0
2017-10-13,3.65,3.7,3.63,3.67,22388,0
2017-10-16,3.74,3.74,3.48,3.53,64113,0
2017-10-17,3.5,3.6,3.41,3.46,29602,0
2017-10-18,3.46,3.6318,3.4,3.55,38903,0
2017-10-19,3.5,3.62,3.441,3.565,63318,0
2017-10-20,3.63,3.954,3.63,3.82,135552,0
2017-10-23,3.89,3.9,3.68,3.72,74982,0
2017-10-24,3.6859,3.75,3.5737,3.66,59311,0
2017-10-25,3.61,3.71,3.53,3.65,73926,0
2017-10-26,3.67,3.7,3.43,3.46,52555,0
2017-10-27,3.46,3.63,3.429,3.54,52005,0
2017-10-30,3.518,3.54,3.41,3.44,24788,0
2017-10-31,3.4283,3.63,3.42,3.61,51587,0
2017-11-01,3.6035,3.6035,3.45,3.46,18387,0
2017-11-02,3.47,3.47,3.37,3.43,29954,0
2017-11-03,3.48,3.54,3.45,3.53,28032,0
2017-11-06,3.59,3.602,3.46,3.51,66353,0
2017-11-07,3.5432,3.5432,3.35,3.4,58474,0
2017-11-08,3.39,3.46,3.231,3.24,63203,0
2017-11-09,3.21,3.21,3.0672,3.09,42698,0
2017-11-10,3.13,3.1799,3.11,3.12,43368,0
