Date,Open,High,Low,Close,Volume,OpenInt
2014-01-02,22.73,23.1,22.3,22.88,361317,0
2014-01-03,23.15,23.75,22.883,23.31,411984,0
2014-01-06,23.35,23.51,22.82,23.01,346700,0
2014-01-07,23.13,23.95,22.91,23.51,532400,0
2014-01-08,23.55,24.97,23.44,24.56,794400,0
2014-01-09,24.74,24.94,23.79,23.98,335500,0
2014-01-10,24.05,24.32,23.72,23.91,365100,0
2014-01-13,23.91,24.1,23.35,23.77,685800,0
2014-01-14,23.78,25.17,23.73,24.9,370200,0
2014-01-15,25.05,26.73,24.85,25.55,805600,0
2014-01-16,25.87,27.74,25.75,27.16,1038239,0
2014-01-17,27.02,27.09,25.85,26.12,551000,0
2014-01-21,26.64,26.72,25.91,26.02,468000,0
2014-01-22,26.02,26.79,25.78,26.66,387300,0
2014-01-23,26.47,26.7,25.67,26.33,736500,0
2014-01-24,25.96,26.07,25.06,25.16,532300,0
2014-01-27,25.18,25.28,24.34,24.95,570500,0
2014-01-28,25.23,25.76,24.82,25.46,555700,0
2014-01-29,25.18,25.47,24.66,24.98,445000,0
2014-01-30,25.29,25.88,25.03,25.8,417100,0
2014-01-31,25.42,27.77,25.1,27.3,903500,0
2014-02-03,27.25,27.48,26.2,26.56,1187907,0
2014-02-04,27.2,28.46,26.17,26.68,1641335,0
2014-02-05,26.311,27.64,26.311,27.48,790720,0
2014-02-06,27.47,27.47,26.45,26.76,711088,0
2014-02-07,26.89,27.6,26.6,26.89,518721,0
2014-02-10,26.8,27.02,26.33,26.85,588936,0
2014-02-11,26.86,27.23,26.74,26.91,486648,0
2014-02-12,26.91,28.05,26.58,26.83,883192,0
2014-02-13,26.57,27.64,26.51,27.6,353558,0
2014-02-14,27.42,27.649,27.045,27.21,324831,0
2014-02-18,27.01,27.9,26.97,27.8,385337,0
2014-02-19,27.58,28.24,27.2,27.51,448971,0
2014-02-20,27.45,29.0,27.24,28.88,534180,0
2014-02-21,29.08,29.15,28.26,28.52,515973,0
2014-02-24,28.66,28.96,28.45,28.55,266590,0
2014-02-25,28.56,28.77,27.775,27.92,283168,0
2014-02-26,27.69,29.0,27.67,28.38,312163,0
2014-02-27,28.36,28.62,27.51,27.96,391562,0
2014-02-28,27.99,28.47,27.3,27.44,390828,0
2014-03-03,27.16,27.31,26.23,27.21,437065,0
2014-03-04,27.5,28.4,27.49,28.01,626958,0
2014-03-05,28.02,28.12,27.01,27.34,565872,0
2014-03-06,27.233,27.8,27.233,27.4,297456,0
2014-03-07,27.42,27.71,26.15,26.28,600331,0
2014-03-10,26.24,26.25,25.47,26.06,572645,0
2014-03-11,26.03,26.08,24.92,25.41,479619,0
2014-03-12,25.29,25.99,25.1,25.68,305781,0
2014-03-13,25.89,26.14,24.43,24.78,448152,0
2014-03-14,25.0,25.04,24.28,24.5,377308,0
2014-03-17,24.6,25.31,24.28,25.18,352142,0
2014-03-18,25.38,25.76,25.14,25.75,454975,0
2014-03-19,25.79,26.45,25.79,26.22,475271,0
2014-03-20,26.23,26.78,26.2,26.59,283651,0
2014-03-21,26.84,27.4,26.592,26.79,909611,0
2014-03-24,26.85,27.12,25.99,26.38,525400,0
2014-03-25,26.44,27.17,26.355,26.61,255644,0
2014-03-26,26.89,26.96,25.23,25.23,554200,0
2014-03-27,25.14,25.14,23.87,23.99,712487,0
2014-03-28,24.42,24.61,23.85,23.9,454890,0
2014-03-31,24.18,24.88,24.12,24.5,359637,0
2014-04-01,24.63,25.31,24.45,25.28,404892,0
2014-04-02,25.32,25.9,25.111,25.81,441442,0
2014-04-03,25.85,26.35,25.62,25.86,369535,0
2014-04-04,25.6,26.1,24.25,24.34,434325,0
2014-04-07,24.25,24.25,23.14,23.44,458824,0
2014-04-08,23.54,23.71,22.96,23.23,410833,0
2014-04-09,23.34,23.72,23.07,23.69,351818,0
2014-04-10,23.62,24.25,22.83,23.0,674339,0
2014-04-11,23.04,23.07,22.57,22.8,410356,0
2014-04-14,23.17,24.05,23.0,23.17,430573,0
2014-04-15,23.496,24.111,22.81,23.49,523432,0
2014-04-16,23.63,24.25,23.2,23.54,307711,0
2014-04-17,23.73,24.1,23.32,23.69,245673,0
2014-04-21,23.6,23.71,23.2,23.59,271073,0
2014-04-22,23.83,24.557,23.54,24.41,334854,0
2014-04-23,24.2,24.49,23.84,23.91,235633,0
2014-04-24,24.25,24.64,23.73,24.3,235725,0
2014-04-25,24.08,24.13,23.36,23.39,236383,0
2014-04-28,23.48,23.769,22.149,22.7,333031,0
2014-04-29,22.8,22.96,21.57,21.76,434576,0
2014-04-30,21.68,22.3,21.12,21.88,341682,0
2014-05-01,21.78,22.0,21.22,21.39,402180,0
2014-05-02,21.6,21.73,21.25,21.34,804038,0
2014-05-05,21.27,21.58,21.16,21.39,586377,0
2014-05-06,18.92,19.22,16.81,16.87,2864319,0
2014-05-07,17.3,17.66,16.75,16.97,1097428,0
2014-05-08,17.06,17.59,17.01,17.25,961099,0
2014-05-09,17.25,17.5,17.145,17.41,590113,0
2014-05-12,17.58,18.83,17.58,18.65,1242213,0
2014-05-13,18.54,18.65,18.18,18.26,689882,0
2014-05-14,18.28,18.416,18.1,18.15,607483,0
2014-05-15,18.11,18.17,17.55,17.86,525997,0
2014-05-16,17.9,18.33,17.75,18.22,659930,0
2014-05-19,18.08,18.632,18.001,18.32,563733,0
2014-05-20,18.24,18.36,17.93,18.13,519134,0
2014-05-21,18.22,18.71,18.066,18.59,637640,0
2014-05-22,18.61,18.94,18.5,18.86,394106,0
2014-05-23,18.88,19.36,18.761,19.19,384238,0
2014-05-27,19.41,19.78,19.34,19.59,403548,0
2014-05-28,19.6,19.75,19.38,19.65,333061,0
2014-05-29,19.68,19.8,19.53,19.71,388123,0
2014-05-30,19.77,19.96,19.51,19.57,432225,0
2014-06-02,19.52,19.55,18.81,19.0,424840,0
2014-06-03,17.25,18.13,16.52,17.76,2185700,0
2014-06-04,17.57,18.668,17.5,18.64,903522,0
2014-06-05,18.72,19.39,18.29,19.18,783489,0
2014-06-06,19.29,19.63,19.05,19.11,606580,0
2014-06-09,19.14,19.39,19.09,19.12,480154,0
2014-06-10,19.08,19.29,18.85,19.04,366400,0
2014-06-11,18.95,19.27,18.79,18.91,401847,0
2014-06-12,18.8,19.016,18.54,18.67,339776,0
2014-06-13,18.75,18.945,18.36,18.54,436882,0
2014-06-16,18.5,19.14,18.45,19.02,371319,0
2014-06-17,18.99,19.102,18.5,18.96,667674,0
2014-06-18,18.99,19.045,18.79,18.95,623207,0
2014-06-19,19.05,19.31,18.955,19.13,485742,0
2014-06-20,19.25,19.25,18.52,18.94,744071,0
2014-06-23,18.91,19.08,18.68,18.79,254006,0
2014-06-24,18.63,18.83,18.2,18.22,584901,0
2014-06-25,18.15,18.68,18.1,18.64,488580,0
2014-06-26,18.5,18.73,18.4,18.55,232363,0
2014-06-27,18.49,19.08,18.44,19.0,507496,0
2014-06-30,18.94,19.5,18.94,19.25,330377,0
2014-07-01,19.35,19.94,19.18,19.9,373858,0
2014-07-02,19.79,19.9,18.89,18.96,371000,0
2014-07-03,19.0,19.25,18.88,19.25,329550,0
2014-07-07,19.21,19.23,18.87,18.93,321900,0
2014-07-08,18.87,18.9,18.13,18.46,652946,0
2014-07-09,18.0,18.52,17.75,18.35,579948,0
2014-07-10,17.91,18.66,17.75,18.21,424536,0
2014-07-11,18.1,18.5,17.82,18.34,428915,0
2014-07-14,18.56,18.61,18.06,18.12,294925,0
2014-07-15,18.08,18.21,17.74,17.9,268030,0
2014-07-16,18.07,18.156,17.66,17.97,209838,0
2014-07-17,17.79,18.06,17.31,17.4,359062,0
2014-07-18,17.39,17.634,17.3,17.47,413968,0
2014-07-21,17.38,17.82,17.31,17.74,280011,0
2014-07-22,17.85,18.43,17.83,18.31,470984,0
2014-07-23,18.35,18.77,18.35,18.48,524827,0
2014-07-24,18.52,18.628,17.53,17.59,557130,0
2014-07-25,17.41,17.676,17.1,17.36,406416,0
2014-07-28,17.39,17.59,16.73,17.36,437545,0
2014-07-29,17.36,17.596,16.97,16.98,341873,0
2014-07-30,17.15,17.17,16.89,17.07,294723,0
2014-07-31,16.84,17.06,16.72,16.82,402430,0
2014-08-01,16.84,16.99,16.26,16.6,386143,0
2014-08-04,16.76,16.95,16.44,16.87,312519,0
2014-08-05,16.5,17.75,16.0,17.25,871631,0
2014-08-06,17.04,17.7,17.04,17.35,458393,0
2014-08-07,17.44,17.44,16.76,16.8,321092,0
2014-08-08,16.8,17.54,16.71,17.5,409874,0
2014-08-11,17.6,18.32,17.4,18.01,365519,0
2014-08-12,17.94,18.06,17.53,17.79,213133,0
2014-08-13,18.02,18.65,17.93,18.47,460746,0
2014-08-14,18.42,18.584,18.09,18.46,352478,0
2014-08-15,18.7,18.87,18.06,18.49,375767,0
2014-08-18,18.66,18.69,18.35,18.68,274637,0
2014-08-19,18.68,18.74,18.21,18.67,391615,0
2014-08-20,18.59,19.04,18.55,18.98,289337,0
2014-08-21,18.94,19.11,18.677,18.93,280277,0
2014-08-22,18.93,19.23,18.7,19.08,303253,0
2014-08-25,19.18,19.34,19.06,19.21,260922,0
2014-08-26,19.21,19.68,19.02,19.55,286536,0
2014-08-27,19.56,19.57,18.9,19.2,383315,0
2014-08-28,19.14,19.23,18.9,19.02,262842,0
2014-08-29,19.09,19.29,18.97,19.25,176361,0
2014-09-02,19.34,19.7,19.18,19.25,396563,0
2014-09-03,19.39,19.39,18.84,18.97,442976,0
2014-09-04,19.05,19.41,18.91,19.0,375805,0
2014-09-05,19.16,19.3,18.8,19.09,503338,0
2014-09-08,19.14,19.48,18.88,19.11,425940,0
2014-09-09,18.92,19.17,18.62,18.64,365375,0
2014-09-10,18.67,19.09,18.479,18.98,306691,0
2014-09-11,18.86,19.35,18.86,19.0,443326,0
2014-09-12,19.0,19.23,18.72,18.94,439853,0
2014-09-15,18.9,18.98,18.254,18.58,502515,0
2014-09-16,18.53,18.95,18.43,18.78,252043,0
2014-09-17,18.74,19.08,18.74,18.98,550259,0
2014-09-18,19.13,19.54,18.89,19.45,292783,0
2014-09-19,19.57,19.85,18.76,18.82,1168539,0
2014-09-22,18.75,18.82,18.4,18.76,396727,0
2014-09-23,18.62,19.01,18.41,18.43,483295,0
2014-09-24,18.47,18.99,18.47,18.91,362695,0
2014-09-25,18.83,18.9,18.53,18.725,318618,0
2014-09-26,18.85,19.12,18.74,19.03,205961,0
2014-09-29,18.775,19.17,18.62,19.145,236295,0
2014-09-30,19.15,19.15,18.71,18.79,339894,0
2014-10-01,18.77,19.36,18.73,18.77,558337,0
2014-10-02,18.81,19.25,18.62,19.05,338556,0
2014-10-03,19.4,19.4,18.96,19.0,343427,0
2014-10-06,19.03,19.23,18.89,19.05,425039,0
2014-10-07,18.91,19.2,18.75,19.0,670844,0
2014-10-08,18.83,19.28,18.43,19.25,771840,0
2014-10-09,19.17,19.17,18.21,18.255,588912,0
2014-10-10,18.16,18.27,17.26,17.31,718529,0
2014-10-13,17.33,17.86,16.94,17.05,439773,0
2014-10-14,17.21,17.6,16.88,16.89,570269,0
2014-10-15,16.48,17.12,16.37,17.01,549185,0
2014-10-16,16.64,17.23,16.64,17.08,434735,0
2014-10-17,17.38,17.4,16.57,16.72,419858,0
2014-10-20,16.64,17.12,16.54,17.1,562306,0
2014-10-21,17.43,17.44,16.91,17.44,482424,0
2014-10-22,17.48,17.66,17.075,17.14,454507,0
2014-10-23,17.39,17.96,17.21,17.88,330363,0
2014-10-24,17.83,18.1,17.74,17.83,302079,0
2014-10-27,17.75,17.94,17.38,17.89,209132,0
2014-10-28,18.09,19.0,18.05,18.97,352037,0
2014-10-29,18.98,19.099,18.7,19.02,244947,0
2014-10-30,18.89,19.03,18.49,18.97,315801,0
2014-10-31,19.47,19.84,19.37,19.78,468864,0
2014-11-03,19.45,20.13,19.45,19.99,730351,0
2014-11-04,20.97,21.32,20.3,20.53,959417,0
2014-11-05,20.68,21.05,20.23,20.96,551692,0
2014-11-06,20.9,21.145,20.37,20.42,387704,0
2014-11-07,20.36,20.71,20.13,20.41,410606,0
2014-11-10,20.41,20.89,20.22,20.79,412958,0
2014-11-11,20.72,21.02,20.52,20.65,430534,0
2014-11-12,20.53,20.8,20.5,20.69,233364,0
2014-11-13,20.65,20.876,20.45,20.53,275655,0
2014-11-14,20.51,20.83,20.245,20.64,247733,0
2014-11-17,20.52,20.56,20.18,20.22,229266,0
2014-11-18,20.35,20.72,20.18,20.53,250611,0
2014-11-19,20.35,20.35,19.17,19.46,972050,0
2014-11-20,19.04,20.0,19.04,20.0,369598,0
2014-11-21,20.37,20.56,20.08,20.09,393001,0
2014-11-24,20.14,20.64,20.0,20.6,265875,0
2014-11-25,20.64,20.88,20.43,20.46,129556,0
2014-11-26,20.51,21.0,20.51,21.0,339969,0
2014-11-28,20.97,20.97,20.39,20.43,181061,0
2014-12-01,20.17,20.61,19.82,19.99,437346,0
2014-12-02,19.99,21.64,19.78,21.6,704841,0
2014-12-03,21.6,22.25,21.48,22.0,376171,0
2014-12-04,21.91,22.14,21.85,22.05,358654,0
2014-12-05,22.06,22.65,21.97,22.6,228522,0
2014-12-08,22.53,23.07,22.03,22.31,451905,0
2014-12-09,21.8,22.81,21.66,22.7,328890,0
2014-12-10,22.54,22.83,21.76,21.78,185916,0
2014-12-11,22.06,22.93,22.01,22.52,273006,0
2014-12-12,22.12,22.59,21.86,22.47,372217,0
2014-12-15,22.53,22.98,22.15,22.21,271538,0
2014-12-16,22.06,22.71,22.0,22.18,282409,0
2014-12-17,22.14,22.48,21.73,22.48,273558,0
2014-12-18,22.65,22.95,22.39,22.87,279331,0
2014-12-19,22.88,23.01,22.6,22.7,985074,0
2014-12-22,22.7,23.07,22.38,22.89,216771,0
2014-12-23,24.2,24.61,23.56,24.19,513913,0
2014-12-24,24.28,24.47,23.42,24.18,189650,0
2014-12-26,24.18,24.38,23.93,24.19,169589,0
2014-12-29,24.03,24.22,23.68,24.07,268907,0
2014-12-30,23.74,24.01,23.63,23.95,241419,0
2014-12-31,24.01,24.01,23.66,23.7,250986,0
2015-01-02,23.83,24.31,23.31,24.215,391442,0
2015-01-05,24.12,24.21,23.02,23.44,411714,0
2015-01-06,23.41,23.41,21.86,22.45,616561,0
2015-01-07,22.21,22.76,21.97,22.29,368105,0
2015-01-08,22.55,22.99,22.09,22.79,525279,0
2015-01-09,23.99,25.1,23.37,23.8,593193,0
2015-01-12,23.86,24.05,23.08,23.98,342991,0
2015-01-13,24.13,24.21,23.3,23.56,387979,0
2015-01-14,23.19,23.75,23.13,23.53,184595,0
2015-01-15,23.52,23.73,23.05,23.32,322282,0
2015-01-16,23.25,24.57,23.082,24.41,916168,0
2015-01-20,24.53,24.94,24.16,24.68,314690,0
2015-01-21,24.56,24.94,24.306,24.45,372084,0
2015-01-22,24.53,24.99,24.13,24.94,343253,0
2015-01-23,24.86,25.175,24.75,25.07,209548,0
2015-01-26,24.91,25.19,24.49,25.05,255565,0
2015-01-27,24.68,25.03,24.13,24.67,210249,0
2015-01-28,24.85,24.98,24.08,24.44,300239,0
2015-01-29,24.41,24.82,24.26,24.78,454764,0
2015-01-30,24.49,24.83,23.85,24.0,422914,0
2015-02-02,24.16,24.49,23.65,24.48,278834,0
2015-02-03,25.2,26.37,24.73,25.42,1734537,0
2015-02-04,25.58,26.35,25.5,25.66,647154,0
2015-02-05,25.79,26.43,25.67,26.32,300707,0
2015-02-06,26.85,28.18,26.41,27.23,1168483,0
2015-02-09,27.01,27.46,26.5,27.23,534971,0
2015-02-10,27.5,27.907,26.22,26.87,521350,0
2015-02-11,26.78,27.27,26.63,26.83,497222,0
2015-02-12,26.97,27.0,26.51,27.0,233547,0
2015-02-13,26.99,27.07,26.56,26.68,236301,0
2015-02-17,26.55,26.9,26.42,26.62,280706,0
2015-02-18,26.53,26.62,25.98,26.38,376965,0
2015-02-19,26.41,26.68,26.365,26.5,158758,0
2015-02-20,26.49,26.605,26.03,26.53,301024,0
2015-02-23,26.4,26.5,26.075,26.36,236189,0
2015-02-24,26.4,26.69,25.94,26.25,543520,0
2015-02-25,26.3,27.0,26.3,26.52,415597,0
2015-02-26,26.46,26.79,26.24,26.41,358573,0
2015-02-27,26.42,26.775,26.32,26.62,455923,0
2015-03-02,26.51,27.42,26.34,27.35,350300,0
2015-03-03,27.49,27.52,26.53,26.71,700300,0
2015-03-04,26.53,26.8,26.11,26.63,363600,0
2015-03-05,26.58,26.7,26.28,26.4,202700,0
2015-03-06,26.21,26.35,25.59,25.62,372800,0
2015-03-09,25.73,26.02,25.5,25.6,377000,0
2015-03-10,25.59,25.59,24.8,24.87,431100,0
2015-03-11,25.0,25.24,24.9,25.14,295600,0
2015-03-12,25.2,25.45,24.99,25.41,253100,0
2015-03-13,25.32,25.6,24.76,25.26,227900,0
2015-03-16,25.36,25.62,25.31,25.57,255100,0
2015-03-17,25.57,25.75,25.34,25.39,334200,0
2015-03-18,25.25,25.63,25.07,25.55,367000,0
2015-03-19,25.4,26.07,25.32,26.07,365000,0
2015-03-20,26.52,26.66,25.68,26.53,789200,0
2015-03-23,26.36,26.83,26.27,26.72,288900,0
2015-03-24,26.6,26.83,26.56,26.71,332600,0
2015-03-25,26.75,26.75,25.75,25.94,565800,0
2015-03-26,25.64,25.64,24.99,25.51,421800,0
2015-03-27,25.5,25.74,25.05,25.61,271500,0
2015-03-30,25.74,26.06,25.4,25.98,209200,0
2015-03-31,25.83,25.91,25.41,25.66,184418,0
2015-04-01,25.69,25.86,25.12,25.73,226000,0
2015-04-02,25.74,26.15,25.66,25.7,257600,0
2015-04-06,25.44,25.97,25.39,25.83,209900,0
2015-04-07,25.83,26.13,25.45,25.49,270218,0
2015-04-08,25.46,25.68,25.32,25.46,333500,0
2015-04-09,25.51,26.06,25.51,25.97,241615,0
2015-04-10,26.16,26.21,25.87,26.07,237900,0
2015-04-13,26.0,26.52,26.0,26.24,157700,0
2015-04-14,26.26,26.35,25.58,25.69,180700,0
2015-04-15,25.79,26.19,25.665,25.95,229923,0
2015-04-16,25.79,25.875,25.25,25.295,219018,0
2015-04-17,25.06,25.06,24.42,24.51,274700,0
2015-04-20,24.76,25.63,24.76,25.11,326734,0
2015-04-21,25.25,25.62,25.24,25.44,227226,0
2015-04-22,25.51,25.87,25.108,25.69,156147,0
2015-04-23,25.54,25.72,25.25,25.64,179700,0
2015-04-24,25.57,25.57,24.99,25.18,131775,0
2015-04-27,25.16,25.79,25.03,25.1,261200,0
2015-04-28,25.06,25.77,24.94,25.62,204016,0
2015-04-29,25.4,25.57,24.96,24.98,123800,0
2015-04-30,24.81,24.98,24.13,24.46,297500,0
2015-05-01,24.6,25.57,24.6,25.47,245100,0
2015-05-04,25.59,25.65,24.79,24.89,307600,0
2015-05-05,25.84,25.84,23.67,24.57,527600,0
2015-05-06,24.58,24.848,24.02,24.31,230425,0
2015-05-07,24.27,25.01,24.27,24.96,193075,0
2015-05-08,25.36,25.57,25.21,25.25,200900,0
2015-05-11,25.28,25.96,25.28,25.54,201900,0
2015-05-12,25.49,25.69,25.06,25.42,217676,0
2015-05-13,25.53,27.08,25.22,26.52,545153,0
2015-05-14,26.65,26.99,26.57,26.97,261400,0
2015-05-15,26.8,27.85,26.8,27.85,384144,0
2015-05-18,27.85,28.43,27.49,28.33,321972,0
2015-05-19,28.33,28.5,27.95,28.11,291690,0
2015-05-20,28.48,29.05,27.99,28.72,388176,0
2015-05-21,28.7,28.82,27.95,28.77,255200,0
2015-05-22,28.59,28.75,28.29,28.64,191200,0
2015-05-26,28.59,28.7,27.96,28.32,285328,0
2015-05-27,28.4,28.87,28.24,28.82,292600,0
2015-05-28,28.82,28.99,28.36,28.69,161122,0
2015-05-29,28.64,28.78,28.19,28.52,223200,0
2015-06-01,28.68,29.46,28.282,29.18,320492,0
2015-06-02,29.18,29.24,28.69,29.17,407876,0
2015-06-03,29.2,29.41,28.9,29.25,180300,0
2015-06-04,29.06,29.35,28.64,28.83,382700,0
2015-06-05,28.81,29.44,28.51,29.39,218000,0
2015-06-08,29.05,29.5,28.97,29.0,214500,0
2015-06-09,29.006,29.216,28.4,28.5,265962,0
2015-06-10,28.69,29.45,28.356,29.35,218199,0
2015-06-11,29.46,29.49,29.05,29.34,150014,0
2015-06-12,29.18,29.33,28.93,29.03,165500,0
2015-06-15,28.71,29.01,28.02,28.88,252800,0
2015-06-16,28.81,29.16,28.64,29.14,219500,0
2015-06-17,29.15,29.33,28.82,28.82,251500,0
2015-06-18,28.87,29.12,28.67,29.0,184400,0
2015-06-19,29.1,29.1,28.66,29.03,275900,0
2015-06-22,29.27,29.35,28.96,29.31,133200,0
2015-06-23,29.33,29.33,28.62,28.88,248293,0
2015-06-24,28.85,29.07,28.56,28.83,190400,0
2015-06-25,28.87,29.05,28.72,29.0,214000,0
2015-06-26,28.97,29.07,28.23,28.56,800500,0
2015-06-29,28.43,28.53,27.35,27.41,295900,0
2015-06-30,27.82,27.85,26.9,27.49,618704,0
2015-07-01,27.93,28.6,27.59,27.61,390200,0
2015-07-02,27.69,28.08,27.4,27.73,162900,0
2015-07-06,27.48,27.96,26.88,27.17,291900,0
2015-07-07,27.1,27.19,26.37,27.07,376300,0
2015-07-08,26.79,27.02,26.39,26.59,239600,0
2015-07-09,26.99,27.22,26.48,26.58,255400,0
2015-07-10,27.03,27.16,26.63,26.91,210700,0
2015-07-13,27.27,27.54,27.03,27.36,169200,0
2015-07-14,27.45,27.83,27.38,27.69,149790,0
2015-07-15,27.59,27.59,27.11,27.19,145501,0
2015-07-16,27.31,27.31,25.85,26.36,444400,0
2015-07-17,26.43,26.43,25.82,26.26,189900,0
2015-07-20,26.3,26.42,26.0,26.11,147400,0
2015-07-21,26.01,26.6,26.01,26.47,209000,0
2015-07-22,26.3,26.57,25.92,26.53,154300,0
2015-07-23,26.68,27.15,26.39,26.71,449000,0
2015-07-24,26.64,26.92,25.96,26.09,121700,0
2015-07-27,25.89,26.23,25.72,26.04,219000,0
2015-07-28,26.1,26.2,25.39,25.93,225900,0
2015-07-29,25.98,26.24,25.58,26.1,163600,0
2015-07-30,25.92,26.59,25.92,26.4,185000,0
2015-07-31,26.5,26.53,26.07,26.19,199800,0
2015-08-03,26.15,26.45,25.65,25.71,292789,0
2015-08-04,25.46,26.45,24.35,24.95,486200,0
2015-08-05,25.84,28.48,25.84,27.57,592100,0
2015-08-06,27.67,27.95,26.6,26.99,295917,0
2015-08-07,26.86,27.05,26.53,27.03,193800,0
2015-08-10,27.03,27.7,26.82,27.49,321600,0
2015-08-11,27.1,27.453,26.57,26.66,265764,0
2015-08-12,26.51,26.95,25.83,26.94,230700,0
2015-08-13,27.0,27.12,26.6,26.77,154100,0
2015-08-14,26.67,26.73,26.16,26.64,108900,0
2015-08-17,26.4,26.63,25.99,26.57,281700,0
2015-08-18,26.6,26.85,26.08,26.12,180000,0
2015-08-19,25.98,26.01,25.5,25.72,198100,0
2015-08-20,25.3,25.73,25.12,25.26,272500,0
2015-08-21,24.82,25.56,24.81,25.06,250900,0
2015-08-24,23.51,24.47,21.12,23.47,409690,0
2015-08-25,24.29,24.44,23.49,23.51,222300,0
2015-08-26,24.09,24.19,23.37,24.11,187700,0
2015-08-27,24.44,24.85,24.12,24.59,220400,0
2015-08-28,24.44,24.93,24.27,24.42,237600,0
2015-08-31,24.31,24.6,24.0,24.27,195600,0
2015-09-01,23.8,24.4,23.49,23.52,233900,0
2015-09-02,23.92,24.3,23.56,24.28,179300,0
2015-09-03,24.43,24.77,24.36,24.42,162400,0
2015-09-04,24.05,24.31,23.76,23.81,149700,0
2015-09-08,24.33,24.83,24.14,24.7,327500,0
2015-09-09,24.8,25.26,24.57,24.87,339300,0
2015-09-10,24.86,25.06,24.57,24.82,182899,0
2015-09-11,24.7,25.22,24.64,25.19,178100,0
2015-09-14,25.2,25.33,24.97,25.0,214800,0
2015-09-15,24.94,25.32,24.82,25.21,167200,0
2015-09-16,25.29,25.44,24.99,25.41,137200,0
2015-09-17,25.62,26.32,25.33,26.11,613165,0
2015-09-18,25.64,26.08,25.03,25.2,782600,0
2015-09-21,25.53,25.85,25.17,25.48,759100,0
2015-09-22,25.1,25.32,24.36,24.43,1242500,0
2015-09-23,24.43,24.87,24.2,24.72,458625,0
2015-09-24,24.35,25.44,24.27,25.37,412641,0
2015-09-25,25.7,25.78,24.88,25.08,492700,0
2015-09-28,25.0,25.19,24.84,24.91,363024,0
2015-09-29,25.0,25.6,24.79,25.29,278100,0
2015-09-30,25.62,26.35,25.62,26.3,447600,0
2015-10-01,26.29,26.29,25.78,26.14,360600,0
2015-10-02,25.93,26.75,25.65,26.74,251700,0
2015-10-05,26.84,27.55,26.71,27.53,270152,0
2015-10-06,27.47,27.76,27.0,27.29,295500,0
2015-10-07,27.54,28.19,27.54,27.75,488495,0
2015-10-08,27.67,28.02,27.13,27.99,478400,0
2015-10-09,27.9,28.0,27.53,27.81,192200,0
2015-10-12,27.99,28.04,27.66,27.72,181785,0
2015-10-13,27.85,27.85,27.19,27.21,207300,0
2015-10-14,27.21,27.95,27.21,27.47,204000,0
2015-10-15,27.45,28.22,27.45,28.13,348900,0
2015-10-16,28.22,28.28,27.46,27.55,341500,0
2015-10-19,27.47,28.05,27.47,28.02,342059,0
2015-10-20,28.08,28.48,27.62,28.4,203800,0
2015-10-21,28.55,28.79,28.18,28.36,375900,0
2015-10-22,28.06,28.06,25.99,26.82,638800,0
2015-10-23,27.17,27.53,26.05,27.52,445900,0
2015-10-26,27.5,27.85,27.06,27.7,255900,0
2015-10-27,27.56,27.99,27.48,27.7,313500,0
2015-10-28,27.79,28.3,27.65,28.3,297500,0
2015-10-29,28.2,28.47,27.61,27.86,172700,0
2015-10-30,27.82,28.52,27.82,28.28,276900,0
2015-11-02,28.41,28.63,28.13,28.5,368557,0
2015-11-03,28.24,30.0,27.77,29.34,932293,0
2015-11-04,29.35,29.42,28.64,29.08,356008,0
2015-11-05,29.3,29.3,28.74,29.0,304300,0
2015-11-06,28.82,29.13,28.65,28.95,325100,0
2015-11-09,29.13,29.72,28.79,28.86,390619,0
2015-11-10,28.8,29.26,28.54,28.76,263500,0
2015-11-11,28.89,29.2,28.66,28.79,179500,0
2015-11-12,28.51,29.0,27.98,28.17,247900,0
2015-11-13,28.21,28.76,27.01,28.31,232300,0
2015-11-16,28.23,28.82,28.01,28.73,259000,0
2015-11-17,28.81,29.14,28.38,28.4,182800,0
2015-11-18,28.39,28.79,28.03,28.7,192900,0
2015-11-19,28.74,28.95,28.6,28.71,149100,0
2015-11-20,28.89,29.15,28.67,28.94,138300,0
2015-11-23,28.85,29.19,28.72,28.74,125600,0
2015-11-24,28.61,28.95,28.16,28.9,185200,0
2015-11-25,28.83,29.04,28.66,28.88,118000,0
2015-11-27,28.82,29.44,28.8,29.15,122800,0
2015-11-30,29.34,29.56,29.12,29.17,252000,0
2015-12-01,29.19,29.53,28.98,29.24,361641,0
2015-12-02,29.41,29.79,29.19,29.34,315167,0
2015-12-03,29.47,29.79,29.03,29.05,244667,0
2015-12-04,29.01,30.04,29.0,29.88,209200,0
2015-12-07,29.91,29.91,28.92,29.2,365200,0
2015-12-08,29.26,29.66,28.86,29.53,267682,0
2015-12-09,29.45,29.61,29.18,29.26,284100,0
2015-12-10,29.14,29.71,28.93,29.53,292200,0
2015-12-11,29.0,29.32,28.84,28.86,424200,0
2015-12-14,28.84,29.56,28.38,28.66,246820,0
2015-12-15,28.89,29.09,28.18,28.95,342200,0
2015-12-16,29.25,29.5,29.11,29.41,280000,0
2015-12-17,29.47,29.89,29.16,29.16,182500,0
2015-12-18,29.0,29.01,28.2,28.51,932800,0
2015-12-21,28.72,28.91,28.36,28.58,380800,0
2015-12-22,28.8,28.84,28.27,28.61,408999,0
2015-12-23,28.84,28.92,28.58,28.83,267100,0
2015-12-24,28.74,29.69,28.58,28.88,155381,0
2015-12-28,28.85,28.85,28.3,28.84,261239,0
2015-12-29,29.0,29.48,29.0,29.39,173065,0
2015-12-30,29.46,29.46,28.65,28.72,142280,0
2015-12-31,28.56,28.67,28.0,28.23,262342,0
2016-01-04,27.53,27.53,26.72,27.07,424501,0
2016-01-05,26.63,27.1,26.02,26.33,584694,0
2016-01-06,25.93,26.78,25.54,26.71,339255,0
2016-01-07,26.17,26.67,25.651,26.44,381925,0
2016-01-08,26.61,26.67,25.37,25.45,387614,0
2016-01-11,25.55,25.66,24.8661,25.46,432505,0
2016-01-12,25.84,26.59,25.81,26.5,458170,0
2016-01-13,26.7,26.85,25.78,26.01,452786,0
2016-01-14,26.28,27.05,25.94,26.93,530883,0
2016-01-15,26.13,26.15,25.15,25.99,449371,0
2016-01-19,26.26,26.45,25.4,25.67,295600,0
2016-01-20,25.26,26.29,25.04,25.94,311759,0
2016-01-21,25.98,26.43,25.73,26.09,348788,0
2016-01-22,26.55,26.91,26.44,26.52,227078,0
2016-01-25,26.31,26.5,25.95,26.04,203449,0
2016-01-26,26.24,26.84,26.24,26.69,148843,0
2016-01-27,26.52,26.83,24.25,26.35,178853,0
2016-01-28,26.64,27.23,26.41,26.87,252799,0
2016-01-29,26.87,28.17,26.87,28.08,554793,0
2016-02-01,27.87,27.87,27.07,27.58,234174,0
2016-02-02,27.58,28.5,27.52,27.89,598140,0
2016-02-03,28.25,28.68,27.9301,28.3,283582,0
2016-02-04,28.25,28.64,28.18,28.43,201002,0
2016-02-05,28.3,28.3,27.63,27.76,234214,0
2016-02-08,27.35,27.97,27.03,27.84,309500,0
2016-02-09,27.37,28.23,27.285,27.71,151738,0
2016-02-10,27.95,28.06,27.42,27.53,217046,0
2016-02-11,26.97,27.52,26.41,27.37,200565,0
2016-02-12,27.53,27.84,26.87,27.59,170359,0
2016-02-16,27.88,28.89,27.6,28.8,350820,0
2016-02-17,28.95,29.45,28.5,28.93,559553,0
2016-02-18,28.99,29.28,28.79,28.82,294484,0
2016-02-19,28.88,30.02,28.88,29.88,455085,0
2016-02-22,29.88,30.09,29.43,29.64,260601,0
2016-02-23,29.43,29.63,29.11,29.14,198760,0
2016-02-24,28.9,29.49,28.84,29.47,262602,0
2016-02-25,29.56,29.96,29.43,29.59,103266,0
2016-02-26,29.79,30.04,29.61,29.87,213991,0
2016-02-29,29.8,29.98,29.71,29.83,308133,0
2016-03-01,29.77,31.57,29.77,31.57,642721,0
2016-03-02,31.48,31.64,30.85,30.97,291765,0
2016-03-03,31.08,31.2079,30.83,31.09,168727,0
2016-03-04,30.89,31.35,30.79,31.21,190128,0
2016-03-07,30.96,31.14,30.35,30.68,302106,0
2016-03-08,30.4,30.7,30.19,30.53,329443,0
2016-03-09,30.7,31.71,30.69,31.46,356812,0
2016-03-10,31.52,31.87,30.62,30.79,297032,0
2016-03-11,30.99,31.69,30.71,31.25,280625,0
2016-03-14,31.26,31.8,31.03,31.55,314205,0
2016-03-15,31.31,31.64,31.09,31.5,232377,0
2016-03-16,31.4,32.33,31.26,32.21,433524,0
2016-03-17,32.13,32.8,31.96,32.7,274375,0
2016-03-18,32.9,32.98,32.0077,32.8,771915,0
2016-03-21,32.62,32.88,31.78,32.64,197178,0
2016-03-22,32.54,33.89,31.76,33.79,563537,0
2016-03-23,33.62,33.75,33.25,33.26,250804,0
2016-03-24,33.0,33.56,32.66,33.5,317560,0
2016-03-28,33.5,33.87,33.25,33.31,229158,0
2016-03-29,33.51,34.92,33.455,34.81,593591,0
2016-03-30,34.87,35.49,34.8,34.99,262953,0
2016-03-31,34.9,35.23,34.68,34.79,239848,0
2016-04-01,34.34,35.13,34.34,35.01,384593,0
2016-04-04,35.25,35.25,34.68,34.72,269999,0
2016-04-05,34.38,35.09,34.27,34.75,239909,0
2016-04-06,34.69,35.03,33.9,34.64,354838,0
2016-04-07,34.51,34.7,33.98,34.35,275537,0
2016-04-08,34.57,35.04,34.33,34.49,237506,0
2016-04-11,34.68,35.19,34.68,35.17,349870,0
2016-04-12,35.25,35.25,34.69,34.97,341994,0
2016-04-13,35.0,35.39,34.55,35.29,229905,0
2016-04-14,35.12,35.39,34.89,35.2,245507,0
2016-04-15,35.05,35.79,34.604,35.26,229357,0
2016-04-18,34.33,35.06,34.25,34.92,200982,0
2016-04-19,34.45,34.84,34.27,34.52,218826,0
2016-04-20,33.83,34.2,32.41,32.5,555007,0
2016-04-21,32.4,33.1,32.36,32.85,512161,0
2016-04-22,32.85,33.37,32.84,33.28,317685,0
2016-04-25,33.3,33.38,32.98,33.15,215522,0
2016-04-26,33.35,33.9,33.35,33.66,198685,0
2016-04-27,33.54,34.25,33.4288,34.17,213101,0
2016-04-28,33.9,33.94,32.76,32.85,164155,0
2016-04-29,32.89,33.17,31.98,32.35,147402,0
2016-05-02,32.44,33.3,32.2424,33.3,426700,0
2016-05-03,34.28,34.99,33.33,34.42,444287,0
2016-05-04,34.37,34.97,34.32,34.55,505407,0
2016-05-05,34.58,34.945,34.26,34.55,299310,0
2016-05-06,34.36,34.705,33.755,33.92,363469,0
2016-05-09,33.67,34.8,33.67,34.41,372698,0
2016-05-10,34.5,34.99,34.2,34.78,322023,0
2016-05-11,34.76,35.27,34.75,35.2,272775,0
2016-05-12,35.34,35.475,33.96,34.43,210589,0
2016-05-13,34.36,35.05,34.36,34.7,271237,0
2016-05-16,34.78,35.22,34.5,34.88,329742,0
2016-05-17,34.8,35.39,33.24,33.53,285288,0
2016-05-18,33.42,34.745,33.161,34.21,293473,0
2016-05-19,34.07,34.75,33.33,33.74,179354,0
2016-05-20,34.03,35.559,34.03,35.54,395349,0
2016-05-23,35.52,36.31,35.52,35.93,226139,0
2016-05-24,35.99,37.17,35.95,37.14,269114,0
2016-05-25,37.05,37.27,36.4701,36.82,220961,0
2016-05-26,37.4,37.4,36.62,37.12,151120,0
2016-05-27,37.03,38.03,37.03,37.86,169289,0
2016-05-31,38.0,38.22,37.69,38.17,259515,0
2016-06-01,38.06,39.03,37.88,38.12,328695,0
2016-06-02,37.88,38.37,37.83,38.24,173043,0
2016-06-03,38.31,38.5,37.54,38.18,142800,0
2016-06-06,38.37,38.42,37.95,38.28,153471,0
2016-06-07,38.25,38.42,37.6168,38.27,148728,0
2016-06-08,38.34,38.84,38.13,38.63,144277,0
2016-06-09,38.56,39.03,38.39,38.85,220003,0
2016-06-10,38.34,38.8,38.0,38.23,170831,0
2016-06-13,37.88,38.38,37.77,37.87,111132,0
2016-06-14,37.95,38.37,37.65,38.01,173069,0
2016-06-15,38.16,38.85,38.15,38.38,243948,0
2016-06-16,38.1,38.19,37.5001,37.91,165407,0
2016-06-17,38.0,38.04,37.26,37.47,556476,0
2016-06-20,37.91,38.66,37.865,38.22,128768,0
2016-06-21,38.16,38.3,37.74,37.95,104185,0
2016-06-22,38.0,38.4,37.85,37.99,122203,0
2016-06-23,38.24,38.76,38.24,38.74,268701,0
2016-06-24,37.32,37.79,36.42,36.8,181143,0
2016-06-27,36.55,36.8509,35.42,35.58,189111,0
2016-06-28,36.22,36.22,35.46,35.79,194868,0
2016-06-29,36.05,36.49,36.04,36.4,124829,0
2016-06-30,36.58,37.96,36.55,37.96,213003,0
2016-07-01,37.79,37.95,37.3,37.54,99300,0
2016-07-05,37.48,37.48,36.85,37.24,103015,0
2016-07-06,37.04,37.52,36.7,37.33,124772,0
2016-07-07,37.48,37.875,37.22,37.72,107137,0
2016-07-08,38.51,38.59,37.73,38.44,269620,0
2016-07-11,38.53,39.04,38.34,38.81,228867,0
2016-07-12,38.68,39.32,38.68,39.26,187639,0
2016-07-13,39.53,40.15,39.26,39.9,182902,0
2016-07-14,39.1,39.4216,38.0,39.04,216056,0
2016-07-15,39.32,39.36,38.51,39.17,178222,0
2016-07-18,39.56,40.05,39.16,39.51,108964,0
2016-07-19,39.63,39.965,39.301,39.53,76097,0
2016-07-20,39.8,40.14,39.66,40.0,125712,0
2016-07-21,40.04,40.24,39.4,39.68,162055,0
2016-07-22,39.51,40.02,39.17,39.79,135184,0
2016-07-25,39.92,40.1,39.59,39.95,163168,0
2016-07-26,40.16,40.53,40.03,40.51,166771,0
2016-07-27,40.86,40.97,40.52,40.74,149888,0
2016-07-28,40.89,41.9,39.76,41.01,254384,0
2016-07-29,41.13,41.4,40.5,40.72,184321,0
2016-08-01,40.91,41.1,40.35,41.02,286197,0
2016-08-02,43.54,43.54,39.25,39.91,336618,0
2016-08-03,40.03,40.745,39.81,40.57,287512,0
2016-08-04,40.69,41.2,40.6168,40.94,153720,0
2016-08-05,41.0,41.64,40.76,41.64,239891,0
2016-08-08,41.75,42.2,41.44,42.09,209765,0
2016-08-09,42.17,42.56,42.1,42.25,121832,0
2016-08-10,42.25,42.27,41.33,41.66,208570,0
2016-08-11,41.55,41.79,41.36,41.37,125783,0
2016-08-12,41.32,41.7,41.011,41.69,216370,0
2016-08-15,41.62,41.97,41.48,41.87,85906,0
2016-08-16,41.76,41.95,41.2342,41.56,150431,0
2016-08-17,41.6,42.22,41.153,41.93,150745,0
2016-08-18,41.8,42.32,41.6451,42.28,192901,0
2016-08-19,42.38,44.0,42.28,43.64,307509,0
2016-08-22,47.47,47.47,43.2,43.8,388317,0
2016-08-23,44.1,44.29,43.47,43.62,147376,0
2016-08-24,43.73,43.92,43.51,43.78,203920,0
2016-08-25,43.79,44.105,43.51,43.99,161880,0
2016-08-26,43.88,44.07,43.3,43.61,139776,0
2016-08-29,43.75,44.22,43.66,44.09,157978,0
2016-08-30,44.28,44.4,43.74,44.09,93696,0
2016-08-31,44.05,44.16,43.29,43.94,145014,0
2016-09-01,43.79,45.22,43.78,45.0,439854,0
2016-09-02,45.34,45.42,44.49,45.39,265976,0
2016-09-06,45.6,45.835,44.92,45.8,311332,0
2016-09-07,45.99,46.0,45.05,45.61,397564,0
2016-09-08,45.59,45.59,44.83,45.52,185181,0
2016-09-09,45.14,45.29,44.35,44.51,263511,0
2016-09-12,44.27,45.0,44.01,44.99,159433,0
2016-09-13,45.15,45.44,44.05,44.17,285304,0
2016-09-14,44.36,44.71,43.51,43.54,192807,0
2016-09-15,43.78,44.76,43.3334,44.72,287062,0
2016-09-16,44.89,45.3599,44.09,44.76,351790,0
2016-09-19,45.08,45.54,45.08,45.4708,173230,0
2016-09-20,45.86,46.3937,45.6,45.915,385280,0
2016-09-21,45.91,46.34,45.6435,46.26,423117,0
2016-09-22,46.48,47.17,46.26,46.96,435578,0
2016-09-23,46.68,47.04,45.93,46.18,217149,0
2016-09-26,46.27,46.65,45.57,46.0,381141,0
2016-09-27,46.07,47.26,45.73,47.23,481377,0
2016-09-28,48.28,48.28,46.59,46.78,198482,0
2016-09-29,46.51,47.6,46.2011,47.02,308302,0
2016-09-30,47.05,47.53,47.03,47.32,229844,0
2016-10-03,47.04,47.8919,46.94,47.31,247408,0
2016-10-04,47.41,47.41,46.32,46.86,199501,0
2016-10-05,46.89,47.4,46.77,47.25,160017,0
2016-10-06,47.18,48.59,47.1,48.55,414432,0
2016-10-07,48.33,48.33,47.45,47.8,162047,0
2016-10-10,48.0,48.24,47.89,48.0,88508,0
2016-10-11,48.03,48.03,46.88,47.45,241570,0
2016-10-12,47.13,47.85,46.93,47.8,152261,0
2016-10-13,47.2,47.8605,45.5,45.73,381175,0
2016-10-14,45.47,46.97,45.47,46.14,170970,0
2016-10-17,46.01,47.32,46.01,46.82,333914,0
2016-10-18,47.29,47.73,46.8,46.83,293122,0
2016-10-19,46.7,47.0833,46.51,46.9,251383,0
2016-10-20,46.8,47.02,46.4401,46.83,163299,0
2016-10-21,46.41,46.78,46.18,46.68,129493,0
2016-10-24,46.82,47.72,46.82,47.5,234788,0
2016-10-25,47.67,47.92,47.34,47.6,190822,0
2016-10-26,47.58,48.16,47.331,47.59,305757,0
2016-10-27,48.06,48.2,47.27,47.33,341676,0
2016-10-28,47.33,48.19,47.165,47.35,245130,0
2016-10-31,47.28,47.89,46.88,47.7,317393,0
2016-11-01,48.62,50.79,47.46,48.02,757700,0
2016-11-02,48.18,49.23,48.14,49.07,455647,0
2016-11-03,48.92,49.0,46.39,46.54,535245,0
2016-11-04,46.43,47.9599,46.43,47.13,473504,0
2016-11-07,47.83,49.6,47.6863,49.42,421853,0
2016-11-08,49.44,49.85,48.8686,49.56,238981,0
2016-11-09,48.82,49.85,47.9,49.76,354943,0
2016-11-10,50.51,50.934,49.25,49.6,400936,0
2016-11-11,49.75,51.3259,49.2,51.29,367199,0
2016-11-14,51.86,52.2,50.8712,51.52,465020,0
2016-11-15,51.49,52.5,51.29,52.4,254098,0
2016-11-16,52.4,53.18,52.2,53.17,276457,0
2016-11-17,53.48,54.23,53.0,54.08,259795,0
2016-11-18,54.32,54.39,53.62,54.34,345820,0
2016-11-21,55.0,55.0,53.49,54.43,282983,0
2016-11-22,54.48,55.4,54.2,55.3,265783,0
2016-11-23,55.17,55.66,54.811,55.3,188323,0
2016-11-25,55.43,55.746,55.3,55.55,101231,0
2016-11-28,55.72,56.05,55.46,55.8,294611,0
2016-11-29,55.8,56.473,55.555,56.28,234515,0
2016-11-30,56.57,56.685,55.07,55.21,243451,0
2016-12-01,55.01,55.78,51.66,52.1,730692,0
2016-12-02,52.11,53.65,51.5916,53.49,264098,0
2016-12-05,53.79,54.19,53.345,53.81,333932,0
2016-12-06,54.15,54.66,52.42,53.03,345208,0
2016-12-07,52.84,54.22,52.7345,54.05,632724,0
2016-12-08,54.13,55.36,53.89,55.27,347415,0
2016-12-09,55.5,55.74,53.32,53.5,349396,0
2016-12-12,53.52,53.665,52.4998,52.72,226952,0
2016-12-13,52.7,53.516,52.12,52.42,295868,0
2016-12-14,52.12,53.69,52.12,52.7,250083,0
2016-12-15,52.73,54.54,52.69,54.1,333170,0
2016-12-16,54.35,54.4,53.19,53.37,488830,0
2016-12-19,53.88,54.84,53.7201,54.46,271487,0
2016-12-20,54.86,55.81,54.26,55.74,422170,0
2016-12-21,55.48,56.72,55.335,56.16,316812,0
2016-12-22,56.35,56.9838,55.785,56.0,353260,0
2016-12-23,55.84,56.14,55.31,55.97,130797,0
2016-12-27,56.2,56.989,56.04,56.91,206790,0
2016-12-28,57.01,57.29,55.28,55.43,250537,0
2016-12-29,55.34,55.77,54.68,55.47,190871,0
2016-12-30,55.65,55.8384,54.49,54.75,308183,0
2017-01-03,55.04,55.6499,53.79,54.8,275969,0
2017-01-04,54.68,56.21,54.5011,56.03,417110,0
2017-01-05,57.68,57.98,55.68,55.94,255096,0
2017-01-06,55.78,56.05,54.95,55.62,238242,0
2017-01-09,55.89,56.31,55.46,56.03,210809,0
2017-01-10,55.92,56.599,55.505,56.31,214769,0
2017-01-11,56.54,57.46,56.08,57.41,240238,0
2017-01-12,57.88,57.88,56.38,57.39,273656,0
2017-01-13,57.56,58.314,57.47,57.95,352502,0
2017-01-17,57.32,57.47,55.76,56.11,341338,0
2017-01-18,56.5,57.66,56.31,56.9,298866,0
2017-01-19,57.27,57.77,56.5,56.84,293970,0
2017-01-20,56.84,57.21,56.55,56.7,163395,0
2017-01-23,56.77,57.51,56.54,56.62,233811,0
2017-01-24,56.85,58.19,56.69,57.91,285046,0
2017-01-25,58.58,59.0,58.4001,58.79,314657,0
2017-01-26,58.87,59.1399,58.53,58.76,186348,0
2017-01-27,59.03,59.54,58.64,59.37,298333,0
2017-01-30,59.4,59.8199,58.02,59.61,620013,0
2017-01-31,63.5,63.548,56.07,58.84,1533051,0
2017-02-01,59.57,61.0,58.87,59.8,621662,0
2017-02-02,59.58,61.949,58.87,61.27,560404,0
2017-02-03,61.37,62.75,61.36,61.7,446635,0
2017-02-06,61.97,62.5,60.59,61.19,619897,0
2017-02-07,61.23,62.29,61.1884,61.62,444753,0
2017-02-08,62.0,62.03,60.8921,61.5,388267,0
2017-02-09,61.57,62.5351,61.57,62.0,263533,0
2017-02-10,62.27,62.98,61.48,61.99,251480,0
2017-02-13,62.5,62.94,61.95,62.24,289468,0
2017-02-14,62.05,62.07,61.45,61.94,198495,0
2017-02-15,61.93,62.62,61.5,62.53,368096,0
2017-02-16,62.53,62.66,61.17,61.79,384607,0
2017-02-17,61.78,61.8,60.84,61.56,339175,0
2017-02-21,61.69,63.27,61.6,62.79,416422,0
2017-02-22,63.22,63.2999,61.81,62.27,286919,0
2017-02-23,62.1,62.3,61.3551,61.66,268145,0
2017-02-24,61.0,62.48,60.85,62.38,326199,0
2017-02-27,62.72,63.49,62.44,63.01,358512,0
2017-02-28,63.05,63.8,62.02,62.1,240808,0
2017-03-01,62.95,63.4975,62.69,63.18,388856,0
2017-03-02,63.21,63.5437,62.32,62.42,188265,0
2017-03-03,62.41,62.71,61.72,62.12,206410,0
2017-03-06,62.48,62.66,61.78,62.36,345906,0
2017-03-07,62.4,62.95,62.34,62.64,311212,0
2017-03-08,63.01,63.32,62.48,62.55,383678,0
2017-03-09,62.36,63.31,62.28,63.06,251133,0
2017-03-10,63.58,64.75,63.11,64.63,470848,0
2017-03-13,65.22,67.365,65.0,67.16,733376,0
2017-03-14,67.04,67.04,65.22,66.46,361018,0
2017-03-15,66.79,68.36,66.59,68.19,393239,0
2017-03-16,68.37,69.99,68.25,68.29,605547,0
2017-03-17,68.22,69.48,67.94,68.62,784112,0
2017-03-20,68.98,70.15,68.22,69.78,440411,0
2017-03-21,70.0,70.64,65.26,65.5,1094925,0
2017-03-22,65.19,66.2,64.09,65.39,1082315,0
2017-03-23,65.18,66.67,65.1,65.91,341058,0
2017-03-24,66.46,67.56,66.02,66.45,324466,0
2017-03-27,65.76,66.87,64.65,66.31,350325,0
2017-03-28,66.19,67.02,65.72,66.75,354593,0
2017-03-29,66.75,66.81,65.9,66.8,271827,0
2017-03-30,67.13,68.58,67.13,68.34,446345,0
2017-03-31,68.25,69.23,67.76,68.56,489419,0
2017-04-03,69.32,69.549,67.8,68.29,519976,0
2017-04-04,68.02,68.8,67.27,67.8,356571,0
2017-04-05,67.67,68.61,66.69,66.78,366358,0
2017-04-06,66.68,67.06,65.49,66.66,356109,0
2017-04-07,66.26,66.96,66.2301,66.71,276186,0
2017-04-10,67.0,67.6497,66.38,66.73,202465,0
2017-04-11,66.53,66.8,65.26,66.46,345774,0
2017-04-12,66.38,66.57,65.2,65.35,231542,0
2017-04-13,65.16,65.94,64.27,64.45,332209,0
2017-04-17,64.59,65.88,64.57,65.75,280148,0
2017-04-18,65.49,65.94,65.0763,65.75,196755,0
2017-04-19,66.38,67.9699,66.215,67.105,432748,0
2017-04-20,67.6,69.0,67.55,68.93,390874,0
2017-04-21,68.79,69.0,67.68,68.5,298913,0
2017-04-24,69.65,71.1499,69.5,71.13,493182,0
2017-04-25,71.77,72.429,70.52,72.24,416628,0
2017-04-26,72.23,72.69,71.065,72.5,296491,0
2017-04-27,73.25,75.73,73.25,75.04,617906,0
2017-04-28,75.08,75.3639,73.67,73.8,353719,0
2017-05-01,74.42,74.73,71.84,74.06,953389,0
2017-05-02,70.9,74.34,68.17,74.03,1065145,0
2017-05-03,74.04,74.44,72.6,73.31,565162,0
2017-05-04,73.46,74.34,72.75,74.29,470874,0
2017-05-05,74.44,74.65,73.03,74.55,233889,0
2017-05-08,74.49,75.58,74.39,74.73,412022,0
2017-05-09,74.75,76.56,74.735,75.68,396067,0
2017-05-10,76.21,78.32,75.79,78.25,658615,0
2017-05-11,78.18,78.92,77.42,78.65,346796,0
2017-05-12,78.4,78.54,77.32,77.59,346070,0
2017-05-15,77.7,79.23,77.63,78.6,328784,0
2017-05-16,79.0,79.49,78.06,79.2,381858,0
2017-05-17,77.98,78.139,74.66,74.68,643396,0
2017-05-18,74.41,76.75,73.31,76.19,493279,0
2017-05-19,76.74,77.39,76.075,76.18,375863,0
2017-05-22,76.46,77.82,76.18,77.6,293119,0
2017-05-23,77.82,77.82,75.78,77.12,327213,0
2017-05-24,77.49,77.88,76.71,77.73,265978,0
2017-05-25,78.04,78.185,76.44,76.79,358959,0
2017-05-26,76.44,77.53,76.0,77.46,341816,0
2017-05-30,77.47,77.6914,76.4,77.15,339615,0
2017-05-31,77.61,77.65,76.12,76.93,281231,0
2017-06-01,76.96,78.14,76.54,78.11,356315,0
2017-06-02,78.14,80.16,78.14,79.4,333798,0
2017-06-05,79.52,80.825,79.34,79.54,210221,0
2017-06-06,79.12,81.02,78.41,80.2,236114,0
2017-06-07,80.6,82.19,80.2913,82.05,309716,0
2017-06-08,82.23,85.21,81.75,85.13,446246,0
2017-06-09,85.43,86.25,79.15,80.69,968946,0
2017-06-12,79.36,79.38,72.65,78.15,1433464,0
2017-06-13,78.93,80.6,77.51,78.26,468559,0
2017-06-14,78.43,78.43,73.86,75.25,506517,0
2017-06-15,73.17,73.58,71.45,72.1,1017672,0
2017-06-16,71.8,73.485,71.27,71.86,588072,0
2017-06-19,72.5,73.7,71.8,72.54,402655,0
2017-06-20,72.59,73.29,69.81,70.55,680040,0
2017-06-21,70.07,70.84,69.62,70.02,552798,0
2017-06-22,69.97,70.245,67.45,68.51,686732,0
2017-06-23,68.27,69.98,67.91,69.05,623496,0
2017-06-26,69.32,69.91,67.23,68.34,520297,0
2017-06-27,67.89,68.1,65.76,65.78,508509,0
2017-06-28,66.225,68.85,65.001,68.81,669181,0
2017-06-29,68.31,68.73,63.81,65.17,825251,0
2017-06-30,65.39,66.3648,64.66,64.69,341922,0
2017-07-03,64.94,65.82,64.28,64.53,296616,0
2017-07-05,63.66,66.35,63.66,65.8,604063,0
2017-07-06,64.95,66.315,64.105,65.34,500564,0
2017-07-07,66.31,67.35,65.68,66.97,436057,0
2017-07-10,66.67,68.78,66.57,68.36,617940,0
2017-07-11,68.29,70.09,68.14,69.07,573545,0
2017-07-12,69.99,71.67,69.7975,70.84,551394,0
2017-07-13,70.94,71.159,69.98,70.6,314115,0
2017-07-14,71.01,71.65,70.01,71.59,357290,0
2017-07-17,71.77,72.25,71.0,72.02,308519,0
2017-07-18,71.85,73.39,71.06,73.31,467029,0
2017-07-19,73.8,76.12,73.75,76.11,616106,0
2017-07-20,76.3,76.5501,75.1,75.77,485770,0
2017-07-21,75.83,75.83,74.04,75.01,348718,0
2017-07-24,74.65,75.59,74.5,75.0,373690,0
2017-07-25,75.11,75.11,73.6,74.57,322849,0
2017-07-26,74.83,76.16,74.72,75.36,342577,0
2017-07-27,75.74,75.79,72.45,73.31,473264,0
2017-07-28,72.92,73.8598,71.8501,72.17,392778,0
2017-07-31,72.39,73.269,72.01,72.54,549032,0
2017-08-01,74.98,75.88,70.118,72.39,979027,0
2017-08-02,72.58,72.97,69.83,70.66,533712,0
2017-08-03,70.58,71.58,68.41,68.53,523280,0
2017-08-04,68.09,69.83,67.375,69.31,626885,0
2017-08-07,69.66,71.665,69.35,71.35,463987,0
2017-08-08,71.22,72.35,70.59,70.72,433723,0
2017-08-09,69.74,71.1,69.17,70.21,493395,0
2017-08-10,69.61,70.49,69.26,69.45,473405,0
2017-08-11,69.51,71.37,69.46,71.17,343015,0
2017-08-14,72.12,72.72,71.78,72.61,360920,0
2017-08-15,72.86,73.1,71.75,71.84,238472,0
2017-08-16,72.09,73.29,71.76,72.44,237394,0
2017-08-17,71.93,72.645,70.31,70.37,217387,0
2017-08-18,70.22,71.42,70.22,71.08,285623,0
2017-08-21,71.09,71.48,69.25,70.1,242625,0
2017-08-22,70.57,72.54,70.32,72.4,262930,0
2017-08-23,71.53,71.9,70.32,70.53,230146,0
2017-08-24,70.94,71.69,70.25,71.23,212450,0
2017-08-25,71.7,71.7,70.02,70.54,208067,0
2017-08-28,70.83,71.16,70.22,71.13,230332,0
2017-08-29,70.17,72.23,70.0,71.87,283482,0
2017-08-30,71.87,73.29,71.79,73.06,163676,0
2017-08-31,73.43,73.87,72.86,73.54,245093,0
2017-09-01,74.0,74.74,73.3,74.56,225496,0
2017-09-05,74.37,74.506,72.021,73.03,278842,0
2017-09-06,73.22,73.71,71.92,72.86,378856,0
2017-09-07,72.96,73.84,72.285,73.68,203296,0
2017-09-08,73.19,73.198,71.49,71.57,220587,0
2017-09-11,72.53,74.29,72.5001,73.99,272426,0
2017-09-12,74.11,75.195,73.89,75.09,245609,0
2017-09-13,74.7,75.38,73.76,74.98,190480,0
2017-09-14,74.61,76.16,74.61,75.28,195907,0
2017-09-15,74.97,76.07,74.48,75.78,411561,0
2017-09-18,75.78,78.48,75.78,78.32,435865,0
2017-09-19,78.32,78.85,76.9,77.13,556950,0
2017-09-20,77.07,77.17,73.8,74.39,382778,0
2017-09-21,74.44,74.63,72.7,73.85,370780,0
2017-09-22,73.73,76.36,73.53,76.14,312957,0
2017-09-25,75.85,75.9265,73.33,73.65,348018,0
2017-09-26,74.11,74.34,71.74,72.43,393318,0
2017-09-27,73.34,77.61,73.19,76.93,573018,0
2017-09-28,76.91,78.36,75.82,78.32,399852,0
2017-09-29,78.57,80.85,78.22,80.76,489013,0
2017-10-02,81.86,83.1899,81.12,83.07,645687,0
2017-10-03,83.09,83.74,81.55,82.77,442837,0
2017-10-04,82.84,83.33,82.0,82.66,259039,0
2017-10-05,82.94,83.3,81.89,83.07,334055,0
2017-10-06,82.7,84.0,82.21,83.29,290858,0
2017-10-09,83.29,84.069,83.24,83.89,194081,0
2017-10-10,84.55,84.9,82.8701,84.11,220035,0
2017-10-11,83.67,84.93,83.65,84.53,192247,0
2017-10-12,84.5,86.65,84.46,86.1,487540,0
2017-10-13,87.22,88.65,86.34,88.37,469097,0
2017-10-16,89.0,89.8709,87.78,89.15,435910,0
2017-10-17,88.67,89.75,88.38,89.37,299369,0
2017-10-18,89.71,90.54,88.0,90.34,439739,0
2017-10-19,89.49,90.16,87.0005,89.79,423863,0
2017-10-20,90.9,91.14,90.0,90.22,415961,0
2017-10-23,90.83,91.47,89.4824,90.03,439418,0
2017-10-24,90.42,92.1,90.31,91.58,351125,0
2017-10-25,91.29,91.76,88.73,90.78,331534,0
2017-10-26,91.14,92.0176,90.221,91.43,411525,0
2017-10-27,92.799,94.36,90.86,94.25,593162,0
2017-10-30,94.31,95.0,92.0,93.64,655565,0
2017-10-31,90.25,91.08,81.105,84.72,1960841,0
2017-11-01,85.78,86.46,80.67,81.98,907263,0
2017-11-02,81.97,83.42,81.02,83.31,529373,0
2017-11-03,83.36,84.25,82.67,83.2,451898,0
2017-11-06,83.05,84.81,82.261,84.7497,397737,0
2017-11-07,84.71,86.18,84.46,85.06,355183,0
2017-11-08,84.64,87.38,84.25,87.34,465548,0
2017-11-09,86.62,87.03,82.75,84.5,443363,0
2017-11-10,83.46,85.93,83.0,83.66,291665,0
