Date,Open,High,Low,Close,Volume,OpenInt
2014-01-02,25.643,25.643,24.699,24.884,1149644,0
2014-01-03,24.864,25.127,24.815,24.874,669572,0
2014-01-06,24.962,25.448,24.942,25.438,715255,0
2014-01-07,25.399,25.613,25.302,25.536,705083,0
2014-01-08,25.516,25.71,24.972,25.156,766946,0
2014-01-09,24.796,24.796,23.803,24.086,1572519,0
2014-01-10,24.193,24.241,23.608,23.648,1007656,0
2014-01-13,23.677,24.241,23.618,23.852,857556,0
2014-01-14,23.958,24.203,23.958,24.203,327573,0
2014-01-15,24.183,24.416,24.183,24.26,424038,0
2014-01-16,24.241,24.299,24.046,24.124,303493,0
2014-01-17,24.076,24.27,23.91,23.978,368024,0
2014-01-21,23.978,23.978,22.986,23.112,847907,0
2014-01-22,23.171,23.415,22.791,22.889,657072,0
2014-01-23,22.723,22.869,22.275,22.587,896392,0
2014-01-24,22.421,22.508,21.886,22.11,701101,0
2014-01-27,22.081,22.198,21.526,21.701,609685,0
2014-01-28,21.701,21.935,21.574,21.682,722509,0
2014-01-29,21.546,21.721,21.331,21.361,527123,0
2014-01-30,21.468,21.809,21.468,21.662,510931,0
2014-01-31,21.351,21.614,21.264,21.361,541604,0
2014-02-03,21.331,21.371,20.592,20.787,675982,0
2014-02-04,20.865,21.128,20.757,20.805,665549,0
2014-02-05,20.777,20.874,20.329,20.67,552996,0
2014-02-06,20.67,20.874,20.018,20.086,1385341,0
2014-02-07,20.027,20.553,20.008,20.446,921453,0
2014-02-10,20.446,20.738,20.377,20.592,649552,0
2014-02-11,20.64,20.777,20.367,20.718,555975,0
2014-02-12,20.718,20.805,20.349,20.437,644640,0
2014-02-13,19.521,19.94,18.334,19.881,1251069,0
2014-02-14,20.271,20.67,20.008,20.008,762466,0
2014-02-18,20.008,20.427,20.008,20.358,498883,0
2014-02-19,20.349,20.62,20.29,20.339,887858,0
2014-02-20,20.805,21.264,20.64,21.195,1414302,0
2014-02-21,21.215,21.341,20.884,21.058,1050419,0
2014-02-24,21.058,21.409,21.058,21.068,669852,0
2014-02-25,21.068,21.175,20.835,20.961,420438,0
2014-02-26,20.991,21.195,20.815,20.971,329500,0
2014-02-27,20.952,21.147,20.68,21.078,463124,0
2014-02-28,21.128,21.419,21.118,21.274,518930,0
2014-03-03,21.128,21.351,20.961,21.234,456854,0
2014-03-04,21.458,22.168,21.448,22.071,1135309,0
2014-03-05,22.071,22.344,21.915,22.139,3460009,0
2014-03-06,22.139,22.451,22.09,22.382,541773,0
2014-03-07,22.441,22.801,22.441,22.781,613870,0
2014-03-10,22.791,22.83,22.538,22.771,326811,0
2014-03-11,22.723,22.723,22.255,22.325,550226,0
2014-03-12,22.158,22.538,21.935,22.538,318455,0
2014-03-13,22.587,22.791,22.315,22.596,1072624,0
2014-03-14,22.518,22.898,22.431,22.752,572044,0
2014-03-17,22.83,23.492,22.83,23.288,645909,0
2014-03-18,23.316,23.472,23.142,23.18,611850,0
2014-03-19,23.249,23.502,23.171,23.355,535959,0
2014-03-20,23.306,23.998,23.306,23.978,519636,0
2014-03-21,24.212,24.485,24.076,24.339,1605235,0
2014-03-24,24.416,24.503,24.124,24.406,674258,0
2014-03-25,24.475,24.621,24.105,24.231,528319,0
2014-03-26,24.27,24.386,23.658,23.677,687770,0
2014-03-27,23.667,23.667,23.093,23.239,567716,0
2014-03-28,23.189,23.268,22.918,23.006,700162,0
2014-03-31,23.015,23.083,22.83,22.986,1015392,0
2014-04-01,23.112,23.209,22.889,23.064,764320,0
2014-04-02,23.093,23.239,22.879,23.189,623422,0
2014-04-03,23.249,23.482,22.966,23.161,420807,0
2014-04-04,23.346,23.433,22.382,22.451,763026,0
2014-04-07,22.372,22.372,21.915,22.052,461781,0
2014-04-08,21.992,22.587,21.905,22.451,637109,0
2014-04-09,22.538,22.821,22.451,22.761,349302,0
2014-04-10,22.674,22.761,22.168,22.178,804201,0
2014-04-11,21.955,21.955,21.283,21.399,700548,0
2014-04-14,21.555,21.837,21.468,21.691,680512,0
2014-04-15,21.779,22.255,21.643,22.139,651424,0
2014-04-16,22.236,22.518,21.964,22.198,1113921,0
2014-04-17,22.208,22.694,22.208,22.508,389683,0
2014-04-21,22.578,22.665,22.285,22.587,419778,0
2014-04-22,22.596,23.034,22.528,22.839,398504,0
2014-04-23,22.83,23.219,22.811,22.966,332761,0
2014-04-24,23.102,23.189,22.665,23.083,323051,0
2014-04-25,22.986,23.073,22.353,22.489,339468,0
2014-04-28,22.518,22.518,21.73,22.022,595147,0
2014-04-29,22.022,22.362,22.022,22.139,506003,0
2014-04-30,22.188,22.811,22.052,22.694,556703,0
2014-05-01,21.507,22.129,20.64,21.759,1256261,0
2014-05-02,21.809,22.188,21.74,21.925,352163,0
2014-05-05,21.886,21.964,21.564,21.857,438806,0
2014-05-06,21.75,21.818,21.301,21.331,424237,0
2014-05-07,21.361,21.614,21.098,21.555,372996,0
2014-05-08,21.536,21.955,21.381,21.507,381589,0
2014-05-09,21.428,21.564,21.274,21.507,326815,0
2014-05-12,21.634,22.168,21.546,21.945,496129,0
2014-05-13,21.886,22.002,21.74,21.837,312723,0
2014-05-14,21.759,21.827,21.03,21.128,394142,0
2014-05-15,21.011,21.128,20.407,20.903,541382,0
2014-05-16,20.777,20.971,20.572,20.805,394141,0
2014-05-19,20.787,21.185,20.787,21.156,273292,0
2014-05-20,21.078,21.195,20.767,21.048,935720,0
2014-05-21,21.156,21.399,20.991,21.195,298768,0
2014-05-22,21.175,21.526,21.137,21.458,286370,0
2014-05-23,21.438,21.662,21.311,21.604,433391,0
2014-05-27,21.73,22.032,21.546,21.886,404600,0
2014-05-28,21.847,22.002,21.691,21.905,344268,0
2014-05-29,21.915,22.012,21.769,21.905,199101,0
2014-05-30,21.905,22.002,21.691,21.915,435374,0
2014-06-02,22.062,22.208,21.857,22.129,488395,0
2014-06-03,22.081,22.587,21.984,22.558,426846,0
2014-06-04,22.674,23.171,22.674,23.024,413865,0
2014-06-05,23.054,23.152,22.625,23.044,536434,0
2014-06-06,23.122,23.306,22.996,23.132,454373,0
2014-06-09,23.189,23.725,23.122,23.579,429072,0
2014-06-10,23.599,23.687,23.268,23.541,396344,0
2014-06-11,23.502,23.55,23.034,23.161,376881,0
2014-06-12,23.073,23.297,22.821,22.937,300519,0
2014-06-13,22.986,23.297,22.771,23.268,363169,0
2014-06-16,23.268,23.958,23.259,23.92,563398,0
2014-06-17,23.871,24.475,23.705,24.251,711775,0
2014-06-18,24.251,24.309,23.988,24.26,384827,0
2014-06-19,24.289,24.309,24.095,24.183,276130,0
2014-06-20,24.231,24.396,24.027,24.115,1725538,0
2014-06-23,24.134,24.299,23.91,24.134,307788,0
2014-06-24,24.056,24.416,23.823,23.862,283078,0
2014-06-25,23.705,23.94,23.531,23.765,569884,0
2014-06-26,23.813,23.978,23.405,23.832,424174,0
2014-06-27,23.677,23.92,23.638,23.725,886068,0
2014-06-30,23.765,24.018,23.618,23.94,360473,0
2014-07-01,24.008,24.523,23.998,24.086,436346,0
2014-07-02,24.076,24.193,23.813,23.832,276525,0
2014-07-03,23.968,24.28,23.968,24.212,168253,0
2014-07-07,24.212,24.212,23.783,23.832,265358,0
2014-07-08,23.783,23.842,23.442,23.502,292566,0
2014-07-09,23.531,23.705,23.249,23.415,290138,0
2014-07-10,23.015,23.375,22.918,23.209,325943,0
2014-07-11,23.171,23.326,22.879,23.083,395150,0
2014-07-14,23.268,23.492,23.122,23.189,251132,0
2014-07-15,23.171,23.306,22.859,23.064,270649,0
2014-07-16,23.219,23.249,22.927,22.986,277240,0
2014-07-17,22.879,22.927,22.461,22.47,338391,0
2014-07-18,22.48,23.044,22.48,22.937,367516,0
2014-07-21,22.811,22.908,22.489,22.733,205737,0
2014-07-22,22.791,22.908,22.625,22.723,211847,0
2014-07-23,22.704,22.956,22.587,22.752,152113,0
2014-07-24,22.918,23.083,22.752,22.821,291761,0
2014-07-25,22.674,22.811,22.508,22.684,299554,0
2014-07-28,22.713,22.743,22.411,22.635,259701,0
2014-07-29,22.655,22.771,22.528,22.548,170296,0
2014-07-30,22.684,22.771,22.441,22.587,238292,0
2014-07-31,22.11,22.208,21.399,21.546,385341,0
2014-08-01,21.438,21.809,21.108,21.399,490733,0
2014-08-04,21.507,22.11,21.477,21.992,462867,0
2014-08-05,21.876,22.081,21.769,21.896,315401,0
2014-08-06,21.721,22.09,21.643,21.905,228706,0
2014-08-07,22.042,22.09,21.672,21.867,181547,0
2014-08-08,21.857,22.149,21.847,22.032,340013,0
2014-08-11,22.012,22.382,21.876,22.071,232549,0
2014-08-12,21.945,22.198,21.935,22.119,173816,0
2014-08-13,22.208,22.353,21.992,22.178,256301,0
2014-08-14,22.158,22.538,22.09,22.382,160781,0
2014-08-15,22.616,22.645,21.935,22.362,268117,0
2014-08-18,22.596,22.918,22.587,22.869,178983,0
2014-08-19,22.908,23.122,22.849,22.869,201272,0
2014-08-20,22.761,22.956,22.411,22.451,350085,0
2014-08-21,22.48,22.986,22.227,22.879,233812,0
2014-08-22,22.839,23.297,22.733,23.102,281111,0
2014-08-25,23.297,23.492,23.229,23.365,309470,0
2014-08-26,23.395,23.687,23.278,23.599,313990,0
2014-08-27,23.618,23.92,23.55,23.783,305925,0
2014-08-28,23.842,24.066,23.658,23.793,344283,0
2014-08-29,23.793,24.086,23.735,24.076,202730,0
2014-09-02,24.173,24.533,24.095,24.436,390672,0
2014-09-03,24.572,24.572,23.638,23.842,391245,0
2014-09-04,23.832,24.046,23.695,23.705,140156,0
2014-09-05,23.695,23.813,23.405,23.793,200823,0
2014-09-08,23.765,23.978,23.677,23.783,239117,0
2014-09-09,23.695,23.813,23.161,23.259,424684,0
2014-09-10,23.259,23.462,23.142,23.259,342379,0
2014-09-11,23.112,23.405,23.083,23.336,200919,0
2014-09-12,23.355,23.492,22.976,23.229,503076,0
2014-09-15,23.259,23.316,22.761,22.908,276569,0
2014-09-16,22.918,23.122,22.83,22.937,261985,0
2014-09-17,23.015,23.064,22.645,22.761,198518,0
2014-09-18,22.879,23.152,22.839,23.122,250068,0
2014-09-19,23.102,23.326,22.869,22.966,424134,0
2014-09-22,22.821,22.966,22.538,22.616,203143,0
2014-09-23,22.528,22.986,22.47,22.596,348717,0
2014-09-24,22.665,22.908,22.548,22.859,190004,0
2014-09-25,22.713,22.811,22.411,22.558,238003,0
2014-09-26,22.568,22.869,22.508,22.811,438645,0
2014-09-29,22.528,22.898,22.518,22.704,259404,0
2014-09-30,22.713,22.781,22.265,22.265,326944,0
2014-10-01,22.265,22.441,22.071,22.218,386064,0
2014-10-02,22.168,22.431,22.012,22.218,272564,0
2014-10-03,22.411,22.548,22.188,22.255,345730,0
2014-10-06,22.315,22.402,22.012,22.081,246208,0
2014-10-07,21.925,21.992,21.614,21.624,309068,0
2014-10-08,21.555,21.624,21.301,21.409,900005,0
2014-10-09,21.341,21.497,20.787,20.874,466352,0
2014-10-10,20.805,21.292,20.805,20.815,446244,0
2014-10-13,21.234,21.857,21.215,21.711,1349595,0
2014-10-14,21.915,22.461,21.818,22.218,965861,0
2014-10-15,21.886,22.052,21.195,21.964,1008652,0
2014-10-16,21.614,22.558,21.594,22.362,673603,0
2014-10-17,22.694,22.956,22.558,22.674,9327875,0
2014-10-20,22.568,22.879,22.47,22.879,819416,0
2014-10-21,23.073,23.171,22.889,23.102,903156,0
2014-10-22,23.189,23.638,23.034,23.142,603970,0
2014-10-23,23.336,23.705,23.239,23.589,549637,0
2014-10-24,23.667,23.91,23.569,23.725,668217,0
2014-10-27,23.618,24.086,23.462,23.842,832646,0
2014-10-28,23.958,24.396,23.91,24.329,768625,0
2014-10-29,24.27,24.416,24.193,24.376,517353,0
2014-10-30,24.349,25.156,24.349,24.825,531939,0
2014-10-31,25.253,25.253,24.912,25.117,734525,0
2014-11-03,25.078,25.156,24.942,25.02,680812,0
2014-11-04,24.99,25.312,24.962,25.205,521171,0
2014-11-05,25.321,25.39,25.02,25.097,412849,0
2014-11-06,25.068,25.195,24.737,25.029,671541,0
2014-11-07,25.419,26.547,25.02,26.47,1109032,0
2014-11-10,26.537,27.093,26.362,27.093,519385,0
2014-11-11,26.644,26.78,26.372,26.46,711254,0
2014-11-12,26.255,26.372,26.071,26.129,723568,0
2014-11-13,26.187,26.499,26.09,26.382,285798,0
2014-11-14,26.402,26.664,26.284,26.47,473791,0
2014-11-17,26.402,26.587,26.207,26.284,266495,0
2014-11-18,26.362,26.644,26.265,26.284,283718,0
2014-11-19,26.275,26.353,25.973,26.167,253238,0
2014-11-20,25.993,26.382,25.925,26.382,341220,0
2014-11-21,26.606,26.713,26.187,26.236,351587,0
2014-11-24,26.343,26.743,26.304,26.713,338916,0
2014-11-25,26.761,26.927,26.509,26.693,416451,0
2014-11-26,26.762,26.889,26.448,26.801,383369,0
2014-11-28,26.86,26.929,26.448,26.468,157099,0
2014-12-01,26.419,26.458,26.037,26.213,434410,0
2014-12-02,26.253,26.733,26.213,26.34,369334,0
2014-12-03,26.37,26.801,26.243,26.762,373287,0
2014-12-04,26.693,26.841,26.556,26.635,312783,0
2014-12-05,26.664,27.399,26.664,26.968,366505,0
2014-12-08,26.968,27.124,26.508,26.654,369462,0
2014-12-09,26.448,26.998,26.4,26.909,605547,0
2014-12-10,26.811,26.909,26.4,26.468,352953,0
2014-12-11,26.781,27.321,26.36,27.301,1070193,0
2014-12-12,26.86,27.193,26.576,27.184,871750,0
2014-12-15,27.223,27.223,26.488,26.801,835997,0
2014-12-16,26.703,27.154,26.203,27.056,887653,0
2014-12-17,27.056,27.967,26.919,27.939,868204,0
2014-12-18,28.203,28.34,27.86,28.32,675254,0
2014-12-19,28.33,28.33,27.605,27.791,1350600,0
2014-12-22,27.782,27.939,27.615,27.919,760134,0
2014-12-23,28.085,28.38,27.977,28.046,745297,0
2014-12-24,28.037,28.31,27.949,28.164,347088,0
2014-12-26,28.31,28.34,28.066,28.262,187992,0
2014-12-29,28.105,28.615,28.105,28.517,306850,0
2014-12-30,28.38,28.928,28.31,28.88,306002,0
2014-12-31,28.997,29.163,28.615,28.615,323467,0
2015-01-02,28.644,28.782,28.134,28.31,473686,0
2015-01-05,28.115,28.292,27.782,27.997,370985,0
2015-01-06,28.037,28.105,27.233,27.389,649301,0
2015-01-07,27.536,27.694,27.242,27.439,392044,0
2015-01-08,27.684,28.213,27.536,28.125,795121,0
2015-01-09,28.115,28.115,27.321,27.409,341977,0
2015-01-12,27.36,27.527,26.615,26.713,531441,0
2015-01-13,26.919,27.291,26.428,26.743,778002,0
2015-01-14,26.448,26.635,25.958,26.164,597773,0
2015-01-15,26.164,26.311,25.567,25.674,609702,0
2015-01-16,25.567,26.046,25.567,25.978,718097,0
2015-01-20,26.056,26.173,25.419,25.507,538509,0
2015-01-21,25.399,25.557,25.232,25.38,449777,0
2015-01-22,25.547,26.105,25.35,26.037,431751,0
2015-01-23,25.968,26.213,25.693,26.076,373447,0
2015-01-26,26.076,26.438,25.86,26.311,322410,0
2015-01-27,25.988,26.233,25.811,26.017,186612,0
2015-01-28,26.155,26.311,25.468,25.557,293106,0
2015-01-29,25.625,25.87,25.409,25.792,270375,0
2015-01-30,25.537,25.635,24.959,25.007,463050,0
2015-02-02,25.154,26.135,25.027,26.007,412422,0
2015-02-03,26.145,26.831,26.145,26.733,322731,0
2015-02-04,26.556,27.046,26.556,26.703,278264,0
2015-02-05,26.899,27.076,26.576,26.879,309100,0
2015-02-06,26.998,27.644,26.988,27.439,351597,0
2015-02-09,27.379,27.624,27.174,27.369,321972,0
2015-02-10,27.556,27.782,27.193,27.732,310440,0
2015-02-11,27.644,27.86,27.458,27.772,261920,0
2015-02-12,27.939,28.037,27.684,27.929,455565,0
2015-02-13,28.35,28.978,28.007,28.575,592132,0
2015-02-17,28.772,29.026,28.595,28.928,564583,0
2015-02-18,28.88,29.036,28.625,28.782,312277,0
2015-02-19,28.635,28.899,28.497,28.811,356141,0
2015-02-20,28.635,28.791,28.262,28.605,461695,0
2015-02-23,28.565,28.575,28.037,28.193,315007,0
2015-02-24,28.144,28.635,28.046,28.448,341051,0
2015-02-25,28.428,28.428,28.085,28.174,229713,0
2015-02-26,28.125,28.527,28.125,28.38,252363,0
2015-02-27,28.32,28.38,27.919,27.929,349431,0
2015-03-02,27.929,28.282,27.879,28.184,380498,0
2015-03-03,28.085,28.213,27.85,28.066,285119,0
2015-03-04,27.909,27.929,27.536,27.546,261758,0
2015-03-05,27.566,27.85,27.379,27.586,211774,0
2015-03-06,27.507,28.125,27.507,27.566,309704,0
2015-03-09,27.576,27.811,27.487,27.644,309907,0
2015-03-10,27.439,27.704,27.046,27.586,367339,0
2015-03-11,27.654,27.939,27.595,27.732,272877,0
2015-03-12,27.791,28.428,27.762,28.34,477714,0
2015-03-13,28.33,28.547,28.037,28.35,442622,0
2015-03-16,28.35,28.527,28.242,28.38,496484,0
2015-03-17,28.35,28.487,28.252,28.399,335001,0
2015-03-18,28.37,28.487,27.949,28.32,324393,0
2015-03-19,28.222,28.409,27.86,28.056,259515,0
2015-03-20,28.144,28.527,27.899,28.37,828222,0
2015-03-23,28.399,28.89,28.399,28.752,351528,0
2015-03-24,28.772,28.84,28.517,28.723,365503,0
2015-03-25,28.693,28.772,28.115,28.164,299502,0
2015-03-26,28.115,28.35,27.831,28.037,324087,0
2015-03-27,28.027,28.095,27.742,27.909,207387,0
2015-03-30,28.085,28.654,28.056,28.575,207693,0
2015-03-31,28.507,28.762,28.272,28.556,266746,0
2015-04-01,28.468,28.605,28.164,28.438,244519,0
2015-04-02,28.517,28.732,28.458,28.547,363361,0
2015-04-06,28.292,28.87,28.184,28.86,304603,0
2015-04-07,28.86,28.958,28.703,28.723,217823,0
2015-04-08,28.732,28.978,28.625,28.772,338266,0
2015-04-09,28.732,28.88,28.282,28.497,567005,0
2015-04-10,28.605,28.703,28.34,28.399,262983,0
2015-04-13,28.37,28.644,28.31,28.477,462208,0
2015-04-14,28.507,28.575,28.085,28.38,344999,0
2015-04-15,28.527,28.565,28.35,28.428,326603,0
2015-04-16,28.399,28.487,28.134,28.164,401078,0
2015-04-17,27.958,28.066,27.556,27.86,313784,0
2015-04-20,28.037,29.095,27.958,29.017,752727,0
2015-04-21,29.173,29.311,28.507,28.997,431463,0
2015-04-22,28.987,29.233,28.565,29.085,299026,0
2015-04-23,28.978,29.163,28.742,28.86,210039,0
2015-04-24,28.84,28.899,28.38,28.399,296466,0
2015-04-27,28.419,28.625,27.722,27.84,421405,0
2015-04-28,27.791,28.31,27.712,27.831,587273,0
2015-04-29,27.664,27.87,27.507,27.732,682245,0
2015-04-30,27.311,27.556,26.331,26.419,808534,0
2015-05-01,26.556,27.124,26.428,27.056,542388,0
2015-05-04,27.086,27.281,26.899,27.066,366829,0
2015-05-05,27.056,27.281,26.4,26.566,371317,0
2015-05-06,26.703,26.841,25.958,26.448,524738,0
2015-05-07,26.39,26.566,26.155,26.301,378529,0
2015-05-08,26.526,26.664,25.782,25.928,535146,0
2015-05-11,25.988,26.291,25.938,26.115,853316,0
2015-05-12,26.027,26.203,25.772,26.125,581860,0
2015-05-13,26.223,26.468,26.155,26.311,437216,0
2015-05-14,26.566,26.693,26.272,26.36,415284,0
2015-05-15,26.38,26.448,25.674,25.86,456800,0
2015-05-18,25.91,26.34,25.85,26.272,374281,0
2015-05-19,26.331,26.595,26.193,26.488,328986,0
2015-05-20,26.468,26.762,26.213,26.664,603085,0
2015-05-21,26.683,26.85,26.282,26.36,308071,0
2015-05-22,26.37,26.39,25.928,25.938,227075,0
2015-05-26,25.792,25.958,24.782,24.909,686755,0
2015-05-27,24.919,25.125,24.566,24.977,576460,0
2015-05-28,24.969,25.125,24.664,25.017,614610,0
2015-05-29,24.969,25.105,24.733,24.909,272572,0
2015-06-01,24.949,25.184,24.733,24.782,338297,0
2015-06-02,24.752,25.095,24.733,24.987,267983,0
2015-06-03,25.115,25.38,24.949,25.223,498830,0
2015-06-04,25.066,25.223,24.977,25.027,270226,0
2015-06-05,25.164,25.292,24.939,25.154,493526,0
2015-06-08,25.154,25.262,25.047,25.047,261146,0
2015-06-09,25.047,25.213,24.949,24.977,302588,0
2015-06-10,25.105,26.115,24.987,26.007,520958,0
2015-06-11,25.997,26.243,25.938,25.988,223001,0
2015-06-12,25.938,26.037,25.703,25.86,193513,0
2015-06-15,25.527,25.87,25.39,25.821,535554,0
2015-06-16,25.772,26.566,25.762,26.458,662149,0
2015-06-17,26.566,26.635,26.135,26.233,478326,0
2015-06-18,26.36,26.811,26.203,26.791,361218,0
2015-06-19,26.791,27.154,26.703,26.909,736106,0
2015-06-22,27.076,27.086,26.586,26.909,396820,0
2015-06-23,26.958,27.203,26.879,27.144,852702,0
2015-06-24,27.046,27.233,27.007,27.106,369889,0
2015-06-25,27.193,27.193,26.86,26.909,293177,0
2015-06-26,27.026,27.026,26.762,26.899,429770,0
2015-06-29,26.723,26.723,26.027,26.076,353874,0
2015-06-30,26.291,26.556,26.145,26.448,493111,0
2015-07-01,26.733,27.154,26.625,26.683,389782,0
2015-07-02,26.811,26.811,25.919,26.155,293994,0
2015-07-06,25.87,26.243,25.87,26.046,210447,0
2015-07-07,26.007,26.007,25.517,25.91,373765,0
2015-07-08,25.655,25.782,25.194,25.34,355811,0
2015-07-09,25.693,25.752,25.37,25.605,407225,0
2015-07-10,26.066,26.311,25.958,26.125,426709,0
2015-07-13,26.291,26.4,26.085,26.173,307969,0
2015-07-14,26.243,26.498,26.066,26.478,432804,0
2015-07-15,26.468,26.87,26.38,26.703,1290467,0
2015-07-16,26.841,27.144,26.723,27.076,313172,0
2015-07-17,27.007,27.106,26.595,26.615,301644,0
2015-07-20,26.674,26.674,26.301,26.546,307765,0
2015-07-21,26.508,27.046,26.4,26.546,321537,0
2015-07-22,26.419,26.605,26.164,26.38,437114,0
2015-07-23,26.4,26.419,25.772,25.811,299808,0
2015-07-24,25.988,26.34,25.938,25.978,390189,0
2015-07-27,25.772,25.772,25.419,25.684,381008,0
2015-07-28,25.83,25.83,25.242,25.625,488527,0
2015-07-29,25.684,26.508,25.557,26.056,487711,0
2015-07-30,26.478,29.056,26.478,28.409,895446,0
2015-07-31,28.497,29.428,28.389,28.958,757018,0
2015-08-03,29.046,29.291,28.468,28.595,512985,0
2015-08-04,28.615,28.978,28.302,28.605,371521,0
2015-08-05,28.732,29.046,27.115,27.517,777523,0
2015-08-06,27.566,27.644,25.39,25.497,1638202,0
2015-08-07,24.899,25.615,24.851,25.537,6266184,0
2015-08-10,26.193,27.899,25.87,27.017,2702150,0
2015-08-11,26.615,27.831,26.615,27.634,1399018,0
2015-08-12,27.291,27.556,26.713,26.998,711522,0
2015-08-13,27.007,27.732,26.988,27.429,567585,0
2015-08-14,27.36,27.762,27.086,27.517,530658,0
2015-08-17,27.341,27.732,27.124,27.487,567381,0
2015-08-18,27.379,27.566,27.262,27.419,434155,0
2015-08-19,27.233,27.429,26.879,26.958,492607,0
2015-08-20,26.635,26.879,25.664,25.684,1003679,0
2015-08-21,25.272,25.36,24.782,24.949,1070903,0
2015-08-24,23.88,24.792,23.41,23.821,1171941,0
2015-08-25,24.488,24.596,23.321,23.35,898813,0
2015-08-26,23.841,23.909,22.988,23.645,1198009,0
2015-08-27,23.998,24.389,23.664,24.321,992661,0
2015-08-28,24.223,24.371,23.88,24.253,743961,0
2015-08-31,24.018,24.066,23.693,23.781,2589429,0
2015-09-01,23.302,23.801,23.272,23.36,750592,0
2015-09-02,23.703,23.89,23.223,23.89,783745,0
2015-09-03,24.046,24.213,23.645,23.684,795680,0
2015-09-04,23.302,23.518,22.694,22.89,766403,0
2015-09-08,23.243,23.37,22.812,23.341,854029,0
2015-09-09,23.478,23.781,23.175,23.448,828425,0
2015-09-10,23.42,23.88,23.41,23.586,492851,0
2015-09-11,23.39,23.753,23.36,23.684,403553,0
2015-09-14,23.713,23.841,23.448,23.488,423547,0
2015-09-15,23.556,23.998,23.438,23.87,517396,0
2015-09-16,23.87,24.046,23.693,23.801,451395,0
2015-09-17,23.713,24.331,23.674,23.743,641416,0
2015-09-18,23.488,23.753,23.066,23.165,1130988,0
2015-09-21,23.42,23.841,23.35,23.596,418854,0
2015-09-22,23.292,23.42,22.459,22.586,732026,0
2015-09-23,22.694,22.752,22.214,22.507,518403,0
2015-09-24,22.262,22.419,21.919,22.312,609108,0
2015-09-25,22.645,22.958,22.497,22.752,769056,0
2015-09-28,22.567,22.635,22.174,22.468,645899,0
2015-09-29,22.468,22.743,22.36,22.694,519538,0
2015-09-30,22.968,23.175,22.507,22.85,755284,0
2015-10-01,22.822,23.017,22.35,22.822,565851,0
2015-10-02,22.478,22.822,22.106,22.812,455068,0
2015-10-05,22.958,23.429,22.704,23.272,361788,0
2015-10-06,23.233,23.703,23.135,23.615,763852,0
2015-10-07,23.693,24.272,23.693,24.253,508929,0
2015-10-08,24.154,24.674,24.008,24.596,445683,0
2015-10-09,24.606,24.821,24.468,24.586,485977,0
2015-10-12,24.615,24.909,24.379,24.488,400647,0
2015-10-13,24.409,24.517,23.831,23.89,392536,0
2015-10-14,24.154,24.478,23.791,24.027,492097,0
2015-10-15,24.194,24.606,24.056,24.596,326739,0
2015-10-16,24.694,24.841,24.389,24.704,403654,0
2015-10-19,24.576,25.057,24.576,24.742,447669,0
2015-10-20,24.762,25.125,24.615,24.949,264203,0
2015-10-21,25.076,25.213,24.253,24.301,445785,0
2015-10-22,24.527,24.977,24.517,24.811,336123,0
2015-10-23,25.135,25.723,24.87,25.645,441296,0
2015-10-26,25.517,25.772,25.312,25.399,352548,0
2015-10-27,25.232,25.292,24.566,24.733,367441,0
2015-10-28,24.772,25.517,24.772,25.507,638482,0
2015-10-29,25.292,25.88,25.292,25.595,333267,0
2015-10-30,25.585,25.752,25.086,25.174,2169758,0
2015-11-02,25.213,26.183,25.174,26.027,560721,0
2015-11-03,25.958,26.076,25.312,25.772,580030,0
2015-11-04,25.85,25.9,25.448,25.684,358525,0
2015-11-05,25.802,26.311,25.517,26.076,502503,0
2015-11-06,26.085,27.517,26.085,27.487,707646,0
2015-11-09,27.556,27.742,26.743,26.87,596024,0
2015-11-10,26.879,27.134,26.644,27.096,615020,0
2015-11-11,27.213,27.595,26.958,27.056,458128,0
2015-11-12,26.821,27.086,26.115,26.164,431707,0
2015-11-13,25.968,26.644,25.968,26.556,1737949,0
2015-11-16,26.478,27.184,26.468,27.164,508725,0
2015-11-17,27.203,27.203,26.017,26.066,610634,0
2015-11-18,26.173,26.419,25.409,26.39,638891,0
2015-11-19,26.331,26.508,26.066,26.37,283486,0
2015-11-20,26.517,26.85,26.272,26.36,439256,0
2015-11-23,26.272,26.586,25.928,25.997,562484,0
2015-11-24,25.772,26.35,25.497,26.223,770178,0
2015-11-25,26.292,26.421,26.084,26.322,374030,0
2015-11-27,26.233,26.687,26.233,26.559,188583,0
2015-11-30,26.687,26.757,26.43,26.5,348434,0
2015-12-01,26.608,27.093,26.608,27.063,1442491,0
2015-12-02,27.023,27.537,26.519,26.628,446778,0
2015-12-03,26.737,26.806,25.63,25.669,320124,0
2015-12-04,25.669,26.124,25.561,25.976,369680,0
2015-12-07,26.035,26.47,25.521,25.729,493412,0
2015-12-08,25.482,25.501,25.086,25.175,312097,0
2015-12-09,25.076,25.393,24.592,24.612,356629,0
2015-12-10,24.602,24.74,24.335,24.375,276906,0
2015-12-11,23.94,24.058,23.386,23.564,594786,0
2015-12-14,23.544,23.692,23.119,23.505,723036,0
2015-12-15,23.623,23.9,23.366,23.762,388194,0
2015-12-16,23.979,24.048,23.584,23.959,400133,0
2015-12-17,23.979,23.999,23.159,23.426,544504,0
2015-12-18,23.277,23.277,22.526,22.823,2307313,0
2015-12-21,22.922,23.277,22.852,23.267,560084,0
2015-12-22,23.366,23.93,23.07,23.9,605322,0
2015-12-23,24.088,24.493,23.88,24.414,495031,0
2015-12-24,24.384,24.602,24.384,24.434,158253,0
2015-12-28,24.266,24.375,23.999,24.147,524533,0
2015-12-29,24.345,24.592,24.206,24.325,259924,0
2015-12-30,24.295,24.444,23.94,23.989,360105,0
2015-12-31,23.841,24.068,23.554,23.752,387205,0
2016-01-04,23.277,23.376,22.516,23.07,699053,0
2016-01-05,23.08,23.119,22.417,22.457,468509,0
2016-01-06,22.032,22.121,21.587,21.805,353022,0
2016-01-07,21.36,21.557,20.866,20.866,499610,0
2016-01-08,21.053,21.409,20.866,20.905,678339,0
2016-01-11,21.053,21.053,20.253,20.549,606777,0
2016-01-12,20.757,20.964,19.432,19.67,1015329,0
2016-01-13,19.976,20.381,18.829,18.879,890794,0
2016-01-14,19.007,19.146,18.346,18.79,1197441,0
2016-01-15,18.246,18.632,18.078,18.523,917311,0
2016-01-19,18.74,18.79,17.297,17.485,958800,0
2016-01-20,17.159,17.624,16.724,17.396,925862,0
2016-01-21,17.376,17.554,16.774,16.833,820604,0
2016-01-22,17.05,17.624,17.05,17.515,806518,0
2016-01-25,17.396,17.475,16.546,16.576,624390,0
2016-01-26,16.744,17.307,16.702,17.11,503146,0
2016-01-27,17.11,17.436,16.813,16.971,489979,0
2016-01-28,17.159,17.268,16.843,17.169,529777,0
2016-01-29,17.396,17.979,17.376,17.979,1013090,0
2016-02-01,17.653,17.886,16.749,16.902,1342851,0
2016-02-02,16.714,16.724,15.993,16.052,904824,0
2016-02-03,16.21,16.24,15.461,15.686,996992,0
2016-02-04,15.617,15.904,15.321,15.627,940087,0
2016-02-05,15.548,15.637,15.212,15.311,825713,0
2016-02-08,15.153,15.192,14.411,14.55,933518,0
2016-02-09,14.204,14.293,13.566,13.868,1535802,0
2016-02-10,14.016,14.48,13.784,13.937,982907,0
2016-02-11,13.808,13.808,12.504,12.662,1411709,0
2016-02-12,12.662,13.324,12.602,12.998,1160582,0
2016-02-16,13.156,13.344,12.593,13.314,974082,0
2016-02-17,13.413,14.006,13.354,13.522,1174115,0
2016-02-18,13.541,13.709,13.265,13.383,1049074,0
2016-02-19,13.354,14.075,13.294,14.026,1211367,0
2016-02-22,14.134,14.51,14.036,14.293,1141157,0
2016-02-23,14.194,14.362,13.877,13.877,871214,0
2016-02-24,13.7,13.729,13.314,13.433,835544,0
2016-02-25,13.492,13.581,13.215,13.492,702044,0
2016-02-26,13.492,13.788,13.383,13.749,556698,0
2016-02-29,13.709,13.729,13.438,13.443,809537,0
2016-03-01,13.591,14.401,13.581,14.382,775666,0
2016-03-02,14.372,14.609,14.075,14.253,1303993,0
2016-03-03,14.253,14.49,14.154,14.302,673126,0
2016-03-04,14.391,14.51,13.704,13.937,1585987,0
2016-03-07,13.887,14.228,13.838,14.075,1470123,0
2016-03-08,13.957,14.352,13.548,13.769,1250289,0
2016-03-09,13.828,14.045,13.532,13.937,1101981,0
2016-03-10,14.016,14.214,13.63,13.729,713319,0
2016-03-11,13.937,15.34,13.927,15.113,1494137,0
2016-03-14,15.103,15.607,15.054,15.479,956036,0
2016-03-15,15.311,15.311,14.302,14.579,955336,0
2016-03-16,14.53,14.925,14.352,14.629,738803,0
2016-03-17,14.599,15.241,14.431,15.064,1097652,0
2016-03-18,15.232,16.368,15.153,16.349,2746434,0
2016-03-21,16.269,16.517,15.904,16.151,1014997,0
2016-03-22,15.953,16.398,15.874,16.329,1131921,0
2016-03-23,16.23,16.418,15.795,15.874,1421740,0
2016-03-24,15.696,15.755,15.083,15.587,972251,0
2016-03-28,15.597,15.933,15.558,15.854,565562,0
2016-03-29,15.755,16.225,15.301,16.171,906962,0
2016-03-30,16.299,16.665,16.131,16.536,860200,0
2016-03-31,16.536,16.734,16.502,16.605,913319,0
2016-04-01,16.398,16.764,16.269,16.694,547442,0
2016-04-04,16.655,16.734,16.22,16.23,552213,0
2016-04-05,16.052,16.23,15.836,15.983,587916,0
2016-04-06,14.876,14.935,13.126,13.532,5609480,0
2016-04-07,13.719,13.788,12.672,12.731,3060814,0
2016-04-08,12.84,13.057,12.622,12.859,3283251,0
2016-04-11,12.909,13.887,12.82,13.532,2091478,0
2016-04-12,13.532,14.391,13.532,14.036,1883740,0
2016-04-13,14.283,14.688,14.253,14.53,930547,0
2016-04-14,14.609,15.187,14.424,14.935,964798,0
2016-04-15,14.935,15.241,14.905,14.915,1150102,0
2016-04-18,14.866,15.044,14.51,15.004,829566,0
2016-04-19,15.073,15.691,15.073,15.4,627635,0
2016-04-20,15.38,15.923,15.38,15.815,922287,0
2016-04-21,15.835,16.23,15.716,15.805,670061,0
2016-04-22,15.884,16.378,15.884,16.082,638955,0
2016-04-25,15.914,15.943,15.513,15.844,487603,0
2016-04-26,15.904,16.269,15.79,16.26,900099,0
2016-04-27,16.2,16.536,16.102,16.22,730307,0
2016-04-28,15.35,15.35,13.561,14.164,2333190,0
2016-04-29,14.085,14.293,13.64,13.838,1589757,0
2016-05-02,14.026,14.075,13.571,13.739,1623085,0
2016-05-03,13.443,13.443,12.879,13.156,1660374,0
2016-05-04,13.047,13.62,12.958,13.136,1172645,0
2016-05-05,13.265,13.63,13.087,13.423,1242545,0
2016-05-06,13.304,13.63,13.146,13.561,852576,0
2016-05-09,13.502,13.601,13.136,13.314,956559,0
2016-05-10,13.452,13.996,13.413,13.976,713608,0
2016-05-11,13.877,14.391,13.838,14.036,659796,0
2016-05-12,14.154,14.273,13.67,13.828,544172,0
2016-05-13,13.798,14.302,13.709,13.897,637980,0
2016-05-16,13.937,14.273,13.838,14.164,677219,0
2016-05-17,14.164,14.589,14.075,14.223,588834,0
2016-05-18,14.134,15.222,14.055,15.093,860673,0
2016-05-19,15.014,15.182,14.441,14.737,733500,0
2016-05-20,14.876,15.311,14.816,15.133,473516,0
2016-05-23,15.083,15.212,14.975,15.143,837171,0
2016-05-24,15.301,15.666,15.251,15.617,712694,0
2016-05-25,15.647,16.003,15.617,15.815,582242,0
2016-05-26,15.904,15.963,15.538,15.716,489341,0
2016-05-27,15.706,15.963,15.637,15.963,629482,0
2016-05-31,16.062,16.161,15.835,16.022,637436,0
2016-06-01,15.914,16.195,15.439,16.092,527456,0
2016-06-02,16.012,16.269,15.509,16.2,487570,0
2016-06-03,15.904,15.904,15.508,15.666,622981,0
2016-06-06,16.19,16.665,16.092,16.517,790846,0
2016-06-07,16.645,16.685,16.329,16.418,398733,0
2016-06-08,16.418,16.536,16.339,16.428,422675,0
2016-06-09,16.269,16.269,15.587,15.765,554338,0
2016-06-10,15.449,15.657,15.182,15.439,478312,0
2016-06-13,15.321,15.523,15.014,15.271,524582,0
2016-06-14,15.172,15.429,14.965,15.162,496758,0
2016-06-15,15.232,15.573,15.083,15.153,358808,0
2016-06-16,14.935,15.35,14.727,15.321,552110,0
2016-06-17,15.291,15.835,15.266,15.38,814668,0
2016-06-20,15.696,15.923,15.469,15.587,476711,0
2016-06-21,15.627,15.627,15.261,15.459,372726,0
2016-06-22,15.498,15.854,15.459,15.647,502735,0
2016-06-23,15.963,16.457,15.963,16.428,630383,0
2016-06-24,15.498,15.518,14.352,14.639,1199037,0
2016-06-27,14.5,14.51,13.275,13.443,919492,0
2016-06-28,13.729,13.868,13.245,13.462,785073,0
2016-06-29,13.65,13.759,13.383,13.67,896729,0
2016-06-30,13.769,14.095,13.522,14.085,927319,0
2016-07-01,13.966,14.372,13.966,14.174,438208,0
2016-07-05,13.966,13.976,12.919,13.383,843871,0
2016-07-06,13.284,13.551,13.087,13.482,555155,0
2016-07-07,13.591,14.164,13.314,13.601,569685,0
2016-07-08,13.976,14.639,13.957,14.599,697495,0
2016-07-11,14.708,15.153,14.708,15.034,596864,0
2016-07-12,15.301,15.617,15.232,15.4,679693,0
2016-07-13,15.627,15.696,15.192,15.686,501693,0
2016-07-14,15.973,16.131,15.815,15.825,460586,0
2016-07-15,15.983,16.042,15.479,15.676,430318,0
2016-07-18,15.666,15.894,15.568,15.805,294980,0
2016-07-19,15.676,15.835,15.607,15.815,314582,0
2016-07-20,15.835,16.082,15.686,16.032,413823,0
2016-07-21,15.973,16.185,15.825,16.072,522658,0
2016-07-22,16.062,16.151,15.805,16.062,260751,0
2016-07-25,15.943,16.042,15.666,15.686,582952,0
2016-07-26,15.627,15.835,15.508,15.676,510249,0
2016-07-27,15.657,15.805,15.459,15.657,385963,0
2016-07-28,15.568,15.736,15.449,15.587,383120,0
2016-07-29,15.489,15.844,15.469,15.746,813172,0
2016-08-01,15.726,15.835,15.004,15.172,512212,0
2016-08-02,15.103,15.479,15.054,15.469,838315,0
2016-08-03,15.489,16.017,15.489,15.894,763693,0
2016-08-04,15.874,16.269,14.896,14.945,951355,0
2016-08-05,15.153,15.587,15.034,15.568,744661,0
2016-08-08,15.627,15.874,15.38,15.4,458013,0
2016-08-09,15.469,15.666,15.39,15.419,493459,0
2016-08-10,15.429,15.627,15.33,15.459,372869,0
2016-08-11,15.508,15.794,15.508,15.666,448030,0
2016-08-12,15.469,15.607,15.093,15.429,509891,0
2016-08-15,15.518,15.983,15.518,15.923,442433,0
2016-08-16,15.864,16.161,15.785,15.993,489726,0
2016-08-17,15.973,16.161,15.864,16.161,441472,0
2016-08-18,16.131,16.25,15.844,16.21,607531,0
2016-08-19,16.032,16.368,15.963,16.368,1077219,0
2016-08-22,16.279,16.339,16.003,16.319,465108,0
2016-08-23,16.428,16.605,16.319,16.398,394919,0
2016-08-24,16.388,16.65,16.388,16.536,411780,0
2016-08-25,16.507,16.912,16.507,16.912,496376,0
2016-08-26,17.031,17.49,16.882,17.218,812234,0
2016-08-29,17.199,17.663,17.199,17.505,371134,0
2016-08-30,17.505,17.752,17.505,17.624,557499,0
2016-08-31,17.594,17.688,17.273,17.416,1055812,0
2016-09-01,17.485,17.663,17.05,17.485,460209,0
2016-09-02,17.525,17.772,17.485,17.643,427458,0
2016-09-06,17.643,17.772,17.149,17.426,401594,0
2016-09-07,17.465,17.91,17.456,17.91,540284,0
2016-09-08,17.91,18.009,17.703,17.841,388331,0
2016-09-09,17.722,17.999,17.594,17.604,557098,0
2016-09-12,17.436,17.762,17.06,17.683,558454,0
2016-09-13,17.386,17.564,17.149,17.426,432191,0
2016-09-14,17.406,17.419,17.05,17.09,667856,0
2016-09-15,17.06,17.722,17.045,17.624,401322,0
2016-09-16,17.446,17.485,17.1,17.327,1504978,0
2016-09-19,17.485,17.79,17.376,17.485,434031,0
2016-09-20,17.673,17.713,17.327,17.406,367709,0
2016-09-21,17.584,17.94,17.485,17.772,467029,0
2016-09-22,17.92,18.108,17.727,17.772,604412,0
2016-09-23,17.742,17.9,17.386,17.643,1053170,0
2016-09-26,17.535,17.535,17.05,17.386,913492,0
2016-09-27,17.268,17.564,17.021,17.545,685461,0
2016-09-28,17.574,17.811,17.308,17.792,651148,0
2016-09-29,17.811,18.029,17.228,17.258,503222,0
2016-09-30,17.416,17.624,17.119,17.525,581756,0
2016-10-03,17.337,17.525,17.218,17.347,470452,0
2016-10-04,17.386,17.806,17.288,17.574,446217,0
2016-10-05,17.772,18.246,17.614,18.029,550881,0
2016-10-06,18.058,18.167,17.574,17.811,380690,0
2016-10-07,17.772,17.801,17.347,17.653,478880,0
2016-10-10,17.782,18.039,17.614,17.96,341555,0
2016-10-11,17.91,18.187,17.811,17.97,481410,0
2016-10-12,17.999,18.266,17.895,17.91,457989,0
2016-10-13,17.683,17.683,17.111,17.485,489988,0
2016-10-14,17.673,18.039,17.604,17.663,272357,0
2016-10-17,17.752,17.861,17.554,17.653,242153,0
2016-10-18,17.96,17.97,17.727,17.772,270632,0
2016-10-19,17.95,18.098,17.821,17.91,239521,0
2016-10-20,17.831,17.96,17.446,17.633,253628,0
2016-10-21,17.396,17.554,17.238,17.446,335726,0
2016-10-24,17.604,18.622,17.421,17.614,613072,0
2016-10-25,17.624,17.782,17.139,17.248,292340,0
2016-10-26,17.119,17.485,16.991,17.485,398144,0
2016-10-27,17.643,18.058,17.525,17.9,451851,0
2016-10-28,17.94,17.989,17.505,17.683,336234,0
2016-10-31,17.713,17.9,17.594,17.722,420883,0
2016-11-01,17.871,17.871,17.189,17.604,408157,0
2016-11-02,17.505,17.604,17.1,17.258,683473,0
2016-11-03,16.309,16.823,15.212,15.528,1537557,0
2016-11-04,15.706,16.368,15.459,15.746,951211,0
2016-11-07,16.25,16.853,16.19,16.605,748676,0
2016-11-08,16.586,16.764,16.315,16.576,323162,0
2016-11-09,16.862,18.424,16.596,18.108,755601,0
2016-11-10,18.602,20.105,18.533,19.956,1827946,0
2016-11-11,19.857,20.53,19.69,20.391,1144368,0
2016-11-14,20.737,21.661,20.599,20.915,1428990,0
2016-11-15,20.717,21.577,20.223,21.518,1137758,0
2016-11-16,21.518,21.646,20.915,21.498,1087679,0
2016-11-17,21.627,21.913,21.281,21.646,767762,0
2016-11-18,21.745,21.913,21.241,21.36,964151,0
2016-11-21,21.488,21.538,20.88,21.439,1136442,0
2016-11-22,21.488,21.577,21.132,21.221,1073800,0
2016-11-23,21.37,21.572,21.053,21.34,934918,0
2016-11-25,21.399,21.488,20.89,20.935,436870,0
2016-11-28,21.034,21.212,20.559,20.579,1188760,0
2016-11-29,20.559,20.885,19.986,20.025,841297,0
2016-11-30,20.707,20.826,20.045,20.49,1078916,0
2016-12-01,20.8,21.88,20.5501,21.6,1385368,0
2016-12-02,21.49,21.78,20.62,20.96,611605,0
2016-12-05,21.29,21.65,21.09,21.57,597966,0
2016-12-06,21.57,21.75,21.04,21.57,629198,0
2016-12-07,21.56,21.56,21.04,21.08,992734,0
2016-12-08,21.35,21.54,21.02,21.41,1063117,0
2016-12-09,21.62,23.09,21.52,23.05,1071314,0
2016-12-12,23.02,23.02,22.26,22.46,739890,0
2016-12-13,22.56,22.81,21.92,22.52,623008,0
2016-12-14,22.28,22.51,21.8901,22.1,610496,0
2016-12-15,22.21,22.65,22.1,22.35,996569,0
2016-12-16,22.51,22.79,22.16,22.47,1266267,0
2016-12-19,22.49,22.77,22.25,22.66,735883,0
2016-12-20,22.93,23.41,22.71,23.08,673391,0
2016-12-21,23.18,23.18,22.72,22.89,483184,0
2016-12-22,22.88,22.9589,22.5801,22.7,413151,0
2016-12-23,22.68,23.1,22.44,22.88,339118,0
2016-12-27,22.93,23.16,22.78,22.85,261756,0
2016-12-28,22.87,22.98,22.34,22.37,284748,0
2016-12-29,22.34,22.6,22.15,22.36,255023,0
2016-12-30,22.29,22.77,22.15,22.54,368193,0
2017-01-03,21.74,22.49,21.661,22.46,796134,0
2017-01-04,22.56,23.06,22.54,22.83,675226,0
2017-01-05,22.77,22.82,22.09,22.61,629106,0
2017-01-06,22.82,23.45,22.6,23.0,516952,0
2017-01-09,22.96,22.96,22.33,22.34,612729,0
2017-01-10,22.37,23.02,22.15,22.97,653869,0
2017-01-11,22.89,23.15,22.49,23.12,672727,0
2017-01-12,22.84,22.97,21.9,22.87,945616,0
2017-01-13,23.16,23.97,23.04,23.75,943931,0
2017-01-17,23.45,23.48,22.5,22.71,885908,0
2017-01-18,22.83,23.13,22.45,23.05,405078,0
2017-01-19,23.36,23.7,23.07,23.44,583177,0
2017-01-20,23.43,23.85,23.42,23.85,589501,0
2017-01-23,23.8,24.11,23.02,23.36,483661,0
2017-01-24,23.49,23.88,23.41,23.52,629622,0
2017-01-25,23.97,24.41,23.86,24.34,332441,0
2017-01-26,24.25,24.61,24.22,24.49,378278,0
2017-01-27,24.32,24.47,24.0,24.3,359944,0
2017-01-30,24.09,24.38,23.37,24.31,659235,0
2017-01-31,24.22,24.49,23.22,23.6,619063,0
2017-02-01,23.88,24.4699,23.69,23.95,455594,0
2017-02-02,23.65,23.8,23.19,23.43,482960,0
2017-02-03,24.08,24.25,23.525,24.2,353133,0
2017-02-06,24.02,24.1899,23.8,24.15,438105,0
2017-02-07,24.24,24.33,23.92,24.03,595712,0
2017-02-08,23.96,24.25,23.7,24.14,484573,0
2017-02-09,24.87,26.44,24.86,25.74,1378618,0
2017-02-10,26.23,26.3,25.75,26.1,594491,0
2017-02-13,26.38,26.59,26.05,26.47,404049,0
2017-02-14,26.47,27.41,26.44,27.11,355937,0
2017-02-15,27.17,27.3,26.78,27.28,589029,0
2017-02-16,27.22,27.25,26.89,27.18,363017,0
2017-02-17,26.95,27.32,26.75,27.23,479076,0
2017-02-21,27.43,28.0,27.3,27.58,478743,0
2017-02-22,27.45,27.94,27.35,27.58,493783,0
2017-02-23,27.69,27.7,26.94,27.25,302286,0
2017-02-24,26.62,26.785,26.31,26.73,348744,0
2017-02-27,26.84,27.1299,26.6,27.03,617380,0
2017-02-28,26.8,27.1,26.625,26.91,475678,0
2017-03-01,27.63,27.87,27.53,27.67,421183,0
2017-03-02,27.78,27.84,26.97,26.98,353889,0
2017-03-03,26.74,27.38,26.74,27.23,263448,0
2017-03-06,26.89,26.99,26.66,26.69,568953,0
2017-03-07,26.74,26.745,26.24,26.27,544580,0
2017-03-08,26.57,26.79,26.1,26.11,326982,0
2017-03-09,26.11,26.4,25.77,25.87,362531,0
2017-03-10,26.13,26.18,25.66,25.87,370009,0
2017-03-13,25.78,25.96,25.58,25.6,518191,0
2017-03-14,25.44,25.78,25.134,25.71,371550,0
2017-03-15,25.87,26.07,25.65,25.86,438473,0
2017-03-16,26.05,26.28,25.81,25.84,536605,0
2017-03-17,25.82,25.85,25.2,25.44,1305962,0
2017-03-20,25.3,25.57,25.07,25.26,463787,0
2017-03-21,25.48,25.48,23.78,23.81,945633,0
2017-03-22,23.54,23.81,23.23,23.64,491747,0
2017-03-23,23.57,24.11,23.475,23.76,441748,0
2017-03-24,23.86,24.08,23.51,23.71,518245,0
2017-03-27,22.71,23.52,22.41,23.48,545539,0
2017-03-28,23.32,23.69,22.99,23.43,658044,0
2017-03-29,23.42,23.66,23.15,23.18,574399,0
2017-03-30,23.22,23.81,23.19,23.65,903950,0
2017-03-31,23.59,23.86,23.43,23.63,826789,0
2017-04-03,23.72,23.86,23.2,23.65,444070,0
2017-04-04,23.6,23.87,23.41,23.6,405121,0
2017-04-05,23.93,23.97,23.27,23.31,515633,0
2017-04-06,23.36,24.03,23.14,23.83,421153,0
2017-04-07,23.62,23.86,23.36,23.63,391344,0
2017-04-10,23.65,24.015,23.47,23.73,545002,0
2017-04-11,23.57,23.81,23.17,23.62,507527,0
2017-04-12,23.58,23.58,22.69,22.98,383328,0
2017-04-13,22.82,23.08,22.5,22.52,433808,0
2017-04-17,22.58,23.14,22.23,23.07,485591,0
2017-04-18,22.82,23.17,22.605,23.02,515763,0
2017-04-19,23.26,23.45,22.96,22.97,445223,0
2017-04-20,23.2,24.04,23.07,23.96,646718,0
2017-04-21,23.96,23.9916,23.41,23.67,681805,0
2017-04-24,24.58,24.58,24.0,24.1,513846,0
2017-04-25,24.49,24.82,24.49,24.63,595872,0
2017-04-26,24.52,24.75,24.16,24.16,385110,0
2017-04-27,24.28,24.3,23.74,23.88,336269,0
2017-04-28,23.9,24.18,23.63,23.72,345053,0
2017-05-01,23.82,24.25,23.7,24.1,381379,0
2017-05-02,24.11,24.2,23.77,24.09,364383,0
2017-05-03,23.91,24.085,23.6,23.69,534326,0
2017-05-04,24.85,25.44,23.45,24.05,596697,0
2017-05-05,24.21,24.21,23.68,24.02,469681,0
2017-05-08,24.04,24.39,23.9,24.34,527263,0
2017-05-09,24.39,24.52,23.76,23.81,476029,0
2017-05-10,23.72,24.17,23.58,24.16,472394,0
2017-05-11,24.07,24.14,23.43,23.93,793097,0
2017-05-12,23.76,23.94,23.6,23.68,442771,0
2017-05-15,23.9,24.32,23.64,24.29,658567,0
2017-05-16,24.33,24.54,23.58,24.54,1066576,0
2017-05-17,23.7,24.15,23.39,23.86,1164414,0
2017-05-18,23.86,24.84,23.82,24.43,669675,0
2017-05-19,24.41,24.67,24.41,24.58,468479,0
2017-05-22,24.75,24.93,24.37,24.55,450900,0
2017-05-23,24.48,24.66,23.944,24.52,534759,0
2017-05-24,24.5,25.03,24.38,24.72,599031,0
2017-05-25,24.84,25.15,24.77,24.86,505471,0
2017-05-26,24.7,25.0,24.45,24.92,489513,0
2017-05-30,24.84,25.09,24.68,24.81,507656,0
2017-05-31,24.89,25.08,24.45,25.06,510115,0
2017-06-01,25.2,25.49,24.97,25.45,427433,0
2017-06-02,25.34,25.8,25.17,25.3,404620,0
2017-06-05,25.36,25.53,24.93,25.0,335027,0
2017-06-06,24.7,24.8699,24.35,24.77,533655,0
2017-06-07,23.08,24.38,23.02,23.31,2202513,0
2017-06-08,23.3,24.15,23.24,23.91,795416,0
2017-06-09,24.1,24.24,23.81,24.19,831892,0
2017-06-12,24.28,24.8,24.16,24.71,590567,0
2017-06-13,24.89,25.18,24.79,25.16,497118,0
2017-06-14,25.16,25.4,24.82,25.3,544615,0
2017-06-15,24.91,25.28,24.72,24.96,435009,0
2017-06-16,24.64,25.165,24.51,25.01,708603,0
2017-06-19,25.19,25.48,24.93,25.41,485673,0
2017-06-20,25.32,25.47,25.05,25.24,563201,0
2017-06-21,25.39,25.39,24.705,24.71,423601,0
2017-06-22,24.54,25.01,24.51,24.72,500577,0
2017-06-23,24.84,25.04,24.82,24.85,766547,0
2017-06-26,24.89,25.32,24.67,25.01,487760,0
2017-06-27,25.12,25.55,25.06,25.3,471885,0
2017-06-28,25.57,26.19,25.4225,26.12,698946,0
2017-06-29,26.56,26.65,25.92,26.32,633608,0
2017-06-30,26.45,26.48,26.03,26.28,483195,0
2017-07-03,26.46,26.86,26.37,26.74,273043,0
2017-07-05,26.75,26.77,26.33,26.61,453922,0
2017-07-06,26.49,27.07,26.455,26.61,545164,0
2017-07-07,26.76,27.16,26.61,27.11,352992,0
2017-07-10,27.0,27.41,26.95,27.32,483440,0
2017-07-11,27.36,27.41,26.9,27.21,675862,0
2017-07-12,27.22,27.45,27.1,27.15,408885,0
2017-07-13,27.22,27.49,27.1,27.41,464070,0
2017-07-14,27.17,27.51,27.01,27.33,419626,0
2017-07-17,27.35,27.76,27.04,27.52,506111,0
2017-07-18,27.28,27.55,26.99,27.4,487529,0
2017-07-19,27.58,27.92,27.425,27.52,445890,0
2017-07-20,27.52,27.88,27.36,27.8,389379,0
2017-07-21,27.98,28.27,27.61,28.0,566422,0
2017-07-24,28.0,28.22,27.8674,28.06,589877,0
2017-07-25,28.02,28.32,27.78,27.8,733903,0
2017-07-26,27.85,28.015,27.21,27.21,663526,0
2017-07-27,27.2,27.21,26.74,26.88,1002363,0
2017-07-28,26.87,27.19,26.87,27.18,458675,0
2017-07-31,27.26,27.28,26.69,26.78,500506,0
2017-08-01,27.05,27.13,26.83,27.05,641593,0
2017-08-02,27.02,27.17,26.49,26.8,419237,0
2017-08-03,27.06,27.97,26.87,27.33,482550,0
2017-08-04,27.65,27.73,27.07,27.33,565982,0
2017-08-07,27.35,27.56,27.21,27.35,570789,0
2017-08-08,27.31,28.185,27.24,27.8,437495,0
2017-08-09,27.58,28.02,27.4,27.85,546851,0
2017-08-10,27.68,27.84,27.395,27.42,630480,0
2017-08-11,27.2,27.88,27.12,27.74,676837,0
2017-08-14,27.99,28.29,27.76,28.23,371182,0
2017-08-15,28.37,28.64,28.08,28.11,425027,0
2017-08-16,28.19,28.39,28.05,28.11,367022,0
2017-08-17,27.95,28.04,27.16,27.2,475499,0
2017-08-18,26.97,27.415,26.93,27.3,393453,0
2017-08-21,27.3,27.37,27.135,27.31,365826,0
2017-08-22,27.53,28.13,27.47,28.12,519333,0
2017-08-23,27.89,28.4,27.54,28.04,480194,0
2017-08-24,28.2,28.32,27.92,28.26,389375,0
2017-08-25,28.4,28.47,28.2,28.25,285366,0
2017-08-28,28.26,28.48,28.13,28.19,511294,0
2017-08-29,27.88,27.88,27.58,27.7,494622,0
2017-08-30,27.7,27.81,27.54,27.68,365915,0
2017-08-31,27.83,27.92,27.56,27.76,542496,0
2017-09-01,27.81,28.55,27.81,28.42,505492,0
2017-09-05,28.27,28.35,27.46,27.55,837768,0
2017-09-06,27.66,27.83,27.45,27.6,591641,0
2017-09-07,27.59,27.59,25.71,25.75,1356633,0
2017-09-08,25.71,26.1,25.43,26.05,438398,0
2017-09-11,26.2,27.02,26.06,26.85,682858,0
2017-09-12,26.95,27.29,26.91,27.15,437478,0
2017-09-13,27.09,27.42,26.95,27.24,341939,0
2017-09-14,27.21,27.4,27.1,27.29,400113,0
2017-09-15,27.35,27.67,27.15,27.56,1015760,0
2017-09-18,27.6,27.88,27.57,27.62,495932,0
2017-09-19,27.61,28.14,27.575,28.04,362321,0
2017-09-20,27.99,28.25,27.73,28.04,556315,0
2017-09-21,28.04,28.59,28.04,28.19,470923,0
2017-09-22,28.05,28.5,28.02,28.38,413999,0
2017-09-25,28.29,28.6,27.96,28.38,523582,0
2017-09-26,28.37,28.5099,28.05,28.36,420551,0
2017-09-27,28.89,29.0,28.09,28.99,852144,0
2017-09-28,29.0,29.35,28.91,29.29,726188,0
2017-09-29,29.3,29.43,28.95,29.08,648120,0
2017-10-02,29.32,29.32,28.89,29.01,530910,0
2017-10-03,29.01,29.17,28.955,29.06,477582,0
2017-10-04,29.09,29.21,28.86,29.04,290766,0
2017-10-05,29.14,29.52,28.98,29.5,531085,0
2017-10-06,29.6,29.8,29.43,29.71,372683,0
2017-10-09,29.7,29.89,29.44,29.55,305039,0
2017-10-10,29.71,29.71,29.4,29.61,279612,0
2017-10-11,29.54,29.79,29.44,29.71,370419,0
2017-10-12,29.78,30.03,29.57,29.77,363073,0
2017-10-13,29.8,30.247,29.64,29.82,450502,0
2017-10-16,30.02,30.4,29.9,30.13,279033,0
2017-10-17,30.17,30.51,29.74,29.87,212778,0
2017-10-18,30.0,30.08,29.72,29.73,456103,0
2017-10-19,29.55,30.0,29.53,30.0,281339,0
2017-10-20,30.41,30.5,29.99,30.09,538306,0
2017-10-23,30.25,30.33,30.02,30.12,459446,0
2017-10-24,30.31,30.39,29.99,30.37,433106,0
2017-10-25,30.4,30.45,29.9,29.99,620236,0
2017-10-26,30.16,30.25,29.89,30.23,309774,0
2017-10-27,30.14,30.39,29.92,30.1,383981,0
2017-10-30,29.87,30.14,29.27,29.37,440775,0
2017-10-31,29.6461,29.74,29.37,29.51,554565,0
2017-11-01,29.85,29.96,29.39,29.51,306408,0
2017-11-02,29.56,30.0,29.14,29.48,851317,0
2017-11-03,29.26,29.71,29.26,29.65,584162,0
2017-11-06,29.6,29.69,29.0,29.06,1084525,0
2017-11-07,30.1,30.73,29.4,29.49,1419236,0
2017-11-08,29.55,29.55,28.42,28.5,903504,0
2017-11-09,28.5,28.63,28.221,28.5,797378,0
2017-11-10,28.5,28.57,28.24,28.5,523228,0
