Date,Open,High,Low,Close,Volume,OpenInt
2014-01-02,26.041,26.744,26.003,26.61,2306567,0
2014-01-03,26.791,26.888,26.088,26.144,1970828,0
2014-01-06,26.415,26.791,26.241,26.397,1843315,0
2014-01-07,26.134,26.348,25.712,26.33,1729537,0
2014-01-08,26.013,26.051,25.538,25.837,2158171,0
2014-01-09,25.451,25.626,25.056,25.076,2251795,0
2014-01-10,25.488,26.512,25.296,26.291,3084171,0
2014-01-13,26.463,27.633,26.33,27.603,3600674,0
2014-01-14,27.381,27.89,26.647,26.799,2927358,0
2014-01-15,26.706,27.764,26.542,27.707,2206448,0
2014-01-16,27.822,28.296,27.216,27.447,2502029,0
2014-01-17,27.707,28.597,27.613,28.315,3372380,0
2014-01-21,28.075,28.826,27.515,28.73,2425020,0
2014-01-22,28.401,28.749,27.409,27.555,3543703,0
2014-01-23,28.219,29.6,28.152,29.521,3555882,0
2014-01-24,29.946,30.207,28.72,29.82,3762123,0
2014-01-27,29.55,30.031,29.021,29.049,2635998,0
2014-01-28,29.242,29.629,28.73,29.511,2814988,0
2014-01-29,29.898,30.543,29.511,30.494,3277112,0
2014-01-30,29.54,29.703,29.049,29.55,2559642,0
2014-01-31,29.81,30.147,29.347,29.974,3156752,0
2014-02-03,30.445,31.297,30.167,30.563,3219121,0
2014-02-04,30.332,30.543,29.675,30.137,2753648,0
2014-02-05,30.563,30.9,29.995,30.069,2364528,0
2014-02-06,30.237,30.369,29.693,30.137,1317513,0
2014-02-07,30.157,31.441,30.157,31.161,2369747,0
2014-02-10,31.904,33.271,31.651,32.751,3535478,0
2014-02-11,32.954,33.32,32.404,32.858,3339677,0
2014-02-12,33.052,33.119,31.566,31.711,3920896,0
2014-02-13,31.035,32.423,30.563,32.28,4187301,0
2014-02-14,32.829,33.081,32.155,32.522,4247302,0
2014-02-18,32.954,33.003,31.731,32.482,3172102,0
2014-02-19,32.433,32.472,31.005,31.171,3008027,0
2014-02-20,31.614,33.119,31.507,32.973,3180074,0
2014-02-21,32.936,33.735,32.683,33.061,2984410,0
2014-02-24,33.544,33.676,32.907,33.081,1897781,0
2014-02-25,32.993,33.215,32.308,32.395,2108373,0
2014-02-26,32.115,32.472,31.421,31.817,3282611,0
2014-02-27,31.943,32.675,31.498,31.711,2226901,0
2014-02-28,31.845,32.049,30.706,31.053,2889779,0
2014-03-03,31.933,32.203,31.372,31.449,2344270,0
2014-03-04,31.101,31.574,30.773,31.39,1577276,0
2014-03-05,31.459,31.603,31.12,31.498,1462883,0
2014-03-06,31.671,32.263,31.479,32.057,1743287,0
2014-03-07,31.44,31.633,31.073,31.305,1870879,0
2014-03-10,31.296,31.651,30.858,31.189,1492378,0
2014-03-11,31.43,31.807,31.169,31.489,1381489,0
2014-03-12,31.885,33.084,31.885,32.939,2498932,0
2014-03-13,32.783,33.78,32.753,33.681,2069457,0
2014-03-14,34.156,34.283,33.112,33.472,1945009,0
2014-03-17,33.228,33.373,32.338,32.592,1903287,0
2014-03-18,31.971,32.612,31.721,32.146,1989096,0
2014-03-19,31.711,32.086,30.984,31.091,2348665,0
2014-03-20,30.783,31.741,30.55,31.382,2048196,0
2014-03-21,31.789,32.086,31.003,31.287,3739784,0
2014-03-24,30.686,30.937,29.661,29.805,2629050,0
2014-03-25,30.037,30.402,29.825,30.057,1524692,0
2014-03-26,30.027,30.223,28.858,29.08,1858754,0
2014-03-27,29.024,29.834,28.955,29.642,1480700,0
2014-03-28,30.084,30.676,29.439,30.253,2444207,0
2014-03-31,30.027,30.143,29.188,29.246,2007870,0
2014-04-01,29.341,29.487,28.985,29.178,1172043,0
2014-04-02,29.787,29.99,29.449,29.613,1848511,0
2014-04-03,29.301,29.459,28.955,29.439,1091945,0
2014-04-04,30.113,30.213,29.768,29.874,2082361,0
2014-04-07,29.651,30.51,29.604,30.017,1545203,0
2014-04-08,30.696,30.965,30.312,30.85,1627426,0
2014-04-09,30.491,30.85,29.768,30.356,2341130,0
2014-04-10,30.609,30.946,30.143,30.263,1659122,0
2014-04-11,30.203,30.696,29.815,29.97,1401622,0
2014-04-14,30.54,30.965,30.143,30.54,1311523,0
2014-04-15,29.651,29.68,28.975,29.478,2323798,0
2014-04-16,28.995,29.226,26.896,26.955,6442296,0
2014-04-17,27.321,28.153,27.05,27.446,4153320,0
2014-04-21,27.224,27.524,25.698,26.374,5189389,0
2014-04-22,26.519,26.616,25.909,26.558,3138277,0
2014-04-23,26.984,27.574,26.77,27.534,3884533,0
2014-04-24,27.242,27.88,27.07,27.351,2704268,0
2014-04-25,27.671,28.096,27.485,28.086,1810171,0
2014-04-28,27.93,28.191,27.622,27.94,2097068,0
2014-04-29,27.822,28.848,27.755,28.655,1992159,0
2014-04-30,28.363,28.888,28.136,28.58,2067548,0
2014-05-01,28.363,28.685,28.009,28.608,2322787,0
2014-05-02,30.163,31.352,29.815,31.237,4791958,0
2014-05-05,31.633,31.641,30.706,30.965,1941046,0
2014-05-06,30.888,31.641,30.85,31.39,2129170,0
2014-05-07,31.287,31.526,30.773,31.063,2410599,0
2014-05-08,31.13,31.584,30.918,31.305,2066868,0
2014-05-09,31.287,31.479,30.753,31.43,1515552,0
2014-05-12,31.855,32.309,31.759,32.29,1698949,0
2014-05-13,32.263,32.572,31.623,31.731,1096752,0
2014-05-14,32.233,32.299,31.904,32.049,1490199,0
2014-05-15,31.825,32.106,31.237,31.681,1369156,0
2014-05-16,31.4,31.449,31.13,31.313,1538346,0
2014-05-19,31.661,31.711,31.043,31.42,948240,0
2014-05-20,31.013,31.681,30.955,31.033,2020353,0
2014-05-21,30.773,31.199,30.52,31.11,2549034,0
2014-05-22,31.459,31.574,31.11,31.277,1893874,0
2014-05-23,31.305,31.506,30.937,31.023,972616,0
2014-05-27,30.501,30.52,29.197,29.216,2837208,0
2014-05-28,29.198,29.498,28.655,28.828,2069609,0
2014-05-29,28.636,28.976,28.491,28.838,2852949,0
2014-05-30,28.769,29.342,28.421,29.313,1992841,0
2014-06-02,29.294,29.906,29.13,29.498,1343374,0
2014-06-03,29.461,29.691,28.828,29.546,1158459,0
2014-06-04,29.507,29.664,29.267,29.441,938418,0
2014-06-05,29.711,29.963,29.431,29.78,1567393,0
2014-06-06,29.711,29.837,29.247,29.761,1130791,0
2014-06-09,29.808,30.217,29.721,29.761,739736,0
2014-06-10,29.935,30.594,29.935,30.545,986556,0
2014-06-11,30.634,31.009,30.37,30.951,1616902,0
2014-06-12,31.029,32.366,30.999,31.97,2813831,0
2014-06-13,31.874,32.29,31.254,32.272,2505805,0
2014-06-16,32.415,32.902,32.008,32.435,2801053,0
2014-06-17,32.376,32.998,32.175,32.922,2791537,0
2014-06-18,32.922,34.287,32.872,34.201,3096285,0
2014-06-19,34.872,36.032,34.862,35.972,4009097,0
2014-06-20,36.002,36.362,35.792,36.16,2954939,0
2014-06-23,36.072,36.728,35.847,36.583,1724905,0
2014-06-24,36.738,37.175,35.575,35.634,2810406,0
2014-06-25,35.634,36.699,35.634,36.272,1626898,0
2014-06-26,36.042,36.469,35.449,36.14,1819317,0
2014-06-27,36.225,36.718,35.944,36.479,1276949,0
2014-06-30,36.292,37.351,36.052,37.128,1567780,0
2014-07-01,36.991,37.573,36.613,36.798,2086566,0
2014-07-02,37.185,37.961,37.04,37.631,1831987,0
2014-07-03,36.991,37.165,36.499,37.118,1018876,0
2014-07-07,36.971,37.253,36.593,36.916,1219529,0
2014-07-08,37.253,37.893,36.991,37.748,1962411,0
2014-07-09,37.864,39.29,37.826,39.154,3009628,0
2014-07-10,39.918,40.508,38.39,38.475,3295773,0
2014-07-11,38.59,39.658,38.39,39.589,2027955,0
2014-07-14,38.212,39.396,38.068,39.174,2246144,0
2014-07-15,39.124,39.765,38.154,38.212,2458407,0
2014-07-16,38.57,39.223,38.35,38.873,1409067,0
2014-07-17,39.253,40.471,38.996,40.356,2499087,0
2014-07-18,39.775,40.538,39.55,40.471,1512734,0
2014-07-21,40.431,40.754,39.698,40.25,1123417,0
2014-07-22,40.055,40.22,39.589,39.851,1016483,0
2014-07-23,39.775,40.24,39.589,39.908,933766,0
2014-07-24,39.52,39.658,39.066,39.502,1529359,0
2014-07-25,39.076,40.598,39.076,40.538,1741097,0
2014-07-28,40.28,40.878,40.21,40.83,916606,0
2014-07-29,41.062,41.112,39.976,40.055,1332038,0
2014-07-30,39.717,39.824,38.892,39.51,2075880,0
2014-07-31,38.531,38.57,35.478,36.052,4718058,0
2014-08-01,36.43,36.758,35.8,36.469,1603476,0
2014-08-04,36.42,36.653,35.634,36.002,1017928,0
2014-08-05,35.734,36.718,35.595,36.45,1884313,0
2014-08-06,37.204,38.01,37.118,37.719,1929577,0
2014-08-07,37.65,37.835,37.02,37.486,1503649,0
2014-08-08,37.602,38.04,37.098,37.302,969550,0
2014-08-11,37.185,37.97,37.185,37.64,1321964,0
2014-08-12,37.806,38.949,37.777,38.911,2424416,0
2014-08-13,39.066,39.164,38.767,38.882,1480002,0
2014-08-14,38.64,39.046,38.0,38.698,2030701,0
2014-08-15,37.844,38.437,37.844,38.26,1465274,0
2014-08-18,37.777,38.495,37.748,38.427,1114164,0
2014-08-19,38.531,38.62,38.03,38.058,1018520,0
2014-08-20,38.05,38.202,37.467,37.719,1261218,0
2014-08-21,36.916,37.138,35.944,36.272,2140886,0
2014-08-22,36.362,36.469,35.809,36.197,1948717,0
2014-08-25,36.032,36.111,35.363,35.363,1218994,0
2014-08-26,35.744,36.272,35.624,36.206,1143358,0
2014-08-27,36.372,36.489,35.694,36.022,1071135,0
2014-08-28,36.411,36.74,36.092,36.654,1790256,0
2014-08-29,36.662,37.363,36.373,37.187,1366756,0
2014-09-02,36.169,36.313,35.762,35.876,1997110,0
2014-09-03,35.954,36.042,35.315,35.334,1340965,0
2014-09-04,35.545,36.022,33.68,33.914,3668296,0
2014-09-05,34.107,34.516,33.36,33.943,2249786,0
2014-09-08,34.003,34.049,32.642,32.855,2809645,0
2014-09-09,32.855,33.545,32.708,33.4,2339851,0
2014-09-10,33.215,33.45,32.516,33.079,2627427,0
2014-09-11,32.855,33.535,32.689,33.44,1912851,0
2014-09-12,33.079,33.66,32.817,33.011,2109082,0
2014-09-15,33.243,33.42,32.651,33.253,1206495,0
2014-09-16,33.37,34.245,32.757,33.799,2279208,0
2014-09-17,34.039,34.049,32.757,32.905,1652308,0
2014-09-18,32.845,32.935,31.116,31.554,3844232,0
2014-09-19,31.457,31.496,29.941,30.184,4484993,0
2014-09-22,29.795,29.951,29.125,29.232,3134135,0
2014-09-23,30.009,30.009,29.193,29.707,3241822,0
2014-09-24,29.476,29.873,28.92,29.135,2616467,0
2014-09-25,28.716,29.542,28.424,29.308,2841288,0
2014-09-26,29.232,29.232,28.763,29.039,1917839,0
2014-09-29,29.202,29.376,28.639,28.852,1302393,0
2014-09-30,28.593,29.076,28.019,28.202,2815253,0
2014-10-01,28.414,29.039,28.309,28.424,2284153,0
2014-10-02,28.659,29.562,28.63,29.426,2648555,0
2014-10-03,28.688,28.688,27.23,27.248,3964705,0
2014-10-06,27.542,28.086,27.298,27.831,2283009,0
2014-10-07,28.076,28.385,27.134,27.172,2398787,0
2014-10-08,28.086,29.999,27.308,29.795,5253167,0
2014-10-09,30.134,30.134,28.009,28.669,3600137,0
2014-10-10,28.583,29.717,28.106,28.394,2822849,0
2014-10-13,29.029,30.234,28.763,29.125,2572176,0
2014-10-14,29.242,30.134,29.057,29.193,2202634,0
2014-10-15,29.697,32.301,29.602,29.951,4143731,0
2014-10-16,29.592,30.254,29.222,29.592,2221847,0
2014-10-17,29.533,29.592,27.841,27.9,3842796,0
2014-10-20,28.708,29.611,28.404,29.466,2349352,0
2014-10-21,30.085,30.396,29.252,29.446,3027513,0
2014-10-22,28.96,29.048,27.979,27.989,2453486,0
2014-10-23,27.706,28.602,27.443,28.404,2380150,0
2014-10-24,28.484,28.792,27.989,28.365,1953024,0
2014-10-27,28.269,28.318,27.792,27.841,1644261,0
2014-10-28,28.192,28.679,27.821,28.649,1876662,0
2014-10-29,28.116,28.444,27.037,27.278,2682220,0
2014-10-30,26.046,26.268,23.869,24.044,5621123,0
2014-10-31,22.596,23.314,21.567,22.829,5462151,0
2014-11-03,23.114,23.578,22.724,23.304,2588696,0
2014-11-04,23.161,23.189,22.257,22.354,3908184,0
2014-11-05,21.626,22.519,21.45,21.577,4956534,0
2014-11-06,21.819,22.955,21.8,22.46,4274574,0
2014-11-07,23.025,24.141,22.945,23.909,4614698,0
2014-11-10,23.666,23.693,22.247,22.354,3737936,0
2014-11-11,22.606,23.656,22.539,23.374,4119933,0
2014-11-12,23.693,24.316,22.674,23.084,4355126,0
2014-11-13,23.684,23.713,22.635,22.762,3659236,0
2014-11-14,22.266,24.481,22.082,24.394,4314312,0
2014-11-17,24.297,25.238,24.161,25.006,4365465,0
2014-11-18,25.55,26.151,25.123,26.114,3897488,0
2014-11-19,25.909,26.18,24.849,25.306,4587206,0
2014-11-20,25.831,26.327,25.609,26.141,2999191,0
2014-11-21,26.725,26.881,25.668,25.88,3078632,0
2014-11-24,25.696,25.762,25.036,25.201,2691795,0
2014-11-25,25.277,25.998,25.172,25.958,2760931,0
2014-11-26,25.958,25.968,25.227,25.324,2144218,0
2014-11-28,24.097,24.097,22.819,22.887,2450548,0
2014-12-01,23.542,24.633,23.257,24.466,4700344,0
2014-12-02,23.813,24.545,23.492,23.611,3194186,0
2014-12-03,24.067,24.894,23.706,24.633,3215240,0
2014-12-04,24.535,24.759,23.473,23.64,2611130,0
2014-12-05,23.065,23.571,22.762,23.105,2397991,0
2014-12-08,23.366,23.542,22.382,23.247,3142116,0
2014-12-09,23.961,25.489,23.823,24.994,3792255,0
2014-12-10,24.759,25.657,24.105,24.223,2696766,0
2014-12-11,23.813,24.827,23.687,23.903,2240557,0
2014-12-12,23.813,24.105,23.286,23.621,2307293,0
2014-12-15,23.134,23.561,21.593,21.633,3319383,0
2014-12-16,22.353,22.518,21.213,21.243,3729320,0
2014-12-17,21.456,22.606,21.097,22.538,3481241,0
2014-12-18,23.065,24.145,22.946,24.105,3090141,0
2014-12-19,24.262,24.75,23.941,24.282,5281347,0
2014-12-22,24.302,24.36,22.459,22.548,2524716,0
2014-12-23,22.508,23.356,22.256,22.411,1708426,0
2014-12-24,22.45,23.218,22.109,23.046,994848,0
2014-12-26,23.783,24.039,23.386,23.726,1597521,0
2014-12-29,23.561,23.716,23.162,23.218,1987896,0
2014-12-30,23.893,24.866,23.696,24.409,2360826,0
2014-12-31,24.252,24.496,23.649,24.252,1854048,0
2015-01-02,23.734,26.357,23.571,26.309,4515779,0
2015-01-05,26.504,26.786,25.608,26.746,3188809,0
2015-01-06,26.796,28.781,26.718,28.286,5457275,0
2015-01-07,27.468,28.687,27.234,27.711,2877663,0
2015-01-08,27.886,28.402,26.992,27.292,2997561,0
2015-01-09,27.654,29.028,27.557,29.018,3524627,0
2015-01-12,29.387,30.537,29.154,30.031,4259979,0
2015-01-13,30.488,30.586,28.532,28.989,4328715,0
2015-01-14,29.514,29.972,28.335,28.677,3554252,0
2015-01-15,30.069,30.984,29.952,30.557,4698976,0
2015-01-16,30.975,32.008,30.645,31.883,5656813,0
2015-01-20,32.388,32.954,31.883,32.292,4606267,0
2015-01-21,32.623,33.061,30.965,31.833,3894359,0
2015-01-22,32.038,33.023,31.589,32.565,3451904,0
2015-01-23,31.97,32.34,31.454,31.727,2442674,0
2015-01-26,30.684,31.892,30.351,31.873,2661935,0
2015-01-27,32.195,33.482,32.175,33.393,3055518,0
2015-01-28,32.768,33.403,31.628,32.105,3295775,0
2015-01-29,30.918,32.264,30.792,31.815,3434458,0
2015-01-30,31.843,33.294,31.474,32.856,3578094,0
2015-02-02,32.175,33.832,32.048,33.694,3025858,0
2015-02-03,32.964,33.664,32.368,32.906,3115024,0
2015-02-04,33.314,33.596,32.729,33.236,2219843,0
2015-02-05,32.993,33.89,32.916,33.674,2233932,0
2015-02-06,32.214,32.545,30.381,30.772,4457050,0
2015-02-09,31.093,31.484,30.927,31.269,2211089,0
2015-02-10,30.782,30.965,30.217,30.636,2153352,0
2015-02-11,30.351,30.606,29.68,29.982,2736052,0
2015-02-12,31.181,32.244,30.878,31.677,3783532,0
2015-02-13,31.951,32.398,31.521,31.776,2730937,0
2015-02-17,30.85,31.336,30.439,30.527,2701378,0
2015-02-18,30.878,31.299,29.875,31.112,3481267,0
2015-02-19,31.112,31.279,30.011,30.127,2168658,0
2015-02-20,30.342,30.858,29.573,29.593,3052732,0
2015-02-23,29.328,30.381,29.184,30.011,2116952,0
2015-02-24,29.68,30.247,29.289,29.769,1521694,0
2015-02-25,30.147,31.414,29.962,31.299,2424844,0
2015-02-26,31.904,31.943,31.092,31.366,1954403,0
2015-02-27,31.376,32.206,31.151,31.404,1823481,0
2015-03-02,31.404,31.787,30.964,31.279,2021855,0
2015-03-03,31.609,32.236,30.82,30.917,2110202,0
2015-03-04,30.692,30.867,29.891,30.067,1690680,0
2015-03-05,30.094,30.954,29.831,30.584,1790289,0
2015-03-06,29.529,29.549,27.848,27.997,3571876,0
2015-03-09,28.278,28.455,26.863,27.009,2650320,0
2015-03-10,26.971,27.877,26.58,26.853,3177027,0
2015-03-11,26.813,28.027,26.276,27.927,2594630,0
2015-03-12,28.356,28.405,27.616,27.818,2021957,0
2015-03-13,27.848,28.007,27.087,27.702,2284337,0
2015-03-16,27.818,28.181,27.252,27.779,1590048,0
2015-03-17,27.292,28.161,27.214,27.448,1418882,0
2015-03-18,27.262,28.795,26.696,28.594,3192279,0
2015-03-19,28.395,28.395,27.616,27.897,2310237,0
2015-03-20,28.405,29.618,28.365,29.032,3453023,0
2015-03-23,29.247,29.745,28.875,29.715,1857034,0
2015-03-24,29.841,29.93,29.372,29.549,1542854,0
2015-03-25,29.95,30.476,29.402,29.412,1756813,0
2015-03-26,30.164,30.653,28.268,28.465,2658511,0
2015-03-27,28.365,28.67,27.927,28.181,2041000,0
2015-03-30,27.646,27.702,27.029,27.352,1830931,0
2015-03-31,27.302,27.655,26.981,27.292,2286894,0
2015-04-01,27.597,29.529,27.527,29.49,2908092,0
2015-04-02,29.313,29.705,28.631,29.042,1806770,0
2015-04-06,30.244,30.565,29.989,30.154,1699792,0
2015-04-07,29.667,29.851,28.895,28.983,1573805,0
2015-04-08,29.07,29.303,28.036,28.308,1994727,0
2015-04-09,27.917,28.584,27.769,28.125,1744390,0
2015-04-10,28.65,29.372,28.65,29.013,1607962,0
2015-04-13,28.747,29.207,28.317,28.375,1798171,0
2015-04-14,28.415,28.905,28.288,28.66,1587080,0
2015-04-15,28.855,29.793,28.805,29.715,1770585,0
2015-04-16,29.92,30.114,29.013,29.372,2215508,0
2015-04-17,29.472,30.094,29.372,29.569,1432291,0
2015-04-20,29.119,29.628,28.923,29.432,1406230,0
2015-04-21,29.402,30.075,29.217,29.881,2026397,0
2015-04-22,29.559,29.725,28.249,28.415,2525248,0
2015-04-23,28.535,29.93,28.327,29.831,2444755,0
2015-04-24,29.657,30.018,29.06,29.129,1812912,0
2015-04-27,29.579,30.312,29.362,29.402,2273384,0
2015-04-28,29.599,31.414,29.519,31.316,3303667,0
2015-04-29,31.279,31.494,30.417,31.161,3674453,0
2015-04-30,30.114,30.555,29.422,29.599,3687659,0
2015-05-01,30.407,31.609,30.038,30.993,3088270,0
2015-05-04,31.619,32.02,30.722,30.839,2335524,0
2015-05-05,31.346,31.658,30.604,31.063,2911368,0
2015-05-06,31.366,31.385,29.725,29.94,3166666,0
2015-05-07,29.412,30.672,29.382,30.662,2264560,0
2015-05-08,30.751,31.326,30.584,30.954,1860518,0
2015-05-11,31.003,31.678,30.917,31.638,1976095,0
2015-05-12,31.894,32.967,31.796,32.713,3003805,0
2015-05-13,33.309,33.955,33.172,33.319,2980308,0
2015-05-14,33.507,34.08,32.93,33.172,1959203,0
2015-05-15,32.86,33.26,32.509,32.743,1972572,0
2015-05-18,32.91,33.534,32.617,33.172,1407461,0
2015-05-19,32.539,32.694,31.738,31.757,2717581,0
2015-05-20,31.943,32.694,31.648,32.04,1540548,0
2015-05-21,32.02,32.167,31.502,31.923,961278,0
2015-05-22,31.767,32.03,31.336,31.796,1201747,0
2015-05-26,30.791,30.954,29.95,30.369,2201086,0
2015-05-27,30.349,30.712,29.9,30.643,1473345,0
2015-05-28,30.535,31.496,30.273,31.416,1687062,0
2015-05-29,31.241,31.799,31.172,31.504,1346849,0
2015-06-01,31.809,32.131,31.231,31.436,1118294,0
2015-06-02,31.77,32.141,31.534,31.916,1527901,0
2015-06-03,31.681,31.799,30.82,31.182,2178954,0
2015-06-04,30.643,31.123,30.614,31.014,1230034,0
2015-06-05,30.456,30.672,29.791,30.193,2037631,0
2015-06-08,30.358,30.878,30.283,30.751,1892226,0
2015-06-09,30.994,31.241,30.273,30.302,1833695,0
2015-06-10,31.123,31.281,30.604,30.937,1362160,0
2015-06-11,30.692,30.751,30.283,30.555,1623770,0
2015-06-12,30.302,30.82,30.065,30.253,1126086,0
2015-06-15,30.183,30.918,30.094,30.426,1298141,0
2015-06-16,30.263,30.321,29.536,29.625,1667581,0
2015-06-17,29.516,30.378,29.185,30.329,2482224,0
2015-06-18,30.965,31.486,30.858,31.261,2130860,0
2015-06-19,30.801,31.231,30.103,30.312,2669396,0
2015-06-22,29.918,30.173,29.546,29.586,1514618,0
2015-06-23,29.419,29.763,29.33,29.478,904618,0
2015-06-24,29.399,29.782,29.213,29.419,1070842,0
2015-06-25,29.409,29.576,28.82,28.969,1192966,0
2015-06-26,28.85,28.969,28.449,28.559,1990151,0
2015-06-29,28.589,29.028,28.175,28.439,1370334,0
2015-06-30,28.175,28.321,27.569,27.782,2205913,0
2015-07-01,27.714,27.851,27.03,27.078,2056217,0
2015-07-02,27.303,27.88,27.253,27.841,1642461,0
2015-07-06,27.628,29.478,27.579,29.135,2956226,0
2015-07-07,28.379,28.419,27.549,27.841,2847375,0
2015-07-08,28.147,28.694,27.802,27.98,1562406,0
2015-07-09,28.569,28.569,27.734,28.0,1268938,0
2015-07-10,27.93,28.049,27.166,27.382,2051008,0
2015-07-13,27.0,27.158,26.235,26.853,2763032,0
2015-07-14,26.803,27.47,26.725,26.853,1644373,0
2015-07-15,26.482,26.764,26.196,26.383,1598542,0
2015-07-16,26.235,26.324,25.844,26.119,1878340,0
2015-07-17,25.864,25.874,24.542,24.64,3245813,0
2015-07-20,23.123,23.427,22.171,22.251,3743096,0
2015-07-21,22.75,23.896,22.575,22.857,2804182,0
2015-07-22,22.485,23.357,22.094,22.787,3903206,0
2015-07-23,22.965,23.005,21.771,21.917,3548473,0
2015-07-24,21.673,23.455,21.418,23.387,5584469,0
2015-07-27,23.054,24.062,22.251,22.495,3942008,0
2015-07-28,22.847,23.133,22.565,22.642,2845026,0
2015-07-29,22.603,23.17,22.261,22.886,3484102,0
2015-07-30,22.407,22.407,20.956,21.182,4024515,0
2015-07-31,21.927,22.171,21.418,21.673,3190062,0
2015-08-03,21.505,21.624,20.634,20.723,2486569,0
2015-08-04,20.986,21.34,20.664,20.858,2635290,0
2015-08-05,21.066,21.379,20.644,20.664,2772526,0
2015-08-06,20.831,21.976,20.566,21.475,4112100,0
2015-08-07,21.495,22.27,21.466,21.634,2771098,0
2015-08-10,21.927,23.317,21.457,23.199,3792417,0
2015-08-11,23.307,23.484,22.555,23.218,3715533,0
2015-08-12,23.945,25.433,23.945,25.315,5447436,0
2015-08-13,24.316,24.923,23.583,23.729,3858687,0
2015-08-14,24.14,24.228,22.985,23.218,2913748,0
2015-08-17,23.826,24.365,23.484,24.11,3065282,0
2015-08-18,23.632,24.336,23.474,24.082,2506322,0
2015-08-19,24.415,26.216,24.365,25.784,5412310,0
2015-08-20,26.667,27.333,26.511,26.531,5529737,0
2015-08-21,26.991,27.273,25.491,25.65,4250793,0
2015-08-24,25.501,26.784,24.004,24.16,6018268,0
2015-08-25,24.238,24.542,22.681,23.199,5350940,0
2015-08-26,22.779,22.779,21.673,22.094,5560271,0
2015-08-27,22.221,23.337,21.907,23.015,5277932,0
2015-08-28,23.045,24.42,22.965,24.144,4409424,0
2015-08-31,23.585,24.076,23.074,24.056,3219091,0
2015-09-01,24.154,24.636,23.673,23.711,5715153,0
2015-09-02,23.663,24.007,22.886,23.209,3707762,0
2015-09-03,22.749,23.76,22.375,22.395,4451554,0
2015-09-04,22.188,22.533,21.757,22.415,2800741,0
2015-09-08,22.631,22.866,22.031,22.267,2538293,0
2015-09-09,21.913,21.972,20.92,21.176,4926177,0
2015-09-10,21.579,22.071,21.166,21.442,3729956,0
2015-09-11,21.118,21.972,20.851,21.767,3410816,0
2015-09-14,21.334,22.258,21.146,21.796,3413359,0
2015-09-15,21.668,22.326,21.549,21.688,2757188,0
2015-09-16,22.258,23.368,22.248,23.318,3336732,0
2015-09-17,22.975,24.144,22.69,23.879,5127925,0
2015-09-18,24.488,25.049,23.673,24.037,4538256,0
2015-09-21,23.624,24.527,23.615,23.682,3030219,0
2015-09-22,23.054,23.258,22.356,22.631,3382831,0
2015-09-23,23.104,23.181,22.533,22.72,2452328,0
2015-09-24,23.418,25.421,23.408,25.313,6657366,0
2015-09-25,24.586,25.688,24.4,25.54,4669938,0
2015-09-28,24.744,24.95,24.114,24.301,3500284,0
2015-09-29,24.498,25.097,24.037,24.232,2823945,0
2015-09-30,23.869,24.9,23.789,24.88,3329709,0
2015-10-01,25.117,25.5,24.046,24.281,3191311,0
2015-10-02,25.56,27.368,25.47,27.328,5402332,0
2015-10-05,27.485,28.193,27.142,27.818,4646079,0
2015-10-06,28.538,28.95,27.634,28.31,5154945,0
2015-10-07,28.488,28.528,27.525,27.673,4950211,0
2015-10-08,27.416,28.448,26.995,27.024,4356608,0
2015-10-09,28.106,28.368,27.653,28.231,3631032,0
2015-10-12,28.86,29.107,27.082,27.24,2558703,0
2015-10-13,27.23,28.193,27.072,27.799,2709052,0
2015-10-14,28.398,29.786,28.251,29.706,3937647,0
2015-10-15,29.146,30.158,28.81,29.618,3409799,0
2015-10-16,29.156,29.746,28.655,28.694,2817227,0
2015-10-19,28.498,28.98,27.74,27.808,2817067,0
2015-10-20,28.251,29.067,28.126,28.448,2789936,0
2015-10-21,27.957,28.28,27.445,27.957,2547553,0
2015-10-22,27.779,28.84,27.779,28.588,2657356,0
2015-10-23,28.81,28.87,27.977,28.558,3516853,0
2015-10-26,28.163,28.378,27.475,27.475,2790260,0
2015-10-27,27.268,27.977,27.102,27.535,2314718,0
2015-10-28,28.086,28.81,26.956,27.308,3691174,0
2015-10-29,27.987,28.548,27.24,27.614,3931133,0
2015-10-30,27.701,28.617,27.406,27.799,3408780,0
2015-11-02,27.545,27.848,26.787,27.624,2660672,0
2015-11-03,27.161,27.535,26.561,27.288,2671211,0
2015-11-04,27.515,27.897,26.916,27.112,2765746,0
2015-11-05,27.043,27.17,25.707,25.932,4110135,0
2015-11-06,24.871,25.039,24.4,24.696,3456913,0
2015-11-09,24.705,25.51,24.449,25.421,2496130,0
2015-11-10,24.95,25.649,24.793,25.197,1532358,0
2015-11-11,25.215,26.022,25.137,25.923,2266583,0
2015-11-12,25.353,26.306,25.107,25.679,2895790,0
2015-11-13,25.629,25.903,25.411,25.619,1974827,0
2015-11-16,25.784,26.226,25.55,25.725,1555968,0
2015-11-17,25.55,25.669,24.37,24.616,2189549,0
2015-11-18,24.793,25.982,24.556,25.894,2492498,0
2015-11-19,26.246,27.19,25.992,26.561,2723707,0
2015-11-20,26.797,26.946,25.599,25.784,3407660,0
2015-11-23,25.51,25.697,25.147,25.47,1433241,0
2015-11-24,26.394,26.434,25.764,26.236,1545487,0
2015-11-25,25.854,26.747,25.744,26.226,1556985,0
2015-11-27,25.657,26.119,25.399,25.647,876386,0
2015-11-30,25.803,26.286,25.803,26.071,1698826,0
2015-12-01,26.266,27.095,25.951,26.948,1843550,0
2015-12-02,26.375,26.739,26.051,26.445,1854466,0
2015-12-03,26.592,27.075,26.435,26.582,2121440,0
2015-12-04,26.908,28.721,26.779,28.712,3451422,0
2015-12-07,28.092,28.505,27.341,27.439,2881123,0
2015-12-08,27.41,27.735,26.928,27.638,1945042,0
2015-12-09,28.209,28.315,27.095,27.529,1946485,0
2015-12-10,27.321,27.725,27.075,27.095,1529896,0
2015-12-11,26.749,27.833,26.67,27.469,1878711,0
2015-12-14,27.281,27.321,26.11,26.197,2902356,0
2015-12-15,26.316,26.415,25.597,26.071,2328174,0
2015-12-16,26.661,27.223,26.001,26.888,2730659,0
2015-12-17,25.667,25.793,24.571,24.691,3001352,0
2015-12-18,25.124,25.961,24.956,25.695,5368383,0
2015-12-21,26.266,26.602,25.912,26.346,1835085,0
2015-12-22,26.001,26.72,25.951,26.101,1174588,0
2015-12-23,26.217,26.445,25.843,26.306,1342908,0
2015-12-24,26.514,27.026,26.494,26.818,694803,0
2015-12-28,26.395,26.572,26.119,26.435,1171897,0
2015-12-29,26.69,26.771,26.246,26.544,1325919,0
2015-12-30,26.001,26.001,25.568,25.843,1117482,0
2015-12-31,25.763,26.041,25.538,25.902,1479546,0
2016-01-04,26.612,27.085,26.148,26.553,2072782,0
2016-01-05,26.592,27.281,26.455,27.223,2423321,0
2016-01-06,27.559,28.425,27.509,28.042,2899212,0
2016-01-07,28.545,29.854,28.306,29.559,3631258,0
2016-01-08,28.672,29.637,28.624,29.135,3055270,0
2016-01-11,29.194,29.569,27.784,28.179,2385659,0
2016-01-12,27.657,28.227,27.301,28.122,3423645,0
2016-01-13,27.882,28.595,27.499,28.565,3491600,0
2016-01-14,28.495,28.888,26.868,27.469,4363067,0
2016-01-15,28.515,28.633,27.361,27.608,3754854,0
2016-01-19,27.687,27.754,25.853,26.395,3985096,0
2016-01-20,26.838,26.938,26.011,26.484,3226608,0
2016-01-21,26.226,27.016,25.718,26.848,2632118,0
2016-01-22,26.484,27.145,25.833,26.888,2553348,0
2016-01-25,27.41,27.774,27.06,27.499,2496317,0
2016-01-26,28.159,28.759,27.873,28.335,3052490,0
2016-01-27,28.102,28.778,27.794,28.535,2754081,0
2016-01-28,28.179,28.998,27.598,28.555,2786005,0
2016-01-29,28.475,29.341,28.169,29.018,2745908,0
2016-02-01,29.461,30.02,29.145,29.637,2493922,0
2016-02-02,29.145,29.5,28.535,29.331,2331824,0
2016-02-03,29.471,31.146,29.371,30.947,4284464,0
2016-02-04,31.817,32.831,31.797,32.26,5328267,0
2016-02-05,31.343,33.088,31.096,33.029,3954628,0
2016-02-08,33.658,35.008,33.413,33.423,5211070,0
2016-02-09,34.042,34.32,32.26,32.634,4514890,0
2016-02-10,32.171,33.225,31.383,32.821,4207144,0
2016-02-11,34.804,36.004,34.31,34.824,6779094,0
2016-02-12,34.399,35.384,33.56,35.127,3214608,0
2016-02-16,33.797,34.399,33.161,33.629,3963143,0
2016-02-17,33.698,33.986,32.85,33.413,2849828,0
2016-02-18,33.195,34.734,32.989,34.554,3020109,0
2016-02-19,34.449,35.038,34.014,34.131,2325206,0
2016-02-22,33.453,34.496,33.383,34.151,2779055,0
2016-02-23,34.664,35.028,34.221,34.744,2143778,0
2016-02-24,35.521,36.704,34.36,34.704,4082075,0
2016-02-25,34.32,35.364,34.251,35.117,2572866,0
2016-02-26,34.189,35.087,33.919,34.129,2637751,0
2016-02-29,34.437,34.979,34.159,34.773,2784589,0
2016-03-01,34.91,34.988,32.994,33.043,3117426,0
2016-03-02,33.132,33.695,32.618,33.479,3176445,0
2016-03-03,33.547,34.417,33.34,33.933,2726357,0
2016-03-04,34.239,35.78,33.626,33.883,4409155,0
2016-03-07,34.397,35.167,34.219,34.793,3226669,0
2016-03-08,35.048,35.207,33.469,33.705,2993037,0
2016-03-09,33.033,34.139,32.47,33.824,2974098,0
2016-03-10,34.249,36.086,33.963,35.966,4349601,0
2016-03-11,35.859,36.343,35.087,35.287,2617948,0
2016-03-14,35.482,35.76,34.553,34.643,3078336,0
2016-03-15,34.219,35.463,34.02,35.336,2481135,0
2016-03-16,35.217,37.391,34.466,37.351,4164566,0
2016-03-17,38.042,39.004,37.438,37.578,4925499,0
2016-03-18,37.133,38.22,37.113,37.528,3093451,0
2016-03-21,37.351,37.972,36.926,37.608,1807853,0
2016-03-22,37.992,38.216,36.732,37.054,2180054,0
2016-03-23,35.938,36.256,34.879,35.018,3186076,0
2016-03-24,35.147,35.809,34.862,35.681,1703939,0
2016-03-28,35.562,35.691,34.573,35.572,2729874,0
2016-03-29,35.869,37.191,35.423,36.847,2233955,0
2016-03-30,36.639,36.847,35.631,36.303,2483035,0
2016-03-31,36.432,36.837,35.721,35.721,1726170,0
2016-04-01,34.663,36.096,34.663,36.086,2353714,0
2016-04-04,35.908,36.224,35.192,35.394,1469718,0
2016-04-05,36.016,36.106,35.167,35.986,2009883,0
2016-04-06,35.741,36.244,35.572,36.076,1615005,0
2016-04-07,36.817,37.952,36.56,37.411,2827543,0
2016-04-08,37.321,38.437,37.291,38.002,1929635,0
2016-04-11,38.694,40.325,38.595,40.086,3157690,0
2016-04-12,40.276,40.946,39.552,40.58,2702963,0
2016-04-13,40.106,40.68,39.692,39.928,1998217,0
2016-04-14,39.918,40.136,38.437,39.079,2203216,0
2016-04-15,39.297,40.026,38.704,39.928,1823881,0
2016-04-18,39.692,39.947,38.882,39.572,1934167,0
2016-04-19,40.76,41.322,40.5,40.985,2619725,0
2016-04-20,41.024,41.934,39.861,40.335,3373949,0
2016-04-21,41.302,42.042,40.66,41.322,3139543,0
2016-04-22,41.054,41.617,40.256,40.838,2640699,0
2016-04-25,40.61,41.114,39.888,40.086,2366755,0
2016-04-26,40.421,40.946,40.076,40.61,1736004,0
2016-04-27,40.916,41.174,39.869,40.877,2411516,0
2016-04-28,41.302,43.099,41.302,42.704,2880232,0
2016-04-29,43.623,46.753,43.446,46.635,4268775,0
2016-05-02,46.803,47.159,45.589,46.191,3823413,0
2016-05-03,45.737,46.093,44.77,45.154,3858824,0
2016-05-04,44.393,45.244,43.02,43.268,3810075,0
2016-05-05,43.89,44.827,43.752,44.433,2753874,0
2016-05-06,44.946,46.329,44.848,45.48,3200144,0
2016-05-09,44.009,44.62,43.139,43.573,3161345,0
2016-05-10,43.603,45.134,43.297,44.799,2833250,0
2016-05-11,45.648,46.359,44.166,46.093,2808693,0
2016-05-12,45.855,46.399,44.66,45.194,2251318,0
2016-05-13,45.134,46.399,44.927,45.638,2620377,0
2016-05-16,46.625,47.673,46.558,46.953,2937751,0
2016-05-17,46.753,47.88,46.449,47.722,3040228,0
2016-05-18,46.853,47.307,44.216,44.344,3542610,0
2016-05-19,43.218,45.264,42.71,45.114,2867361,0
2016-05-20,45.362,45.688,44.413,45.619,2582731,0
2016-05-23,44.74,46.083,44.453,45.371,1617569,0
2016-05-24,44.433,45.47,43.534,43.613,3035899,0
2016-05-25,43.119,44.58,42.19,44.276,2592223,0
2016-05-26,44.976,45.53,44.057,44.6,1412315,0
2016-05-27,44.383,44.779,43.275,43.681,1961879,0
2016-05-31,44.175,45.372,43.611,44.453,2223192,0
2016-06-01,44.967,46.126,44.066,44.7,2244953,0
2016-06-02,44.135,45.155,44.046,44.65,1690342,0
2016-06-03,46.907,49.707,46.817,49.639,4258776,0
2016-06-06,49.629,50.271,48.861,49.737,3141014,0
2016-06-07,49.222,49.826,49.005,49.629,2054496,0
2016-06-08,51.27,51.549,49.915,50.064,2695095,0
2016-06-09,50.064,50.796,49.905,50.569,2067607,0
2016-06-10,50.736,51.23,49.252,50.064,2494824,0
2016-06-13,51.044,51.559,50.311,50.895,2524297,0
2016-06-14,50.895,50.904,48.905,49.4,2630856,0
2016-06-15,49.46,51.28,49.192,50.726,2200523,0
2016-06-16,51.735,52.237,49.43,49.984,2874544,0
2016-06-17,50.639,50.954,48.699,49.697,2884413,0
2016-06-20,48.717,50.124,48.291,49.865,1637066,0
2016-06-21,49.153,49.639,48.925,49.125,1297297,0
2016-06-22,49.025,49.895,48.47,49.875,2137398,0
2016-06-23,49.32,50.154,48.995,49.282,1566161,0
2016-06-24,51.905,52.181,50.251,51.489,3659502,0
2016-06-27,51.529,52.882,50.786,51.994,4044022,0
2016-06-28,51.34,52.517,50.895,51.775,2934392,0
2016-06-29,52.45,53.131,52.27,52.41,2898112,0
2016-06-30,52.904,53.23,52.225,52.943,2237164,0
2016-07-01,54.111,55.14,53.943,55.022,2084407,0
2016-07-05,54.478,55.358,53.823,54.743,2299166,0
2016-07-06,55.318,55.912,54.893,55.754,2476338,0
2016-07-07,54.963,55.229,54.043,54.743,1758843,0
2016-07-08,54.743,55.427,54.072,55.258,1536336,0
2016-07-11,54.803,55.022,54.378,54.963,1554488,0
2016-07-12,54.893,54.893,53.666,53.716,2222847,0
2016-07-13,54.724,56.467,54.695,56.219,2245514,0
2016-07-14,54.753,55.517,54.013,55.497,2160816,0
2016-07-15,54.853,55.763,54.636,55.487,1374548,0
2016-07-18,55.388,55.635,54.715,55.487,1159845,0
2016-07-19,55.268,55.386,54.883,55.13,1357221,0
2016-07-20,53.993,53.993,51.559,51.705,2644422,0
2016-07-21,51.905,53.062,51.509,52.676,1816648,0
2016-07-22,52.22,53.329,52.072,53.171,1330883,0
2016-07-25,52.587,52.606,50.499,50.756,2462331,0
2016-07-26,51.479,52.527,51.094,52.171,1821886,0
2016-07-27,52.765,54.428,51.885,54.091,2196811,0
2016-07-28,55.348,56.545,55.022,55.952,2507314,0
2016-07-29,57.03,57.92,56.327,57.534,2176129,0
2016-08-01,57.446,58.365,56.802,58.279,1182496,0
2016-08-02,58.179,59.089,57.901,58.763,2118085,0
2016-08-03,58.484,59.049,57.793,58.704,1338866,0
2016-08-04,58.684,59.474,58.684,59.149,1122813,0
2016-08-05,57.614,57.94,57.01,57.317,2235716,0
2016-08-08,56.694,57.654,56.447,56.654,1774187,0
2016-08-09,57.06,57.95,56.862,57.754,1191476,0
2016-08-10,58.92,59.178,57.97,58.484,1026381,0
2016-08-11,58.614,59.109,57.714,57.98,1313294,0
2016-08-12,58.743,59.119,57.684,57.852,1363341,0
2016-08-15,58.069,58.564,57.229,57.514,1403981,0
2016-08-16,57.773,58.109,57.05,57.554,977375,0
2016-08-17,56.991,56.991,55.268,56.703,1835708,0
2016-08-18,56.972,57.238,56.347,57.139,1001798,0
2016-08-19,56.199,56.387,55.457,55.556,1599917,0
2016-08-22,54.675,55.783,54.478,55.664,1100149,0
2016-08-23,55.942,56.1,54.923,55.348,1514108,0
2016-08-24,54.528,54.528,51.068,51.449,2988212,0
2016-08-25,51.162,52.41,50.667,51.925,2110645,0
2016-08-26,52.914,54.043,51.123,51.875,1930795,0
2016-08-29,51.25,53.082,51.211,52.745,1254024,0
2016-08-30,52.477,52.686,49.93,50.395,2628324,0
2016-08-31,49.81,50.654,49.573,50.217,2088424,0
2016-09-01,49.89,52.13,49.573,51.644,2427461,0
2016-09-02,53.063,53.529,52.429,53.112,2348601,0
2016-09-06,54.104,55.442,53.915,55.393,1992714,0
2016-09-07,55.393,55.764,54.471,55.64,1762016,0
2016-09-08,55.323,55.68,53.885,54.074,1798728,0
2016-09-09,53.469,53.469,50.366,50.535,3443186,0
2016-09-12,49.78,52.795,49.603,52.289,2518284,0
2016-09-13,51.644,51.993,50.217,50.851,2252055,0
2016-09-14,51.257,51.873,50.039,50.615,1913947,0
2016-09-15,50.555,51.813,50.167,51.227,1491849,0
2016-09-16,50.792,51.467,50.049,51.001,2910458,0
2016-09-19,51.644,52.15,51.307,51.684,1791096,0
2016-09-20,51.823,52.17,51.497,51.833,1574243,0
2016-09-21,52.497,55.72,52.497,55.551,2556078,0
2016-09-22,56.028,56.86,55.373,56.067,2319966,0
2016-09-23,55.828,55.948,53.638,53.865,2082933,0
2016-09-26,54.252,54.654,53.628,53.678,1367549,0
2016-09-27,53.301,53.975,52.855,53.588,1446586,0
2016-09-28,53.648,54.867,52.745,54.531,1502171,0
2016-09-29,54.124,55.135,53.419,54.679,1244607,0
2016-09-30,55.283,55.601,53.618,53.718,1902431,0
2016-10-03,53.449,53.945,51.596,52.319,1724293,0
2016-10-04,50.177,50.625,47.006,47.055,3565848,0
2016-10-05,47.917,47.967,45.363,46.36,2593996,0
2016-10-06,45.261,46.133,44.838,45.241,3072127,0
2016-10-07,46.37,46.846,44.219,44.565,2215322,0
2016-10-10,45.091,45.269,44.239,44.555,1710013,0
2016-10-11,44.605,45.151,43.554,44.338,2702304,0
2016-10-12,44.457,45.984,44.358,45.697,2543614,0
2016-10-13,45.726,47.065,45.309,45.914,2001492,0
2016-10-14,45.289,46.46,45.111,45.269,1492250,0
2016-10-17,45.359,46.163,45.339,45.775,1377797,0
2016-10-18,46.42,47.629,46.211,47.6,2971208,0
2016-10-19,48.323,49.275,48.086,49.068,2770777,0
2016-10-20,48.749,49.018,47.758,48.749,1537060,0
2016-10-21,48.432,48.779,48.046,48.631,878354,0
2016-10-24,48.719,48.898,47.262,47.877,1458383,0
2016-10-25,48.254,49.414,47.858,49.166,1698234,0
2016-10-26,49.018,49.434,47.392,47.986,2072588,0
2016-10-27,48.462,48.963,47.471,48.353,1699554,0
2016-10-28,48.353,49.77,48.135,48.978,1589564,0
2016-10-31,49.354,50.525,48.671,50.366,1335084,0
2016-11-01,51.287,51.993,50.505,51.178,2317508,0
2016-11-02,52.032,52.715,50.296,50.782,2406303,0
2016-11-03,50.732,51.606,50.495,51.427,1281813,0
2016-11-04,51.467,51.873,50.752,51.237,1626596,0
2016-11-07,49.344,50.177,48.244,49.166,1952210,0
2016-11-08,49.444,50.336,48.343,49.275,1929531,0
2016-11-09,51.139,51.723,49.167,50.109,2859491,0
2016-11-10,49.563,49.563,45.884,46.153,4001584,0
2016-11-11,45.954,46.074,41.324,41.879,4650969,0
2016-11-14,41.353,42.345,39.548,41.661,3124146,0
2016-11-15,41.631,44.001,41.631,43.852,2715698,0
2016-11-16,43.822,44.269,42.87,43.892,1777039,0
2016-11-17,43.872,44.595,42.027,42.415,2720953,0
2016-11-18,41.74,42.582,41.116,41.839,2426553,0
2016-11-21,42.256,43.624,42.047,42.821,1683673,0
2016-11-22,42.98,43.138,41.633,42.375,1420869,0
2016-11-23,40.451,40.58,39.142,39.499,3793776,0
2016-11-25,40.204,40.818,39.972,40.53,1347944,0
2016-11-28,41.304,41.969,40.451,41.81,1933404,0
2016-11-29,40.697,41.919,40.547,41.69,1306777,0
2016-11-30,41.104,41.164,40.05,40.796,1529230,0
2016-12-01,40.319,40.707,38.957,39.862,2371260,0
2016-12-02,40.28,41.273,40.17,40.846,1682497,0
2016-12-05,40.21,40.965,39.473,40.657,1857709,0
2016-12-06,40.378,41.303,40.03,40.26,1392766,0
2016-12-07,40.865,40.994,39.763,40.07,1875207,0
2016-12-08,39.743,40.428,39.653,40.18,1452841,0
2016-12-09,39.833,40.02,37.695,38.043,3145097,0
2016-12-12,38.579,39.056,37.785,38.679,2279950,0
2016-12-13,38.809,39.493,38.549,39.405,1635404,0
2016-12-14,39.793,40.25,37.436,37.635,2379166,0
2016-12-15,36.155,36.492,34.835,36.215,3531474,0
2016-12-16,36.582,37.493,36.264,37.109,2663738,0
2016-12-19,37.069,38.46,36.901,37.865,2063350,0
2016-12-20,37.049,37.536,36.702,37.526,1451572,0
2016-12-21,37.418,38.202,37.198,37.993,1446457,0
2016-12-22,37.855,38.509,37.546,37.885,1040771,0
2016-12-23,37.835,38.957,37.715,38.619,995110,0
2016-12-27,39.016,39.901,38.82,39.713,1325038,0
2016-12-28,39.573,40.29,39.156,40.25,1468896,0
2016-12-29,40.806,43.251,40.806,43.131,3164946,0
2016-12-30,43.31,44.393,41.621,41.74,2671582,0
2017-01-03,41.641,42.804,41.124,42.784,2394312,0
2017-01-04,43.031,43.36,42.456,43.003,1882697,0
2017-01-05,43.827,45.467,43.678,45.277,2901120,0
2017-01-06,44.334,45.466,43.996,44.612,2064259,0
2017-01-09,45.229,45.229,43.41,43.857,1761304,0
2017-01-10,44.135,44.568,43.538,44.075,1318957,0
2017-01-11,43.728,45.656,43.261,45.267,2355034,0
2017-01-12,46.143,46.729,44.87,45.357,2283635,0
2017-01-13,44.801,45.934,44.602,45.764,1392965,0
2017-01-17,47.613,47.862,46.182,46.202,1984549,0
2017-01-18,46.014,46.828,44.801,45.417,2852443,0
2017-01-19,44.84,45.417,44.403,44.92,1821880,0
2017-01-20,44.99,46.054,44.831,45.357,1322286,0
2017-01-23,45.944,46.938,45.497,46.818,1416785,0
2017-01-24,46.818,47.604,46.699,46.968,2089501,0
2017-01-25,46.044,46.401,45.239,45.576,1432949,0
2017-01-26,44.572,44.95,44.065,44.652,1726127,0
2017-01-27,44.373,45.686,44.373,45.636,707601,0
2017-01-30,45.774,46.61,45.357,45.884,1162841,0
2017-01-31,46.918,47.971,46.709,47.405,1447181,0
2017-02-01,46.729,47.365,46.014,47.106,1379617,0
2017-02-02,48.349,48.578,47.971,48.349,1470669,0
2017-02-03,48.329,49.154,47.971,48.905,1227392,0
2017-02-06,49.68,50.039,48.935,50.029,1507526,0
2017-02-07,49.322,50.276,49.233,49.769,1202962,0
2017-02-08,50.306,50.743,49.949,50.546,1233144,0
2017-02-09,50.893,50.893,49.482,49.889,1019385,0
2017-02-10,49.125,50.723,48.985,50.516,924379,0
2017-02-13,49.809,49.999,49.273,49.442,1381540,0
2017-02-14,50.079,50.126,48.628,49.144,1623357,0
2017-02-15,48.538,49.203,48.229,49.115,1421088,0
2017-02-16,47.822,48.17,45.219,46.808,4475102,0
2017-02-17,46.898,47.405,46.251,46.531,2131998,0
2017-02-21,45.854,46.481,45.715,46.321,1689775,0
2017-02-22,45.715,46.212,44.275,45.189,1707471,0
2017-02-23,45.745,46.371,45.099,45.099,1409805,0
2017-02-24,45.706,45.774,44.94,45.04,1325670,0
2017-02-27,45.109,46.016,41.983,42.291,2978999,0
2017-02-28,42.619,43.326,41.633,42.241,2521469,0
2017-03-01,41.593,42.33,40.687,42.031,2043977,0
2017-03-02,41.305,41.573,40.239,40.428,2235101,0
2017-03-03,40.299,41.503,39.979,41.065,2544331,0
2017-03-06,40.807,40.926,39.442,39.96,2219391,0
2017-03-07,39.511,40.059,39.233,39.821,2767298,0
2017-03-08,39.373,40.169,39.143,39.89,1684794,0
2017-03-09,39.861,40.249,39.651,39.701,1119815,0
2017-03-10,39.999,41.177,39.881,41.035,2391766,0
2017-03-13,41.195,41.384,40.617,41.085,1379313,0
2017-03-14,40.956,41.285,39.462,39.761,1793746,0
2017-03-15,40.019,42.978,39.701,42.818,2824526,0
2017-03-16,43.625,44.203,41.872,42.081,1902283,0
2017-03-17,42.251,42.858,41.972,42.201,2223316,0
2017-03-20,42.231,42.968,42.091,42.858,1080654,0
2017-03-21,43.037,44.372,42.948,43.914,1903276,0
2017-03-22,44.223,44.581,43.804,44.193,1691218,0
2017-03-23,44.352,44.651,43.436,44.153,1235309,0
2017-03-24,43.775,44.123,43.506,43.655,1164621,0
2017-03-27,45.109,45.308,44.322,44.462,1496269,0
2017-03-28,44.153,44.611,42.629,42.918,1971169,0
2017-03-29,43.297,43.326,42.729,42.988,1966257,0
2017-03-30,42.709,43.117,41.992,42.101,1547426,0
2017-03-31,42.131,42.759,41.793,42.271,1534911,0
2017-04-03,42.42,43.396,42.091,43.376,1077209,0
2017-04-04,43.745,44.332,43.436,44.173,1374829,0
2017-04-05,43.765,44.891,43.575,44.462,1541231,0
2017-04-06,44.362,44.83,44.044,44.741,1120792,0
2017-04-07,45.498,45.717,43.894,44.412,1652553,0
2017-04-10,44.312,45.109,43.715,45.099,849360,0
2017-04-11,45.756,46.633,45.378,46.175,1875101,0
2017-04-12,46.334,47.032,46.095,46.932,2004556,0
2017-04-13,47.211,47.26,45.826,46.434,1900965,0
2017-04-17,46.514,46.962,46.294,46.544,887932,0
2017-04-18,46.244,46.384,45.478,46.284,1552969,0
2017-04-19,45.617,46.006,44.731,45.199,1959171,0
2017-04-20,45.338,45.756,44.83,45.388,1793067,0
2017-04-21,45.428,45.996,44.99,45.826,2038615,0
2017-04-24,44.96,45.896,44.681,45.478,2195163,0
2017-04-25,44.85,45.02,42.818,43.287,2841523,0
2017-04-26,43.297,43.775,42.42,43.436,2384527,0
2017-04-27,43.307,43.426,42.579,43.307,2398361,0
2017-04-28,44.442,47.776,43.914,47.639,4149418,0
2017-05-01,47.51,47.868,46.294,46.534,2033129,0
2017-05-02,46.095,47.032,45.737,46.653,1306280,0
2017-05-03,46.524,47.41,46.046,46.085,1697489,0
2017-05-04,45.338,45.647,44.761,45.169,2027174,0
2017-05-05,45.388,46.668,45.368,46.484,1169535,0
2017-05-08,46.514,46.603,45.747,46.434,1031586,0
2017-05-09,45.966,46.235,45.428,46.036,1208309,0
2017-05-10,46.762,46.972,46.454,46.584,1291769,0
2017-05-11,46.992,47.699,46.504,47.43,1880290,0
2017-05-12,47.808,48.316,47.52,48.226,1735956,0
2017-05-15,48.744,49.034,48.108,48.655,1693832,0
2017-05-16,48.814,49.182,48.506,48.964,1304404,0
2017-05-17,49.76,50.388,48.964,49.332,2920229,0
2017-05-18,48.914,49.104,47.868,48.616,1921241,0
2017-05-19,49.014,49.163,48.586,49.044,1731208,0
2017-05-22,49.432,49.84,48.809,48.934,895011,0
2017-05-23,49.024,49.292,47.38,47.41,2041447,0
2017-05-24,47.42,48.098,46.244,48.078,2061779,0
2017-05-25,47.6,48.366,47.57,48.058,1299539,0
2017-05-26,48.576,49.402,48.546,48.934,1910685,0
2017-05-30,48.145,48.874,47.886,47.966,1380321,0
2017-05-31,48.125,48.774,47.676,48.315,1689457,0
2017-06-01,47.766,48.674,47.606,48.515,1241063,0
2017-06-02,48.884,49.573,48.352,48.794,1633977,0
2017-06-05,48.854,48.994,47.577,48.006,1223107,0
2017-06-06,48.804,50.481,48.625,50.481,2058873,0
2017-06-07,50.052,50.411,49.563,49.992,1226459,0
2017-06-08,49.563,49.613,48.525,49.573,1206082,0
2017-06-09,48.834,48.954,47.856,48.106,1130806,0
2017-06-12,48.046,48.515,47.726,48.016,1473501,0
2017-06-13,47.996,49.453,47.656,49.173,1641237,0
2017-06-14,49.922,50.082,46.738,46.868,2158966,0
2017-06-15,46.309,46.778,45.94,46.299,1844518,0
2017-06-16,46.359,46.768,46.239,46.748,2348983,0
2017-06-19,46.399,46.688,46.06,46.229,1233384,0
2017-06-20,46.169,46.229,45.551,45.61,1185665,0
2017-06-21,45.511,46.394,45.471,46.329,985557,0
2017-06-22,46.748,47.088,46.429,46.459,1130734,0
2017-06-23,46.938,47.856,46.499,47.746,1128359,0
2017-06-26,47.317,47.836,46.698,47.177,1036336,0
2017-06-27,47.407,47.477,45.8,45.99,1525497,0
2017-06-28,46.309,46.592,45.65,46.369,1096025,0
2017-06-29,45.551,45.79,44.543,44.662,1992195,0
2017-06-30,44.682,45.071,44.553,45.032,1125377,0
2017-07-03,44.183,44.253,43.325,43.964,1053127,0
2017-07-05,43.355,44.213,43.115,44.143,2000337,0
2017-07-06,44.153,44.163,43.515,43.884,1207891,0
2017-07-07,43.624,43.834,43.105,43.475,1383396,0
2017-07-10,43.375,44.543,43.135,44.403,1701207,0
2017-07-11,44.393,44.782,43.505,44.722,1337233,0
2017-07-12,45.311,45.451,44.503,44.553,1432799,0
2017-07-13,44.473,44.642,43.564,43.614,1379123,0
2017-07-14,44.303,44.847,44.063,44.513,1359838,0
2017-07-17,45.271,45.296,44.722,44.802,1106025,0
2017-07-18,45.311,45.311,44.832,44.922,1303084,0
2017-07-19,45.042,45.241,44.792,44.852,1168989,0
2017-07-20,44.752,45.75,44.752,45.541,1212170,0
2017-07-21,45.8,46.07,45.531,45.96,1690297,0
2017-07-24,46.179,46.189,45.67,45.83,1457034,0
2017-07-25,45.77,46.429,45.191,45.341,1765318,0
2017-07-26,45.191,47.806,44.952,47.287,2285067,0
2017-07-27,48.425,49.613,47.088,47.147,2336154,0
2017-07-28,47.507,47.841,46.928,47.197,1326318,0
2017-07-31,47.048,47.427,46.549,46.618,1069900,0
2017-08-01,46.459,46.668,45.66,46.109,1556177,0
2017-08-02,45.8,46.269,45.351,45.86,1244876,0
2017-08-03,45.92,46.099,45.246,45.531,1107966,0
2017-08-04,45.012,45.291,44.443,44.712,1493332,0
2017-08-07,44.792,45.111,44.513,44.892,842268,0
2017-08-08,45.081,45.241,44.193,44.463,1466076,0
2017-08-09,45.231,45.281,44.463,44.642,972950,0
2017-08-10,45.221,46.409,44.952,46.209,2206480,0
2017-08-11,46.219,46.569,45.8,46.06,1332116,0
2017-08-14,45.68,46.157,45.401,45.9,864704,0
2017-08-15,45.161,46.01,45.091,45.58,1022025,0
2017-08-16,45.61,47.177,45.551,46.608,1718514,0
2017-08-17,46.768,47.068,46.569,46.948,1003615,0
2017-08-18,47.786,48.555,46.534,46.728,2702409,0
2017-08-21,46.888,47.257,46.828,47.117,1031315,0
2017-08-22,47.157,47.247,46.658,46.768,712541,0
2017-08-23,46.928,46.968,46.429,46.918,932332,0
2017-08-24,46.758,47.187,46.519,46.878,793296,0
2017-08-25,47.018,47.966,46.908,47.377,901919,0
2017-08-28,47.876,49.682,47.547,49.503,2155549,0
2017-08-29,50.411,51.758,50.311,50.92,3254412,0
2017-08-30,50.76,51.15,50.31,50.49,1091857,0
2017-08-31,50.68,51.73,50.55,51.26,1645634,0
2017-09-01,51.73,51.73,50.68,51.23,1120372,0
2017-09-05,51.71,51.85,50.37,51.43,1541637,0
2017-09-06,51.25,51.68,50.35,50.54,1117659,0
2017-09-07,51.24,51.81,50.64,51.37,1150684,0
2017-09-08,51.22,51.31,50.67,51.2,746793,0
2017-09-11,50.21,50.82,49.34,49.46,1523942,0
2017-09-12,49.24,49.69,48.98,49.61,1322143,0
2017-09-13,49.59,49.6,48.45,48.54,1107139,0
2017-09-14,48.33,49.14,48.08,48.83,996624,0
2017-09-15,48.67,48.9,47.95,48.12,1152690,0
2017-09-18,47.65,47.74,46.71,47.25,1803934,0
2017-09-19,47.49,47.58,46.94,47.45,1782339,0
2017-09-20,47.73,48.4,46.31,46.93,1622790,0
2017-09-21,46.18,47.045,46.07,46.14,1491439,0
2017-09-22,46.59,46.76,46.34,46.74,969433,0
2017-09-25,46.55,47.575,46.2,47.48,1470111,0
2017-09-26,46.75,47.07,45.89,45.95,1585561,0
2017-09-27,45.44,45.79,45.3,45.36,1359896,0
2017-09-28,45.32,46.04,45.3,45.61,826385,0
2017-09-29,45.81,45.8553,45.17,45.21,1048813,0
2017-10-02,45.12,45.41,44.7,45.17,1287972,0
2017-10-03,45.33,45.57,44.98,45.17,1096760,0
2017-10-04,45.29,45.45,45.0,45.44,1105799,0
2017-10-05,45.31,45.59,45.16,45.28,888456,0
2017-10-06,45.03,45.995,44.76,45.82,1514553,0
2017-10-09,46.03,46.32,45.94,46.3,822972,0
2017-10-10,46.51,46.56,45.86,45.95,1643032,0
2017-10-11,46.18,46.52,45.49,46.25,1133707,0
2017-10-12,46.12,46.615,46.0,46.35,828709,0
2017-10-13,46.85,46.98,46.41,46.7,1160835,0
2017-10-16,46.85,46.86,45.3508,45.52,1270016,0
2017-10-17,45.06,45.38,44.645,45.08,1013427,0
2017-10-18,44.91,45.13,44.6,44.82,1026746,0
2017-10-19,44.98,45.16,44.5,44.66,1264652,0
2017-10-20,44.46,44.48,43.86,44.36,1339157,0
2017-10-23,43.99,45.14,43.97,44.91,1400606,0
2017-10-24,44.64,44.69,44.13,44.24,974866,0
2017-10-25,44.1,44.1503,43.65,43.95,1458766,0
2017-10-26,45.69,47.32,44.9,45.45,3468515,0
2017-10-27,45.32,46.13,45.23,45.42,1440491,0
2017-10-30,45.49,45.76,45.15,45.23,1414485,0
2017-10-31,45.01,45.019,43.96,44.63,1800702,0
2017-11-01,44.92,45.0,44.2,44.26,1196027,0
2017-11-02,44.47,44.97,43.965,44.05,1141798,0
2017-11-03,44.17,44.2,43.23,44.11,1151756,0
2017-11-06,45.19,45.78,45.19,45.19,1433503,0
2017-11-07,44.91,45.19,44.72,45.04,945827,0
2017-11-08,45.56,45.91,45.38,45.59,907105,0
2017-11-09,45.63,45.78,45.06,45.35,1002421,0
2017-11-10,45.27,45.34,44.78,45.0,1080119,0
