Date,Open,High,Low,Close,Volume,OpenInt
2014-01-02,12.982,13.165,12.813,12.955,8848365,0
2014-01-03,12.992,13.175,12.973,13.175,4140558,0
2014-01-06,13.183,13.456,13.183,13.236,5806624,0
2014-01-07,13.269,13.411,13.06,13.165,4461658,0
2014-01-08,13.145,13.279,13.016,13.22,4421414,0
2014-01-09,13.131,13.684,13.096,13.483,8283521,0
2014-01-10,13.649,13.799,13.517,13.631,6057117,0
2014-01-13,13.543,13.543,12.876,12.963,6075088,0
2014-01-14,13.05,13.165,12.928,12.982,2958703,0
2014-01-15,13.069,13.34,12.982,13.138,5402231,0
2014-01-16,13.069,13.131,12.549,12.673,10632948,0
2014-01-17,12.673,12.91,12.629,12.813,6006607,0
2014-01-21,12.937,13.023,12.805,12.859,3567272,0
2014-01-22,12.842,12.91,12.507,12.586,6617965,0
2014-01-23,11.653,11.716,11.257,11.602,32936424,0
2014-01-24,11.618,11.661,11.223,11.231,10935992,0
2014-01-27,11.273,11.759,11.073,11.557,13648568,0
2014-01-28,11.636,11.969,11.61,11.882,12864404,0
2014-01-29,11.856,11.872,11.661,11.661,6455095,0
2014-01-30,11.732,12.05,11.67,12.015,5501559,0
2014-01-31,11.882,11.978,11.768,11.901,4337964,0
2014-02-03,11.901,11.951,11.538,11.602,6049191,0
2014-02-04,11.636,11.785,11.397,11.458,6392069,0
2014-02-05,11.468,11.759,11.434,11.644,5220419,0
2014-02-06,11.688,12.015,11.688,12.015,4533144,0
2014-02-07,12.04,12.367,11.969,12.179,4820684,0
2014-02-10,12.173,12.179,11.951,12.031,3374062,0
2014-02-11,12.073,12.11,11.933,12.058,4239701,0
2014-02-12,12.05,12.215,11.864,11.872,4753161,0
2014-02-13,11.785,12.031,11.688,11.96,2900724,0
2014-02-14,11.901,12.205,11.811,12.092,3171564,0
2014-02-18,12.12,12.189,11.892,12.058,2635650,0
2014-02-19,12.205,12.532,12.138,12.271,4674393,0
2014-02-20,12.302,12.349,12.066,12.165,2829741,0
2014-02-21,12.179,12.4,12.138,12.253,4090807,0
2014-02-24,12.293,12.293,12.073,12.128,5119742,0
2014-02-25,12.147,12.595,12.05,12.443,3826988,0
2014-02-26,12.539,13.023,12.524,13.023,6615488,0
2014-02-27,12.928,13.326,12.876,13.06,6081291,0
2014-02-28,13.06,13.078,12.603,12.778,5094950,0
2014-03-03,12.673,12.744,12.367,12.481,6298585,0
2014-03-04,12.638,12.778,12.638,12.708,6366814,0
2014-03-05,12.708,12.795,12.613,12.754,1936801,0
2014-03-06,12.673,12.682,12.499,12.558,2726701,0
2014-03-07,12.603,12.735,12.516,12.647,3674855,0
2014-03-10,12.664,12.673,12.224,12.499,9533962,0
2014-03-11,11.856,12.023,11.443,11.521,24473513,0
2014-03-12,11.178,11.336,11.046,11.215,14647774,0
2014-03-13,11.231,11.425,11.134,11.345,9366106,0
2014-03-14,11.231,11.513,11.178,11.24,6256490,0
2014-03-17,11.265,11.354,11.125,11.24,6213606,0
2014-03-18,11.32,11.397,11.231,11.273,3554377,0
2014-03-19,11.265,11.504,11.223,11.381,6123127,0
2014-03-20,11.336,11.372,11.206,11.249,3952036,0
2014-03-21,11.312,11.513,11.292,11.381,8951950,0
2014-03-24,11.45,11.504,11.231,11.257,5958787,0
2014-03-25,11.336,11.363,11.012,11.142,4764261,0
2014-03-26,11.206,11.312,10.861,10.869,6382049,0
2014-03-27,10.853,10.887,10.649,10.659,6680749,0
2014-03-28,10.677,10.941,10.677,10.837,3696337,0
2014-03-31,10.91,10.957,10.768,10.874,3395452,0
2014-04-01,10.883,10.981,10.823,10.957,4035061,0
2014-04-02,10.947,11.373,10.84,11.302,6026489,0
2014-04-03,11.373,11.507,11.197,11.381,5805367,0
2014-04-04,11.408,11.541,11.265,11.265,5495508,0
2014-04-07,10.938,11.035,10.307,10.378,14426887,0
2014-04-08,10.218,10.519,10.201,10.422,8805256,0
2014-04-09,10.412,10.491,10.272,10.46,7831629,0
2014-04-10,10.45,10.483,10.013,10.111,6080281,0
2014-04-11,10.005,10.04,9.64,9.774,7360847,0
2014-04-14,9.862,9.932,9.624,9.728,4851480,0
2014-04-15,9.774,10.067,9.728,10.031,6220378,0
2014-04-16,10.085,10.243,9.81,9.995,4919674,0
2014-04-17,10.022,10.022,9.738,9.764,4835939,0
2014-04-21,9.793,9.908,9.666,9.754,3577278,0
2014-04-22,9.783,9.951,9.738,9.862,3635778,0
2014-04-23,9.871,9.987,9.793,9.862,3825507,0
2014-04-24,9.88,10.103,9.871,10.058,5867874,0
2014-04-25,10.049,10.076,9.924,9.995,4302126,0
2014-04-28,10.013,10.253,9.961,10.155,5596935,0
2014-04-29,10.111,10.307,10.093,10.21,4702277,0
2014-04-30,10.218,10.298,10.058,10.272,3650574,0
2014-05-01,10.279,10.333,10.147,10.21,3298037,0
2014-05-02,10.218,10.441,10.164,10.218,3567921,0
2014-05-05,10.193,10.234,9.987,10.013,4068958,0
2014-05-06,9.969,10.013,9.747,9.774,4885590,0
2014-05-07,9.899,9.899,9.569,9.71,5270513,0
2014-05-08,9.817,10.201,9.802,9.915,6188688,0
2014-05-09,9.924,10.279,9.908,10.218,5390585,0
2014-05-12,10.234,10.483,10.234,10.307,6342127,0
2014-05-13,10.289,10.511,10.225,10.483,4552396,0
2014-05-14,10.483,10.547,10.386,10.519,6499905,0
2014-05-15,10.431,10.475,10.147,10.218,5516027,0
2014-05-16,10.298,10.511,10.272,10.491,3879067,0
2014-05-19,10.483,10.69,10.394,10.633,4815863,0
2014-05-20,10.483,10.519,10.022,10.067,9416305,0
2014-05-21,9.63,10.085,9.3301,9.417,19452918,0
2014-05-22,9.2047,9.578,8.9909,9.569,11820398,0
2014-05-23,9.541,9.72,9.385,9.657,6012359,0
2014-05-27,9.764,9.783,9.648,9.72,5407358,0
2014-05-28,9.694,9.694,9.4616,9.606,3865425,0
2014-05-29,9.657,9.71,9.569,9.64,3773897,0
2014-05-30,9.606,9.686,9.4904,9.533,3618990,0
2014-06-02,9.657,9.666,9.3556,9.4349,4684798,0
2014-06-03,9.385,9.551,9.337,9.515,3388203,0
2014-06-04,9.4716,9.587,9.427,9.569,2786681,0
2014-06-05,9.5,9.63,9.337,9.4438,5798153,0
2014-06-06,9.4716,9.507,9.3556,9.3654,5017107,0
2014-06-09,9.3919,9.666,9.3654,9.64,4267185,0
2014-06-10,9.657,9.987,9.63,9.987,6858997,0
2014-06-11,9.915,10.04,9.871,10.005,5860622,0
2014-06-12,9.915,9.915,9.686,9.825,4471082,0
2014-06-13,9.969,10.155,9.871,10.049,5479884,0
2014-06-16,10.058,10.359,10.013,10.342,4876056,0
2014-06-17,10.342,10.537,10.298,10.46,5172122,0
2014-06-18,10.469,10.469,10.289,10.469,3186120,0
2014-06-19,10.501,10.6,10.21,10.218,3748793,0
2014-06-20,10.218,10.298,10.173,10.289,4822130,0
2014-06-23,10.279,10.412,10.234,10.325,3158815,0
2014-06-24,10.298,10.501,10.193,10.441,5109081,0
2014-06-25,10.422,10.45,10.218,10.369,4281524,0
2014-06-26,10.359,10.378,10.04,10.21,4739794,0
2014-06-27,10.218,10.333,10.119,10.263,20604172,0
2014-06-30,10.248,10.339,9.997,10.079,5911619,0
2014-07-01,10.121,10.312,10.105,10.168,4740219,0
2014-07-02,10.151,10.221,9.989,10.024,4107577,0
2014-07-03,10.088,10.221,10.079,10.151,3189854,0
2014-07-07,10.158,10.187,9.989,9.997,3353090,0
2014-07-08,10.024,10.23,9.871,10.061,4765874,0
2014-07-09,10.051,10.131,9.943,10.024,2951143,0
2014-07-10,9.854,9.933,9.773,9.801,3405221,0
2014-07-11,9.792,9.792,9.637,9.655,2528832,0
2014-07-14,9.746,9.746,9.538,9.557,2955256,0
2014-07-15,9.575,9.584,9.4125,9.4388,4274018,0
2014-07-16,9.505,9.566,9.3242,9.4309,3975972,0
2014-07-17,9.4027,9.511,9.3497,9.4388,3871625,0
2014-07-18,9.4488,9.637,9.3958,9.629,3380436,0
2014-07-21,9.584,9.655,9.3694,9.4388,3134565,0
2014-07-22,9.4567,9.538,9.2865,9.3694,4530776,0
2014-07-23,9.4125,9.4309,9.2622,9.3792,3627793,0
2014-07-24,9.3792,9.621,9.3792,9.511,6171158,0
2014-07-25,9.4666,9.566,9.3049,9.332,2637715,0
2014-07-28,9.332,9.3694,9.136,9.2337,6817788,0
2014-07-29,9.2437,9.521,9.2337,9.4388,4169273,0
2014-07-30,9.521,9.727,9.4488,9.702,4159483,0
2014-07-31,9.637,9.746,9.4488,9.575,3885797,0
2014-08-01,9.575,9.603,9.1599,9.3049,5282667,0
2014-08-04,9.3497,9.3792,9.1599,9.3596,4419642,0
2014-08-05,9.3409,9.792,9.2524,9.753,5692005,0
2014-08-06,9.727,9.997,9.684,9.89,6462518,0
2014-08-07,9.962,10.158,9.862,9.916,5747220,0
2014-08-08,9.952,10.248,9.952,10.212,4634344,0
2014-08-11,10.23,10.347,10.113,10.168,2723938,0
2014-08-12,10.105,10.168,9.952,10.041,3683164,0
2014-08-13,10.041,10.069,9.737,9.844,3655852,0
2014-08-14,9.854,9.854,9.505,9.692,6188945,0
2014-08-15,9.737,9.753,9.547,9.629,4319939,0
2014-08-18,9.709,10.105,9.684,10.007,7980459,0
2014-08-19,10.088,10.447,10.088,10.41,12189887,0
2014-08-20,11.3,11.749,10.967,11.659,35231265,0
2014-08-21,11.811,12.062,11.73,11.964,13829028,0
2014-08-22,11.964,12.155,11.838,12.089,6269743,0
2014-08-25,12.118,12.304,11.946,12.272,6531737,0
2014-08-26,12.28,12.602,12.178,12.556,9835200,0
2014-08-27,12.566,12.79,12.547,12.746,7920879,0
2014-08-28,12.439,12.647,12.287,12.602,8458919,0
2014-08-29,12.594,12.71,12.439,12.647,5884074,0
2014-09-02,12.691,12.799,12.538,12.682,5007664,0
2014-09-03,12.72,12.882,12.594,12.701,4871269,0
2014-09-04,12.701,13.015,12.682,12.934,6427754,0
2014-09-05,12.808,12.855,12.404,12.701,8063511,0
2014-09-08,12.638,12.79,12.387,12.468,7750923,0
2014-09-09,12.413,12.521,12.304,12.341,6006561,0
2014-09-10,12.313,12.459,12.145,12.313,4686388,0
2014-09-11,12.295,12.495,12.253,12.477,3823544,0
2014-09-12,12.477,12.538,12.263,12.313,3952146,0
2014-09-15,12.295,12.394,12.079,12.098,5035975,0
2014-09-16,12.371,12.925,12.253,12.71,9123878,0
2014-09-17,12.638,12.756,12.38,12.594,5408091,0
2014-09-18,12.682,13.007,12.629,12.961,5544976,0
2014-09-19,13.231,13.464,12.882,12.98,10041306,0
2014-09-22,12.934,12.99,12.647,12.691,4786858,0
2014-09-23,12.756,13.437,12.71,13.167,7017274,0
2014-09-24,13.132,13.303,12.827,13.284,7086104,0
2014-09-25,13.223,13.274,12.897,12.925,4574845,0
2014-09-26,12.943,13.213,12.943,13.177,4153110,0
2014-09-29,13.1,13.689,13.082,13.416,9014723,0
2014-09-30,13.383,13.39,13.152,13.152,5994692,0
2014-10-01,13.143,13.143,12.682,12.838,5947585,0
2014-10-02,12.8,13.128,12.664,13.044,5197019,0
2014-10-03,13.152,13.39,13.01,13.11,4623999,0
2014-10-06,13.152,13.152,12.774,12.838,3600700,0
2014-10-07,12.721,13.026,12.602,12.729,5245854,0
2014-10-08,12.747,13.236,12.691,13.209,4990910,0
2014-10-09,13.064,13.28,12.81,12.856,5397320,0
2014-10-10,12.8,12.928,12.529,12.682,4426376,0
2014-10-13,12.638,13.018,12.574,12.612,4695007,0
2014-10-14,12.747,13.162,12.701,12.983,4963435,0
2014-10-15,12.856,12.993,12.494,12.747,5942224,0
2014-10-16,12.52,13.072,12.466,12.899,5211240,0
2014-10-17,12.974,12.974,12.211,12.42,7388832,0
2014-10-20,12.393,12.565,12.022,12.277,7410165,0
2014-10-21,12.427,12.555,12.175,12.348,5190403,0
2014-10-22,12.378,12.555,12.192,12.201,3666163,0
2014-10-23,12.292,12.602,12.269,12.504,5129093,0
2014-10-24,12.014,12.04,11.415,11.705,14132765,0
2014-10-27,11.632,11.777,11.479,11.705,7338220,0
2014-10-28,11.66,11.868,11.342,11.812,8130465,0
2014-10-29,11.796,11.957,11.587,11.695,3808070,0
2014-10-30,11.622,11.695,11.489,11.65,4907814,0
2014-10-31,11.957,11.986,11.622,11.66,8030123,0
2014-11-03,11.695,11.887,11.531,11.678,4745504,0
2014-11-04,11.641,11.722,11.459,11.678,5012814,0
2014-11-05,11.731,12.022,11.541,11.976,9622088,0
2014-11-06,12.022,12.612,12.004,12.52,7194874,0
2014-11-07,11.922,12.123,11.668,11.722,12284505,0
2014-11-10,11.37,11.433,11.089,11.297,10943904,0
2014-11-11,11.297,11.342,11.125,11.333,4932932,0
2014-11-12,12.348,12.546,11.905,12.504,17685175,0
2014-11-13,12.437,12.612,12.277,12.301,5682596,0
2014-11-14,12.338,12.476,12.211,12.23,4802252,0
2014-11-17,12.211,12.338,12.066,12.084,4896663,0
2014-11-18,12.084,12.201,11.896,12.014,3861652,0
2014-11-19,12.031,12.141,11.948,12.004,3556792,0
2014-11-20,11.996,12.476,11.948,12.447,3437104,0
2014-11-21,12.647,12.664,12.368,12.393,3517641,0
2014-11-24,12.494,12.701,12.494,12.647,4130153,0
2014-11-25,12.729,12.899,12.511,12.52,3618976,0
2014-11-26,12.546,12.621,12.412,12.612,2821774,0
2014-11-28,12.729,12.891,12.612,12.774,2430893,0
2014-12-01,12.656,12.682,12.201,12.427,5593830,0
2014-12-02,12.457,12.691,12.457,12.621,4530131,0
2014-12-03,12.711,13.12,12.673,13.01,7129302,0
2014-12-04,12.908,12.937,12.358,12.511,7858678,0
2014-12-05,11.098,11.37,10.663,10.79,24994624,0
2014-12-08,10.78,11.189,10.681,11.117,9343596,0
2014-12-09,11.225,11.405,11.125,11.333,8538563,0
2014-12-10,11.45,11.914,11.415,11.75,11855506,0
2014-12-11,11.859,12.15,11.66,11.695,6263332,0
2014-12-12,11.587,12.094,11.587,11.967,7818334,0
2014-12-15,12.031,12.348,12.004,12.211,6134069,0
2014-12-16,12.15,12.24,11.849,11.859,6807043,0
2014-12-17,11.935,12.368,11.835,12.338,5075710,0
2014-12-18,12.531,12.577,12.182,12.505,3481246,0
2014-12-19,12.438,12.438,12.02,12.166,6388828,0
2014-12-22,12.182,12.428,12.166,12.358,4651612,0
2014-12-23,12.403,12.567,12.348,12.358,4354879,0
2014-12-24,12.421,12.586,12.378,12.378,1486593,0
2014-12-26,12.403,12.695,12.403,12.467,2580805,0
2014-12-29,12.438,12.695,12.428,12.658,2826909,0
2014-12-30,12.605,12.777,12.548,12.705,2153947,0
2014-12-31,12.741,13.071,12.695,12.695,3643396,0
2015-01-02,12.751,12.805,12.403,12.567,2444108,0
2015-01-05,12.522,12.76,12.421,12.715,3854376,0
2015-01-06,12.686,12.852,12.513,12.76,6255768,0
2015-01-07,13.236,13.455,13.042,13.383,8725798,0
2015-01-08,13.446,13.446,12.624,12.751,10754222,0
2015-01-09,12.924,13.032,12.631,12.667,8096867,0
2015-01-12,12.686,12.998,12.631,12.933,6950346,0
2015-01-13,13.032,13.217,12.933,13.023,7647568,0
2015-01-14,12.814,13.29,12.725,13.27,6647239,0
2015-01-15,13.263,13.28,12.522,12.615,7749620,0
2015-01-16,12.577,12.904,12.394,12.833,5199111,0
2015-01-20,12.889,12.914,12.486,12.65,6561607,0
2015-01-21,12.595,12.889,12.567,12.88,4352243,0
2015-01-22,12.99,13.318,12.87,13.208,5516125,0
2015-01-23,13.255,13.308,12.896,13.161,4396317,0
2015-01-26,13.127,13.355,13.042,13.308,2981400,0
2015-01-27,13.161,13.483,13.052,13.335,3489597,0
2015-01-28,13.399,13.455,12.99,13.042,3244004,0
2015-01-29,13.099,13.217,12.914,13.071,5017812,0
2015-01-30,12.961,13.062,12.777,12.843,3021073,0
2015-02-02,12.86,12.896,12.428,12.769,4467886,0
2015-02-03,12.843,13.255,12.777,13.236,3686595,0
2015-02-04,13.127,13.483,13.08,13.391,2869266,0
2015-02-05,13.335,13.493,13.217,13.318,4169734,0
2015-02-06,13.374,13.518,13.217,13.399,3087412,0
2015-02-09,13.308,13.503,13.171,13.263,2254597,0
2015-02-10,13.464,13.765,13.408,13.693,5114601,0
2015-02-11,13.664,13.712,13.455,13.474,2438009,0
2015-02-12,13.574,13.655,13.335,13.535,2951833,0
2015-02-13,13.545,13.602,13.28,13.427,6755955,0
2015-02-17,13.417,13.417,13.118,13.28,4955691,0
2015-02-18,13.161,13.399,13.09,13.28,2726069,0
2015-02-19,13.28,13.364,13.099,13.227,3857514,0
2015-02-20,13.263,13.584,13.245,13.503,6535226,0
2015-02-23,13.527,13.527,13.299,13.383,2886962,0
2015-02-24,13.693,13.866,13.535,13.703,5276243,0
2015-02-25,13.636,13.703,13.427,13.545,1996727,0
2015-02-26,13.511,13.545,13.364,13.383,2045331,0
2015-02-27,13.408,13.721,13.345,13.693,2592490,0
2015-03-02,13.674,13.774,13.511,13.655,3275711,0
2015-03-03,13.503,13.636,13.417,13.555,7812416,0
2015-03-04,14.799,14.964,14.305,14.598,22082779,0
2015-03-05,14.938,15.138,14.727,14.947,13573609,0
2015-03-06,14.899,15.312,14.799,15.257,6414430,0
2015-03-09,15.239,15.294,15.009,15.239,3933213,0
2015-03-10,15.101,15.44,15.075,15.404,4398735,0
2015-03-11,15.447,15.713,15.357,15.713,6899851,0
2015-03-12,15.779,15.879,15.475,15.797,6809436,0
2015-03-13,15.743,15.898,15.604,15.842,5525806,0
2015-03-16,15.861,15.917,15.752,15.779,3730628,0
2015-03-17,15.779,15.779,15.423,15.624,4450666,0
2015-03-18,15.584,15.633,15.385,15.584,3793163,0
2015-03-19,15.594,15.677,15.505,15.594,3161462,0
2015-03-20,15.643,15.651,15.431,15.614,6156414,0
2015-03-23,15.651,15.723,15.44,15.524,4096877,0
2015-03-24,15.565,15.66,15.524,15.55,6349708,0
2015-03-25,15.55,15.77,15.22,15.321,5967385,0
2015-03-26,15.321,15.565,15.202,15.475,3384601,0
2015-03-27,14.846,15.329,14.77,15.265,6819602,0
2015-03-30,15.321,15.743,15.312,15.677,4239883,0
2015-03-31,15.651,15.926,15.55,15.624,4193174,0
2015-04-01,15.584,15.693,15.413,15.475,3584673,0
2015-04-02,15.533,15.66,15.465,15.565,2484388,0
2015-04-06,15.519,16.006,15.519,15.906,3953163,0
2015-04-07,15.925,16.059,15.748,15.748,3412778,0
2015-04-08,15.803,16.068,15.795,15.939,3118601,0
2015-04-09,15.93,16.126,15.848,16.078,3721920,0
2015-04-10,16.068,16.402,15.819,16.265,7171389,0
2015-04-13,16.189,16.696,16.163,16.494,8445809,0
2015-04-14,16.494,16.503,16.146,16.154,4417004,0
2015-04-15,16.291,16.375,16.126,16.197,3341721,0
2015-04-16,16.197,16.283,16.016,16.026,3343367,0
2015-04-17,15.968,15.986,15.562,15.629,4051054,0
2015-04-20,15.748,15.748,15.479,15.589,3272295,0
2015-04-21,15.681,15.809,15.554,15.599,3699431,0
2015-04-22,15.609,15.681,15.379,15.599,3386241,0
2015-04-23,15.57,15.939,15.554,15.758,3792436,0
2015-04-24,15.829,16.006,15.729,15.803,2442472,0
2015-04-27,15.876,15.906,15.398,15.425,3612065,0
2015-04-28,15.379,15.554,15.259,15.297,3903568,0
2015-04-29,15.241,15.36,14.717,14.717,6711021,0
2015-04-30,14.649,14.862,14.558,14.659,6745968,0
2015-05-01,14.698,14.956,14.678,14.698,6848089,0
2015-05-04,14.818,15.398,14.779,15.212,5763592,0
2015-05-05,15.196,15.222,14.991,15.149,4140479,0
2015-05-06,15.212,15.408,15.029,15.36,4621160,0
2015-05-07,15.379,15.545,15.13,15.417,4279402,0
2015-05-08,15.537,15.619,15.196,15.241,4991212,0
2015-05-11,15.268,15.398,15.111,15.157,4961259,0
2015-05-12,15.056,15.092,14.808,14.947,3637471,0
2015-05-13,15.176,15.332,14.871,15.241,6797517,0
2015-05-14,15.297,15.297,14.649,14.659,7405805,0
2015-05-15,14.708,14.854,14.688,14.751,5915818,0
2015-05-18,14.837,14.909,14.615,14.743,5785900,0
2015-05-19,14.76,14.918,14.254,14.503,13398527,0
2015-05-20,15.519,15.719,14.837,15.306,19063762,0
2015-05-21,15.341,15.554,15.14,15.176,8065425,0
2015-05-22,15.259,15.324,15.121,15.176,4100865,0
2015-05-26,15.176,15.196,14.798,14.918,7664239,0
2015-05-27,14.973,15.149,14.769,14.88,6498204,0
2015-05-28,14.928,14.982,14.668,14.854,6464632,0
2015-05-29,14.918,15.121,14.818,15.084,6796541,0
2015-06-01,15.111,15.167,14.845,14.956,4453845,0
2015-06-02,14.956,15.14,14.899,14.964,4231434,0
2015-06-03,14.964,15.186,14.918,15.176,3753258,0
2015-06-04,15.176,15.647,15.111,15.579,7233249,0
2015-06-05,15.639,15.657,15.241,15.268,5280435,0
2015-06-08,15.332,15.479,15.268,15.306,3364519,0
2015-06-09,15.315,15.435,15.084,15.157,3499629,0
2015-06-10,15.186,15.647,15.149,15.57,7097595,0
2015-06-11,15.767,16.126,15.657,15.729,8017353,0
2015-06-12,15.699,15.809,15.479,15.803,4084698,0
2015-06-15,15.709,15.729,15.479,15.589,3970093,0
2015-06-16,15.609,15.915,15.562,15.848,6164485,0
2015-06-17,15.868,16.172,15.868,15.906,6255539,0
2015-06-18,15.896,16.051,15.848,16.026,3545866,0
2015-06-19,16.078,16.172,15.93,16.136,4547125,0
2015-06-22,16.283,16.291,16.016,16.154,4242492,0
2015-06-23,16.172,16.43,16.172,16.375,4113080,0
2015-06-24,16.375,16.475,16.172,16.197,3899117,0
2015-06-25,16.216,16.291,16.096,16.146,3220939,0
2015-06-26,16.236,16.375,16.035,16.078,8492149,0
2015-06-29,15.996,16.255,15.915,15.948,4729232,0
2015-06-30,16.016,16.016,15.666,15.868,6095815,0
2015-07-01,16.002,16.143,15.834,16.133,4428680,0
2015-07-02,16.151,16.263,15.853,15.891,3241192,0
2015-07-06,15.78,16.151,15.733,16.048,3060731,0
2015-07-07,16.084,16.587,15.761,16.494,7347414,0
2015-07-08,16.419,16.448,16.143,16.374,3814035,0
2015-07-09,16.485,16.595,16.195,16.456,4731318,0
2015-07-10,16.558,16.623,16.325,16.587,2498769,0
2015-07-13,16.643,16.976,16.522,16.969,5244151,0
2015-07-14,16.901,16.959,16.615,16.901,4417452,0
2015-07-15,16.92,16.986,16.78,16.799,3322125,0
2015-07-16,16.848,17.089,16.726,16.994,2750015,0
2015-07-17,16.94,16.94,16.679,16.735,1636756,0
2015-07-20,16.717,16.839,16.568,16.717,3217490,0
2015-07-21,16.698,16.809,16.54,16.744,3429626,0
2015-07-22,16.659,16.839,16.549,16.799,2470542,0
2015-07-23,16.856,16.856,16.391,16.475,3454406,0
2015-07-24,16.448,16.659,16.214,16.272,3055238,0
2015-07-27,16.169,16.568,16.113,16.503,3433613,0
2015-07-28,16.503,16.522,16.195,16.318,3481664,0
2015-07-29,16.272,16.429,16.123,16.169,5011329,0
2015-07-30,16.151,16.214,15.983,16.113,3692183,0
2015-07-31,16.133,16.578,16.057,16.475,3957975,0
2015-08-03,16.494,16.522,16.335,16.475,3258888,0
2015-08-04,16.503,16.91,16.465,16.708,3260477,0
2015-08-05,16.726,17.004,16.456,16.494,3778484,0
2015-08-06,16.494,16.558,15.92,16.094,4433570,0
2015-08-07,16.041,16.475,16.041,16.41,3914554,0
2015-08-10,16.465,16.659,16.298,16.456,2636997,0
2015-08-11,16.41,16.643,16.281,16.587,3887454,0
2015-08-12,16.438,16.503,15.954,16.364,4381275,0
2015-08-13,16.401,16.79,16.325,16.587,3719227,0
2015-08-14,16.679,16.819,16.587,16.689,3076568,0
2015-08-17,16.689,17.06,16.587,17.031,5319566,0
2015-08-18,17.089,17.161,16.772,16.959,8981584,0
2015-08-19,16.289,16.429,15.176,15.685,31754935,0
2015-08-20,15.427,15.612,15.055,15.241,11935330,0
2015-08-21,15.027,15.139,14.684,14.684,8398828,0
2015-08-24,13.923,14.795,13.151,14.526,11163262,0
2015-08-25,15.324,15.351,14.714,14.825,6821005,0
2015-08-26,15.11,15.557,14.859,15.53,8289689,0
2015-08-27,15.872,15.92,15.268,15.521,11337169,0
2015-08-28,15.409,15.632,15.351,15.547,5807083,0
2015-08-31,15.565,15.945,15.453,15.798,7065354,0
2015-09-01,15.471,15.891,15.37,15.752,5955763,0
2015-09-02,15.911,15.911,15.602,15.872,3510322,0
2015-09-03,15.945,15.945,15.685,15.723,4452277,0
2015-09-04,15.481,15.79,15.37,15.723,3818130,0
2015-09-08,15.901,15.901,15.592,15.761,3932008,0
2015-09-09,15.78,15.814,15.342,15.36,4322236,0
2015-09-10,15.25,15.501,14.998,15.065,5231852,0
2015-09-11,14.962,15.008,14.434,14.859,8113323,0
2015-09-14,14.926,15.129,14.452,14.535,7549854,0
2015-09-15,14.526,14.6,14.061,14.154,12069034,0
2015-09-16,14.109,14.62,13.866,14.583,13455839,0
2015-09-17,15.091,15.297,14.962,15.091,11326615,0
2015-09-18,14.962,15.166,14.765,14.998,6257752,0
2015-09-21,15.018,15.547,15.018,15.324,9346387,0
2015-09-22,15.148,15.278,14.954,15.11,5607120,0
2015-09-23,15.083,15.222,14.896,15.091,3432077,0
2015-09-24,14.962,15.259,14.945,15.148,4538401,0
2015-09-25,15.212,15.222,14.815,14.842,4012380,0
2015-09-28,14.775,14.805,13.987,14.117,6517457,0
2015-09-29,14.154,14.461,14.127,14.406,4795960,0
2015-09-30,14.471,14.61,14.34,14.507,4664844,0
2015-10-01,14.461,14.638,14.275,14.406,5245876,0
2015-10-02,14.23,14.583,14.127,14.583,4169895,0
2015-10-05,14.624,14.997,14.624,14.792,4631170,0
2015-10-06,14.802,14.988,14.446,14.456,3942193,0
2015-10-07,14.428,14.596,14.203,14.389,10040707,0
2015-10-08,14.503,15.148,14.465,15.017,7992977,0
2015-10-09,14.914,15.166,14.782,15.148,3875926,0
2015-10-12,15.148,15.269,14.924,15.017,3101361,0
2015-10-13,14.97,15.11,14.719,14.772,2228146,0
2015-10-14,14.753,14.943,14.568,14.624,3094092,0
2015-10-15,14.65,14.875,14.436,14.865,3141334,0
2015-10-16,14.865,15.054,14.737,14.885,2950018,0
2015-10-19,14.857,15.064,14.578,14.762,4298754,0
2015-10-20,14.782,15.082,14.66,14.952,3214604,0
2015-10-21,14.934,15.017,14.326,14.361,5105805,0
2015-10-22,14.456,14.615,14.175,14.436,4512401,0
2015-10-23,14.548,14.596,13.66,13.969,6665410,0
2015-10-26,13.94,14.11,13.717,14.062,5219632,0
2015-10-27,14.034,14.091,13.605,13.735,4912028,0
2015-10-28,13.848,14.568,13.782,14.465,5539527,0
2015-10-29,14.465,14.493,14.016,14.175,2974172,0
2015-10-30,14.146,14.418,14.006,14.297,4761436,0
2015-11-02,14.258,14.334,13.586,14.277,6869545,0
2015-11-03,15.586,15.728,15.139,15.401,14406573,0
2015-11-04,15.439,15.606,15.129,15.566,5350979,0
2015-11-05,15.654,15.654,15.176,15.542,3700428,0
2015-11-06,15.514,15.566,15.232,15.325,3621551,0
2015-11-09,15.288,15.325,14.719,14.997,5425091,0
2015-11-10,14.924,15.298,14.68,15.269,4413858,0
2015-11-11,15.241,15.334,14.633,14.71,5923336,0
2015-11-12,14.66,14.865,14.446,14.596,4826739,0
2015-11-13,14.297,14.456,13.631,13.744,8222664,0
2015-11-16,13.64,13.884,13.22,13.698,5642346,0
2015-11-17,13.576,13.914,13.286,13.566,5974746,0
2015-11-18,13.64,14.185,13.576,14.175,5261743,0
2015-11-19,14.11,14.428,13.996,14.361,7062792,0
2015-11-20,14.578,14.96,14.521,14.737,6085366,0
2015-11-23,14.66,15.064,14.66,14.988,4166642,0
2015-11-24,14.875,15.464,14.857,15.279,4718147,0
2015-11-25,15.308,15.533,15.156,15.411,3180132,0
2015-11-27,15.372,15.56,15.064,15.343,2999825,0
2015-11-30,15.11,15.156,14.436,14.568,9027155,0
2015-12-01,14.511,14.812,14.511,14.753,7852231,0
2015-12-02,14.865,14.97,14.624,14.792,5802289,0
2015-12-03,15.082,15.156,14.062,14.334,16560984,0
2015-12-04,14.361,14.832,14.326,14.782,8323344,0
2015-12-07,14.802,15.082,14.456,15.045,5087529,0
2015-12-08,15.026,15.166,14.822,15.036,3578490,0
2015-12-09,15.139,15.524,14.988,15.334,9011443,0
2015-12-10,15.334,15.524,14.857,14.924,7281257,0
2015-12-11,14.719,14.832,14.538,14.615,3860430,0
2015-12-14,14.67,14.832,14.456,14.64,5076215,0
2015-12-15,14.875,14.885,14.558,14.68,3688564,0
2015-12-16,14.845,14.931,14.459,14.675,4776302,0
2015-12-17,14.759,14.768,14.308,14.363,2806279,0
2015-12-18,14.279,14.655,14.24,14.318,4789662,0
2015-12-21,14.402,14.459,14.053,14.249,4788072,0
2015-12-22,14.299,14.715,14.289,14.665,3032180,0
2015-12-23,14.732,14.798,14.308,14.723,3916298,0
2015-12-24,14.685,14.715,14.412,14.592,1426399,0
2015-12-28,14.525,14.75,14.421,14.599,3122281,0
2015-12-29,14.715,14.94,14.675,14.837,3279292,0
2015-12-30,14.882,14.901,14.609,14.741,2092389,0
2015-12-31,14.655,14.813,14.525,14.619,3048134,0
2016-01-04,14.431,14.936,14.269,14.854,6578537,0
2016-01-05,14.911,15.335,14.837,15.175,7029535,0
2016-01-06,14.931,15.476,14.75,14.882,6019709,0
2016-01-07,14.638,15.288,14.486,14.976,7893369,0
2016-01-08,13.176,13.384,12.403,12.487,27836737,0
2016-01-11,12.449,12.808,12.394,12.724,15163745,0
2016-01-12,13.166,13.572,12.906,13.26,12899752,0
2016-01-13,13.393,13.656,13.141,13.203,8683907,0
2016-01-14,13.185,14.034,13.053,13.741,10180483,0
2016-01-15,13.365,13.656,13.016,13.498,9477594,0
2016-01-19,13.695,13.892,13.384,13.665,6227951,0
2016-01-20,13.402,14.077,13.317,13.922,9453209,0
2016-01-21,13.922,14.194,13.675,13.798,10212445,0
2016-01-22,13.978,14.186,13.854,14.118,9006022,0
2016-01-25,13.854,13.93,13.213,13.242,6637744,0
2016-01-26,13.269,13.93,13.269,13.675,5789744,0
2016-01-27,13.685,13.741,13.388,13.515,4384191,0
2016-01-28,13.646,13.779,13.38,13.542,6948909,0
2016-01-29,13.636,13.882,13.532,13.808,5312590,0
2016-02-01,13.675,13.798,13.515,13.695,4721995,0
2016-02-02,13.656,13.827,13.542,13.628,3918980,0
2016-02-03,13.798,13.798,13.252,13.393,5309523,0
2016-02-04,13.091,13.317,13.024,13.203,6703061,0
2016-02-05,13.063,13.12,12.242,12.375,9615567,0
2016-02-08,12.213,12.766,12.054,12.714,8731045,0
2016-02-09,12.534,12.889,12.412,12.582,4494326,0
2016-02-10,12.741,12.78,12.429,12.459,3641000,0
2016-02-11,12.262,12.666,12.262,12.543,5199473,0
2016-02-12,12.543,12.944,12.478,12.874,3813616,0
2016-02-16,12.988,13.375,12.719,13.269,3667069,0
2016-02-17,13.335,13.542,13.237,13.439,4133753,0
2016-02-18,13.393,13.62,13.298,13.524,3940838,0
2016-02-19,13.449,13.449,13.063,13.355,3218760,0
2016-02-22,13.459,13.864,13.43,13.741,3326288,0
2016-02-23,13.827,14.132,13.723,13.854,4077962,0
2016-02-24,13.749,13.926,13.552,13.872,3938717,0
2016-02-25,13.818,14.091,13.723,14.072,5932428,0
2016-02-26,14.11,14.421,14.025,14.289,5709877,0
2016-02-29,14.345,14.638,14.136,14.392,8308132,0
2016-03-01,14.372,14.525,14.176,14.515,7981639,0
2016-03-02,14.599,14.665,14.156,14.562,7650828,0
2016-03-03,14.354,14.354,13.562,14.146,11941793,0
2016-03-04,14.232,14.872,14.224,14.505,8392468,0
2016-03-07,14.459,14.921,14.382,14.845,7834735,0
2016-03-08,14.931,15.335,14.75,15.005,6472598,0
2016-03-09,15.175,15.283,15.005,15.175,4627847,0
2016-03-10,15.185,15.496,15.138,15.402,6357849,0
2016-03-11,15.552,15.67,15.412,15.647,4634388,0
2016-03-14,15.712,15.712,15.354,15.619,5416108,0
2016-03-15,15.609,15.657,15.089,15.308,5369495,0
2016-03-16,15.335,15.393,15.109,15.325,3837592,0
2016-03-17,15.325,15.674,15.241,15.647,3066014,0
2016-03-18,15.692,16.035,15.589,15.938,7591416,0
2016-03-21,15.938,16.157,15.506,15.619,5386187,0
2016-03-22,15.561,15.985,15.516,15.561,3490344,0
2016-03-23,15.516,15.589,15.269,15.43,2737582,0
2016-03-24,15.402,15.647,15.207,15.393,2582403,0
2016-03-28,15.476,15.535,15.325,15.383,3108518,0
2016-03-29,15.535,15.712,15.476,15.647,3252446,0
2016-03-30,15.789,15.892,15.516,15.599,3306805,0
2016-03-31,15.657,15.897,15.516,15.722,6434989,0
2016-04-01,15.674,15.806,15.486,15.666,3853702,0
2016-04-04,15.674,15.798,15.412,15.457,5215148,0
2016-04-05,15.393,15.547,15.119,15.138,5126022,0
2016-04-06,15.16,15.37,14.952,15.294,4251220,0
2016-04-07,15.056,15.175,14.562,14.582,8032208,0
2016-04-08,14.486,14.572,14.115,14.42,7883443,0
2016-04-11,14.467,14.496,14.292,14.297,5580708,0
2016-04-12,14.287,14.656,14.077,14.401,4601636,0
2016-04-13,14.562,14.98,14.562,14.934,5393981,0
2016-04-14,14.934,15.265,14.83,15.18,8478314,0
2016-04-15,15.152,15.228,15.019,15.094,4396343,0
2016-04-18,15.009,15.351,14.99,15.228,3783939,0
2016-04-19,15.332,15.427,15.114,15.133,2978272,0
2016-04-20,15.142,15.257,15.076,15.16,2340378,0
2016-04-21,15.208,15.208,14.885,14.99,3507091,0
2016-04-22,14.961,15.142,14.961,15.114,2280483,0
2016-04-25,15.047,15.104,14.486,14.572,7745458,0
2016-04-26,14.505,14.666,14.257,14.467,5849324,0
2016-04-27,14.201,14.201,13.726,14.039,8248299,0
2016-04-28,13.954,14.102,13.85,13.877,3538433,0
2016-04-29,13.812,13.812,13.534,13.603,10292982,0
2016-05-02,13.534,13.991,13.421,13.897,9786927,0
2016-05-03,13.744,13.821,13.564,13.783,5184748,0
2016-05-04,13.668,13.964,13.574,13.897,5561178,0
2016-05-05,13.717,13.735,13.375,13.639,6478708,0
2016-05-06,13.574,13.831,13.403,13.793,6443901,0
2016-05-09,13.793,14.097,13.744,13.934,4857065,0
2016-05-10,13.744,13.793,13.516,13.668,4565055,0
2016-05-11,13.46,13.46,13.127,13.184,8073076,0
2016-05-12,13.212,13.335,13.136,13.241,3988739,0
2016-05-13,13.108,13.445,12.89,13.175,5025677,0
2016-05-16,13.194,13.481,13.155,13.45,6895921,0
2016-05-17,13.469,13.564,13.127,13.175,9088749,0
2016-05-18,13.003,13.041,12.661,12.727,8979912,0
2016-05-19,14.78,15.17,14.572,15.056,21553221,0
2016-05-20,15.038,15.238,14.761,15.208,8636538,0
2016-05-23,15.228,15.257,14.934,14.943,6343992,0
2016-05-24,15.038,15.104,14.696,14.79,6226296,0
2016-05-25,14.743,14.743,14.343,14.6,6895865,0
2016-05-26,14.656,14.82,14.582,14.656,5078822,0
2016-05-27,14.61,14.885,14.542,14.875,3705238,0
2016-05-31,14.894,15.009,14.8,14.865,3772400,0
2016-06-01,14.865,15.056,14.756,14.865,3172306,0
2016-06-02,14.894,15.142,14.839,15.104,3172439,0
2016-06-03,15.114,15.284,14.98,15.228,4068349,0
2016-06-06,15.284,15.304,14.77,14.961,6032270,0
2016-06-07,15.066,15.427,15.028,15.218,5801696,0
2016-06-08,15.247,15.356,15.138,15.332,3766938,0
2016-06-09,15.304,15.304,15.085,15.17,2880832,0
2016-06-10,14.638,14.839,14.524,14.743,5416385,0
2016-06-13,14.725,14.751,14.496,14.525,4095393,0
2016-06-14,14.525,14.534,14.183,14.267,5570734,0
2016-06-15,14.343,14.739,14.33,14.362,4691074,0
2016-06-16,14.391,14.401,14.112,14.201,3326110,0
2016-06-17,14.238,14.537,14.163,14.326,4564545,0
2016-06-20,14.438,14.525,14.211,14.23,2629074,0
2016-06-21,14.247,14.321,14.143,14.153,3642261,0
2016-06-22,14.238,14.326,14.125,14.173,2782633,0
2016-06-23,14.326,14.61,14.238,14.6,6273271,0
2016-06-24,14.134,14.646,14.134,14.582,8068715,0
2016-06-27,14.476,14.656,14.23,14.646,9177621,0
2016-06-28,14.734,15.199,14.686,14.857,6833218,0
2016-06-29,15.028,15.175,14.865,14.904,7454664,0
2016-06-30,14.943,15.152,14.857,15.142,3842795,0
2016-07-01,15.204,15.637,15.109,15.453,4437329,0
2016-07-05,15.367,15.492,15.224,15.281,4449963,0
2016-07-06,15.234,15.281,15.013,15.281,4022401,0
2016-07-07,15.224,15.29,14.974,15.119,5085193,0
2016-07-08,15.319,15.482,15.31,15.462,4630759,0
2016-07-11,15.482,15.971,15.434,15.951,5587043,0
2016-07-12,15.989,16.134,15.894,16.019,3678228,0
2016-07-13,16.039,16.268,16.039,16.124,3030848,0
2016-07-14,16.2,16.283,16.058,16.058,1976733,0
2016-07-15,16.173,16.427,16.139,16.287,4893199,0
2016-07-18,16.317,16.575,16.297,16.432,2135667,0
2016-07-19,16.441,16.507,16.2,16.248,2662971,0
2016-07-20,16.344,16.537,16.244,16.507,3201321,0
2016-07-21,16.478,16.622,16.432,16.45,2637260,0
2016-07-22,16.422,16.458,16.248,16.45,1702316,0
2016-07-25,16.537,16.824,16.507,16.69,3841153,0
2016-07-26,16.766,17.073,16.665,17.034,4339220,0
2016-07-27,17.093,17.235,16.963,17.024,4675611,0
2016-07-28,17.044,17.149,16.56,16.852,3716982,0
2016-07-29,16.844,17.217,16.844,17.168,3374228,0
2016-08-01,17.178,17.245,17.034,17.178,2884104,0
2016-08-02,17.465,17.514,16.988,17.188,7631861,0
2016-08-03,16.881,17.322,16.442,17.263,4260756,0
2016-08-04,17.263,17.504,17.245,17.475,2950686,0
2016-08-05,17.57,17.791,17.504,17.628,4181903,0
2016-08-08,17.638,17.815,17.499,17.628,4503666,0
2016-08-09,17.494,17.504,16.9,17.12,6089145,0
2016-08-10,17.053,17.455,17.053,17.226,4362218,0
2016-08-11,18.012,18.319,17.781,18.012,5204482,0
2016-08-12,17.878,18.164,17.791,18.136,4964982,0
2016-08-15,18.73,18.73,18.213,18.558,7512556,0
2016-08-16,18.414,18.414,18.003,18.164,10621726,0
2016-08-17,17.235,17.724,16.814,17.56,17884654,0
2016-08-18,17.648,17.993,17.648,17.934,9674669,0
2016-08-19,17.916,18.319,17.916,18.232,8116561,0
2016-08-22,18.241,18.241,17.661,17.754,6129373,0
2016-08-23,17.916,18.04,17.781,17.8,6497838,0
2016-08-24,17.724,18.203,17.62,18.05,7517458,0
2016-08-25,18.012,18.184,17.772,17.791,5626088,0
2016-08-26,17.8,18.007,17.675,17.878,3790357,0
2016-08-29,17.878,18.068,17.772,17.954,3497734,0
2016-08-30,17.62,17.849,17.494,17.791,3653621,0
2016-08-31,17.839,17.963,17.657,17.762,3249030,0
2016-09-01,17.715,17.724,17.263,17.417,4621047,0
2016-09-02,17.437,17.657,17.298,17.628,3557528,0
2016-09-06,17.628,17.695,17.417,17.628,4137574,0
2016-09-07,17.638,17.685,17.427,17.685,2987011,0
2016-09-08,17.56,17.685,17.437,17.58,4097016,0
2016-09-09,17.523,17.734,17.364,17.446,4430081,0
2016-09-12,17.36,17.873,17.36,17.829,4523910,0
2016-09-13,17.657,17.934,17.527,17.62,3070579,0
2016-09-14,17.744,17.839,17.552,17.666,2779746,0
2016-09-15,17.675,18.132,17.638,17.993,4560949,0
2016-09-16,17.983,18.223,17.839,17.849,4890209,0
2016-09-19,17.944,18.113,17.868,17.925,1939165,0
2016-09-20,17.963,17.973,17.465,17.475,2382152,0
2016-09-21,17.485,17.638,17.341,17.628,3206910,0
2016-09-22,17.724,17.8,17.514,17.542,3951961,0
2016-09-23,17.56,17.754,17.494,17.542,3127957,0
2016-09-26,17.446,17.542,17.103,17.11,2353604,0
2016-09-27,17.198,17.351,17.149,17.351,2903133,0
2016-09-28,17.369,17.427,16.89,17.063,3091758,0
2016-09-29,17.073,17.341,16.968,16.977,2832042,0
2016-09-30,17.12,17.283,16.871,17.11,5632349,0
2016-10-03,17.149,17.226,16.422,16.432,6100820,0
2016-10-04,16.468,16.507,16.192,16.258,7113505,0
2016-10-05,16.34,16.65,16.335,16.544,6740714,0
2016-10-06,16.456,16.736,16.321,16.697,4713528,0
2016-10-07,17.257,17.257,16.818,16.861,5402828,0
2016-10-10,17.392,17.421,17.218,17.296,5906115,0
2016-10-11,17.151,17.175,16.988,17.141,3605089,0
2016-10-12,17.19,17.421,17.112,17.21,3087871,0
2016-10-13,17.122,17.141,16.65,16.697,3743801,0
2016-10-14,16.736,16.794,16.485,16.592,3176977,0
2016-10-17,16.447,16.678,16.418,16.428,4029444,0
2016-10-18,16.6,16.697,16.379,16.544,6978220,0
2016-10-19,16.63,16.909,16.514,16.871,4822613,0
2016-10-20,16.871,16.904,16.678,16.89,3847674,0
2016-10-21,16.717,17.094,16.717,17.045,2719091,0
2016-10-24,17.228,17.228,16.195,16.214,8219731,0
2016-10-25,15.935,16.292,15.896,16.283,6053352,0
2016-10-26,16.244,16.572,16.07,16.475,6339170,0
2016-10-27,16.456,16.548,16.224,16.34,4609070,0
2016-10-28,16.205,16.499,16.138,16.302,4831553,0
2016-10-31,16.283,16.47,16.195,16.447,3749879,0
2016-11-01,16.34,16.384,16.042,16.167,4163811,0
2016-11-02,16.06,16.253,15.935,16.089,5031681,0
2016-11-03,16.205,16.359,15.799,15.809,8716338,0
2016-11-04,15.868,16.046,15.655,15.693,6388387,0
2016-11-07,15.713,15.974,15.627,15.829,6823630,0
2016-11-08,15.819,15.992,15.53,15.916,3504316,0
2016-11-09,15.607,16.398,15.259,16.34,5071835,0
2016-11-10,16.534,17.2,16.534,17.104,6719092,0
2016-11-11,17.054,17.701,16.9,17.654,6338695,0
2016-11-14,17.654,18.145,17.624,17.721,6835661,0
2016-11-15,17.383,17.615,16.949,17.509,6127922,0
2016-11-16,17.518,17.846,17.266,17.354,3227194,0
2016-11-17,17.334,17.745,17.19,17.701,3395002,0
2016-11-18,17.334,17.575,16.929,17.45,6786543,0
2016-11-21,17.421,17.654,17.286,17.412,5404407,0
2016-11-22,17.662,18.3,17.644,18.164,6312282,0
2016-11-23,17.932,18.339,17.671,17.826,6614852,0
2016-11-25,17.932,18.03,17.662,17.701,1625599,0
2016-11-28,17.75,17.961,17.639,17.759,5390015,0
2016-11-29,17.817,18.27,17.649,18.251,12472859,0
2016-11-30,16.283,16.388,15.491,15.983,26626844,0
2016-12-01,15.848,16.312,15.848,16.157,11167610,0
2016-12-02,15.935,16.287,15.539,15.607,10234029,0
2016-12-05,15.683,16.379,15.627,16.33,7552651,0
2016-12-06,16.447,16.6,16.224,16.456,6053531,0
2016-12-07,16.524,17.228,16.524,17.104,6217764,0
2016-12-08,17.131,17.74,17.131,17.499,8720439,0
2016-12-09,17.518,17.846,17.325,17.344,7321353,0
2016-12-12,17.218,17.305,16.803,16.89,2957658,0
2016-12-13,16.89,17.015,16.6,16.658,6476328,0
2016-12-14,16.751,16.936,16.304,16.323,4948406,0
2016-12-15,16.343,16.523,16.104,16.129,5094237,0
2016-12-16,16.178,16.391,15.875,15.895,5454950,0
2016-12-19,15.905,16.129,15.769,15.788,4744773,0
2016-12-20,15.885,16.061,15.818,15.847,3181781,0
2016-12-21,15.925,15.974,15.497,15.662,4953308,0
2016-12-22,15.594,15.634,14.645,14.67,7139282,0
2016-12-23,14.633,14.846,14.538,14.613,3623876,0
2016-12-27,14.67,14.767,14.583,14.68,3108223,0
2016-12-28,14.73,14.914,14.603,14.855,4470206,0
2016-12-29,14.884,15.011,14.64,14.846,3541272,0
2016-12-30,14.846,15.011,14.71,14.748,3373195,0
2017-01-03,14.952,15.263,14.812,15.031,4423112,0
2017-01-04,15.138,15.36,15.088,15.205,5462658,0
2017-01-05,14.67,15.312,14.496,14.777,8263004,0
2017-01-06,14.837,14.837,14.038,14.048,10187791,0
2017-01-09,14.02,14.68,14.01,14.553,7176723,0
2017-01-10,14.593,15.016,14.563,14.817,7488357,0
2017-01-11,14.981,15.021,14.516,14.69,3910808,0
2017-01-12,14.748,14.846,14.583,14.72,4465487,0
2017-01-13,14.787,14.972,14.71,14.787,2193295,0
2017-01-17,14.943,15.36,14.767,14.864,3880981,0
2017-01-18,14.837,14.884,14.593,14.874,3315620,0
2017-01-19,14.855,14.952,14.379,14.466,3850835,0
2017-01-20,14.466,14.68,14.418,14.543,2544935,0
2017-01-23,14.436,14.553,14.242,14.331,4045709,0
2017-01-24,14.389,14.633,14.297,14.563,3640743,0
2017-01-25,14.797,14.996,14.739,14.934,5692288,0
2017-01-26,14.962,15.021,14.69,14.71,5009908,0
2017-01-27,14.777,14.837,14.233,14.262,3412269,0
2017-01-30,14.233,14.379,13.97,14.349,3898384,0
2017-01-31,14.127,14.739,14.048,14.69,3173538,0
2017-02-01,14.748,14.807,14.521,14.603,3094348,0
2017-02-02,14.543,14.981,14.436,14.623,3950502,0
2017-02-03,14.633,14.864,14.476,14.573,3947330,0
2017-02-06,14.506,14.846,14.4,14.767,3045704,0
2017-02-07,14.884,14.914,14.349,14.399,3407283,0
2017-02-08,14.389,14.73,14.175,14.633,3707435,0
2017-02-09,14.7,15.263,14.7,15.05,3776925,0
2017-02-10,15.079,15.312,14.991,15.263,2566758,0
2017-02-13,15.37,15.39,14.837,14.884,3269299,0
2017-02-14,14.874,15.235,14.874,15.05,3484204,0
2017-02-15,14.874,15.147,14.832,15.05,3224173,0
2017-02-16,15.088,15.147,14.563,14.65,3618331,0
2017-02-17,14.623,14.972,14.535,14.864,2300918,0
2017-02-21,14.972,15.36,14.943,15.138,2881203,0
2017-02-22,15.186,15.186,14.884,15.011,2488364,0
2017-02-23,14.864,14.864,14.321,14.349,3898969,0
2017-02-24,14.369,15.079,14.301,14.827,5724138,0
2017-02-27,14.837,15.42,14.739,15.36,5246264,0
2017-02-28,15.283,15.41,14.904,15.41,8548215,0
2017-03-01,13.941,14.543,13.941,13.941,21032246,0
2017-03-02,13.873,14.739,13.863,14.64,11158570,0
2017-03-03,14.66,14.748,14.262,14.535,8717408,0
2017-03-06,14.516,14.583,14.077,14.135,4817414,0
2017-03-07,14.097,14.214,13.98,14.048,6227531,0
2017-03-08,14.038,14.257,13.941,14.185,3412507,0
2017-03-09,14.127,14.145,13.913,14.077,4161154,0
2017-03-10,14.048,14.297,14.048,14.155,3169019,0
2017-03-13,14.127,14.155,13.961,14.077,4915404,0
2017-03-14,14.01,14.194,13.956,14.127,3639946,0
2017-03-15,14.117,14.175,13.961,14.155,3049163,0
2017-03-16,14.165,14.233,14.029,14.097,2120726,0
2017-03-17,14.097,14.107,13.689,13.893,7581967,0
2017-03-20,13.922,13.941,13.51,13.612,3654389,0
2017-03-21,13.621,13.63,13.076,13.261,4963780,0
2017-03-22,13.222,13.505,13.086,13.485,4907898,0
2017-03-23,13.532,13.699,13.435,13.465,3001303,0
2017-03-24,13.514,13.552,13.378,13.465,1630985,0
2017-03-27,13.319,13.766,13.291,13.602,3315197,0
2017-03-28,13.514,13.63,13.363,13.602,2742185,0
2017-03-29,13.612,14.077,13.612,13.932,4825013,0
2017-03-30,13.825,14.029,13.796,13.932,2584728,0
2017-03-31,13.913,14.029,13.63,13.639,3788460,0
2017-04-03,13.659,13.704,13.358,13.426,4327556,0
2017-04-04,13.309,13.329,12.765,12.843,6761733,0
2017-04-05,12.946,12.995,12.794,12.838,7117828,0
2017-04-06,12.936,13.398,12.936,13.054,4507304,0
2017-04-07,13.064,13.348,12.975,13.329,4921779,0
2017-04-10,13.358,13.662,13.29,13.319,3614471,0
2017-04-11,13.516,13.554,13.294,13.486,4632470,0
2017-04-12,13.496,13.574,13.348,13.378,3065247,0
2017-04-13,13.368,13.446,13.054,13.054,3423225,0
2017-04-17,13.093,13.181,13.034,13.172,2393863,0
2017-04-18,12.995,13.093,12.847,12.927,4401282,0
2017-04-19,12.995,13.23,12.907,12.917,5348119,0
2017-04-20,13.064,13.642,13.005,13.544,5673989,0
2017-04-21,13.574,13.81,13.427,13.79,5944522,0
2017-04-24,13.976,14.075,13.775,13.957,5870719,0
2017-04-25,13.996,14.084,13.632,13.702,4531594,0
2017-04-26,13.702,14.075,13.672,13.937,3428018,0
2017-04-27,13.868,13.986,13.574,13.652,4000694,0
2017-04-28,13.662,13.888,13.564,13.83,4267662,0
2017-05-01,13.878,13.908,13.574,13.702,4489543,0
2017-05-02,13.632,13.888,13.506,13.888,3292376,0
2017-05-03,13.868,13.898,13.652,13.8,3420870,0
2017-05-04,13.8,13.805,13.481,13.604,2898345,0
2017-05-05,13.632,13.947,13.624,13.937,4450815,0
2017-05-08,13.937,14.075,13.911,13.957,3167901,0
2017-05-09,13.78,13.986,13.682,13.682,4825018,0
2017-05-10,13.692,14.301,13.692,14.143,8597271,0
2017-05-11,13.976,13.976,13.329,13.446,4529304,0
2017-05-12,13.358,13.398,13.113,13.28,4890981,0
2017-05-15,13.299,13.358,12.779,12.927,5265832,0
2017-05-16,12.857,12.897,12.691,12.721,6729214,0
2017-05-17,11.7,12.072,10.709,10.845,28955790,0
2017-05-18,10.757,10.963,10.512,10.679,13765387,0
2017-05-19,10.717,10.747,10.365,10.649,11537829,0
2017-05-22,10.639,10.953,10.531,10.934,13060567,0
2017-05-23,10.924,10.993,10.825,10.865,7851541,0
2017-05-24,10.816,11.321,10.737,11.111,10800954,0
2017-05-25,11.287,11.415,11.111,11.209,8681025,0
2017-05-26,11.189,11.326,11.017,11.287,8786122,0
2017-05-30,11.268,11.405,11.209,11.356,5126314,0
2017-05-31,11.366,11.366,11.101,11.287,6189055,0
2017-06-01,11.297,11.547,11.155,11.405,4335062,0
2017-06-02,11.376,11.434,10.885,11.022,5928220,0
2017-06-05,11.022,11.15,10.943,11.032,2118019,0
2017-06-06,10.963,11.056,10.767,10.875,3743545,0
2017-06-07,10.924,10.963,10.825,10.905,3336627,0
2017-06-08,11.101,11.189,10.905,11.061,3660786,0
2017-06-09,11.051,11.41,10.943,11.366,3016410,0
2017-06-12,11.356,11.743,11.346,11.424,3419422,0
2017-06-13,11.454,11.542,11.248,11.376,2845662,0
2017-06-14,11.415,11.434,11.189,11.405,2368270,0
2017-06-15,11.326,11.474,11.091,11.268,2539814,0
2017-06-16,11.013,11.366,10.993,11.366,5389993,0
2017-06-19,11.424,11.444,11.012,11.376,3796924,0
2017-06-20,11.307,11.326,10.86,10.895,4632683,0
2017-06-21,10.895,11.042,10.797,10.885,2373521,0
2017-06-22,10.943,11.12,10.87,11.003,1836188,0
2017-06-23,11.042,11.356,10.993,11.317,5367168,0
2017-06-26,11.405,11.552,11.297,11.395,1652894,0
2017-06-27,11.395,11.62,11.385,11.494,1990055,0
2017-06-28,11.572,11.881,11.484,11.552,3136436,0
2017-06-29,11.63,11.886,11.552,11.738,3114412,0
2017-06-30,11.808,11.954,11.63,11.827,3033614,0
2017-07-03,11.827,12.166,11.788,12.072,2228351,0
2017-07-05,11.934,12.028,11.75,11.934,3670022,0
2017-07-06,11.834,11.834,11.478,11.597,3356200,0
2017-07-07,11.587,11.755,11.334,11.587,2289271,0
2017-07-10,11.339,11.408,11.002,11.151,4211278,0
2017-07-11,11.111,11.205,10.972,11.061,2347329,0
2017-07-12,11.111,11.299,11.091,11.141,2318218,0
2017-07-13,11.24,11.721,11.22,11.656,4066133,0
2017-07-14,11.795,11.844,11.552,11.636,1909783,0
2017-07-17,11.636,11.993,11.626,11.864,2455982,0
2017-07-18,11.805,11.894,11.607,11.735,2517406,0
2017-07-19,11.795,12.087,11.73,12.003,2554556,0
2017-07-20,12.043,12.043,11.864,11.963,1759111,0
2017-07-21,12.023,12.033,11.641,11.735,2269253,0
2017-07-24,11.656,11.716,11.359,11.408,2096020,0
2017-07-25,11.428,11.988,11.423,11.825,4229274,0
2017-07-26,11.834,11.844,11.379,11.418,5347444,0
2017-07-27,11.497,11.904,11.379,11.884,4129824,0
2017-07-28,11.844,11.864,11.607,11.745,1621374,0
2017-07-31,11.795,11.795,11.443,11.735,3094277,0
2017-08-01,11.725,11.755,11.497,11.745,2054735,0
2017-08-02,11.686,11.825,11.398,11.497,2168065,0
2017-08-03,11.428,11.775,11.398,11.547,2047386,0
2017-08-04,11.636,11.765,11.502,11.686,2741871,0
2017-08-07,11.696,11.973,11.547,11.884,3489534,0
2017-08-08,11.993,12.36,11.953,12.023,3047234,0
2017-08-09,11.854,11.973,11.582,11.934,5012619,0
2017-08-10,11.785,11.825,11.096,11.111,4292668,0
2017-08-11,10.933,11.21,10.863,11.121,3156254,0
2017-08-14,11.25,11.26,10.853,10.863,3498643,0
2017-08-15,10.992,11.051,10.496,10.824,4005267,0
2017-08-16,11.18,11.597,11.017,11.349,6229496,0
2017-08-17,11.2,11.398,11.081,11.161,2615331,0
2017-08-18,11.081,11.329,10.923,11.012,5549912,0
2017-08-21,10.972,11.012,10.14,10.526,10231535,0
2017-08-22,10.586,11.27,10.526,11.111,14272532,0
2017-08-23,12.489,12.588,11.448,11.973,18558119,0
2017-08-24,12.142,12.677,12.023,12.092,10993378,0
2017-08-25,12.221,12.637,12.167,12.618,7085836,0
2017-08-28,12.588,12.588,12.191,12.399,5312462,0
2017-08-29,12.171,12.409,12.062,12.34,3928011,0
2017-08-30,12.281,12.31,12.023,12.062,4445911,0
2017-08-31,12.132,12.211,11.834,11.844,5617894,0
2017-09-01,11.924,12.261,11.924,12.181,4115896,0
2017-09-05,12.281,12.469,12.142,12.281,4849497,0
2017-09-06,12.36,12.647,12.34,12.627,6414516,0
2017-09-07,12.687,12.717,12.33,12.37,3725712,0
2017-09-08,12.37,12.479,12.023,12.122,4413148,0
2017-09-11,12.132,12.365,12.092,12.162,3120706,0
2017-09-12,12.261,12.935,12.256,12.826,4881925,0
2017-09-13,12.845,13.381,12.787,13.262,5834017,0
2017-09-14,13.212,13.242,13.014,13.222,3836489,0
2017-09-15,13.163,13.391,13.073,13.212,5611089,0
2017-09-18,13.252,13.44,13.242,13.331,2839387,0
2017-09-19,13.361,13.529,13.331,13.51,3395157,0
2017-09-20,13.48,13.787,13.262,13.698,4312034,0
2017-09-21,13.747,13.767,13.51,13.549,3169218,0
2017-09-22,13.45,13.817,13.282,13.728,3181025,0
2017-09-25,13.738,14.243,13.678,13.936,4243905,0
2017-09-26,13.985,14.184,13.936,14.134,2849608,0
2017-09-27,14.203,14.352,13.916,14.332,3409784,0
2017-09-28,14.263,14.362,14.005,14.084,4239130,0
2017-09-29,14.144,14.302,13.995,14.174,2506668,0
2017-10-02,14.184,14.203,13.797,14.174,2715990,0
2017-10-03,14.184,14.213,13.653,13.797,3633166,0
2017-10-04,13.856,13.906,13.401,13.46,4121350,0
2017-10-05,13.5,14.069,13.44,13.85,4095309,0
2017-10-06,13.72,13.83,13.63,13.65,3101424,0
2017-10-09,13.65,13.7175,13.19,13.39,5397479,0
2017-10-10,13.5,13.64,13.37,13.61,3643878,0
2017-10-11,13.57,13.679,12.98,13.14,6152064,0
2017-10-12,13.05,13.14,12.72,13.03,4841002,0
2017-10-13,13.08,13.22,12.98,12.99,2786203,0
2017-10-16,12.87,13.1,12.685,12.93,3134344,0
2017-10-17,12.9,13.0,12.69,12.81,2755754,0
2017-10-18,12.83,13.1,12.83,12.97,1931540,0
2017-10-19,12.89,13.09,12.84,12.97,1526441,0
2017-10-20,13.147,13.585,13.08,13.5,3942748,0
2017-10-23,13.49,13.85,13.41,13.8,4754806,0
2017-10-24,13.87,13.96,13.62,13.93,4308158,0
2017-10-25,13.94,13.96,13.66,13.86,2715518,0
2017-10-26,13.89,14.105,13.83,14.01,2022574,0
2017-10-27,13.82,13.88,13.56,13.76,2621775,0
2017-10-30,13.7,13.74,13.03,13.11,4697356,0
2017-10-31,13.06,13.38,12.93,13.02,3657620,0
2017-11-01,13.03,13.12,12.751,12.94,3581954,0
2017-11-02,13.1,13.37,13.03,13.29,2677160,0
2017-11-03,13.27,13.305,12.9699,12.99,1458376,0
2017-11-06,13.0,13.205,12.91,13.02,2169844,0
2017-11-07,13.06,13.098,12.715,12.77,2106575,0
2017-11-08,12.71,12.865,12.51,12.79,2189121,0
2017-11-09,12.8,13.54,12.8,13.39,3865579,0
2017-11-10,13.67,14.15,13.62,13.98,4832782,0
