Date,Open,High,Low,Close,Volume,OpenInt
2014-01-02,140.0,145.0,139.0,144.0,15605,0
2014-01-03,149.0,150.0,141.0,146.0,19040,0
2014-01-06,149.0,162.0,147.0,149.0,42118,0
2014-01-07,151.0,155.0,145.0,147.0,15885,0
2014-01-08,149.0,150.0,142.0,146.0,19603,0
2014-01-09,116.0,119.0,112.0,119.0,172681,0
2014-01-10,122.0,130.0,119.0,125.0,56001,0
2014-01-13,129.0,130.0,123.0,124.0,37668,0
2014-01-14,126.0,129.0,121.0,127.0,25573,0
2014-01-15,126.0,129.0,125.0,129.0,19403,0
2014-01-16,130.0,131.0,127.0,128.0,15564,0
2014-01-17,128.0,137.0,125.0,132.0,32866,0
2014-01-21,135.0,137.0,133.0,137.0,18721,0
2014-01-22,138.0,139.0,135.0,138.0,15427,0
2014-01-23,139.0,139.0,134.0,136.0,16594,0
2014-01-24,136.0,137.0,127.0,129.0,33635,0
2014-01-27,130.0,130.0,121.0,122.0,26967,0
2014-01-28,123.0,128.0,123.0,127.0,10471,0
2014-01-29,125.0,128.0,125.0,127.0,6106,0
2014-01-30,129.0,131.0,128.0,131.0,11893,0
2014-01-31,131.0,131.0,126.0,127.0,8305,0
2014-02-03,127.0,128.0,123.0,123.0,12363,0
2014-02-04,128.0,128.0,124.0,125.0,7277,0
2014-02-05,126.0,128.0,121.0,126.0,12601,0
2014-02-06,126.0,131.0,123.0,130.0,13664,0
2014-02-07,129.0,130.0,125.0,128.5,13516,0
2014-02-10,128.0,133.0,127.0,132.0,14611,0
2014-02-11,132.0,133.0,128.0,129.0,9748,0
2014-02-12,130.0,132.0,125.0,126.0,9750,0
2014-02-13,126.0,129.0,125.0,128.0,7019,0
2014-02-14,128.0,128.0,125.0,128.0,6339,0
2014-02-18,128.0,128.99,126.0,126.0,7596,0
2014-02-19,128.0,128.0,125.0,126.0,6574,0
2014-02-20,126.0,128.0,125.0,128.0,10390,0
2014-02-21,128.0,134.0,127.0,131.0,14107,0
2014-02-24,133.0,134.0,127.0,130.0,12234,0
2014-02-25,128.0,130.0,127.0,127.0,7057,0
2014-02-26,129.0,130.0,126.0,126.0,6384,0
2014-02-27,127.0,129.0,126.0,126.0,5382,0
2014-02-28,129.0,129.0,125.0,125.0,8379,0
2014-03-03,125.0,128.0,123.0,123.0,13981,0
2014-03-04,123.0,127.0,123.0,124.0,5343,0
2014-03-05,127.0,128.0,124.0,128.0,9331,0
2014-03-06,128.0,128.0,125.0,126.0,4700,0
2014-03-07,126.0,129.0,124.0,128.0,10770,0
2014-03-10,128.0,129.0,125.0,128.0,6993,0
2014-03-11,127.0,152.0,126.0,149.0,51412,0
2014-03-12,143.0,144.0,132.0,138.0,22430,0
2014-03-13,139.0,139.0,131.0,133.0,13925,0
2014-03-14,129.0,130.0,125.0,127.0,15390,0
2014-03-17,129.0,133.0,125.0,126.0,15061,0
2014-03-18,129.0,133.0,127.0,128.0,10694,0
2014-03-19,126.0,130.01,126.0,127.0,9562,0
2014-03-20,129.0,133.0,126.0,126.0,21621,0
2014-03-21,128.0,129.0,125.0,126.0,10606,0
2014-03-24,126.0,127.99,121.0,122.5,15153,0
2014-03-25,124.0,126.0,120.0,122.0,10919,0
2014-03-26,122.0,123.0,120.0,120.0,7835,0
2014-03-27,122.0,122.01,116.0,118.0,10785,0
2014-03-28,119.0,122.0,116.0,120.0,7100,0
2014-03-31,118.0,119.0,115.0,117.0,10010,0
2014-04-01,118.0,121.0,118.0,121.0,3152,0
2014-04-02,123.0,125.0,121.01,123.0,4509,0
2014-04-03,124.0,125.0,119.0,120.0,4615,0
2014-04-04,118.0,119.0,116.0,118.0,6137,0
2014-04-07,119.0,120.0,115.0,118.0,4423,0
2014-04-08,118.0,120.0,116.01,120.0,2727,0
2014-04-09,122.0,123.0,120.0,122.0,3718,0
2014-04-10,123.0,123.0,116.0,117.0,3092,0
2014-04-11,115.0,117.0,113.0,113.0,10172,0
2014-04-14,114.0,116.0,111.0,111.0,4276,0
2014-04-15,112.0,112.0,102.0,107.0,12817,0
2014-04-16,107.0,112.5,107.0,112.0,4187,0
2014-04-17,113.0,116.0,112.0,115.0,3029,0
2014-04-21,114.0,118.0,114.0,117.0,4379,0
2014-04-22,118.0,120.0,116.0,117.0,4521,0
2014-04-23,119.0,120.0,115.0,115.0,3600,0
2014-04-24,118.0,118.0,116.0,117.0,2134,0
2014-04-25,119.0,119.0,113.0,115.0,2980,0
2014-04-28,115.0,116.0,110.0,113.0,2663,0
2014-04-29,114.0,115.0,111.0,114.0,3894,0
2014-04-30,114.0,115.0,111.0,114.0,3211,0
2014-05-01,115.0,116.0,112.0,114.0,2049,0
2014-05-02,114.0,116.0,112.0,113.0,3189,0
2014-05-05,112.0,115.0,111.0,113.0,4597,0
2014-05-06,112.0,115.0,109.0,112.0,2107,0
2014-05-07,110.0,112.0,105.0,109.0,4256,0
2014-05-08,110.0,110.0,105.0,107.0,4448,0
2014-05-09,106.0,108.0,102.0,105.0,5524,0
2014-05-12,104.0,110.0,102.0,107.0,6532,0
2014-05-13,108.0,112.0,105.0,109.0,4368,0
2014-05-14,106.0,112.99,106.0,111.0,3528,0
2014-05-15,113.0,113.0,108.0,110.0,2163,0
2014-05-16,108.0,110.0,107.0,108.0,1948,0
2014-05-19,108.0,111.0,108.0,109.0,2421,0
2014-05-20,109.0,110.0,107.0,108.0,1619,0
2014-05-21,108.0,108.0,103.0,105.03,2881,0
2014-05-22,103.0,110.0,103.0,106.0,7109,0
2014-05-23,108.0,110.0,107.0,107.0,2669,0
2014-05-27,108.0,110.0,106.0,108.0,3504,0
2014-05-28,108.0,110.0,107.0,107.0,5743,0
2014-05-29,107.0,113.0,107.0,111.0,8784,0
2014-05-30,110.0,114.0,109.0,109.0,6431,0
2014-06-02,110.3,110.99,107.0,107.0,2707,0
2014-06-03,107.0,107.0,104.0,106.0,3034,0
2014-06-04,108.0,108.2,104.0,107.0,4141,0
2014-06-05,107.0,110.0,107.0,108.0,2114,0
2014-06-06,107.0,109.0,105.9,107.0,3052,0
2014-06-09,107.0,111.0,107.0,107.0,4459,0
2014-06-10,108.0,112.0,108.0,111.0,5028,0
2014-06-11,112.0,116.0,111.0,112.0,5099,0
2014-06-12,110.0,113.0,106.0,109.0,9308,0
2014-06-13,107.0,109.0,107.0,109.0,3545,0
2014-06-16,107.0,110.0,107.0,109.0,2481,0
2014-06-17,108.0,110.0,108.0,109.0,2183,0
2014-06-18,109.0,110.0,108.0,109.0,2018,0
2014-06-19,109.0,110.0,107.0,109.0,3520,0
2014-06-20,110.0,111.0,109.0,111.0,3162,0
2014-06-23,111.0,114.0,109.0,112.0,3944,0
2014-06-24,113.0,115.0,111.0,113.0,4053,0
2014-06-25,112.0,114.0,112.0,113.0,1477,0
2014-06-26,113.0,114.0,109.0,111.0,5566,0
2014-06-27,112.0,113.0,110.0,111.0,1680,0
2014-06-30,111.0,118.0,111.0,116.0,11534,0
2014-07-01,119.0,121.0,115.0,121.0,19360,0
2014-07-02,126.0,130.0,124.0,129.0,45071,0
2014-07-03,132.0,135.0,128.0,131.0,16794,0
2014-07-07,128.0,130.0,123.0,127.0,17819,0
2014-07-08,126.0,127.18,123.0,125.0,12529,0
2014-07-09,125.0,126.0,123.0,125.0,9409,0
2014-07-10,123.0,124.0,120.0,123.0,7291,0
2014-07-11,123.0,126.0,123.0,125.0,6307,0
2014-07-14,126.0,128.0,124.0,125.0,9595,0
2014-07-15,127.0,127.0,122.0,123.0,9501,0
2014-07-16,123.0,123.0,117.0,117.0,9013,0
2014-07-17,123.0,126.0,117.99,118.0,17683,0
2014-07-18,118.0,120.0,116.0,119.0,5825,0
2014-07-21,120.0,122.0,119.0,122.0,10398,0
2014-07-22,123.0,123.0,120.0,120.0,8109,0
2014-07-23,119.0,120.0,116.0,120.0,11437,0
2014-07-24,120.0,120.0,117.0,119.0,3781,0
2014-07-25,119.0,119.0,117.0,119.0,2434,0
2014-07-28,118.0,118.0,115.0,116.0,7609,0
2014-07-29,115.0,119.0,115.0,118.0,2807,0
2014-07-30,117.0,119.0,117.0,118.0,2427,0
2014-07-31,119.0,119.0,116.0,118.0,2106,0
2014-08-01,119.0,119.0,113.0,114.0,8716,0
2014-08-04,114.0,116.0,112.0,114.0,5415,0
2014-08-05,113.0,119.0,113.0,118.0,4927,0
2014-08-06,118.0,119.0,117.0,118.0,2071,0
2014-08-07,117.0,118.0,115.0,116.0,4620,0
2014-08-08,115.0,118.0,115.0,116.5,2347,0
2014-08-11,117.0,118.0,116.0,118.0,2095,0
2014-08-12,118.0,120.0,117.0,119.0,9604,0
2014-08-13,120.0,120.0,118.0,119.0,3496,0
2014-08-14,119.0,126.0,119.0,125.0,11384,0
2014-08-15,126.0,128.0,125.0,126.0,9331,0
2014-08-18,127.0,129.0,124.0,128.0,7314,0
2014-08-19,129.0,136.0,127.0,133.0,13470,0
2014-08-20,134.0,136.0,132.0,132.0,12274,0
2014-08-21,132.0,133.0,127.0,128.0,6835,0
2014-08-22,130.0,130.0,127.0,129.0,4093,0
2014-08-25,130.0,132.0,129.0,129.0,4261,0
2014-08-26,129.0,133.0,129.0,131.0,9163,0
2014-08-27,132.0,134.0,131.0,133.0,9278,0
2014-08-28,133.0,142.0,133.0,140.0,34929,0
2014-08-29,145.0,152.0,143.0,150.0,55687,0
2014-09-02,154.0,154.0,137.0,145.0,33137,0
2014-09-03,145.0,145.0,141.0,142.0,11774,0
2014-09-04,143.0,145.0,142.0,142.0,9357,0
2014-09-05,142.0,142.0,140.0,141.0,10096,0
2014-09-08,142.0,142.0,135.0,138.0,12452,0
2014-09-09,136.0,140.0,133.0,134.0,13037,0
2014-09-10,135.0,136.0,132.0,135.0,8213,0
2014-09-11,135.0,139.0,133.0,137.0,11801,0
2014-09-12,138.0,138.0,136.0,136.5,6223,0
2014-09-15,138.0,141.0,136.5,138.0,14352,0
2014-09-16,140.0,146.0,139.0,143.0,24331,0
2014-09-17,145.0,145.0,140.0,141.0,9337,0
2014-09-18,140.0,141.9,135.0,136.0,13660,0
2014-09-19,138.0,138.4,134.0,136.0,8987,0
2014-09-22,135.0,138.0,134.0,137.0,8222,0
2014-09-23,137.0,140.0,136.0,137.0,7312,0
2014-09-24,137.0,139.99,136.0,136.0,4165,0
2014-09-25,136.0,136.0,131.0,133.0,10589,0
2014-09-26,132.0,136.0,131.0,133.0,6072,0
2014-09-29,131.0,134.0,131.0,132.0,5126,0
2014-09-30,133.0,135.0,132.0,134.0,7275,0
2014-10-01,133.0,133.0,130.0,130.0,7232,0
2014-10-02,130.0,132.5,130.0,131.0,8665,0
2014-10-03,132.0,135.0,132.0,134.0,6871,0
2014-10-06,135.0,135.0,133.78,134.0,5582,0
2014-10-07,134.0,135.0,133.0,134.0,7617,0
2014-10-08,134.0,135.0,133.0,134.0,7945,0
2014-10-09,134.0,136.0,134.0,134.0,6470,0
2014-10-10,134.0,134.0,128.0,128.0,12637,0
2014-10-13,129.0,131.0,116.0,116.0,31163,0
2014-10-14,113.0,115.9,82.0,99.0,58509,0
2014-10-15,94.0,106.0,93.0,97.0,8141,0
2014-10-16,101.0,110.0,99.0,108.0,9323,0
2014-10-17,112.0,115.99,107.0,107.99,9451,0
2014-10-20,106.0,114.0,106.0,113.0,5500,0
2014-10-21,115.0,119.0,114.0,118.0,9607,0
2014-10-22,121.0,122.0,117.0,118.0,8025,0
2014-10-23,120.0,121.0,115.0,115.0,6116,0
2014-10-24,118.0,118.0,112.0,117.0,12322,0
2014-10-27,122.0,134.0,114.0,122.0,73975,0
2014-10-28,126.0,127.0,115.0,117.0,23080,0
2014-10-29,117.0,119.0,110.0,111.0,14219,0
2014-10-30,113.0,114.0,106.0,106.0,18877,0
2014-10-31,110.0,112.99,107.0,112.0,15548,0
2014-11-03,118.0,119.0,112.0,115.0,24550,0
2014-11-04,116.0,118.0,107.0,111.0,41995,0
2014-11-05,121.0,135.0,116.0,129.0,82082,0
2014-11-06,64.0,75.0,57.0,65.0,228293,0
2014-11-07,68.0,69.0,54.6,56.7,73920,0
2014-11-10,56.0,64.0,56.0,62.0,32004,0
2014-11-11,63.0,65.0,58.0,58.0,25778,0
2014-11-12,64.5,64.5,59.96,60.5,12760,0
2014-11-13,64.0,64.0,59.0,59.0,18047,0
2014-11-14,59.0,60.0,55.5,56.0,12000,0
2014-11-17,56.25,60.0,53.35,55.0,15375,0
2014-11-18,55.27,56.99,54.41,55.36,7640,0
2014-11-19,55.1,55.59,48.0,53.64,22009,0
2014-11-20,53.0,55.8,52.0,53.0,11504,0
2014-11-21,53.0,55.0,52.0,53.0,6704,0
2014-11-24,54.0,54.96,52.5,52.55,3986,0
2014-11-25,52.0,53.95,52.0,52.8,6110,0
2014-11-26,52.15,53.8,51.5,53.0,6491,0
2014-11-28,52.0,53.59,51.0,52.0,3961,0
2014-12-01,55.0,65.0,55.0,64.0,50084,0
2014-12-02,69.0,79.0,67.0,78.0,49085,0
2014-12-03,80.0,83.0,71.35,76.0,32656,0
2014-12-04,75.0,75.0,67.0,67.5,11832,0
2014-12-05,67.5,68.5,63.0,64.0,8053,0
2014-12-08,64.95,72.0,64.95,67.0,10087,0
2014-12-09,65.0,68.2,63.0,63.0,5937,0
2014-12-10,64.16,65.88,59.9,59.9,4763,0
2014-12-11,59.9,61.65,57.0,57.0,3234,0
2014-12-12,57.05,63.0,57.01,59.92,5981,0
2014-12-15,62.5,63.52,59.02,61.0,3938,0
2014-12-16,60.5,64.0,58.1,62.01,5726,0
2014-12-17,58.0,63.0,58.0,61.01,4890,0
2014-12-18,61.95,63.0,59.0,60.91,6925,0
2014-12-19,60.67,62.2,59.47,61.16,7465,0
2014-12-22,62.2,62.2,59.15,61.0,7043,0
2014-12-23,60.4,61.0,58.21,61.0,5273,0
2014-12-24,60.8,60.8,58.0,58.7,1724,0
2014-12-26,59.0,59.0,58.0,58.95,3398,0
2014-12-29,57.0,64.93,56.51,62.0,8628,0
2014-12-30,62.0,67.0,60.5,64.0,8343,0
2014-12-31,62.0,63.75,59.0,60.0,7440,0
2015-01-02,64.4,64.4,57.2,60.01,5615,0
2015-01-05,61.37,61.37,59.25,59.8,2803,0
2015-01-06,60.11,61.5,56.0,58.21,4800,0
2015-01-07,59.21,60.23,57.0,60.0,2254,0
2015-01-08,59.01,60.0,57.2,58.99,4590,0
2015-01-09,58.9,61.8,58.0,61.0,5016,0
2015-01-12,63.95,64.34,59.0,59.0,5440,0
2015-01-13,59.0,61.97,58.23,58.5,2853,0
2015-01-14,58.0,60.5,58.0,59.4,2649,0
2015-01-15,59.0,59.01,55.6,55.7,4234,0
2015-01-16,56.4,58.0,55.1,57.86,2926,0
2015-01-20,56.0,57.84,55.19,56.13,2502,0
2015-01-21,56.0,57.13,55.11,55.2,2866,0
2015-01-22,55.99,56.3,53.0,53.17,5545,0
2015-01-23,52.0,54.54,51.1,53.71,3876,0
2015-01-26,52.0,54.5,50.25,54.0,5915,0
2015-01-27,55.0,55.0,51.0,52.0,4640,0
2015-01-28,52.5,54.0,51.5,53.0,1796,0
2015-01-29,53.0,55.0,51.1,54.0,3159,0
2015-01-30,52.2,54.0,51.2,53.0,2675,0
2015-02-02,52.0,54.0,51.5,52.0,2008,0
2015-02-03,53.0,53.0,51.0,52.6,2330,0
2015-02-04,51.25,52.05,51.25,51.25,1743,0
2015-02-05,51.14,54.79,51.14,54.0,2829,0
2015-02-06,54.0,54.5,52.12,52.2,2003,0
2015-02-09,52.05,55.97,52.05,52.1,3926,0
2015-02-10,53.0,56.0,52.64,53.0,3752,0
2015-02-11,53.99,54.48,53.0,54.0,3259,0
2015-02-12,54.0,54.2,52.04,52.92,2755,0
2015-02-13,52.5,57.0,52.5,53.44,4289,0
2015-02-17,52.88,58.47,52.88,55.0,8391,0
2015-02-18,55.0,68.0,55.0,67.0,18351,0
2015-02-19,73.0,73.0,63.2,64.45,17141,0
2015-02-20,64.02,64.02,59.0,60.1,6722,0
2015-02-23,59.5,59.9,58.0,58.8,4229,0
2015-02-24,60.0,63.95,58.99,63.0,5577,0
2015-02-25,63.9,64.74,62.0,62.73,5865,0
2015-02-26,62.0,64.0,61.0,61.78,4249,0
2015-02-27,63.0,66.92,61.18,64.8,11475,0
2015-03-02,64.0,67.0,63.0,64.0,7299,0
2015-03-03,66.0,80.0,65.0,73.0,59765,0
2015-03-04,75.0,85.0,72.0,84.0,57129,0
2015-03-05,86.0,89.0,74.0,79.0,33588,0
2015-03-06,55.0,56.0,49.0,54.0,167471,0
2015-03-09,55.0,55.0,50.0,52.0,41360,0
2015-03-10,52.0,52.0,51.0,51.0,13928,0
2015-03-11,52.0,55.0,50.0,53.0,44728,0
2015-03-12,53.0,53.0,51.0,53.0,18677,0
2015-03-13,52.0,52.0,50.0,51.0,21281,0
2015-03-16,52.0,55.0,50.0,54.0,44926,0
2015-03-17,57.0,58.0,52.0,53.0,41498,0
2015-03-18,57.0,58.0,53.0,55.0,30665,0
2015-03-19,55.0,57.0,55.0,57.0,14527,0
2015-03-20,57.0,62.0,56.0,60.0,39531,0
2015-03-23,61.0,63.0,59.0,60.0,28149,0
2015-03-24,61.0,61.0,56.0,58.0,27066,0
2015-03-25,59.0,59.0,56.0,57.0,23484,0
2015-03-26,56.0,57.0,54.0,55.0,20871,0
2015-03-27,55.0,57.0,49.0,53.0,32023,0
2015-03-30,54.0,55.0,52.0,53.0,14415,0
2015-03-31,55.0,55.44,52.1,53.62,8497,0
2015-04-01,55.0,56.0,53.0,54.0,8387,0
2015-04-02,55.0,55.0,53.0,55.0,14082,0
2015-04-06,56.0,56.0,54.0,54.0,9034,0
2015-04-07,54.0,55.0,52.0,55.0,16552,0
2015-04-08,52.0,54.0,52.0,53.0,9126,0
2015-04-09,52.1,53.0,51.1,52.2,8655,0
2015-04-10,54.0,54.0,51.0,52.0,7345,0
2015-04-13,54.0,57.0,54.0,54.0,27283,0
2015-04-14,59.0,61.0,56.0,58.0,59718,0
2015-04-15,62.0,65.0,61.0,63.0,47033,0
2015-04-16,65.0,68.0,60.0,61.0,53643,0
2015-04-17,60.0,64.0,58.0,64.0,20453,0
2015-04-20,66.0,67.2,61.25,63.0,26958,0
2015-04-21,62.79,64.5,60.3,63.0,17930,0
2015-04-22,63.0,63.76,60.0,60.0,24433,0
2015-04-23,60.0,61.0,57.0,57.0,16096,0
2015-04-24,57.0,57.5,55.0,56.6,11892,0
2015-04-27,57.0,61.0,56.0,58.0,15667,0
2015-04-28,65.0,66.0,59.0,59.0,36353,0
2015-04-29,59.0,61.0,57.0,57.0,10388,0
2015-04-30,59.0,60.0,56.0,56.0,10385,0
2015-05-01,56.0,57.0,55.0,55.0,9605,0
2015-05-04,56.0,57.0,55.0,55.0,12612,0
2015-05-05,56.0,57.0,53.0,53.0,18745,0
2015-05-06,55.0,56.26,52.0,54.0,21518,0
2015-05-07,57.0,58.0,51.0,52.0,36159,0
2015-05-08,53.0,53.0,49.0,51.0,57734,0
2015-05-11,51.0,51.0,46.0,47.0,54113,0
2015-05-12,46.5,46.99,40.1,42.51,72068,0
2015-05-13,44.3,45.0,42.51,44.01,21480,0
2015-05-14,44.0,45.0,43.0,44.0,12481,0
2015-05-15,43.32,45.46,42.06,43.05,20455,0
2015-05-18,43.0,43.0,40.5,42.24,21906,0
2015-05-19,42.0,42.76,31.11,34.0,115111,0
2015-05-20,32.0,32.0,27.25,29.5,95819,0
2015-05-21,30.0,33.0,29.0,32.0,56439,0
2015-05-22,32.0,32.0,29.0,30.0,43512,0
2015-05-26,33.0,33.0,29.5,29.5,47712,0
2015-05-27,29.0,30.0,26.0,28.0,64298,0
2015-05-28,28.09,29.77,27.0,29.0,30822,0
2015-05-29,30.0,31.0,29.0,29.0,48469,0
2015-06-01,29.6,31.0,28.13,28.81,59579,0
2015-06-02,28.0,31.0,28.0,30.0,37824,0
2015-06-03,30.0,31.0,28.0,29.0,35462,0
2015-06-04,29.0,30.0,28.0,29.0,30654,0
2015-06-05,28.0,29.0,28.0,28.0,41671,0
2015-06-08,28.0,30.0,28.0,30.0,21375,0
2015-06-09,30.0,30.0,27.8,28.51,39521,0
2015-06-10,28.01,29.25,27.61,29.25,19005,0
2015-06-11,29.8,29.8,27.61,29.15,38433,0
2015-06-12,29.0,30.0,28.0,28.0,53835,0
2015-06-15,29.0,29.0,28.0,29.0,35541,0
2015-06-16,28.0,31.0,28.0,28.0,95724,0
2015-06-17,29.0,30.0,28.0,28.0,50459,0
2015-06-18,29.0,30.0,28.0,29.0,63206,0
2015-06-19,29.0,29.0,27.0,28.0,60329,0
2015-06-22,28.0,28.0,27.0,28.0,32134,0
2015-06-23,28.0,28.0,26.16,28.0,34667,0
2015-06-24,28.0,28.0,26.0,27.0,33783,0
2015-06-25,28.0,29.0,27.0,29.0,102176,0
2015-06-26,29.0,29.0,27.0,28.0,28129,0
2015-06-29,28.0,28.0,26.0,27.0,41726,0
2015-06-30,28.6,28.6,26.88,28.1,32687,0
2015-07-01,28.0,28.0,27.0,28.0,38411,0
2015-07-02,27.0,27.0,25.0,27.0,44287,0
2015-07-06,27.0,27.0,25.0,26.0,52679,0
2015-07-07,26.0,26.0,24.0,25.0,28220,0
2015-07-08,25.0,25.0,23.0,24.0,41789,0
2015-07-09,24.0,24.0,23.0,23.0,38162,0
2015-07-10,23.0,25.0,23.0,24.0,50432,0
2015-07-13,24.0,25.0,23.0,24.0,28644,0
2015-07-14,24.67,24.7,23.4,23.81,36805,0
2015-07-15,23.5,24.23,22.3,22.81,32992,0
2015-07-16,23.0,23.0,20.0,22.0,46141,0
2015-07-17,22.0,22.0,21.0,22.0,28824,0
2015-07-20,22.0,22.0,19.0,20.0,77953,0
2015-07-21,20.0,21.0,20.0,21.0,29649,0
2015-07-22,22.0,22.0,20.0,21.0,22078,0
2015-07-23,22.0,22.0,19.0,20.0,40399,0
2015-07-24,20.0,21.0,19.0,21.0,19973,0
2015-07-27,21.0,21.0,19.0,19.0,54799,0
2015-07-28,19.0,20.0,19.0,20.0,39875,0
2015-07-29,20.0,21.0,18.0,19.0,66178,0
2015-07-30,19.0,19.0,18.0,19.0,37748,0
2015-07-31,18.0,19.0,18.0,18.0,28438,0
2015-08-03,19.0,19.0,18.11,18.16,24913,0
2015-08-04,18.0,18.0,16.0,18.0,41922,0
2015-08-05,18.0,18.0,17.0,18.0,32716,0
2015-08-06,17.2,17.54,16.8,16.8,32586,0
2015-08-07,17.0,18.0,16.0,17.0,57012,0
2015-08-10,16.0,17.0,16.0,16.0,49535,0
2015-08-11,19.0,19.0,16.0,17.0,286850,0
2015-08-12,17.0,18.0,16.0,17.0,77141,0
2015-08-13,17.0,20.0,16.0,18.0,225690,0
2015-08-14,15.0,16.0,10.0,14.0,244697,0
2015-08-17,15.0,15.0,11.0,12.0,139707,0
2015-08-18,11.0,13.0,10.0,12.0,179684,0
2015-08-19,13.0,13.0,10.0,11.0,151155,0
2015-08-20,11.0,12.0,10.0,11.0,96349,0
2015-08-21,11.0,11.0,10.0,10.0,78955,0
2015-08-24,9.5,10.0,8.31,8.58,140233,0
2015-08-25,9.0,9.0,8.0,9.0,126642,0
2015-08-26,9.0,9.0,8.0,8.0,70177,0
2015-08-27,8.0,9.0,8.0,9.0,101038,0
2015-08-28,9.0,10.0,9.0,9.0,155666,0
2015-08-31,9.0,9.0,9.0,9.0,159556,0
2015-09-01,9.0,10.0,9.0,9.0,86682,0
2015-09-02,9.0,9.0,9.0,9.0,152423,0
2015-09-03,9.0,9.0,9.0,9.0,194885,0
2015-09-04,9.0,9.0,8.0,8.0,216359,0
2015-09-08,8.0,8.0,8.0,8.0,150836,0
2015-09-09,8.0,8.0,6.0,7.0,218009,0
2015-09-10,6.7,6.95,6.0,6.65,195885,0
2015-09-11,6.0,6.0,6.0,6.0,157284,0
2015-09-14,6.0,6.0,5.0,5.0,119730,0
2015-09-15,6.0,6.0,5.0,5.0,248336,0
2015-09-16,6.0,6.0,5.0,5.0,258476,0
2015-09-17,5.54,5.6,5.02,5.08,159313,0
2015-09-18,5.0,13.0,5.0,12.0,1176996,0
2015-09-21,10.0,10.0,7.0,8.0,1305327,0
2015-09-22,9.0,9.0,8.0,8.0,361775,0
2015-09-23,8.6,10.0,7.9,9.26,676712,0
2015-09-24,10.0,10.0,8.26,8.5,377693,0
2015-09-25,9.0,10.0,9.0,9.0,234576,0
2015-09-28,9.68,11.0,9.15,9.99,932175,0
2015-09-29,10.0,11.0,9.0,9.0,352907,0
2015-09-30,9.0,9.0,9.0,9.0,218534,0
2015-10-01,9.0,9.0,8.0,9.0,207441,0
2015-10-02,9.0,9.0,8.0,9.0,145256,0
2015-10-05,9.0,9.0,9.0,9.0,148002,0
2015-10-06,9.0,10.0,9.0,9.0,196124,0
2015-10-07,9.5,9.5,9.0,9.12,127299,0
2015-10-08,9.0,9.0,9.0,9.0,153631,0
2015-10-09,9.0,9.0,8.0,9.0,150583,0
2015-10-12,8.9,9.0,6.0,7.82,407577,0
2015-10-13,8.0,8.0,7.0,7.0,342449,0
2015-10-14,7.0,7.0,7.0,7.0,289342,0
2015-10-15,7.0,7.0,6.0,7.0,185255,0
2015-10-16,5.0,6.0,5.0,6.0,544434,0
2015-10-19,5.5,6.49,5.5,6.1,239846,0
2015-10-20,6.0,7.0,6.0,6.0,209469,0
2015-10-21,7.0,7.0,6.0,6.0,190654,0
2015-10-22,5.0,6.0,5.0,6.0,121617,0
2015-10-23,6.0,6.0,5.0,5.0,187962,0
2015-10-26,6.0,6.0,5.0,6.0,96956,0
2015-10-27,6.0,6.0,5.0,5.0,289439,0
2015-10-28,5.0,5.0,5.0,5.0,288298,0
2015-10-29,5.0,5.0,4.0,4.0,200378,0
2015-10-30,5.0,5.0,4.0,4.0,186858,0
2015-11-02,4.55,5.55,4.31,5.02,417785,0
2015-11-03,5.4,6.87,5.35,6.3,597972,0
2015-11-04,7.0,7.25,5.81,6.06,480132,0
2015-11-05,6.0,7.0,6.0,6.0,224610,0
2015-11-06,6.0,6.0,5.0,6.0,300112,0
2015-11-09,6.16,7.0,5.61,5.98,245656,0
2015-11-10,6.0,6.0,5.0,6.0,204395,0
2015-11-11,6.0,6.0,5.0,5.0,198034,0
2015-11-12,5.0,5.0,5.0,5.0,178497,0
2015-11-13,5.0,5.0,5.0,5.0,130012,0
2015-11-16,5.0,5.0,4.0,4.0,214054,0
2015-11-17,4.0,5.0,4.0,4.0,199897,0
2015-11-18,5.0,5.0,4.0,4.0,191917,0
2015-11-19,4.0,5.0,4.0,4.0,249905,0
2015-11-20,3.73,4.25,3.19,4.23,813400,0
2015-11-23,4.58,8.65,4.5,8.52,7932600,0
2015-11-24,12.24,15.7,7.54,7.68,23760417,0
2015-11-25,8.11,11.68,7.8,11.43,17262800,0
2015-11-27,11.1,12.4,10.12,11.06,6748900,0
2015-11-30,9.43,10.46,9.25,9.7,3122600,0
2015-12-01,11.04,11.5,9.71,9.95,3584726,0
2015-12-02,9.87,10.2,8.61,8.85,1543901,0
2015-12-03,8.76,8.85,8.08,8.36,908312,0
2015-12-04,8.4,8.76,7.77,7.94,804400,0
2015-12-07,7.64,7.77,6.37,6.99,1338900,0
2015-12-08,6.75,7.97,6.51,7.1,1713616,0
2015-12-09,5.18,5.28,4.51,4.79,4553000,0
2015-12-10,4.92,4.96,4.57,4.68,1402300,0
2015-12-11,4.65,4.69,4.4,4.42,911900,0
2015-12-14,4.37,5.25,4.12,4.83,3138726,0
2015-12-15,4.92,4.93,4.38,4.47,946200,0
2015-12-16,4.43,4.65,4.42,4.56,654100,0
2015-12-17,4.67,5.05,4.43,4.65,2054800,0
2015-12-18,4.55,4.75,4.45,4.58,624700,0
2015-12-21,4.68,5.09,4.55,5.06,2124600,0
2015-12-22,5.1,5.55,5.02,5.18,2363116,0
2015-12-23,5.25,5.32,4.9,4.95,765100,0
2015-12-24,4.84,4.98,4.7,4.95,468741,0
2015-12-28,4.83,4.95,4.776,4.86,549266,0
2015-12-29,4.87,4.89,4.61,4.72,566534,0
2015-12-30,4.58,5.03,4.58,4.81,923192,0
2015-12-31,4.67,4.75,4.401,4.48,777685,0
2016-01-04,4.45,4.45,4.15,4.4,457019,0
2016-01-05,4.43,4.43,4.15,4.21,533566,0
2016-01-06,4.19,4.1901,3.58,3.64,1115371,0
2016-01-07,3.45,3.45,3.245,3.29,824870,0
2016-01-08,3.31,3.43,3.26,3.29,410947,0
2016-01-11,3.29,3.46,3.08,3.13,537656,0
2016-01-12,3.13,3.27,2.9,2.95,572333,0
2016-01-13,3.07,3.07,2.62,2.77,792409,0
2016-01-14,2.85,2.91,2.6595,2.83,451849,0
2016-01-15,2.82,2.82,2.6,2.67,430725,0
2016-01-19,3.23,3.81,3.03,3.12,9047200,0
2016-01-20,3.04,3.08,2.8,3.01,827512,0
2016-01-21,3.1,3.155,2.9101,3.07,522834,0
2016-01-22,3.1,3.22,3.01,3.06,373045,0
2016-01-25,3.24,3.7,3.17,3.57,2966441,0
2016-01-26,3.74,3.94,3.52,3.66,1224991,0
2016-01-27,3.62,3.66,3.22,3.31,604554,0
2016-01-28,3.27,3.33,3.08,3.14,444986,0
2016-01-29,3.09,3.28,3.07,3.25,208837,0
2016-02-01,3.24,3.24,3.08,3.13,202633,0
2016-02-02,3.2,3.2,2.94,2.98,318847,0
2016-02-03,3.09,3.1299,2.82,2.97,225549,0
2016-02-04,2.94,3.175,2.94,3.06,169017,0
2016-02-05,3.08,3.18,2.96,3.09,202961,0
2016-02-08,3.17,3.17,2.9,3.0,121536,0
2016-02-09,3.0,3.01,2.87,2.94,132988,0
2016-02-10,2.97,2.99,2.74,2.81,144152,0
2016-02-11,2.96,2.96,2.7101,2.85,154480,0
2016-02-12,2.89,2.99,2.83,2.89,151932,0
2016-02-16,2.96,3.0,2.9,3.0,140439,0
2016-02-17,3.0,3.29,2.98,3.18,347833,0
2016-02-18,3.26,3.33,3.05,3.11,169043,0
2016-02-19,3.02,3.24,2.93,3.02,270150,0
2016-02-22,3.11,3.13,2.99,2.99,135983,0
2016-02-23,3.14,3.29,3.06,3.1,752143,0
2016-02-24,3.13,3.22,3.04,3.15,233117,0
2016-02-25,3.2,3.26,3.1,3.12,95021,0
2016-02-26,3.12,3.1723,2.96,3.02,517428,0
2016-02-29,3.05,3.07,2.89,2.96,128709,0
2016-03-01,3.05,3.1796,3.02,3.08,245809,0
2016-03-02,3.09,3.72,3.059,3.61,614241,0
2016-03-03,3.87,4.49,3.8,3.99,3130512,0
2016-03-04,3.99,4.01,3.63,3.72,532570,0
2016-03-07,3.65,4.05,3.54,3.97,376793,0
2016-03-08,3.88,3.95,3.7,3.74,241245,0
2016-03-09,3.72,3.75,3.6001,3.61,163088,0
2016-03-10,3.71,3.71,3.4,3.52,196935,0
2016-03-11,3.47,3.86,3.47,3.76,264699,0
2016-03-14,3.67,3.95,3.6601,3.82,217949,0
2016-03-15,3.74,3.764,3.53,3.56,196543,0
2016-03-16,3.53,3.67,3.48,3.6,133976,0
2016-03-17,3.56,3.6,3.41,3.59,98136,0
2016-03-18,3.58,3.71,3.55,3.58,113955,0
2016-03-21,3.63,3.75,3.51,3.51,109976,0
2016-03-22,3.5,3.71,3.44,3.57,174837,0
2016-03-23,3.55,3.665,3.42,3.43,150786,0
2016-03-24,3.45,3.52,3.36,3.4,109801,0
2016-03-28,3.4,3.48,3.27,3.28,178143,0
2016-03-29,3.4,3.62,3.26,3.49,332398,0
2016-03-30,3.28,3.41,3.15,3.18,299570,0
2016-03-31,3.38,3.4174,3.243,3.32,181515,0
2016-04-01,3.28,3.64,3.26,3.53,368826,0
2016-04-04,3.5,3.67,3.45,3.47,215559,0
2016-04-05,3.47,3.6,3.36,3.36,190277,0
2016-04-06,3.35,3.63,3.35,3.6,213421,0
2016-04-07,3.63,3.69,3.47,3.54,118908,0
2016-04-08,3.5,3.73,3.5,3.6,184357,0
2016-04-11,3.62,3.79,3.6,3.61,219136,0
2016-04-12,3.63,3.75,3.6197,3.7,129708,0
2016-04-13,3.78,3.8,3.54,3.74,268869,0
2016-04-14,3.79,3.9,3.69,3.82,184890,0
2016-04-15,3.9,4.35,3.9,4.24,692996,0
2016-04-18,4.33,4.58,4.3,4.38,374048,0
2016-04-19,4.4,4.5,4.05,4.18,253755,0
2016-04-20,4.11,4.23,4.03,4.03,163959,0
2016-04-21,4.02,4.1799,4.0,4.07,126455,0
2016-04-22,4.1,4.28,4.08,4.18,148293,0
2016-04-25,4.1,4.32,4.01,4.13,131316,0
2016-04-26,4.15,4.21,4.05,4.16,90071,0
2016-04-27,4.2,4.2,3.96,4.06,174770,0
2016-04-28,4.56,4.59,4.14,4.2,927688,0
2016-04-29,4.37,4.37,4.05,4.05,246436,0
2016-05-02,4.01,4.16,3.9,3.92,210914,0
2016-05-03,4.05,4.05,3.72,3.73,173056,0
2016-05-04,3.67,3.71,3.46,3.47,238471,0
2016-05-05,3.48,3.51,3.24,3.27,275303,0
2016-05-06,3.3,3.49,3.2102,3.43,230304,0
2016-05-09,3.45,3.55,3.31,3.48,133856,0
2016-05-10,3.75,3.84,3.54,3.74,341657,0
2016-05-11,3.7,3.7945,3.54,3.59,144797,0
2016-05-12,3.53,3.55,3.35,3.37,192203,0
2016-05-13,3.41,3.4821,3.24,3.33,146646,0
2016-05-16,3.37,3.55,3.37,3.43,70456,0
2016-05-17,3.51,3.53,3.37,3.43,135105,0
2016-05-18,3.4,3.492,3.35,3.37,100354,0
2016-05-19,3.36,3.4399,3.3,3.31,158234,0
2016-05-20,3.4,3.5,3.3001,3.45,136146,0
2016-05-23,3.47,3.67,3.43,3.44,122656,0
2016-05-24,3.55,3.55,3.3201,3.46,114038,0
2016-05-25,3.46,3.62,3.42,3.56,102377,0
2016-05-26,3.56,3.6243,3.45,3.48,61464,0
2016-05-27,3.46,3.62,3.46,3.54,111031,0
2016-05-31,3.47,3.5898,3.39,3.41,106837,0
2016-06-01,3.39,3.49,3.35,3.39,65210,0
2016-06-02,3.4,3.5,3.38,3.42,86848,0
2016-06-03,3.43,3.48,3.34,3.37,81893,0
2016-06-06,3.34,3.73,3.34,3.61,344114,0
2016-06-07,3.8,3.8389,3.6,3.65,170414,0
2016-06-08,3.66,3.68,3.52,3.52,106671,0
2016-06-09,3.54,3.6499,3.48,3.63,81741,0
2016-06-10,3.53,3.65,3.5,3.53,58555,0
2016-06-13,3.51,3.58,3.48,3.5,83638,0
2016-06-14,3.47,3.5,3.41,3.44,77539,0
2016-06-15,3.46,3.66,3.45,3.52,251796,0
2016-06-16,3.51,3.6099,3.42,3.45,86722,0
2016-06-17,3.43,3.58,3.43,3.57,72316,0
2016-06-20,3.6,3.624,3.53,3.59,69115,0
2016-06-21,3.58,3.58,3.4691,3.55,53300,0
2016-06-22,3.57,3.62,3.43,3.45,170533,0
2016-06-23,3.48,3.56,3.45,3.48,41374,0
2016-06-24,3.29,3.4,3.21,3.22,228307,0
2016-06-27,3.29,3.29,2.96,3.01,271699,0
2016-06-28,3.12,3.22,3.0001,3.2,116349,0
2016-06-29,3.27,3.3,3.1,3.27,121506,0
2016-06-30,3.24,3.27,3.17,3.26,50720,0
2016-07-01,3.55,4.05,3.55,3.61,3504701,0
2016-07-05,3.6,3.6,3.3,3.38,380538,0
2016-07-06,3.38,3.49,3.3,3.35,254773,0
2016-07-07,3.35,3.42,3.25,3.33,154402,0
2016-07-08,3.33,3.36,3.25,3.3,150476,0
2016-07-11,3.36,3.38,3.3,3.37,103483,0
2016-07-12,3.43,3.6599,3.3634,3.62,308904,0
2016-07-13,3.6,3.621,3.46,3.51,187286,0
2016-07-14,3.56,3.61,3.5,3.58,112368,0
2016-07-15,3.57,3.61,3.51,3.57,114418,0
2016-07-18,3.55,3.58,3.49,3.52,106196,0
2016-07-19,3.5,3.56,3.36,3.38,165518,0
2016-07-20,3.36,3.5,3.36,3.43,92761,0
2016-07-21,3.42,3.52,3.4193,3.51,95397,0
2016-07-22,3.55,3.55,3.39,3.44,150458,0
2016-07-25,3.38,3.44,3.28,3.33,93032,0
2016-07-26,3.35,3.41,3.3,3.34,64169,0
2016-07-27,3.33,3.42,3.28,3.3,145718,0
2016-07-28,3.34,3.4,3.3175,3.35,79288,0
2016-07-29,3.4,3.4,3.3112,3.37,35282,0
2016-08-01,3.48,3.59,3.42,3.44,111878,0
2016-08-02,3.5,3.5,3.3601,3.4,39320,0
2016-08-03,3.36,3.53,3.35,3.43,85169,0
2016-08-04,3.49,3.536,3.43,3.47,91007,0
2016-08-05,3.47,3.5,3.4,3.46,83317,0
2016-08-08,3.47,3.57,3.42,3.51,73705,0
2016-08-09,3.54,3.6355,3.5376,3.6099,157380,0
2016-08-10,3.5,3.61,3.4,3.45,160781,0
2016-08-11,3.48,3.55,3.41,3.54,97935,0
2016-08-12,3.55,3.64,3.53,3.61,111763,0
2016-08-15,3.62,3.65,3.5545,3.61,71658,0
2016-08-16,3.59,3.66,3.555,3.65,78057,0
2016-08-17,3.6,3.71,3.58,3.65,108195,0
2016-08-18,3.62,3.75,3.62,3.68,52644,0
2016-08-19,3.75,3.75,3.56,3.68,43498,0
2016-08-22,3.68,3.81,3.65,3.67,76713,0
2016-08-23,3.67,3.72,3.6101,3.67,62475,0
2016-08-24,3.69,3.7799,3.6,3.62,85246,0
2016-08-25,3.65,3.739,3.61,3.62,84912,0
2016-08-26,3.66,3.74,3.63,3.72,66900,0
2016-08-29,3.74,3.74,3.63,3.63,82342,0
2016-08-30,3.63,3.71,3.61,3.63,28676,0
2016-08-31,3.63,3.67,3.58,3.61,55006,0
2016-09-01,3.66,3.73,3.52,3.56,74406,0
2016-09-02,3.6484,3.66,3.51,3.53,69737,0
2016-09-06,3.552,3.71,3.51,3.66,101160,0
2016-09-07,3.67,3.74,3.62,3.73,82780,0
2016-09-08,3.74,3.74,3.63,3.73,56548,0
2016-09-09,3.74,3.74,3.57,3.61,140650,0
2016-09-12,3.6129,3.7,3.5,3.6,121812,0
2016-09-13,3.58,3.58,3.415,3.43,97169,0
2016-09-14,3.44,3.51,3.38,3.4201,111272,0
2016-09-15,3.44,3.49,3.23,3.38,93656,0
2016-09-16,3.34,3.38,3.33,3.35,57467,0
2016-09-19,3.36,3.41,3.3,3.36,71575,0
2016-09-20,3.35,3.45,3.35,3.38,121273,0
2016-09-21,3.43,3.49,3.41,3.47,113258,0
2016-09-22,3.5,3.51,3.48,3.49,133135,0
2016-09-23,3.47,3.51,3.45,3.46,57484,0
2016-09-26,3.48,3.5,3.42,3.42,112073,0
2016-09-27,3.45,3.45,3.36,3.4,74543,0
2016-09-28,3.43,3.4875,3.4,3.45,136880,0
2016-09-29,3.46,3.49,3.3592,3.42,83756,0
2016-09-30,3.42,3.45,3.4,3.43,43903,0
2016-10-03,3.46,3.47,3.4,3.44,82741,0
2016-10-04,3.4,3.45,3.4,3.45,114648,0
2016-10-05,3.42,3.45,3.39,3.4,129079,0
2016-10-06,3.43,3.44,3.35,3.4,93056,0
2016-10-07,3.4,3.42,3.32,3.39,72884,0
2016-10-10,3.4,3.4,3.3,3.34,76857,0
2016-10-11,3.33,3.53,3.32,3.47,177055,0
2016-10-12,3.51,4.0,3.51,3.8,1315247,0
2016-10-13,3.89,4.9,3.81,4.01,4712936,0
2016-10-14,4.19,4.24,3.71,3.74,1150811,0
2016-10-17,3.72,4.07,3.72,4.06,344556,0
2016-10-18,4.06,4.54,4.0599,4.23,656748,0
2016-10-19,4.22,4.74,4.2,4.65,767421,0
2016-10-20,4.72,5.59,4.71,4.89,2739328,0
2016-10-21,4.91,5.2,4.76,4.92,1038580,0
2016-10-24,5.0,5.08,4.71,4.86,531371,0
2016-10-25,4.78,4.8599,4.25,4.55,506933,0
2016-10-26,4.45,4.49,4.13,4.18,349525,0
2016-10-27,3.88,3.99,3.72,3.79,769678,0
2016-10-28,3.75,3.83,3.71,3.82,218749,0
2016-10-31,3.8,3.94,3.8,3.85,136132,0
2016-11-01,3.85,4.05,3.85,4.0,205319,0
2016-11-02,4.0,4.0,3.6,3.7,176206,0
2016-11-03,3.75,3.75,3.45,3.5,174352,0
2016-11-04,3.45,3.5,3.3,3.45,203503,0
2016-11-07,3.5,3.55,3.45,3.5,176931,0
2016-11-08,3.45,3.45,3.25,3.3,694485,0
2016-11-09,3.4,3.55,3.35,3.45,1060552,0
2016-11-10,3.55,3.625,3.4,3.55,407315,0
2016-11-11,3.5,3.6,3.45,3.5,90472,0
2016-11-14,3.55,3.59,3.45,3.45,104098,0
2016-11-15,3.45,3.55,3.4,3.45,123089,0
2016-11-16,3.5,3.6,3.45,3.5,121878,0
2016-11-17,3.5,3.5435,3.4,3.45,117126,0
2016-11-18,3.4,3.55,3.25,3.5,267796,0
2016-11-21,3.5,3.5,3.35,3.4,155235,0
2016-11-22,3.4,3.5,3.35,3.45,93482,0
2016-11-23,3.45,3.5,3.3651,3.45,106535,0
2016-11-25,3.45,3.45,3.35,3.4,82710,0
2016-11-28,3.45,3.45,3.35,3.4,99042,0
2016-11-29,3.4,3.5,3.35,3.45,128363,0
2016-11-30,3.45,3.5,3.4,3.4,73730,0
2016-12-01,3.45,3.45,3.3,3.4,149590,0
2016-12-02,3.4,3.55,3.35,3.45,226209,0
2016-12-05,3.45,3.5,3.4,3.45,87167,0
2016-12-06,3.4,3.45,3.4,3.45,112949,0
2016-12-07,3.4,3.55,3.4,3.5,72548,0
2016-12-08,3.5,3.8,3.45,3.7,1028640,0
2016-12-09,3.75,3.91,3.7,3.8,458885,0
2016-12-12,3.9,3.9,3.75,3.85,334848,0
2016-12-13,3.85,3.9,3.75,3.8,244067,0
2016-12-14,3.85,3.85,3.7,3.8,150181,0
2016-12-15,3.75,3.8,3.7,3.8,87882,0
2016-12-16,3.8,3.8,3.65,3.7,211684,0
2016-12-19,3.85,3.875,3.75,3.8,257294,0
2016-12-20,3.9,4.0,3.85,3.85,237841,0
2016-12-21,3.9,4.0,3.85,3.95,404715,0
2016-12-22,4.05,4.2,4.0,4.1,292447,0
2016-12-23,4.25,4.25,4.0,4.1,223854,0
2016-12-27,4.15,4.15,3.95,4.05,148046,0
2016-12-28,4.0,4.0,3.55,3.6,422318,0
2016-12-29,3.6,3.7,3.55,3.6,204108,0
2016-12-30,3.65,3.65,3.49,3.6,183971,0
2017-01-03,3.55,3.75,3.45,3.5,291232,0
2017-01-04,3.6,3.65,3.55,3.65,198729,0
2017-01-05,2.5,3.1,2.35,3.0,2224926,0
2017-01-06,2.8,2.94,2.7,2.75,484799,0
2017-01-09,2.75,2.8,2.7,2.75,223613,0
2017-01-10,2.7,2.75,2.65,2.65,254213,0
2017-01-11,2.65,2.65,2.4,2.45,458100,0
2017-01-12,2.5,2.5,2.4,2.45,150764,0
2017-01-13,2.5,2.6,2.5,2.55,192328,0
2017-01-17,2.55,3.1,2.55,2.95,780423,0
2017-01-18,3.0,3.1,2.6,2.7,567613,0
2017-01-19,2.7,2.8,2.625,2.75,187801,0
2017-01-20,2.8,2.8,2.6,2.7,127339,0
2017-01-23,2.75,2.75,2.5,2.55,205188,0
2017-01-24,2.6,2.6,2.35,2.55,260700,0
2017-01-25,2.55,2.65,2.5,2.6,62838,0
2017-01-26,2.65,2.65,2.55,2.6,56689,0
2017-01-27,2.6,2.6,2.55,2.6,92220,0
2017-01-30,2.6,2.65,2.5,2.6,76903,0
2017-01-31,3.0,3.45,2.85,3.15,3056855,0
2017-02-01,3.05,3.2,2.95,3.1,448559,0
2017-02-02,3.15,3.15,3.0,3.05,94525,0
2017-02-03,3.1,3.1,2.95,2.95,138192,0
2017-02-06,2.9,2.955,2.75,2.85,278446,0
2017-02-07,2.85,2.9,2.8,2.85,107403,0
2017-02-08,2.85,2.9,2.75,2.8,111235,0
2017-02-09,2.8,2.95,2.75,2.95,95705,0
2017-02-10,3.0,3.1,2.9,3.05,191045,0
2017-02-13,3.4,3.4,3.2,3.3,602855,0
2017-02-14,3.4,3.44,3.25,3.3,263926,0
2017-02-15,3.4,3.4,3.25,3.4,296342,0
2017-02-16,3.35,3.425,3.295,3.35,182916,0
2017-02-17,3.45,3.45,3.3,3.35,113543,0
2017-02-21,3.35,3.35,3.1,3.15,276745,0
2017-02-22,3.2,3.25,3.05,3.1,210156,0
2017-02-23,3.05,3.175,3.05,3.15,92920,0
2017-02-24,3.1,3.1,3.0,3.0,120630,0
2017-02-27,3.0,3.1,3.0,3.05,89582,0
2017-02-28,3.0,3.11,3.0,3.05,95252,0
2017-03-01,3.05,3.1,3.0,3.0,129040,0
2017-03-02,3.0,3.1,3.0,3.05,147491,0
2017-03-03,3.1,3.3,3.0,3.0,136839,0
2017-03-06,3.0,3.1,2.9,3.05,113749,0
2017-03-07,3.2,3.3,3.0,3.1,208350,0
2017-03-08,3.2,3.2,3.05,3.1,73860,0
2017-03-09,3.2,3.2,3.1,3.1,108101,0
2017-03-10,3.1,3.15,3.0,3.05,176799,0
2017-03-13,3.125,3.15,2.95,3.0,138500,0
2017-03-14,3.05,3.05,2.85,2.9,208613,0
2017-03-15,2.9,3.0,2.85,3.0,81123,0
2017-03-16,3.05,3.1,2.95,2.95,97922,0
2017-03-17,2.95,3.0,2.95,3.0,51087,0
2017-03-20,3.05,3.05,2.875,2.9,184124,0
2017-03-21,2.95,2.99,2.65,2.8,234375,0
2017-03-22,2.75,2.9,2.7,2.7,194262,0
2017-03-23,2.8,2.825,2.7,2.75,76046,0
2017-03-24,2.75,2.95,2.75,2.9,95824,0
2017-03-27,2.9,3.05,2.86,3.0,184399,0
2017-03-28,3.0,3.05,2.95,2.95,132182,0
2017-03-29,3.0,3.05,2.85,2.9,201781,0
2017-03-30,3.2,3.25,2.95,3.05,544413,0
2017-03-31,3.05,3.15,2.95,3.0,347837,0
2017-04-03,3.0,3.15,2.95,3.0,229927,0
2017-04-04,3.1,3.1,3.0,3.05,118334,0
2017-04-05,3.1,3.1,2.95,2.95,130322,0
2017-04-06,2.95,3.0,2.9,2.9,124120,0
2017-04-07,2.95,2.95,2.9,2.95,118016,0
2017-04-10,3.0,3.05,2.9,2.95,200320,0
2017-04-11,2.9,3.0,2.9,3.0,124754,0
2017-04-12,3.0,3.037,2.9,2.95,123276,0
2017-04-13,3.0,3.05,2.95,2.975,161115,0
2017-04-17,3.0,3.0,2.9,3.0,163076,0
2017-04-18,2.95,3.0,2.75,2.8,335640,0
2017-04-19,2.8,3.0,2.775,3.0,112301,0
2017-04-20,3.0,3.0,2.85,2.95,120491,0
2017-04-21,2.95,3.0,2.9,2.95,70978,0
2017-04-24,2.95,3.05,2.9,3.05,295596,0
2017-04-25,3.1,3.1,2.95,3.1,186551,0
2017-04-26,3.15,3.2,3.1,3.1,217823,0
2017-04-27,3.1,3.15,3.0,3.05,133022,0
2017-04-28,3.2,3.75,3.1,3.35,1137425,0
2017-05-01,1.4,1.5,1.3,1.35,3739553,0
2017-05-02,1.2,1.24,0.9,0.9,3459175,0
2017-05-03,0.85,1.07,0.83,0.99,2285330,0
2017-05-04,0.99,1.2,0.9,0.9214,632924,0
2017-05-05,0.95,0.99,0.85,0.89,499794,0
2017-05-08,0.88,0.95,0.88,0.9,272008,0
2017-05-09,0.9,0.9,0.7816,0.8392,555996,0
2017-05-10,0.85,0.8501,0.8012,0.8388,251078,0
2017-05-11,0.8316,0.9025,0.8038,0.8461,246722,0
2017-05-12,0.8487,0.86,0.8201,0.84,129377,0
2017-05-15,0.86,0.8909,0.82,0.85,137936,0
2017-05-16,0.8663,0.88448,0.8401,0.88,89665,0
2017-05-17,0.86,0.87,0.82,0.8473,150580,0
2017-05-18,0.89,0.8924,0.8186,0.85,149408,0
2017-05-19,0.8207,0.882,0.8207,0.86,105900,0
2017-05-22,0.86,0.88,0.849,0.8599,113946,0
2017-05-23,0.86,0.9,0.85,0.875,176273,0
2017-05-24,0.868,0.8988,0.86,0.89,81829,0
2017-05-25,0.92,0.9624,0.89,0.96,307291,0
2017-05-26,0.97,1.21,0.9501,1.18,2845396,0
2017-05-30,1.18,1.18,0.9901,1.0899,825216,0
2017-05-31,1.1,1.12,1.0,1.11,393888,0
2017-06-01,1.12,1.12,1.03,1.07,283843,0
2017-06-02,1.06,1.07,1.0,1.03,205470,0
2017-06-05,1.0,1.08,1.0,1.06,252144,0
2017-06-06,1.06,1.1,1.01,1.07,415822,0
2017-06-07,1.1,1.15,1.05,1.09,862790,0
2017-06-08,1.14,1.14,1.05,1.07,388546,0
2017-06-09,1.07,1.1,1.06,1.08,278626,0
2017-06-12,1.08,1.08,1.0,1.04,321378,0
2017-06-13,1.06,1.1,1.02,1.03,150846,0
2017-06-14,1.05,1.07,1.02,1.03,132736,0
2017-06-15,1.01,1.06,1.01,1.02,146439,0
2017-06-16,1.03,1.04,0.95,0.9676,348171,0
2017-06-19,0.95,0.99,0.9401,0.9602,165600,0
2017-06-20,0.96,0.98,0.9,0.92,208127,0
2017-06-21,0.9,0.9447,0.89,0.91,193674,0
2017-06-22,0.9,0.96,0.8903,0.96,232357,0
2017-06-23,0.97,1.0,0.95,0.965,142151,0
2017-06-26,1.0,1.0,0.9,0.951,159571,0
2017-06-27,0.93,1.02,0.93,0.9989,197435,0
2017-06-28,0.9989,1.04,0.96,0.9801,108756,0
2017-06-29,0.982,1.04,0.945,0.97,136827,0
2017-06-30,1.05,1.05,0.9701,1.0,172400,0
2017-07-03,1.0,1.04,0.9701,0.99,142640,0
2017-07-05,1.0,1.06,0.9709,0.9805,343962,0
2017-07-06,0.981,1.02,0.98,1.0001,214787,0
2017-07-07,1.02,1.02,0.9935,1.01,83489,0
2017-07-10,1.0,1.04,0.9842,1.03,89930,0
2017-07-11,1.04,1.1,1.01,1.03,444387,0
2017-07-12,1.01,1.05,1.0,1.01,116399,0
2017-07-13,1.05,1.085,1.01,1.06,247098,0
2017-07-14,1.08,1.13,1.03,1.08,508684,0
2017-07-17,1.11,1.11,1.03,1.05,393766,0
2017-07-18,1.06,1.06,1.02,1.02,373110,0
2017-07-19,1.55,2.8,1.48,2.34,61331709,0
2017-07-20,2.66,3.29,2.55,2.8,48065086,0
2017-07-21,3.2,3.22,2.65,2.87,17678903,0
2017-07-24,2.7,2.73,2.29,2.3,5143318,0
2017-07-25,2.45,2.51,2.18,2.25,5398629,0
2017-07-26,2.2,2.28,2.05,2.2,2197598,0
2017-07-27,2.11,2.32,2.08,2.11,2433830,0
2017-07-28,2.11,2.251,2.11,2.18,1917439,0
2017-07-31,2.18,2.2,1.99,2.0,1084971,0
2017-08-01,1.96,1.97,1.65,1.72,2073727,0
2017-08-02,1.74,1.8,1.62,1.62,674598,0
2017-08-03,1.6,1.8893,1.5201,1.79,1745116,0
2017-08-04,1.83,2.15,1.8,1.97,2666775,0
2017-08-07,2.0,2.08,1.85,1.9,845874,0
2017-08-08,1.94,2.01,1.79,1.82,551651,0
2017-08-09,1.75,1.86,1.7,1.8,693765,0
2017-08-10,1.8,1.8027,1.65,1.73,458512,0
2017-08-11,1.95,2.3,1.85,2.04,4477636,0
2017-08-14,2.05,2.21,2.04,2.05,1247902,0
2017-08-15,2.04,2.15,2.02,2.07,955207,0
2017-08-16,2.07,2.0899,1.95,1.95,660209,0
2017-08-17,1.95,1.96,1.83,1.84,456612,0
2017-08-18,1.87,1.88,1.67,1.88,462874,0
2017-08-21,1.89,1.92,1.8,1.92,254275,0
2017-08-22,1.9,1.91,1.83,1.91,145717,0
2017-08-23,1.85,1.89,1.81,1.86,131638,0
2017-08-24,1.85,1.85,1.8,1.81,168515,0
2017-08-25,1.8,1.98,1.8,1.94,686719,0
2017-08-28,1.91,2.04,1.91,1.97,412861,0
2017-08-29,2.0,2.0,1.85,1.88,271529,0
2017-08-30,1.87,1.9233,1.87,1.92,99864,0
2017-08-31,1.95,2.0,1.89,1.95,236975,0
2017-09-01,1.99,1.99,1.88,1.92,172787,0
2017-09-05,1.86,1.92,1.86,1.86,113786,0
2017-09-06,1.86,1.935,1.8,1.88,206275,0
2017-09-07,1.9,1.9,1.82,1.87,137538,0
2017-09-08,1.83,1.889,1.82,1.84,126436,0
2017-09-11,1.84,2.06,1.84,2.02,949910,0
2017-09-12,2.04,2.08,1.97,1.98,206208,0
2017-09-13,2.02,2.0383,1.9,1.98,187902,0
2017-09-14,1.98,1.9898,1.92,1.93,208669,0
2017-09-15,1.95,1.9751,1.9,1.91,156208,0
2017-09-18,1.94,1.99,1.91,1.98,277802,0
2017-09-19,1.98,2.19,1.968,2.1,1159069,0
2017-09-20,2.15,2.33,2.101,2.15,1548390,0
2017-09-21,2.15,2.1999,2.01,2.101,426603,0
2017-09-22,2.27,2.27,2.11,2.13,705887,0
2017-09-25,2.12,2.23,2.11,2.23,387428,0
2017-09-26,2.25,2.25,2.1,2.15,353027,0
2017-09-27,2.15,2.15,2.03,2.08,316044,0
2017-09-28,2.1,2.1286,2.05,2.11,122942,0
2017-09-29,2.08,2.12,2.02,2.03,390844,0
2017-10-02,2.05,2.13,2.0241,2.07,366667,0
2017-10-03,2.05,2.1,2.03,2.06,279502,0
2017-10-04,2.0,2.09,1.98,2.04,234807,0
2017-10-05,2.04,2.1675,2.0,2.05,792766,0
2017-10-06,2.08,2.15,2.05,2.12,324713,0
2017-10-09,2.15,2.15,2.05,2.06,227826,0
2017-10-10,2.11,2.13,2.05,2.12,251941,0
2017-10-11,2.09,2.35,2.09,2.2,2426776,0
2017-10-12,2.18,2.47,2.18,2.29,2692723,0
2017-10-13,2.31,2.36,2.24,2.26,434614,0
2017-10-16,2.29,2.2999,2.1,2.16,321409,0
2017-10-17,2.18,2.19,2.03,2.07,412127,0
2017-10-18,2.11,2.11,2.03,2.05,231106,0
2017-10-19,2.03,2.07,1.92,2.0101,368791,0
2017-10-20,2.02,2.1,1.99,2.03,168037,0
2017-10-23,2.03,2.06,1.98,2.0,147921,0
2017-10-24,1.99,2.06,1.98,1.99,121511,0
2017-10-25,1.97,2.01,1.85,1.94,394256,0
2017-10-26,1.94,1.97,1.84,1.88,362843,0
2017-10-27,1.87,1.93,1.8101,1.88,153576,0
2017-10-30,1.83,1.94,1.83,1.88,96865,0
2017-10-31,1.84,1.93,1.84,1.9,89336,0
2017-11-01,1.9,1.9,1.8598,1.89,104757,0
2017-11-02,1.86,1.9,1.84,1.87,79923,0
2017-11-03,1.86,1.93,1.8539,1.91,84127,0
2017-11-06,1.88,1.95,1.86,1.92,145973,0
2017-11-07,1.93,1.95,1.8499,1.89,348438,0
2017-11-08,1.89,1.94,1.85,1.9,218808,0
2017-11-09,1.86,2.0701,1.86,1.97,312259,0
2017-11-10,2.0,2.09,1.96,2.05,286063,0
