Date,Open,High,Low,Close,Volume,OpenInt
2014-01-02,32.3,32.37,31.32,32.08,41444,0
2014-01-03,32.08,32.83,32.08,32.43,91559,0
2014-01-06,32.51,32.89,31.76,31.98,66800,0
2014-01-07,32.04,32.65,32.03,32.33,86700,0
2014-01-08,32.42,32.61,30.05,30.81,298500,0
2014-01-09,30.87,33.3,30.51,33.21,151100,0
2014-01-10,33.03,33.34,32.35,33.24,88400,0
2014-01-13,33.24,33.24,32.29,32.65,66200,0
2014-01-14,32.88,33.38,32.45,33.27,54400,0
2014-01-15,33.39,33.5,32.61,32.81,57000,0
2014-01-16,32.66,32.66,31.76,32.0,37367,0
2014-01-17,31.91,31.91,31.3,31.64,44100,0
2014-01-21,31.54,32.83,31.21,32.8,70300,0
2014-01-22,32.79,32.79,31.02,31.04,79700,0
2014-01-23,30.79,30.79,30.1,30.63,69900,0
2014-01-24,30.32,30.54,29.06,29.6,61000,0
2014-01-27,29.78,30.82,29.02,30.0,115900,0
2014-01-28,30.02,30.98,29.78,30.72,87200,0
2014-01-29,30.54,30.54,30.09,30.39,65000,0
2014-01-30,30.56,32.05,30.2,31.23,48800,0
2014-01-31,30.84,31.46,30.34,30.41,60600,0
2014-02-03,30.829,30.829,28.08,28.45,100784,0
2014-02-04,28.3,29.21,27.815,28.7,48522,0
2014-02-05,28.65,28.95,27.553,28.16,41574,0
2014-02-06,28.33,28.64,27.72,28.2,31761,0
2014-02-07,28.36,28.48,27.41,27.43,38802,0
2014-02-10,27.38,28.84,26.8,28.4,61566,0
2014-02-11,28.876,28.876,27.5,27.59,27627,0
2014-02-12,27.68,28.02,27.215,27.71,44029,0
2014-02-13,27.94,28.95,27.65,28.6,49383,0
2014-02-14,28.61,29.02,28.485,29.0,54806,0
2014-02-18,29.44,30.66,28.82,30.66,72131,0
2014-02-19,30.08,30.75,28.33,28.43,47000,0
2014-02-20,28.58,29.5,28.45,29.15,22744,0
2014-02-21,29.35,29.6,28.45,28.67,52439,0
2014-02-24,28.63,29.24,28.52,29.02,33379,0
2014-02-25,28.52,28.9,27.69,28.01,36284,0
2014-02-26,28.1,28.28,27.75,27.97,34172,0
2014-02-27,27.73,27.91,27.225,27.75,26907,0
2014-02-28,27.92,28.18,27.25,27.42,35469,0
2014-03-03,27.16,27.5,26.2,26.62,54473,0
2014-03-04,26.98,28.36,26.98,27.58,61048,0
2014-03-05,27.14,27.6,27.1,27.32,29836,0
2014-03-06,27.48,27.48,27.2,27.32,23019,0
2014-03-07,27.3,27.38,26.94,27.1,32699,0
2014-03-10,27.15,27.43,26.69,27.25,33831,0
2014-03-11,27.71,27.89,27.23,27.34,39174,0
2014-03-12,26.9,26.96,24.25,24.73,135042,0
2014-03-13,24.72,25.21,24.41,24.64,63313,0
2014-03-14,24.48,24.77,23.67,24.15,50340,0
2014-03-17,24.23,24.54,23.96,24.28,57302,0
2014-03-18,24.33,24.73,24.33,24.7,38237,0
2014-03-19,24.6,24.84,24.54,24.63,35070,0
2014-03-20,24.61,24.95,24.54,24.93,35725,0
2014-03-21,25.04,25.04,24.25,24.26,61946,0
2014-03-24,24.24,24.24,23.07,23.37,73193,0
2014-03-25,23.38,23.79,21.77,22.21,104954,0
2014-03-26,22.57,23.02,21.76,22.6,66100,0
2014-03-27,22.6,23.39,22.39,23.19,74999,0
2014-03-28,23.23,23.985,23.23,23.46,57248,0
2014-03-31,23.61,23.91,22.94,23.1,53858,0
2014-04-01,23.49,23.52,22.77,23.11,45820,0
2014-04-02,23.15,23.37,22.69,22.9,29613,0
2014-04-03,22.99,24.13,22.88,23.34,73455,0
2014-04-04,23.47,23.5,22.4,22.83,65475,0
2014-04-07,22.55,22.83,22.22,22.72,129074,0
2014-04-08,22.67,23.47,22.67,23.08,39629,0
2014-04-09,23.15,23.31,22.72,23.08,38208,0
2014-04-10,23.13,23.22,21.91,22.57,74020,0
2014-04-11,22.29,22.73,21.9,22.14,52035,0
2014-04-14,22.45,22.45,21.71,22.17,50315,0
2014-04-15,22.21,22.27,21.08,21.87,34990,0
2014-04-16,21.96,21.96,21.528,21.74,34234,0
2014-04-17,21.63,21.81,21.1,21.73,72970,0
2014-04-21,21.84,22.17,21.71,21.86,15957,0
2014-04-22,21.96,22.46,21.74,22.02,26796,0
2014-04-23,21.98,22.128,21.32,21.33,20887,0
2014-04-24,21.64,21.84,21.0,21.378,39657,0
2014-04-25,21.2,21.75,20.65,20.74,44284,0
2014-04-28,20.57,21.3,20.57,21.01,51129,0
2014-04-29,21.18,21.48,21.13,21.27,49390,0
2014-04-30,21.17,21.58,21.08,21.47,67034,0
2014-05-01,21.17,21.59,20.98,21.42,58610,0
2014-05-02,21.61,22.46,21.58,21.88,88521,0
2014-05-05,21.58,21.82,20.81,21.51,80224,0
2014-05-06,21.34,21.68,20.18,20.28,88082,0
2014-05-07,20.5,21.17,20.01,20.75,114512,0
2014-05-08,20.61,21.55,20.61,21.3,73389,0
2014-05-09,21.18,22.642,21.18,22.59,90006,0
2014-05-12,22.95,24.507,22.79,24.29,107187,0
2014-05-13,24.22,24.28,23.11,23.17,77754,0
2014-05-14,22.78,23.09,22.15,22.27,62276,0
2014-05-15,22.59,23.22,22.25,22.71,91455,0
2014-05-16,22.78,22.81,21.95,22.5,99892,0
2014-05-19,22.43,22.67,21.98,22.2,58948,0
2014-05-20,22.15,22.15,21.41,21.49,79476,0
2014-05-21,21.52,21.66,20.81,20.95,83542,0
2014-05-22,20.93,21.38,20.17,21.09,108630,0
2014-05-23,20.99,21.71,20.79,21.36,52473,0
2014-05-27,21.43,21.97,21.2,21.92,52284,0
2014-05-28,21.11,21.83,21.0,21.09,51095,0
2014-05-29,21.12,21.63,21.02,21.27,44824,0
2014-05-30,21.22,21.75,20.26,20.54,56734,0
2014-06-02,20.66,20.73,19.88,20.16,97254,0
2014-06-03,20.13,20.27,19.9,20.12,53090,0
2014-06-04,20.04,20.3,19.91,19.98,38448,0
2014-06-05,19.99,21.4,19.74,21.26,56850,0
2014-06-06,21.49,21.84,21.09,21.24,46536,0
2014-06-09,21.23,21.96,20.782,21.83,55228,0
2014-06-10,21.82,21.96,21.61,21.84,37700,0
2014-06-11,21.73,21.8,21.24,21.59,39801,0
2014-06-12,21.6,21.6,21.02,21.21,27151,0
2014-06-13,21.22,21.23,20.84,21.185,37149,0
2014-06-16,21.07,21.07,20.21,20.71,43884,0
2014-06-17,20.87,21.5,20.8,21.18,108167,0
2014-06-18,21.14,21.44,20.643,21.22,115624,0
2014-06-19,21.22,21.4,20.71,21.04,84895,0
2014-06-20,21.11,21.96,20.81,21.81,97501,0
2014-06-23,21.81,21.88,21.3,21.81,59980,0
2014-06-24,21.525,22.365,21.5,21.53,46368,0
2014-06-25,21.47,22.25,21.4,22.03,66657,0
2014-06-26,22.0,22.1,21.38,21.78,37707,0
2014-06-27,21.6,22.49,21.5,22.33,91032,0
2014-06-30,22.39,22.57,21.55,22.08,57569,0
2014-07-01,22.1,22.77,21.92,22.47,64419,0
2014-07-02,22.4,23.11,22.34,23.01,55100,0
2014-07-03,22.98,23.51,22.97,23.25,43174,0
2014-07-07,23.16,23.16,22.585,22.905,76562,0
2014-07-08,22.86,23.64,22.61,23.5,255711,0
2014-07-09,23.56,24.16,23.2,23.77,157155,0
2014-07-10,23.3,23.68,23.285,23.49,74735,0
2014-07-11,23.4,23.73,23.15,23.49,130419,0
2014-07-14,23.49,23.6,22.94,23.53,61143,0
2014-07-15,23.5,23.6,23.0,23.42,71640,0
2014-07-16,23.48,23.92,23.48,23.6,74105,0
2014-07-17,23.48,23.58,22.96,23.1,42494,0
2014-07-18,23.1,23.64,23.02,23.62,40888,0
2014-07-21,23.46,23.77,23.32,23.59,34494,0
2014-07-22,23.72,24.29,23.41,24.1,42434,0
2014-07-23,24.1,24.1,23.002,23.49,44008,0
2014-07-24,23.6,23.64,23.06,23.34,29580,0
2014-07-25,23.1,23.35,22.8,23.09,30316,0
2014-07-28,22.87,23.11,22.69,22.98,29073,0
2014-07-29,22.92,23.3,22.79,23.17,20538,0
2014-07-30,23.36,23.66,22.75,23.59,32387,0
2014-07-31,23.3,23.51,22.76,23.44,93231,0
2014-08-01,23.47,23.74,23.11,23.54,43715,0
2014-08-04,23.57,23.57,23.16,23.43,16927,0
2014-08-05,23.25,24.15,23.25,23.89,53338,0
2014-08-06,24.82,26.326,24.63,25.33,167642,0
2014-08-07,25.47,26.03,25.41,25.44,46286,0
2014-08-08,25.46,25.91,24.71,25.39,42788,0
2014-08-11,25.62,26.87,25.4,26.76,86953,0
2014-08-12,26.76,27.0,26.07,26.19,27446,0
2014-08-13,26.31,26.93,26.22,26.51,19506,0
2014-08-14,26.64,26.98,26.42,26.96,74016,0
2014-08-15,27.18,27.18,26.0,26.32,35710,0
2014-08-18,26.46,27.179,26.13,26.97,35327,0
2014-08-19,27.78,28.405,27.27,28.1,62113,0
2014-08-20,28.07,28.22,27.3,27.54,51231,0
2014-08-21,27.58,27.94,27.04,27.5,35851,0
2014-08-22,27.52,27.8,27.01,27.59,25029,0
2014-08-25,27.77,27.998,27.51,27.78,37729,0
2014-08-26,27.92,28.35,27.92,28.26,40257,0
2014-08-27,28.38,28.76,28.16,28.47,31306,0
2014-08-28,28.35,28.422,27.67,27.84,22713,0
2014-08-29,27.84,28.11,27.62,27.98,20143,0
2014-09-02,27.95,29.07,27.95,28.76,53763,0
2014-09-03,29.06,29.173,28.06,28.71,48655,0
2014-09-04,28.67,28.85,28.1,28.53,48112,0
2014-09-05,28.38,28.68,28.07,28.48,40632,0
2014-09-08,28.48,28.48,27.56,27.88,50365,0
2014-09-09,27.7,28.3,27.001,27.35,43088,0
2014-09-10,27.42,28.15,26.85,27.97,35537,0
2014-09-11,27.89,28.43,27.72,28.34,20088,0
2014-09-12,28.25,28.47,27.61,28.15,57294,0
2014-09-15,28.15,28.49,27.06,27.36,46040,0
2014-09-16,27.34,27.96,27.23,27.48,33480,0
2014-09-17,27.4,28.07,27.18,27.91,61976,0
2014-09-18,27.96,28.48,27.66,28.33,34488,0
2014-09-19,28.23,28.46,27.44,27.96,142454,0
2014-09-22,27.77,27.85,27.17,27.48,54057,0
2014-09-23,26.7,28.19,26.7,27.76,68686,0
2014-09-24,27.74,28.12,27.4,28.04,42106,0
2014-09-25,28.03,28.03,27.25,27.66,54068,0
2014-09-26,27.74,28.07,27.09,27.42,45281,0
2014-09-29,27.04,28.0,27.04,27.51,48618,0
2014-09-30,27.58,28.47,27.14,27.17,71816,0
2014-10-01,27.16,27.48,26.42,26.54,37638,0
2014-10-02,26.51,27.39,26.18,26.97,42975,0
2014-10-03,27.14,27.8,25.51,27.05,67053,0
2014-10-06,26.81,27.3,26.4,26.89,63608,0
2014-10-07,26.77,26.8,26.38,26.44,75808,0
2014-10-08,26.51,27.55,26.395,27.2,32674,0
2014-10-09,27.29,27.34,26.26,26.57,46802,0
2014-10-10,26.89,27.46,26.45,26.68,51651,0
2014-10-13,26.63,27.69,26.32,27.19,32418,0
2014-10-14,27.4,28.06,26.75,27.14,37972,0
2014-10-15,26.52,27.6,26.5,27.29,36060,0
2014-10-16,26.85,27.89,26.83,27.29,29929,0
2014-10-17,27.7,27.7,26.61,26.77,36455,0
2014-10-20,25.014,27.64,25.014,27.6,51572,0
2014-10-21,27.52,27.908,27.28,27.38,21004,0
2014-10-22,27.33,27.95,27.08,27.25,21583,0
2014-10-23,27.01,27.76,27.01,27.44,34898,0
2014-10-24,27.58,27.88,27.13,27.62,31437,0
2014-10-27,27.176,27.61,27.095,27.48,17238,0
2014-10-28,27.6,28.27,27.398,28.04,36776,0
2014-10-29,28.35,29.33,28.0,28.68,121736,0
2014-10-30,28.99,29.15,28.463,28.75,34868,0
2014-10-31,29.27,29.6,28.85,29.44,75325,0
2014-11-03,29.63,29.75,28.89,29.68,59126,0
2014-11-04,29.5,29.97,29.28,29.77,51914,0
2014-11-05,29.52,30.0,27.99,28.48,114277,0
2014-11-06,28.61,28.98,27.87,27.97,59321,0
2014-11-07,27.87,27.87,26.775,27.05,65162,0
2014-11-10,27.09,27.61,26.78,27.45,58776,0
2014-11-11,27.43,27.43,26.9,27.04,29337,0
2014-11-12,27.02,27.13,26.57,26.86,33859,0
2014-11-13,26.86,27.13,26.39,26.57,38967,0
2014-11-14,26.48,26.88,26.32,26.77,23205,0
2014-11-17,26.66,26.75,26.25,26.35,32638,0
2014-11-18,26.36,26.82,26.27,26.41,26765,0
2014-11-19,27.12,27.95,26.38,26.74,45772,0
2014-11-20,26.58,27.15,26.55,27.07,29931,0
2014-11-21,27.48,27.49,26.95,27.19,23176,0
2014-11-24,27.2,28.29,27.2,27.96,46222,0
2014-11-25,28.16,29.09,27.88,27.97,26364,0
2014-11-26,28.03,28.25,27.6,27.8,18302,0
2014-11-28,28.06,28.26,27.3,27.61,28338,0
2014-12-01,27.75,28.42,27.64,28.01,62807,0
2014-12-02,28.47,28.99,28.32,28.64,36594,0
2014-12-03,28.64,29.27,28.464,29.06,47907,0
2014-12-04,28.91,29.3,28.665,28.9,56507,0
2014-12-05,28.91,29.49,28.83,28.94,30080,0
2014-12-08,28.94,29.36,28.68,28.83,49201,0
2014-12-09,28.79,29.74,28.27,29.63,47241,0
2014-12-10,29.39,30.0,29.23,29.26,34393,0
2014-12-11,29.56,29.99,28.88,29.11,45390,0
2014-12-12,28.76,29.52,28.76,29.04,17842,0
2014-12-15,29.11,29.52,28.43,28.54,23255,0
2014-12-16,28.57,29.92,28.52,29.51,42672,0
2014-12-17,29.51,30.04,29.245,29.94,54329,0
2014-12-18,30.03,30.48,29.66,30.3,53869,0
2014-12-19,30.22,30.5,29.786,29.85,94554,0
2014-12-22,29.96,30.14,29.525,29.71,73737,0
2014-12-23,29.8,29.8,29.46,29.59,34313,0
2014-12-24,29.59,29.69,29.27,29.53,12559,0
2014-12-26,29.67,29.73,29.27,29.59,28917,0
2014-12-29,29.59,29.65,29.0,29.11,42027,0
2014-12-30,28.98,29.31,28.627,29.12,43464,0
2014-12-31,29.13,29.249,28.75,28.95,76600,0
2015-01-02,29.02,29.255,28.34,29.0,42527,0
2015-01-05,28.91,29.31,28.59,28.91,52546,0
2015-01-06,28.92,28.98,28.1,28.69,52215,0
2015-01-07,28.83,28.83,28.295,28.68,38965,0
2015-01-08,28.9,29.76,28.71,29.59,138514,0
2015-01-09,29.6,29.84,29.372,29.5,20955,0
2015-01-12,29.52,29.98,29.02,29.77,33038,0
2015-01-13,30.01,31.26,30.01,30.19,71413,0
2015-01-14,30.28,30.53,30.02,30.24,55997,0
2015-01-15,30.36,30.54,29.73,30.36,49541,0
2015-01-16,30.25,31.03,30.25,30.87,51834,0
2015-01-20,30.99,31.44,30.685,31.24,74132,0
2015-01-21,31.1,31.31,30.81,30.9,40616,0
2015-01-22,30.91,32.06,30.82,31.97,70348,0
2015-01-23,32.02,32.07,31.55,31.58,29814,0
2015-01-26,31.43,31.66,30.92,31.14,28397,0
2015-01-27,30.9,32.18,30.85,31.7,64251,0
2015-01-28,32.048,32.048,30.69,30.78,40425,0
2015-01-29,30.76,31.34,30.175,31.24,24065,0
2015-01-30,30.91,31.13,30.2,30.36,40829,0
2015-02-02,30.38,30.38,29.19,29.48,67407,0
2015-02-03,29.69,29.88,29.28,29.54,38350,0
2015-02-04,29.5,30.24,29.5,29.96,29273,0
2015-02-05,30.06,30.525,29.99,30.21,30618,0
2015-02-06,30.16,30.59,29.81,30.0,51570,0
2015-02-09,29.94,30.23,29.63,29.73,22974,0
2015-02-10,29.78,30.34,29.58,29.96,21265,0
2015-02-11,30.33,30.53,29.98,30.3,15262,0
2015-02-12,30.36,30.64,30.17,30.51,33509,0
2015-02-13,30.47,30.92,30.39,30.88,21470,0
2015-02-17,30.82,31.17,30.54,30.99,28266,0
2015-02-18,30.82,31.33,30.65,30.8,20778,0
2015-02-19,30.81,30.98,30.33,30.35,13519,0
2015-02-20,30.43,30.57,29.3,29.46,25966,0
2015-02-23,29.44,29.49,29.101,29.44,18811,0
2015-02-24,29.4,30.04,29.13,29.59,26846,0
2015-02-25,29.0,31.36,29.0,31.15,43853,0
2015-02-26,31.2,33.42,30.99,33.2,74352,0
2015-02-27,34.0,36.18,33.69,35.62,154432,0
2015-03-02,35.99,37.37,35.99,37.28,163300,0
2015-03-03,37.28,37.71,36.28,37.34,54900,0
2015-03-04,37.34,38.4,36.83,37.67,54100,0
2015-03-05,37.9,37.9,36.63,37.02,62000,0
2015-03-06,36.86,37.75,36.55,36.58,47100,0
2015-03-09,36.85,37.7,36.85,37.32,34600,0
2015-03-10,37.17,37.58,36.65,37.31,25700,0
2015-03-11,37.07,37.79,36.72,36.83,60900,0
2015-03-12,37.01,37.72,36.46,37.34,64100,0
2015-03-13,37.21,38.63,36.88,37.07,134000,0
2015-03-16,37.61,39.77,37.61,38.27,86400,0
2015-03-17,37.86,38.89,37.62,38.58,55100,0
2015-03-18,38.53,39.17,38.02,38.62,64500,0
2015-03-19,38.45,39.22,38.06,39.06,38000,0
2015-03-20,39.35,39.91,38.81,38.81,75700,0
2015-03-23,38.9,40.32,38.4,40.12,106200,0
2015-03-24,40.09,42.22,39.9,42.05,130100,0
2015-03-25,42.0,42.75,40.99,41.11,158100,0
2015-03-26,41.05,41.07,38.76,38.93,91300,0
2015-03-27,38.73,39.93,38.73,39.75,61900,0
2015-03-30,39.75,43.38,39.75,42.16,190600,0
2015-03-31,42.2,45.93,41.535,44.71,290529,0
2015-04-01,44.7,46.83,43.51,45.17,134800,0
2015-04-02,45.41,46.75,45.41,46.55,99100,0
2015-04-06,46.76,49.31,46.76,47.08,192800,0
2015-04-07,47.15,49.41,47.15,47.76,157510,0
2015-04-08,46.8,46.99,44.5,44.92,251100,0
2015-04-09,44.92,45.59,43.35,43.94,147126,0
2015-04-10,43.94,44.13,41.77,42.2,153800,0
2015-04-13,42.33,46.72,42.33,45.99,321200,0
2015-04-14,49.58,49.71,45.5,45.58,235600,0
2015-04-15,46.0,46.68,44.518,44.88,151457,0
2015-04-16,44.9,45.59,43.59,43.84,147916,0
2015-04-17,43.55,43.57,42.17,43.24,192000,0
2015-04-20,43.37,45.66,42.69,45.14,169314,0
2015-04-21,45.38,45.85,44.05,44.82,121574,0
2015-04-22,44.73,44.79,43.26,44.6,97277,0
2015-04-23,44.41,45.51,43.72,45.31,79300,0
2015-04-24,45.61,47.531,45.355,47.11,113136,0
2015-04-27,48.0,48.46,45.06,45.17,123700,0
2015-04-28,45.01,46.46,44.18,45.55,119643,0
2015-04-29,45.16,45.79,44.32,44.9,102700,0
2015-04-30,44.68,44.74,42.26,43.28,173200,0
2015-05-01,43.5,43.91,42.82,43.52,93600,0
2015-05-04,43.6,44.23,42.74,43.26,94300,0
2015-05-05,43.17,43.94,41.13,41.89,173800,0
2015-05-06,42.95,42.95,36.38,37.93,440502,0
2015-05-07,37.76,39.269,37.391,39.05,134971,0
2015-05-08,39.19,39.44,37.79,38.5,110300,0
2015-05-11,38.5,39.37,37.79,38.95,150700,0
2015-05-12,39.47,39.47,37.31,37.36,115030,0
2015-05-13,37.7,38.12,36.7,37.0,224992,0
2015-05-14,37.25,38.42,37.23,37.88,93200,0
2015-05-15,38.26,38.82,37.5,38.81,103591,0
2015-05-18,38.6,39.11,37.765,38.64,96793,0
2015-05-19,38.68,39.7,38.215,38.85,94969,0
2015-05-20,38.97,39.46,38.54,39.32,67673,0
2015-05-21,39.31,39.31,37.77,38.09,63800,0
2015-05-22,37.94,38.45,37.31,37.92,62200,0
2015-05-26,37.6,39.21,37.6,38.2,82787,0
2015-05-27,38.15,38.41,37.65,38.22,81100,0
2015-05-28,38.17,38.4,37.52,37.74,47499,0
2015-05-29,37.63,38.72,36.68,38.4,157300,0
2015-06-01,38.45,38.75,37.94,38.36,124162,0
2015-06-02,37.86,38.92,37.86,38.56,99023,0
2015-06-03,38.6,38.6,36.02,36.82,263000,0
2015-06-04,36.42,37.12,36.05,36.59,128700,0
2015-06-05,36.91,36.99,36.02,36.98,122600,0
2015-06-08,37.28,37.38,36.55,37.06,87400,0
2015-06-09,37.19,37.49,36.85,37.16,76009,0
2015-06-10,37.43,39.11,37.27,39.01,157846,0
2015-06-11,39.17,40.06,39.08,39.79,127004,0
2015-06-12,39.5,40.07,39.04,40.0,110400,0
2015-06-15,39.74,40.0,39.36,39.58,95800,0
2015-06-16,39.59,40.12,39.38,40.01,102700,0
2015-06-17,40.16,41.38,40.08,40.87,104700,0
2015-06-18,41.17,42.09,40.14,41.96,105600,0
2015-06-19,42.1,44.37,41.62,44.11,213900,0
2015-06-22,44.15,44.43,43.82,44.32,141000,0
2015-06-23,44.12,44.12,39.293,40.14,404123,0
2015-06-24,39.9,39.95,38.25,38.89,122200,0
2015-06-25,38.96,39.81,38.4,39.27,97500,0
2015-06-26,39.2,39.83,38.8,39.16,262100,0
2015-06-29,39.16,39.67,38.45,39.24,96600,0
2015-06-30,39.54,40.07,39.18,39.91,131198,0
2015-07-01,40.04,40.06,38.76,39.54,100000,0
2015-07-02,39.54,39.6,38.52,39.21,57300,0
2015-07-06,38.99,40.18,38.66,39.66,96000,0
2015-07-07,39.64,39.69,38.59,39.56,61600,0
2015-07-08,39.31,41.33,39.31,40.97,215600,0
2015-07-09,41.4,41.55,40.49,40.62,85000,0
2015-07-10,40.96,42.76,40.87,42.32,83100,0
2015-07-13,42.34,43.47,42.34,43.07,75900,0
2015-07-14,43.08,43.1,42.13,42.81,63338,0
2015-07-15,42.68,43.31,42.53,43.2,56357,0
2015-07-16,43.4,43.95,42.88,43.33,64400,0
2015-07-17,43.38,44.24,43.14,43.97,63400,0
2015-07-20,43.99,44.08,42.97,43.23,87100,0
2015-07-21,43.12,43.78,42.09,43.38,80000,0
2015-07-22,43.53,44.4,42.89,43.85,87100,0
2015-07-23,44.12,44.85,43.64,43.88,68800,0
2015-07-24,43.7,44.32,43.05,43.59,97400,0
2015-07-27,43.2,43.47,42.09,42.48,85500,0
2015-07-28,42.66,42.94,41.57,42.64,76200,0
2015-07-29,43.0,43.54,41.82,41.97,118700,0
2015-07-30,42.33,42.33,38.62,40.0,145700,0
2015-07-31,40.33,44.33,39.32,43.76,180800,0
2015-08-03,43.76,44.9,43.54,44.66,122406,0
2015-08-04,44.85,48.48,44.66,48.01,202700,0
2015-08-05,47.94,48.91,47.76,48.22,125100,0
2015-08-06,48.44,48.96,46.895,48.39,118659,0
2015-08-07,48.78,48.78,46.97,48.24,110400,0
2015-08-10,48.38,49.91,47.16,49.74,152400,0
2015-08-11,49.77,50.24,48.59,48.74,158797,0
2015-08-12,48.15,48.91,47.0,48.33,111500,0
2015-08-13,48.31,49.9,48.12,48.58,56500,0
2015-08-14,48.46,49.53,47.48,48.29,79300,0
2015-08-17,48.08,50.24,47.89,49.53,97800,0
2015-08-18,49.57,50.48,48.67,49.24,69700,0
2015-08-19,49.0,49.15,47.75,48.65,82400,0
2015-08-20,48.02,48.5,46.89,47.06,104900,0
2015-08-21,46.29,47.28,44.79,46.84,98700,0
2015-08-24,43.7,45.38,39.68,43.66,106337,0
2015-08-25,44.17,45.13,43.47,43.78,66000,0
2015-08-26,44.66,45.4,43.68,45.24,96800,0
2015-08-27,45.48,46.19,44.3,45.45,73900,0
2015-08-28,45.25,45.83,44.46,45.43,60900,0
2015-08-31,45.04,46.19,43.99,44.3,94300,0
2015-09-01,43.31,44.38,43.17,43.99,76300,0
2015-09-02,44.41,45.67,44.02,45.47,83100,0
2015-09-03,45.77,46.23,44.73,44.74,96600,0
2015-09-04,44.38,45.72,44.24,45.38,52100,0
2015-09-08,46.02,46.2,44.62,45.32,80000,0
2015-09-09,45.62,46.53,44.52,45.69,78300,0
2015-09-10,45.49,46.409,44.82,45.14,91570,0
2015-09-11,44.85,46.17,44.68,45.55,67900,0
2015-09-14,45.63,46.17,44.89,45.83,111000,0
2015-09-15,45.92,47.11,45.59,46.97,86400,0
2015-09-16,47.01,47.86,46.08,46.95,132300,0
2015-09-17,47.04,49.17,47.03,48.29,63582,0
2015-09-18,47.69,47.94,45.01,45.2,141700,0
2015-09-21,45.63,46.11,44.09,44.81,81900,0
2015-09-22,44.48,45.2,44.01,44.86,69800,0
2015-09-23,45.0,45.91,44.4,45.66,83201,0
2015-09-24,45.53,46.05,45.05,45.9,84697,0
2015-09-25,46.21,46.21,42.83,43.39,170000,0
2015-09-28,43.27,43.35,39.44,40.92,136573,0
2015-09-29,40.83,41.32,39.58,40.17,89700,0
2015-09-30,40.76,41.32,39.46,40.05,148300,0
2015-10-01,40.27,40.27,38.87,39.66,107200,0
2015-10-02,39.29,39.88,38.85,39.14,65900,0
2015-10-05,39.36,39.79,38.02,38.85,89456,0
2015-10-06,38.88,39.13,37.36,37.75,115400,0
2015-10-07,37.84,38.72,37.03,38.57,124749,0
2015-10-08,38.42,39.32,38.15,39.11,84700,0
2015-10-09,39.16,40.04,39.14,39.82,77900,0
2015-10-12,39.86,40.63,39.45,40.29,54797,0
2015-10-13,40.29,41.11,39.33,39.61,50300,0
2015-10-14,39.54,40.21,38.67,38.75,38600,0
2015-10-15,38.73,41.0,38.21,40.75,53300,0
2015-10-16,40.92,41.71,40.06,40.86,44500,0
2015-10-19,40.1,41.74,40.1,41.12,44825,0
2015-10-20,41.01,41.92,41.01,41.42,56000,0
2015-10-21,41.42,41.64,40.57,41.36,48400,0
2015-10-22,41.58,41.58,37.62,38.03,122400,0
2015-10-23,38.3,40.9,38.17,40.83,40500,0
2015-10-26,40.64,40.98,39.36,39.81,59000,0
2015-10-27,39.82,40.9,39.58,40.35,78900,0
2015-10-28,39.6,41.8,39.6,41.48,93200,0
2015-10-29,41.52,41.97,40.96,41.5,92300,0
2015-10-30,41.38,41.98,40.84,41.38,67500,0
2015-11-02,41.24,42.69,41.24,42.4,42256,0
2015-11-03,42.2,43.0,41.67,41.88,49947,0
2015-11-04,42.09,42.88,41.05,42.29,83896,0
2015-11-05,42.3,43.45,41.9,43.45,176400,0
2015-11-06,43.24,45.17,43.0,44.7,58900,0
2015-11-09,44.5,44.575,42.71,43.74,50603,0
2015-11-10,43.75,44.27,42.87,43.59,55600,0
2015-11-11,43.73,43.73,41.77,41.8,52100,0
2015-11-12,41.45,41.93,39.72,40.98,41900,0
2015-11-13,40.8,41.75,40.49,41.34,61900,0
2015-11-16,41.22,41.49,40.17,40.41,54200,0
2015-11-17,40.52,40.85,39.66,39.94,46900,0
2015-11-18,40.23,41.45,39.38,41.15,55100,0
2015-11-19,40.96,40.96,39.27,39.47,69700,0
2015-11-20,39.75,41.04,39.74,40.91,50800,0
2015-11-23,40.55,42.63,40.55,42.23,45200,0
2015-11-24,41.89,42.94,41.3,41.89,50800,0
2015-11-25,41.85,42.46,41.85,42.05,18000,0
2015-11-27,42.23,42.91,42.1,42.56,26200,0
2015-11-30,42.66,42.92,42.28,42.37,49800,0
2015-12-01,42.4,42.67,41.68,42.05,53446,0
2015-12-02,42.04,42.75,41.9,42.23,59675,0
2015-12-03,42.29,42.29,39.6,39.87,50798,0
2015-12-04,39.73,41.28,39.55,40.95,64800,0
2015-12-07,41.18,41.18,39.32,39.61,55000,0
2015-12-08,39.22,40.36,38.63,39.86,71879,0
2015-12-09,39.13,39.77,38.04,38.1,71100,0
2015-12-10,38.2,39.84,37.35,39.22,108600,0
2015-12-11,38.61,39.57,37.51,38.87,59200,0
2015-12-14,39.36,39.36,37.64,38.38,70544,0
2015-12-15,38.43,39.34,37.5,38.81,54000,0
2015-12-16,39.3,39.67,38.72,39.4,55100,0
2015-12-17,39.52,40.41,39.06,39.2,57800,0
2015-12-18,38.98,40.18,38.51,39.59,331600,0
2015-12-21,39.69,40.07,38.95,40.07,74900,0
2015-12-22,40.1,40.57,39.52,40.21,89837,0
2015-12-23,40.37,40.37,39.52,39.62,52800,0
2015-12-24,39.43,39.66,38.99,38.99,31825,0
2015-12-28,38.84,39.46,38.32,38.86,82471,0
2015-12-29,39.08,40.0,38.86,39.53,50056,0
2015-12-30,39.47,39.47,38.43,38.68,45400,0
2015-12-31,38.51,38.85,38.1,38.23,119137,0
2016-01-04,37.91,38.23,37.52,38.14,71351,0
2016-01-05,38.15,40.62,37.45,40.04,71071,0
2016-01-06,39.96,40.74,39.68,40.58,107771,0
2016-01-07,39.75,40.48,39.56,39.94,69888,0
2016-01-08,40.68,41.99,39.82,40.7,183442,0
2016-01-11,41.22,41.95,40.35,40.78,81841,0
2016-01-12,41.34,42.27,39.65,40.11,55721,0
2016-01-13,40.15,40.78,37.63,38.34,110540,0
2016-01-14,38.7,39.41,37.4518,38.5,48804,0
2016-01-15,37.76,38.62,36.76,38.51,80875,0
2016-01-19,38.78,39.46,37.45,38.14,57300,0
2016-01-20,37.49,39.02,36.37,38.38,53053,0
2016-01-21,38.64,39.07,37.33,37.81,52304,0
2016-01-22,38.18,38.64,37.57,38.45,27139,0
2016-01-25,38.35,39.125,38.02,38.21,49607,0
2016-01-26,38.32,39.32,36.61,38.93,71315,0
2016-01-27,38.87,38.87,37.25,37.5,49499,0
2016-01-28,37.76,37.76,36.27,36.56,46846,0
2016-01-29,36.79,38.32,36.42,38.21,63048,0
2016-02-01,38.0,39.32,37.6361,38.96,152665,0
2016-02-02,38.64,38.79,37.5,37.91,36359,0
2016-02-03,38.03,38.41,36.31,36.72,71663,0
2016-02-04,36.41,37.1421,35.86,36.72,33342,0
2016-02-05,36.65,37.77,35.29,35.59,53368,0
2016-02-08,35.41,36.285,34.08,34.85,40168,0
2016-02-09,34.34,35.64,34.14,35.08,39415,0
2016-02-10,35.9575,36.59,35.12,35.61,30615,0
2016-02-11,35.03,35.94,34.805,35.33,54873,0
2016-02-12,36.12,36.33,34.34,36.16,134471,0
2016-02-16,36.31,37.63,36.16,36.7,80349,0
2016-02-17,36.86,37.57,35.875,37.24,71199,0
2016-02-18,37.45,37.785,37.0,37.19,37568,0
2016-02-19,37.04,37.75,37.03,37.31,50656,0
2016-02-22,37.48,38.65,37.48,37.7,44651,0
2016-02-23,37.49,38.895,37.2,37.97,45055,0
2016-02-24,39.53,39.53,37.23,38.57,67241,0
2016-02-25,38.95,39.4,38.35,38.95,35746,0
2016-02-26,39.01,39.29,38.18,38.58,51798,0
2016-02-29,38.53,38.69,37.53,37.76,48969,0
2016-03-01,37.97,39.19,37.5,39.08,63803,0
2016-03-02,38.7,39.16,34.36,34.62,160326,0
2016-03-03,34.62,37.12,34.1,36.97,95949,0
2016-03-04,36.88,37.21,35.79,36.03,90103,0
2016-03-07,35.94,37.29,35.3001,37.16,61686,0
2016-03-08,37.15,37.42,36.32,36.86,63623,0
2016-03-09,36.99,37.86,36.44,37.61,51063,0
2016-03-10,37.03,38.01,36.54,36.61,37781,0
2016-03-11,36.83,37.43,36.83,37.29,40389,0
2016-03-14,36.89,37.79,36.55,37.27,64634,0
2016-03-15,37.09,37.13,35.57,35.76,57757,0
2016-03-16,35.69,36.35,35.2,35.83,57859,0
2016-03-17,35.88,35.88,34.49,35.19,93477,0
2016-03-18,35.35,36.39,34.58,35.68,139669,0
2016-03-21,35.58,36.09,35.32,35.47,57687,0
2016-03-22,35.28,35.43,34.87,35.18,45601,0
2016-03-23,35.22,35.51,34.91,35.07,45982,0
2016-03-24,34.92,35.17,34.5912,34.92,36485,0
2016-03-28,34.96,35.5899,34.73,35.27,38480,0
2016-03-29,35.22,37.22,34.9636,36.94,70593,0
2016-03-30,37.33,37.71,36.575,36.91,46658,0
2016-03-31,36.88,37.3185,36.87,37.24,101944,0
2016-04-01,37.04,37.3,36.5,37.06,59818,0
2016-04-04,37.16,37.91,37.01,37.3,54232,0
2016-04-05,37.14,37.23,36.285,36.78,72698,0
2016-04-06,36.855,37.07,36.64,37.01,33936,0
2016-04-07,36.72,37.23,36.38,37.17,72803,0
2016-04-08,37.38,38.0,37.16,37.38,40297,0
2016-04-11,37.65,38.1,36.67,36.75,29741,0
2016-04-12,36.83,37.48,36.54,36.88,19266,0
2016-04-13,37.14,37.48,36.58,37.21,65751,0
2016-04-14,37.2,38.49,37.2,38.3,52377,0
2016-04-15,38.1,39.1,37.34,38.94,31302,0
2016-04-18,38.71,40.15,38.71,40.11,53182,0
2016-04-19,40.39,40.75,39.77,40.36,41902,0
2016-04-20,40.31,41.47,40.1301,41.17,51136,0
2016-04-21,41.205,41.72,41.205,41.42,32895,0
2016-04-22,41.02,42.69,41.02,42.27,71401,0
2016-04-25,42.22,42.55,41.56,41.93,41410,0
2016-04-26,41.82,42.7,41.49,42.5,36906,0
2016-04-27,42.38,43.7,41.7501,43.3,50493,0
2016-04-28,42.98,43.88,41.3701,42.86,55901,0
2016-04-29,42.56,43.09,41.6,42.01,36297,0
2016-05-02,42.09,42.37,41.65,42.11,46024,0
2016-05-03,41.8,42.6,41.66,42.13,42380,0
2016-05-04,42.12,42.12,39.525,39.99,94064,0
2016-05-05,39.84,40.2,38.85,39.63,55845,0
2016-05-06,39.5,40.79,39.5,40.72,40821,0
2016-05-09,40.8,42.155,40.8,41.95,58817,0
2016-05-10,41.98,41.99,41.22,41.74,32405,0
2016-05-11,41.465,42.21,41.24,41.34,34996,0
2016-05-12,41.2,41.68,39.6,40.02,55227,0
2016-05-13,39.88,40.5,39.88,40.29,24276,0
2016-05-16,40.3,40.8,40.04,40.23,43091,0
2016-05-17,40.28,41.56,39.86,40.24,76645,0
2016-05-18,40.16,42.31,40.16,42.2,51974,0
2016-05-19,42.07,43.12,41.9,42.27,41066,0
2016-05-20,42.55,42.7913,42.17,42.54,24901,0
2016-05-23,42.68,42.85,42.1,42.31,78811,0
2016-05-24,42.63,43.72,42.32,43.26,51723,0
2016-05-25,43.32,43.785,42.37,42.69,29100,0
2016-05-26,42.78,42.78,41.64,41.81,38435,0
2016-05-27,41.85,42.22,41.0,41.85,37094,0
2016-05-31,42.13,42.13,41.39,41.81,53544,0
2016-06-01,41.61,42.815,41.44,42.65,99459,0
2016-06-02,42.55,43.09,42.27,42.9,79725,0
2016-06-03,42.74,42.74,41.94,42.06,30189,0
2016-06-06,42.17,42.66,41.92,42.55,36885,0
2016-06-07,42.55,42.925,42.3,42.46,29744,0
2016-06-08,42.47,43.15,42.43,42.94,50342,0
2016-06-09,42.8,43.38,42.59,42.92,27839,0
2016-06-10,42.65,42.95,42.07,42.11,29720,0
2016-06-13,41.89,42.49,41.02,41.71,65388,0
2016-06-14,41.49,43.11,41.37,43.0,76374,0
2016-06-15,43.03,43.4,42.27,43.25,106344,0
2016-06-16,43.0,44.08,42.75,44.055,81218,0
2016-06-17,43.89,44.01,42.25,42.54,75648,0
2016-06-20,42.99,42.99,42.42,42.49,37841,0
2016-06-21,42.48,42.96,41.89,42.63,33891,0
2016-06-22,42.64,43.46,41.96,42.06,45307,0
2016-06-23,42.32,43.02,41.0,43.0,54181,0
2016-06-24,41.41,43.05,41.09,43.0,215177,0
2016-06-27,42.61,43.02,41.77,42.86,73014,0
2016-06-28,43.12,43.26,42.14,43.07,105275,0
2016-06-29,43.69,43.9,42.56,42.74,46203,0
2016-06-30,43.0,43.05,41.02,42.61,38698,0
2016-07-01,42.63,43.14,41.01,43.03,54293,0
2016-07-05,42.85,42.85,42.33,42.61,36717,0
2016-07-06,42.31,44.17,41.88,44.17,91152,0
2016-07-07,44.04,44.53,42.3,44.31,46827,0
2016-07-08,44.51,44.64,44.21,44.39,41487,0
2016-07-11,44.29,44.29,43.71,44.07,53446,0
2016-07-12,44.1,44.52,43.66,44.0,90097,0
2016-07-13,44.18,44.18,43.61,43.77,51896,0
2016-07-14,43.88,43.88,42.18,42.55,52713,0
2016-07-15,42.37,42.75,41.98,42.45,57644,0
2016-07-18,42.62,42.66,42.1537,42.36,41130,0
2016-07-19,42.29,42.54,41.97,42.03,53692,0
2016-07-20,42.2,42.61,41.92,42.24,65709,0
2016-07-21,42.12,42.28,41.61,42.05,52497,0
2016-07-22,41.96,42.71,41.75,42.28,33628,0
2016-07-25,42.17,42.17,40.55,40.8,50755,0
2016-07-26,40.78,41.08,40.3,40.46,73621,0
2016-07-27,40.42,40.5,40.02,40.17,65310,0
2016-07-28,40.01,40.375,39.985,40.0,56181,0
2016-07-29,40.01,40.11,39.535,39.79,69746,0
2016-08-01,39.78,40.33,39.52,40.05,53391,0
2016-08-02,39.89,40.47,39.36,39.56,110086,0
2016-08-03,39.79,40.98,39.4,40.67,40102,0
2016-08-04,40.69,41.489,39.26,39.36,39424,0
2016-08-05,39.73,39.94,39.1,39.23,43345,0
2016-08-08,39.26,39.26,38.19,38.35,48192,0
2016-08-09,38.35,39.66,37.96,39.64,92962,0
2016-08-10,39.56,39.795,39.0,39.66,58126,0
2016-08-11,39.67,39.72,39.13,39.6,47768,0
2016-08-12,39.6,40.09,39.38,39.58,21662,0
2016-08-15,39.61,39.93,39.1,39.74,72075,0
2016-08-16,39.55,40.1,39.03,39.15,33386,0
2016-08-17,38.49,38.49,38.0,38.21,53467,0
2016-08-18,38.09,38.76,38.08,38.38,26373,0
2016-08-19,38.31,38.32,37.25,37.64,58654,0
2016-08-22,37.72,38.18,37.24,37.93,32945,0
2016-08-23,37.765,38.239,37.52,37.62,34811,0
2016-08-24,37.63,37.715,37.0096,37.09,38333,0
2016-08-25,37.07,37.17,36.62,36.68,27708,0
2016-08-26,36.63,36.87,36.26,36.55,41650,0
2016-08-29,36.42,37.63,36.41,37.3,76974,0
2016-08-30,37.27,37.27,36.02,37.06,34119,0
2016-08-31,37.08,37.08,36.35,36.83,58196,0
2016-09-01,36.92,36.92,36.25,36.41,35019,0
2016-09-02,36.47,37.07,36.29,36.63,83675,0
2016-09-06,36.77,36.85,36.39,36.73,76234,0
2016-09-07,36.68,37.01,35.82,35.99,102928,0
2016-09-08,35.99,36.61,35.685,36.03,170903,0
2016-09-09,35.86,35.91,35.51,35.57,26447,0
2016-09-12,35.48,36.48,35.4,36.34,42120,0
2016-09-13,36.3,36.32,35.78,36.04,29533,0
2016-09-14,36.11,36.14,35.31,35.41,23629,0
2016-09-15,35.45,35.8354,35.21,35.62,22929,0
2016-09-16,35.65,36.01,35.2478,35.8,49423,0
2016-09-19,35.94,36.34,35.38,35.44,27177,0
2016-09-20,35.67,36.075,35.35,36.0,43963,0
2016-09-21,35.92,36.76,35.8,36.6,25725,0
2016-09-22,36.71,37.2,36.67,37.11,26126,0
2016-09-23,36.87,37.34,36.64,36.7,24560,0
2016-09-26,36.63,36.7,36.2,36.24,22695,0
2016-09-27,36.23,36.47,36.06,36.39,28806,0
2016-09-28,36.32,37.14,36.32,37.13,40586,0
2016-09-29,36.93,36.93,35.92,35.92,23964,0
2016-09-30,36.15,36.95,35.96,36.77,33261,0
2016-10-03,36.56,36.56,35.89,36.21,31762,0
2016-10-04,36.19,37.25,36.19,37.25,47122,0
2016-10-05,37.4,37.98,37.15,37.67,45392,0
2016-10-06,37.64,37.64,36.94,37.01,39238,0
2016-10-07,37.05,37.21,36.25,37.1,64702,0
2016-10-10,37.29,37.82,37.1,37.46,58165,0
2016-10-11,37.42,37.42,36.79,37.01,37922,0
2016-10-12,36.88,37.22,36.86,37.03,29692,0
2016-10-13,36.77,37.06,36.6,36.73,15935,0
2016-10-14,36.85,37.28,36.39,36.48,37079,0
2016-10-17,38.05,40.05,38.05,38.75,177148,0
2016-10-18,39.3,41.0,39.3,40.8,137397,0
2016-10-19,41.45,42.45,40.8817,42.05,128942,0
2016-10-20,41.9,42.25,41.65,41.85,30681,0
2016-10-21,41.8,42.425,38.655,41.4,34233,0
2016-10-24,41.4,41.85,40.3,41.6,49800,0
2016-10-25,41.4,41.65,40.6,41.15,23970,0
2016-10-26,41.1,41.1,39.95,40.2,40111,0
2016-10-27,39.95,40.25,39.45,39.55,37209,0
2016-10-28,39.45,39.775,38.65,39.0,60243,0
2016-10-31,39.15,39.6,38.6,39.25,118854,0
2016-11-01,39.25,41.1,38.4,38.8,98360,0
2016-11-02,41.0,42.2,40.05,40.2,242485,0
2016-11-03,42.4,42.4,40.55,40.75,258785,0
2016-11-04,40.65,41.05,38.2262,40.35,61902,0
2016-11-07,40.6,41.2,40.5,40.65,45697,0
2016-11-08,40.4,40.5,39.9,40.15,58179,0
2016-11-09,40.0,40.95,38.05,40.35,77922,0
2016-11-10,40.9,41.55,40.2,40.95,79140,0
2016-11-11,41.2,41.2,40.225,40.95,76495,0
2016-11-14,41.5,43.1059,41.45,43.05,121444,0
2016-11-15,42.9,42.9,42.1,42.1,132066,0
2016-11-16,42.0,42.75,42.0,42.3,48238,0
2016-11-17,42.2,43.0,41.8,41.95,66666,0
2016-11-18,42.0,43.1,41.4,41.45,80970,0
2016-11-21,41.55,41.9,41.2,41.3,73225,0
2016-11-22,41.5,41.55,40.95,41.15,57626,0
2016-11-23,41.1,42.1,40.9,41.95,44244,0
2016-11-25,41.85,42.7,40.6,41.65,56450,0
2016-11-28,41.6,41.825,41.3,41.45,46513,0
2016-11-29,41.75,41.9,41.1,41.15,55658,0
2016-11-30,41.3,41.3,40.1,40.2,65682,0
2016-12-01,40.2,41.65,40.2,40.8,65953,0
2016-12-02,40.9,41.25,40.4,40.55,29461,0
2016-12-05,40.7,41.1,40.5,40.65,73863,0
2016-12-06,40.7,40.95,39.95,40.0,113520,0
2016-12-07,39.7,40.35,39.6001,39.85,62026,0
2016-12-08,39.9,40.1,39.3421,39.9,88603,0
2016-12-09,40.0,40.3,39.625,40.05,99049,0
2016-12-12,39.8,41.05,39.35,40.85,130728,0
2016-12-13,41.0,41.3625,40.0,40.65,178845,0
2016-12-14,40.7,40.7,39.85,40.4,75396,0
2016-12-15,40.45,42.65,40.375,42.6,282719,0
2016-12-16,42.8,44.05,42.75,43.8,202412,0
2016-12-19,43.75,44.85,43.75,43.95,133112,0
2016-12-20,43.95,44.5,43.45,43.85,51819,0
2016-12-21,43.8,45.0,43.8,44.7,83857,0
2016-12-22,44.35,45.0,44.0,44.6,61937,0
2016-12-23,44.529,45.0501,44.2,44.85,50673,0
2016-12-27,44.95,45.45,44.25,44.5,62449,0
2016-12-28,44.2,44.55,43.65,44.4,75224,0
2016-12-29,44.2,44.85,44.05,44.5,63606,0
2016-12-30,44.5,44.625,43.7,44.1,39720,0
2017-01-03,44.5,45.6,44.3,45.4,78873,0
2017-01-04,45.65,46.4,45.1,46.2,93288,0
2017-01-05,46.25,46.45,45.3,45.3,62468,0
2017-01-06,45.3,46.3,44.9,45.8,131948,0
2017-01-09,45.75,45.75,44.3,45.7,67623,0
2017-01-10,45.65,46.45,45.65,46.1,63975,0
2017-01-11,46.15,46.8,44.996,46.55,65212,0
2017-01-12,46.65,46.9,45.4,46.3,40840,0
2017-01-13,46.45,47.25,46.275,47.2,61987,0
2017-01-17,46.9,48.05,46.6,47.9,150641,0
2017-01-18,45.35,47.29,45.2,47.15,256779,0
2017-01-19,47.0,47.0,44.65,46.15,261817,0
2017-01-20,46.35,47.15,45.55,45.8,2378427,0
2017-01-23,45.7,46.95,45.5,46.75,283020,0
2017-01-24,46.5,47.025,45.65,46.7,296385,0
2017-01-25,46.75,47.55,46.45,47.45,365132,0
2017-01-26,47.3,47.6,46.95,47.5,232027,0
2017-01-27,47.25,47.9,46.801,47.35,203120,0
2017-01-30,47.3,47.35,46.4,46.65,226623,0
2017-01-31,46.75,47.55,45.85,47.25,312572,0
2017-02-01,47.2,47.9,47.0,47.5,91994,0
2017-02-02,47.45,48.1,47.1,48.05,125252,0
2017-02-03,48.4,48.4,45.8448,48.0,86737,0
2017-02-06,47.9,48.05,47.25,47.75,112286,0
2017-02-07,47.8,47.85,47.0,47.05,103278,0
2017-02-08,46.95,47.3,46.2,47.0,157252,0
2017-02-09,47.1,47.725,46.75,47.35,95618,0
2017-02-10,47.3,47.6,46.9,47.4,135682,0
2017-02-13,47.35,47.7,46.9,47.4,122700,0
2017-02-14,47.2,47.6,47.05,47.4,111237,0
2017-02-15,47.2,48.535,47.2,48.4,171565,0
2017-02-16,48.35,48.4,47.85,48.4,127669,0
2017-02-17,48.3,48.45,47.85,48.15,121699,0
2017-02-21,48.05,48.45,47.7,48.3,106288,0
2017-02-22,48.25,49.3,48.23,49.05,87195,0
2017-02-23,49.3,49.375,48.5,49.2,118167,0
2017-02-24,49.25,49.6,49.25,49.5,82964,0
2017-02-27,49.4,50.1,48.71,50.0,165237,0
2017-02-28,49.8,49.8,47.8217,49.65,182769,0
2017-03-01,49.95,50.1,48.8,49.75,221451,0
2017-03-02,49.55,50.0,49.3,49.5,152783,0
2017-03-03,49.4,49.85,49.0,49.475,175297,0
2017-03-06,49.4,49.9,48.35,49.35,141838,0
2017-03-07,49.1,49.15,47.8,48.1,96537,0
2017-03-08,48.7,50.975,48.0,48.55,224358,0
2017-03-09,48.55,48.6,47.2,48.0,194656,0
2017-03-10,48.25,49.35,48.0,49.1,110289,0
2017-03-13,49.05,49.25,48.4,48.75,97297,0
2017-03-14,48.5,48.5,47.9,48.2,91851,0
2017-03-15,48.3,49.245,47.4211,49.0,110713,0
2017-03-16,49.1,49.35,47.75,48.15,91839,0
2017-03-17,47.95,48.65,47.75,48.55,180849,0
2017-03-20,48.5,48.6,47.85,48.2,57691,0
2017-03-21,48.25,48.35,47.3,47.35,82546,0
2017-03-22,47.35,47.35,46.3,47.1,125227,0
2017-03-23,47.1,47.9,46.85,47.75,79358,0
2017-03-24,47.75,48.25,47.65,47.9,73207,0
2017-03-27,48.1,48.9,47.8,48.9,73906,0
2017-03-28,48.8,49.15,48.4,48.875,108682,0
2017-03-29,49.0,49.35,48.7,48.9,84506,0
2017-03-30,48.9,49.05,48.6,48.9,63187,0
2017-03-31,48.8,49.25,48.4,48.6,129513,0
2017-04-03,48.6,48.85,48.0,48.2,75672,0
2017-04-04,48.1,48.2,47.35,47.85,73126,0
2017-04-05,47.95,48.3,47.05,47.3,87158,0
2017-04-06,47.25,47.85,46.85,47.7,88124,0
2017-04-07,47.7,47.9,47.25,47.3,54600,0
2017-04-10,47.0,47.8,46.75,47.3,72358,0
2017-04-11,47.25,47.65,46.875,47.2,77991,0
2017-04-12,47.2,47.25,46.55,47.05,87507,0
2017-04-13,46.75,47.1,46.525,46.9,54894,0
2017-04-17,46.9,47.2,46.65,47.05,58672,0
2017-04-18,46.8,46.95,46.1,46.2,114100,0
2017-04-19,46.4,46.65,46.2,46.3,99917,0
2017-04-20,46.5,47.85,46.15,47.45,172420,0
2017-04-21,47.5,47.75,47.0,47.4,65987,0
2017-04-24,47.95,48.35,47.45,47.65,69233,0
2017-04-25,47.9,48.5999,47.8,48.35,103452,0
2017-04-26,48.05,49.4,48.05,49.25,110407,0
2017-04-27,49.3,49.95,49.3,49.5,104279,0
2017-04-28,49.6,49.75,49.35,49.65,76358,0
2017-05-01,49.45,50.6,49.4,50.4,102204,0
2017-05-02,50.5,50.85,50.05,50.5,84035,0
2017-05-03,50.6,50.6,49.35,49.65,87928,0
2017-05-04,49.85,50.175,49.3,50.1,77959,0
2017-05-05,50.2,50.3,49.65,49.7,129576,0
2017-05-08,49.75,50.05,49.25,49.45,55226,0
2017-05-09,49.15,50.15,49.15,49.65,137217,0
2017-05-10,50.75,57.9,50.75,57.3,345044,0
2017-05-11,57.25,57.55,56.65,57.25,133058,0
2017-05-12,57.05,57.25,55.45,56.7,93995,0
2017-05-15,56.6,57.4,55.9,56.3,160273,0
2017-05-16,56.45,56.9,56.2,56.75,94115,0
2017-05-17,56.35,57.05,54.9559,56.15,109845,0
2017-05-18,56.0,57.15,56.0,56.45,153083,0
2017-05-19,56.35,57.1,56.1,56.15,240520,0
2017-05-22,56.15,56.5,55.55,55.7,90124,0
2017-05-23,55.7,56.4,55.3,56.35,114991,0
2017-05-24,55.25,56.9,55.25,56.75,86462,0
2017-05-25,57.1,58.1,56.5,57.8,83361,0
2017-05-26,57.8,58.35,57.25,58.15,81262,0
2017-05-30,58.7,58.7,57.8,58.3,120377,0
2017-05-31,58.55,59.5272,56.9,57.4,72239,0
2017-06-01,57.5,59.0,57.4,58.7,92179,0
2017-06-02,58.85,59.65,58.7,59.3,85096,0
2017-06-05,59.4,59.4,58.125,58.75,76281,0
2017-06-06,58.4,60.45,58.4,60.45,113770,0
2017-06-07,60.55,60.85,59.85,60.45,104797,0
2017-06-08,60.4,61.5,60.375,60.75,47456,0
2017-06-09,60.9,62.1,60.3,62.0,85507,0
2017-06-12,61.85,62.0,60.5,60.95,63680,0
2017-06-13,60.6125,61.6,60.575,61.1,65608,0
2017-06-14,61.35,62.3,61.25,61.6,56724,0
2017-06-15,61.1,62.3828,61.1,61.45,77452,0
2017-06-16,61.15,61.7,60.35,60.55,122666,0
2017-06-19,60.75,61.15,60.45,60.8,70006,0
2017-06-20,60.75,61.8,60.75,61.3,62001,0
2017-06-21,61.51,61.95,60.95,61.55,94867,0
2017-06-22,61.5,62.35,61.4001,62.25,66860,0
2017-06-23,62.3,62.35,61.6,62.0,201885,0
2017-06-26,62.0,62.95,61.7,62.0,119367,0
2017-06-27,62.15,62.15,60.2,60.45,124805,0
2017-06-28,60.65,61.75,60.55,61.25,170168,0
2017-06-29,60.9,61.3,60.4,61.1,66845,0
2017-06-30,61.2,61.95,60.95,61.65,47125,0
2017-07-03,61.65,62.05,61.25,61.8,32919,0
2017-07-05,61.75,62.5,61.15,62.45,55810,0
2017-07-06,62.0,62.0,59.65,60.5,127170,0
2017-07-07,60.75,61.75,60.25,61.3,62335,0
2017-07-10,59.75,59.75,54.9,57.7,238292,0
2017-07-11,57.7,58.125,56.8,57.55,109874,0
2017-07-12,57.75,58.2,57.4,57.95,115949,0
2017-07-13,58.0,58.3,56.0,58.0,157135,0
2017-07-14,58.0,58.8,57.8003,58.55,55976,0
2017-07-17,58.75,59.2,58.1,58.25,80346,0
2017-07-18,58.2,58.2,57.35,57.55,50708,0
2017-07-19,57.8,58.25,57.35,57.5,44443,0
2017-07-20,57.5,58.1,57.418,57.75,33450,0
2017-07-21,58.05,58.05,56.75,57.15,77259,0
2017-07-24,56.7,57.25,56.1,56.85,52904,0
2017-07-25,57.15,57.55,56.5,56.7,78411,0
2017-07-26,45.25,50.45,44.25,48.95,634997,0
2017-07-27,48.7,49.65,47.8,48.65,389969,0
2017-07-28,48.65,49.8,48.65,49.75,164833,0
2017-07-31,49.8,49.9,48.575,49.5,148639,0
2017-08-01,49.85,49.85,48.0,48.05,119948,0
2017-08-02,48.4,48.4,47.1,47.5,165360,0
2017-08-03,47.55,47.65,46.65,47.2,159101,0
2017-08-04,47.25,47.9,46.55,47.75,102564,0
2017-08-07,47.85,47.9,47.4,47.65,119635,0
2017-08-08,47.7,48.35,47.15,48.2,217758,0
2017-08-09,46.65,49.25,46.15,47.2,250847,0
2017-08-10,46.8,47.3,46.25,47.0,103969,0
2017-08-11,47.1,47.45,46.7,47.1,137775,0
2017-08-14,47.45,48.35,47.05,47.9,93936,0
2017-08-15,47.95,48.5586,47.65,48.15,81030,0
2017-08-16,48.4,49.35,48.1,49.25,159012,0
2017-08-17,49.05,49.25,47.95,48.525,124141,0
2017-08-18,48.35,49.325,47.85,48.95,245764,0
2017-08-21,49.1,49.1,48.1,48.65,67827,0
2017-08-22,48.4,48.75,48.1,48.25,71352,0
2017-08-23,48.05,48.25,47.5,48.2,75551,0
2017-08-24,48.4,48.75,46.95,47.05,158642,0
2017-08-25,47.2,47.3,46.6,46.7,137747,0
2017-08-28,46.85,48.2,46.85,47.5,146304,0
2017-08-29,47.35,47.55,46.575,46.75,95573,0
2017-08-30,46.8,47.1,46.4,46.85,128508,0
2017-08-31,46.95,49.25,46.85,48.7,159770,0
2017-09-01,48.9,49.2,48.25,49.1,55117,0
2017-09-05,49.0,51.1,48.95,50.4,174928,0
2017-09-06,50.75,50.75,48.75,49.8,120473,0
2017-09-07,49.85,50.175,49.375,49.5,121801,0
2017-09-08,49.4,49.6,48.05,48.8,85794,0
2017-09-11,49.05,49.475,47.85,48.0,121303,0
2017-09-12,48.15,48.15,47.4,48.1,86945,0
2017-09-13,48.05,48.6,47.75,48.35,68068,0
2017-09-14,48.2,48.95,48.0,48.55,139502,0
2017-09-15,48.65,48.725,47.4,48.25,291969,0
2017-09-18,48.25,48.5,47.25,47.4,62134,0
2017-09-19,47.4,47.4,45.6,45.9,97744,0
2017-09-20,45.55,46.4,45.55,46.3,63613,0
2017-09-21,46.35,46.8,46.0,46.45,228855,0
2017-09-22,46.7,47.3,46.3,47.15,143508,0
2017-09-25,47.2,48.5,46.95,48.3,194460,0
2017-09-26,48.4,49.1,48.25,48.75,85837,0
2017-09-27,49.05,51.875,48.75,51.65,188667,0
2017-09-28,51.75,53.6,51.05,53.15,221265,0
2017-09-29,53.7,54.1,52.95,53.7,159362,0
2017-10-02,53.8,54.55,52.85,53.45,104046,0
2017-10-03,53.6,53.6,52.45,53.15,66769,0
2017-10-04,53.1,53.25,52.35,52.4,123219,0
2017-10-05,52.4,52.45,51.6,51.9,98126,0
2017-10-06,51.85,52.25,50.45,50.6,64322,0
2017-10-09,50.35,50.6,47.4,47.75,148283,0
2017-10-10,47.7,48.05,46.55,46.55,184635,0
2017-10-11,46.5,47.15,46.5,46.8,74519,0
2017-10-12,46.75,47.05,46.1,46.7,63756,0
2017-10-13,46.3,46.8,45.9,46.55,131095,0
2017-10-16,46.5,46.85,46.05,46.65,74621,0
2017-10-17,46.85,47.35,46.15,47.15,100024,0
2017-10-18,47.35,47.7,46.75,47.05,89980,0
2017-10-19,47.15,47.8,46.95,47.6,66601,0
2017-10-20,47.95,48.05,46.0,47.55,89177,0
2017-10-23,47.55,47.55,45.149,46.9,62578,0
2017-10-24,46.95,47.25,45.9,46.25,107126,0
2017-10-25,46.25,46.4,45.7,46.0,111187,0
2017-10-26,46.1,46.85,45.15,45.25,99385,0
2017-10-27,45.5,46.55,45.5,46.55,89350,0
2017-10-30,46.35,46.35,44.3,44.7,71283,0
2017-10-31,44.8,45.35,44.1,44.25,213660,0
2017-11-01,44.35,44.35,40.15,40.4,260745,0
2017-11-02,43.2,51.9001,43.2,51.3,575771,0
2017-11-03,51.0,52.25,50.8,50.95,129997,0
2017-11-06,51.0,51.75,50.85,51.1,73191,0
2017-11-07,51.15,52.0,50.8,51.2,163332,0
2017-11-08,52.0,55.575,51.0,53.95,180887,0
2017-11-09,53.75,53.75,50.8,52.85,107639,0
2017-11-10,52.5,52.7,51.1,51.25,104850,0
