Date,Open,High,Low,Close,Volume,OpenInt
2014-01-02,10.14,10.59,10.0,10.45,1835985,0
2014-01-03,10.5,10.55,10.04,10.1,1028886,0
2014-01-06,10.15,10.43,10.1,10.19,1054191,0
2014-01-07,10.1,10.55,9.83,10.53,2423234,0
2014-01-08,10.3,10.61,10.25,10.5,1370775,0
2014-01-09,10.4,10.48,10.05,10.05,1238694,0
2014-01-10,10.32,10.63,10.3,10.57,1456353,0
2014-01-13,10.55,10.88,10.41,10.81,1593191,0
2014-01-14,10.67,11.01,10.29,10.31,1941174,0
2014-01-15,10.27,10.64,10.18,10.6,1243313,0
2014-01-16,10.67,10.77,10.52,10.6,896845,0
2014-01-17,10.76,11.07,10.72,11.02,1500365,0
2014-01-21,10.93,11.29,10.72,11.16,1396625,0
2014-01-22,11.07,11.23,10.73,10.8,1151088,0
2014-01-23,11.05,11.52,10.99,11.19,1621907,0
2014-01-24,11.37,11.48,10.56,10.8,2148049,0
2014-01-27,10.74,10.8,10.24,10.27,1641267,0
2014-01-28,10.29,10.52,10.16,10.48,1367838,0
2014-01-29,10.71,10.81,10.48,10.8,1327305,0
2014-01-30,10.4,10.72,10.4,10.64,1134739,0
2014-01-31,10.49,10.63,10.22,10.44,1568310,0
2014-02-03,10.55,10.76,10.24,10.35,1304191,0
2014-02-04,10.38,10.5,10.25,10.47,1045282,0
2014-02-05,10.61,10.66,10.25,10.26,999865,0
2014-02-06,10.39,10.46,10.21,10.37,722056,0
2014-02-07,10.36,10.74,10.21,10.72,1292140,0
2014-02-10,10.88,11.14,10.87,11.05,1545824,0
2014-02-11,11.17,11.7,11.12,11.61,2194187,0
2014-02-12,11.66,11.71,11.15,11.17,1706329,0
2014-02-13,11.2,11.69,11.06,11.68,1344162,0
2014-02-14,12.07,12.45,12.02,12.19,2288309,0
2014-02-18,12.3,12.43,12.07,12.36,1668390,0
2014-02-19,12.24,12.45,11.61,11.64,2040830,0
2014-02-20,11.67,12.28,11.67,12.24,1566322,0
2014-02-21,12.3,12.33,11.9,12.09,1534561,0
2014-02-24,12.33,12.33,12.03,12.05,1280715,0
2014-02-25,12.01,12.01,11.54,11.68,1403893,0
2014-02-26,11.55,11.63,11.18,11.24,1794959,0
2014-02-27,11.22,11.27,10.86,10.97,1773655,0
2014-02-28,11.07,11.11,10.85,11.01,1592045,0
2014-03-03,11.31,11.69,11.1,11.42,1856996,0
2014-03-04,11.16,11.37,11.0,11.14,1297176,0
2014-03-05,11.14,11.4,11.05,11.35,1084642,0
2014-03-06,11.44,11.64,11.44,11.56,979428,0
2014-03-07,11.31,11.37,11.01,11.14,1267483,0
2014-03-10,11.1,11.1,10.82,10.95,1036306,0
2014-03-11,11.13,11.24,10.71,10.79,1266278,0
2014-03-12,10.91,11.17,10.91,11.14,953359,0
2014-03-13,11.16,11.63,11.03,11.5,1922214,0
2014-03-14,11.67,11.87,11.42,11.53,1370137,0
2014-03-17,11.44,11.59,11.13,11.16,1456237,0
2014-03-18,10.98,11.5,10.97,11.31,1395464,0
2014-03-19,11.14,11.26,10.77,10.81,1595743,0
2014-03-20,10.71,11.07,10.7,10.98,1131821,0
2014-03-21,11.12,11.32,10.92,11.03,2455305,0
2014-03-24,10.82,10.95,10.19,10.2,1828289,0
2014-03-25,10.27,10.38,10.08,10.14,1279871,0
2014-03-26,10.18,10.37,9.69,9.74,1777700,0
2014-03-27,9.64,10.04,9.54,9.94,1264331,0
2014-03-28,9.88,10.1,9.64,10.0,1421824,0
2014-03-31,9.95,9.96,9.58,9.64,1479917,0
2014-04-01,9.72,9.82,9.61,9.76,798009,0
2014-04-02,10.0,10.18,9.95,10.08,1481714,0
2014-04-03,9.94,9.96,9.72,9.88,868649,0
2014-04-04,10.12,10.2,9.78,9.81,860130,0
2014-04-07,9.81,10.09,9.71,9.79,855234,0
2014-04-08,10.0,10.09,9.8,9.94,825729,0
2014-04-09,9.85,10.39,9.74,10.23,1138861,0
2014-04-10,10.36,10.48,9.85,9.89,1227099,0
2014-04-11,9.85,9.9,9.44,9.57,1265476,0
2014-04-14,9.66,9.92,9.6,9.71,830050,0
2014-04-15,9.44,9.56,9.25,9.51,1722081,0
2014-04-16,9.53,9.57,9.26,9.39,893714,0
2014-04-17,9.34,9.47,9.2,9.24,1177841,0
2014-04-21,9.22,9.22,8.85,9.12,1371830,0
2014-04-22,9.13,9.39,9.04,9.38,1084768,0
2014-04-23,9.41,9.65,9.32,9.57,1051247,0
2014-04-24,9.47,9.7,9.36,9.45,801261,0
2014-04-25,9.54,9.68,9.43,9.59,821334,0
2014-04-28,9.53,9.54,9.26,9.34,866430,0
2014-04-29,9.38,9.64,9.36,9.59,892411,0
2014-04-30,9.55,9.65,9.43,9.5,827734,0
2014-05-01,9.37,9.59,9.34,9.49,543530,0
2014-05-02,9.52,9.88,9.45,9.79,806410,0
2014-05-05,9.91,9.96,9.68,9.7,635142,0
2014-05-06,9.73,9.78,9.51,9.58,376268,0
2014-05-07,9.53,9.54,9.14,9.3,1212218,0
2014-05-08,9.28,9.49,9.28,9.37,634943,0
2014-05-09,9.41,9.42,9.12,9.32,715145,0
2014-05-12,9.42,9.56,9.38,9.43,753802,0
2014-05-13,9.47,9.56,9.35,9.46,518068,0
2014-05-14,9.59,9.59,9.22,9.28,764402,0
2014-05-15,9.2,9.22,9.02,9.08,920292,0
2014-05-16,9.06,9.12,8.98,9.11,1314226,0
2014-05-19,9.22,9.41,9.06,9.3,1075766,0
2014-05-20,9.2,9.31,9.15,9.22,472549,0
2014-05-21,9.17,9.17,8.96,9.13,833697,0
2014-05-22,9.21,9.27,9.11,9.13,598634,0
2014-05-23,9.14,9.17,9.02,9.06,507535,0
2014-05-27,9.03,9.03,8.75,8.77,1151686,0
2014-05-28,8.75,8.75,8.3,8.4,1845799,0
2014-05-29,8.34,8.63,8.19,8.56,1076555,0
2014-05-30,8.53,8.54,8.21,8.39,984596,0
2014-06-02,8.3,8.5,8.28,8.41,674347,0
2014-06-03,8.37,8.46,8.22,8.44,729386,0
2014-06-04,8.43,8.48,8.34,8.4,659276,0
2014-06-05,8.47,8.74,8.46,8.64,966153,0
2014-06-06,8.68,8.75,8.5,8.71,501633,0
2014-06-09,8.73,8.77,8.65,8.68,823772,0
2014-06-10,8.72,8.96,8.72,8.93,914900,0
2014-06-11,9.01,9.24,8.92,9.16,1459303,0
2014-06-12,9.21,9.57,9.11,9.47,1479678,0
2014-06-13,9.51,9.63,9.33,9.59,885090,0
2014-06-16,9.66,9.66,9.39,9.4,733471,0
2014-06-17,9.3,9.53,9.14,9.49,918963,0
2014-06-18,9.54,9.93,9.43,9.91,1298939,0
2014-06-19,10.08,10.58,10.07,10.5,2166740,0
2014-06-20,10.43,10.62,10.27,10.47,1372053,0
2014-06-23,10.52,10.77,10.37,10.75,1551789,0
2014-06-24,10.81,10.97,10.38,10.42,1743760,0
2014-06-25,10.38,10.56,10.22,10.39,1277747,0
2014-06-26,10.37,10.58,10.28,10.55,923390,0
2014-06-27,10.58,10.73,10.38,10.54,887258,0
2014-06-30,10.49,10.85,10.36,10.81,820819,0
2014-07-01,10.78,10.93,10.62,10.66,893495,0
2014-07-02,10.65,10.85,10.65,10.72,905600,0
2014-07-03,10.63,10.84,10.48,10.83,705605,0
2014-07-07,10.75,10.87,10.5,10.53,807549,0
2014-07-08,10.64,10.68,10.29,10.55,1070525,0
2014-07-09,10.69,10.91,10.64,10.84,1246857,0
2014-07-10,11.03,11.29,10.7,10.73,2139137,0
2014-07-11,10.72,10.94,10.47,10.94,1953485,0
2014-07-14,10.58,10.61,10.13,10.25,2277082,0
2014-07-15,10.33,10.37,9.79,9.89,2012239,0
2014-07-16,9.93,10.2,9.88,10.07,1250100,0
2014-07-17,10.19,10.55,10.1,10.51,1951297,0
2014-07-18,10.4,10.51,10.26,10.5,1398596,0
2014-07-21,10.53,10.63,10.3,10.47,1236313,0
2014-07-22,10.45,10.49,10.26,10.29,777124,0
2014-07-23,10.27,10.42,10.16,10.17,702272,0
2014-07-24,10.1,10.16,9.99,10.11,1157006,0
2014-07-25,10.08,10.52,10.01,10.51,1287531,0
2014-07-28,10.45,10.7,10.45,10.65,1211768,0
2014-07-29,10.74,10.85,10.64,10.71,1145926,0
2014-07-30,10.67,10.8,10.5,10.74,820746,0
2014-07-31,10.64,10.73,10.5,10.6,1209991,0
2014-08-01,10.66,10.87,10.52,10.64,891425,0
2014-08-04,10.65,10.73,10.37,10.46,519968,0
2014-08-05,10.38,10.49,10.15,10.41,929837,0
2014-08-06,10.64,10.78,10.54,10.7,984798,0
2014-08-07,10.68,10.82,10.54,10.72,898213,0
2014-08-08,10.75,10.96,10.66,10.77,805169,0
2014-08-11,10.77,11.0,10.75,10.93,653506,0
2014-08-12,10.97,11.22,10.89,10.93,1053186,0
2014-08-13,10.78,10.8,10.2,10.36,1986891,0
2014-08-14,10.3,10.37,9.84,9.89,1665571,0
2014-08-15,9.75,9.98,9.66,9.86,1424852,0
2014-08-18,9.81,10.04,9.75,9.96,765213,0
2014-08-19,9.93,10.02,9.76,9.82,774790,0
2014-08-20,9.83,10.0,9.79,9.88,543295,0
2014-08-21,9.76,9.82,9.56,9.72,1128241,0
2014-08-22,9.76,9.88,9.66,9.85,652938,0
2014-08-25,9.83,9.9,9.69,9.69,677027,0
2014-08-26,9.85,10.13,9.81,10.09,847088,0
2014-08-27,10.07,10.22,9.96,10.01,732207,0
2014-08-28,10.18,10.24,10.06,10.16,759065,0
2014-08-29,10.11,10.32,10.07,10.24,607914,0
2014-09-02,10.03,10.1,9.87,9.89,794308,0
2014-09-03,9.94,10.05,9.87,9.89,724763,0
2014-09-04,9.94,10.0,9.32,9.41,1371882,0
2014-09-05,9.47,9.64,9.31,9.6,1067197,0
2014-09-08,9.52,9.54,9.24,9.25,915697,0
2014-09-09,9.27,9.4,9.01,9.29,1082647,0
2014-09-10,9.21,9.42,9.17,9.28,724417,0
2014-09-11,9.16,9.34,9.02,9.31,883358,0
2014-09-12,9.2,9.33,9.07,9.17,717452,0
2014-09-15,9.19,9.3,9.08,9.15,641921,0
2014-09-16,9.14,9.33,9.02,9.21,747895,0
2014-09-17,9.21,9.26,8.93,8.99,1037911,0
2014-09-18,8.96,8.97,8.75,8.78,1022060,0
2014-09-19,8.75,8.84,8.37,8.39,2029018,0
2014-09-22,8.34,8.37,8.02,8.09,1653010,0
2014-09-23,8.22,8.35,8.09,8.32,1160928,0
2014-09-24,8.25,8.3,8.1,8.2,806203,0
2014-09-25,8.08,8.27,8.05,8.24,980364,0
2014-09-26,8.2,8.23,8.08,8.16,1103743,0
2014-09-29,8.23,8.25,8.05,8.07,735385,0
2014-09-30,7.99,8.12,7.75,7.8,1052595,0
2014-10-01,7.87,8.04,7.79,7.81,1354053,0
2014-10-02,7.87,7.91,7.64,7.84,1145390,0
2014-10-03,7.68,7.71,7.33,7.35,1678586,0
2014-10-06,7.44,7.49,7.26,7.42,1652919,0
2014-10-07,7.45,7.46,7.13,7.15,1869073,0
2014-10-08,7.23,7.74,6.79,7.68,4013657,0
2014-10-09,7.77,7.79,7.2,7.36,2083086,0
2014-10-10,7.28,7.54,7.09,7.22,1439311,0
2014-10-13,7.33,7.65,7.24,7.4,1308281,0
2014-10-14,7.41,7.65,7.21,7.25,2290173,0
2014-10-15,7.12,7.48,7.1,7.38,1819231,0
2014-10-16,7.31,7.78,7.27,7.6,1553325,0
2014-10-17,7.6,7.72,7.12,7.17,1944900,0
2014-10-20,7.24,7.35,7.06,7.33,940818,0
2014-10-21,7.47,7.6,7.28,7.33,987886,0
2014-10-22,7.22,7.27,6.87,6.88,1330680,0
2014-10-23,6.84,6.85,6.51,6.65,2630087,0
2014-10-24,6.66,6.85,6.53,6.76,1551577,0
2014-10-27,6.71,6.73,6.37,6.4,1063125,0
2014-10-28,6.46,6.7,6.39,6.66,1024630,0
2014-10-29,6.56,6.65,6.16,6.26,2592800,0
2014-10-30,6.13,6.16,5.57,5.58,3468290,0
2014-10-31,5.21,5.29,4.83,5.13,4677647,0
2014-11-03,5.18,5.39,5.07,5.35,2141274,0
2014-11-04,5.3,5.32,5.0,5.01,2283067,0
2014-11-05,4.81,4.9,4.61,4.63,3641393,0
2014-11-06,4.74,5.0,4.69,4.83,2371398,0
2014-11-07,4.96,5.36,4.92,5.33,2582255,0
2014-11-10,5.29,5.36,4.86,4.92,2606883,0
2014-11-11,5.07,5.28,4.95,5.19,2546706,0
2014-11-12,5.0,5.16,4.77,4.92,3433636,0
2014-11-13,4.95,5.04,4.71,4.78,2439788,0
2014-11-14,4.65,5.29,4.61,5.28,3209155,0
2014-11-17,5.17,5.19,4.94,5.11,2821063,0
2014-11-18,5.25,5.5,5.22,5.47,2335459,0
2014-11-19,5.45,5.47,5.01,5.07,3421626,0
2014-11-20,5.18,5.25,5.03,5.18,2016751,0
2014-11-21,5.32,5.46,5.14,5.25,3243490,0
2014-11-24,5.09,5.1,4.79,4.92,4417588,0
2014-11-25,4.94,5.07,4.86,5.0,2429692,0
2014-11-26,4.99,4.99,4.76,4.81,2208017,0
2014-11-28,4.56,4.56,4.05,4.07,2533438,0
2014-12-01,4.26,4.38,4.11,4.31,2520956,0
2014-12-02,4.2,4.35,4.02,4.03,2183426,0
2014-12-03,4.14,4.38,4.07,4.29,1844232,0
2014-12-04,4.33,4.37,4.14,4.16,1758837,0
2014-12-05,4.06,4.23,4.02,4.08,1312058,0
2014-12-08,4.11,4.15,3.75,4.04,2978747,0
2014-12-09,4.22,4.72,4.13,4.58,3088303,0
2014-12-10,4.62,4.84,4.51,4.61,2917587,0
2014-12-11,4.52,4.79,4.5,4.55,2450249,0
2014-12-12,4.5,4.96,4.49,4.8,3007744,0
2014-12-15,4.75,5.21,4.37,4.39,6182828,0
2014-12-16,4.55,4.61,4.27,4.32,3209299,0
2014-12-17,4.38,4.68,4.28,4.65,3508700,0
2014-12-18,4.76,4.88,4.58,4.88,2997279,0
2014-12-19,4.85,5.15,4.8,5.12,26663347,0
2014-12-22,4.96,5.01,4.6,4.61,4051526,0
2014-12-23,4.58,4.95,4.53,4.56,1900229,0
2014-12-24,4.52,4.82,4.46,4.77,1299669,0
2014-12-26,4.94,5.0,4.87,4.88,1246049,0
2014-12-29,4.9,4.9,4.66,4.69,1755412,0
2014-12-30,4.83,5.09,4.74,5.05,2221692,0
2014-12-31,4.98,5.06,4.81,5.02,2262315,0
2015-01-02,4.87,5.23,4.75,5.22,2392154,0
2015-01-05,5.31,5.54,5.21,5.54,2906003,0
2015-01-06,5.58,6.41,5.51,6.36,5726289,0
2015-01-07,6.07,6.42,5.92,6.19,4826400,0
2015-01-08,6.24,6.47,5.84,5.91,3117013,0
2015-01-09,5.98,6.27,5.93,6.24,2428983,0
2015-01-12,6.31,7.15,6.29,6.78,4657063,0
2015-01-13,6.98,7.0,6.38,6.52,4551721,0
2015-01-14,6.48,6.54,5.81,5.9,3971177,0
2015-01-15,6.34,6.41,5.89,5.91,2988894,0
2015-01-16,6.04,6.32,5.94,6.24,2536474,0
2015-01-20,6.41,6.62,6.25,6.43,2529292,0
2015-01-21,6.56,6.62,6.19,6.41,2799128,0
2015-01-22,6.47,6.57,6.23,6.29,2381522,0
2015-01-23,6.19,6.25,5.85,5.94,2480766,0
2015-01-26,5.92,6.21,5.83,6.17,2381430,0
2015-01-27,6.19,6.63,6.15,6.58,2996211,0
2015-01-28,6.34,6.55,6.02,6.08,2616367,0
2015-01-29,5.91,6.09,5.66,5.86,2631171,0
2015-01-30,5.88,6.28,5.76,6.19,2340463,0
2015-02-02,5.98,6.47,5.95,6.34,2171853,0
2015-02-03,6.29,6.39,6.01,6.2,2215952,0
2015-02-04,6.31,6.36,6.13,6.25,1862014,0
2015-02-05,6.19,6.41,6.13,6.32,2024031,0
2015-02-06,6.07,6.3,5.97,6.06,2874962,0
2015-02-09,6.15,6.31,6.08,6.19,1548793,0
2015-02-10,6.04,6.18,5.92,6.18,1796126,0
2015-02-11,6.15,6.21,5.94,5.98,1912762,0
2015-02-12,6.08,6.1,5.83,5.91,1793991,0
2015-02-13,5.99,6.16,5.97,6.08,1888258,0
2015-02-17,5.93,6.06,5.9,5.93,1166787,0
2015-02-18,5.9,6.13,5.84,6.12,1871689,0
2015-02-19,6.14,6.19,5.82,5.86,1817461,0
2015-02-20,5.88,5.95,5.47,5.57,3380632,0
2015-02-23,5.45,5.56,5.26,5.4,2042485,0
2015-02-24,5.36,5.75,5.32,5.72,1775898,0
2015-02-25,5.8,6.3,5.77,6.0,2970143,0
2015-02-26,6.12,6.25,6.03,6.08,1564281,0
2015-02-27,6.14,6.24,6.08,6.18,1216656,0
2015-03-02,6.18,6.24,5.97,6.08,1249500,0
2015-03-03,6.12,6.27,5.94,5.98,1637900,0
2015-03-04,6.0,6.03,5.76,5.86,1376300,0
2015-03-05,5.85,5.99,5.76,5.84,963600,0
2015-03-06,5.6,5.74,5.38,5.5,2132200,0
2015-03-09,5.54,5.55,5.0,5.0,2087400,0
2015-03-10,4.98,5.09,4.79,4.88,2633100,0
2015-03-11,4.88,5.09,4.68,5.08,2131100,0
2015-03-12,5.13,5.18,5.0,5.05,1583400,0
2015-03-13,5.1,5.22,4.93,5.21,1195900,0
2015-03-16,5.23,5.31,5.04,5.18,1799300,0
2015-03-17,5.1,5.28,5.05,5.09,1400600,0
2015-03-18,5.05,5.43,4.99,5.42,2002000,0
2015-03-19,5.33,5.67,5.29,5.58,1498900,0
2015-03-20,5.68,5.94,5.63,5.63,6311100,0
2015-03-23,5.81,6.15,5.79,6.13,2205400,0
2015-03-24,6.15,6.15,5.96,6.01,1497900,0
2015-03-25,6.05,6.14,5.92,5.97,1311500,0
2015-03-26,6.06,6.25,5.72,5.8,1879000,0
2015-03-27,5.82,5.94,5.6,5.87,1405000,0
2015-03-30,5.75,5.82,5.53,5.58,1399000,0
2015-03-31,5.59,5.63,5.28,5.41,2107092,0
2015-04-01,5.47,5.59,5.32,5.53,2378500,0
2015-04-02,5.48,5.64,5.38,5.49,1310200,0
2015-04-06,5.75,5.77,5.58,5.68,1121800,0
2015-04-07,5.34,5.58,5.34,5.35,1815266,0
2015-04-08,5.25,5.32,5.06,5.13,2919000,0
2015-04-09,5.06,5.15,5.0,5.03,1312341,0
2015-04-10,5.16,5.2,5.03,5.14,1518700,0
2015-04-13,5.12,5.15,5.04,5.05,731600,0
2015-04-14,5.06,5.16,4.96,5.02,1143700,0
2015-04-15,5.03,5.3,4.98,5.27,1818971,0
2015-04-16,5.28,5.32,5.08,5.13,1515961,0
2015-04-17,5.21,5.29,5.03,5.09,1198500,0
2015-04-20,5.02,5.07,4.91,5.06,1503696,0
2015-04-21,5.05,5.08,4.95,4.98,1294492,0
2015-04-22,4.96,4.99,4.81,4.85,1392020,0
2015-04-23,4.88,4.96,4.76,4.89,1282800,0
2015-04-24,4.87,4.99,4.76,4.81,1621200,0
2015-04-27,4.87,5.1,4.8,5.06,2156100,0
2015-04-28,5.08,5.18,4.95,5.13,2056600,0
2015-04-29,5.12,5.25,5.02,5.08,2176000,0
2015-04-30,4.95,5.06,4.83,4.87,2710700,0
2015-05-01,4.81,5.03,4.81,5.01,1119900,0
2015-05-04,5.11,5.18,5.05,5.12,1078500,0
2015-05-05,5.19,5.24,4.97,4.99,1061400,0
2015-05-06,5.05,5.08,4.8,4.85,1609341,0
2015-05-07,4.76,4.82,4.52,4.72,2121772,0
2015-05-08,4.77,5.0,4.69,4.96,1488200,0
2015-05-11,4.94,5.09,4.93,5.02,957700,0
2015-05-12,5.04,5.16,5.0,5.1,954356,0
2015-05-13,5.26,5.38,5.16,5.25,1833600,0
2015-05-14,5.34,5.48,5.31,5.35,1339600,0
2015-05-15,5.35,5.5,5.33,5.37,1207833,0
2015-05-18,5.38,5.49,5.33,5.39,621100,0
2015-05-19,5.22,5.37,5.21,5.21,1015800,0
2015-05-20,5.23,5.35,5.22,5.24,851900,0
2015-05-21,5.25,5.3,5.17,5.22,432100,0
2015-05-22,5.22,5.34,5.19,5.23,763200,0
2015-05-26,5.03,5.13,4.89,4.96,1494289,0
2015-05-27,4.97,5.0,4.85,4.89,840300,0
2015-05-28,4.85,5.04,4.85,5.02,963084,0
2015-05-29,5.03,5.08,4.93,4.96,623700,0
2015-06-01,5.02,5.16,4.96,4.99,922326,0
2015-06-02,5.03,5.15,4.99,5.1,870155,0
2015-06-03,5.04,5.13,4.93,4.94,835000,0
2015-06-04,4.88,5.01,4.86,4.91,880000,0
2015-06-05,4.85,4.94,4.82,4.82,932000,0
2015-06-08,4.82,4.9,4.72,4.89,955700,0
2015-06-09,4.93,4.98,4.83,4.88,760281,0
2015-06-10,4.95,5.0,4.86,4.88,798083,0
2015-06-11,4.86,4.87,4.72,4.78,781320,0
2015-06-12,4.75,4.82,4.72,4.76,883000,0
2015-06-15,4.8,5.12,4.72,5.1,2151800,0
2015-06-16,5.06,5.13,5.02,5.05,1060100,0
2015-06-17,5.04,5.2,5.02,5.18,1225700,0
2015-06-18,5.28,5.45,5.24,5.32,1861200,0
2015-06-19,5.28,5.34,5.13,5.19,2630500,0
2015-06-22,5.13,5.38,5.12,5.31,1859800,0
2015-06-23,5.26,5.27,5.1,5.13,866157,0
2015-06-24,5.1,5.19,5.02,5.06,961500,0
2015-06-25,5.06,5.16,5.05,5.13,725500,0
2015-06-26,5.13,5.19,4.92,4.93,1121100,0
2015-06-29,4.99,5.02,4.85,4.86,986100,0
2015-06-30,4.83,4.99,4.78,4.83,1120071,0
2015-07-01,4.81,4.86,4.59,4.64,1352000,0
2015-07-02,4.7,4.79,4.66,4.72,887500,0
2015-07-06,4.7,4.94,4.7,4.87,1146800,0
2015-07-07,4.71,4.79,4.54,4.69,1567800,0
2015-07-08,4.72,4.81,4.58,4.64,997800,0
2015-07-09,4.72,4.74,4.5,4.57,1441400,0
2015-07-10,4.58,4.66,4.42,4.43,1138500,0
2015-07-13,4.4,4.62,4.33,4.61,899600,0
2015-07-14,4.59,4.69,4.51,4.54,693842,0
2015-07-15,4.49,4.52,4.39,4.4,609375,0
2015-07-16,4.37,4.66,4.35,4.59,1208800,0
2015-07-17,4.46,4.5,4.17,4.22,2003200,0
2015-07-20,4.09,4.17,3.64,3.68,2406800,0
2015-07-21,3.9,4.01,3.77,3.84,1488000,0
2015-07-22,3.75,3.87,3.61,3.77,1258400,0
2015-07-23,3.79,3.8,3.45,3.51,1802700,0
2015-07-24,3.43,3.6,3.16,3.59,2740800,0
2015-07-27,3.46,3.46,3.06,3.08,4207100,0
2015-07-28,3.2,3.26,3.11,3.19,1506700,0
2015-07-29,3.2,3.24,3.11,3.15,1805200,0
2015-07-30,3.12,3.14,3.01,3.02,1455700,0
2015-07-31,3.07,3.15,3.04,3.07,1585300,0
2015-08-03,3.05,3.15,3.01,3.02,895901,0
2015-08-04,3.05,3.12,2.91,2.95,1873200,0
2015-08-05,3.0,3.07,2.85,2.86,1286400,0
2015-08-06,2.88,3.04,2.85,3.02,1534771,0
2015-08-07,3.03,3.28,3.02,3.03,2354200,0
2015-08-10,3.08,3.38,3.03,3.36,2097000,0
2015-08-11,3.52,3.6,3.36,3.58,2195346,0
2015-08-12,3.75,4.01,3.66,4.0,3163500,0
2015-08-13,3.84,3.93,3.67,3.74,2165000,0
2015-08-14,3.78,3.93,3.7,3.76,1223900,0
2015-08-17,3.83,4.02,3.79,4.01,1762900,0
2015-08-18,3.88,3.9,3.74,3.82,1263500,0
2015-08-19,3.89,3.99,3.86,3.95,1224500,0
2015-08-20,4.08,4.12,3.98,4.0,2241700,0
2015-08-21,4.02,4.03,3.71,3.72,2189500,0
2015-08-24,3.54,3.82,3.33,3.44,2652417,0
2015-08-25,3.63,3.63,3.26,3.28,1532600,0
2015-08-26,3.25,3.26,3.05,3.11,1652800,0
2015-08-27,3.15,3.42,3.14,3.39,1759600,0
2015-08-28,3.39,3.63,3.37,3.52,1682100,0
2015-08-31,3.46,3.59,3.3,3.46,1206000,0
2015-09-01,3.44,3.57,3.24,3.26,1595700,0
2015-09-02,3.31,3.39,3.05,3.14,2078200,0
2015-09-03,3.1,3.33,3.03,3.04,2428400,0
2015-09-04,3.04,3.12,2.89,3.0,3110000,0
2015-09-08,3.06,3.09,2.96,3.02,1595000,0
2015-09-09,3.0,3.13,2.86,2.89,1424600,0
2015-09-10,2.97,2.98,2.75,2.81,2894274,0
2015-09-11,2.78,2.87,2.66,2.86,2276100,0
2015-09-14,2.83,2.9,2.76,2.88,3872300,0
2015-09-15,2.87,3.06,2.85,2.98,3083600,0
2015-09-16,3.06,3.13,3.0,3.13,2691600,0
2015-09-17,3.1,3.25,3.04,3.19,2905910,0
2015-09-18,3.26,3.36,3.15,3.24,18162100,0
2015-09-21,3.24,3.33,3.18,3.24,1733500,0
2015-09-22,3.16,3.18,3.08,3.09,975400,0
2015-09-23,3.16,3.16,2.94,2.97,1492600,0
2015-09-24,3.04,3.3,2.99,3.29,2195565,0
2015-09-25,3.23,3.36,3.17,3.23,1278000,0
2015-09-28,3.11,3.12,2.99,2.99,1324319,0
2015-09-29,3.02,3.11,2.96,2.97,877700,0
2015-09-30,2.96,3.21,2.94,3.2,1652200,0
2015-10-01,3.23,3.35,3.06,3.12,1173000,0
2015-10-02,3.24,3.61,3.2,3.58,1934200,0
2015-10-05,3.63,3.81,3.53,3.6,2961418,0
2015-10-06,3.72,3.91,3.66,3.85,4336100,0
2015-10-07,3.76,3.87,3.64,3.83,3910100,0
2015-10-08,3.71,3.82,3.65,3.67,2102800,0
2015-10-09,3.81,3.87,3.71,3.86,1601600,0
2015-10-12,3.95,3.99,3.68,3.71,1395951,0
2015-10-13,3.73,3.89,3.66,3.89,2003000,0
2015-10-14,3.87,4.12,3.86,4.04,2925900,0
2015-10-15,4.03,4.29,3.95,4.22,2629500,0
2015-10-16,4.21,4.24,4.04,4.06,2040400,0
2015-10-19,4.03,4.05,3.67,3.74,2217965,0
2015-10-20,3.78,3.96,3.75,3.9,1463927,0
2015-10-21,3.84,3.86,3.65,3.66,1427200,0
2015-10-22,3.66,3.8,3.65,3.69,849400,0
2015-10-23,3.79,3.8,3.6,3.69,1668700,0
2015-10-26,3.68,3.77,3.6,3.72,1559700,0
2015-10-27,3.67,3.75,3.56,3.62,1650900,0
2015-10-28,3.72,3.89,3.56,3.68,2156900,0
2015-10-29,3.63,3.68,3.35,3.39,1706100,0
2015-10-30,3.39,3.42,3.27,3.31,1486400,0
2015-11-02,3.27,3.38,3.16,3.36,1482179,0
2015-11-03,3.31,3.45,3.25,3.43,1540400,0
2015-11-04,3.46,3.46,3.18,3.21,1948773,0
2015-11-05,3.21,3.22,3.09,3.12,1459100,0
2015-11-06,3.01,3.04,2.9,2.97,1735200,0
2015-11-09,2.98,3.06,2.89,3.04,1261836,0
2015-11-10,2.99,3.0,2.87,2.9,1266000,0
2015-11-11,2.9,2.94,2.83,2.88,1031500,0
2015-11-12,2.83,2.9,2.77,2.82,1732900,0
2015-11-13,2.82,2.97,2.75,2.96,2922200,0
2015-11-16,2.97,3.07,2.88,3.0,1762700,0
2015-11-17,2.98,2.99,2.78,2.85,2430000,0
2015-11-18,2.87,2.98,2.78,2.98,1883100,0
2015-11-19,3.02,3.25,2.96,3.23,2305800,0
2015-11-20,3.22,3.25,3.04,3.11,1921300,0
2015-11-23,3.09,3.16,3.02,3.02,1025500,0
2015-11-24,3.12,3.28,3.11,3.26,1864200,0
2015-11-25,3.22,3.28,3.15,3.26,889000,0
2015-11-27,3.17,3.26,3.11,3.22,674800,0
2015-11-30,3.24,3.38,3.22,3.34,1257100,0
2015-12-01,3.36,3.51,3.29,3.49,1501222,0
2015-12-02,3.4,3.47,3.3,3.35,855943,0
2015-12-03,3.41,3.46,3.34,3.43,945230,0
2015-12-04,3.46,3.64,3.46,3.62,1743200,0
2015-12-07,3.57,3.59,3.33,3.4,1288700,0
2015-12-08,3.37,3.4,3.25,3.31,1054280,0
2015-12-09,3.38,3.48,3.32,3.42,1105300,0
2015-12-10,3.38,3.49,3.36,3.44,1144700,0
2015-12-11,3.34,3.44,3.3,3.36,1241500,0
2015-12-14,3.34,3.41,3.21,3.27,1666292,0
2015-12-15,3.32,3.33,3.17,3.19,983300,0
2015-12-16,3.25,3.45,3.25,3.42,1958100,0
2015-12-17,3.28,3.31,3.05,3.05,2915200,0
2015-12-18,3.12,3.22,3.06,3.15,2801000,0
2015-12-21,3.2,3.37,3.13,3.26,1272500,0
2015-12-22,3.3,3.4,3.25,3.3,1109868,0
2015-12-23,3.31,3.44,3.29,3.42,975300,0
2015-12-24,3.43,3.6499,3.43,3.63,907250,0
2015-12-28,3.55,3.55,3.32,3.35,1239943,0
2015-12-29,3.42,3.46,3.34,3.39,866729,0
2015-12-30,3.31,3.34,3.24,3.24,713056,0
2015-12-31,3.24,3.31,3.21,3.27,848734,0
2016-01-04,3.38,3.46,3.31,3.42,1343116,0
2016-01-05,3.46,3.468,3.28,3.36,951259,0
2016-01-06,3.4,3.42,3.33,3.37,1078388,0
2016-01-07,3.4,3.42,3.26,3.3,2176869,0
2016-01-08,3.23,3.28,3.13,3.18,1543244,0
2016-01-11,3.17,3.215,2.93,2.93,2409607,0
2016-01-12,2.91,2.93,2.71,2.8,2913972,0
2016-01-13,2.81,2.88,2.755,2.81,2227991,0
2016-01-14,2.78,2.81,2.675,2.75,1716219,0
2016-01-15,2.81,2.84,2.67,2.73,1266293,0
2016-01-19,2.77,2.78,2.45,2.51,2566100,0
2016-01-20,2.58,2.62,2.4,2.62,1397952,0
2016-01-21,2.59,2.65,2.5,2.62,1356568,0
2016-01-22,2.63,2.78,2.605,2.69,1619566,0
2016-01-25,2.79,2.87,2.69,2.69,1852886,0
2016-01-26,2.82,2.9058,2.78,2.87,1780436,0
2016-01-27,2.97,2.97,2.84,2.92,1797827,0
2016-01-28,2.89,2.95,2.8,2.84,1639059,0
2016-01-29,2.85,3.0,2.84,2.99,1589004,0
2016-02-01,3.08,3.14,3.022,3.1,1683605,0
2016-02-02,3.08,3.1,2.95,3.0,782425,0
2016-02-03,3.09,3.23,3.07,3.21,1675537,0
2016-02-04,3.32,3.49,3.3,3.38,2152586,0
2016-02-05,3.32,3.59,3.27,3.59,2092175,0
2016-02-08,3.75,3.98,3.74,3.82,3555799,0
2016-02-09,3.89,3.92,3.615,3.65,3569907,0
2016-02-10,3.56,3.68,3.4101,3.68,2334947,0
2016-02-11,4.12,4.16,3.92,4.04,4394726,0
2016-02-12,3.94,4.37,3.87,4.33,2759990,0
2016-02-16,4.17,4.2759,4.03,4.14,2371162,0
2016-02-17,4.22,4.345,4.12,4.26,1918889,0
2016-02-18,4.23,4.66,4.19,4.56,2513068,0
2016-02-19,4.48,4.67,4.36,4.39,2283022,0
2016-02-22,4.29,4.48,4.25,4.35,2383428,0
2016-02-23,4.41,4.51,4.27,4.36,2256070,0
2016-02-24,4.52,4.6,4.271,4.4,3074821,0
2016-02-25,4.3,4.65,4.28,4.64,2192198,0
2016-02-26,4.49,4.8,4.48,4.62,2713113,0
2016-02-29,4.63,4.71,4.51,4.64,2228329,0
2016-03-01,4.66,4.7,4.29,4.33,2542044,0
2016-03-02,4.31,4.47,4.3,4.45,2225879,0
2016-03-03,4.44,4.79,4.44,4.75,2558307,0
2016-03-04,4.8,5.35,4.739,4.88,5977012,0
2016-03-07,5.1,5.45,5.1,5.36,4822928,0
2016-03-08,5.44,5.47,5.14,5.29,4294773,0
2016-03-09,5.12,5.43,5.0121,5.32,3193231,0
2016-03-10,5.42,5.8,5.42,5.74,3662110,0
2016-03-11,5.8,5.89,5.5399,5.74,3105920,0
2016-03-14,5.75,6.0,5.46,5.64,7211676,0
2016-03-15,5.6,5.8,5.49,5.77,3890509,0
2016-03-16,5.69,6.285,5.56,6.25,4705449,0
2016-03-17,6.47,6.97,6.31,6.42,7836030,0
2016-03-18,6.49,6.84,6.4501,6.73,19465524,0
2016-03-21,6.7,6.99,6.62,6.88,4701132,0
2016-03-22,6.99,7.045,6.67,6.79,3979165,0
2016-03-23,6.43,6.57,6.2163,6.36,4461485,0
2016-03-24,6.4,6.74,6.3211,6.65,3448023,0
2016-03-28,6.68,6.72,6.3,6.57,2703072,0
2016-03-29,6.42,6.95,6.4,6.89,4155295,0
2016-03-30,6.84,6.96,6.55,6.75,3252584,0
2016-03-31,6.83,6.9,6.4,6.48,3515079,0
2016-04-01,6.23,6.525,6.04,6.51,4233607,0
2016-04-04,6.47,6.48,6.2,6.28,2030485,0
2016-04-05,6.4,6.46,6.19,6.43,2264704,0
2016-04-06,6.39,6.44,6.235,6.4,1984152,0
2016-04-07,6.49,6.68,6.48,6.56,2323362,0
2016-04-08,6.56,6.92,6.55,6.87,2801519,0
2016-04-11,7.03,7.62,7.01,7.55,4367441,0
2016-04-12,7.66,7.86,7.51,7.72,4016792,0
2016-04-13,7.65,8.04,7.63,7.74,3391071,0
2016-04-14,7.76,7.928,7.34,7.56,4394153,0
2016-04-15,7.71,8.25,7.55,8.22,4297279,0
2016-04-18,8.32,8.57,8.2,8.52,4672130,0
2016-04-19,9.28,9.93,9.1925,9.87,8235080,0
2016-04-20,9.85,10.33,9.39,9.51,10527783,0
2016-04-21,10.01,10.01,9.3,9.62,7235012,0
2016-04-22,9.47,9.63,8.73,8.9,7982577,0
2016-04-25,8.82,9.31,8.81,8.97,4961727,0
2016-04-26,9.06,9.66,8.97,9.64,4836585,0
2016-04-27,9.85,10.16,9.65,9.96,5679823,0
2016-04-28,10.06,10.29,9.8,10.02,6148078,0
2016-04-29,10.28,10.72,10.26,10.64,7285576,0
2016-05-02,10.73,10.82,9.96,10.1,5878140,0
2016-05-03,10.06,10.22,9.7,9.9,5089347,0
2016-05-04,9.68,10.07,9.39,9.42,5109260,0
2016-05-05,9.62,9.88,9.56,9.81,3715236,0
2016-05-06,10.0,10.51,9.92,10.36,6710437,0
2016-05-09,9.81,9.84,9.29,9.4,4955861,0
2016-05-10,9.42,9.93,9.37,9.88,3602129,0
2016-05-11,10.33,10.86,10.1,10.47,7467132,0
2016-05-12,10.46,10.89,10.37,10.78,6327623,0
2016-05-13,10.69,10.8401,10.46,10.7,4808895,0
2016-05-16,10.89,11.4361,10.88,11.23,5986137,0
2016-05-17,11.58,12.23,11.26,12.08,9963416,0
2016-05-18,11.8,12.09,11.12,11.19,7873568,0
2016-05-19,10.7,11.65,10.3201,11.48,8372306,0
2016-05-20,11.61,11.77,10.9,11.47,5400137,0
2016-05-23,11.18,11.68,10.91,11.41,3935340,0
2016-05-24,11.03,11.25,10.4,10.49,6187528,0
2016-05-25,10.4,11.07,10.07,11.02,6585663,0
2016-05-26,11.42,11.48,10.73,10.91,4572643,0
2016-05-27,10.78,10.9,10.2626,10.35,4577875,0
2016-05-31,10.1,10.7076,10.09,10.42,4967369,0
2016-06-01,10.5,10.62,10.08,10.32,3591079,0
2016-06-02,10.25,10.63,10.12,10.46,3686895,0
2016-06-03,11.19,11.79,11.13,11.76,7107732,0
2016-06-06,11.79,12.0,11.46,11.86,5520561,0
2016-06-07,11.61,11.83,11.43,11.59,3361483,0
2016-06-08,12.36,12.825,12.24,12.4,5943110,0
2016-06-09,12.44,12.9399,12.15,12.86,5494777,0
2016-06-10,12.87,13.32,12.34,12.46,5785809,0
2016-06-13,12.71,12.85,12.3,12.59,4587645,0
2016-06-14,12.55,12.65,11.95,12.26,4576877,0
2016-06-15,12.28,13.05,12.17,12.9,5413430,0
2016-06-16,13.45,13.57,12.19,12.43,7703925,0
2016-06-17,12.74,12.79,12.01,12.25,19928118,0
2016-06-20,11.98,12.86,11.87,12.74,5365757,0
2016-06-21,12.39,12.5699,12.255,12.43,3470964,0
2016-06-22,12.43,12.54,12.01,12.46,5206678,0
2016-06-23,12.35,12.56,12.15,12.4,2948364,0
2016-06-24,13.27,13.33,12.75,13.07,7127908,0
2016-06-27,13.02,13.25,12.08,12.46,7235248,0
2016-06-28,12.27,12.825,12.2,12.59,4359295,0
2016-06-29,13.0,13.4,12.76,13.12,6698362,0
2016-06-30,13.3,13.61,13.03,13.58,5208109,0
2016-07-01,14.0,14.95,13.98,14.8,6815328,0
2016-07-05,14.73,15.05,14.4,14.94,5570998,0
2016-07-06,15.11,15.39,14.945,15.32,6936551,0
2016-07-07,15.08,15.12,14.56,14.85,4680223,0
2016-07-08,14.68,16.03,14.67,15.97,7911253,0
2016-07-11,15.73,16.81,15.67,16.45,8364626,0
2016-07-12,16.4,16.54,15.351,15.41,7119652,0
2016-07-13,15.88,17.24,15.82,16.91,7859634,0
2016-07-14,16.45,17.11,16.22,16.94,7239626,0
2016-07-15,16.68,17.1,16.58,16.77,4242931,0
2016-07-18,16.56,16.85,16.42,16.83,4096956,0
2016-07-19,16.63,17.045,16.56,16.67,3463112,0
2016-07-20,15.96,16.03,15.01,15.08,6899741,0
2016-07-21,15.2,16.07,14.95,15.89,6426889,0
2016-07-22,15.6,15.82,15.31,15.59,3723785,0
2016-07-25,15.27,15.27,14.48,14.93,5504875,0
2016-07-26,15.21,15.84,15.16,15.65,5164553,0
2016-07-27,15.9,16.7797,15.431,16.53,6163106,0
2016-07-28,16.72,16.93,16.12,16.54,5398782,0
2016-07-29,16.81,17.47,16.61,17.34,5636539,0
2016-08-01,17.77,17.97,17.36,17.88,4587903,0
2016-08-02,18.23,18.68,17.87,18.04,5425962,0
2016-08-03,17.97,18.27,17.44,18.2,3949893,0
2016-08-04,18.17,18.44,18.021,18.3,3272188,0
2016-08-05,17.64,18.115,17.31,17.83,5065185,0
2016-08-08,17.77,18.5597,17.73,18.16,4863623,0
2016-08-09,18.38,18.79,18.23,18.42,5438875,0
2016-08-10,18.98,19.15,17.96,18.25,6964775,0
2016-08-11,18.2,18.87,18.05,18.33,6464141,0
2016-08-12,18.71,18.8,17.88,18.1,4841960,0
2016-08-15,18.13,18.18,17.375,17.49,6386820,0
2016-08-16,17.58,17.75,16.94,17.03,5865944,0
2016-08-17,16.74,16.7658,15.965,16.45,8317536,0
2016-08-18,16.67,16.77,16.1611,16.34,4940330,0
2016-08-19,15.72,15.74,15.05,15.12,7643150,0
2016-08-22,14.22,14.69,13.92,14.63,8301702,0
2016-08-23,14.9,14.99,14.33,14.36,5094101,0
2016-08-24,14.12,14.12,12.85,13.12,9008422,0
2016-08-25,13.06,13.65,12.88,13.49,7236355,0
2016-08-26,13.87,14.18,12.9,13.19,11478462,0
2016-08-29,13.01,13.5,12.86,13.3,4590319,0
2016-08-30,13.15,13.2,12.159,12.36,6739880,0
2016-08-31,12.16,12.39,11.93,12.02,6237252,0
2016-09-01,11.54,11.92,11.09,11.79,18023953,0
2016-09-02,12.1,12.47,11.975,12.37,9632318,0
2016-09-06,12.88,13.47,12.75,13.32,8795831,0
2016-09-07,13.3,13.4,12.95,13.35,7355371,0
2016-09-08,13.38,13.76,13.23,13.37,6360075,0
2016-09-09,13.04,13.12,12.115,12.31,7948291,0
2016-09-12,11.79,12.52,11.63,12.28,10774153,0
2016-09-13,12.17,12.35,11.54,11.81,7307518,0
2016-09-14,11.91,12.23,11.66,11.81,5655967,0
2016-09-15,11.78,11.9275,11.32,11.66,5976621,0
2016-09-16,11.45,11.68,11.25,11.33,27129971,0
2016-09-19,11.71,11.93,11.5015,11.59,4453794,0
2016-09-20,11.6,11.65,11.39,11.58,3876787,0
2016-09-21,11.93,12.7399,11.89,12.66,7843776,0
2016-09-22,13.0,13.11,11.77,11.96,8290539,0
2016-09-23,11.78,11.86,11.15,11.25,5430990,0
2016-09-26,11.33,11.62,10.82,10.84,5056696,0
2016-09-27,10.76,10.77,10.26,10.48,5773908,0
2016-09-28,10.49,11.0192,10.33,10.8,4548245,0
2016-09-29,10.7,10.78,10.33,10.48,4355235,0
2016-09-30,11.02,11.03,10.26,10.3,4007156,0
2016-10-03,10.28,10.4482,9.82,9.97,4914263,0
2016-10-04,9.47,9.53,8.86,8.94,7620920,0
2016-10-05,9.14,9.14,8.331,8.65,10507149,0
2016-10-06,8.27,8.5136,8.09,8.14,11427569,0
2016-10-07,8.54,8.71,7.96,8.23,9357211,0
2016-10-10,8.34,8.46,8.19,8.2,3989073,0
2016-10-11,8.28,8.28,7.76,7.76,6149913,0
2016-10-12,7.7,8.1,7.67,7.9,5427214,0
2016-10-13,7.93,8.31,7.82,8.02,5242411,0
2016-10-14,8.0,8.125,7.77,7.85,4704901,0
2016-10-17,7.93,7.99,7.79,7.85,3175429,0
2016-10-18,8.02,8.3,7.89,8.23,6450581,0
2016-10-19,8.49,8.69,8.31,8.51,6528489,0
2016-10-20,8.69,8.71,8.27,8.36,5049894,0
2016-10-21,8.32,8.4,8.14,8.24,3136053,0
2016-10-24,8.39,8.44,7.86,8.02,4353625,0
2016-10-25,8.15,8.52,8.14,8.3,3836002,0
2016-10-26,8.33,8.365,7.86,7.99,4522592,0
2016-10-27,8.05,8.07,7.72,7.75,3561056,0
2016-10-28,7.75,7.99,7.65,7.78,4260024,0
2016-10-31,7.83,8.085,7.68,8.05,3842235,0
2016-11-01,8.39,8.9,8.37,8.62,7311779,0
2016-11-02,9.01,9.56,8.65,8.74,11125337,0
2016-11-03,8.6,8.9,8.46,8.7,6328009,0
2016-11-04,8.7,8.82,8.16,8.42,7043950,0
2016-11-07,8.1,8.2199,7.85,8.06,6120793,0
2016-11-08,8.1,8.39,7.9,8.14,5854055,0
2016-11-09,9.08,9.72,8.96,9.38,14859497,0
2016-11-10,9.24,9.36,8.75,8.82,9775195,0
2016-11-11,8.69,8.8,7.8,8.02,12010204,0
2016-11-14,7.87,8.72,7.75,8.36,6186246,0
2016-11-15,8.46,9.049,8.27,9.01,7065229,0
2016-11-16,8.95,9.0,8.65,8.8,4817206,0
2016-11-17,8.87,9.2146,8.54,8.7,7480393,0
2016-11-18,8.54,8.77,8.33,8.51,5291990,0
2016-11-21,8.67,8.8899,8.56,8.74,4427922,0
2016-11-22,8.83,8.98,8.59,8.94,3983273,0
2016-11-23,8.38,8.55,8.07,8.2,6170286,0
2016-11-25,8.3,8.3699,8.18,8.3,2024897,0
2016-11-28,8.47,8.729,8.35,8.62,4519689,0
2016-11-29,8.39,9.045,8.35,8.88,3870521,0
2016-11-30,8.79,8.88,8.6,8.87,3698589,0
2016-12-01,8.77,9.19,8.5601,8.89,4250172,0
2016-12-02,9.02,9.86,8.9301,9.82,7355325,0
2016-12-05,9.62,9.82,9.23,9.66,6773626,0
2016-12-06,9.66,9.95,9.45,9.59,5385352,0
2016-12-07,9.9,10.195,9.67,9.85,5903304,0
2016-12-08,9.86,9.91,9.42,9.47,4514262,0
2016-12-09,9.35,9.46,8.73,8.79,6409541,0
2016-12-12,8.93,8.98,8.52,8.66,6195209,0
2016-12-13,8.73,8.87,8.46,8.74,4118054,0
2016-12-14,8.93,9.05,8.16,8.19,6282319,0
2016-12-15,7.82,7.82,7.2,7.35,8441509,0
2016-12-16,7.51,7.63,7.2,7.22,7796236,0
2016-12-19,7.25,7.34,7.05,7.07,4527104,0
2016-12-20,6.88,7.11,6.62,7.09,6897591,0
2016-12-21,7.15,7.17,6.91,7.01,2906233,0
2016-12-22,6.9,7.24,6.85,6.89,4040016,0
2016-12-23,6.9,7.01,6.82,6.87,3333245,0
2016-12-27,7.08,7.45,7.06,7.44,4739430,0
2016-12-28,7.4,7.51,7.2,7.43,3783788,0
2016-12-29,7.57,8.22,7.555,8.2,6270628,0
2016-12-30,8.31,8.47,7.61,7.63,8044584,0
2017-01-03,7.74,8.11,7.62,8.08,6128255,0
2017-01-04,8.23,8.4239,8.07,8.37,4909934,0
2017-01-05,8.67,9.61,8.65,9.22,10986765,0
2017-01-06,8.99,9.27,8.51,8.79,7038512,0
2017-01-09,9.04,9.2401,8.8,8.88,5455717,0
2017-01-10,8.98,9.38,8.84,9.02,5656369,0
2017-01-11,8.89,9.115,8.61,8.94,5766754,0
2017-01-12,9.18,9.23,8.66,8.79,5808444,0
2017-01-13,8.68,9.23,8.61,9.18,5126308,0
2017-01-17,9.57,9.6,9.28,9.49,5715420,0
2017-01-18,9.45,9.54,8.88,9.02,6449617,0
2017-01-19,8.9,9.21,8.815,9.02,4265290,0
2017-01-20,9.05,9.3,8.91,9.11,4039692,0
2017-01-23,9.27,9.46,9.13,9.42,4004153,0
2017-01-24,9.39,9.6593,9.11,9.19,5225867,0
2017-01-25,8.96,9.15,8.84,9.11,4937799,0
2017-01-26,8.82,9.03,8.78,8.92,3177711,0
2017-01-27,8.95,9.28,8.91,9.21,3282414,0
2017-01-30,9.27,9.36,9.03,9.09,3139864,0
2017-01-31,9.38,9.64,9.34,9.6,5507190,0
2017-02-01,9.44,9.85,9.39,9.72,5356855,0
2017-02-02,9.98,10.04,9.69,9.82,5082481,0
2017-02-03,9.79,10.13,9.75,9.96,3712328,0
2017-02-06,10.15,10.72,10.01,10.69,5703516,0
2017-02-07,10.57,10.92,10.41,10.57,6156059,0
2017-02-08,10.77,10.88,10.56,10.73,4081416,0
2017-02-09,10.75,10.78,10.161,10.2,5646146,0
2017-02-10,10.11,10.66,10.04,10.6,4404966,0
2017-02-13,10.42,10.54,10.3,10.33,3334284,0
2017-02-14,10.61,10.63,10.19,10.41,3953119,0
2017-02-15,10.13,10.25,9.93,10.02,5534863,0
2017-02-16,10.22,10.3552,10.09,10.23,4420959,0
2017-02-17,10.12,10.285,9.99,10.06,3785817,0
2017-02-21,9.76,10.02,9.65,9.79,4694710,0
2017-02-22,9.64,10.0,9.14,9.33,7623776,0
2017-02-23,9.71,9.8,9.5,9.62,4876311,0
2017-02-24,9.87,9.92,9.45,9.56,4156814,0
2017-02-27,9.52,9.93,8.86,8.99,7704527,0
2017-02-28,9.19,9.41,8.923,9.08,6155585,0
2017-03-01,8.95,9.145,8.69,9.1,6172191,0
2017-03-02,8.86,9.025,8.22,8.24,6345992,0
2017-03-03,8.27,8.36,7.8,8.21,9016420,0
2017-03-06,8.16,8.19,7.7301,7.87,4202110,0
2017-03-07,7.74,7.97,7.6,7.76,3930514,0
2017-03-08,7.61,7.78,7.54,7.6,3410958,0
2017-03-09,7.6,7.785,7.49,7.5,3091808,0
2017-03-10,7.69,7.917,7.5754,7.84,4446140,0
2017-03-13,7.85,7.89,7.5,7.67,8488653,0
2017-03-14,7.63,7.74,7.17,7.23,5882868,0
2017-03-15,7.33,7.97,7.25,7.93,5803611,0
2017-03-16,8.21,8.27,7.7799,7.91,4404646,0
2017-03-17,7.99,8.12,7.7601,7.87,4209722,0
2017-03-20,7.9,8.0,7.785,7.97,2522109,0
2017-03-21,8.03,8.22,7.8489,8.01,4557542,0
2017-03-22,8.03,8.1199,7.84,7.91,3560625,0
2017-03-23,7.94,8.03,7.73,7.93,3043001,0
2017-03-24,7.96,8.0,7.78,7.87,2123167,0
2017-03-27,8.08,8.14,7.85,8.1,3027985,0
2017-03-28,8.11,8.19,7.83,7.97,3123571,0
2017-03-29,7.92,8.07,7.855,7.99,2547177,0
2017-03-30,7.89,8.035,7.83,7.9,2429418,0
2017-03-31,7.92,8.23,7.86,8.12,3167854,0
2017-04-03,8.1,8.43,8.05,8.41,3193658,0
2017-04-04,8.57,8.64,8.435,8.62,3421206,0
2017-04-05,8.5,8.7798,8.42,8.66,5058363,0
2017-04-06,8.61,8.8,8.59,8.72,2768331,0
2017-04-07,8.9,9.07,8.64,8.75,4656606,0
2017-04-10,8.63,8.725,8.3808,8.67,3408495,0
2017-04-11,8.77,9.3,8.725,9.19,5624880,0
2017-04-12,9.16,9.26,9.0,9.23,3591142,0
2017-04-13,9.35,9.585,9.3,9.35,7041735,0
2017-04-17,9.39,9.45,9.14,9.21,4243162,0
2017-04-18,9.14,9.23,8.93,9.2,4645914,0
2017-04-19,9.06,9.0899,8.57,8.67,4539777,0
2017-04-20,8.72,8.82,8.58,8.79,3448710,0
2017-04-21,8.79,8.915,8.69,8.77,3018859,0
2017-04-24,8.58,8.67,8.48,8.51,4257526,0
2017-04-25,8.39,8.44,7.93,8.11,5940104,0
2017-04-26,8.02,8.38,7.96,8.29,4619391,0
2017-04-27,8.28,8.28,8.0,8.06,4121420,0
2017-04-28,8.17,8.22,7.96,8.13,3849725,0
2017-05-01,8.03,8.2,7.845,7.95,3234360,0
2017-05-02,7.91,8.08,7.8689,7.96,2978097,0
2017-05-03,7.93,8.06,7.82,7.84,4672371,0
2017-05-04,7.72,7.75,7.055,7.16,7079060,0
2017-05-05,7.23,7.53,7.21,7.48,2897837,0
2017-05-08,7.5,7.61,7.4232,7.58,2855902,0
2017-05-09,7.5,7.54,7.3601,7.44,3463564,0
2017-05-10,7.6,7.94,7.575,7.88,4433640,0
2017-05-11,7.98,8.4,7.92,8.36,4489201,0
2017-05-12,8.54,8.75,8.51,8.71,4588896,0
2017-05-15,8.96,8.96,8.67,8.82,3833814,0
2017-05-16,8.88,8.99,8.8467,8.95,2756882,0
2017-05-17,9.1,9.36,9.0701,9.22,4690847,0
2017-05-18,8.91,8.95,8.61,8.77,4655739,0
2017-05-19,8.98,9.04,8.82,8.92,3721494,0
2017-05-22,9.1,9.24,9.05,9.08,2879796,0
2017-05-23,9.05,9.19,8.69,8.71,3752788,0
2017-05-24,8.69,8.93,8.56,8.89,4494592,0
2017-05-25,8.79,8.9,8.6,8.69,3690182,0
2017-05-26,8.89,8.94,8.6641,8.71,3121031,0
2017-05-30,8.52,8.65,8.4,8.46,2324096,0
2017-05-31,8.47,8.48,8.22,8.37,2356887,0
2017-06-01,8.24,8.45,8.2,8.24,2171876,0
2017-06-02,8.34,8.4,8.18,8.23,2185717,0
2017-06-05,8.28,8.32,8.06,8.22,2207242,0
2017-06-06,8.49,8.95,8.41,8.94,6855936,0
2017-06-07,8.77,8.92,8.61,8.72,3925258,0
2017-06-08,8.59,8.705,8.46,8.58,2798793,0
2017-06-09,8.4,8.495,8.27,8.31,3479542,0
2017-06-12,8.25,8.36,8.18,8.2,3825550,0
2017-06-13,8.19,8.466,8.09,8.44,4270949,0
2017-06-14,8.66,8.73,7.8341,7.95,7045789,0
2017-06-15,7.87,8.02,7.72,7.77,4446181,0
2017-06-16,7.82,7.9,7.56,7.67,16825186,0
2017-06-19,7.56,7.86,7.52,7.72,2936542,0
2017-06-20,7.76,7.81,7.6223,7.76,1941324,0
2017-06-21,7.8,8.0,7.75,7.89,2326240,0
2017-06-22,8.04,8.22,8.02,8.16,3847128,0
2017-06-23,8.27,8.41,8.21,8.39,3365416,0
2017-06-26,8.18,8.47,8.14,8.37,2632358,0
2017-06-27,8.47,8.515,8.27,8.28,2434039,0
2017-06-28,8.38,8.48,8.15,8.47,1989600,0
2017-06-29,8.31,8.4,8.05,8.14,2982408,0
2017-06-30,8.07,8.39,8.05,8.31,3063478,0
2017-07-03,8.07,8.15,7.66,7.68,3589448,0
2017-07-05,7.72,7.73,7.35,7.55,6820567,0
2017-07-06,7.56,7.63,7.28,7.38,4303883,0
2017-07-07,7.31,7.32,7.1,7.19,4386116,0
2017-07-10,7.12,7.65,7.08,7.63,4856615,0
2017-07-11,7.61,7.8165,7.45,7.8,3724656,0
2017-07-12,7.81,8.0,7.72,7.73,4449175,0
2017-07-13,7.74,7.7799,7.5,7.54,3587804,0
2017-07-14,7.77,7.95,7.72,7.76,3905642,0
2017-07-17,7.92,8.1201,7.87,7.94,3243038,0
2017-07-18,8.1,8.12,7.97,8.0,2726790,0
2017-07-19,8.0,8.12,7.85,7.87,2446190,0
2017-07-20,7.83,7.991,7.77,7.94,1948539,0
2017-07-21,8.06,8.08,7.85,8.0,2183726,0
2017-07-24,8.03,8.0324,7.6437,7.68,2513045,0
2017-07-25,7.73,7.9,7.71,7.88,3510061,0
2017-07-26,7.82,8.34,7.72,8.22,5184434,0
2017-07-27,8.31,8.32,7.97,7.98,3799520,0
2017-07-28,8.05,8.295,8.01,8.2,2813034,0
2017-07-31,8.2,8.4,8.2,8.23,2918994,0
2017-08-01,8.16,8.4,8.12,8.19,2386657,0
2017-08-02,8.18,8.2,7.81,7.84,3498861,0
2017-08-03,7.8,7.84,7.665,7.69,2877101,0
2017-08-04,7.31,7.39,6.2,6.24,13921280,0
2017-08-07,6.35,6.38,6.06,6.09,6757582,0
2017-08-08,6.25,6.29,5.92,6.09,6697414,0
2017-08-09,6.24,6.29,6.06,6.22,5655128,0
2017-08-10,6.35,6.8,6.34,6.74,7665269,0
2017-08-11,6.77,6.78,6.4,6.52,5683898,0
2017-08-14,6.43,6.43,6.23,6.28,3647437,0
2017-08-15,6.05,6.28,6.02,6.22,2725608,0
2017-08-16,6.21,6.595,6.17,6.52,3663473,0
2017-08-17,6.57,6.64,6.461,6.55,3300445,0
2017-08-18,6.76,6.77,6.375,6.43,3941292,0
2017-08-21,6.45,6.5,6.32,6.41,2029341,0
2017-08-22,6.38,6.42,6.21,6.26,2562578,0
2017-08-23,6.31,6.37,6.21,6.36,2251229,0
2017-08-24,6.3,6.485,6.25,6.41,1957469,0
2017-08-25,6.47,6.59,6.35,6.48,2656334,0
2017-08-28,6.6,7.05,6.521,6.99,4879204,0
2017-08-29,7.16,7.25,6.715,6.85,5718805,0
2017-08-30,6.74,6.8,6.575,6.64,3611251,0
2017-08-31,6.68,7.11,6.68,7.07,4505580,0
2017-09-01,7.18,7.22,6.88,7.11,3185420,0
2017-09-05,7.24,7.505,7.23,7.45,5217940,0
2017-09-06,7.42,7.63,7.21,7.34,3602548,0
2017-09-07,7.46,7.64,7.41,7.52,2934757,0
2017-09-08,7.46,7.4799,7.13,7.19,3804756,0
2017-09-11,7.0,7.15,6.94,7.0,3054053,0
2017-09-12,6.96,7.36,6.92,7.26,2443000,0
2017-09-13,7.19,7.25,7.02,7.02,2387129,0
2017-09-14,7.02,7.19,6.94,7.12,2530605,0
2017-09-15,7.07,7.1633,7.0,7.01,4216220,0
2017-09-18,6.91,6.94,6.76,6.85,3417874,0
2017-09-19,6.92,7.1,6.86,7.04,1972108,0
2017-09-20,7.06,7.2,6.75,6.86,4017587,0
2017-09-21,6.72,6.98,6.7,6.85,2639576,0
2017-09-22,6.91,7.16,6.89,7.14,3034438,0
2017-09-25,7.06,7.34,7.04,7.29,3317077,0
2017-09-26,7.15,7.42,7.08,7.17,2876997,0
2017-09-27,7.1,7.21,7.07,7.1,1720094,0
2017-09-28,7.1,7.15,6.85,6.97,3312338,0
2017-09-29,6.99,7.0,6.84,6.84,1992026,0
2017-10-02,6.8,6.99,6.77,6.91,2345650,0
2017-10-03,6.93,7.01,6.74,6.83,3490556,0
2017-10-04,6.91,7.0901,6.88,7.01,2620477,0
2017-10-05,6.98,7.12,6.9784,7.0,1900844,0
2017-10-06,6.96,7.37,6.855,7.35,3722090,0
2017-10-09,7.4,7.545,7.31,7.42,2471730,0
2017-10-10,7.53,7.58,7.2,7.26,2503882,0
2017-10-11,7.31,7.35,7.0727,7.33,1814001,0
2017-10-12,7.32,7.33,7.19,7.24,1597859,0
2017-10-13,7.32,7.36,7.23,7.27,1649746,0
2017-10-16,7.27,7.34,7.11,7.14,1704963,0
2017-10-17,7.02,7.06,6.935,7.01,2128516,0
2017-10-18,6.97,7.04,6.8,6.91,2473730,0
2017-10-19,6.97,7.055,6.91,7.01,1924438,0
2017-10-20,6.96,7.02,6.87,7.0,2217230,0
2017-10-23,6.92,7.08,6.86,7.03,2161131,0
2017-10-24,6.95,7.05,6.9135,6.94,1597606,0
2017-10-25,6.9,6.99,6.85,6.89,1707545,0
2017-10-26,6.89,6.91,6.5901,6.6,3037490,0
2017-10-27,6.57,6.76,6.5,6.71,2378146,0
2017-10-30,6.71,6.94,6.7041,6.86,1919647,0
2017-10-31,6.79,6.79,6.66,6.75,1612160,0
2017-11-01,6.84,7.03,6.761,6.86,2723304,0
2017-11-02,6.9,7.03,6.86,6.92,2672273,0
2017-11-03,6.95,6.97,6.42,6.46,4921016,0
2017-11-06,6.51,6.9,6.45,6.83,3361585,0
2017-11-07,6.81,6.84,6.685,6.78,1625120,0
2017-11-08,7.04,7.23,7.04,7.04,3874470,0
2017-11-09,7.06,7.06,6.78,6.81,3082487,0
2017-11-10,6.8,6.8,6.615,6.63,3005917,0
