Date,Open,High,Low,Close,Volume,OpenInt
2014-01-02,7.3466,7.3748,7.2307,7.2881,90605,0
2014-01-03,7.3019,7.3171,7.2738,7.3019,49924,0
2014-01-06,7.3171,7.3171,7.245,7.2738,39023,0
2014-01-07,7.2586,7.331,7.2586,7.3019,59931,0
2014-01-08,7.2881,7.3466,7.2881,7.331,72191,0
2014-01-09,7.245,7.3171,7.245,7.3019,107746,0
2014-01-10,7.3019,7.3171,7.2738,7.2881,47610,0
2014-01-13,7.2881,7.3019,7.2019,7.2307,96038,0
2014-01-14,7.245,7.3019,7.245,7.3019,35589,0
2014-01-15,7.3019,7.3606,7.3019,7.331,49877,0
2014-01-16,7.3466,7.3466,7.3019,7.331,44602,0
2014-01-17,7.331,7.331,7.2738,7.3019,78075,0
2014-01-21,7.3095,7.3387,7.2586,7.331,124058,0
2014-01-22,7.3192,7.3494,7.3048,7.3266,98813,0
2014-01-23,7.3127,7.3127,7.2545,7.2545,97965,0
2014-01-24,7.2099,7.2397,7.0933,7.0933,102424,0
2014-01-27,7.0721,7.0721,6.9407,6.9698,96148,0
2014-01-28,6.9992,7.0639,6.9992,7.0283,38427,0
2014-01-29,6.9992,6.9992,6.9336,6.9481,74014,0
2014-01-30,6.9915,7.0283,6.9915,7.0134,49971,0
2014-01-31,6.9772,7.0135,6.9043,6.9261,86894,0
2014-02-03,6.9189,6.9407,6.7584,6.7661,112185,0
2014-02-04,6.8168,6.8533,6.7947,6.8315,68420,0
2014-02-05,6.8315,6.8677,6.7877,6.8315,45007,0
2014-02-06,6.8533,6.9407,6.8533,6.9189,51387,0
2014-02-07,6.9481,7.0211,6.9481,7.0134,51284,0
2014-02-10,6.9992,7.0576,6.9992,7.0353,50984,0
2014-02-11,7.0498,7.116,7.0498,7.0868,58491,0
2014-02-12,7.0868,7.1374,7.0868,7.0868,43526,0
2014-02-13,7.0639,7.1666,7.0424,7.1666,67231,0
2014-02-14,7.1666,7.181,7.1515,7.1741,80745,0
2014-02-18,7.181,7.2099,7.181,7.1962,55117,0
2014-02-19,7.1916,7.2356,7.1765,7.1765,39262,0
2014-02-20,7.1765,7.2283,7.1699,7.2131,33543,0
2014-02-21,7.2131,7.2428,7.1994,7.1994,97839,0
2014-02-24,7.2063,7.2651,7.2063,7.2494,53290,0
2014-02-25,7.2571,7.2803,7.2428,7.2494,44603,0
2014-02-26,7.2651,7.2721,7.2356,7.2494,35405,0
2014-02-27,7.2494,7.2872,7.2356,7.2872,61359,0
2014-02-28,7.2872,7.338,7.2794,7.3012,136243,0
2014-03-03,7.2428,7.2651,7.2283,7.2494,71481,0
2014-03-04,7.2933,7.3682,7.2933,7.3534,88326,0
2014-03-05,7.3534,7.3819,7.3458,7.3682,85980,0
2014-03-06,7.3819,7.4185,7.3748,7.3972,69372,0
2014-03-07,7.4185,7.4557,7.3748,7.3896,42581,0
2014-03-10,7.3896,7.3896,7.331,7.3606,81208,0
2014-03-11,7.3534,7.3682,7.3087,7.3087,51719,0
2014-03-12,7.2872,7.3165,7.2651,7.3165,41662,0
2014-03-13,7.3241,7.3458,7.2356,7.2356,63897,0
2014-03-14,7.2356,7.2494,7.2063,7.2139,48195,0
2014-03-17,7.2063,7.2721,7.2063,7.2651,51684,0
2014-03-18,7.2651,7.3241,7.2651,7.3241,44941,0
2014-03-19,7.3087,7.3241,7.2571,7.2651,27378,0
2014-03-20,7.2602,7.2833,7.2456,7.2683,48035,0
2014-03-21,7.2897,7.3041,7.2529,7.2529,35389,0
2014-03-24,7.2755,7.2833,7.2019,7.2456,37680,0
2014-03-25,7.2683,7.2966,7.2382,7.2755,57290,0
2014-03-26,7.2966,7.3041,7.2683,7.2833,101682,0
2014-03-27,7.2833,7.3041,7.2602,7.2833,51067,0
2014-03-28,7.2966,7.3494,7.2966,7.3341,43295,0
2014-03-31,7.3568,7.4012,7.3494,7.3936,75243,0
2014-04-01,7.4083,7.4457,7.4083,7.4457,44158,0
2014-04-02,7.4303,7.4529,7.4146,7.4529,56692,0
2014-04-03,7.4529,7.4605,7.4146,7.4222,45637,0
2014-04-04,7.4457,7.4529,7.3568,7.3568,59462,0
2014-04-07,7.364,7.364,7.3266,7.3341,37449,0
2014-04-08,7.3419,7.3568,7.3041,7.3494,74962,0
2014-04-09,7.3568,7.364,7.3419,7.3494,298310,0
2014-04-10,7.3494,7.3568,7.2602,7.2683,130235,0
2014-04-11,7.2529,7.2683,7.2086,7.2456,59612,0
2014-04-14,7.2833,7.2966,7.2314,7.2755,54986,0
2014-04-15,7.2602,7.2966,7.2019,7.2755,84295,0
2014-04-16,7.2966,7.312,7.2833,7.3041,85606,0
2014-04-17,7.3041,7.3494,7.3041,7.3494,37798,0
2014-04-21,7.345,7.3966,7.345,7.3888,59315,0
2014-04-22,7.3743,7.434,7.3743,7.434,46071,0
2014-04-23,7.4185,7.4421,7.4185,7.434,72063,0
2014-04-24,7.4566,7.4566,7.4111,7.4497,89666,0
2014-04-25,7.434,7.434,7.3888,7.4046,55634,0
2014-04-28,7.4261,7.4421,7.3743,7.434,78226,0
2014-04-29,7.4421,7.4566,7.4261,7.4497,45126,0
2014-04-30,7.4566,7.479,7.4421,7.479,56030,0
2014-05-01,7.4639,7.507,7.4566,7.4993,44368,0
2014-05-02,7.507,7.507,7.479,7.479,65219,0
2014-05-05,7.4713,7.486,7.4497,7.4713,80961,0
2014-05-06,7.4713,7.4713,7.4497,7.4639,40484,0
2014-05-07,7.479,7.486,7.4497,7.4713,59790,0
2014-05-08,7.4713,7.507,7.4421,7.4713,65667,0
2014-05-09,7.4938,7.4938,7.4639,7.486,29310,0
2014-05-12,7.4993,7.5305,7.4993,7.523,60120,0
2014-05-13,7.5305,7.5447,7.523,7.537,38937,0
2014-05-14,7.537,7.537,7.507,7.5305,80928,0
2014-05-15,7.5305,7.5305,7.4421,7.4639,70842,0
2014-05-16,7.479,7.507,7.4639,7.507,68266,0
2014-05-19,7.507,7.5305,7.4938,7.5305,70762,0
2014-05-20,7.5181,7.526,7.4961,7.5181,53915,0
2014-05-21,7.5329,7.6089,7.5329,7.586,117582,0
2014-05-22,7.586,7.6161,7.5785,7.6089,97921,0
2014-05-23,7.6089,7.6378,7.6019,7.6378,34626,0
2014-05-27,7.6378,7.6831,7.6378,7.6674,52376,0
2014-05-28,7.6674,7.6908,7.6604,7.6758,67699,0
2014-05-29,7.6908,7.7126,7.6758,7.7126,42685,0
2014-05-30,7.7055,7.7352,7.6983,7.7271,52495,0
2014-06-02,7.7429,7.7575,7.7208,7.7488,66408,0
2014-06-03,7.7429,7.7649,7.6983,7.7055,106707,0
2014-06-04,7.6983,7.7429,7.6908,7.7352,31310,0
2014-06-05,7.7488,7.7948,7.7429,7.7948,41662,0
2014-06-06,7.8037,7.8254,7.8037,7.8186,32601,0
2014-06-09,7.8106,7.8546,7.8106,7.8254,21981,0
2014-06-10,7.8254,7.8624,7.8254,7.8546,28072,0
2014-06-11,7.84,7.885,7.8335,7.885,22095,0
2014-06-12,7.8766,7.8766,7.8468,7.8624,34185,0
2014-06-13,7.8624,7.885,7.8624,7.8693,73262,0
2014-06-16,7.8546,7.8927,7.8546,7.8766,19807,0
2014-06-17,7.885,7.9304,7.8693,7.8998,46131,0
2014-06-18,7.8766,7.9304,7.8766,7.9304,64135,0
2014-06-19,7.9635,7.9779,7.9024,7.9337,81243,0
2014-06-20,7.9479,7.9556,7.8726,7.88,44478,0
2014-06-23,7.9024,7.9179,7.8882,7.9179,36234,0
2014-06-24,7.9024,7.9337,7.8575,7.864,36790,0
2014-06-25,7.8575,7.8957,7.8575,7.8882,50037,0
2014-06-26,7.8957,7.8957,7.8493,7.8726,30292,0
2014-06-27,7.864,7.9024,7.864,7.9024,28556,0
2014-06-30,7.9179,7.9179,7.8957,7.9106,24963,0
2014-07-01,7.9179,7.9779,7.9179,7.9635,38277,0
2014-07-02,7.9479,7.9635,7.9337,7.9479,26708,0
2014-07-03,7.9635,7.9851,7.9635,7.9779,39547,0
2014-07-07,7.9779,8.0077,7.9635,7.9779,98368,0
2014-07-08,7.9635,7.9635,7.8882,7.8882,108112,0
2014-07-09,7.9179,7.9179,7.88,7.8957,47523,0
2014-07-10,7.864,7.9024,7.8277,7.8726,59685,0
2014-07-11,7.8957,7.9024,7.8726,7.88,23602,0
2014-07-14,7.9106,7.9337,7.9024,7.9106,38551,0
2014-07-15,7.9179,7.9337,7.8882,7.8957,55719,0
2014-07-16,7.9179,7.9254,7.9024,7.9179,23193,0
2014-07-17,7.8882,7.9179,7.8726,7.8726,28124,0
2014-07-18,7.8957,7.9479,7.8957,7.9479,42902,0
2014-07-21,7.9406,7.9406,7.88,7.88,47781,0
2014-07-22,7.8989,7.9672,7.8989,7.9438,37617,0
2014-07-23,7.9287,7.9968,7.9287,7.9968,24231,0
2014-07-24,8.0121,8.0121,7.9883,8.0034,24215,0
2014-07-25,7.9883,7.9968,7.952,7.9672,17819,0
2014-07-28,7.913,7.9438,7.913,7.9287,48193,0
2014-07-29,7.9362,7.9596,7.8989,7.8989,27665,0
2014-07-30,7.9362,7.952,7.9058,7.9287,127126,0
2014-07-31,7.9058,7.913,7.7773,7.7926,50068,0
2014-08-01,7.7845,7.8003,7.7099,7.7167,60834,0
2014-08-04,7.7542,7.7618,7.6781,7.7384,41818,0
2014-08-05,7.7314,7.7314,7.6563,7.6635,24285,0
2014-08-06,7.6252,7.6709,7.5811,7.6108,98936,0
2014-08-07,7.6332,7.641,7.5497,7.5497,49505,0
2014-08-08,7.5654,7.6252,7.5574,7.6252,37292,0
2014-08-11,7.6332,7.6945,7.6332,7.6781,19536,0
2014-08-12,7.6709,7.6945,7.6563,7.6945,29755,0
2014-08-13,7.7099,7.7314,7.6865,7.7314,55765,0
2014-08-14,7.7384,7.7773,7.7314,7.7773,19012,0
2014-08-15,7.7773,7.8003,7.7099,7.7384,46422,0
2014-08-18,7.7845,7.8228,7.7845,7.8155,45610,0
2014-08-19,7.831,7.8376,7.8155,7.8376,32826,0
2014-08-20,7.8477,7.8783,7.8335,7.8712,35535,0
2014-08-21,7.8783,7.9174,7.8631,7.9174,32370,0
2014-08-22,7.8942,7.9098,7.8865,7.8942,20145,0
2014-08-25,7.9245,7.9245,7.9098,7.9098,35416,0
2014-08-26,7.9174,7.9479,7.9174,7.9245,34202,0
2014-08-27,7.9406,7.9479,7.9174,7.9245,43342,0
2014-08-28,7.9328,7.9328,7.9024,7.9098,47842,0
2014-08-29,7.9174,7.9245,7.9024,7.9174,46035,0
2014-09-02,7.9245,7.9479,7.9245,7.9479,61012,0
2014-09-03,7.9479,7.9851,7.9406,7.9707,66261,0
2014-09-04,7.9707,7.9925,7.9556,7.9635,55703,0
2014-09-05,7.9556,8.0003,7.9479,8.0003,26368,0
2014-09-08,7.9851,8.0003,7.9635,7.9635,45264,0
2014-09-09,7.9635,7.9635,7.8865,7.8942,56757,0
2014-09-10,7.9098,7.9635,7.8942,7.9556,48286,0
2014-09-11,7.9174,7.9406,7.9024,7.9245,22493,0
2014-09-12,7.9098,7.9245,7.8477,7.8556,33045,0
2014-09-15,7.8477,7.8631,7.8106,7.8264,26244,0
2014-09-16,7.8186,7.8556,7.8106,7.8477,52780,0
2014-09-17,7.7881,7.8335,7.7881,7.7948,119367,0
2014-09-18,7.8186,7.8631,7.8186,7.8407,51081,0
2014-09-19,7.8442,7.8592,7.8063,7.8369,51172,0
2014-09-22,7.8141,7.8141,7.6908,7.7216,58779,0
2014-09-23,7.7065,7.7588,7.6445,7.6445,111017,0
2014-09-24,7.6445,7.7133,7.6445,7.7065,83227,0
2014-09-25,7.6758,7.6831,7.5997,7.614,56795,0
2014-09-26,7.6209,7.6445,7.5836,7.6209,76992,0
2014-09-29,7.5528,7.5836,7.5447,7.5685,40843,0
2014-09-30,7.5913,7.6064,7.5607,7.5836,38203,0
2014-10-01,7.5766,7.5766,7.4222,7.4614,141504,0
2014-10-02,7.4684,7.4684,7.338,7.4222,83208,0
2014-10-03,7.4614,7.4913,7.4303,7.4684,49168,0
2014-10-06,7.4987,7.5212,7.4614,7.4763,50941,0
2014-10-07,7.4457,7.4535,7.399,7.399,34350,0
2014-10-08,7.3911,7.4457,7.2839,7.4379,137163,0
2014-10-09,7.4146,7.4146,7.2919,7.3152,99520,0
2014-10-10,7.269,7.2919,7.1538,7.1538,76311,0
2014-10-13,7.1538,7.1769,6.9776,6.9776,163994,0
2014-10-14,7.0006,7.054,6.9698,6.9776,103119,0
2014-10-15,6.8703,6.9472,6.7784,6.9238,164763,0
2014-10-16,6.8165,6.9854,6.7784,6.9545,92868,0
2014-10-17,7.0851,7.1692,7.0312,7.1003,56006,0
2014-10-20,7.1003,7.1846,7.0923,7.1846,40964,0
2014-10-21,7.2384,7.3225,7.2384,7.3225,36207,0
2014-10-22,7.3488,7.3795,7.3026,7.3026,38884,0
2014-10-23,7.3488,7.434,7.3488,7.3795,63782,0
2014-10-24,7.3954,7.4421,7.3795,7.4421,48691,0
2014-10-27,7.3954,7.4185,7.3795,7.4102,36336,0
2014-10-28,7.4421,7.4574,7.4185,7.4574,59487,0
2014-10-29,7.4804,7.4951,7.4421,7.4804,64431,0
2014-10-30,7.4876,7.4876,7.4421,7.4876,166341,0
2014-10-31,7.5574,7.5811,7.5181,7.5497,315399,0
2014-11-03,7.5654,7.5886,7.5497,7.5654,94841,0
2014-11-04,7.5497,7.5734,7.5181,7.526,72682,0
2014-11-05,7.5654,7.5811,7.5417,7.5574,54655,0
2014-11-06,7.5654,7.6186,7.5574,7.6034,53837,0
2014-11-07,7.5962,7.6117,7.5811,7.5886,53825,0
2014-11-10,7.6034,7.6034,7.5734,7.5962,49479,0
2014-11-11,7.5962,7.6418,7.5886,7.6418,52135,0
2014-11-12,7.6117,7.658,7.6117,7.6339,42715,0
2014-11-13,7.6418,7.6736,7.6259,7.658,75906,0
2014-11-14,7.6418,7.658,7.5962,7.6034,61157,0
2014-11-17,7.6034,7.6418,7.5734,7.6418,156727,0
2014-11-18,7.6452,7.6766,7.6371,7.6766,85996,0
2014-11-19,7.6613,7.6682,7.6371,7.653,90863,0
2014-11-20,7.6291,7.6839,7.6291,7.6839,46092,0
2014-11-21,7.7232,7.7609,7.7148,7.7374,81939,0
2014-11-24,7.7532,7.7532,7.7148,7.7148,69243,0
2014-11-25,7.7148,7.7693,7.7148,7.7609,55465,0
2014-11-26,7.7532,7.8328,7.7532,7.8244,104500,0
2014-11-28,7.8244,7.8328,7.7852,7.8163,44424,0
2014-12-01,7.8013,7.8013,7.7532,7.7693,73897,0
2014-12-02,7.7773,7.8082,7.7693,7.7932,56275,0
2014-12-03,7.7932,7.84,7.7932,7.8163,61031,0
2014-12-04,7.8013,7.84,7.8013,7.8328,33912,0
2014-12-05,7.8328,7.8858,7.8328,7.8702,50960,0
2014-12-08,7.84,7.8702,7.8244,7.8546,102120,0
2014-12-09,7.8013,7.8013,7.7609,7.7852,101528,0
2014-12-10,7.7773,7.7773,7.6452,7.6682,63967,0
2014-12-11,7.7148,7.7532,7.6613,7.6682,62456,0
2014-12-12,7.6291,7.6682,7.5757,7.5913,59354,0
2014-12-15,7.6291,7.6371,7.5129,7.5283,63312,0
2014-12-16,7.5047,7.6064,7.4747,7.4747,80415,0
2014-12-17,7.4899,7.6371,7.4899,7.6371,55577,0
2014-12-18,7.7305,7.7852,7.6839,7.7852,73021,0
2014-12-19,7.8194,7.8592,7.741,7.7639,82585,0
2014-12-22,7.7568,7.8041,7.7568,7.7722,64528,0
2014-12-23,7.7887,7.8277,7.7887,7.8041,89391,0
2014-12-24,7.8385,7.8615,7.8149,7.8385,42584,0
2014-12-26,7.8537,7.8615,7.8228,7.8385,40626,0
2014-12-29,7.8149,7.8458,7.7994,7.8063,80150,0
2014-12-30,7.7677,7.7994,7.7597,7.7754,152829,0
2014-12-31,7.8063,7.8228,7.7436,7.7436,61383,0
2015-01-02,7.7836,7.8063,7.712,7.7436,69719,0
2015-01-05,7.7199,7.7199,7.5711,7.5946,44713,0
2015-01-06,7.6179,7.6259,7.508,7.5549,61867,0
2015-01-07,7.6108,7.658,7.5869,7.6339,54386,0
2015-01-08,7.6886,7.831,7.6886,7.8228,84909,0
2015-01-09,7.8228,7.8228,7.7359,7.7921,36255,0
2015-01-12,7.7994,7.8149,7.7279,7.7436,63030,0
2015-01-13,7.7754,7.8615,7.712,7.7513,60577,0
2015-01-14,7.6806,7.7046,7.6259,7.6806,57531,0
2015-01-15,7.7199,7.7513,7.6026,7.6026,71884,0
2015-01-16,7.6179,7.7513,7.6179,7.7513,38684,0
2015-01-20,7.7677,7.8149,7.7279,7.7994,71966,0
2015-01-21,7.8098,7.8898,7.7871,7.8741,57184,0
2015-01-22,7.8973,7.9612,7.8652,7.9612,70838,0
2015-01-23,7.953,7.9612,7.913,7.913,40559,0
2015-01-26,7.9058,7.9206,7.8817,7.913,73604,0
2015-01-27,7.8493,7.8898,7.8176,7.8652,60882,0
2015-01-28,7.9058,7.913,7.794,7.8028,50508,0
2015-01-29,7.794,7.8575,7.7467,7.8493,41748,0
2015-01-30,7.8335,7.8575,7.7626,7.7706,41251,0
2015-02-02,7.7871,7.8415,7.7305,7.8415,37385,0
2015-02-03,7.8741,7.9206,7.8176,7.9058,57779,0
2015-02-04,7.9058,7.9206,7.8741,7.8817,31696,0
2015-02-05,7.913,7.9762,7.913,7.9612,28796,0
2015-02-06,7.9612,8.0003,7.8817,7.8898,47595,0
2015-02-09,7.9058,7.9287,7.8741,7.9058,40258,0
2015-02-10,7.9206,7.9612,7.913,7.9206,52608,0
2015-02-11,7.9206,7.9446,7.8817,7.8898,69276,0
2015-02-12,7.9206,8.0003,7.913,8.0003,36073,0
2015-02-13,8.0077,8.1107,8.0077,8.1032,28190,0
2015-02-17,8.1032,8.1107,8.0321,8.1107,61267,0
2015-02-18,8.121,8.1629,8.0749,8.1384,56228,0
2015-02-19,8.1297,8.1629,8.121,8.1466,43843,0
2015-02-20,8.1466,8.2018,8.1384,8.2018,55719,0
2015-02-23,8.2018,8.2259,8.1785,8.2259,41543,0
2015-02-24,8.2259,8.2753,8.2259,8.2753,69191,0
2015-02-25,8.2753,8.329,8.2666,8.329,56670,0
2015-02-26,8.3055,8.3378,8.2753,8.3055,56635,0
2015-02-27,8.3134,8.3134,8.2666,8.2753,32993,0
2015-03-02,8.2666,8.329,8.2666,8.3134,61598,0
2015-03-03,8.2978,8.3055,8.2337,8.2416,67117,0
2015-03-04,8.2259,8.2259,8.1785,8.2182,39142,0
2015-03-05,8.2337,8.249,8.2259,8.2259,55452,0
2015-03-06,8.2182,8.2337,8.1144,8.1297,103500,0
2015-03-09,8.1629,8.1785,8.1384,8.1629,59844,0
2015-03-10,8.1065,8.1297,8.002,8.0103,101244,0
2015-03-11,8.002,8.0508,8.002,8.0345,60344,0
2015-03-12,8.0508,8.1297,8.0426,8.0983,38764,0
2015-03-13,8.0983,8.1065,8.0179,8.0749,60094,0
2015-03-16,8.0831,8.1866,8.0831,8.1541,90831,0
2015-03-17,8.1384,8.1785,8.1144,8.1708,66994,0
2015-03-18,8.121,8.3378,8.121,8.2821,62729,0
2015-03-19,8.2582,8.321,8.2416,8.2582,41151,0
2015-03-20,8.2927,8.3737,8.2528,8.3246,76154,0
2015-03-23,8.3246,8.3501,8.3003,8.3169,59599,0
2015-03-24,8.3169,8.3246,8.2703,8.2703,28302,0
2015-03-25,8.2779,8.3076,8.237,8.2612,100991,0
2015-03-26,8.2444,8.2703,8.213,8.2528,42016,0
2015-03-27,8.2444,8.2528,8.2295,8.2444,23063,0
2015-03-30,8.2703,8.3246,8.2703,8.3003,64211,0
2015-03-31,8.2703,8.2927,8.2528,8.2703,27901,0
2015-04-01,8.2703,8.2703,8.2052,8.237,41517,0
2015-04-02,8.2295,8.2927,8.2295,8.2857,53239,0
2015-04-06,8.2779,8.3823,8.2779,8.3656,55235,0
2015-04-07,8.3421,8.4199,8.3421,8.3501,69091,0
2015-04-08,8.3737,8.4051,8.3656,8.3737,45134,0
2015-04-09,8.3974,8.4376,8.3823,8.4287,35337,0
2015-04-10,8.4376,8.4616,8.4287,8.4616,23561,0
2015-04-13,8.4616,8.4793,8.4447,8.4536,21695,0
2015-04-14,8.4447,8.4867,8.4447,8.4536,116329,0
2015-04-15,8.4793,8.4793,8.4447,8.4536,322121,0
2015-04-16,8.4376,8.4867,8.4376,8.4793,125200,0
2015-04-17,8.4199,8.4447,8.3737,8.3902,73066,0
2015-04-20,8.4287,8.4536,8.4287,8.4376,64603,0
2015-04-21,8.4563,8.4741,8.4323,8.4563,67551,0
2015-04-22,8.4563,8.4741,8.4086,8.4741,42767,0
2015-04-23,8.465,8.5129,8.4393,8.5059,30983,0
2015-04-24,8.5059,8.537,8.497,8.522,56688,0
2015-04-27,8.5312,8.537,8.4323,8.4393,117481,0
2015-04-28,8.4323,8.4483,8.368,8.4393,80672,0
2015-04-29,8.4086,8.4393,8.385,8.4086,72989,0
2015-04-30,8.368,8.385,8.3274,8.3517,56384,0
2015-05-01,8.385,8.4086,8.3436,8.4086,38665,0
2015-05-04,8.3926,8.4483,8.385,8.385,31350,0
2015-05-05,8.385,8.3926,8.295,8.3105,43002,0
2015-05-06,8.3192,8.3192,8.2225,8.264,52247,0
2015-05-07,8.264,8.295,8.2556,8.2796,49139,0
2015-05-08,8.3192,8.385,8.3192,8.3517,43999,0
2015-05-11,8.3606,8.368,8.3105,8.3274,43999,0
2015-05-12,8.3105,8.3436,8.2725,8.3274,51406,0
2015-05-13,8.3436,8.3606,8.3028,8.3274,56756,0
2015-05-14,8.3606,8.4008,8.3517,8.4008,35936,0
2015-05-15,8.4237,8.4237,8.3769,8.385,44273,0
2015-05-18,8.4165,8.4323,8.3769,8.4165,91069,0
2015-05-19,8.4368,8.4867,8.3965,8.4784,108968,0
2015-05-20,8.4944,8.6648,8.3813,8.5273,130540,0
2015-05-21,8.5273,8.5734,8.5095,8.5664,66129,0
2015-05-22,8.5664,8.5734,8.5095,8.5095,36453,0
2015-05-26,8.5186,8.5186,8.4132,8.4279,37294,0
2015-05-27,8.4438,8.4944,8.4438,8.4867,62066,0
2015-05-28,8.4867,8.4867,8.4193,8.4368,77684,0
2015-05-29,8.4695,8.4695,8.3558,8.3646,119822,0
2015-06-01,8.4042,8.4132,8.3558,8.3727,99897,0
2015-06-02,8.3646,8.4042,8.3473,8.3895,35349,0
2015-06-03,8.4132,8.4608,8.3965,8.4193,53080,0
2015-06-04,8.4132,8.4132,8.3307,8.3395,41752,0
2015-06-05,8.3218,8.3473,8.283,8.291,33742,0
2015-06-08,8.283,8.2987,8.2425,8.2589,27339,0
2015-06-09,8.25,8.25,8.2088,8.2172,66452,0
2015-06-10,8.25,8.3473,8.25,8.3395,49821,0
2015-06-11,8.3646,8.3646,8.3218,8.3307,35208,0
2015-06-12,8.3144,8.3144,8.2762,8.291,42858,0
2015-06-15,8.2259,8.2762,8.2088,8.2762,30668,0
2015-06-16,8.2675,8.291,8.25,8.291,38178,0
2015-06-17,8.3061,8.3061,8.2259,8.2589,37559,0
2015-06-18,8.283,8.3895,8.25,8.3395,33005,0
2015-06-19,8.3517,8.3517,8.3096,8.3096,45278,0
2015-06-22,8.4008,8.4247,8.3606,8.4008,32185,0
2015-06-23,8.4008,8.4491,8.3926,8.4096,52186,0
2015-06-24,8.4096,8.4096,8.3517,8.3606,21659,0
2015-06-25,8.3769,8.385,8.3183,8.3351,33286,0
2015-06-26,8.3517,8.368,8.2621,8.2867,57270,0
2015-06-29,8.2208,8.237,8.0492,8.0492,67795,0
2015-06-30,8.0899,8.122,8.066,8.0899,53710,0
2015-07-01,8.1558,8.1647,8.0983,8.122,75382,0
2015-07-02,8.1647,8.1727,8.1152,8.1558,48950,0
2015-07-06,8.074,8.1152,8.0578,8.0822,46379,0
2015-07-07,8.074,8.0983,7.9596,8.074,66694,0
2015-07-08,7.9596,7.9925,7.9261,7.943,82968,0
2015-07-09,8.0578,8.0578,7.9762,7.9846,49437,0
2015-07-10,8.074,8.1727,8.074,8.1727,46013,0
2015-07-13,8.237,8.2621,8.2043,8.2295,41115,0
2015-07-14,8.2295,8.2942,8.2122,8.2867,30884,0
2015-07-15,8.2867,8.302,8.2295,8.237,60804,0
2015-07-16,8.2711,8.3096,8.2711,8.2796,52740,0
2015-07-17,8.2867,8.2867,8.2537,8.2796,32185,0
2015-07-20,8.2867,8.2942,8.2537,8.2537,66082,0
2015-07-21,8.2796,8.2796,8.196,8.2295,63141,0
2015-07-22,8.1839,8.208,8.1678,8.1678,26384,0
2015-07-23,8.1922,8.1922,8.1017,8.1098,54954,0
2015-07-24,8.1098,8.1338,8.0442,8.0442,28572,0
2015-07-27,8.002,8.0103,7.9621,7.9787,81699,0
2015-07-28,8.0103,8.1178,7.9954,8.0932,43040,0
2015-07-29,8.0932,8.1422,8.0858,8.1338,32219,0
2015-07-30,8.1252,8.1422,8.1017,8.1252,39272,0
2015-07-31,8.1422,8.1762,8.1338,8.1422,29297,0
2015-08-03,8.1596,8.1596,8.0932,8.1178,29709,0
2015-08-04,8.1178,8.1511,8.1017,8.1098,91671,0
2015-08-05,8.1596,8.2,8.1422,8.1596,28085,0
2015-08-06,8.1511,8.1596,8.0686,8.0932,26239,0
2015-08-07,8.0858,8.0858,8.0442,8.0686,26991,0
2015-08-10,8.1017,8.1338,8.1017,8.1252,57264,0
2015-08-11,8.1017,8.1017,8.0355,8.0686,63004,0
2015-08-12,8.002,8.0442,7.954,8.0442,47416,0
2015-08-13,8.0188,8.0355,7.9787,8.0103,21764,0
2015-08-14,8.0188,8.0355,8.0103,8.0271,33558,0
2015-08-17,8.002,8.1422,7.9787,8.0355,32098,0
2015-08-18,8.0188,8.0613,8.002,8.002,26624,0
2015-08-19,8.002,8.002,7.9206,7.937,55440,0
2015-08-20,7.8749,7.8998,7.7677,7.7755,122330,0
2015-08-21,7.6927,7.7504,7.5354,7.5603,77649,0
2015-08-24,7.1794,7.3451,6.8069,7.1464,150562,0
2015-08-25,7.3865,7.4529,7.1464,7.1876,75474,0
2015-08-26,7.3199,7.3949,7.2291,7.3865,63641,0
2015-08-27,7.4858,7.5603,7.428,7.5354,75474,0
2015-08-28,7.5189,7.5523,7.5024,7.5523,24271,0
2015-08-31,7.5437,7.5437,7.4777,7.5024,39130,0
2015-09-01,7.3616,7.378,7.2787,7.2787,50599,0
2015-09-02,7.37,7.378,7.3123,7.3369,53616,0
2015-09-03,7.3949,7.436,7.3451,7.411,143588,0
2015-09-04,7.3285,7.3369,7.2787,7.3123,29464,0
2015-09-08,7.436,7.4691,7.428,7.4691,39005,0
2015-09-09,7.5024,7.5523,7.37,7.37,40453,0
2015-09-10,7.3451,7.4529,7.3451,7.428,83418,0
2015-09-11,7.3949,7.436,7.37,7.436,54584,0
2015-09-14,7.436,7.436,7.3865,7.3949,15459,0
2015-09-15,7.3865,7.4777,7.378,7.4609,56272,0
2015-09-16,7.4691,7.5189,7.4529,7.5024,40699,0
2015-09-17,7.5024,7.5852,7.4858,7.4858,39011,0
2015-09-18,7.436,7.4529,7.37,7.378,104216,0
2015-09-21,7.449,7.4742,7.3907,7.399,66174,0
2015-09-22,7.3241,7.332,7.2656,7.307,92188,0
2015-09-23,7.3241,7.3406,7.2823,7.3241,88240,0
2015-09-24,7.2823,7.2991,7.224,7.2823,90928,0
2015-09-25,7.3489,7.3489,7.2405,7.2823,34767,0
2015-09-28,7.2656,7.2656,7.0905,7.0987,69809,0
2015-09-29,7.0987,7.1323,7.0155,7.0573,69410,0
2015-09-30,7.1155,7.1573,7.0905,7.1323,62937,0
2015-10-01,7.1652,7.1652,7.0987,7.1652,62099,0
2015-10-02,7.0987,7.2405,7.0735,7.224,44114,0
2015-10-05,7.2991,7.3907,7.2991,7.3907,56819,0
2015-10-06,7.3742,7.4237,7.3742,7.399,23856,0
2015-10-07,7.4409,7.4742,7.4159,7.4574,34284,0
2015-10-08,7.4574,7.5323,7.4409,7.5073,25537,0
2015-10-09,7.5491,7.5658,7.5158,7.5409,62099,0
2015-10-12,7.5409,7.5574,7.5242,7.5491,29856,0
2015-10-13,7.5158,7.5491,7.4742,7.4992,45434,0
2015-10-14,7.4908,7.5323,7.4324,7.4574,52148,0
2015-10-15,7.4574,7.5158,7.4574,7.5073,74209,0
2015-10-16,7.5323,7.5574,7.466,7.5409,73489,0
2015-10-19,7.5409,7.5658,7.5242,7.5409,111405,0
2015-10-20,7.5574,7.5663,7.5323,7.5657,49277,0
2015-10-21,7.5952,7.6037,7.5447,7.5447,57607,0
2015-10-22,7.57,7.6624,7.57,7.654,53084,0
2015-10-23,7.6964,7.7297,7.6709,7.7043,44990,0
2015-10-26,7.6878,7.6878,7.6037,7.6122,54631,0
2015-10-27,7.6122,7.6122,7.5447,7.5783,42131,0
2015-10-28,7.57,7.6122,7.5618,7.6037,37733,0
2015-10-29,7.5952,7.5952,7.5447,7.57,44391,0
2015-10-30,7.6122,7.6289,7.5533,7.6204,42964,0
2015-11-02,7.6456,7.7466,7.6456,7.7466,83981,0
2015-11-03,7.7297,7.805,7.7214,7.7716,41777,0
2015-11-04,7.814,7.814,7.7631,7.7803,66203,0
2015-11-05,7.7968,7.7968,7.7631,7.7886,62842,0
2015-11-06,7.7466,7.7803,7.7297,7.7631,33446,0
2015-11-09,7.7552,7.7552,7.6709,7.7214,57653,0
2015-11-10,7.7043,7.7214,7.6878,7.7214,30589,0
2015-11-11,7.7466,7.7466,7.6037,7.6204,93431,0
2015-11-12,7.5869,7.5869,7.4691,7.4691,48088,0
2015-11-13,7.4526,7.4608,7.3853,7.3936,31542,0
2015-11-16,7.3936,7.4608,7.3767,7.4608,54631,0
2015-11-17,7.5029,7.57,7.4778,7.5447,75104,0
2015-11-18,7.5747,7.676,7.5574,7.6422,121823,0
2015-11-19,7.6592,7.676,7.6339,7.6674,30014,0
2015-11-20,7.6929,7.7351,7.6845,7.6929,68536,0
2015-11-23,7.7013,7.7186,7.6674,7.6845,59080,0
2015-11-24,7.6592,7.6929,7.6339,7.6929,32014,0
2015-11-25,7.71,7.7351,7.6422,7.6422,32492,0
2015-11-27,7.6845,7.7013,7.6674,7.6845,11933,0
2015-11-30,7.6929,7.71,7.6592,7.6674,25167,0
2015-12-01,7.6929,7.7521,7.6929,7.7521,38122,0
2015-12-02,7.7351,7.7693,7.6845,7.6845,49696,0
2015-12-03,7.7186,7.7186,7.5747,7.5912,37659,0
2015-12-04,7.6422,7.6845,7.6001,7.6845,38049,0
2015-12-07,7.6507,7.6674,7.583,7.6253,47971,0
2015-12-08,7.566,7.583,7.5237,7.5574,62117,0
2015-12-09,7.5574,7.5912,7.4389,7.4899,58251,0
2015-12-10,7.5237,7.532,7.4814,7.4985,43601,0
2015-12-11,7.4308,7.4308,7.3035,7.3035,76686,0
2015-12-14,7.3375,7.3375,7.2612,7.2782,66017,0
2015-12-15,7.346,7.3797,7.346,7.3543,53529,0
2015-12-16,7.3797,7.4559,7.3797,7.4475,138605,0
2015-12-17,7.4899,7.4899,7.4221,7.4308,107525,0
2015-12-18,7.4053,7.4137,7.3375,7.346,55181,0
2015-12-21,7.4014,7.4186,7.3673,7.4014,57113,0
2015-12-22,7.461,7.4867,7.4186,7.4867,96710,0
2015-12-23,7.5037,7.5892,7.495,7.5803,382084,0
2015-12-24,7.5803,7.6129,7.5547,7.5892,46628,0
2015-12-28,7.5892,7.6058,7.5294,7.5636,50497,0
2015-12-29,7.572,7.6316,7.572,7.6316,69045,0
2015-12-30,7.6058,7.6231,7.5803,7.5892,68433,0
2015-12-31,7.5892,7.5892,7.5294,7.5462,139954,0
2016-01-04,7.4353,7.4369,7.3501,7.4353,78259,0
2016-01-05,7.4867,7.4867,7.4186,7.4527,38368,0
2016-01-06,7.3845,7.3927,7.3162,7.359,59617,0
2016-01-07,7.2478,7.282,7.1714,7.2053,99696,0
2016-01-08,7.2053,7.231,7.1031,7.1287,64015,0
2016-01-11,7.1714,7.1714,6.9984,7.0691,99588,0
2016-01-12,7.1115,7.1329,7.0007,7.0605,75034,0
2016-01-13,7.1115,7.1115,6.9066,6.9066,67831,0
2016-01-14,6.9066,6.9494,6.8387,6.9325,109272,0
2016-01-15,6.7876,6.7961,6.6426,6.7024,164016,0
2016-01-19,6.7702,6.8217,6.6084,6.685,120208,0
2016-01-20,6.6034,6.6034,6.3715,6.5434,70075,0
2016-01-21,6.5519,6.7256,6.5519,6.6034,95550,0
2016-01-22,6.698,6.8184,6.698,6.7756,50781,0
2016-01-25,6.7668,6.7839,6.6807,6.6807,67627,0
2016-01-26,6.7067,6.81,6.698,6.7756,49932,0
2016-01-27,6.7839,6.8785,6.7324,6.7411,75648,0
2016-01-28,6.81,6.8527,6.7497,6.8356,75452,0
2016-01-29,6.8444,6.956,6.8444,6.9475,63982,0
2016-02-01,6.9302,6.9903,6.9113,6.9646,36568,0
2016-02-02,6.8958,6.8958,6.8184,6.8184,20338,0
2016-02-03,6.8527,6.8527,6.7668,6.8444,39211,0
2016-02-04,6.8444,6.9215,6.8397,6.8785,25944,0
2016-02-05,6.8444,6.8613,6.7411,6.7411,25137,0
2016-02-08,6.6723,6.7154,6.5259,6.586,62533,0
2016-02-09,6.4486,6.5519,6.4402,6.4747,53746,0
2016-02-10,6.5088,6.6034,6.5088,6.5088,22189,0
2016-02-11,6.4486,6.4486,6.3798,6.4314,38485,0
2016-02-12,6.4486,6.5004,6.4314,6.5004,47307,0
2016-02-16,6.5259,6.5948,6.5088,6.5604,56181,0
2016-02-17,6.586,6.7324,6.586,6.7236,21593,0
2016-02-18,6.7582,6.7925,6.7324,6.7582,61364,0
2016-02-19,6.7154,6.7756,6.7067,6.7756,41521,0
2016-02-22,6.8231,6.8665,6.8057,6.8231,22683,0
2016-02-23,6.8319,6.8319,6.7451,6.7626,43292,0
2016-02-24,6.7451,6.7626,6.6757,6.7626,103405,0
2016-02-25,6.7451,6.8581,6.7451,6.8403,31441,0
2016-02-26,6.8923,6.8923,6.8489,6.875,26104,0
2016-02-29,6.875,6.8969,6.8403,6.8403,36450,0
2016-03-01,6.8581,7.005,6.8581,6.9965,40561,0
2016-03-02,6.9705,7.0485,6.9705,7.0485,26788,0
2016-03-03,7.0138,7.1007,7.0138,7.0917,11878,0
2016-03-04,7.1351,7.1871,7.1091,7.1785,35521,0
2016-03-07,7.1524,7.2046,7.1309,7.2046,51657,0
2016-03-08,7.1613,7.1683,7.1351,7.1613,31734,0
2016-03-09,7.1785,7.1959,7.1524,7.1613,24209,0
2016-03-10,7.1785,7.2132,7.1266,7.1266,20020,0
2016-03-11,7.1959,7.2653,7.1959,7.2563,30928,0
2016-03-14,7.2478,7.2741,7.2436,7.2653,18615,0
2016-03-15,7.2218,7.2477,7.2046,7.2218,29717,0
2016-03-16,7.2478,7.2826,7.2132,7.2826,40324,0
2016-03-17,7.2741,7.3518,7.2653,7.3171,68437,0
2016-03-18,7.3434,7.3698,7.3171,7.326,47150,0
2016-03-21,7.3651,7.4439,7.3215,7.3478,49587,0
2016-03-22,7.3391,7.4177,7.3305,7.3651,52960,0
2016-03-23,7.3391,7.3741,7.3305,7.3305,52558,0
2016-03-24,7.313,7.313,7.234,7.2692,55973,0
2016-03-28,7.2519,7.304,7.2519,7.2692,36820,0
2016-03-29,7.2604,7.3651,7.2604,7.3651,35257,0
2016-03-30,7.4002,7.4876,7.3828,7.4676,51810,0
2016-03-31,7.4351,7.479,7.4264,7.4528,41339,0
2016-04-01,7.4002,7.479,7.4002,7.4613,47150,0
2016-04-04,7.444,7.4613,7.3828,7.3828,30400,0
2016-04-05,7.3391,7.3567,7.304,7.3045,38149,0
2016-04-06,7.3215,7.3828,7.2953,7.3828,27456,0
2016-04-07,7.3478,7.3651,7.2867,7.304,35773,0
2016-04-08,7.3567,7.3828,7.304,7.3215,31143,0
2016-04-11,7.3651,7.3828,7.304,7.313,29177,0
2016-04-12,7.3215,7.4089,7.3215,7.4002,33149,0
2016-04-13,7.4089,7.4962,7.4068,7.479,45694,0
2016-04-14,7.4962,7.502,7.4613,7.4876,48092,0
2016-04-15,7.47,7.5051,7.4613,7.4876,33812,0
2016-04-18,7.4613,7.5311,7.4613,7.5311,53004,0
2016-04-19,7.5661,7.5837,7.5402,7.5661,42315,0
2016-04-20,7.5971,7.6146,7.5619,7.5885,45067,0
2016-04-21,7.6146,7.6233,7.5531,7.5531,40872,0
2016-04-22,7.5705,7.5783,7.5269,7.5531,25542,0
2016-04-25,7.5619,7.5704,7.5269,7.5354,35376,0
2016-04-26,7.5531,7.6146,7.5531,7.6146,40961,0
2016-04-27,7.6234,7.7027,7.5971,7.6588,80659,0
2016-04-28,7.6673,7.694,7.6234,7.6322,49031,0
2016-04-29,7.6409,7.6499,7.5442,7.5885,30230,0
2016-05-02,7.6146,7.6673,7.6031,7.6146,44545,0
2016-05-03,7.5619,7.5806,7.5179,7.5269,30934,0
2016-05-04,7.4651,7.5089,7.4562,7.4651,33908,0
2016-05-05,7.4826,7.5002,7.4473,7.4738,35297,0
2016-05-06,7.4383,7.5075,7.412,7.4299,40696,0
2016-05-09,7.412,7.4738,7.412,7.43,39547,0
2016-05-10,7.4738,7.5531,7.4738,7.5531,32843,0
2016-05-11,7.5619,7.5619,7.5179,7.5179,37343,0
2016-05-12,7.5705,7.5705,7.4473,7.4914,36732,0
2016-05-13,7.4914,7.5089,7.3858,7.3858,42362,0
2016-05-16,7.3945,7.5179,7.3945,7.5179,43275,0
2016-05-17,7.4826,7.4826,7.3945,7.4035,67699,0
2016-05-18,7.421,7.4562,7.3858,7.421,23412,0
2016-05-19,7.4252,7.4252,7.3632,7.4252,41223,0
2016-05-20,7.4521,7.4788,7.4308,7.4432,18018,0
2016-05-23,7.4432,7.4876,7.4343,7.4608,19879,0
2016-05-24,7.5141,7.5672,7.4521,7.5672,40887,0
2016-05-25,7.5937,7.6382,7.5764,7.6294,39529,0
2016-05-26,7.6382,7.6561,7.5937,7.6473,25081,0
2016-05-27,7.6294,7.674,7.6294,7.6648,23019,0
2016-05-31,7.7002,7.7094,7.6382,7.6561,33486,0
2016-06-01,7.6205,7.6914,7.6205,7.6382,83950,0
2016-06-02,7.6205,7.674,7.6205,7.6562,37209,0
2016-06-03,7.6294,7.6648,7.6029,7.6561,43042,0
2016-06-06,7.6561,7.7357,7.6561,7.7184,32184,0
2016-06-07,7.727,7.7624,7.7094,7.745,62089,0
2016-06-08,7.789,7.789,7.7358,7.7715,52533,0
2016-06-09,7.7715,7.7715,7.7094,7.7537,48666,0
2016-06-10,7.7094,7.745,7.674,7.674,69269,0
2016-06-13,7.6561,7.6914,7.5937,7.6205,49922,0
2016-06-14,7.5937,7.6079,7.5053,7.5585,64040,0
2016-06-15,7.5585,7.5764,7.5141,7.5141,38052,0
2016-06-16,7.5053,7.5053,7.4343,7.4963,62054,0
2016-06-17,7.4963,7.5764,7.4696,7.5496,78399,0
2016-06-20,7.6382,7.6473,7.5764,7.5764,38368,0
2016-06-21,7.652,7.6612,7.5987,7.652,83078,0
2016-06-22,7.6255,7.6879,7.6074,7.6074,67033,0
2016-06-23,7.679,7.7237,7.6612,7.7237,59318,0
2016-06-24,7.3394,7.5002,7.3394,7.4226,135650,0
2016-06-27,7.3928,7.4377,7.1873,7.2053,70401,0
2016-06-28,7.3213,7.3482,7.2588,7.3035,71128,0
2016-06-29,7.3661,7.4646,7.3661,7.4377,55237,0
2016-06-30,7.4465,7.5717,7.4465,7.5629,54503,0
2016-07-01,7.5717,7.6164,7.5225,7.5629,35894,0
2016-07-05,7.536,7.5448,7.4734,7.5181,88471,0
2016-07-06,7.4555,7.5091,7.4465,7.4913,53554,0
2016-07-07,7.5002,7.5272,7.4823,7.4823,34450,0
2016-07-08,7.5448,7.6074,7.5337,7.5987,29541,0
2016-07-11,7.5987,7.652,7.5987,7.652,18447,0
2016-07-12,7.6343,7.7328,7.6343,7.7328,29701,0
2016-07-13,7.7503,7.7596,7.7237,7.7328,63486,0
2016-07-14,7.8936,7.8936,7.7979,7.831,59328,0
2016-07-15,7.831,7.8489,7.7596,7.7596,35079,0
2016-07-18,7.7773,7.8041,7.7596,7.7773,46592,0
2016-07-19,7.7503,7.7862,7.7503,7.7862,34374,0
2016-07-20,7.8269,7.8349,7.7729,7.8269,36499,0
2016-07-21,7.8087,7.8087,7.7729,7.7729,37064,0
2016-07-22,7.7998,7.8178,7.7636,7.8087,38277,0
2016-07-25,7.8269,7.8357,7.7817,7.8178,30109,0
2016-07-26,7.8357,7.8537,7.7998,7.8357,26927,0
2016-07-27,7.8357,7.8808,7.8357,7.872,50671,0
2016-07-28,7.872,7.917,7.8629,7.917,34264,0
2016-07-29,7.872,7.9619,7.872,7.9475,47623,0
2016-08-01,7.9619,7.9711,7.917,7.9439,25531,0
2016-08-02,7.9258,7.9349,7.8537,7.8629,28451,0
2016-08-03,7.8808,7.8898,7.8357,7.8808,9521,0
2016-08-04,7.872,7.9349,7.872,7.8989,16924,0
2016-08-05,7.9258,7.9439,7.9258,7.9259,16709,0
2016-08-08,7.9619,7.9711,7.9349,7.9618,30939,0
2016-08-09,7.9619,7.9888,7.953,7.9664,19139,0
2016-08-10,7.9711,7.9799,7.9349,7.953,48238,0
2016-08-11,7.9711,7.998,7.9619,7.998,31270,0
2016-08-12,7.998,7.998,7.9478,7.9792,15698,0
2016-08-15,7.998,8.025,7.998,8.025,31523,0
2016-08-16,7.9799,8.025,7.9711,8.0069,35947,0
2016-08-17,7.9888,8.0161,7.9888,7.9888,10361,0
2016-08-18,7.9711,8.0161,7.9711,8.0069,43779,0
2016-08-19,7.9888,8.025,7.9887,7.9888,28285,0
2016-08-22,7.9847,8.0479,7.9847,8.0117,28408,0
2016-08-23,8.0388,8.0754,8.0341,8.0659,34534,0
2016-08-24,8.0659,8.0754,8.0299,8.0299,24183,0
2016-08-25,7.9934,8.057,7.9934,8.0388,26423,0
2016-08-26,8.0388,8.0479,7.9847,8.0299,51233,0
2016-08-29,8.0754,8.1295,8.048,8.0659,51019,0
2016-08-30,8.0931,8.1025,8.0479,8.0754,43576,0
2016-08-31,8.0931,8.1114,8.0299,8.0479,50285,0
2016-09-01,8.0931,8.1114,8.0288,8.0388,53010,0
2016-09-02,8.0754,8.1205,8.057,8.0931,26478,0
2016-09-06,8.0842,8.0931,8.0659,8.0931,23743,0
2016-09-07,8.1114,8.1114,8.0684,8.0931,41886,0
2016-09-08,8.1025,8.1205,8.0754,8.1205,27919,0
2016-09-09,8.057,8.0701,7.93,7.9517,92979,0
2016-09-12,7.8664,7.9847,7.801,7.9847,84394,0
2016-09-13,7.8937,7.9117,7.821,7.8302,33782,0
2016-09-14,7.8756,7.8937,7.7849,7.812,61824,0
2016-09-15,7.803,7.9027,7.803,7.8574,40813,0
2016-09-16,7.821,7.9209,7.7756,7.821,32717,0
2016-09-19,7.8664,7.8846,7.821,7.8483,49005,0
2016-09-20,7.8846,7.9209,7.8664,7.8756,50198,0
2016-09-21,7.9167,7.9441,7.8527,7.9441,42610,0
2016-09-22,8.0173,8.0173,7.9534,7.9716,47756,0
2016-09-23,7.935,7.9807,7.935,7.935,44506,0
2016-09-26,7.8891,7.9257,7.88,7.9075,42544,0
2016-09-27,7.8891,7.9716,7.8891,7.9716,34012,0
2016-09-28,7.9897,8.008,7.9075,7.9716,37273,0
2016-09-29,7.9897,8.008,7.8985,7.9441,33382,0
2016-09-30,7.9716,8.0173,7.9441,7.9533,54804,0
2016-10-03,7.9807,8.008,7.935,7.935,31275,0
2016-10-04,7.9623,7.9807,7.8619,7.9075,41073,0
2016-10-05,7.9257,7.9257,7.88,7.8891,66245,0
2016-10-06,7.871,7.8857,7.8436,7.871,204582,0
2016-10-07,7.8527,7.871,7.7978,7.8436,37860,0
2016-10-10,7.88,7.9075,7.8619,7.9075,22527,0
2016-10-11,7.88,7.88,7.743,7.7521,64309,0
2016-10-12,7.7612,7.7978,7.7338,7.743,90890,0
2016-10-13,7.7338,7.7391,7.6425,7.6882,56251,0
2016-10-14,7.7338,7.7612,7.6882,7.7246,55004,0
2016-10-17,7.6972,7.7063,7.6333,7.6515,72753,0
2016-10-18,7.7521,7.7795,7.6882,7.7246,52442,0
2016-10-19,7.7612,7.7612,7.7156,7.7513,50139,0
2016-10-20,7.7569,7.8489,7.7107,7.7475,62699,0
2016-10-21,7.7569,7.7935,7.7291,7.7751,30122,0
2016-10-24,7.8212,7.8212,7.7613,7.812,89977,0
2016-10-25,7.8028,7.8212,7.7818,7.8028,37573,0
2016-10-26,7.7751,7.8212,7.7591,7.812,49473,0
2016-10-27,7.8489,7.8489,7.7475,7.7659,81916,0
2016-10-28,7.8028,7.8205,7.7383,7.7383,74368,0
2016-10-31,7.7198,7.775,7.7198,7.7569,38167,0
2016-11-01,7.7935,7.7935,7.6369,7.683,67221,0
2016-11-02,7.6646,7.682,7.6177,7.6221,36847,0
2016-11-03,7.6554,7.659,7.5266,7.5356,57911,0
2016-11-04,7.5633,7.5633,7.4989,7.5356,58083,0
2016-11-07,7.6002,7.6854,7.5909,7.6461,81058,0
2016-11-08,7.6186,7.7015,7.6186,7.6554,49454,0
2016-11-09,7.5633,7.7106,7.5172,7.683,80213,0
2016-11-10,7.7475,7.7569,7.6461,7.683,80604,0
2016-11-11,7.6554,7.6646,7.6092,7.6374,56375,0
2016-11-14,7.6369,7.6645,7.5909,7.6278,77280,0
2016-11-15,7.6554,7.6948,7.6278,7.6646,51450,0
2016-11-16,7.6554,7.7291,7.6461,7.7106,69065,0
2016-11-17,7.6922,7.8305,7.6922,7.7751,61309,0
2016-11-18,7.8076,7.8355,7.7519,7.7519,68478,0
2016-11-21,7.8262,7.8355,7.7797,7.817,59025,0
2016-11-22,7.8634,7.8818,7.8355,7.8818,263552,0
2016-11-23,7.8448,7.9654,7.8076,7.9099,99139,0
2016-11-25,7.9563,8.0099,7.9283,7.9469,45444,0
2016-11-28,7.9843,7.9843,7.9005,7.9476,97831,0
2016-11-29,7.9191,8.0026,7.8912,8.0026,91746,0
2016-11-30,8.0026,8.0489,7.9283,7.9747,172426,0
2016-12-01,8.0026,8.0026,7.8818,7.9283,59738,0
2016-12-02,7.9563,7.9563,7.8912,7.9099,53844,0
2016-12-05,7.9563,7.9843,7.8912,7.9654,91588,0
2016-12-06,7.9654,8.0675,7.9563,8.0397,65370,0
2016-12-07,8.0768,8.1696,8.0499,8.1326,81062,0
2016-12-08,8.1417,8.2222,8.1141,8.1976,341339,0
2016-12-09,8.179,8.2533,8.1604,8.2441,38350,0
2016-12-12,8.2346,8.2533,8.1696,8.2441,82306,0
2016-12-13,8.2905,8.3646,8.2624,8.3646,133262,0
2016-12-14,8.3833,8.3833,8.2068,8.2068,126210,0
2016-12-15,8.2441,8.2495,7.9843,8.2346,92038,0
2016-12-16,8.2905,8.2998,8.2624,8.281,38976,0
2016-12-19,8.2905,8.3461,8.2275,8.2346,148999,0
2016-12-20,8.2954,8.2954,8.2114,8.2486,74739,0
2016-12-21,8.2767,8.3018,8.1833,8.2114,53691,0
2016-12-22,8.2582,8.2863,8.202,8.2114,51168,0
2016-12-23,8.2114,8.2302,8.1739,8.2206,66344,0
2016-12-27,8.2863,8.3039,8.2302,8.2674,57810,0
2016-12-28,8.3049,8.3049,8.2114,8.2394,45364,0
2016-12-29,8.2674,8.2954,8.1926,8.2206,40755,0
2016-12-30,8.2674,8.2835,8.1926,8.202,58885,0
2017-01-03,8.2206,8.417,8.2178,8.417,109436,0
2017-01-04,8.3796,8.4266,8.3796,8.4266,43610,0
2017-01-05,8.4266,8.4266,8.3985,8.4076,39710,0
2017-01-06,8.4546,8.5386,8.4451,8.5294,83653,0
2017-01-09,8.5294,8.6041,8.5294,8.6041,98326,0
2017-01-10,8.6602,8.6697,8.5949,8.6039,57374,0
2017-01-11,8.6415,8.6509,8.576,8.5855,49922,0
2017-01-12,8.6229,8.6415,8.5883,8.6415,54654,0
2017-01-13,8.6602,8.735,8.6541,8.6977,52879,0
2017-01-17,8.735,8.7537,8.6041,8.6041,108064,0
2017-01-18,8.6509,8.6509,8.5669,8.6041,34993,0
2017-01-19,8.6321,8.6321,8.4546,8.5014,122544,0
2017-01-20,8.5248,8.5624,8.4965,8.5624,35765,0
2017-01-23,8.6097,8.6851,8.5342,8.5437,59413,0
2017-01-24,8.6851,8.6851,8.572,8.6661,61996,0
2017-01-25,8.6661,8.7321,8.5624,8.7321,119011,0
2017-01-26,8.7978,8.8168,8.7507,8.8028,62814,0
2017-01-27,8.8546,8.8546,8.7791,8.7886,47492,0
2017-01-30,8.8262,8.8262,8.7415,8.7507,47130,0
2017-01-31,8.7886,8.8074,8.7415,8.7415,36281,0
2017-02-01,8.7886,8.7978,8.7415,8.7886,51501,0
2017-02-02,8.8074,8.8074,8.7603,8.7886,53936,0
2017-02-03,8.8262,8.8546,8.8074,8.8546,79898,0
2017-02-06,8.8546,8.8638,8.821,8.8546,30190,0
2017-02-07,8.8828,8.8828,8.8168,8.8546,51264,0
2017-02-08,8.845,8.892,8.8356,8.892,53768,0
2017-02-09,8.911,8.9392,8.8828,8.9203,53777,0
2017-02-10,8.9485,8.9956,8.9485,8.9956,54221,0
2017-02-13,9.0148,9.0829,8.9865,9.0704,56924,0
2017-02-14,9.099,9.1086,9.0622,9.0799,89759,0
2017-02-15,9.1086,9.1372,9.0526,9.1372,85284,0
2017-02-16,9.1133,9.121,9.0942,9.0942,45142,0
2017-02-17,9.0847,9.0942,9.028,9.0659,36251,0
2017-02-21,9.0752,9.0942,9.0564,9.0752,70363,0
2017-02-22,9.028,9.0942,9.009,9.0659,35891,0
2017-02-23,9.0942,9.1133,9.0659,9.1038,49973,0
2017-02-24,9.0752,9.0942,9.0374,9.0847,51308,0
2017-02-27,9.0942,9.1133,9.0565,9.1038,69643,0
2017-02-28,9.1324,9.1324,9.0187,9.028,202140,0
2017-03-01,9.0564,9.1709,9.0564,9.1709,290185,0
2017-03-02,9.1709,9.1709,9.1038,9.1229,47056,0
2017-03-03,9.1229,9.1229,9.0659,9.0847,40287,0
2017-03-06,9.0847,9.1038,9.0471,9.0752,140099,0
2017-03-07,9.0752,9.0752,9.028,9.0564,44264,0
2017-03-08,9.0564,9.0564,9.009,9.0374,34046,0
2017-03-09,9.0564,9.0564,8.9189,8.9712,69392,0
2017-03-10,9.0187,9.0442,8.9901,9.0374,40027,0
2017-03-13,9.0471,9.0525,9.028,9.0471,12741,0
2017-03-14,8.9996,9.0422,8.9712,8.9901,34171,0
2017-03-15,8.9804,9.0752,8.9804,9.0742,39482,0
2017-03-16,9.1038,9.1278,9.0847,9.0942,59256,0
2017-03-17,9.1324,9.1805,9.1038,9.1805,39269,0
2017-03-20,9.1805,9.2271,9.1661,9.199,38173,0
2017-03-21,9.2357,9.2539,9.1038,9.1133,24685,0
2017-03-22,9.1278,9.1468,9.0131,9.1278,48640,0
2017-03-23,9.1468,9.2416,9.099,9.1951,55657,0
2017-03-24,9.1951,9.1951,9.0704,9.1757,50427,0
2017-03-27,9.1372,9.1853,9.1181,9.1853,46923,0
2017-03-28,9.2048,9.2608,9.1661,9.2608,29064,0
2017-03-29,9.2608,9.2608,9.2231,9.251,34094,0
2017-03-30,9.2416,9.2997,9.1853,9.2802,24842,0
2017-03-31,9.29,9.4331,9.2608,9.3192,78608,0
2017-04-03,9.3389,9.3389,9.2802,9.3094,143448,0
2017-04-04,9.2997,9.2997,9.2416,9.2997,33065,0
2017-04-05,9.2997,9.3094,9.1661,9.1661,75177,0
2017-04-06,9.2231,9.3389,9.1661,9.2416,63545,0
2017-04-07,9.2048,9.251,9.1853,9.2416,58825,0
2017-04-10,9.251,9.3292,9.2416,9.2988,52313,0
2017-04-11,9.3094,9.3192,9.2705,9.29,56734,0
2017-04-12,9.2997,9.3292,9.2705,9.2802,96319,0
2017-04-13,9.2705,9.29,9.251,9.2802,73862,0
2017-04-17,9.2997,9.3114,9.251,9.251,87190,0
2017-04-18,9.2802,9.3094,9.2135,9.2802,57816,0
2017-04-19,9.2948,9.3439,9.2754,9.3242,284546,0
2017-04-20,9.3339,9.3995,9.2948,9.3995,45335,0
2017-04-21,9.3797,9.4193,9.3439,9.4093,33746,0
2017-04-24,9.4888,9.543,9.4291,9.543,59687,0
2017-04-25,9.573,9.633,9.543,9.633,49848,0
2017-04-26,9.651,9.732,9.613,9.697,204693,0
2017-04-27,9.717,9.757,9.651,9.688,103235,0
2017-04-28,9.661,9.707,9.641,9.678,77479,0
2017-05-01,9.707,9.707,9.641,9.641,41885,0
2017-05-02,9.661,9.693,9.633,9.688,70627,0
2017-05-03,9.669,9.727,9.669,9.727,62375,0
2017-05-04,9.737,9.757,9.651,9.651,92207,0
2017-05-05,9.697,9.737,9.651,9.727,40326,0
2017-05-08,9.737,9.737,9.669,9.688,34693,0
2017-05-09,9.717,9.757,9.688,9.707,51535,0
2017-05-10,9.717,9.747,9.697,9.737,45248,0
2017-05-11,9.737,9.74,9.669,9.688,53802,0
2017-05-12,9.669,9.678,9.563,9.678,170557,0
2017-05-15,9.688,9.757,9.669,9.727,61530,0
2017-05-16,9.707,9.767,9.707,9.747,55348,0
2017-05-17,9.688,9.697,9.553,9.563,50108,0
2017-05-18,9.543,9.617,9.525,9.603,51636,0
2017-05-19,9.618,9.703,9.618,9.703,31184,0
2017-05-22,9.693,9.801,9.674,9.773,35694,0
2017-05-23,9.801,9.858,9.795,9.848,158724,0
2017-05-24,9.848,9.848,9.82,9.829,68892,0
2017-05-25,9.829,9.888,9.829,9.888,49941,0
2017-05-26,9.868,9.974,9.868,9.956,124490,0
2017-05-30,9.908,9.918,9.863,9.918,38089,0
2017-05-31,9.898,9.949,9.893,9.918,45625,0
2017-06-01,9.946,9.946,9.839,9.858,51962,0
2017-06-02,9.858,9.937,9.839,9.918,24790,0
2017-06-05,9.937,9.984,9.937,9.946,27267,0
2017-06-06,9.918,9.984,9.918,9.984,21504,0
2017-06-07,10.003,10.053,9.946,10.023,69988,0
2017-06-08,10.003,10.023,9.993,10.023,55728,0
2017-06-09,10.023,10.033,9.965,10.003,67589,0
2017-06-12,9.984,9.993,9.927,9.965,36929,0
2017-06-13,9.993,10.033,9.965,10.003,32409,0
2017-06-14,10.003,10.043,9.974,10.023,26680,0
2017-06-15,9.965,10.003,9.946,10.003,35797,0
2017-06-16,9.974,9.984,9.927,9.937,38351,0
2017-06-19,9.965,9.998,9.908,9.908,81701,0
2017-06-20,9.908,9.918,9.898,9.898,65271,0
2017-06-21,9.883,9.904,9.834,9.853,52059,0
2017-06-22,9.893,9.903,9.824,9.903,60117,0
2017-06-23,9.883,9.903,9.843,9.893,68574,0
2017-06-26,9.913,9.941,9.853,9.932,60235,0
2017-06-27,9.951,9.961,9.853,9.863,33835,0
2017-06-28,9.913,9.951,9.863,9.951,34218,0
2017-06-29,9.951,9.961,9.843,9.941,42354,0
2017-06-30,9.932,9.97,9.863,9.961,52111,0
2017-07-03,9.951,10.009,9.913,10.009,50765,0
2017-07-05,10.009,10.009,9.893,9.99,34538,0
2017-07-06,9.97,9.97,9.863,9.863,44220,0
2017-07-07,9.932,10.059,9.913,10.009,101401,0
2017-07-10,10.009,10.059,9.99,10.039,33695,0
2017-07-11,10.049,10.078,10.014,10.019,43441,0
2017-07-12,10.059,10.195,10.059,10.136,62173,0
2017-07-13,10.146,10.146,10.059,10.078,42285,0
2017-07-14,10.088,10.155,10.078,10.146,30040,0
2017-07-17,10.146,10.195,10.136,10.175,41101,0
2017-07-18,10.185,10.407,10.126,10.224,80559,0
2017-07-19,10.234,10.331,10.195,10.331,144359,0
2017-07-20,10.351,10.419,10.262,10.272,56042,0
2017-07-21,10.311,10.37,10.272,10.341,50215,0
2017-07-24,10.419,10.419,10.282,10.37,80966,0
2017-07-25,10.321,10.37,10.234,10.37,30912,0
2017-07-26,10.37,10.428,10.341,10.36,44807,0
2017-07-27,10.389,10.399,10.331,10.36,48223,0
2017-07-28,10.37,10.439,10.341,10.389,42170,0
2017-07-31,10.419,10.449,10.341,10.399,89688,0
2017-08-01,10.429,10.429,10.282,10.321,76484,0
2017-08-02,10.351,10.37,10.262,10.272,60581,0
2017-08-03,10.311,10.335,10.242,10.272,46550,0
2017-08-04,10.321,10.341,10.272,10.292,26448,0
2017-08-07,10.311,10.322,10.259,10.272,51206,0
2017-08-08,10.272,10.292,10.223,10.233,77311,0
2017-08-09,10.184,10.242,10.125,10.145,57037,0
2017-08-10,10.095,10.157,9.821,9.89,80863,0
2017-08-11,9.753,9.978,9.654,9.948,75479,0
2017-08-14,10.017,10.076,9.988,10.017,51592,0
2017-08-15,9.997,10.017,9.948,9.988,61671,0
2017-08-16,9.997,10.095,9.997,10.047,42814,0
2017-08-17,10.007,10.076,9.91,9.934,62632,0
2017-08-18,9.91,9.997,9.841,9.988,49823,0
2017-08-21,9.958,9.997,9.92,9.997,33828,0
2017-08-22,10.047,10.077,9.997,10.067,47849,0
2017-08-23,10.027,10.116,10.017,10.106,48644,0
2017-08-24,10.096,10.146,10.057,10.087,64008,0
2017-08-25,10.116,10.146,10.037,10.116,28808,0
2017-08-28,10.126,10.126,10.047,10.116,36775,0
2017-08-29,10.047,10.077,10.017,10.057,44763,0
2017-08-30,10.067,10.116,10.037,10.087,41158,0
2017-08-31,10.106,10.146,10.096,10.146,29744,0
2017-09-01,10.185,10.294,10.185,10.294,45154,0
2017-09-05,10.225,10.353,10.087,10.096,30167,0
2017-09-06,10.146,10.264,10.101,10.126,26240,0
2017-09-07,10.146,10.195,10.138,10.165,49851,0
2017-09-08,10.155,10.264,10.151,10.175,35787,0
2017-09-11,10.235,10.294,10.215,10.294,24957,0
2017-09-12,10.313,10.353,10.284,10.353,52719,0
2017-09-13,10.343,10.343,10.264,10.264,21389,0
2017-09-14,10.294,10.313,10.264,10.313,36912,0
2017-09-15,10.333,10.531,10.264,10.274,66511,0
2017-09-18,10.303,10.353,10.294,10.343,30750,0
2017-09-19,10.363,10.44,10.363,10.412,39450,0
2017-09-20,10.383,10.511,10.383,10.461,30301,0
2017-09-21,10.461,10.561,10.432,10.474,57138,0
2017-09-22,10.491,10.531,10.451,10.481,47375,0
2017-09-25,10.481,10.481,10.352,10.442,36260,0
2017-09-26,10.471,10.491,10.352,10.481,76499,0
2017-09-27,10.491,10.491,10.402,10.471,29479,0
2017-09-28,10.471,10.491,10.446,10.491,18911,0
2017-09-29,10.501,10.544,10.491,10.541,26852,0
2017-10-02,10.581,10.63,10.571,10.622,43499,0
2017-10-03,10.64,10.7,10.64,10.7,33635,0
2017-10-04,10.7,10.72,10.68,10.69,26092,0
2017-10-05,10.68,10.7,10.675,10.7,27064,0
2017-10-06,10.7,10.73,10.68,10.7,31565,0
2017-10-09,10.68,10.769,10.68,10.71,30504,0
2017-10-10,10.75,10.75,10.67,10.71,53074,0
2017-10-11,10.67,10.716,10.67,10.69,29923,0
2017-10-12,10.65,10.769,10.65,10.74,42635,0
2017-10-13,10.75,10.759,10.72,10.74,32084,0
2017-10-16,10.789,10.899,10.759,10.769,40609,0
2017-10-17,10.799,10.799,10.769,10.769,43459,0
2017-10-18,10.769,10.799,10.71,10.72,57170,0
2017-10-19,10.69,10.72,10.64,10.69,56883,0
2017-10-20,10.69,10.75,10.66,10.68,69272,0
2017-10-23,10.71,10.75,10.63,10.63,41489,0
2017-10-24,10.74,10.74,10.7,10.73,47126,0
2017-10-25,10.73,10.73,10.5,10.65,44561,0
2017-10-26,10.67,10.7,10.57,10.575,30290,0
2017-10-27,10.63,10.68,10.61,10.66,17252,0
2017-10-30,10.61,10.65,10.58,10.6,39958,0
2017-10-31,10.66,10.67,10.6,10.64,69289,0
2017-11-01,10.66,10.69,10.6,10.63,120265,0
2017-11-02,10.57,10.61,10.5002,10.6,65223,0
2017-11-03,10.62,10.62,10.56,10.56,49399,0
2017-11-06,10.56,10.59,10.5091,10.56,83224,0
2017-11-07,10.53,10.53,10.5,10.53,69137,0
2017-11-08,10.52,10.55,10.49,10.51,73313,0
2017-11-09,10.45,10.51,10.42,10.5,39118,0
2017-11-10,10.45,10.5,10.45,10.46,50051,0
