Date,Open,High,Low,Close,Volume,OpenInt
2014-01-02,12.297,12.399,12.268,12.34,5783174,0
2014-01-03,12.399,12.536,12.326,12.459,8563445,0
2014-01-06,12.492,12.642,12.477,12.565,7435309,0
2014-01-07,12.642,12.751,12.492,12.685,9423221,0
2014-01-08,12.651,12.666,12.561,12.636,6960799,0
2014-01-09,12.651,12.656,12.492,12.579,7364938,0
2014-01-10,12.841,12.848,12.666,12.806,6044957,0
2014-01-13,12.78,13.049,12.711,13.002,13308470,0
2014-01-14,12.997,13.002,12.8,12.818,5175662,0
2014-01-15,12.777,12.96,12.765,12.813,5535774,0
2014-01-16,12.796,12.908,12.765,12.895,4509270,0
2014-01-17,12.883,12.9,12.834,12.876,3492508,0
2014-01-21,12.927,13.122,12.841,13.08,7735269,0
2014-01-22,13.049,13.116,12.947,13.074,6114860,0
2014-01-23,13.126,13.287,13.043,13.253,7124658,0
2014-01-24,13.287,13.431,13.232,13.236,10395306,0
2014-01-27,13.318,13.359,13.085,13.143,7562605,0
2014-01-28,13.287,13.304,13.069,13.152,5795241,0
2014-01-29,13.169,13.246,13.039,13.195,4839772,0
2014-01-30,13.163,13.232,13.08,13.174,9765717,0
2014-01-31,13.212,13.419,13.187,13.322,9477473,0
2014-02-03,13.355,13.464,13.331,13.39,16940192,0
2014-02-04,13.419,13.776,13.355,13.566,21267712,0
2014-02-05,13.691,13.937,13.687,13.842,14438021,0
2014-02-06,13.904,14.052,13.744,13.768,10701312,0
2014-02-07,13.768,14.016,13.691,13.978,13775441,0
2014-02-10,13.978,14.098,13.951,14.075,7665871,0
2014-02-11,14.086,14.129,13.937,13.965,9607796,0
2014-02-12,13.958,14.041,13.925,13.99,7423743,0
2014-02-13,13.951,14.118,13.916,14.066,5027354,0
2014-02-14,14.075,14.086,13.958,14.016,6465777,0
2014-02-18,13.998,14.293,13.945,14.293,8602036,0
2014-02-19,14.302,14.308,14.17,14.188,8987437,0
2014-02-20,14.195,14.224,14.041,14.092,5344176,0
2014-02-21,14.041,14.135,13.945,14.004,9012327,0
2014-02-24,14.052,14.086,13.984,14.022,8093870,0
2014-02-25,14.059,14.135,13.99,14.075,6956889,0
2014-02-26,14.147,14.211,14.098,14.188,5730131,0
2014-02-27,14.216,14.245,14.129,14.233,4736928,0
2014-02-28,14.253,14.289,14.135,14.175,11839265,0
2014-03-03,14.118,14.402,14.118,14.373,6758053,0
2014-03-04,14.402,14.402,14.129,14.364,7953228,0
2014-03-05,14.39,14.429,14.289,14.402,4674962,0
2014-03-06,14.379,14.449,14.334,14.342,4837580,0
2014-03-07,14.162,14.181,13.929,13.99,10081068,0
2014-03-10,14.016,14.147,14.004,14.052,5320777,0
2014-03-11,14.075,14.188,13.978,14.004,4307794,0
2014-03-12,13.984,14.27,13.973,14.27,5641287,0
2014-03-13,14.277,14.47,14.238,14.408,10938390,0
2014-03-14,14.379,14.523,14.327,14.346,4479066,0
2014-03-17,14.346,14.399,14.277,14.308,6178034,0
2014-03-18,14.293,14.421,14.277,14.399,3734121,0
2014-03-19,14.414,14.47,14.026,14.034,15625600,0
2014-03-20,14.004,14.026,13.755,13.958,15163655,0
2014-03-21,14.034,14.293,13.958,14.293,17681648,0
2014-03-24,14.162,14.233,14.011,14.129,7069034,0
2014-03-25,14.092,14.123,14.011,14.011,6668392,0
2014-03-26,14.106,14.106,13.919,13.925,9166429,0
2014-03-27,13.959,14.025,13.79,13.929,6993599,0
2014-03-28,13.938,14.031,13.898,13.925,3751678,0
2014-03-31,13.938,14.135,13.836,14.084,7055407,0
2014-04-01,14.043,14.202,13.978,14.182,5943730,0
2014-04-02,14.171,14.268,14.079,14.09,7947582,0
2014-04-03,14.098,14.147,13.951,14.098,6331864,0
2014-04-04,14.135,14.341,14.123,14.293,6885660,0
2014-04-07,14.25,14.514,14.25,14.385,6788567,0
2014-04-08,14.361,15.09,14.361,14.466,8288152,0
2014-04-09,14.48,14.647,14.404,14.621,7164735,0
2014-04-10,14.596,14.744,14.568,14.631,6875848,0
2014-04-11,14.626,14.775,14.561,14.677,5137083,0
2014-04-14,14.67,14.761,14.431,14.561,6100299,0
2014-04-15,14.522,14.614,14.458,14.561,6762005,0
2014-04-16,14.497,14.557,14.473,14.491,5664620,0
2014-04-17,14.452,14.55,14.273,14.341,9752627,0
2014-04-21,14.333,14.507,14.312,14.503,4193966,0
2014-04-22,14.514,14.688,14.507,14.653,6491190,0
2014-04-23,14.688,14.745,14.647,14.67,5196821,0
2014-04-24,14.67,14.839,14.647,14.789,4628819,0
2014-04-25,14.795,14.929,14.749,14.924,6104825,0
2014-04-28,14.982,14.994,14.785,14.802,9991101,0
2014-04-29,14.956,14.956,14.59,14.685,12069293,0
2014-04-30,14.647,14.91,14.614,14.885,6149577,0
2014-05-01,14.877,14.999,14.857,14.976,5316592,0
2014-05-02,14.817,14.903,14.718,14.754,9408809,0
2014-05-05,14.739,14.91,14.703,14.864,4517051,0
2014-05-06,14.857,14.897,14.817,14.885,2764730,0
2014-05-07,14.888,15.14,14.877,15.14,7137497,0
2014-05-08,15.04,15.25,14.929,15.085,7154811,0
2014-05-09,15.062,15.231,15.062,15.14,4512045,0
2014-05-12,15.127,15.231,15.008,15.034,6500906,0
2014-05-13,15.048,15.082,14.964,15.062,5525479,0
2014-05-14,15.077,15.216,15.055,15.191,5177905,0
2014-05-15,15.155,15.295,15.118,15.224,9742446,0
2014-05-16,15.197,15.25,15.131,15.199,3807983,0
2014-05-19,15.216,15.328,15.156,15.295,3871101,0
2014-05-20,15.328,15.362,15.209,15.238,2883117,0
2014-05-21,15.202,15.344,15.175,15.295,3852485,0
2014-05-22,15.295,15.448,15.267,15.357,5890232,0
2014-05-23,15.368,15.52,15.313,15.452,6607445,0
2014-05-27,15.459,15.619,15.452,15.59,6720203,0
2014-05-28,15.631,15.646,15.452,15.501,6166617,0
2014-05-29,15.527,15.557,15.398,15.441,2919301,0
2014-05-30,15.435,15.59,15.374,15.55,6506227,0
2014-06-02,15.563,15.659,15.535,15.54,3696380,0
2014-06-03,15.509,15.535,15.357,15.368,4355808,0
2014-06-04,15.362,15.368,15.231,15.311,5773950,0
2014-06-05,15.357,15.486,15.316,15.486,4727419,0
2014-06-06,15.486,15.598,15.478,15.57,4859551,0
2014-06-09,15.598,15.646,15.514,15.611,6815598,0
2014-06-10,15.605,15.631,15.43,15.435,7239880,0
2014-06-11,15.448,15.535,15.374,15.459,3808299,0
2014-06-12,15.493,15.535,15.407,15.52,3333775,0
2014-06-13,15.493,15.545,15.368,15.52,6283034,0
2014-06-16,15.535,15.54,15.448,15.501,3166891,0
2014-06-17,15.514,15.52,15.288,15.337,5766892,0
2014-06-18,15.448,15.466,15.246,15.374,9418441,0
2014-06-19,15.448,15.578,15.398,15.55,9630067,0
2014-06-20,15.578,15.585,15.349,15.55,10248944,0
2014-06-23,15.557,15.768,15.55,15.675,7400710,0
2014-06-24,15.661,15.729,15.646,15.646,4973818,0
2014-06-25,15.701,15.725,15.535,15.57,6606388,0
2014-06-26,15.621,15.779,15.545,15.728,6614495,0
2014-06-27,15.743,15.822,15.624,15.713,5627904,0
2014-06-30,15.704,15.798,15.667,15.773,4213625,0
2014-07-01,15.743,15.786,15.549,15.586,5066354,0
2014-07-02,15.518,15.539,15.274,15.499,8695266,0
2014-07-03,15.357,15.39,15.282,15.328,4945455,0
2014-07-07,15.328,15.337,15.205,15.282,5897555,0
2014-07-08,15.294,15.506,15.264,15.499,6658758,0
2014-07-09,15.455,15.518,15.375,15.467,3740451,0
2014-07-10,15.45,15.613,15.443,15.506,3201310,0
2014-07-11,15.534,15.545,15.432,15.45,2948132,0
2014-07-14,15.418,15.534,15.395,15.482,3867827,0
2014-07-15,15.443,15.549,15.432,15.506,3212129,0
2014-07-16,15.534,15.578,15.51,15.549,4014727,0
2014-07-17,15.549,15.632,15.534,15.563,3081708,0
2014-07-18,15.563,15.632,15.545,15.591,2765471,0
2014-07-21,15.599,15.691,15.599,15.66,2462808,0
2014-07-22,15.698,15.773,15.671,15.76,2487449,0
2014-07-23,15.806,15.873,15.786,15.842,2855583,0
2014-07-24,15.786,15.846,15.779,15.798,2516278,0
2014-07-25,15.786,15.912,15.779,15.888,2934214,0
2014-07-28,16.029,16.064,15.921,15.964,6282144,0
2014-07-29,16.123,16.151,15.773,15.822,9932299,0
2014-07-30,15.767,15.869,15.409,15.45,9542412,0
2014-07-31,15.395,15.586,15.294,15.578,8553188,0
2014-08-01,15.599,15.75,15.539,15.671,5564215,0
2014-08-04,15.64,15.704,15.563,15.586,4588310,0
2014-08-05,15.586,15.691,15.578,15.621,3885405,0
2014-08-06,15.64,15.66,15.563,15.632,3676629,0
2014-08-07,15.685,15.75,15.609,15.649,4639765,0
2014-08-08,15.665,15.691,15.626,15.649,3321157,0
2014-08-11,15.626,15.701,15.613,15.626,3363658,0
2014-08-12,15.626,15.674,15.599,15.621,2780527,0
2014-08-13,15.66,15.691,15.606,15.665,2276545,0
2014-08-14,15.66,15.779,15.66,15.704,5194677,0
2014-08-15,15.698,15.828,15.685,15.779,7598670,0
2014-08-18,15.793,15.822,15.678,15.728,4468386,0
2014-08-19,15.76,15.779,15.678,15.691,6494840,0
2014-08-20,15.704,15.754,15.644,15.743,4477836,0
2014-08-21,15.734,15.835,15.691,15.806,3950403,0
2014-08-22,15.798,15.856,15.698,15.739,2321482,0
2014-08-25,15.754,15.806,15.691,15.754,2255525,0
2014-08-26,15.76,15.862,15.722,15.835,2854560,0
2014-08-27,15.856,15.9,15.786,15.85,3932740,0
2014-08-28,15.835,15.877,15.798,15.842,1990654,0
2014-08-29,15.85,15.943,15.806,15.936,2374920,0
2014-09-02,15.957,15.957,15.85,15.888,3411787,0
2014-09-03,15.894,15.978,15.862,15.898,2832491,0
2014-09-04,15.9,15.907,15.779,15.822,3702222,0
2014-09-05,15.835,15.982,15.835,15.971,4200025,0
2014-09-08,15.971,15.978,15.869,15.957,2764346,0
2014-09-09,15.929,15.971,15.743,15.754,6419684,0
2014-09-10,15.734,15.798,15.563,15.621,6898731,0
2014-09-11,15.64,15.734,15.613,15.698,3370894,0
2014-09-12,15.665,15.685,15.282,15.301,8134555,0
2014-09-15,15.264,15.383,15.264,15.315,6596880,0
2014-09-16,15.32,15.328,14.996,15.237,8533864,0
2014-09-17,15.282,15.357,15.186,15.186,4366761,0
2014-09-18,15.176,15.193,14.863,14.91,17919151,0
2014-09-19,14.992,15.213,14.974,15.133,12932176,0
2014-09-22,15.18,15.205,14.98,14.992,10506085,0
2014-09-23,15.004,15.024,14.925,14.939,8594511,0
2014-09-24,14.974,15.004,14.851,14.886,9404360,0
2014-09-25,14.897,14.932,14.863,14.889,7673755,0
2014-09-26,14.962,14.962,14.631,14.889,11172517,0
2014-09-29,14.85,14.925,14.798,14.889,5313108,0
2014-09-30,14.911,14.939,14.754,14.754,8819383,0
2014-10-01,14.754,15.037,14.754,15.0,7152864,0
2014-10-02,15.009,15.037,14.786,14.889,5942813,0
2014-10-03,14.889,14.939,14.791,14.897,5649918,0
2014-10-06,14.889,15.156,14.889,15.074,6001002,0
2014-10-07,15.074,15.279,15.067,15.26,5726445,0
2014-10-08,15.26,15.6,15.215,15.57,11064467,0
2014-10-09,15.563,15.829,15.555,15.66,12547334,0
2014-10-10,15.634,15.798,15.627,15.701,8954366,0
2014-10-13,15.753,16.006,15.719,15.925,7265307,0
2014-10-14,15.961,15.981,15.798,15.925,12480140,0
2014-10-15,15.969,16.105,15.622,15.674,18765348,0
2014-10-16,15.627,15.66,15.336,15.466,17098848,0
2014-10-17,15.447,15.643,15.447,15.586,6205323,0
2014-10-20,15.466,15.731,15.434,15.731,4392874,0
2014-10-21,15.731,15.897,15.687,15.856,5156273,0
2014-10-22,15.856,16.02,15.829,15.941,5389359,0
2014-10-23,15.947,15.981,15.87,15.897,4348098,0
2014-10-24,15.903,16.015,15.868,15.981,6977292,0
2014-10-27,16.037,16.162,15.909,16.105,10810631,0
2014-10-28,16.126,16.273,15.976,16.05,10682584,0
2014-10-29,16.05,16.156,15.685,15.757,8957601,0
2014-10-30,15.757,15.939,15.737,15.901,4744737,0
2014-10-31,15.901,15.995,15.856,15.939,7208093,0
2014-11-03,15.896,16.02,15.861,15.874,3967968,0
2014-11-04,15.908,16.015,15.685,15.757,4922493,0
2014-11-05,15.769,15.834,15.629,15.698,6820941,0
2014-11-06,15.729,15.845,15.685,15.714,4843854,0
2014-11-07,15.769,15.869,15.729,15.803,4209951,0
2014-11-10,15.763,15.874,15.723,15.769,3707234,0
2014-11-11,15.723,15.803,15.705,15.783,2275126,0
2014-11-12,15.783,15.796,15.673,15.783,3592362,0
2014-11-13,15.769,15.908,15.763,15.89,3461371,0
2014-11-14,15.869,16.037,15.869,16.029,4648503,0
2014-11-17,15.975,16.212,15.975,16.178,6511782,0
2014-11-18,16.178,16.234,16.12,16.203,6079272,0
2014-11-19,16.192,16.234,16.12,16.203,4360366,0
2014-11-20,16.212,16.282,16.132,16.253,3351126,0
2014-11-21,16.297,16.305,16.192,16.238,4204107,0
2014-11-24,16.227,16.365,16.212,16.324,3869680,0
2014-11-25,16.338,16.338,16.218,16.256,5093518,0
2014-11-26,16.33,16.354,16.238,16.31,2517658,0
2014-11-28,16.338,16.393,16.278,16.328,2475908,0
2014-12-01,16.297,16.338,16.19,16.218,4787368,0
2014-12-02,16.196,16.393,16.145,16.375,4550754,0
2014-12-03,16.375,16.4,16.318,16.383,3209391,0
2014-12-04,16.383,16.43,16.343,16.375,3466094,0
2014-12-05,16.318,16.375,15.957,16.034,8087674,0
2014-12-08,15.999,16.049,15.692,15.771,7980100,0
2014-12-09,15.73,16.011,15.699,15.984,5275563,0
2014-12-10,15.992,16.011,15.759,15.785,2801682,0
2014-12-11,15.785,15.927,15.692,15.904,6867302,0
2014-12-12,15.877,15.898,15.716,15.739,4321042,0
2014-12-15,15.739,15.747,15.447,15.466,4753162,0
2014-12-16,15.452,15.617,15.39,15.407,5557985,0
2014-12-17,15.429,15.581,15.402,15.511,4436605,0
2014-12-18,15.564,15.617,15.466,15.564,5580535,0
2014-12-19,15.609,15.822,15.497,15.774,10355091,0
2014-12-22,15.806,15.877,15.739,15.856,4741178,0
2014-12-23,15.892,15.892,15.685,15.725,4750493,0
2014-12-24,15.678,15.725,15.534,15.665,3118814,0
2014-12-26,15.685,15.806,15.594,15.777,3299740,0
2014-12-29,15.866,16.056,15.759,15.951,6150727,0
2014-12-30,15.866,15.945,15.73,15.816,3182732,0
2014-12-31,15.777,15.893,15.563,15.601,4316977,0
2015-01-02,15.628,15.979,15.592,15.951,4137681,0
2015-01-05,15.905,15.912,15.724,15.798,4350362,0
2015-01-06,15.872,15.937,15.747,15.801,5649785,0
2015-01-07,15.816,15.836,15.747,15.785,4899259,0
2015-01-08,15.829,15.836,15.685,15.73,5007090,0
2015-01-09,15.724,15.785,15.67,15.678,4945676,0
2015-01-12,15.653,15.685,15.563,15.653,3897282,0
2015-01-13,15.636,15.685,15.365,15.463,4933340,0
2015-01-14,15.378,15.407,15.174,15.386,7173039,0
2015-01-15,15.378,15.485,15.314,15.351,8935748,0
2015-01-16,15.37,15.592,15.328,15.579,7544406,0
2015-01-20,15.653,15.653,15.299,15.345,6899950,0
2015-01-21,15.328,15.456,15.245,15.437,3721989,0
2015-01-22,15.501,15.791,15.45,15.771,4858312,0
2015-01-23,15.771,15.791,15.544,15.636,3202117,0
2015-01-26,15.66,15.771,15.549,15.764,3706092,0
2015-01-27,15.678,15.753,15.628,15.66,2977034,0
2015-01-28,15.685,15.759,15.548,15.555,2992996,0
2015-01-29,15.555,15.692,15.356,15.537,4330529,0
2015-01-30,15.466,15.636,15.454,15.555,5516521,0
2015-02-02,15.537,15.555,15.323,15.483,6336567,0
2015-02-03,15.362,15.773,15.271,15.685,7543147,0
2015-02-04,15.615,15.685,15.422,15.466,5841556,0
2015-02-05,15.448,15.663,15.435,15.656,4708791,0
2015-02-06,15.663,15.663,15.454,15.551,7634625,0
2015-02-09,15.548,15.699,15.521,15.653,3626146,0
2015-02-10,15.67,15.699,15.509,15.525,4925533,0
2015-02-11,15.466,15.555,15.462,15.509,2906934,0
2015-02-12,15.548,15.699,15.483,15.692,2766618,0
2015-02-13,15.707,15.859,15.66,15.848,3646927,0
2015-02-17,15.747,15.915,15.747,15.824,3442864,0
2015-02-18,15.839,15.859,15.67,15.779,2637422,0
2015-02-19,15.753,15.867,15.699,15.786,2775978,0
2015-02-20,15.786,15.873,15.779,15.839,3281064,0
2015-02-23,15.839,15.873,15.73,15.773,3372722,0
2015-02-24,15.739,15.753,15.6,15.725,5718598,0
2015-02-25,15.636,15.825,15.636,15.652,4964744,0
2015-02-26,15.644,15.677,15.466,15.512,6505052,0
2015-02-27,15.506,15.699,15.506,15.628,3270662,0
2015-03-02,15.613,15.677,15.518,15.568,3837836,0
2015-03-03,15.576,15.622,15.512,15.561,3589496,0
2015-03-04,15.568,15.622,15.518,15.59,2554851,0
2015-03-05,15.598,15.677,15.553,15.576,2999975,0
2015-03-06,15.498,15.546,15.277,15.352,6669688,0
2015-03-09,15.418,15.481,15.307,15.352,4356734,0
2015-03-10,15.266,15.399,15.256,15.298,4498250,0
2015-03-11,15.313,15.327,15.125,15.155,5556889,0
2015-03-12,15.203,15.37,15.19,15.327,4074108,0
2015-03-13,15.387,15.428,15.298,15.418,5176763,0
2015-03-16,15.452,15.628,15.439,15.622,4729311,0
2015-03-17,15.613,15.716,15.59,15.692,5544406,0
2015-03-18,15.644,16.005,15.628,15.896,7416086,0
2015-03-19,15.896,16.0,15.825,15.856,4125805,0
2015-03-20,15.883,15.993,15.841,15.89,8816174,0
2015-03-23,15.861,16.013,15.832,15.948,6048768,0
2015-03-24,15.978,15.978,15.849,15.869,4706683,0
2015-03-25,15.91,15.993,15.874,15.903,4299825,0
2015-03-26,15.918,15.971,15.841,15.866,4533751,0
2015-03-27,15.883,15.966,15.779,15.897,3278039,0
2015-03-30,15.903,15.919,15.746,15.773,4325015,0
2015-03-31,15.729,15.853,15.705,15.714,6064310,0
2015-04-01,15.765,15.824,15.698,15.808,2823302,0
2015-04-02,15.786,15.856,15.746,15.779,2413633,0
2015-04-06,15.824,15.979,15.793,15.957,3431427,0
2015-04-07,15.957,15.973,15.799,15.897,2935001,0
2015-04-08,15.89,16.02,15.799,16.006,4105248,0
2015-04-09,16.001,16.02,15.911,15.935,2306633,0
2015-04-10,15.966,16.085,15.949,15.987,2568649,0
2015-04-13,15.935,15.957,15.824,15.903,3833494,0
2015-04-14,15.943,16.077,15.903,16.006,2681180,0
2015-04-15,16.046,16.059,15.861,15.861,4144415,0
2015-04-16,15.874,15.987,15.841,15.966,2846823,0
2015-04-17,15.911,15.987,15.903,15.911,2752986,0
2015-04-20,15.919,15.987,15.883,15.943,2582997,0
2015-04-21,15.987,16.02,15.943,15.943,2614815,0
2015-04-22,15.927,15.979,15.89,15.947,2886539,0
2015-04-23,15.919,15.979,15.903,15.911,2578016,0
2015-04-24,15.949,15.983,15.89,15.897,4561484,0
2015-04-27,15.949,15.987,15.799,15.841,4787430,0
2015-04-28,15.736,15.778,15.391,15.489,8851589,0
2015-04-29,15.252,15.369,15.17,15.286,8600753,0
2015-04-30,15.184,15.362,15.184,15.362,6966884,0
2015-05-01,15.317,15.457,15.28,15.444,8197694,0
2015-05-04,15.426,15.471,15.362,15.471,4698600,0
2015-05-05,15.512,15.512,15.26,15.286,4404768,0
2015-05-06,15.286,15.294,15.115,15.184,4600222,0
2015-05-07,15.191,15.252,15.148,15.237,5821872,0
2015-05-08,15.343,15.416,15.28,15.356,6587874,0
2015-05-11,15.362,15.362,15.269,15.294,3991502,0
2015-05-12,15.269,15.407,15.212,15.333,4378532,0
2015-05-13,15.333,15.384,15.252,15.273,3551174,0
2015-05-14,15.269,15.391,15.269,15.362,2539142,0
2015-05-15,15.369,15.444,15.333,15.438,2389531,0
2015-05-18,15.391,15.471,15.343,15.466,2449522,0
2015-05-19,15.481,15.481,15.397,15.416,3949495,0
2015-05-20,15.407,15.506,15.397,15.426,4407996,0
2015-05-21,15.444,15.519,15.416,15.481,3642046,0
2015-05-22,15.519,15.548,15.438,15.444,2698886,0
2015-05-26,15.426,15.481,15.372,15.432,3547123,0
2015-05-27,15.416,15.472,15.416,15.438,4549618,0
2015-05-28,15.416,15.556,15.416,15.537,3688832,0
2015-05-29,15.556,15.73,15.543,15.675,20978157,0
2015-06-01,15.707,15.707,15.549,15.563,3319871,0
2015-06-02,15.513,15.563,15.356,15.369,4297939,0
2015-06-03,15.348,15.369,15.16,15.209,5379624,0
2015-06-04,15.144,15.285,15.121,15.217,6067530,0
2015-06-05,15.16,15.16,14.851,14.859,8662809,0
2015-06-08,14.83,14.864,14.698,14.763,5355944,0
2015-06-09,14.692,14.746,14.566,14.617,8134873,0
2015-06-10,14.503,14.686,14.503,14.646,5036070,0
2015-06-11,14.692,15.023,14.665,14.993,5650673,0
2015-06-12,14.957,15.111,14.918,15.111,15341731,0
2015-06-15,15.023,15.111,14.91,14.918,4304925,0
2015-06-16,14.904,14.965,14.864,14.925,3754203,0
2015-06-17,14.771,15.015,14.771,14.985,6948101,0
2015-06-18,14.993,15.031,14.957,14.993,4266734,0
2015-06-19,15.015,15.031,14.887,14.896,9508114,0
2015-06-22,14.896,14.985,14.882,14.896,4900754,0
2015-06-23,14.882,14.896,14.803,14.845,3712991,0
2015-06-24,14.813,14.864,14.73,14.771,4095225,0
2015-06-25,14.755,14.783,14.589,14.595,4636371,0
2015-06-26,14.534,14.541,14.155,14.213,10888510,0
2015-06-29,14.064,14.207,14.004,14.117,8064755,0
2015-06-30,14.048,14.306,13.907,13.948,8592914,0
2015-07-01,13.974,14.139,13.827,14.064,5398362,0
2015-07-02,14.08,14.213,14.064,14.139,3892789,0
2015-07-06,14.064,14.298,14.048,14.283,5719945,0
2015-07-07,14.419,14.739,14.412,14.715,11563534,0
2015-07-08,14.757,14.785,14.582,14.674,6381798,0
2015-07-09,14.707,14.765,14.459,14.468,5646988,0
2015-07-10,14.419,14.435,14.277,14.277,6743540,0
2015-07-13,14.313,14.383,14.291,14.313,4336176,0
2015-07-14,14.313,14.435,14.313,14.367,3894500,0
2015-07-15,14.383,14.475,14.27,14.435,5602340,0
2015-07-16,14.435,14.51,14.39,14.427,4499072,0
2015-07-17,14.39,14.484,14.354,14.459,6554835,0
2015-07-20,14.484,14.503,14.328,14.443,5322511,0
2015-07-21,14.443,14.566,14.399,14.468,6585253,0
2015-07-22,14.49,14.526,14.435,14.451,2799526,0
2015-07-23,14.443,14.443,14.306,14.345,4441526,0
2015-07-24,14.345,14.383,14.102,14.155,3925843,0
2015-07-27,14.055,14.27,14.055,14.221,5722311,0
2015-07-28,14.11,14.61,14.094,14.399,7877493,0
2015-07-29,14.404,14.575,14.353,14.552,5422852,0
2015-07-30,14.559,14.782,14.503,14.752,4485228,0
2015-07-31,14.794,14.911,14.734,14.782,4345032,0
2015-08-03,14.76,14.888,14.752,14.844,3517405,0
2015-08-04,14.794,14.851,14.71,14.734,2988377,0
2015-08-05,14.782,14.794,14.696,14.776,4209135,0
2015-08-06,14.788,14.836,14.677,14.776,2628242,0
2015-08-07,14.788,14.794,14.702,14.77,2757488,0
2015-08-10,14.776,14.829,14.71,14.782,3267082,0
2015-08-11,14.788,15.026,14.776,15.002,3558018,0
2015-08-12,15.052,15.273,14.987,15.236,6034208,0
2015-08-13,15.312,15.335,15.088,15.159,4511030,0
2015-08-14,15.143,15.312,15.082,15.303,2741984,0
2015-08-17,15.312,15.325,15.236,15.273,5540382,0
2015-08-18,15.226,15.269,15.188,15.226,3748140,0
2015-08-19,15.217,15.285,15.127,15.269,3420050,0
2015-08-20,15.181,15.402,15.181,15.335,6777166,0
2015-08-21,15.35,15.412,14.987,14.987,7093658,0
2015-08-24,14.491,15.108,14.353,14.744,8784312,0
2015-08-25,15.026,15.108,14.64,14.64,5379595,0
2015-08-26,14.888,14.937,14.734,14.829,6572598,0
2015-08-27,14.859,15.24,14.859,15.163,4154856,0
2015-08-28,15.177,15.185,14.97,15.014,3836870,0
2015-08-31,14.982,15.004,14.821,14.836,5793795,0
2015-09-01,14.794,14.865,14.734,14.794,4189156,0
2015-09-02,14.787,14.897,14.743,14.821,3724942,0
2015-09-03,14.844,14.952,14.781,14.884,2799991,0
2015-09-04,14.794,14.884,14.638,14.717,3471297,0
2015-09-08,14.829,14.851,14.726,14.802,4209789,0
2015-09-09,14.859,14.92,14.595,14.625,5783736,0
2015-09-10,14.7,14.717,14.554,14.595,3888888,0
2015-09-11,14.541,14.802,14.516,14.794,3318622,0
2015-09-14,14.859,14.859,14.695,14.726,3012759,0
2015-09-15,14.734,14.812,14.685,14.759,3170332,0
2015-09-16,14.743,14.836,14.7,14.776,2876847,0
2015-09-17,14.787,15.191,14.726,15.081,4998432,0
2015-09-18,15.083,15.198,15.038,15.061,6691925,0
2015-09-21,15.098,15.299,15.045,15.291,4583738,0
2015-09-22,15.247,15.255,15.083,15.089,3162207,0
2015-09-23,15.106,15.269,15.106,15.231,2623056,0
2015-09-24,15.177,15.276,15.07,15.255,3876304,0
2015-09-25,15.283,15.317,15.022,15.038,3977165,0
2015-09-28,15.004,15.106,14.691,14.863,4955947,0
2015-09-29,14.842,14.896,14.567,14.598,4189339,0
2015-09-30,14.613,14.73,14.474,14.653,5843661,0
2015-10-01,14.691,14.863,14.635,14.78,3365941,0
2015-10-02,14.73,14.987,14.714,14.976,4304322,0
2015-10-05,14.943,15.214,14.937,15.206,3348256,0
2015-10-06,15.224,15.313,15.186,15.25,2599337,0
2015-10-07,15.214,15.303,15.18,15.268,5169692,0
2015-10-08,15.243,15.285,15.179,15.234,3987825,0
2015-10-09,15.258,15.273,15.139,15.173,3282483,0
2015-10-12,15.186,15.289,15.165,15.234,2057446,0
2015-10-13,15.179,15.206,15.061,15.139,3068337,0
2015-10-14,15.123,15.165,15.079,15.099,4461931,0
2015-10-15,15.099,15.106,14.982,15.054,3211140,0
2015-10-16,15.038,15.099,14.969,15.014,3495345,0
2015-10-19,15.07,15.079,14.937,14.969,3233857,0
2015-10-20,14.969,15.004,14.882,14.961,5332548,0
2015-10-21,14.982,15.022,14.927,14.951,2876908,0
2015-10-22,14.982,15.045,14.91,14.996,3714591,0
2015-10-23,14.987,15.045,14.951,15.029,3482587,0
2015-10-26,15.054,15.079,14.91,14.943,3488200,0
2015-10-27,14.45,14.584,14.12,14.22,14319448,0
2015-10-28,14.191,14.324,14.034,14.247,10255660,0
2015-10-29,14.134,14.213,14.002,14.143,7442114,0
2015-10-30,14.134,14.2,14.081,14.127,6344947,0
2015-11-02,14.127,14.374,14.12,14.364,5054056,0
2015-11-03,14.35,14.436,14.293,14.316,4543919,0
2015-11-04,14.284,14.411,14.191,14.293,4131076,0
2015-11-05,14.293,14.301,14.087,14.134,4958255,0
2015-11-06,14.031,14.167,13.951,14.087,5702026,0
2015-11-09,14.038,14.134,14.002,14.047,4920640,0
2015-11-10,14.055,14.206,14.038,14.182,3037932,0
2015-11-11,14.191,14.255,14.167,14.182,2340354,0
2015-11-12,14.111,14.2,14.016,14.024,3494568,0
2015-11-13,14.064,14.255,14.031,14.12,3352327,0
2015-11-16,14.087,14.213,14.087,14.191,2588112,0
2015-11-17,14.158,14.255,14.12,14.175,2832459,0
2015-11-18,14.167,14.333,14.15,14.333,3248074,0
2015-11-19,14.374,14.469,14.301,14.316,4021506,0
2015-11-20,14.359,14.419,14.2,14.229,4612306,0
2015-11-23,14.22,14.279,14.2,14.22,3295660,0
2015-11-24,14.206,14.324,14.182,14.316,2865525,0
2015-11-25,14.343,14.382,14.206,14.293,2173909,0
2015-11-27,14.316,14.461,14.293,14.429,1884840,0
2015-11-30,14.412,14.437,14.301,14.382,3905226,0
2015-12-01,14.382,14.5,14.36,14.398,3379054,0
2015-12-02,14.388,14.412,14.165,14.18,3531083,0
2015-12-03,14.213,14.293,14.085,14.18,4270259,0
2015-12-04,14.11,14.228,14.079,14.141,3669450,0
2015-12-07,14.11,14.141,14.014,14.092,3503693,0
2015-12-08,14.007,14.131,13.981,14.022,3388650,0
2015-12-09,14.027,14.069,13.909,13.973,2992326,0
2015-12-10,13.948,14.06,13.903,13.973,2066817,0
2015-12-11,13.924,14.007,13.73,13.806,3896613,0
2015-12-14,13.723,13.878,13.533,13.587,5110847,0
2015-12-15,13.604,13.783,13.579,13.708,3605045,0
2015-12-16,13.612,13.939,13.587,13.939,6650917,0
2015-12-17,13.955,14.06,13.917,13.998,3084318,0
2015-12-18,13.998,14.085,13.924,14.022,4097067,0
2015-12-21,14.101,14.18,13.964,14.165,4990746,0
2015-12-22,14.18,14.388,14.18,14.324,3627401,0
2015-12-23,14.36,14.382,14.27,14.301,3464003,0
2015-12-24,14.278,14.324,14.206,14.246,1085951,0
2015-12-28,14.198,14.246,14.11,14.236,2750010,0
2015-12-29,14.236,14.317,14.09,14.131,2686126,0
2015-12-30,14.099,14.228,14.067,14.099,2449221,0
2015-12-31,14.058,14.14,14.026,14.049,3795692,0
2016-01-04,13.92,14.361,13.919,14.352,3368027,0
2016-01-05,14.343,14.52,14.198,14.414,5797522,0
2016-01-06,14.406,14.6,14.361,14.473,4387489,0
2016-01-07,14.343,14.482,14.302,14.361,5375391,0
2016-01-08,14.414,14.423,14.246,14.285,3975530,0
2016-01-11,14.325,14.334,14.164,14.206,4139564,0
2016-01-12,14.255,14.255,13.936,14.013,3521297,0
2016-01-13,14.019,14.104,13.785,13.838,4495243,0
2016-01-14,13.816,13.882,13.569,13.758,4874432,0
2016-01-15,13.484,13.596,13.285,13.549,6456367,0
2016-01-19,13.613,13.638,13.347,13.369,6282098,0
2016-01-20,13.181,13.281,12.714,13.16,9525870,0
2016-01-21,13.136,13.235,12.98,12.988,6128253,0
2016-01-22,13.103,13.541,13.063,13.489,5056799,0
2016-01-25,13.506,13.525,13.181,13.2,5465607,0
2016-01-26,13.241,13.613,13.174,13.579,6392182,0
2016-01-27,13.514,13.695,13.4,13.489,3610721,0
2016-01-28,13.514,13.713,13.474,13.557,3159708,0
2016-01-29,13.588,14.009,13.574,14.001,6103830,0
2016-02-01,13.983,14.001,13.788,13.86,5113490,0
2016-02-02,13.909,14.353,13.713,14.293,6662356,0
2016-02-03,14.361,14.629,14.293,14.506,12620417,0
2016-02-04,14.575,14.688,14.522,14.636,9119106,0
2016-02-05,14.683,14.687,14.539,14.592,9534965,0
2016-02-08,14.656,14.688,14.467,14.575,6130634,0
2016-02-09,14.575,14.629,14.4,14.425,5743041,0
2016-02-10,14.451,14.531,14.369,14.392,3864714,0
2016-02-11,14.236,14.353,14.088,14.138,4148484,0
2016-02-12,14.205,14.458,14.163,14.377,4377882,0
2016-02-16,14.434,14.584,14.416,14.557,5093151,0
2016-02-17,14.598,14.674,14.498,14.62,7242819,0
2016-02-18,14.629,14.853,14.613,14.763,4049505,0
2016-02-19,14.772,14.853,14.697,14.772,3488800,0
2016-02-22,14.835,14.942,14.786,14.835,2538337,0
2016-02-23,14.763,14.976,14.763,14.908,2887071,0
2016-02-24,14.853,14.9,14.688,14.868,4148738,0
2016-02-25,14.917,15.069,14.886,15.018,5530564,0
2016-02-26,15.06,15.243,15.018,15.084,3681985,0
2016-02-29,15.09,15.205,14.969,14.987,3877734,0
2016-03-01,15.06,15.152,14.9,14.951,4061321,0
2016-03-02,14.951,15.084,14.886,15.06,3609013,0
2016-03-03,15.034,15.26,15.034,15.243,2564188,0
2016-03-04,15.184,15.308,15.133,15.234,2563073,0
2016-03-07,15.205,15.317,15.143,15.205,2817562,0
2016-03-08,15.289,15.289,14.927,15.143,3303699,0
2016-03-09,15.133,15.234,14.991,15.125,3702528,0
2016-03-10,15.176,15.198,14.9,15.052,3324513,0
2016-03-11,15.079,15.184,15.018,15.176,2933970,0
2016-03-14,15.184,15.269,15.056,15.269,3749146,0
2016-03-15,15.17,15.176,14.943,15.084,3266847,0
2016-03-16,15.084,15.205,14.991,15.184,2299333,0
2016-03-17,15.224,15.589,15.152,15.481,4834590,0
2016-03-18,15.455,15.563,15.317,15.449,6226949,0
2016-03-21,15.427,15.542,15.364,15.433,3465363,0
2016-03-22,15.417,15.529,15.361,15.524,2287883,0
2016-03-23,15.49,15.49,15.298,15.323,3132675,0
2016-03-24,15.298,15.372,15.133,15.282,2539950,0
2016-03-28,15.333,15.417,15.273,15.397,2637936,0
2016-03-29,15.397,15.482,15.189,15.472,3263421,0
2016-03-30,15.465,15.543,15.391,15.491,2411606,0
2016-03-31,15.441,15.619,15.441,15.619,3961096,0
2016-04-01,15.557,15.708,15.441,15.708,4066468,0
2016-04-04,15.7,15.718,15.504,15.627,3310516,0
2016-04-05,15.591,15.627,15.465,15.564,3576051,0
2016-04-06,15.583,15.66,15.5,15.634,2272026,0
2016-04-07,15.609,15.638,15.546,15.591,2090684,0
2016-04-08,15.66,15.708,15.6,15.666,1713259,0
2016-04-11,15.66,15.775,15.564,15.753,3769244,0
2016-04-12,15.76,15.799,15.66,15.691,2314974,0
2016-04-13,15.7,15.768,15.627,15.76,2388696,0
2016-04-14,15.76,15.799,15.66,15.691,2097023,0
2016-04-15,15.736,15.775,15.673,15.736,1971837,0
2016-04-18,15.691,15.799,15.678,15.79,1873563,0
2016-04-19,15.836,15.909,15.783,15.868,2567438,0
2016-04-20,15.876,15.909,15.7,15.727,4492385,0
2016-04-21,15.718,15.753,15.517,15.583,3338646,0
2016-04-22,15.619,15.666,15.465,15.564,2350690,0
2016-04-25,15.564,15.666,15.482,15.643,2419559,0
2016-04-26,15.482,15.583,15.104,15.28,7944343,0
2016-04-27,15.288,15.475,15.258,15.475,4390717,0
2016-04-28,15.429,15.52,15.349,15.442,2461723,0
2016-04-29,15.409,15.577,15.391,15.567,3677547,0
2016-05-02,15.567,15.638,15.429,15.538,3325326,0
2016-05-03,15.475,15.52,15.307,15.383,2374856,0
2016-05-04,15.373,15.638,15.349,15.622,3173139,0
2016-05-05,15.656,15.758,15.586,15.75,3208127,0
2016-05-06,15.724,16.045,15.724,15.969,6002965,0
2016-05-09,16.052,16.145,15.953,16.026,5816538,0
2016-05-10,16.062,16.163,16.035,16.145,4362669,0
2016-05-11,16.137,16.307,16.129,16.163,3467764,0
2016-05-12,16.182,16.255,16.072,16.182,2608375,0
2016-05-13,16.223,16.291,16.137,16.21,1938872,0
2016-05-16,16.129,16.274,16.12,16.246,1876289,0
2016-05-17,16.3,16.3,16.08,16.145,2614962,0
2016-05-18,16.129,16.205,15.661,15.806,4394739,0
2016-05-19,15.741,15.899,15.661,15.816,3400201,0
2016-05-20,15.884,15.943,15.781,15.907,1909728,0
2016-05-23,16.357,16.418,15.915,16.246,8860637,0
2016-05-24,16.154,16.341,16.111,16.173,4815247,0
2016-05-25,16.23,16.255,16.129,16.197,4592433,0
2016-05-26,16.274,16.307,16.23,16.283,4553907,0
2016-05-27,16.274,16.335,16.128,16.173,2292244,0
2016-05-31,16.182,16.247,16.088,16.173,3011176,0
2016-06-01,16.163,16.274,16.153,16.256,2695931,0
2016-06-02,16.274,16.317,16.239,16.274,2305387,0
2016-06-03,16.317,16.377,16.256,16.335,4407086,0
2016-06-06,16.359,16.416,16.335,16.368,3204965,0
2016-06-07,16.393,16.412,16.317,16.368,3501788,0
2016-06-08,16.359,16.385,16.307,16.326,2844484,0
2016-06-09,16.359,16.359,16.288,16.335,3130891,0
2016-06-10,16.317,16.317,16.119,16.182,4065522,0
2016-06-13,16.111,16.163,15.984,16.079,4169307,0
2016-06-14,16.06,16.119,15.904,15.922,2833742,0
2016-06-15,15.888,16.095,15.88,16.05,2418147,0
2016-06-16,16.07,16.274,16.006,16.266,3965595,0
2016-06-17,16.292,16.445,16.256,16.274,5359405,0
2016-06-20,16.335,16.496,16.317,16.48,3193735,0
2016-06-21,16.505,16.59,16.393,16.42,3758346,0
2016-06-22,16.42,16.539,16.412,16.491,2030204,0
2016-06-23,16.532,16.539,16.445,16.523,2332081,0
2016-06-24,16.274,16.79,16.239,16.686,6306437,0
2016-06-27,16.71,16.77,16.359,16.556,6673721,0
2016-06-28,16.642,16.936,16.595,16.887,4393944,0
2016-06-29,17.015,17.015,16.816,16.832,5330616,0
2016-06-30,16.877,17.181,16.832,17.154,4980329,0
2016-07-01,17.189,17.206,16.955,17.077,2905882,0
2016-07-05,17.109,17.117,16.877,16.936,3947694,0
2016-07-06,16.983,17.177,16.859,17.154,4577076,0
2016-07-07,17.117,17.137,16.816,16.869,3259339,0
2016-07-08,16.808,16.842,16.617,16.651,5176765,0
2016-07-11,16.617,16.679,16.461,16.679,4257218,0
2016-07-12,16.627,16.696,16.575,16.651,4910917,0
2016-07-13,16.679,16.679,16.523,16.617,2306489,0
2016-07-14,16.617,16.712,16.583,16.617,2217330,0
2016-07-15,16.634,16.688,16.579,16.66,2986875,0
2016-07-18,16.617,16.67,16.59,16.627,1894736,0
2016-07-19,16.532,16.816,16.532,16.808,4460621,0
2016-07-20,16.869,16.986,16.816,16.912,4894320,0
2016-07-21,16.912,16.963,16.869,16.955,2200056,0
2016-07-22,16.936,17.059,16.92,16.998,3516167,0
2016-07-25,16.963,17.023,16.896,16.946,3893146,0
2016-07-26,17.015,17.042,16.963,17.023,2392825,0
2016-07-27,17.042,17.087,16.875,17.042,3185413,0
2016-07-28,16.83,17.191,16.83,17.156,6053672,0
2016-07-29,17.183,17.223,16.972,17.128,4669383,0
2016-08-01,17.077,17.214,17.023,17.191,3272086,0
2016-08-02,17.118,17.214,17.05,17.05,2663709,0
2016-08-03,17.05,17.218,16.994,17.214,2945916,0
2016-08-04,17.199,17.312,17.183,17.295,2031088,0
2016-08-05,17.295,17.471,17.271,17.393,2164448,0
2016-08-08,17.424,17.452,17.252,17.357,3766092,0
2016-08-09,17.329,17.498,17.252,17.498,2832299,0
2016-08-10,17.489,17.575,17.461,17.48,2823225,0
2016-08-11,17.521,17.521,17.329,17.442,2222331,0
2016-08-12,17.471,17.498,17.347,17.401,1864257,0
2016-08-15,17.337,17.433,17.279,17.295,1795862,0
2016-08-16,17.279,17.305,17.191,17.223,2259074,0
2016-08-17,17.252,17.319,17.069,17.295,2678234,0
2016-08-18,17.261,17.384,17.233,17.375,2066012,0
2016-08-19,17.312,17.375,17.214,17.375,2012553,0
2016-08-22,17.384,17.401,17.252,17.347,2764098,0
2016-08-23,17.357,17.521,17.237,17.461,2569553,0
2016-08-24,17.471,17.513,17.367,17.442,2470808,0
2016-08-25,17.471,17.471,17.357,17.384,2371337,0
2016-08-26,17.409,17.409,17.183,17.233,3212031,0
2016-08-29,17.296,17.368,17.208,17.223,2862133,0
2016-08-30,17.233,17.261,17.164,17.233,2383765,0
2016-08-31,17.208,17.214,16.9,17.04,5002281,0
2016-09-01,17.076,17.102,16.836,16.952,3544510,0
2016-09-02,17.057,17.296,16.988,17.271,2563845,0
2016-09-06,17.271,17.454,17.191,17.444,2655868,0
2016-09-07,17.463,17.579,17.403,17.55,3459921,0
2016-09-08,17.559,17.569,17.348,17.426,2828653,0
2016-09-09,17.435,17.435,16.806,16.811,4255883,0
2016-09-12,16.758,17.102,16.66,17.04,5416570,0
2016-09-13,17.085,17.127,16.876,16.924,4575619,0
2016-09-14,16.988,17.199,16.942,17.021,3687076,0
2016-09-15,17.182,17.182,16.933,17.085,3237432,0
2016-09-16,17.004,17.048,16.826,16.9,3688671,0
2016-09-19,16.916,17.155,16.908,17.026,1514934,0
2016-09-20,17.076,17.261,17.067,17.252,3446170,0
2016-09-21,17.242,17.403,17.03,17.386,3174108,0
2016-09-22,17.463,17.559,17.381,17.482,2259757,0
2016-09-23,17.394,17.468,17.329,17.386,2849701,0
2016-09-26,17.32,17.524,17.32,17.492,2406462,0
2016-09-27,17.492,17.597,17.43,17.454,2302340,0
2016-09-28,17.478,17.492,17.231,17.385,2617860,0
2016-09-29,17.402,17.426,17.212,17.287,1645878,0
2016-09-30,17.304,17.482,17.24,17.402,2561842,0
2016-10-03,17.347,17.367,17.188,17.196,1734900,0
2016-10-04,17.259,17.259,16.778,16.964,5569394,0
2016-10-05,16.947,17.036,16.797,16.83,3022834,0
2016-10-06,16.742,16.814,16.555,16.662,3262697,0
2016-10-07,16.574,16.903,16.574,16.849,3163487,0
2016-10-10,16.849,17.072,16.849,16.937,1919207,0
2016-10-11,16.92,17.018,16.849,16.912,2669364,0
2016-10-12,17.259,17.259,16.875,17.134,2253772,0
2016-10-13,17.106,17.385,17.106,17.332,3396064,0
2016-10-14,17.337,17.337,17.162,17.171,1867816,0
2016-10-17,17.205,17.259,17.11,17.142,1617005,0
2016-10-18,17.231,17.269,17.098,17.188,1240653,0
2016-10-19,17.25,17.312,17.188,17.304,1476756,0
2016-10-20,17.278,17.347,17.24,17.347,1467153,0
2016-10-21,17.347,17.435,17.294,17.347,1253143,0
2016-10-24,17.337,17.677,17.337,17.668,3805188,0
2016-10-25,17.926,18.07,17.722,17.971,6043713,0
2016-10-26,18.006,18.192,17.99,18.042,4312693,0
2016-10-27,17.998,18.07,17.831,17.872,3025829,0
2016-10-28,17.854,17.952,17.745,17.826,2618906,0
2016-10-31,17.826,18.033,17.773,18.023,4496337,0
2016-11-01,17.998,18.015,17.683,17.736,3736645,0
2016-11-02,17.702,17.764,17.56,17.62,5173894,0
2016-11-03,17.638,17.844,17.613,17.638,3161041,0
2016-11-04,17.628,17.754,17.603,17.71,2657472,0
2016-11-07,17.764,17.915,17.754,17.844,4071249,0
2016-11-08,17.907,17.962,17.831,17.882,4715459,0
2016-11-09,17.613,17.834,17.603,17.638,6369935,0
2016-11-10,17.664,17.701,17.18,17.307,10643625,0
2016-11-11,17.36,17.467,17.256,17.378,2854176,0
2016-11-14,17.521,17.521,17.125,17.143,4101513,0
2016-11-15,17.162,17.393,17.115,17.322,5505385,0
2016-11-16,17.397,17.521,17.172,17.214,4729595,0
2016-11-17,17.252,17.33,17.198,17.214,2753926,0
2016-11-18,17.261,17.317,17.091,17.198,3988579,0
2016-11-21,17.233,17.308,17.214,17.242,4154009,0
2016-11-22,17.307,17.35,17.233,17.233,2572039,0
2016-11-23,17.223,17.233,16.973,17.001,3169386,0
2016-11-25,17.026,17.068,16.946,17.001,2766500,0
2016-11-28,17.064,17.073,16.91,16.945,6234060,0
2016-11-29,16.927,17.274,16.918,17.235,3885283,0
2016-11-30,17.208,17.235,16.818,16.927,5121339,0
2016-12-01,16.927,16.963,16.255,16.411,11443699,0
2016-12-02,16.364,16.429,16.166,16.229,5008306,0
2016-12-05,16.211,16.601,16.201,16.583,3987489,0
2016-12-06,16.583,16.719,16.537,16.664,2513684,0
2016-12-07,16.719,16.983,16.693,16.864,3590723,0
2016-12-08,16.864,16.963,16.655,16.818,3689263,0
2016-12-09,16.783,16.901,16.719,16.773,3225430,0
2016-12-12,16.745,16.845,16.555,16.629,3999346,0
2016-12-13,16.601,16.646,16.302,16.32,7178898,0
2016-12-14,16.339,16.547,16.146,16.229,5829787,0
2016-12-15,16.009,16.102,15.688,15.901,8878443,0
2016-12-16,15.976,16.237,15.949,16.211,4555333,0
2016-12-19,16.31,16.555,16.246,16.555,3625693,0
2016-12-20,16.555,16.601,16.373,16.401,3363423,0
2016-12-21,16.401,16.51,16.33,16.411,2929712,0
2016-12-22,16.473,16.56,16.383,16.483,2854942,0
2016-12-23,16.601,16.601,16.32,16.464,2781025,0
2016-12-27,16.491,16.537,16.355,16.411,2502156,0
2016-12-28,16.429,16.457,16.273,16.411,3690693,0
2016-12-29,16.411,16.691,16.364,16.639,3496019,0
2016-12-30,16.639,16.677,16.521,16.611,2986040,0
2017-01-03,16.593,17.015,16.584,17.015,4919348,0
2017-01-04,17.089,17.329,17.043,17.315,6252440,0
2017-01-05,17.315,17.364,17.244,17.354,4157147,0
2017-01-06,17.325,17.435,17.273,17.291,2848689,0
2017-01-09,17.325,17.444,17.215,17.291,3379460,0
2017-01-10,17.334,17.334,17.015,17.18,3651868,0
2017-01-11,17.224,17.3,17.07,17.234,2475826,0
2017-01-12,17.199,17.334,17.18,17.291,2993994,0
2017-01-13,17.315,17.344,17.106,17.263,2029236,0
2017-01-17,17.291,17.483,17.291,17.373,2460894,0
2017-01-18,17.383,17.536,17.373,17.401,4808209,0
2017-01-19,17.41,17.435,17.373,17.406,3721270,0
2017-01-20,17.383,17.41,17.3,17.364,2188230,0
2017-01-23,17.373,17.584,17.339,17.503,2377728,0
2017-01-24,17.546,17.615,17.444,17.594,5419968,0
2017-01-25,17.628,17.628,17.454,17.51,3656279,0
2017-01-26,17.493,17.536,17.426,17.454,3853407,0
2017-01-27,17.493,17.52,17.393,17.511,2018234,0
2017-01-30,17.41,17.529,17.392,17.503,2221351,0
2017-01-31,17.52,17.529,17.111,17.271,4313822,0
2017-02-01,17.252,17.314,17.025,17.169,4275257,0
2017-02-02,17.178,17.547,17.111,17.417,4740562,0
2017-02-03,17.529,17.575,17.392,17.52,5401097,0
2017-02-06,17.537,17.769,17.529,17.76,3774516,0
2017-02-07,17.76,17.833,17.604,17.604,4587758,0
2017-02-08,17.667,17.724,17.595,17.724,3627912,0
2017-02-09,17.75,17.787,17.649,17.667,2701032,0
2017-02-10,17.658,17.779,17.658,17.732,1954945,0
2017-02-13,17.741,17.954,17.724,17.944,2805366,0
2017-02-14,17.964,18.011,17.732,17.833,2218291,0
2017-02-15,17.853,17.881,17.724,17.871,2328701,0
2017-02-16,17.833,18.13,17.833,18.002,3056089,0
2017-02-17,18.011,18.093,17.899,18.028,2307506,0
2017-02-21,18.084,18.093,17.944,18.065,2342048,0
2017-02-22,18.065,18.113,17.992,18.038,2819137,0
2017-02-23,18.075,18.214,18.055,18.166,3194780,0
2017-02-24,18.158,18.326,18.13,18.243,2452913,0
2017-02-27,18.204,18.326,18.204,18.234,2140779,0
2017-02-28,18.204,18.336,18.176,18.326,3608161,0
2017-03-01,18.214,18.346,18.046,18.102,3003158,0
2017-03-02,18.102,18.181,18.074,18.122,1849269,0
2017-03-03,18.13,18.26,18.083,18.26,2362188,0
2017-03-06,18.26,18.26,18.134,18.224,2208458,0
2017-03-07,18.166,18.279,18.139,18.195,1723547,0
2017-03-08,18.214,18.243,17.823,17.84,3383886,0
2017-03-09,17.897,18.102,17.77,17.84,2706660,0
2017-03-10,17.897,18.13,17.887,18.054,1906509,0
2017-03-13,18.19,18.195,17.905,17.962,2539923,0
2017-03-14,17.942,17.98,17.813,17.85,2447171,0
2017-03-15,17.935,18.234,17.905,18.214,4137852,0
2017-03-16,18.243,18.297,18.122,18.26,2486866,0
2017-03-17,18.269,18.433,18.269,18.363,4173824,0
2017-03-20,18.391,18.55,18.372,18.4,2216543,0
2017-03-21,18.476,18.516,18.346,18.476,2348209,0
2017-03-22,18.485,18.579,18.439,18.521,2317260,0
2017-03-23,18.531,18.623,18.476,18.55,2732988,0
2017-03-24,18.531,18.569,18.381,18.419,2429001,0
2017-03-27,18.409,18.531,18.372,18.531,1957575,0
2017-03-28,18.579,18.653,18.485,18.605,2732147,0
2017-03-29,18.623,18.785,18.559,18.746,2384992,0
2017-03-30,18.663,18.795,18.663,18.795,1799719,0
2017-03-31,18.756,18.859,18.71,18.746,1695330,0
2017-04-03,18.756,18.903,18.701,18.889,2830647,0
2017-04-04,18.908,19.085,18.849,19.039,2836836,0
2017-04-05,19.076,19.095,18.955,19.021,4699345,0
2017-04-06,19.002,19.002,18.833,18.926,3553401,0
2017-04-07,19.021,19.039,18.859,18.889,2898373,0
2017-04-10,18.936,18.946,18.823,18.889,2406913,0
2017-04-11,18.823,18.982,18.728,18.936,3560713,0
2017-04-12,18.936,19.011,18.898,18.926,2278877,0
2017-04-13,18.982,19.171,18.908,19.095,3079716,0
2017-04-17,19.152,19.425,19.125,19.425,3317091,0
2017-04-18,19.407,19.482,19.321,19.434,2313211,0
2017-04-19,19.473,19.49,19.256,19.434,3161075,0
2017-04-20,19.491,19.5,19.256,19.464,3255990,0
2017-04-21,19.52,19.652,19.464,19.586,2710241,0
2017-04-24,19.652,19.699,19.417,19.633,4412745,0
2017-04-25,19.623,19.726,19.548,19.661,3510191,0
2017-04-26,19.67,19.813,19.613,19.766,4558846,0
2017-04-27,19.766,20.307,19.727,20.287,4635436,0
2017-04-28,20.307,20.336,19.975,20.022,3957639,0
2017-05-01,20.089,20.355,20.059,20.118,3750556,0
2017-05-02,19.538,19.623,19.41,19.48,17110592,0
2017-05-03,19.489,19.585,19.11,19.129,10144751,0
2017-05-04,19.1,19.157,18.85,19.006,10560818,0
2017-05-05,19.053,19.305,19.043,19.187,5881730,0
2017-05-08,19.291,19.328,18.981,19.053,5146652,0
2017-05-09,19.08,19.194,18.597,18.683,8481409,0
2017-05-10,18.702,18.957,18.683,18.892,4785805,0
2017-05-11,18.911,18.976,18.862,18.966,3740102,0
2017-05-12,19.053,19.1,18.911,19.006,4829146,0
2017-05-15,19.006,19.129,18.986,19.09,7374405,0
2017-05-16,19.129,19.291,19.034,19.043,4809747,0
2017-05-17,19.053,19.219,19.034,19.157,4859752,0
2017-05-18,19.11,19.224,18.976,19.006,5117545,0
2017-05-19,19.034,19.157,18.966,19.148,5638112,0
2017-05-22,19.194,19.452,19.167,19.375,2807782,0
2017-05-23,19.338,19.571,19.338,19.499,2887335,0
2017-05-24,19.547,19.623,19.452,19.547,2580139,0
2017-05-25,19.643,19.708,19.529,19.633,2490243,0
2017-05-26,19.68,19.709,19.45,19.68,2204042,0
2017-05-30,19.67,19.728,19.595,19.69,2083353,0
2017-05-31,19.69,19.939,19.661,19.93,5282946,0
2017-06-01,19.92,20.208,19.855,20.045,4394606,0
2017-06-02,20.045,20.122,19.968,19.988,4172782,0
2017-06-05,19.978,20.007,19.877,19.978,3307629,0
2017-06-06,19.997,20.093,19.91,20.063,3270681,0
2017-06-07,20.131,20.198,19.968,20.093,4100184,0
2017-06-08,20.122,20.313,20.025,20.283,3698828,0
2017-06-09,20.227,20.523,20.183,20.467,5189735,0
2017-06-12,20.371,20.533,20.275,20.418,4320174,0
2017-06-13,20.477,20.523,20.352,20.486,2572598,0
2017-06-14,20.505,20.822,20.477,20.743,5156450,0
2017-06-15,20.611,20.975,20.523,20.937,4243508,0
2017-06-16,20.947,21.167,20.937,21.137,5441415,0
2017-06-19,21.233,21.329,21.098,21.147,3350080,0
2017-06-20,21.177,21.233,21.003,21.08,2315867,0
2017-06-21,21.186,21.282,21.013,21.042,2503165,0
2017-06-22,21.108,21.282,21.108,21.242,4651582,0
2017-06-23,21.292,21.357,21.209,21.292,3177376,0
2017-06-26,21.367,21.417,21.252,21.357,2651091,0
2017-06-27,21.357,21.387,20.792,20.802,6143542,0
2017-06-28,20.899,20.976,20.57,20.822,5275480,0
2017-06-29,20.763,20.802,20.454,20.58,4235844,0
2017-06-30,20.59,20.691,20.536,20.58,2627032,0
2017-07-03,20.627,20.948,20.585,20.918,3532322,0
2017-07-05,20.976,21.208,20.898,20.976,3953665,0
2017-07-06,20.928,20.985,20.822,20.899,4202656,0
2017-07-07,20.928,20.938,20.59,20.657,2689575,0
2017-07-10,20.696,20.948,20.686,20.735,3382725,0
2017-07-11,20.812,20.918,20.706,20.802,2639302,0
2017-07-12,20.879,21.034,20.812,20.908,4013872,0
2017-07-13,20.976,20.985,20.551,20.667,3930266,0
2017-07-14,20.696,20.948,20.686,20.889,4109812,0
2017-07-17,20.889,20.966,20.735,20.735,3034124,0
2017-07-18,20.676,20.676,20.338,20.511,5339056,0
2017-07-19,20.493,20.511,20.338,20.367,4961115,0
2017-07-20,20.367,20.474,20.251,20.299,5303988,0
2017-07-21,20.329,20.502,20.213,20.454,4739395,0
2017-07-24,20.464,20.59,20.425,20.454,4718201,0
2017-07-25,20.454,20.541,20.28,20.353,4869060,0
2017-07-26,20.396,20.541,20.377,20.454,6572187,0
2017-07-27,20.708,20.717,20.24,20.659,5138553,0
2017-07-28,20.649,20.649,20.39,20.561,4090881,0
2017-07-31,20.629,20.678,20.552,20.649,5063204,0
2017-08-01,20.649,20.698,20.561,20.669,3344494,0
2017-08-02,20.708,20.708,20.581,20.62,3193092,0
2017-08-03,20.581,20.688,20.464,20.61,3484529,0
2017-08-04,20.629,20.629,20.385,20.464,2405147,0
2017-08-07,20.502,20.571,20.395,20.542,2737705,0
2017-08-08,20.561,20.62,20.474,20.571,3281891,0
2017-08-09,20.552,20.858,20.522,20.776,5813145,0
2017-08-10,20.766,20.863,20.649,20.717,4979354,0
2017-08-11,20.669,20.819,20.542,20.805,4211872,0
2017-08-14,20.854,21.029,20.756,20.873,4022186,0
2017-08-15,20.883,20.971,20.771,20.942,2494099,0
2017-08-16,20.942,21.097,20.912,20.961,4209115,0
2017-08-17,20.961,20.971,20.825,20.854,2673365,0
2017-08-18,20.854,20.971,20.776,20.893,3802569,0
2017-08-21,20.942,20.942,20.795,20.873,2045492,0
2017-08-22,20.893,21.078,20.873,21.01,3492014,0
2017-08-23,20.99,21.097,20.971,20.99,3112347,0
2017-08-24,21.059,21.156,20.971,21.117,2344688,0
2017-08-25,21.205,21.205,21.029,21.097,4059962,0
2017-08-28,21.097,21.146,21.029,21.126,3696413,0
2017-08-29,21.107,21.186,20.842,20.842,4124197,0
2017-08-30,20.852,20.96,20.842,20.861,1774573,0
2017-08-31,20.91,21.176,20.9,21.176,3819888,0
2017-09-01,21.176,21.206,21.068,21.088,1748025,0
2017-09-05,21.097,21.206,20.881,20.91,4238662,0
2017-09-06,21.018,21.048,20.881,20.891,3213997,0
2017-09-07,20.91,20.989,20.812,20.989,3481953,0
2017-09-08,20.989,21.033,20.852,20.994,2289985,0
2017-09-11,20.97,21.156,20.91,21.146,3584891,0
2017-09-12,21.136,21.166,21.048,21.136,2958564,0
2017-09-13,20.537,20.709,20.537,20.596,33745028,0
2017-09-14,20.645,20.679,20.468,20.645,6525793,0
2017-09-15,20.645,20.822,20.596,20.753,7557140,0
2017-09-18,20.822,21.018,20.797,20.989,4601436,0
2017-09-19,21.018,21.186,21.018,21.078,5098351,0
2017-09-20,21.126,21.235,20.92,20.999,5769012,0
2017-09-21,21.028,21.166,20.93,21.038,3249543,0
2017-09-22,21.117,21.314,21.068,21.235,8644883,0
2017-09-25,21.244,21.392,21.131,21.343,5581791,0
2017-09-26,21.382,21.55,21.284,21.48,6297827,0
2017-09-27,21.5,21.57,21.181,21.392,6293016,0
2017-09-28,21.392,21.462,21.125,21.452,4610683,0
2017-09-29,21.412,21.551,21.353,21.491,4327951,0
2017-10-02,21.531,21.63,21.422,21.511,4058940,0
2017-10-03,21.511,21.63,21.481,21.551,2001039,0
2017-10-04,21.481,21.61,21.402,21.6,2844730,0
2017-10-05,21.59,21.69,21.541,21.61,2695248,0
2017-10-06,21.471,21.471,21.134,21.273,8759207,0
2017-10-09,21.303,21.402,21.283,21.313,2084596,0
2017-10-10,21.372,21.392,21.209,21.253,2862931,0
2017-10-11,21.253,21.323,21.219,21.313,3112891,0
2017-10-12,21.313,21.452,21.303,21.372,3745514,0
2017-10-13,21.432,21.65,21.432,21.571,3737572,0
2017-10-16,21.64,21.66,21.521,21.571,2923069,0
2017-10-17,21.66,21.699,21.6,21.66,2079397,0
2017-10-18,21.64,21.709,21.62,21.62,3961352,0
2017-10-19,21.61,21.636,21.562,21.6,2001326,0
2017-10-20,21.6,21.61,21.382,21.6,4784771,0
2017-10-23,21.64,21.66,21.313,21.442,4614521,0
2017-10-24,21.442,21.531,21.372,21.432,3353734,0
2017-10-25,21.402,21.442,20.966,21.253,6651454,0
2017-10-26,21.372,21.412,20.322,20.351,10905997,0
2017-10-27,20.391,20.629,20.074,20.5,6956152,0
2017-10-30,20.57,20.63,20.265,20.31,7262312,0
2017-10-31,20.3,20.41,20.11,20.13,5834687,0
2017-11-01,20.16,20.229,20.05,20.2,6028617,0
2017-11-02,20.22,20.25,19.74,19.85,8948918,0
2017-11-03,19.85,19.85,19.66,19.78,4954321,0
2017-11-06,19.73,19.75,19.37,19.43,8438706,0
2017-11-07,19.36,19.79,19.26,19.57,8394018,0
2017-11-08,19.66,19.95,19.635,19.73,5303250,0
2017-11-09,19.77,19.94,19.6,19.65,5544066,0
2017-11-10,19.65,19.8224,19.46,19.55,5788765,0
