Date,Open,High,Low,Close,Volume,OpenInt
2014-01-02,22.096,22.125,21.646,21.797,1144646,0
2014-01-03,21.88,21.993,21.674,21.852,779688,0
2014-01-06,21.87,22.003,21.61,21.62,1316822,0
2014-01-07,21.684,21.74,21.572,21.665,979710,0
2014-01-08,21.655,21.655,21.468,21.562,1671402,0
2014-01-09,21.591,21.938,21.534,21.797,2703093,0
2014-01-10,21.797,22.029,21.75,21.918,1238445,0
2014-01-13,21.834,21.918,21.288,21.377,1719764,0
2014-01-14,21.458,21.665,21.449,21.534,2997296,0
2014-01-15,21.601,21.693,20.699,20.915,6365343,0
2014-01-16,20.887,21.01,20.552,20.906,3816819,0
2014-01-17,20.915,20.944,20.335,20.438,2726489,0
2014-01-21,20.523,20.691,20.308,20.363,1643672,0
2014-01-22,20.448,20.84,20.429,20.672,3108519,0
2014-01-23,20.562,20.681,20.288,20.41,3109197,0
2014-01-24,20.252,20.308,19.595,19.624,4244000,0
2014-01-27,19.932,20.064,19.371,19.605,3145074,0
2014-01-28,19.67,19.951,19.453,19.483,4305815,0
2014-01-29,19.296,19.979,19.2,19.415,2681355,0
2014-01-30,19.706,19.811,19.502,19.576,1100960,0
2014-01-31,19.334,19.988,19.21,19.811,3014680,0
2014-02-03,19.848,20.786,19.557,19.726,5657749,0
2014-02-04,19.886,20.157,19.145,19.773,5219636,0
2014-02-05,19.801,20.569,19.643,20.494,4641611,0
2014-02-06,20.579,20.804,20.419,20.672,1622228,0
2014-02-07,20.607,20.982,20.382,20.768,2533611,0
2014-02-10,20.758,21.562,20.652,21.199,3726871,0
2014-02-11,21.209,21.965,21.151,21.62,3865321,0
2014-02-12,21.601,21.768,21.209,21.347,1737937,0
2014-02-13,21.171,22.022,21.019,21.928,2347216,0
2014-02-14,21.834,22.087,21.711,21.993,1322361,0
2014-02-18,21.947,22.247,21.825,22.058,1406278,0
2014-02-19,21.983,22.145,21.719,21.749,1901901,0
2014-02-20,21.693,21.768,21.512,21.645,1642780,0
2014-02-21,21.719,21.749,21.522,21.719,2259244,0
2014-02-24,21.711,22.38,21.693,22.284,2394830,0
2014-02-25,22.23,22.417,21.88,22.255,2152733,0
2014-02-26,22.274,22.52,21.947,22.4,2987765,0
2014-02-27,22.274,22.859,21.768,22.7,6271542,0
2014-02-28,22.719,23.198,22.7,23.102,2744759,0
2014-03-03,22.821,23.292,22.737,23.051,4217462,0
2014-03-04,23.267,24.373,23.267,24.345,6485189,0
2014-03-05,24.327,24.639,24.12,24.601,3629251,0
2014-03-06,24.722,24.911,24.497,24.769,2986723,0
2014-03-07,24.856,24.966,24.571,24.787,2755215,0
2014-03-10,24.778,24.796,24.252,24.488,2040996,0
2014-03-11,24.552,24.893,24.441,24.591,2225086,0
2014-03-12,24.441,24.836,24.354,24.796,1729230,0
2014-03-13,24.911,24.975,23.979,24.037,2323000,0
2014-03-14,23.979,24.166,23.602,23.969,2917774,0
2014-03-17,24.166,24.363,23.876,23.989,1843947,0
2014-03-18,24.009,25.182,23.979,25.081,4680657,0
2014-03-19,25.081,25.081,24.46,24.571,3122874,0
2014-03-20,24.363,24.45,24.027,24.233,3429681,0
2014-03-21,24.403,24.47,24.233,24.291,2231075,0
2014-03-24,24.479,24.479,24.233,24.363,1849054,0
2014-03-25,24.47,24.629,24.216,24.271,1224219,0
2014-03-26,24.327,24.431,23.488,23.518,2734155,0
2014-03-27,23.527,23.895,23.518,23.678,1504049,0
2014-03-28,23.839,24.064,23.565,23.651,1308815,0
2014-03-31,23.83,23.999,23.733,23.83,1235975,0
2014-04-01,23.867,24.156,23.696,24.156,1575677,0
2014-04-02,24.196,24.281,24.017,24.084,1197680,0
2014-04-03,24.111,24.186,23.518,23.593,2133291,0
2014-04-04,23.743,23.83,23.283,23.312,2107054,0
2014-04-07,23.12,23.257,22.547,22.802,3387551,0
2014-04-08,22.71,23.021,22.615,22.661,2121804,0
2014-04-09,22.767,23.791,22.643,23.66,3840400,0
2014-04-10,23.651,23.743,22.767,22.794,2356750,0
2014-04-11,22.596,23.188,22.35,22.586,2055210,0
2014-04-14,22.776,22.991,22.077,22.255,1964640,0
2014-04-15,22.265,22.586,21.739,22.274,1627305,0
2014-04-16,22.446,22.566,22.145,22.503,1127594,0
2014-04-17,22.493,22.633,22.36,22.484,1052009,0
2014-04-21,22.446,22.566,22.106,22.274,863510,0
2014-04-22,22.322,23.041,22.303,22.802,1679371,0
2014-04-23,22.767,22.859,22.547,22.767,930284,0
2014-04-24,22.973,23.001,22.576,22.757,865763,0
2014-04-25,22.633,22.737,22.23,22.247,892344,0
2014-04-28,22.38,22.474,21.758,22.077,1690710,0
2014-04-29,22.164,22.633,22.164,22.586,1882349,0
2014-04-30,22.52,22.556,21.956,22.503,2091449,0
2014-05-01,22.417,22.831,22.322,22.625,2388049,0
2014-05-02,22.71,23.159,22.625,23.011,1316541,0
2014-05-05,22.821,22.982,22.566,22.605,1216986,0
2014-05-06,22.503,22.566,22.03,22.048,1558004,0
2014-05-07,22.164,22.586,21.899,22.566,2509307,0
2014-05-08,22.831,24.196,22.831,24.017,4429808,0
2014-05-09,23.939,24.176,23.688,24.037,1791257,0
2014-05-12,24.216,24.31,23.895,24.037,1204491,0
2014-05-13,24.064,24.074,23.508,23.772,2083825,0
2014-05-14,23.762,23.912,23.602,23.688,1282337,0
2014-05-15,23.527,23.66,23.011,23.021,1986937,0
2014-05-16,23.021,23.041,22.615,22.767,1742173,0
2014-05-19,22.66,23.502,22.651,23.466,2368442,0
2014-05-20,23.417,23.945,23.378,23.72,2113219,0
2014-05-21,23.825,23.928,23.456,23.551,1584201,0
2014-05-22,23.531,23.645,23.388,23.446,1765958,0
2014-05-23,23.426,23.635,23.378,23.502,1851374,0
2014-05-27,23.569,23.71,23.512,23.616,1501743,0
2014-05-28,23.502,23.626,23.239,23.388,1649469,0
2014-05-29,23.285,23.456,23.104,23.315,1997713,0
2014-05-30,23.277,23.369,22.831,23.087,2378562,0
2014-06-02,23.259,23.331,22.944,22.983,1576313,0
2014-06-03,22.897,23.436,22.897,23.417,1412243,0
2014-06-04,23.398,23.796,23.369,23.71,1590534,0
2014-06-05,23.862,24.051,23.541,23.569,1839666,0
2014-06-06,23.578,24.098,23.569,23.89,1487290,0
2014-06-09,23.9,24.307,23.757,24.117,1425795,0
2014-06-10,24.07,24.126,23.796,24.033,1229859,0
2014-06-11,23.881,24.173,23.843,23.965,1025396,0
2014-06-12,23.936,24.126,23.835,23.918,1164141,0
2014-06-13,24.06,24.259,23.918,24.08,1123745,0
2014-06-16,24.013,24.203,23.918,24.023,857509,0
2014-06-17,23.985,25.318,23.955,24.893,4315103,0
2014-06-18,24.967,25.242,24.59,25.034,2252051,0
2014-06-19,25.034,25.309,24.826,25.129,2955615,0
2014-06-20,25.242,25.318,24.994,25.054,2095604,0
2014-06-23,25.014,25.101,24.893,24.949,2906030,0
2014-06-24,24.796,24.984,24.419,24.439,3840304,0
2014-06-25,24.259,24.542,23.682,23.72,12212494,0
2014-06-26,23.767,24.259,23.466,23.663,2888934,0
2014-06-27,23.606,23.995,23.351,23.426,3309280,0
2014-06-30,23.512,23.512,22.934,23.161,3259461,0
2014-07-01,22.794,22.831,22.282,22.368,9682377,0
2014-07-02,22.348,22.737,22.236,22.52,4924617,0
2014-07-03,22.624,22.632,21.83,21.934,3813722,0
2014-07-07,21.659,22.368,21.584,21.83,6994407,0
2014-07-08,21.734,21.857,21.396,21.47,3919355,0
2014-07-09,21.46,21.924,21.387,21.744,4046939,0
2014-07-10,21.338,21.659,21.11,21.641,3479420,0
2014-07-11,21.414,21.857,21.318,21.622,3077038,0
2014-07-14,21.753,21.989,21.724,21.915,2193857,0
2014-07-15,21.905,22.094,21.706,21.82,2170331,0
2014-07-16,21.838,21.971,21.697,21.915,1826777,0
2014-07-17,21.753,22.272,21.753,21.924,3238994,0
2014-07-18,21.934,22.263,21.905,22.171,1804293,0
2014-07-21,22.018,22.483,22.009,22.18,1926626,0
2014-07-22,22.18,22.263,22.045,22.152,1146836,0
2014-07-23,22.208,22.71,22.123,22.32,1866984,0
2014-07-24,22.398,22.502,22.208,22.272,1404905,0
2014-07-25,22.218,22.33,21.896,21.944,1877090,0
2014-07-28,21.934,22.055,21.781,21.867,1900484,0
2014-07-29,21.915,22.132,21.744,21.876,1997949,0
2014-07-30,22.018,22.055,21.47,21.496,1902998,0
2014-07-31,21.357,21.516,21.081,21.101,2301986,0
2014-08-01,21.11,21.357,21.016,21.149,2027377,0
2014-08-04,21.139,21.215,20.884,21.081,1480523,0
2014-08-05,20.97,21.243,20.666,20.742,1873692,0
2014-08-06,20.675,20.988,20.43,20.865,2030268,0
2014-08-07,21.063,21.279,20.525,20.772,3846980,0
2014-08-08,22.32,22.546,21.396,21.46,5465802,0
2014-08-11,21.488,21.781,21.46,21.47,1408575,0
2014-08-12,21.387,21.46,21.207,21.261,1989625,0
2014-08-13,21.367,21.848,21.159,21.688,2513837,0
2014-08-14,21.669,22.398,21.669,22.198,2964847,0
2014-08-15,22.388,22.595,22.103,22.407,2672475,0
2014-08-18,22.492,22.701,22.378,22.615,1869297,0
2014-08-19,22.651,22.671,22.388,22.444,1487159,0
2014-08-20,22.444,22.759,22.378,22.566,966634,0
2014-08-21,22.537,22.833,22.537,22.72,1597776,0
2014-08-22,22.701,22.769,22.444,22.596,1148505,0
2014-08-25,22.739,22.967,22.586,22.749,1132195,0
2014-08-26,22.759,22.852,22.605,22.701,805146,0
2014-08-27,22.778,22.977,22.72,22.899,1059033,0
2014-08-28,22.769,22.918,22.596,22.711,1441486,0
2014-08-29,22.788,22.967,22.739,22.937,1356027,0
2014-09-02,23.136,23.66,23.061,23.263,1911950,0
2014-09-03,23.299,23.451,23.07,23.184,1466439,0
2014-09-04,23.263,23.441,23.061,23.097,1442760,0
2014-09-05,23.061,23.116,22.769,22.985,1379386,0
2014-09-08,22.947,23.107,22.739,22.813,989006,0
2014-09-09,22.778,22.778,22.29,22.3,1533271,0
2014-09-10,22.32,22.556,22.112,22.511,1436288,0
2014-09-11,22.398,22.739,22.398,22.605,1291934,0
2014-09-12,22.605,22.661,22.415,22.511,1274553,0
2014-09-15,22.511,22.547,22.378,22.425,1006712,0
2014-09-16,22.388,22.605,22.3,22.463,1015284,0
2014-09-17,22.52,22.729,22.415,22.473,1160020,0
2014-09-18,22.566,22.605,22.31,22.378,929519,0
2014-09-19,22.435,22.502,21.855,22.053,2837570,0
2014-09-22,22.053,22.112,21.665,21.721,2107823,0
2014-09-23,21.608,21.788,21.273,21.342,4848615,0
2014-09-24,21.352,21.703,21.153,21.608,2305114,0
2014-09-25,21.552,21.552,21.182,21.333,1813633,0
2014-09-26,21.382,21.721,21.352,21.542,974166,0
2014-09-29,21.303,21.475,21.114,21.382,1055085,0
2014-09-30,21.437,21.446,21.037,21.047,1593184,0
2014-10-01,20.953,21.075,20.43,20.592,3207247,0
2014-10-02,20.555,20.867,20.335,20.764,2333983,0
2014-10-03,20.963,21.455,20.886,21.323,1697697,0
2014-10-06,21.427,21.627,21.182,21.182,1510426,0
2014-10-07,21.019,21.532,20.943,21.182,1940842,0
2014-10-08,21.191,21.382,20.943,21.255,1746515,0
2014-10-09,21.247,21.342,20.677,20.82,1998861,0
2014-10-10,20.764,20.847,20.42,20.42,2549459,0
2014-10-13,20.478,20.744,19.699,19.707,2335378,0
2014-10-14,19.736,20.145,19.699,19.919,1338157,0
2014-10-15,19.584,19.89,19.015,19.765,3182537,0
2014-10-16,19.395,20.687,19.311,20.611,2570929,0
2014-10-17,20.896,20.981,20.687,20.847,1585948,0
2014-10-20,20.764,20.914,20.478,20.773,1527133,0
2014-10-21,20.924,21.455,20.924,21.409,2161013,0
2014-10-22,21.446,21.951,21.391,21.409,1796374,0
2014-10-23,21.646,21.808,21.512,21.552,1092477,0
2014-10-24,21.618,21.655,21.391,21.502,1352198,0
2014-10-27,21.342,21.502,21.057,21.409,1004089,0
2014-10-28,21.552,21.589,21.419,21.542,3007739,0
2014-10-29,21.56,21.599,21.372,21.512,1731374,0
2014-10-30,21.455,21.741,21.362,21.552,1473216,0
2014-10-31,21.808,22.072,21.712,21.922,1303793,0
2014-11-03,21.979,22.16,21.655,21.694,2098176,0
2014-11-04,21.599,21.845,21.455,21.808,1650876,0
2014-11-05,22.016,22.226,21.788,22.188,1959487,0
2014-11-06,22.179,22.378,21.987,22.235,2431182,0
2014-11-07,22.615,23.716,22.556,23.299,5738745,0
2014-11-10,23.28,23.593,23.28,23.346,1080893,0
2014-11-11,23.383,23.487,23.253,23.318,1084604,0
2014-11-12,23.28,23.507,23.126,23.479,1427045,0
2014-11-13,23.373,23.744,23.373,23.612,1630909,0
2014-11-14,23.678,23.841,23.487,23.688,1242204,0
2014-11-17,23.622,23.879,23.622,23.706,1369390,0
2014-11-18,23.783,23.964,23.546,23.612,1493124,0
2014-11-19,23.669,23.706,23.402,23.564,1864509,0
2014-11-20,23.46,23.85,23.45,23.783,1189430,0
2014-11-21,24.033,24.184,23.833,24.004,1626116,0
2014-11-24,24.023,24.164,23.898,24.117,1325385,0
2014-11-25,24.108,24.29,23.964,24.28,1226431,0
2014-11-26,24.29,24.707,24.135,24.527,3232290,0
2014-11-28,24.766,24.882,24.355,24.384,701495,0
2014-12-01,24.318,24.364,23.793,23.984,1362525,0
2014-12-02,24.033,24.135,23.803,23.926,1228169,0
2014-12-03,24.051,24.462,23.85,24.384,1562112,0
2014-12-04,24.299,24.614,24.299,24.536,1174850,0
2014-12-05,24.614,24.823,24.585,24.775,1006429,0
2014-12-08,24.672,24.975,24.527,24.614,1658427,0
2014-12-09,24.327,24.803,24.135,24.793,1448965,0
2014-12-10,24.756,24.919,24.309,24.327,1352312,0
2014-12-11,25.043,25.311,24.793,25.072,2715804,0
2014-12-12,24.803,24.929,24.507,24.527,1417474,0
2014-12-15,24.605,24.643,23.935,24.08,1623111,0
2014-12-16,23.974,24.251,23.651,23.803,1562043,0
2014-12-17,23.85,24.28,23.706,24.241,2039858,0
2014-12-18,24.595,24.633,24.223,24.394,1142441,0
2014-12-19,24.462,24.575,24.346,24.384,2479224,0
2014-12-22,24.462,24.585,24.194,24.29,1020262,0
2014-12-23,24.633,25.233,24.633,24.853,1663223,0
2014-12-24,24.901,25.185,24.803,25.072,462389,0
2014-12-26,25.185,25.301,25.111,25.185,691293,0
2014-12-29,25.139,25.558,25.101,25.291,773754,0
2014-12-30,25.204,25.291,25.101,25.204,423041,0
2014-12-31,25.32,25.33,24.793,24.793,1055998,0
2015-01-02,24.938,25.214,24.803,25.157,986887,0
2015-01-05,24.938,25.063,24.727,24.901,1729023,0
2015-01-06,24.882,25.101,24.126,24.337,2044680,0
2015-01-07,24.555,24.633,23.86,24.462,2033456,0
2015-01-08,24.643,24.948,24.565,24.833,1041989,0
2015-01-09,24.843,24.901,24.462,24.575,1124847,0
2015-01-12,24.527,24.672,24.108,24.223,1031065,0
2015-01-13,24.394,24.707,24.098,24.404,1258059,0
2015-01-14,24.327,24.327,23.123,23.974,7055800,0
2015-01-15,24.033,24.214,23.726,23.774,1241723,0
2015-01-16,23.841,24.126,23.678,24.08,915220,0
2015-01-20,24.144,24.29,23.774,23.898,1557826,0
2015-01-21,23.879,24.251,23.85,24.241,1554117,0
2015-01-22,24.432,24.882,24.337,24.803,1200608,0
2015-01-23,24.993,25.003,24.507,24.699,1202998,0
2015-01-26,24.643,24.756,24.355,24.422,1708563,0
2015-01-27,24.108,24.422,24.051,24.164,864556,0
2015-01-28,24.318,24.318,23.412,23.43,1261690,0
2015-01-29,23.506,23.783,23.095,23.678,2304288,0
2015-01-30,23.45,23.716,23.251,23.297,2435346,0
2015-02-02,23.363,23.813,23.221,23.783,1062869,0
2015-02-03,23.85,24.194,23.706,24.023,1567620,0
2015-02-04,23.898,24.327,23.898,24.08,1268040,0
2015-02-05,24.042,24.28,23.935,24.27,1213035,0
2015-02-06,24.452,24.633,24.28,24.327,1363008,0
2015-02-09,24.204,24.394,24.042,24.06,1793725,0
2015-02-10,24.318,24.49,24.06,24.318,1533926,0
2015-02-11,24.327,24.901,24.299,24.833,1679462,0
2015-02-12,24.948,25.111,24.785,25.053,1241047,0
2015-02-13,25.043,25.321,24.983,25.312,1156408,0
2015-02-17,25.264,25.312,25.003,25.053,1826953,0
2015-02-18,24.947,25.435,24.947,25.224,2348503,0
2015-02-19,25.158,25.406,25.158,25.196,1790563,0
2015-02-20,25.129,25.388,24.956,25.292,1091787,0
2015-02-23,25.167,25.542,25.167,25.282,1421640,0
2015-02-24,25.273,25.83,25.215,25.674,2112648,0
2015-02-25,25.609,25.84,25.234,25.273,2156417,0
2015-02-26,25.215,25.599,24.966,25.388,2178730,0
2015-02-27,25.35,25.628,25.176,25.415,1338931,0
2015-03-02,25.425,25.646,25.063,25.129,1622513,0
2015-03-03,25.081,25.158,24.9,25.003,1108422,0
2015-03-04,24.842,24.993,24.593,24.956,1132108,0
2015-03-05,25.023,25.186,24.872,25.148,1311157,0
2015-03-06,25.091,25.425,24.947,25.003,1053226,0
2015-03-09,25.023,25.053,24.881,24.975,1403397,0
2015-03-10,24.715,24.725,24.497,24.514,1232277,0
2015-03-11,24.534,24.745,24.497,24.67,1082651,0
2015-03-12,24.792,25.101,24.774,25.043,984465,0
2015-03-13,25.063,25.331,24.802,25.101,1027871,0
2015-03-16,25.224,25.425,25.224,25.321,922068,0
2015-03-17,25.176,25.273,24.975,25.196,732479,0
2015-03-18,25.158,25.684,25.053,25.503,1426978,0
2015-03-19,25.464,25.484,24.956,24.993,1078474,0
2015-03-20,25.053,25.292,25.053,25.158,2056053,0
2015-03-23,25.158,25.56,25.158,25.455,1038097,0
2015-03-24,25.388,25.637,25.331,25.513,758355,0
2015-03-25,25.513,25.513,24.928,24.966,946483,0
2015-03-26,24.881,24.937,24.715,24.715,2544477,0
2015-03-27,24.651,24.705,23.854,24.123,2382541,0
2015-03-30,24.247,25.063,24.238,24.975,2049272,0
2015-03-31,24.966,25.331,24.735,25.292,1839957,0
2015-04-01,25.312,25.724,25.167,25.312,2587467,0
2015-04-02,25.331,26.365,25.264,26.058,1815129,0
2015-04-06,25.906,26.365,25.83,26.298,1722788,0
2015-04-07,26.307,26.442,26.155,26.326,1378019,0
2015-04-08,26.365,26.575,26.23,26.442,937303,0
2015-04-09,26.442,26.769,26.395,26.701,1230364,0
2015-04-10,26.72,26.863,26.673,26.863,702012,0
2015-04-13,26.902,27.017,26.834,26.872,861133,0
2015-04-14,26.872,26.979,26.74,26.912,1024114,0
2015-04-15,26.951,27.037,26.701,26.951,1117069,0
2015-04-16,26.921,27.335,26.872,26.872,1541074,0
2015-04-17,26.673,26.834,26.663,26.71,1646407,0
2015-04-20,26.872,27.142,26.643,26.72,742459,0
2015-04-21,26.787,26.834,26.307,26.355,859060,0
2015-04-22,26.375,26.604,26.25,26.395,1445569,0
2015-04-23,26.298,26.336,25.694,25.857,2009622,0
2015-04-24,25.897,26.126,25.857,26.03,933067,0
2015-04-27,26.049,26.116,25.513,25.599,3320155,0
2015-04-28,25.655,26.078,25.637,26.001,951699,0
2015-04-29,25.923,26.289,25.916,26.039,682395,0
2015-04-30,25.906,26.078,24.812,24.909,3409053,0
2015-05-01,25.013,25.292,24.792,24.812,2207873,0
2015-05-04,24.881,25.224,24.881,25.072,1470801,0
2015-05-05,25.053,25.224,24.862,24.909,1290604,0
2015-05-06,24.993,25.111,24.67,24.765,1776051,0
2015-05-07,24.802,25.081,24.469,25.023,1533670,0
2015-05-08,26.24,26.806,25.82,25.942,2128989,0
2015-05-11,25.962,26.136,25.78,25.83,1837459,0
2015-05-12,25.81,26.414,25.77,26.375,2180817,0
2015-05-13,26.472,26.759,26.336,26.499,3022572,0
2015-05-14,26.643,27.132,26.633,26.96,2291137,0
2015-05-15,27.027,27.572,26.892,27.572,2363619,0
2015-05-18,27.572,28.004,27.495,27.793,1589241,0
2015-05-19,27.812,27.948,27.545,27.64,1684127,0
2015-05-20,27.689,27.822,27.592,27.698,1530959,0
2015-05-21,27.756,27.939,27.324,27.457,2140268,0
2015-05-22,27.892,28.014,27.555,27.612,1585199,0
2015-05-26,27.525,27.669,27.362,27.64,1930516,0
2015-05-27,27.747,28.054,27.669,27.939,1810986,0
2015-05-28,27.832,27.948,27.563,27.812,1099507,0
2015-05-29,27.718,27.902,27.476,27.515,1297584,0
2015-06-01,27.698,27.793,27.515,27.63,1089825,0
2015-06-02,27.592,27.718,27.352,27.602,790016,0
2015-06-03,27.689,27.968,27.525,27.842,1016828,0
2015-06-04,27.708,28.103,27.669,27.842,1058393,0
2015-06-05,27.718,27.862,27.438,27.476,1232747,0
2015-06-08,27.563,27.582,27.045,27.054,1598290,0
2015-06-09,27.092,27.207,26.669,26.85,2179545,0
2015-06-10,26.948,27.621,26.948,27.535,2952804,0
2015-06-11,27.592,27.987,27.535,27.91,1774969,0
2015-06-12,27.783,27.852,27.525,27.774,1447315,0
2015-06-15,27.669,27.783,27.324,27.765,1218719,0
2015-06-16,27.718,28.044,27.621,27.996,1169986,0
2015-06-17,28.103,28.103,27.64,27.862,1195133,0
2015-06-18,27.968,28.324,27.832,28.305,1777530,0
2015-06-19,28.226,28.343,28.122,28.216,1491581,0
2015-06-22,28.363,28.507,28.151,28.41,1225682,0
2015-06-23,28.477,28.631,28.324,28.391,1355571,0
2015-06-24,28.391,28.525,27.793,27.822,1408557,0
2015-06-25,27.832,27.832,26.833,26.899,2140890,0
2015-06-26,26.948,26.966,26.12,26.39,3768276,0
2015-06-29,23.56,24.253,22.136,22.865,12552224,0
2015-06-30,22.538,24.089,21.702,23.088,13496433,0
2015-07-01,23.424,24.098,23.376,23.396,6801203,0
2015-07-02,23.271,23.551,23.002,23.281,2960921,0
2015-07-06,23.032,23.579,22.674,23.032,2679751,0
2015-07-07,22.954,23.589,22.597,23.579,3477648,0
2015-07-08,23.811,23.953,23.376,23.57,4319188,0
2015-07-09,23.896,24.407,23.684,23.896,3425696,0
2015-07-10,24.205,24.56,24.195,24.215,2142657,0
2015-07-13,24.465,24.531,23.886,24.224,2115953,0
2015-07-14,24.175,24.713,24.013,24.628,2814759,0
2015-07-15,24.618,24.782,24.253,24.387,1990841,0
2015-07-16,24.56,24.638,23.915,24.003,2605355,0
2015-07-17,23.983,24.397,23.896,24.145,2213210,0
2015-07-20,24.136,24.136,23.223,23.386,2965598,0
2015-07-21,23.376,23.771,23.155,23.454,2139746,0
2015-07-22,23.415,23.723,23.31,23.415,1312131,0
2015-07-23,23.434,24.387,23.415,24.272,2955102,0
2015-07-24,24.165,24.465,23.953,24.042,1776387,0
2015-07-27,23.811,24.233,23.703,23.877,2181621,0
2015-07-28,23.963,24.08,23.703,23.915,1129049,0
2015-07-29,23.973,24.703,23.973,24.445,1822936,0
2015-07-30,24.387,24.521,24.136,24.282,1335199,0
2015-07-31,24.292,24.357,23.482,23.541,2086027,0
2015-08-03,23.511,23.858,23.424,23.781,1919959,0
2015-08-04,23.742,23.877,23.511,23.684,1539064,0
2015-08-05,23.761,23.886,23.454,23.618,2319193,0
2015-08-06,24.377,24.511,23.618,24.455,2923454,0
2015-08-07,24.367,24.703,24.33,24.435,1506749,0
2015-08-10,24.59,25.254,24.435,25.186,1892762,0
2015-08-11,25.032,25.86,24.87,25.744,1996213,0
2015-08-12,25.561,25.561,24.618,25.244,2470065,0
2015-08-13,25.244,25.648,24.983,25.34,1219447,0
2015-08-14,25.34,25.686,25.234,25.657,1478381,0
2015-08-17,25.61,25.901,25.415,25.754,1557479,0
2015-08-18,25.763,25.861,25.445,25.571,1248508,0
2015-08-19,25.425,25.503,24.933,25.165,2106016,0
2015-08-20,24.866,24.943,24.315,24.334,1611062,0
2015-08-21,24.101,24.41,23.743,23.752,2019747,0
2015-08-24,22.72,23.743,22.1,22.961,2378979,0
2015-08-25,23.812,23.898,22.814,22.834,2239038,0
2015-08-26,23.385,23.589,22.631,23.511,1926964,0
2015-08-27,23.945,24.246,23.685,24.111,1598336,0
2015-08-28,24.276,24.276,23.648,23.936,1384013,0
2015-08-31,23.802,24.479,23.685,24.419,1879278,0
2015-09-01,23.965,24.479,23.879,23.975,1856520,0
2015-09-02,24.643,25.686,24.643,25.126,3295045,0
2015-09-03,25.136,25.262,24.672,24.769,1857865,0
2015-09-04,24.449,24.796,24.188,24.361,1257713,0
2015-09-08,24.759,24.836,24.449,24.489,1258851,0
2015-09-09,24.585,24.806,24.148,24.371,1918377,0
2015-09-10,24.371,24.866,24.218,24.709,998893,0
2015-09-11,24.489,24.719,24.371,24.623,795548,0
2015-09-14,24.546,24.565,24.188,24.315,940879,0
2015-09-15,24.459,24.691,24.315,24.516,875506,0
2015-09-16,24.459,24.778,24.371,24.759,1023630,0
2015-09-17,24.749,25.155,24.719,24.816,1016105,0
2015-09-18,24.479,24.662,24.188,24.276,2084500,0
2015-09-21,24.498,24.546,24.015,24.148,979048,0
2015-09-22,23.762,24.506,23.762,24.489,1400873,0
2015-09-23,24.479,24.846,24.429,24.469,1380996,0
2015-09-24,24.276,24.962,24.111,24.885,1508764,0
2015-09-25,25.116,25.184,24.719,24.913,1187582,0
2015-09-28,24.787,24.846,23.908,23.936,1495126,0
2015-09-29,24.015,24.227,23.714,24.168,1259368,0
2015-09-30,24.439,24.516,24.043,24.168,2532802,0
2015-10-01,24.236,24.361,23.879,24.101,1710673,0
2015-10-02,23.724,24.498,23.724,24.429,2101982,0
2015-10-05,24.672,25.503,24.672,25.425,1930336,0
2015-10-06,25.349,25.823,25.281,25.773,1321741,0
2015-10-07,25.936,26.751,25.793,26.614,1741289,0
2015-10-08,26.481,26.77,26.132,26.711,1269919,0
2015-10-09,26.875,27.021,26.393,26.432,1172687,0
2015-10-12,26.422,26.683,26.343,26.604,835881,0
2015-10-13,26.489,26.683,25.946,26.044,1408527,0
2015-10-14,25.996,26.537,25.91,26.413,1354947,0
2015-10-15,26.644,27.223,26.518,27.223,1381632,0
2015-10-16,27.272,27.544,26.944,27.204,1515482,0
2015-10-19,27.079,27.514,27.031,27.494,1281359,0
2015-10-20,27.514,27.678,27.282,27.322,840616,0
2015-10-21,27.118,27.446,26.674,26.702,1656471,0
2015-10-22,26.731,26.808,25.319,25.571,2310100,0
2015-10-23,25.629,26.151,25.435,25.783,1892826,0
2015-10-26,25.813,25.861,25.252,25.648,1401700,0
2015-10-27,25.493,25.686,25.262,25.638,1174135,0
2015-10-28,25.657,25.927,25.571,25.861,1446282,0
2015-10-29,25.891,26.471,25.493,26.334,1051559,0
2015-10-30,26.353,26.711,26.247,26.527,1219959,0
2015-11-02,26.575,27.581,26.556,27.387,1510122,0
2015-11-03,27.387,27.504,26.895,27.041,1218614,0
2015-11-04,27.089,27.194,26.875,27.051,1188698,0
2015-11-05,27.011,27.793,26.779,27.544,1625748,0
2015-11-06,28.336,28.635,27.62,28.49,1845246,0
2015-11-09,28.422,28.606,27.554,27.688,2047464,0
2015-11-10,27.688,27.783,27.341,27.504,1550548,0
2015-11-11,27.62,27.62,26.962,27.118,1473900,0
2015-11-12,27.118,27.118,25.174,25.349,3359488,0
2015-11-13,25.29,25.986,25.203,25.735,1846383,0
2015-11-16,25.947,26.386,25.619,26.007,1269549,0
2015-11-17,25.947,26.531,25.843,25.967,1377052,0
2015-11-18,26.153,26.56,25.892,26.492,1761552,0
2015-11-19,26.386,26.628,26.202,26.211,757259,0
2015-11-20,26.337,26.579,25.843,25.977,1411651,0
2015-11-23,25.872,26.541,25.872,26.396,1189230,0
2015-11-24,26.346,26.484,25.843,26.415,958898,0
2015-11-25,26.027,26.346,26.007,26.211,456992,0
2015-11-27,26.134,26.134,25.793,25.892,526808,0
2015-11-30,25.892,26.055,25.599,25.676,1232992,0
2015-12-01,25.862,26.337,25.629,26.269,1958872,0
2015-12-02,26.435,26.435,25.59,25.609,1321837,0
2015-12-03,25.783,25.843,24.764,24.862,1535219,0
2015-12-04,24.852,26.017,24.754,25.365,1633351,0
2015-12-07,25.347,25.347,24.56,24.696,1311458,0
2015-12-08,24.53,24.667,24.211,24.289,1384781,0
2015-12-09,24.211,24.658,23.685,23.937,1944637,0
2015-12-10,23.889,24.269,23.833,24.094,1252249,0
2015-12-11,23.793,24.423,23.715,24.037,1514829,0
2015-12-14,24.055,24.259,23.773,24.211,2186271,0
2015-12-15,24.298,24.618,24.171,24.57,2216690,0
2015-12-16,24.677,25.016,23.88,24.493,1966468,0
2015-12-17,24.56,24.754,24.037,24.58,1878529,0
2015-12-18,24.89,26.055,24.784,25.657,4142792,0
2015-12-21,25.726,25.967,25.444,25.763,1548913,0
2015-12-22,25.852,25.937,25.521,25.823,1117629,0
2015-12-23,25.957,26.202,25.823,25.997,1034977,0
2015-12-24,26.035,26.997,25.967,26.608,1234997,0
2015-12-28,26.599,26.678,26.007,26.182,1224988,0
2015-12-29,26.356,26.464,26.143,26.356,1256834,0
2015-12-30,26.289,26.579,25.967,26.007,849061,0
2015-12-31,25.902,26.027,25.666,25.666,776392,0
2016-01-04,25.375,25.492,25.104,25.356,1636310,0
2016-01-05,25.308,26.045,25.308,25.928,1500463,0
2016-01-06,25.686,25.783,25.38,25.434,1415118,0
2016-01-07,24.939,25.365,24.609,24.774,1677181,0
2016-01-08,24.977,25.075,24.201,24.22,1133391,0
2016-01-11,24.171,24.55,24.113,24.298,1201297,0
2016-01-12,24.55,24.658,23.823,24.211,1193130,0
2016-01-13,24.347,24.55,23.481,23.521,1752232,0
2016-01-14,23.657,24.249,23.346,24.085,1368001,0
2016-01-15,23.346,23.813,23.141,23.715,1934865,0
2016-01-19,23.763,24.141,22.785,22.978,1436570,0
2016-01-20,22.676,23.589,22.083,23.317,1578332,0
2016-01-21,23.317,23.753,23.116,23.288,1442289,0
2016-01-22,23.511,23.743,22.997,23.074,1491631,0
2016-01-25,22.879,23.064,21.637,21.812,2763707,0
2016-01-26,21.85,22.894,21.85,22.745,1712198,0
2016-01-27,22.706,23.161,22.36,22.578,3030445,0
2016-01-28,22.938,23.102,22.529,22.745,1025406,0
2016-01-29,22.85,23.346,22.696,23.093,1821367,0
2016-02-01,22.908,23.463,22.578,23.336,1632918,0
2016-02-02,22.978,23.056,22.712,22.889,1037976,0
2016-02-03,23.064,23.161,22.355,23.064,1237759,0
2016-02-04,22.997,23.379,22.879,23.21,905067,0
2016-02-05,23.007,23.298,22.793,23.047,1190932,0
2016-02-08,22.785,22.908,21.729,22.006,1205505,0
2016-02-09,21.618,21.986,21.579,21.782,1204735,0
2016-02-10,21.939,22.181,21.753,21.822,921950,0
2016-02-11,21.404,21.637,21.162,21.404,873716,0
2016-02-12,21.724,22.355,21.646,22.336,925095,0
2016-02-16,22.617,22.676,22.063,22.676,640582,0
2016-02-17,22.869,23.541,22.84,23.463,1377113,0
2016-02-18,23.511,23.589,23.027,23.21,722947,0
2016-02-19,23.064,23.394,22.894,23.269,536983,0
2016-02-22,23.491,23.657,23.279,23.511,873733,0
2016-02-23,23.453,23.486,23.084,23.121,556594,0
2016-02-24,22.82,23.725,22.668,23.715,740683,0
2016-02-25,23.511,24.103,23.481,24.037,890458,0
2016-02-26,24.52,24.6,23.957,24.123,1561757,0
2016-02-29,24.181,24.433,23.997,24.094,1075826,0
2016-03-01,24.269,24.618,24.094,24.609,1255168,0
2016-03-02,24.58,24.919,24.56,24.724,942947,0
2016-03-03,24.57,24.968,24.483,24.939,807256,0
2016-03-04,24.977,25.23,24.54,24.792,1220451,0
2016-03-07,24.792,25.213,24.714,25.183,1144564,0
2016-03-08,24.997,25.106,24.158,24.579,907672,0
2016-03-09,24.685,24.969,24.529,24.842,618238,0
2016-03-10,24.91,25.173,24.481,24.969,893145,0
2016-03-11,25.164,25.487,25.067,25.252,815686,0
2016-03-14,25.183,25.368,25.027,25.076,647348,0
2016-03-15,25.007,25.219,24.754,25.067,737917,0
2016-03-16,24.978,25.535,24.978,25.35,637267,0
2016-03-17,25.35,25.647,25.164,25.535,724481,0
2016-03-18,25.545,25.763,25.242,25.447,1176112,0
2016-03-21,25.457,25.613,25.242,25.437,759317,0
2016-03-22,25.135,25.457,25.096,25.232,945161,0
2016-03-23,25.213,25.213,24.539,24.627,805070,0
2016-03-24,24.441,24.481,24.198,24.363,861837,0
2016-03-28,24.403,24.589,24.276,24.363,628977,0
2016-03-29,24.295,24.34,24.071,24.276,740468,0
2016-03-30,24.345,25.017,24.252,24.695,820147,0
2016-03-31,24.685,24.842,24.589,24.695,512493,0
2016-04-01,24.431,25.252,24.368,25.017,886274,0
2016-04-04,25.017,25.017,24.236,24.266,1239311,0
2016-04-05,24.061,24.236,23.837,24.168,968148,0
2016-04-06,24.139,24.168,23.504,23.583,1159870,0
2016-04-07,23.524,23.583,23.192,23.368,1135287,0
2016-04-08,23.554,23.847,23.329,23.436,574425,0
2016-04-11,23.524,23.679,23.008,23.3,1354259,0
2016-04-12,23.456,24.218,23.31,24.09,1051856,0
2016-04-13,24.208,24.569,24.208,24.559,704229,0
2016-04-14,25.496,25.768,25.125,25.388,1468467,0
2016-04-15,25.272,25.477,24.93,24.987,1250567,0
2016-04-18,24.784,25.164,24.657,25.144,755359,0
2016-04-19,25.144,25.33,24.91,25.017,655706,0
2016-04-20,24.997,25.768,24.978,25.681,740059,0
2016-04-21,25.584,25.739,25.516,25.603,1049319,0
2016-04-22,25.633,25.907,25.633,25.878,722726,0
2016-04-25,25.73,25.823,25.301,25.388,1106594,0
2016-04-26,25.545,25.721,25.417,25.564,828938,0
2016-04-27,25.564,25.907,25.432,25.758,538409,0
2016-04-28,25.535,25.749,25.32,25.447,579784,0
2016-04-29,25.407,25.437,24.997,25.252,713589,0
2016-05-02,25.32,25.564,25.242,25.427,736919,0
2016-05-03,25.135,25.193,24.754,25.106,826214,0
2016-05-04,24.91,25.125,24.724,24.959,888287,0
2016-05-05,25.086,25.768,24.987,25.603,1131813,0
2016-05-06,25.467,25.739,25.193,25.574,1149121,0
2016-05-09,25.427,25.691,25.218,25.603,1070542,0
2016-05-10,25.671,25.893,25.417,25.506,1133179,0
2016-05-11,25.477,25.584,25.086,25.086,615451,0
2016-05-12,25.144,25.232,24.662,24.792,759051,0
2016-05-13,24.754,24.949,24.441,24.509,773087,0
2016-05-16,24.735,24.903,24.529,24.579,523724,0
2016-05-17,24.519,24.883,24.353,24.529,876928,0
2016-05-18,24.599,25.147,24.402,25.118,1149633,0
2016-05-19,24.942,25.432,24.775,25.04,811236,0
2016-05-20,25.167,25.726,24.99,25.58,870457,0
2016-05-23,25.57,25.614,25.177,25.276,835833,0
2016-05-24,25.432,26.256,25.412,26.226,1209455,0
2016-05-25,26.276,26.56,26.276,26.492,1416516,0
2016-05-26,26.502,26.56,26.335,26.512,890472,0
2016-05-27,26.522,26.816,26.522,26.579,909734,0
2016-05-31,26.639,26.738,26.241,26.384,1368061,0
2016-06-01,26.169,26.781,26.075,26.738,990441,0
2016-06-02,26.689,26.929,26.463,26.874,1267212,0
2016-06-03,26.619,26.767,26.291,26.384,1176494,0
2016-06-06,26.394,26.443,25.971,26.305,1187104,0
2016-06-07,26.384,26.791,26.246,26.649,721588,0
2016-06-08,26.659,26.894,26.522,26.738,869858,0
2016-06-09,26.589,26.786,26.429,26.599,951966,0
2016-06-10,26.443,26.443,26.05,26.1,818075,0
2016-06-13,26.05,26.236,25.383,25.412,1470358,0
2016-06-14,25.305,25.58,25.0,25.109,925687,0
2016-06-15,25.197,25.382,25.03,25.06,614279,0
2016-06-16,24.883,25.06,24.755,25.03,801229,0
2016-06-17,25.089,25.383,25.01,25.305,1185901,0
2016-06-20,25.677,25.775,25.01,25.04,1068302,0
2016-06-21,25.128,25.128,24.658,24.922,1286620,0
2016-06-22,24.971,25.109,24.775,24.794,1264248,0
2016-06-23,25.118,25.324,24.99,25.05,1092014,0
2016-06-24,24.156,24.638,23.891,23.911,1682009,0
2016-06-27,23.617,23.774,22.985,23.067,1584305,0
2016-06-28,23.314,23.47,23.125,23.371,1539072,0
2016-06-29,23.607,24.349,23.578,24.206,1341659,0
2016-06-30,24.344,24.893,24.196,24.893,1273048,0
2016-07-01,24.883,25.295,24.883,25.236,1070098,0
2016-07-05,24.942,25.02,24.549,24.686,827150,0
2016-07-06,24.599,24.775,24.225,24.431,1381453,0
2016-07-07,24.539,24.824,24.235,24.441,1215433,0
2016-07-08,24.745,25.079,24.667,24.932,1165085,0
2016-07-11,25.157,25.677,25.147,25.55,1225764,0
2016-07-12,25.845,25.941,25.491,25.53,730929,0
2016-07-13,25.511,25.604,25.02,25.324,2165114,0
2016-07-14,25.55,25.667,25.246,25.373,1681047,0
2016-07-15,25.501,25.545,25.315,25.511,521657,0
2016-07-18,25.462,25.653,25.383,25.599,325908,0
2016-07-19,25.59,25.805,25.511,25.697,523373,0
2016-07-20,25.795,25.922,25.658,25.795,536670,0
2016-07-21,25.815,25.865,25.619,25.855,589000,0
2016-07-22,25.951,26.174,25.895,26.12,469045,0
2016-07-25,26.11,26.394,25.845,26.188,777551,0
2016-07-26,26.198,26.424,26.125,26.188,626836,0
2016-07-27,26.198,26.312,26.075,26.169,479969,0
2016-07-28,26.13,26.443,26.011,26.364,750921,0
2016-07-29,26.216,26.453,26.149,26.286,633269,0
2016-08-01,26.384,26.487,26.179,26.286,688394,0
2016-08-02,26.305,26.384,25.941,26.001,636693,0
2016-08-03,26.09,26.344,26.011,26.325,1400864,0
2016-08-04,26.256,27.081,26.198,26.699,1155928,0
2016-08-05,26.924,27.188,26.894,27.081,676888,0
2016-08-08,27.12,27.267,27.027,27.081,653421,0
2016-08-09,27.042,27.302,26.758,27.149,469314,0
2016-08-10,27.14,27.227,26.982,27.081,622078,0
2016-08-11,27.218,27.227,26.806,26.835,817547,0
2016-08-12,26.728,26.904,26.609,26.649,474792,0
2016-08-15,26.689,27.063,26.689,27.014,272761,0
2016-08-16,26.885,27.122,26.885,27.073,580590,0
2016-08-17,27.054,27.201,26.855,27.014,542570,0
2016-08-18,27.093,27.161,26.885,27.044,544186,0
2016-08-19,26.895,27.093,26.855,27.073,439027,0
2016-08-22,27.004,27.054,26.718,26.845,409558,0
2016-08-23,26.984,27.132,26.875,26.964,362071,0
2016-08-24,27.024,27.073,26.758,26.787,490580,0
2016-08-25,26.787,26.994,26.738,26.945,437562,0
2016-08-26,27.014,27.063,26.708,26.895,734517,0
2016-08-29,26.855,27.151,26.728,26.964,652152,0
2016-08-30,26.915,27.26,26.855,27.26,683596,0
2016-08-31,27.26,27.418,27.034,27.378,881586,0
2016-09-01,27.496,27.496,26.955,27.201,491004,0
2016-09-02,27.339,27.369,27.122,27.24,413084,0
2016-09-06,27.369,27.369,26.885,27.103,672457,0
2016-09-07,27.054,27.536,27.054,27.536,900978,0
2016-09-08,27.496,27.674,27.3,27.606,925528,0
2016-09-09,27.359,27.606,27.31,27.408,905322,0
2016-09-12,27.054,27.477,26.845,27.378,708258,0
2016-09-13,27.142,27.201,26.885,27.044,711913,0
2016-09-14,27.024,27.191,26.855,26.865,631879,0
2016-09-15,26.787,27.28,26.76,27.171,538502,0
2016-09-16,26.974,26.974,26.679,26.679,788430,0
2016-09-19,26.885,27.122,26.728,26.905,323518,0
2016-09-20,27.004,27.151,26.708,26.758,442607,0
2016-09-21,26.718,27.32,26.708,27.31,628194,0
2016-09-22,27.477,27.576,27.221,27.369,384247,0
2016-09-23,27.27,27.369,26.885,26.895,404574,0
2016-09-26,26.718,26.855,26.077,26.077,679492,0
2016-09-27,26.027,26.353,25.998,26.177,707323,0
2016-09-28,26.343,26.699,26.196,26.659,421180,0
2016-09-29,27.536,27.625,27.044,27.112,1208253,0
2016-09-30,27.171,27.428,26.915,27.359,581506,0
2016-10-03,27.31,27.506,27.103,27.221,885323,0
2016-10-04,27.339,27.477,27.034,27.448,609243,0
2016-10-05,27.596,28.029,27.477,27.782,744514,0
2016-10-06,27.822,28.029,27.635,28.019,529904,0
2016-10-07,28.019,28.196,27.92,28.118,503642,0
2016-10-10,28.186,28.315,28.118,28.128,312455,0
2016-10-11,27.99,28.183,27.744,27.902,423074,0
2016-10-12,27.94,28.472,27.902,28.444,625410,0
2016-10-13,28.186,28.365,27.714,28.168,707950,0
2016-10-14,28.355,28.571,28.216,28.265,771618,0
2016-10-17,28.178,28.729,28.158,28.661,892138,0
2016-10-18,28.937,29.253,28.797,29.243,1140312,0
2016-10-19,29.329,29.489,29.193,29.379,1096096,0
2016-10-20,29.243,29.597,29.213,29.577,980013,0
2016-10-21,29.379,29.635,29.223,29.548,1288007,0
2016-10-24,29.577,29.824,29.479,29.538,603835,0
2016-10-25,29.597,29.775,29.389,29.665,566997,0
2016-10-26,29.469,29.795,29.469,29.655,822929,0
2016-10-27,29.833,29.892,29.359,29.577,704412,0
2016-10-28,29.655,29.725,29.183,29.339,574055,0
2016-10-31,29.389,29.597,29.302,29.469,745703,0
2016-11-01,29.459,29.543,29.035,29.359,978434,0
2016-11-02,29.203,29.479,29.173,29.243,836624,0
2016-11-03,29.213,29.449,28.957,29.005,956397,0
2016-11-04,30.099,31.608,29.951,31.352,2547090,0
2016-11-07,31.549,31.855,31.283,31.648,1986758,0
2016-11-08,31.608,32.475,31.489,32.16,1467270,0
2016-11-09,31.943,32.684,31.796,32.368,1533144,0
2016-11-10,32.694,33.747,32.654,33.551,1500417,0
2016-11-11,33.412,33.915,33.076,33.865,1066505,0
2016-11-14,34.202,34.791,34.024,34.429,1249869,0
2016-11-15,34.192,34.771,33.777,34.569,1199366,0
2016-11-16,34.351,34.439,34.114,34.212,1194926,0
2016-11-17,34.242,34.618,34.094,34.549,1014536,0
2016-11-18,34.479,34.618,34.212,34.381,804126,0
2016-11-21,34.489,34.697,34.311,34.331,561453,0
2016-11-22,34.667,34.981,34.41,34.479,881891,0
2016-11-23,34.549,34.939,34.381,34.876,563909,0
2016-11-25,35.003,35.123,34.816,35.063,433891,0
2016-11-28,34.905,35.211,34.866,34.896,1066642,0
2016-11-29,35.261,35.864,35.231,35.499,1596351,0
2016-11-30,35.717,35.83,35.375,35.39,1532937,0
2016-12-01,35.637,36.211,35.42,36.161,2076197,0
2016-12-02,36.033,36.276,35.756,36.171,1014529,0
2016-12-05,36.468,36.597,36.325,36.567,1175824,0
2016-12-06,36.617,37.438,36.37,37.251,1564306,0
2016-12-07,37.34,37.715,37.091,37.34,1625250,0
2016-12-08,37.388,37.755,37.082,37.359,1536793,0
2016-12-09,37.3,37.567,36.94,37.438,1454333,0
2016-12-12,37.171,37.75,37.171,37.617,785358,0
2016-12-13,37.775,38.013,37.408,37.755,985830,0
2016-12-14,37.646,38.151,37.408,37.646,1060472,0
2016-12-15,37.686,38.17,37.557,37.913,989321,0
2016-12-16,38.072,38.626,37.963,38.457,2186869,0
2016-12-19,38.447,38.537,37.775,38.141,1488960,0
2016-12-20,38.359,38.547,38.042,38.19,1112940,0
2016-12-21,38.3,38.437,38.002,38.24,948546,0
2016-12-22,38.17,38.339,37.805,38.19,688714,0
2016-12-23,38.19,38.617,38.19,38.408,653524,0
2016-12-27,38.497,38.537,38.002,38.002,971738,0
2016-12-28,38.121,38.141,37.508,37.537,914536,0
2016-12-29,37.607,37.864,37.448,37.547,699258,0
2016-12-30,37.567,37.735,37.191,37.379,872618,0
2017-01-03,37.745,38.547,37.626,38.547,1805447,0
2017-01-04,38.567,39.096,38.507,38.952,1395899,0
2017-01-05,38.814,38.814,38.131,38.24,933357,0
2017-01-06,38.408,38.646,38.151,38.329,710693,0
2017-01-09,38.102,38.339,37.903,38.072,916782,0
2017-01-10,38.21,38.824,37.933,38.744,998086,0
2017-01-11,38.914,39.101,38.596,38.884,1042045,0
2017-01-12,38.646,38.962,38.287,38.656,853839,0
2017-01-13,38.784,39.288,38.656,38.794,745567,0
2017-01-17,38.567,39.031,38.447,38.557,677913,0
2017-01-18,38.794,39.268,38.527,39.258,609469,0
2017-01-19,39.388,39.64,39.201,39.498,1042205,0
2017-01-20,39.498,39.685,39.136,39.24,648164,0
2017-01-23,39.151,39.438,39.061,39.231,807560,0
2017-01-24,39.231,39.74,39.231,39.645,807896,0
2017-01-25,39.982,40.012,39.348,39.508,907938,0
2017-01-26,39.478,39.813,39.268,39.803,880518,0
2017-01-27,39.882,39.902,39.318,39.448,1130232,0
2017-01-30,39.141,39.151,38.497,38.894,1241191,0
2017-01-31,38.734,39.071,38.141,38.507,1081509,0
2017-02-01,38.744,39.293,38.695,39.151,978183,0
2017-02-02,39.081,39.508,39.011,39.191,575103,0
2017-02-03,39.565,39.725,39.398,39.595,768176,0
2017-02-06,39.546,39.972,39.546,39.715,824110,0
2017-02-07,39.882,40.189,39.575,39.675,984727,0
2017-02-08,39.685,39.863,39.498,39.794,851701,0
2017-02-09,39.745,40.269,39.725,40.071,657560,0
2017-02-10,40.348,40.437,40.12,40.367,646264,0
2017-02-13,40.576,40.803,40.309,40.377,961531,0
2017-02-14,40.209,40.862,40.16,40.843,962008,0
2017-02-15,40.734,41.293,40.734,41.238,834101,0
2017-02-16,41.209,41.555,41.021,41.358,918382,0
2017-02-17,41.12,41.12,40.496,40.586,856090,0
2017-02-21,40.803,40.951,40.566,40.932,674402,0
2017-02-22,41.011,41.149,40.793,40.991,1017199,0
2017-02-23,41.426,41.565,40.803,41.051,1179334,0
2017-02-24,41.466,42.495,41.228,41.941,1931478,0
2017-02-27,41.862,41.976,40.951,41.446,1479914,0
2017-02-28,40.882,40.941,40.397,40.684,1562525,0
2017-03-01,41.159,41.758,41.031,41.218,2024394,0
2017-03-02,41.13,41.308,40.669,40.734,986672,0
2017-03-03,40.774,40.882,40.338,40.367,940922,0
2017-03-06,40.38,40.509,40.221,40.38,1065249,0
2017-03-07,40.271,40.48,40.082,40.37,1223520,0
2017-03-08,40.489,40.688,39.863,39.913,1020142,0
2017-03-09,40.003,40.271,39.516,39.536,746698,0
2017-03-10,39.675,40.023,39.516,39.784,922423,0
2017-03-13,39.555,40.296,39.497,40.241,684933,0
2017-03-14,40.052,40.226,39.794,40.102,758794,0
2017-03-15,40.033,40.519,40.033,40.35,867248,0
2017-03-16,40.499,40.658,39.868,39.893,1093754,0
2017-03-17,39.923,39.943,38.771,38.791,1962965,0
2017-03-20,38.622,38.846,37.46,37.52,2885968,0
2017-03-21,37.977,38.185,36.477,36.646,2089986,0
2017-03-22,36.398,36.884,35.861,36.497,1752759,0
2017-03-23,36.388,36.994,36.388,36.636,846027,0
2017-03-24,36.576,37.004,36.448,36.596,743934,0
2017-03-27,36.03,36.239,35.762,36.13,1376351,0
2017-03-28,35.891,36.756,35.777,36.586,755953,0
2017-03-29,36.646,36.726,36.288,36.388,890147,0
2017-03-30,36.388,36.884,36.388,36.795,681661,0
2017-03-31,36.716,36.969,36.606,36.854,872470,0
2017-04-03,36.795,37.172,36.596,36.914,859497,0
2017-04-04,36.984,37.302,36.984,37.252,843989,0
2017-04-05,37.55,37.55,36.542,36.576,1120972,0
2017-04-06,36.596,37.838,36.448,37.788,1803528,0
2017-04-07,37.788,38.533,37.788,38.434,2617660,0
2017-04-10,38.493,38.652,37.947,38.295,1031560,0
2017-04-11,38.175,38.275,37.61,37.977,675193,0
2017-04-12,38.046,38.205,37.639,37.808,618832,0
2017-04-13,37.718,38.026,37.4,37.41,579691,0
2017-04-17,37.45,37.977,37.45,37.888,566168,0
2017-04-18,37.728,37.848,37.58,37.698,812790,0
2017-04-19,37.927,38.324,37.778,37.878,931331,0
2017-04-20,37.907,38.235,37.798,38.215,872711,0
2017-04-21,38.324,38.324,37.748,37.748,642417,0
2017-04-24,38.404,38.451,38.071,38.165,870921,0
2017-04-25,38.364,38.692,38.344,38.523,762333,0
2017-04-26,38.424,39.029,38.424,38.583,798042,0
2017-04-27,38.613,38.731,38.334,38.513,641492,0
2017-04-28,38.523,38.533,37.808,37.868,686161,0
2017-05-01,38.076,38.076,37.44,37.659,803847,0
2017-05-02,37.58,37.944,37.58,37.758,655423,0
2017-05-03,37.748,38.205,37.4,37.669,1185265,0
2017-05-04,37.639,37.838,37.024,37.42,879478,0
2017-05-05,38.235,39.675,38.215,38.931,2138082,0
2017-05-08,38.931,39.625,38.931,39.337,1224044,0
2017-05-09,39.427,39.427,38.831,38.999,748496,0
2017-05-10,38.999,39.219,38.741,38.791,709941,0
2017-05-11,38.761,39.437,38.563,39.247,876559,0
2017-05-12,39.099,39.099,38.344,38.434,857762,0
2017-05-15,38.785,39.054,38.496,38.964,788466,0
2017-05-16,39.224,39.224,38.805,39.034,723907,0
2017-05-17,38.675,38.905,38.346,38.366,825664,0
2017-05-18,38.436,38.506,38.077,38.257,687899,0
2017-05-19,38.237,38.72,38.237,38.556,732116,0
2017-05-22,38.616,38.685,38.366,38.476,714773,0
2017-05-23,38.506,38.755,38.287,38.576,750726,0
2017-05-24,38.625,39.044,38.536,38.915,902352,0
2017-05-25,38.954,39.393,38.954,39.174,802617,0
2017-05-26,39.014,39.373,38.984,39.353,691480,0
2017-05-30,39.333,39.333,38.526,38.755,894088,0
2017-05-31,38.785,38.974,38.645,38.934,932334,0
2017-06-01,39.034,39.981,39.034,39.901,897134,0
2017-06-02,39.871,39.871,39.333,39.353,534508,0
2017-06-05,39.343,39.343,38.75,38.815,645203,0
2017-06-06,38.695,39.323,38.396,39.243,1109056,0
2017-06-07,39.433,40.38,39.413,39.981,1248466,0
2017-06-08,39.991,41.068,39.941,40.958,1189316,0
2017-06-09,40.998,41.905,40.848,41.536,1527395,0
2017-06-12,41.486,41.745,40.739,40.968,1080121,0
2017-06-13,40.948,41.446,40.888,41.387,745211,0
2017-06-14,41.337,41.735,41.078,41.666,949172,0
2017-06-15,41.307,42.124,41.058,41.845,884704,0
2017-06-16,41.865,41.865,41.456,41.845,1141050,0
2017-06-19,41.865,42.064,41.626,41.805,803356,0
2017-06-20,41.656,41.795,41.436,41.616,455312,0
2017-06-21,41.516,41.546,41.068,41.107,871967,0
2017-06-22,41.207,41.407,40.968,41.008,587602,0
2017-06-23,41.068,41.147,40.36,40.519,1576525,0
2017-06-26,40.639,41.581,40.25,41.416,1503109,0
2017-06-27,41.616,41.745,41.337,41.347,693336,0
2017-06-28,41.636,41.945,41.416,41.745,735977,0
2017-06-29,42.074,42.094,41.436,42.015,629414,0
2017-06-30,42.134,42.352,41.456,41.606,692002,0
2017-07-03,41.955,42.762,41.815,42.483,586613,0
2017-07-05,42.543,42.862,42.114,42.553,1239571,0
2017-07-06,42.543,43.041,42.463,42.782,746895,0
2017-07-07,42.792,42.866,42.603,42.672,547154,0
2017-07-10,42.742,43.405,42.543,43.241,742474,0
2017-07-11,43.35,43.38,42.742,42.942,830314,0
2017-07-12,43.091,43.958,43.031,43.938,814926,0
2017-07-13,44.058,44.357,43.839,43.889,684871,0
2017-07-14,43.749,44.402,43.45,44.267,530228,0
2017-07-17,44.357,44.826,44.048,44.566,722895,0
2017-07-18,44.507,44.716,44.347,44.526,627198,0
2017-07-19,44.526,44.885,44.357,44.447,1093294,0
2017-07-20,44.477,44.915,44.297,44.606,1203577,0
2017-07-21,44.377,44.945,44.377,44.945,465201,0
2017-07-24,44.965,45.234,44.925,45.035,572220,0
2017-07-25,45.334,45.444,45.015,45.234,452685,0
2017-07-26,45.284,45.324,44.497,44.497,545349,0
2017-07-27,44.526,44.616,44.237,44.357,614379,0
2017-07-28,44.417,44.566,44.088,44.526,340095,0
2017-07-31,44.616,44.925,44.616,44.865,402866,0
2017-08-01,45.284,45.344,44.875,44.975,900950,0
2017-08-02,44.985,45.414,44.855,44.955,662887,0
2017-08-03,45.154,45.582,44.467,44.766,755896,0
2017-08-04,44.875,44.875,44.158,44.207,796945,0
2017-08-07,44.207,44.452,44.048,44.098,771442,0
2017-08-08,44.128,44.646,43.973,44.088,631075,0
2017-08-09,43.849,43.958,43.679,43.898,608096,0
2017-08-10,43.749,44.277,43.29,43.33,611371,0
2017-08-11,43.101,43.51,42.942,43.43,669058,0
2017-08-14,43.9,44.09,43.69,44.02,720485,0
2017-08-15,44.11,44.15,43.43,43.44,451554,0
2017-08-16,43.67,43.67,43.15,43.26,567992,0
2017-08-17,43.28,43.48,42.81,42.82,493116,0
2017-08-18,42.82,42.91,42.5073,42.67,548314,0
2017-08-21,42.66,42.74,42.135,42.28,473852,0
2017-08-22,42.38,43.16,42.38,43.1,625401,0
2017-08-23,42.8,43.28,42.78,42.99,714500,0
2017-08-24,43.09,43.09,42.555,42.73,461130,0
2017-08-25,42.76,42.94,42.58,42.6,354156,0
2017-08-28,42.55,42.55,41.6,41.76,553948,0
2017-08-29,41.44,42.01,41.15,41.97,555738,0
2017-08-30,41.96,42.52,41.96,42.4,397801,0
2017-08-31,42.54,42.75,42.26,42.54,519321,0
2017-09-01,42.68,42.88,42.5,42.5,445410,0
2017-09-05,42.25,42.36,40.07,40.19,902260,0
2017-09-06,40.32,40.72,40.06,40.36,572809,0
2017-09-07,40.26,40.28,39.36,39.84,843291,0
2017-09-08,39.78,40.79,39.66,40.72,786147,0
2017-09-11,41.41,42.09,41.33,41.91,999979,0
2017-09-12,42.0,42.62,41.98,42.56,631719,0
2017-09-13,42.42,42.4295,41.89,42.15,550790,0
2017-09-14,42.14,42.26,41.97,42.12,547432,0
2017-09-15,42.19,42.87,41.91,42.73,1092057,0
2017-09-18,42.74,42.83,41.32,41.42,1033978,0
2017-09-19,41.5,41.76,41.345,41.41,730328,0
2017-09-20,41.35,42.52,41.25,42.26,678757,0
2017-09-21,42.1,42.4017,41.33,41.33,535672,0
2017-09-22,41.31,41.64,41.16,41.55,555531,0
2017-09-25,41.48,41.66,41.08,41.18,596841,0
2017-09-26,40.31,40.48,39.34,39.4,1564479,0
2017-09-27,39.86,39.86,37.53,37.6,2122727,0
2017-09-28,37.61,38.23,37.23,38.23,1830145,0
2017-09-29,38.11,38.27,37.15,37.75,1538277,0
2017-10-02,37.86,38.51,37.01,38.49,1864639,0
2017-10-03,38.86,39.145,38.49,38.69,1385666,0
2017-10-04,37.5,37.86,36.6,37.58,3362631,0
2017-10-05,37.82,38.54,37.33,37.73,1431403,0
2017-10-06,37.77,37.9,37.48,37.54,719023,0
2017-10-09,37.48,37.71,37.41,37.51,456811,0
2017-10-10,37.51,37.78,37.441,37.67,400759,0
2017-10-11,37.62,37.69,36.905,36.93,651033,0
2017-10-12,36.93,37.17,36.51,36.77,1025960,0
2017-10-13,36.72,37.54,36.63,36.89,724787,0
2017-10-16,36.89,37.3,36.89,37.07,625160,0
2017-10-17,37.32,37.92,36.99,37.73,884108,0
2017-10-18,38.0,38.06,37.63,37.78,545876,0
2017-10-19,37.63,37.895,37.16,37.74,770369,0
2017-10-20,38.02,38.15,37.86,37.88,628087,0
2017-10-23,37.12,37.26,36.05,36.61,1827167,0
2017-10-24,36.57,36.965,36.37,36.9,1047307,0
2017-10-25,36.93,37.3,35.95,36.06,1071456,0
2017-10-26,36.15,37.23,35.99,36.75,916995,0
2017-10-27,36.5,36.88,36.28,36.53,1196634,0
2017-10-30,36.43,37.2,36.33,36.75,972533,0
2017-10-31,36.855,37.5597,36.76,37.1,1159577,0
2017-11-01,37.1,37.9,37.1,37.2,1231173,0
2017-11-02,37.1,37.44,36.4,36.85,1262311,0
2017-11-03,38.5,39.75,37.1,37.29,2127294,0
2017-11-06,37.27,37.4962,35.39,36.51,1927357,0
2017-11-07,36.58,36.97,35.9,36.22,1906240,0
2017-11-08,37.0,37.81,36.72,37.54,1667465,0
2017-11-09,37.39,37.48,36.8,36.95,834359,0
2017-11-10,36.79,37.18,36.6,37.12,562097,0
