Date,Open,High,Low,Close,Volume,OpenInt
2014-01-02,25.597,25.783,25.124,25.356,93779,0
2014-01-03,25.374,25.486,25.114,25.338,182431,0
2014-01-06,25.532,25.793,25.022,25.783,196350,0
2014-01-07,25.96,26.739,25.607,26.507,169819,0
2014-01-08,26.581,27.51,26.545,27.51,115372,0
2014-01-09,27.678,27.974,27.604,27.891,203670,0
2014-01-10,27.881,28.039,27.704,27.946,250750,0
2014-01-13,28.039,28.504,27.76,27.993,330230,0
2014-01-14,28.048,28.402,27.974,28.383,158965,0
2014-01-15,28.345,28.606,28.28,28.41,181642,0
2014-01-16,28.364,28.428,27.734,27.853,191456,0
2014-01-17,27.881,28.058,27.78,27.825,99433,0
2014-01-21,28.039,28.077,27.714,27.863,168893,0
2014-01-22,27.863,27.928,27.76,27.825,124522,0
2014-01-23,27.825,27.946,27.528,27.798,107738,0
2014-01-24,27.612,27.714,25.718,26.406,209315,0
2014-01-27,26.48,26.823,26.256,26.443,173123,0
2014-01-28,26.6,28.179,26.572,28.02,202460,0
2014-01-29,27.835,28.262,27.604,27.742,136683,0
2014-01-30,27.909,28.012,27.083,27.445,163637,0
2014-01-31,27.055,27.204,26.358,26.377,72269,0
2014-02-03,26.367,26.367,24.631,25.189,174608,0
2014-02-04,25.338,26.285,24.799,26.089,128113,0
2014-02-05,26.099,26.099,25.17,25.319,96343,0
2014-02-06,25.43,26.397,25.412,26.071,78961,0
2014-02-07,26.238,26.285,25.449,25.587,71209,0
2014-02-10,25.449,25.459,24.808,25.124,122257,0
2014-02-11,25.124,25.633,25.069,25.504,68102,0
2014-02-12,25.57,25.607,25.18,25.56,56935,0
2014-02-13,25.356,26.033,25.309,25.96,52915,0
2014-02-14,26.043,26.183,25.412,25.941,56796,0
2014-02-18,25.941,26.229,25.504,26.146,54675,0
2014-02-19,26.155,26.497,25.542,25.607,75886,0
2014-02-20,25.709,26.692,25.709,26.591,63721,0
2014-02-21,26.637,26.925,26.062,26.183,66181,0
2014-02-24,26.191,26.397,25.56,26.146,62563,0
2014-02-25,26.163,27.129,26.155,26.351,60530,0
2014-02-26,26.461,26.757,26.108,26.387,54858,0
2014-02-27,26.387,26.553,25.977,26.489,58725,0
2014-02-28,26.545,27.036,26.414,26.545,69238,0
2014-03-03,26.321,26.777,26.173,26.341,47215,0
2014-03-04,26.646,27.853,26.303,27.566,84748,0
2014-03-05,27.604,27.604,26.916,27.315,63881,0
2014-03-06,27.463,27.789,26.944,27.176,55155,0
2014-03-07,27.557,27.696,26.497,26.87,49907,0
2014-03-10,26.87,26.906,26.183,26.377,46625,0
2014-03-11,26.48,26.795,25.309,25.764,84993,0
2014-03-12,25.643,26.247,25.087,26.089,59208,0
2014-03-13,26.016,26.312,25.393,25.941,64592,0
2014-03-14,25.932,26.887,25.69,26.256,87679,0
2014-03-17,26.312,26.925,26.071,26.285,43741,0
2014-03-18,26.387,26.944,26.341,26.925,64215,0
2014-03-19,26.833,27.129,26.6,26.906,51207,0
2014-03-20,26.925,27.473,26.721,26.98,52512,0
2014-03-21,27.111,27.584,26.87,27.481,99289,0
2014-03-24,27.574,27.574,26.804,27.204,66199,0
2014-03-25,27.39,28.262,27.39,27.835,48970,0
2014-03-26,28.068,28.085,26.256,26.906,71194,0
2014-03-27,27.017,27.566,26.692,27.51,53608,0
2014-03-28,27.491,28.02,27.017,27.129,49173,0
2014-03-31,27.24,27.891,27.083,27.604,51520,0
2014-04-01,27.734,27.946,27.268,27.853,80836,0
2014-04-02,27.974,28.521,27.481,27.798,88365,0
2014-04-03,27.881,28.094,27.594,27.825,41491,0
2014-04-04,27.974,27.974,26.553,26.944,57351,0
2014-04-07,26.897,27.074,25.69,26.229,53774,0
2014-04-08,26.191,26.367,24.753,25.299,150735,0
2014-04-09,25.459,26.266,25.338,26.099,49224,0
2014-04-10,26.183,26.191,25.013,25.329,88031,0
2014-04-11,25.087,25.467,25.003,25.114,71137,0
2014-04-14,25.319,25.532,25.069,25.161,162404,0
2014-04-15,25.161,25.319,24.66,25.003,114490,0
2014-04-16,25.114,25.207,24.965,25.152,56682,0
2014-04-17,25.059,25.504,24.975,25.263,196050,0
2014-04-21,25.273,25.477,24.994,25.198,93995,0
2014-04-22,25.207,25.783,25.133,25.551,55382,0
2014-04-23,25.449,25.56,25.05,25.253,82095,0
2014-04-24,25.459,25.69,24.873,25.243,63940,0
2014-04-25,25.243,25.579,24.985,25.227,64905,0
2014-04-28,25.299,25.495,25.022,25.18,125555,0
2014-04-29,25.356,25.439,25.022,25.03,63354,0
2014-04-30,25.03,25.03,24.224,24.855,81919,0
2014-05-01,24.863,25.217,24.614,25.077,152841,0
2014-05-02,25.114,25.663,24.965,25.161,113847,0
2014-05-05,25.133,25.412,24.78,25.152,60301,0
2014-05-06,25.059,25.587,24.975,25.253,190498,0
2014-05-07,25.299,26.007,24.919,25.96,87245,0
2014-05-08,26.016,26.443,25.653,25.718,59491,0
2014-05-09,25.587,26.461,25.587,26.433,57200,0
2014-05-12,26.563,27.63,26.563,27.38,73263,0
2014-05-13,27.334,27.946,27.055,27.074,122570,0
2014-05-14,26.925,27.065,26.387,26.461,120690,0
2014-05-15,26.331,26.489,25.977,26.108,136331,0
2014-05-16,26.136,26.721,26.023,26.656,85949,0
2014-05-19,26.675,27.548,26.675,27.473,83009,0
2014-05-20,27.268,27.724,26.777,27.463,116542,0
2014-05-21,27.566,27.853,27.231,27.408,98145,0
2014-05-22,27.408,27.668,27.214,27.455,75430,0
2014-05-23,27.566,27.909,27.39,27.816,85553,0
2014-05-27,28.002,28.521,27.853,28.179,165430,0
2014-05-28,28.197,28.197,27.678,28.039,108004,0
2014-05-29,28.085,28.428,27.928,28.383,82344,0
2014-05-30,28.428,28.643,28.364,28.458,173384,0
2014-06-02,28.475,28.828,28.308,28.81,123501,0
2014-06-03,28.782,29.014,28.671,28.949,130497,0
2014-06-04,28.931,29.691,28.884,29.581,120506,0
2014-06-05,30.918,32.979,30.323,31.847,340943,0
2014-06-06,31.847,32.172,31.261,31.642,133236,0
2014-06-09,31.576,31.735,31.279,31.474,150112,0
2014-06-10,31.335,31.512,30.537,30.648,186151,0
2014-06-11,30.593,30.593,29.321,29.608,138729,0
2014-06-12,29.608,29.618,29.153,29.2,105312,0
2014-06-13,29.441,29.478,29.144,29.265,106926,0
2014-06-16,29.265,29.478,28.911,29.117,164549,0
2014-06-17,28.967,29.284,28.521,28.597,124460,0
2014-06-18,28.541,29.265,28.114,29.005,182192,0
2014-06-19,29.339,31.372,29.153,31.242,207210,0
2014-06-20,31.409,31.939,31.317,31.873,239274,0
2014-06-23,32.059,33.294,31.873,32.532,234283,0
2014-06-24,32.635,32.913,32.412,32.645,251201,0
2014-06-25,32.458,33.424,32.458,33.369,176046,0
2014-06-26,33.424,33.62,32.886,33.499,197556,0
2014-06-27,33.322,34.344,33.239,34.241,532289,0
2014-06-30,34.297,35.217,33.925,34.623,304790,0
2014-07-01,34.584,34.817,34.344,34.603,281234,0
2014-07-02,34.584,34.659,33.814,34.056,166514,0
2014-07-03,33.889,34.139,33.526,34.139,149026,0
2014-07-07,34.149,34.307,33.591,34.12,143090,0
2014-07-08,34.195,34.78,33.676,34.613,131252,0
2014-07-09,34.678,35.607,34.631,35.291,168540,0
2014-07-10,34.557,34.957,34.233,34.501,123449,0
2014-07-11,34.501,34.567,34.103,34.12,72769,0
2014-07-14,34.297,34.623,34.195,34.483,79330,0
2014-07-15,34.483,34.649,33.935,34.167,82198,0
2014-07-16,34.259,34.353,33.656,33.693,69351,0
2014-07-17,33.516,33.916,33.044,33.303,72076,0
2014-07-18,33.256,33.98,33.155,33.499,74295,0
2014-07-21,33.136,33.239,32.152,32.496,129739,0
2014-07-22,32.607,33.683,32.607,33.526,115064,0
2014-07-23,33.564,33.703,33.201,33.564,67773,0
2014-07-24,33.683,33.759,33.313,33.313,99212,0
2014-07-25,33.015,33.47,32.69,33.164,65295,0
2014-07-28,33.164,33.359,32.356,33.006,108285,0
2014-07-29,33.006,33.201,32.672,32.876,61729,0
2014-07-30,33.062,33.256,31.893,32.133,90235,0
2014-07-31,31.837,32.013,31.252,31.474,136441,0
2014-08-01,31.539,32.57,31.539,32.31,135935,0
2014-08-04,32.366,32.376,31.409,32.245,83893,0
2014-08-05,31.893,32.69,31.893,32.236,113694,0
2014-08-06,31.948,32.979,31.902,32.523,87516,0
2014-08-07,32.598,32.969,32.022,32.393,88001,0
2014-08-08,32.32,32.635,32.152,32.476,65870,0
2014-08-11,32.7,33.201,32.078,32.988,121281,0
2014-08-12,32.969,33.972,32.607,33.349,105622,0
2014-08-13,33.387,33.759,33.322,33.61,96483,0
2014-08-14,33.73,34.167,33.647,34.083,105711,0
2014-08-15,34.39,34.631,34.195,34.4,129741,0
2014-08-18,34.631,35.049,34.575,34.974,74278,0
2014-08-19,35.021,35.373,34.947,35.171,368408,0
2014-08-20,35.058,36.236,34.928,36.181,159717,0
2014-08-21,36.21,36.358,35.347,35.561,156252,0
2014-08-22,35.561,35.7,35.561,35.597,113943,0
2014-08-25,35.912,36.311,35.634,36.09,122483,0
2014-08-26,36.051,37.435,36.051,37.175,164757,0
2014-08-27,37.194,37.788,36.924,37.138,104468,0
2014-08-28,37.12,37.165,36.6,37.064,109968,0
2014-08-29,37.064,37.304,36.701,37.184,66106,0
2014-09-02,37.491,37.908,37.258,37.51,152740,0
2014-09-03,37.825,37.872,37.518,37.574,96603,0
2014-09-04,37.584,38.058,34.714,34.79,314886,0
2014-09-05,34.678,35.902,34.678,35.486,236535,0
2014-09-08,35.486,35.727,34.844,34.891,197774,0
2014-09-09,34.993,35.551,34.408,35.466,119266,0
2014-09-10,35.42,35.783,35.151,35.551,74640,0
2014-09-11,35.3,35.931,34.901,35.745,86988,0
2014-09-12,35.838,35.931,34.501,34.548,82420,0
2014-09-15,34.548,34.584,33.126,33.749,329584,0
2014-09-16,33.61,34.613,33.545,34.233,189480,0
2014-09-17,34.25,34.493,34.167,34.324,98744,0
2014-09-18,34.39,34.603,34.018,34.103,127619,0
2014-09-19,34.12,34.12,32.83,33.025,220000,0
2014-09-22,32.812,33.303,32.532,32.746,104671,0
2014-09-23,32.71,32.82,32.208,32.393,93806,0
2014-09-24,32.366,32.635,32.096,32.476,81070,0
2014-09-25,32.496,32.775,31.392,31.447,94969,0
2014-09-26,31.595,31.958,31.335,31.428,86327,0
2014-09-29,31.123,32.292,30.759,32.273,121976,0
2014-09-30,32.329,32.45,30.964,30.992,109256,0
2014-10-01,29.023,30.704,28.671,29.989,315576,0
2014-10-02,29.942,30.546,29.701,30.277,110992,0
2014-10-03,30.537,30.805,30.267,30.685,191724,0
2014-10-06,30.713,31.066,30.462,30.796,108023,0
2014-10-07,30.528,31.428,30.406,30.982,122706,0
2014-10-08,30.862,32.106,30.546,32.059,232397,0
2014-10-09,31.911,32.096,30.081,30.128,100056,0
2014-10-10,30.043,30.422,29.037,29.198,146620,0
2014-10-13,29.16,29.322,28.363,28.439,175375,0
2014-10-14,28.571,28.591,27.461,27.755,169520,0
2014-10-15,27.319,28.459,27.158,28.287,206531,0
2014-10-16,28.202,29.796,27.642,29.578,127510,0
2014-10-17,29.986,30.422,29.037,29.436,130500,0
2014-10-20,29.379,30.033,29.359,30.023,91254,0
2014-10-21,30.07,30.821,29.958,30.774,96092,0
2014-10-22,30.934,30.982,30.166,30.242,88051,0
2014-10-23,30.432,30.982,29.901,30.242,117125,0
2014-10-24,30.29,30.479,30.08,30.318,53142,0
2014-10-27,30.328,30.395,29.796,30.195,151735,0
2014-10-28,30.252,31.618,30.223,31.371,95808,0
2014-10-29,31.409,31.561,30.934,31.495,70508,0
2014-10-30,31.391,32.454,31.229,31.817,96658,0
2014-10-31,32.254,33.051,31.894,33.032,91154,0
2014-11-03,33.212,33.212,31.884,32.092,74497,0
2014-11-04,32.064,32.254,31.418,31.475,81554,0
2014-11-05,31.552,31.599,31.371,31.552,67336,0
2014-11-06,31.532,32.149,31.343,32.13,84379,0
2014-11-07,32.149,32.548,31.79,32.33,83556,0
2014-11-10,32.415,32.88,32.064,32.804,74638,0
2014-11-11,32.653,33.136,32.491,32.927,84712,0
2014-11-12,32.595,32.86,32.206,32.671,111380,0
2014-11-13,32.481,32.766,31.418,32.007,152081,0
2014-11-14,32.083,32.263,31.57,32.007,89351,0
2014-11-17,32.026,32.036,31.096,31.286,71773,0
2014-11-18,31.608,32.568,31.58,32.358,113340,0
2014-11-19,32.378,32.378,30.954,31.418,104868,0
2014-11-20,31.163,31.931,30.916,31.305,113661,0
2014-11-21,31.931,32.055,31.133,31.381,67075,0
2014-11-24,31.532,32.283,30.982,32.254,132518,0
2014-11-25,32.216,32.511,32.083,32.348,85708,0
2014-11-26,32.415,32.501,31.514,32.016,119615,0
2014-11-28,31.751,31.959,29.967,30.147,74294,0
2014-12-01,30.033,30.166,29.113,29.322,104091,0
2014-12-02,29.245,30.594,29.227,30.517,67619,0
2014-12-03,30.479,31.485,30.375,31.153,130454,0
2014-12-04,30.887,30.887,30.347,30.527,103969,0
2014-12-05,30.347,31.086,30.157,30.697,91112,0
2014-12-08,30.594,30.821,29.207,29.492,80848,0
2014-12-09,29.891,32.462,29.302,32.444,172137,0
2014-12-10,31.979,32.036,30.669,30.963,123332,0
2014-12-11,31.371,32.007,30.005,30.195,90443,0
2014-12-12,29.587,29.748,28.848,28.913,82255,0
2014-12-15,29.103,29.426,28.543,28.734,99325,0
2014-12-16,28.734,30.023,28.543,28.676,103181,0
2014-12-17,28.676,29.815,28.269,29.711,110192,0
2014-12-18,30.185,31.182,29.673,30.793,112137,0
2014-12-19,30.793,30.963,29.891,30.641,100885,0
2014-12-22,30.641,31.884,30.299,31.827,136307,0
2014-12-23,32.092,33.289,31.599,33.136,86285,0
2014-12-24,33.222,33.297,32.52,33.022,22809,0
2014-12-26,33.249,33.259,32.187,32.52,55072,0
2014-12-29,32.462,33.099,31.847,32.064,42240,0
2014-12-30,31.969,32.615,31.817,32.405,50477,0
2014-12-31,32.405,32.454,31.732,31.922,102465,0
2015-01-02,31.997,32.179,31.126,31.807,73156,0
2015-01-05,31.807,31.807,30.992,31.458,66521,0
2015-01-06,31.561,31.656,30.166,31.059,69694,0
2015-01-07,31.343,31.59,30.849,31.248,95090,0
2015-01-08,31.485,31.969,30.973,31.076,82264,0
2015-01-09,30.992,31.086,30.432,30.565,64773,0
2015-01-12,30.517,30.517,28.838,29.492,138359,0
2015-01-13,29.559,30.365,29.369,30.157,103381,0
2015-01-14,29.815,30.697,29.569,30.451,92679,0
2015-01-15,30.631,30.631,28.97,29.066,90274,0
2015-01-16,29.084,30.355,28.885,30.355,83107,0
2015-01-20,30.261,30.261,28.942,29.066,94804,0
2015-01-21,28.818,29.15,28.117,28.933,101509,0
2015-01-22,29.132,30.555,28.857,30.195,140402,0
2015-01-23,30.043,30.365,29.654,30.033,85604,0
2015-01-26,30.128,30.717,29.768,30.308,80126,0
2015-01-27,29.91,30.403,29.531,29.996,50141,0
2015-01-28,29.986,30.08,29.103,29.245,73600,0
2015-01-29,29.483,30.508,29.18,30.489,99183,0
2015-01-30,30.195,30.355,28.714,28.857,75320,0
2015-02-02,28.771,30.033,28.496,29.824,46623,0
2015-02-03,30.28,30.754,30.176,30.641,62426,0
2015-02-04,30.195,30.774,30.005,30.063,47410,0
2015-02-05,30.015,30.744,29.958,30.697,71047,0
2015-02-06,30.65,31.276,30.422,30.697,42943,0
2015-02-09,30.469,30.982,29.967,30.166,47056,0
2015-02-10,30.442,30.442,29.255,29.748,30121,0
2015-02-11,29.796,30.594,29.349,30.337,60758,0
2015-02-12,30.594,30.793,30.355,30.574,26015,0
2015-02-13,30.764,31.039,30.395,30.499,28974,0
2015-02-17,30.442,30.555,30.11,30.29,43348,0
2015-02-18,30.147,30.727,30.015,30.631,42428,0
2015-02-19,30.546,31.741,30.469,31.428,82876,0
2015-02-20,31.523,31.561,30.963,31.324,49962,0
2015-02-23,31.133,31.248,29.976,30.887,45405,0
2015-02-24,31.126,31.647,31.001,31.173,59712,0
2015-02-25,31.315,32.139,30.84,31.989,81999,0
2015-02-26,32.073,32.083,31.458,31.57,42388,0
2015-02-27,31.599,31.599,30.774,30.774,44364,0
2015-03-02,30.697,31.874,30.546,31.324,63440,0
2015-03-03,31.029,31.76,30.916,31.371,65338,0
2015-03-04,31.238,31.324,30.584,31.049,106226,0
2015-03-05,30.916,31.2,30.707,30.811,61227,0
2015-03-06,30.46,31.086,29.758,30.015,63652,0
2015-03-09,30.242,31.21,30.015,30.831,86941,0
2015-03-10,30.308,30.555,29.673,29.701,41942,0
2015-03-11,29.938,30.128,29.559,29.976,90102,0
2015-03-12,30.185,31.153,30.185,31.126,70712,0
2015-03-13,31.02,31.076,30.479,30.744,58066,0
2015-03-16,30.774,31.732,30.546,31.684,93686,0
2015-03-17,31.475,31.76,30.926,31.418,110969,0
2015-03-18,31.409,33.004,31.2,32.71,77350,0
2015-03-19,32.425,32.548,31.514,31.894,73451,0
2015-03-20,32.073,32.615,32.073,32.216,126670,0
2015-03-23,32.169,32.605,32.007,32.462,74295,0
2015-03-24,32.244,34.018,32.244,33.876,95688,0
2015-03-25,34.018,34.047,32.472,32.538,55853,0
2015-03-26,32.472,33.193,32.321,32.766,58593,0
2015-03-27,32.69,33.212,32.301,32.909,47212,0
2015-03-30,33.042,34.237,32.87,33.914,64600,0
2015-03-31,33.544,34.484,33.232,34.322,85494,0
2015-04-01,34.085,34.674,33.791,34.427,97901,0
2015-04-02,34.474,34.986,34.256,34.796,53429,0
2015-04-06,34.455,35.338,34.36,35.262,52798,0
2015-04-07,35.015,35.12,34.626,34.996,76861,0
2015-04-08,35.11,35.509,34.399,35.195,83463,0
2015-04-09,35.195,35.195,34.304,34.617,66994,0
2015-04-10,34.399,34.399,31.542,32.681,261138,0
2015-04-13,32.444,32.681,31.465,31.979,132466,0
2015-04-14,32.169,33.307,32.045,33.279,174620,0
2015-04-15,33.297,34.057,33.108,33.725,258105,0
2015-04-16,33.411,33.478,30.849,31.011,137990,0
2015-04-17,30.849,31.029,29.531,30.679,227416,0
2015-04-20,31.076,31.238,30.403,30.641,242716,0
2015-04-21,30.868,31.903,30.631,31.438,385727,0
2015-04-22,31.173,31.608,30.916,31.343,181864,0
2015-04-23,31.315,31.542,31.153,31.324,124247,0
2015-04-24,31.4,31.532,30.906,30.906,118375,0
2015-04-27,31.248,31.352,30.365,31.229,216351,0
2015-04-28,31.286,32.348,31.001,32.036,89257,0
2015-04-29,31.903,32.026,31.458,31.495,74295,0
2015-04-30,31.561,31.675,30.536,30.66,107174,0
2015-05-01,30.736,30.954,30.28,30.594,50585,0
2015-05-04,30.754,31.126,30.451,30.727,72082,0
2015-05-05,30.66,31.153,30.385,30.594,59646,0
2015-05-06,30.887,30.887,29.958,30.157,65874,0
2015-05-07,30.119,31.049,30.119,30.811,59296,0
2015-05-08,30.916,31.182,30.622,30.906,70817,0
2015-05-11,30.744,31.713,30.536,31.133,80618,0
2015-05-12,30.669,31.086,30.252,30.963,88244,0
2015-05-13,31.068,32.671,30.944,32.538,122053,0
2015-05-14,32.643,34.218,32.558,33.962,138895,0
2015-05-15,33.905,34.199,33.249,33.81,115678,0
2015-05-18,33.8,34.531,33.488,34.057,104143,0
2015-05-19,33.8,33.886,32.358,32.804,78332,0
2015-05-20,33.004,33.525,32.947,33.525,64220,0
2015-05-21,33.449,34.237,33.449,34.162,69448,0
2015-05-22,34.162,34.162,33.515,33.829,53429,0
2015-05-26,33.886,34.0,33.297,33.488,56070,0
2015-05-27,33.421,34.018,32.994,33.971,54905,0
2015-05-28,33.658,33.971,33.297,33.953,48229,0
2015-05-29,33.886,34.446,33.525,33.953,88100,0
2015-06-01,34.256,34.446,33.82,33.905,68813,0
2015-06-02,33.791,34.209,33.715,33.923,74798,0
2015-06-03,34.01,34.92,33.781,34.902,74822,0
2015-06-04,34.607,34.731,34.209,34.446,61438,0
2015-06-05,34.399,35.195,34.142,35.176,65759,0
2015-06-08,35.85,36.723,35.224,36.097,128356,0
2015-06-09,36.144,36.514,35.641,36.191,136469,0
2015-06-10,36.543,36.676,35.623,36.221,101528,0
2015-06-11,36.164,37.426,35.964,37.388,83701,0
2015-06-12,37.141,37.643,36.875,37.567,59119,0
2015-06-15,37.501,38.08,36.989,37.815,158179,0
2015-06-16,37.909,37.995,37.388,37.473,168508,0
2015-06-17,37.663,37.805,37.094,37.426,80302,0
2015-06-18,37.539,38.109,37.321,37.738,88732,0
2015-06-19,37.9,37.995,37.52,37.567,161340,0
2015-06-22,38.062,38.421,36.932,37.444,136471,0
2015-06-23,37.634,37.738,37.293,37.483,236604,0
2015-06-24,37.284,38.204,37.179,37.71,116237,0
2015-06-25,37.938,37.957,37.16,37.805,90313,0
2015-06-26,37.852,37.966,37.71,37.9,244699,0
2015-06-29,37.805,38.431,37.198,37.264,112023,0
2015-06-30,37.577,38.431,37.094,38.27,183232,0
2015-07-01,38.469,38.479,37.416,38.412,175357,0
2015-07-02,38.337,38.554,37.349,37.957,146798,0
2015-07-06,37.7,38.337,37.227,37.975,75454,0
2015-07-07,37.881,37.909,36.563,37.625,92106,0
2015-07-08,37.321,37.52,36.79,36.922,60595,0
2015-07-09,37.549,37.673,36.885,36.989,73663,0
2015-07-10,37.577,38.089,37.454,37.928,87046,0
2015-07-13,37.852,38.147,37.463,37.567,89469,0
2015-07-14,37.567,37.72,37.311,37.559,69305,0
2015-07-15,37.73,37.73,37.141,37.463,86130,0
2015-07-16,37.89,38.137,37.056,37.227,88100,0
2015-07-17,37.293,37.643,36.989,37.473,139633,0
2015-07-20,37.52,37.52,36.42,36.676,67551,0
2015-07-21,36.61,37.492,36.6,37.179,99271,0
2015-07-22,37.046,37.435,36.922,37.245,57328,0
2015-07-23,37.245,37.349,36.211,36.62,96847,0
2015-07-24,36.496,36.496,35.12,35.234,122561,0
2015-07-27,35.12,35.707,34.93,35.47,59331,0
2015-07-28,35.414,36.211,35.185,36.049,73136,0
2015-07-29,35.899,36.79,35.899,36.477,53851,0
2015-07-30,36.496,37.264,35.983,37.027,93369,0
2015-07-31,37.198,37.501,36.543,36.895,64494,0
2015-08-03,36.723,36.875,36.201,36.41,54229,0
2015-08-04,36.363,36.77,36.078,36.258,56485,0
2015-08-05,36.6,36.704,35.461,35.869,81988,0
2015-08-06,36.078,37.7,35.755,37.349,80111,0
2015-08-07,37.349,37.7,36.486,36.903,125195,0
2015-08-10,36.952,37.483,36.144,36.885,205181,0
2015-08-11,36.704,36.733,35.993,36.43,105880,0
2015-08-12,36.068,36.96,35.765,36.875,103275,0
2015-08-13,36.818,40.32,36.448,39.294,459576,0
2015-08-14,39.427,39.427,38.194,38.451,158601,0
2015-08-17,38.308,38.792,37.71,38.431,132466,0
2015-08-18,38.137,38.308,36.818,37.036,118766,0
2015-08-19,36.818,37.217,36.58,37.008,95582,0
2015-08-20,36.846,36.856,36.296,36.438,119082,0
2015-08-21,35.433,36.799,35.433,36.505,110547,0
2015-08-24,34.883,36.533,33.839,35.67,176602,0
2015-08-25,36.62,37.284,34.92,35.091,98533,0
2015-08-26,35.584,35.926,34.075,35.215,115816,0
2015-08-27,35.433,36.088,35.185,36.068,89786,0
2015-08-28,36.059,37.008,36.059,36.752,84728,0
2015-08-31,36.685,37.606,36.43,37.151,80408,0
2015-09-01,36.895,37.473,36.059,36.563,133836,0
2015-09-02,36.723,37.094,35.964,36.59,83147,0
2015-09-03,36.571,37.331,36.296,37.046,101273,0
2015-09-04,36.563,37.341,36.563,37.301,92106,0
2015-09-08,37.634,38.194,36.78,37.245,94740,0
2015-09-09,38.165,40.33,38.023,38.887,343548,0
2015-09-10,38.507,38.593,36.135,36.353,196903,0
2015-09-11,36.278,36.78,36.135,36.6,103697,0
2015-09-14,36.903,38.222,36.752,37.928,318468,0
2015-09-15,37.909,38.479,36.372,36.647,145533,0
2015-09-16,36.818,36.912,36.238,36.353,93369,0
2015-09-17,36.305,37.112,36.173,36.553,148712,0
2015-09-18,36.106,36.477,35.566,36.088,240273,0
2015-09-21,36.287,36.695,35.717,35.916,127724,0
2015-09-22,35.736,35.736,34.351,34.399,173776,0
2015-09-23,34.494,34.597,33.354,33.544,306001,0
2015-09-24,33.478,34.379,33.232,34.018,107893,0
2015-09-25,33.933,34.047,33.297,33.297,106332,0
2015-09-28,33.212,33.402,31.58,31.741,181020,0
2015-09-29,31.807,32.576,31.324,32.112,136576,0
2015-09-30,32.263,32.975,31.894,32.909,148591,0
2015-10-01,32.957,33.069,32.434,32.662,128673,0
2015-10-02,32.472,33.345,32.226,33.259,139211,0
2015-10-05,33.696,34.189,33.269,33.725,127262,0
2015-10-06,33.829,35.053,33.734,34.123,119715,0
2015-10-07,34.285,34.399,33.032,33.943,167916,0
2015-10-08,33.773,34.446,33.773,34.304,88943,0
2015-10-09,34.503,34.853,34.162,34.731,101273,0
2015-10-12,34.674,34.674,33.686,33.753,129710,0
2015-10-13,33.889,34.382,33.695,34.14,220358,0
2015-10-14,34.179,34.828,33.743,34.363,80891,0
2015-10-15,34.605,35.283,33.879,35.235,117979,0
2015-10-16,35.36,35.379,34.353,34.615,134818,0
2015-10-19,34.382,34.992,34.363,34.721,151729,0
2015-10-20,34.653,35.079,34.411,34.856,110748,0
2015-10-21,34.876,35.099,34.266,34.537,159819,0
2015-10-22,34.585,35.399,34.527,35.127,125831,0
2015-10-23,35.321,36.454,35.225,36.386,101656,0
2015-10-26,36.173,36.599,35.06,35.243,166535,0
2015-10-27,35.108,35.205,33.869,33.908,153104,0
2015-10-28,33.947,35.408,33.917,35.389,172010,0
2015-10-29,35.176,35.554,34.77,35.04,65395,0
2015-10-30,34.982,36.318,34.459,35.767,214470,0
2015-11-02,35.795,36.396,35.622,36.076,95883,0
2015-11-03,36.057,36.512,35.466,36.018,85757,0
2015-11-04,36.018,36.686,35.747,36.037,89398,0
2015-11-05,35.893,36.144,35.437,35.776,91015,0
2015-11-06,35.622,36.619,35.118,36.512,124901,0
2015-11-09,36.396,36.434,35.379,35.554,88318,0
2015-11-10,35.505,35.96,35.476,35.911,104962,0
2015-11-11,35.911,37.712,35.466,36.425,135128,0
2015-11-12,36.037,36.415,35.35,35.572,101553,0
2015-11-13,35.408,35.951,34.653,35.399,107545,0
2015-11-16,35.331,35.572,34.914,35.283,83371,0
2015-11-17,35.263,36.405,34.914,36.232,166327,0
2015-11-18,36.26,37.548,36.067,37.451,225213,0
2015-11-19,37.335,38.816,37.257,38.545,291125,0
2015-11-20,38.816,38.816,37.006,38.36,218292,0
2015-11-23,38.36,38.689,37.576,37.616,91842,0
2015-11-24,37.422,38.36,37.363,38.196,117153,0
2015-11-25,37.887,38.487,37.518,38.119,126967,0
2015-11-27,38.342,38.409,38.08,38.167,37708,0
2015-11-30,38.148,38.4,38.003,38.051,122008,0
2015-12-01,38.206,38.467,37.586,37.887,92154,0
2015-12-02,37.741,38.061,37.393,37.422,96226,0
2015-12-03,37.654,37.877,36.454,36.628,106815,0
2015-12-04,36.619,37.567,36.444,36.85,141637,0
2015-12-07,36.637,36.783,35.631,36.057,131203,0
2015-12-08,35.737,35.873,34.324,35.302,216554,0
2015-12-09,35.263,35.65,34.595,34.702,103413,0
2015-12-10,34.537,35.428,34.441,34.45,113330,0
2015-12-11,31.41,32.465,28.807,30.53,813972,0
2015-12-14,30.684,31.314,30.249,31.275,293002,0
2015-12-15,31.352,32.126,30.684,31.343,265504,0
2015-12-16,31.566,32.194,30.859,31.847,205688,0
2015-12-17,32.204,32.214,31.285,31.285,224594,0
2015-12-18,30.985,31.081,30.249,31.023,251867,0
2015-12-21,31.159,31.575,31.033,31.517,219532,0
2015-12-22,31.721,31.721,31.023,31.401,86809,0
2015-12-23,31.324,31.933,31.324,31.885,85333,0
2015-12-24,31.575,31.691,31.328,31.44,51717,0
2015-12-28,31.294,31.681,30.931,31.585,127537,0
2015-12-29,31.904,32.224,31.362,31.797,75859,0
2015-12-30,31.546,31.914,31.42,31.45,136226,0
2015-12-31,31.468,31.643,30.898,31.362,182269,0
2016-01-04,30.724,31.885,30.423,31.653,249868,0
2016-01-05,31.885,31.895,30.443,30.868,289357,0
2016-01-06,30.636,31.45,30.636,31.294,171861,0
2016-01-07,30.684,30.81,29.233,29.465,136664,0
2016-01-08,29.581,29.868,27.926,28.991,355498,0
2016-01-11,29.049,29.881,28.715,29.474,179406,0
2016-01-12,29.678,29.852,28.632,28.855,208205,0
2016-01-13,29.077,29.087,27.529,28.12,220261,0
2016-01-14,28.12,29.039,27.868,28.632,210182,0
2016-01-15,27.858,28.391,27.519,28.013,299097,0
2016-01-19,28.187,28.778,27.529,27.994,159509,0
2016-01-20,27.481,29.039,27.132,28.391,171372,0
2016-01-21,28.497,28.73,27.733,28.303,106705,0
2016-01-22,28.855,29.097,28.284,28.477,310263,0
2016-01-25,28.343,28.507,27.635,28.032,193541,0
2016-01-26,28.294,29.194,27.684,29.136,300231,0
2016-01-27,29.136,29.136,28.255,28.333,140899,0
2016-01-28,28.565,28.672,28.032,28.555,122493,0
2016-01-29,28.584,29.213,28.507,29.155,140986,0
2016-02-01,28.991,29.891,28.565,29.494,119423,0
2016-02-02,29.059,30.084,28.971,29.552,182890,0
2016-02-03,29.669,30.066,28.788,29.184,193076,0
2016-02-04,29.077,29.731,28.798,29.001,141370,0
2016-02-05,28.874,29.61,28.439,28.642,146356,0
2016-02-08,28.255,28.449,27.819,28.265,192268,0
2016-02-09,27.761,28.662,27.374,28.139,146734,0
2016-02-10,28.41,28.768,28.013,28.197,84829,0
2016-02-11,27.655,28.091,27.394,27.8,83292,0
2016-02-12,28.022,28.401,27.461,28.245,223926,0
2016-02-16,28.594,29.456,28.449,29.194,81029,0
2016-02-17,29.484,30.259,29.484,30.016,138653,0
2016-02-18,29.998,30.191,29.832,29.92,76787,0
2016-02-19,29.813,30.007,29.571,29.794,113489,0
2016-02-22,29.998,30.617,29.659,30.007,211178,0
2016-02-23,29.881,30.423,29.687,29.765,170263,0
2016-02-24,29.378,30.438,29.378,30.249,105412,0
2016-02-25,30.443,31.188,30.133,30.936,136440,0
2016-02-26,31.053,31.333,30.697,30.995,98043,0
2016-02-29,31.129,31.566,30.985,31.237,151683,0
2016-03-01,31.45,31.933,31.197,31.662,105105,0
2016-03-02,31.662,31.827,31.256,31.653,102141,0
2016-03-03,31.566,32.194,31.566,31.953,111579,0
2016-03-04,32.108,32.224,30.965,31.953,104674,0
2016-03-07,31.865,32.224,31.769,32.001,89491,0
2016-03-08,31.856,31.875,30.965,31.004,124112,0
2016-03-09,31.217,31.498,30.888,31.265,110167,0
2016-03-10,31.294,31.488,30.375,30.617,58136,0
2016-03-11,30.849,32.04,30.559,32.03,141490,0
2016-03-14,32.098,32.379,31.721,32.156,54284,0
2016-03-15,31.865,32.108,31.526,31.681,53295,0
2016-03-16,31.701,32.185,31.546,31.739,107635,0
2016-03-17,31.837,32.64,31.701,32.475,157375,0
2016-03-18,32.659,33.879,32.659,33.734,136811,0
2016-03-21,33.685,33.848,33.178,33.376,116950,0
2016-03-22,33.173,33.782,33.173,33.337,78886,0
2016-03-23,33.356,33.685,32.814,33.085,123535,0
2016-03-24,32.814,33.173,32.601,33.037,74557,0
2016-03-28,33.037,33.182,32.681,32.824,80648,0
2016-03-29,32.814,33.763,32.785,33.695,96276,0
2016-03-30,33.773,33.773,33.347,33.656,106139,0
2016-03-31,33.714,34.266,33.274,34.034,119022,0
2016-04-01,33.821,33.995,33.588,33.947,104064,0
2016-04-04,33.947,33.947,32.852,32.969,164205,0
2016-04-05,32.794,33.259,32.718,32.785,107894,0
2016-04-06,32.988,33.54,32.437,33.075,150540,0
2016-04-07,32.794,32.945,32.224,32.359,119190,0
2016-04-08,32.698,32.746,32.156,32.204,101676,0
2016-04-11,32.465,32.699,31.536,31.566,118265,0
2016-04-12,31.681,32.844,31.459,32.563,63288,0
2016-04-13,32.65,32.896,32.46,32.766,85972,0
2016-04-14,32.824,33.376,32.785,33.075,74361,0
2016-04-15,30.559,32.515,29.639,32.456,227040,0
2016-04-18,32.407,33.453,32.185,33.434,109958,0
2016-04-19,33.434,33.995,33.434,33.743,164210,0
2016-04-20,33.676,33.676,32.65,32.766,92243,0
2016-04-21,32.65,32.814,32.214,32.417,77671,0
2016-04-22,32.407,32.902,32.292,32.669,175070,0
2016-04-25,32.572,32.601,32.001,32.301,123228,0
2016-04-26,32.515,33.085,32.234,33.027,73998,0
2016-04-27,32.959,33.482,32.844,33.356,85435,0
2016-04-28,33.182,33.879,33.075,33.337,82519,0
2016-04-29,33.211,33.424,32.785,33.085,69378,0
2016-05-02,33.259,33.598,32.852,33.395,77630,0
2016-05-03,33.279,33.54,32.969,33.056,105471,0
2016-05-04,33.027,33.249,32.601,32.814,111266,0
2016-05-05,32.844,33.502,32.736,32.746,98692,0
2016-05-06,32.591,32.988,32.456,32.834,109537,0
2016-05-09,32.688,33.037,32.533,32.621,84117,0
2016-05-10,32.814,33.279,32.65,33.191,94625,0
2016-05-11,33.017,33.618,32.64,32.708,86118,0
2016-05-12,32.785,32.998,32.262,32.292,72817,0
2016-05-13,32.098,32.582,31.653,31.672,86835,0
2016-05-16,31.875,32.485,31.827,32.349,93396,0
2016-05-17,32.146,32.887,32.146,32.659,127928,0
2016-05-18,32.621,32.94,32.243,32.417,72022,0
2016-05-19,32.33,32.746,31.856,32.475,75030,0
2016-05-20,32.495,33.211,32.495,32.969,55676,0
2016-05-23,32.92,33.676,32.862,33.066,179300,0
2016-05-24,33.182,33.647,33.182,33.453,64061,0
2016-05-25,33.588,33.849,33.221,33.52,85423,0
2016-05-26,33.482,33.666,33.066,33.279,76025,0
2016-05-27,33.211,33.502,33.027,33.124,46671,0
2016-05-31,33.143,33.695,33.143,33.588,89263,0
2016-06-01,33.395,33.753,32.852,33.143,98916,0
2016-06-02,33.115,33.221,32.892,33.085,45954,0
2016-06-03,33.095,33.231,32.892,33.037,66422,0
2016-06-06,33.163,33.502,32.844,33.008,69171,0
2016-06-07,32.959,33.453,32.746,33.211,94910,0
2016-06-08,34.363,38.96,34.363,38.651,606050,0
2016-06-09,38.96,41.313,38.719,40.268,353146,0
2016-06-10,39.822,41.647,39.57,41.584,487578,0
2016-06-13,41.545,42.629,40.858,41.042,312667,0
2016-06-14,40.771,41.265,39.957,40.074,152225,0
2016-06-15,40.074,41.381,39.619,41.022,214804,0
2016-06-16,40.926,40.964,40.142,40.432,110961,0
2016-06-17,40.336,40.655,39.696,39.987,205936,0
2016-06-20,40.384,40.698,39.794,40.354,236370,0
2016-06-21,40.452,40.906,40.045,40.693,134944,0
2016-06-22,40.868,41.12,40.132,40.151,92836,0
2016-06-23,40.48,41.042,40.296,40.344,75591,0
2016-06-24,38.68,39.116,38.284,38.312,280221,0
2016-06-27,37.983,38.593,37.586,37.905,145510,0
2016-06-28,38.36,38.874,37.847,37.887,165804,0
2016-06-29,38.36,39.212,38.07,39.135,137096,0
2016-06-30,39.222,40.422,38.96,40.384,136870,0
2016-07-01,40.51,41.08,39.832,40.151,101265,0
2016-07-05,39.909,40.635,39.387,40.48,128508,0
2016-07-06,40.287,40.79,40.113,40.655,121045,0
2016-07-07,40.655,42.203,40.645,42.039,270340,0
2016-07-08,42.252,43.307,42.252,42.978,240347,0
2016-07-11,43.317,44.575,43.172,43.849,249031,0
2016-07-12,43.858,44.672,43.858,44.614,138692,0
2016-07-13,44.885,45.475,44.672,45.349,244370,0
2016-07-14,45.397,45.625,44.121,44.672,175290,0
2016-07-15,45.001,45.01,44.438,44.73,132848,0
2016-07-18,44.875,45.34,44.585,45.301,85741,0
2016-07-19,45.146,45.32,44.294,44.508,81241,0
2016-07-20,44.508,44.991,44.333,44.73,62828,0
2016-07-21,44.797,45.252,44.188,44.45,66619,0
2016-07-22,44.285,44.604,43.955,44.585,101324,0
2016-07-25,44.323,44.895,44.265,44.575,72182,0
2016-07-26,44.575,45.088,44.546,44.691,134180,0
2016-07-27,44.972,45.543,44.749,45.184,137982,0
2016-07-28,45.252,45.62,44.991,45.243,78429,0
2016-07-29,45.272,45.397,44.536,44.653,176988,0
2016-08-01,44.739,45.387,44.279,45.291,154868,0
2016-08-02,45.078,45.194,44.43,44.759,115979,0
2016-08-03,44.643,45.349,44.488,45.01,143044,0
2016-08-04,45.01,45.204,44.587,44.787,107074,0
2016-08-05,44.943,45.509,44.943,45.388,151145,0
2016-08-08,45.495,46.443,45.495,45.756,95724,0
2016-08-09,45.93,46.298,45.678,45.852,100306,0
2016-08-10,45.804,45.969,45.108,45.214,75616,0
2016-08-11,45.455,45.766,45.108,45.117,87859,0
2016-08-12,45.068,45.523,44.604,45.02,64303,0
2016-08-15,45.117,45.514,45.078,45.301,53872,0
2016-08-16,45.136,45.349,44.701,44.807,98075,0
2016-08-17,44.953,45.117,44.053,44.508,138582,0
2016-08-18,44.43,45.959,44.333,45.959,85249,0
2016-08-19,46.153,46.424,45.746,46.008,120278,0
2016-08-22,46.008,46.407,45.794,46.376,93103,0
2016-08-23,46.52,47.091,46.037,46.975,102907,0
2016-08-24,46.907,47.188,46.467,47.024,119207,0
2016-08-25,47.188,47.634,47.034,47.479,89551,0
2016-08-26,47.363,47.702,47.198,47.343,111909,0
2016-08-29,47.276,47.411,46.763,46.995,123895,0
2016-08-30,47.14,47.14,46.637,46.743,77793,0
2016-08-31,46.56,46.635,45.669,46.279,111867,0
2016-09-01,46.279,46.724,45.794,46.482,54601,0
2016-09-02,46.424,47.285,46.163,47.178,94474,0
2016-09-06,47.44,47.583,46.782,47.295,96443,0
2016-09-07,48.398,51.593,47.819,51.021,728770,0
2016-09-08,51.07,51.52,50.913,51.38,324276,0
2016-09-09,50.993,51.341,49.813,49.938,218627,0
2016-09-12,49.627,50.47,49.627,50.335,211734,0
2016-09-13,50.179,50.566,49.84,50.034,162046,0
2016-09-14,50.16,50.925,50.102,50.606,290766,0
2016-09-15,50.828,52.454,50.669,52.173,375619,0
2016-09-16,52.347,53.306,52.145,53.296,445994,0
2016-09-19,53.635,54.874,53.344,54.632,589948,0
2016-09-20,54.69,55.145,54.594,54.845,628618,0
2016-09-21,55.077,55.388,54.71,55.126,242305,0
2016-09-22,55.107,55.842,54.951,55.542,356745,0
2016-09-23,55.629,55.629,54.671,55.049,227930,0
2016-09-26,54.768,55.726,54.642,55.474,291590,0
2016-09-27,55.474,56.171,55.261,56.142,204772,0
2016-09-28,55.735,56.525,55.416,56.2,375762,0
2016-09-29,55.91,56.074,55.03,56.036,271540,0
2016-09-30,56.064,57.507,55.978,57.294,398966,0
2016-10-03,57.294,57.468,56.672,57.033,304406,0
2016-10-04,57.275,57.623,56.152,56.83,274126,0
2016-10-05,56.849,57.222,56.471,56.878,293778,0
2016-10-06,56.578,58.166,55.9,57.556,271282,0
2016-10-07,57.565,57.807,55.426,55.532,251882,0
2016-10-10,55.823,56.81,55.552,56.094,196117,0
2016-10-11,56.094,56.094,55.436,55.532,292965,0
2016-10-12,55.677,56.616,55.552,55.939,203293,0
2016-10-13,55.659,55.9,54.981,55.532,328193,0
2016-10-14,54.872,55.444,53.907,54.124,245369,0
2016-10-17,54.183,55.119,53.887,54.872,219310,0
2016-10-18,55.365,55.956,55.217,55.513,178663,0
2016-10-19,55.956,56.104,55.414,55.71,137062,0
2016-10-20,55.759,55.808,54.084,54.084,253018,0
2016-10-21,53.838,55.168,53.198,54.823,144763,0
2016-10-24,55.119,55.759,54.971,54.971,99102,0
2016-10-25,55.365,55.365,54.675,54.725,135422,0
2016-10-26,54.331,55.069,54.183,54.528,121769,0
2016-10-27,54.675,54.774,54.257,54.331,145957,0
2016-10-28,54.38,54.922,54.232,54.626,136360,0
2016-10-31,55.02,56.055,54.774,56.005,216556,0
2016-11-01,56.055,56.391,54.232,54.528,126604,0
2016-11-02,54.626,54.675,53.592,53.69,120266,0
2016-11-03,53.641,54.331,53.198,53.986,99574,0
2016-11-04,53.936,54.922,53.493,54.429,108966,0
2016-11-07,55.463,55.71,54.331,54.528,156587,0
2016-11-08,54.577,55.045,54.232,54.675,150081,0
2016-11-09,53.764,55.807,53.641,55.414,310557,0
2016-11-10,56.35,58.419,55.992,57.926,311915,0
2016-11-11,58.419,58.419,56.99,57.483,214907,0
2016-11-14,59.601,61.67,58.074,61.522,518608,0
2016-11-15,61.916,62.113,60.192,61.029,243265,0
2016-11-16,60.635,60.931,59.7,59.798,189757,0
2016-11-17,60.34,61.818,60.217,61.768,228642,0
2016-11-18,62.212,62.359,61.227,61.276,174270,0
2016-11-21,61.719,62.064,60.931,61.768,147288,0
2016-11-22,61.719,61.916,60.734,61.719,235903,0
2016-11-23,61.867,64.175,61.867,63.886,195168,0
2016-11-25,64.379,65.463,63.64,65.315,157847,0
2016-11-28,65.315,65.315,63.197,64.034,204791,0
2016-11-29,64.034,64.477,63.295,63.542,335983,0
2016-11-30,64.034,64.034,59.404,59.552,476505,0
2016-12-01,59.995,61.227,59.305,61.177,207805,0
2016-12-02,61.079,61.867,60.645,61.128,141579,0
2016-12-05,61.621,64.133,61.424,63.886,205613,0
2016-12-06,64.33,65.561,63.575,64.773,277344,0
2016-12-07,66.743,69.684,65.61,69.108,607532,0
2016-12-08,67.482,69.847,65.537,69.206,386728,0
2016-12-09,69.748,72.26,69.403,70.93,315005,0
2016-12-12,70.881,71.768,70.241,70.733,324598,0
2016-12-13,71.472,72.063,69.07,71.817,295725,0
2016-12-14,72.063,72.851,70.142,70.339,166176,0
2016-12-15,70.339,70.733,69.452,69.847,192868,0
2016-12-16,69.945,70.117,68.467,68.615,274410,0
2016-12-19,69.206,73.344,69.157,72.802,344179,0
2016-12-20,73.689,74.181,72.212,73.984,327977,0
2016-12-21,74.083,74.23,72.211,72.753,370678,0
2016-12-22,72.753,73.147,71.078,71.275,158650,0
2016-12-23,71.324,72.014,70.832,71.226,103978,0
2016-12-27,71.423,72.309,71.373,71.669,93473,0
2016-12-28,71.915,71.915,69.795,70.487,116409,0
2016-12-29,70.438,71.472,70.241,70.881,136058,0
2016-12-30,71.029,71.029,69.187,69.502,136152,0
2017-01-03,70.881,71.423,68.566,69.206,276464,0
2017-01-04,70.782,72.802,70.388,72.457,293276,0
2017-01-05,72.211,72.408,69.994,70.684,177350,0
2017-01-06,70.93,72.309,69.995,72.211,201785,0
2017-01-09,72.162,72.162,68.418,69.009,490237,0
2017-01-10,69.009,69.502,67.827,68.32,275773,0
2017-01-11,68.369,69.502,67.827,69.305,291168,0
2017-01-12,69.354,69.551,67.876,69.108,116509,0
2017-01-13,69.157,69.994,69.157,69.649,97854,0
2017-01-17,69.797,69.797,68.418,68.812,123284,0
2017-01-18,68.812,70.29,68.263,70.29,207710,0
2017-01-19,70.388,70.733,69.305,69.403,247039,0
2017-01-20,69.748,69.994,68.96,69.157,246138,0
2017-01-23,69.255,69.896,68.812,69.699,140773,0
2017-01-24,69.896,71.373,69.551,70.782,201275,0
2017-01-25,71.571,75.56,71.226,74.575,363190,0
2017-01-26,75.068,75.265,73.344,73.886,233396,0
2017-01-27,73.886,73.886,72.26,73.393,92746,0
2017-01-30,72.753,72.851,71.521,72.359,149521,0
2017-01-31,71.965,72.753,71.526,72.654,96350,0
2017-02-01,73.196,73.935,71.447,71.915,118248,0
2017-02-02,71.669,71.669,68.517,69.748,244355,0
2017-02-03,70.191,71.915,70.191,71.817,145471,0
2017-02-06,71.915,72.235,71.226,72.112,127088,0
2017-02-07,72.506,73.689,72.162,72.802,147377,0
2017-02-08,72.654,72.654,70.29,70.782,165472,0
2017-02-09,71.127,72.26,70.93,71.571,133868,0
2017-02-10,71.817,73.442,71.62,73.393,129647,0
2017-02-13,73.541,73.664,68.714,68.96,318717,0
2017-02-14,68.517,68.664,63.886,68.123,495738,0
2017-02-15,68.024,69.108,66.448,67.925,334862,0
2017-02-16,67.728,70.339,67.728,70.191,190285,0
2017-02-17,69.994,70.241,69.157,70.142,141481,0
2017-02-21,70.191,71.423,70.093,71.176,126066,0
2017-02-22,71.078,71.817,70.684,70.979,124639,0
2017-02-23,71.176,71.176,67.384,67.531,151494,0
2017-02-24,67.137,69.108,67.137,68.861,128585,0
2017-02-27,68.911,70.093,68.093,69.157,199475,0
2017-02-28,69.058,69.502,67.679,67.876,185094,0
2017-03-01,69.541,71.62,68.96,69.748,248362,0
2017-03-02,69.748,70.827,69.649,69.699,107205,0
2017-03-03,69.847,70.979,69.748,70.979,145048,0
2017-03-06,70.339,70.339,68.911,69.452,129588,0
2017-03-07,69.305,70.29,68.96,69.748,116366,0
2017-03-08,70.142,70.482,68.369,68.418,85085,0
2017-03-09,68.369,68.369,66.201,66.349,135199,0
2017-03-10,67.039,67.581,66.103,66.94,167022,0
2017-03-13,66.99,67.876,66.694,66.94,85502,0
2017-03-14,66.645,67.029,65.091,66.743,93561,0
2017-03-15,67.137,67.778,66.399,67.482,83640,0
2017-03-16,67.778,67.854,66.201,66.448,97647,0
2017-03-17,66.793,67.334,66.103,66.201,201070,0
2017-03-20,66.251,66.251,64.625,65.364,134632,0
2017-03-21,65.364,65.364,62.704,62.901,247954,0
2017-03-22,62.753,63.556,61.67,63.098,241274,0
2017-03-23,63.098,64.625,63.098,63.936,95092,0
2017-03-24,64.133,64.477,63.098,63.64,79635,0
2017-03-27,62.606,63.591,61.916,63.492,89418,0
2017-03-28,63.197,64.379,62.901,64.231,92757,0
2017-03-29,64.083,64.379,63.443,63.64,90836,0
2017-03-30,63.591,65.069,63.175,64.872,96782,0
2017-03-31,64.625,65.807,64.231,65.167,114843,0
2017-04-03,65.167,66.004,63.148,63.64,110241,0
2017-04-04,63.345,64.551,63.197,63.689,104104,0
2017-04-05,64.477,65.807,63.64,64.675,209899,0
2017-04-06,64.724,64.872,61.984,63.295,215677,0
2017-04-07,63.098,64.428,62.359,63.0,232741,0
2017-04-10,63.0,64.847,63.0,63.394,143712,0
2017-04-11,68.024,71.62,67.482,69.354,603307,0
2017-04-12,68.714,68.714,63.172,63.542,431653,0
2017-04-13,63.443,65.167,63.394,63.886,226240,0
2017-04-17,64.28,64.773,63.492,64.182,217484,0
2017-04-18,63.837,65.364,63.64,65.167,146379,0
2017-04-19,65.807,66.004,64.28,64.675,210374,0
2017-04-20,65.019,65.881,64.404,65.61,236657,0
2017-04-21,65.66,65.709,64.724,64.724,266461,0
2017-04-24,65.61,66.251,65.069,65.069,203632,0
2017-04-25,65.463,67.679,65.463,67.236,156029,0
2017-04-26,67.433,67.975,66.251,66.349,192891,0
2017-04-27,66.3,66.891,65.857,66.694,140037,0
2017-04-28,66.694,66.99,65.512,65.857,171132,0
2017-05-01,66.3,69.305,65.758,67.285,266924,0
2017-05-02,67.236,68.32,66.546,68.073,248785,0
2017-05-03,67.827,68.172,66.645,67.137,132027,0
2017-05-04,67.482,67.581,66.497,67.137,87036,0
2017-05-05,67.433,68.221,66.349,68.172,105461,0
2017-05-08,68.123,68.861,67.728,68.418,200350,0
2017-05-09,68.467,69.305,67.876,68.615,130910,0
2017-05-10,68.615,70.191,67.876,69.699,211619,0
2017-05-11,69.452,71.053,68.463,70.979,234377,0
2017-05-12,70.585,70.585,68.615,68.861,104979,0
2017-05-15,68.911,70.241,68.731,69.403,95244,0
2017-05-16,69.452,69.649,67.975,69.255,65792,0
2017-05-17,67.876,68.27,66.251,66.349,104785,0
2017-05-18,66.152,66.94,65.709,66.448,83025,0
2017-05-19,66.743,67.384,65.709,66.152,207599,0
2017-05-22,66.497,66.546,62.31,62.704,259960,0
2017-05-23,62.753,62.753,60.783,62.064,190179,0
2017-05-24,62.064,62.212,61.227,61.571,183210,0
2017-05-25,61.867,62.064,59.798,60.192,211131,0
2017-05-26,59.847,60.463,59.207,59.897,223012,0
2017-05-30,59.108,60.143,59.108,59.65,191047,0
2017-05-31,59.798,60.094,57.902,58.173,412068,0
2017-06-01,58.37,60.783,58.173,60.685,349252,0
2017-06-02,60.734,61.25,59.946,60.832,262364,0
2017-06-05,60.783,61.621,60.044,60.094,129787,0
2017-06-06,59.404,60.537,59.256,59.749,121928,0
2017-06-07,59.897,61.473,59.798,60.537,236012,0
2017-06-08,63.542,63.739,56.055,57.828,482442,0
2017-06-09,58.074,64.576,58.074,63.788,424369,0
2017-06-12,63.886,64.231,60.365,61.374,356955,0
2017-06-13,61.719,62.852,61.571,62.704,202593,0
2017-06-14,62.704,62.753,59.65,60.586,164243,0
2017-06-15,59.946,61.325,59.798,60.537,114075,0
2017-06-16,60.143,60.734,59.7,60.143,120705,0
2017-06-19,60.143,60.98,59.995,60.685,78437,0
2017-06-20,60.389,60.685,59.897,60.438,82736,0
2017-06-21,60.537,61.029,58.616,58.714,81329,0
2017-06-22,58.714,59.65,58.665,59.158,69033,0
2017-06-23,59.207,59.995,58.764,59.798,154690,0
2017-06-26,60.094,61.473,59.466,60.882,144555,0
2017-06-27,61.276,61.768,60.291,60.586,109842,0
2017-06-28,61.177,61.842,60.734,61.029,80623,0
2017-06-29,61.128,61.128,58.862,59.503,123533,0
2017-06-30,59.897,59.897,58.813,59.108,166800,0
2017-07-03,59.404,60.931,59.256,60.734,55911,0
2017-07-05,60.98,60.98,59.059,59.897,70524,0
2017-07-06,59.503,59.783,57.976,58.419,124215,0
2017-07-07,58.616,60.143,58.074,59.995,116335,0
2017-07-10,59.897,60.291,59.453,59.7,110767,0
2017-07-11,59.65,60.537,58.911,60.438,112444,0
2017-07-12,60.832,61.965,60.832,61.67,149214,0
2017-07-13,61.67,61.818,60.635,61.177,151727,0
2017-07-14,61.374,61.867,60.635,61.522,94798,0
2017-07-17,61.768,63.197,61.768,63.098,161855,0
2017-07-18,63.049,63.148,61.522,61.818,114298,0
2017-07-19,62.113,63.148,61.719,63.148,309280,0
2017-07-20,63.098,63.098,61.645,62.458,110095,0
2017-07-21,62.606,63.049,61.867,62.162,131778,0
2017-07-24,61.867,63.246,61.522,63.148,135676,0
2017-07-25,63.542,63.936,63.0,63.345,106762,0
2017-07-26,63.591,63.591,62.409,63.295,174986,0
2017-07-27,63.837,65.315,63.492,64.231,240997,0
2017-07-28,63.985,64.034,62.655,63.394,86489,0
2017-07-31,63.492,63.788,62.901,63.492,123829,0
2017-08-01,63.739,65.019,63.443,65.019,133676,0
2017-08-02,64.921,65.561,64.33,64.773,136329,0
2017-08-03,64.822,65.463,63.936,64.97,102875,0
2017-08-04,65.315,65.61,64.28,64.379,103410,0
2017-08-07,64.428,64.872,63.936,64.872,115256,0
2017-08-08,64.872,65.61,64.477,64.576,95141,0
2017-08-09,64.33,64.33,63.049,63.295,97152,0
2017-08-10,62.704,62.951,60.044,60.044,114716,0
2017-08-11,59.552,60.291,59.355,59.552,92755,0
2017-08-14,59.946,61.128,59.946,61.079,94459,0
2017-08-15,61.029,61.029,59.355,59.946,94378,0
2017-08-16,60.094,60.438,59.256,59.995,62086,0
2017-08-17,59.798,60.685,58.912,59.65,93626,0
2017-08-18,59.108,59.749,59.01,59.305,85047,0
2017-08-21,59.256,59.478,58.665,59.059,64101,0
2017-08-22,59.059,59.798,58.714,59.7,72404,0
2017-08-23,59.158,59.836,57.976,58.616,90321,0
2017-08-24,58.961,59.059,57.779,58.074,84031,0
2017-08-25,58.32,58.517,57.384,58.271,76000,0
2017-08-28,58.468,58.813,57.976,58.567,87855,0
2017-08-29,58.173,61.227,58.173,61.227,170246,0
2017-08-30,60.931,62.358,60.882,61.867,149432,0
2017-08-31,62.113,62.556,61.424,62.409,104547,0
2017-09-01,62.753,63.295,62.507,63.197,74999,0
2017-09-05,63.197,63.492,62.064,62.261,190325,0
2017-09-06,62.507,62.507,61.276,62.409,83795,0
2017-09-07,62.409,62.409,61.128,61.67,146599,0
2017-09-08,65.906,66.546,60.783,61.621,302420,0
2017-09-11,62.113,62.113,58.517,59.798,262958,0
2017-09-12,59.946,61.473,59.946,60.438,121616,0
2017-09-13,60.389,60.389,59.65,60.094,117111,0
2017-09-14,60.094,60.291,59.207,59.552,98871,0
2017-09-15,60.094,61.219,58.961,60.438,251992,0
2017-09-18,60.488,61.325,59.575,60.783,145970,0
2017-09-19,60.783,63.0,60.734,62.507,144374,0
2017-09-20,62.901,63.788,62.359,63.591,112833,0
2017-09-21,64.083,64.773,63.345,63.345,133769,0
2017-09-22,63.295,63.985,62.409,63.689,103652,0
2017-09-25,63.936,64.034,62.704,63.049,106272,0
2017-09-26,63.049,65.019,62.803,63.886,166328,0
2017-09-27,64.083,65.896,63.837,65.266,143577,0
2017-09-28,65.216,66.054,64.753,65.955,134161,0
2017-09-29,66.103,66.3,65.561,66.251,96873,0
2017-10-02,66.251,67.827,66.004,66.94,142228,0
2017-10-03,66.99,67.334,66.004,66.99,151480,0
2017-10-04,66.99,67.137,66.399,66.448,112200,0
2017-10-05,66.645,66.793,65.906,66.3,95373,0
2017-10-06,66.004,67.187,65.463,67.039,156806,0
2017-10-09,67.334,67.531,66.004,66.201,97947,0
2017-10-10,66.201,66.546,64.355,65.807,157752,0
2017-10-11,65.807,66.004,64.97,65.069,94250,0
2017-10-12,64.822,65.512,64.231,65.266,105078,0
2017-10-13,65.61,66.029,64.822,65.758,102662,0
2017-10-16,66.201,67.039,65.807,66.152,164317,0
2017-10-17,66.152,66.251,64.822,64.97,141152,0
2017-10-18,65.266,66.448,65.093,66.3,168320,0
2017-10-19,66.2,66.7625,65.0,66.6,150956,0
2017-10-20,67.0,68.2,66.75,67.65,182730,0
2017-10-23,67.75,68.0012,66.2698,66.5,109676,0
2017-10-24,66.75,66.85,65.85,66.4,101845,0
2017-10-25,66.45,67.5,66.0,67.2,140368,0
2017-10-26,67.8,69.65,67.5062,69.6,161229,0
2017-10-27,69.65,69.95,68.45,68.5,117516,0
2017-10-30,68.7,68.7,67.55,68.0,90154,0
2017-10-31,68.6,69.15,68.3,68.75,194708,0
2017-11-01,69.3,69.3,68.0,68.9,170982,0
2017-11-02,68.6,68.6,67.25,67.9,123538,0
2017-11-03,68.0,68.3,67.25,67.25,108830,0
2017-11-06,67.4,68.75,67.2,68.55,86223,0
2017-11-07,68.35,68.35,66.45,67.55,136653,0
2017-11-08,67.45,67.55,65.75,67.2,129049,0
2017-11-09,66.5,67.0,66.05,67.0,64336,0
2017-11-10,67.0,67.6114,66.7,66.8,87340,0
