Date,Open,High,Low,Close,Volume,OpenInt
2014-01-02,13.78,13.97,13.53,13.55,20446,0
2014-01-03,13.55,14.01,13.55,13.96,78424,0
2014-01-06,14.04,15.21,13.89,14.83,141900,0
2014-01-07,14.84,15.32,14.84,15.18,107700,0
2014-01-08,15.15,15.5,15.0,15.19,125900,0
2014-01-09,15.29,15.29,14.84,14.86,53000,0
2014-01-10,14.81,14.95,14.49,14.58,39300,0
2014-01-13,14.59,14.76,14.44,14.55,58600,0
2014-01-14,14.6,14.79,14.55,14.68,60900,0
2014-01-15,14.71,14.89,14.67,14.76,20800,0
2014-01-16,14.69,14.75,14.68,14.75,24071,0
2014-01-17,14.79,14.79,14.31,14.45,35800,0
2014-01-21,14.48,14.5,14.18,14.35,27200,0
2014-01-22,14.31,14.46,14.22,14.29,16300,0
2014-01-23,14.32,14.46,14.32,14.46,51100,0
2014-01-24,14.34,14.49,14.05,14.11,73400,0
2014-01-27,14.15,14.17,13.42,13.54,40800,0
2014-01-28,13.6,13.65,13.2,13.62,51000,0
2014-01-29,13.46,13.6,13.45,13.51,36600,0
2014-01-30,13.63,13.98,13.51,13.85,62100,0
2014-01-31,12.77,13.32,12.0,13.1,82700,0
2014-02-03,13.1,13.11,12.8,12.81,89492,0
2014-02-04,12.56,13.1,12.56,13.0,111735,0
2014-02-05,13.01,13.01,12.57,12.76,40195,0
2014-02-06,12.84,13.02,12.59,12.87,41899,0
2014-02-07,12.9,13.28,12.87,13.23,68180,0
2014-02-10,13.1,13.35,12.91,13.29,32467,0
2014-02-11,13.34,13.48,13.24,13.39,18829,0
2014-02-12,13.43,13.43,13.1,13.26,28033,0
2014-02-13,13.2,13.36,13.15,13.33,38048,0
2014-02-14,13.33,13.33,13.15,13.3,25768,0
2014-02-18,13.24,13.4,13.15,13.29,22496,0
2014-02-19,13.25,13.39,13.08,13.26,29128,0
2014-02-20,12.994,13.63,12.994,13.56,16546,0
2014-02-21,13.63,14.06,13.56,13.93,34929,0
2014-02-24,14.0,14.32,13.8,13.94,38474,0
2014-02-25,13.75,13.86,13.71,13.84,18137,0
2014-02-26,13.87,14.3,13.85,14.24,29630,0
2014-02-27,14.15,14.64,14.15,14.45,18939,0
2014-02-28,14.5,14.9,14.306,14.52,48445,0
2014-03-03,14.43,14.9,14.12,14.31,20757,0
2014-03-04,14.87,14.87,14.29,14.65,96018,0
2014-03-05,14.55,14.75,14.36,14.41,31076,0
2014-03-06,14.39,14.53,14.37,14.47,9848,0
2014-03-07,14.4,14.91,14.4,14.75,45470,0
2014-03-10,14.69,15.14,14.69,15.01,39902,0
2014-03-11,15.07,15.2,14.74,14.77,21774,0
2014-03-12,14.73,15.25,14.71,15.25,27679,0
2014-03-13,15.3,15.3,14.235,14.37,53201,0
2014-03-14,14.28,14.72,14.28,14.68,15871,0
2014-03-17,14.71,14.92,14.55,14.86,36840,0
2014-03-18,14.9,15.08,14.89,15.08,45369,0
2014-03-19,15.01,15.04,14.45,14.61,25741,0
2014-03-20,14.52,14.87,14.5,14.57,25709,0
2014-03-21,14.6,14.66,14.11,14.14,180277,0
2014-03-24,14.22,14.22,13.65,13.84,45871,0
2014-03-25,13.85,13.97,13.8,13.85,52215,0
2014-03-26,13.91,13.91,13.59,13.6,54000,0
2014-03-27,13.66,13.66,13.27,13.5,38063,0
2014-03-28,13.47,13.97,13.09,13.21,24399,0
2014-03-31,13.01,13.66,12.96,13.4,62637,0
2014-04-01,13.49,13.525,13.25,13.5,48061,0
2014-04-02,13.5,13.59,13.38,13.48,14886,0
2014-04-03,13.51,13.565,13.03,13.07,93300,0
2014-04-04,13.2,13.2,12.61,12.63,76810,0
2014-04-07,12.53,12.54,12.3,12.39,180674,0
2014-04-08,12.4,12.6,12.32,12.5,35425,0
2014-04-09,12.72,12.84,12.52,12.81,29160,0
2014-04-10,12.74,12.74,12.4,12.44,40639,0
2014-04-11,12.34,12.58,12.27,12.28,31018,0
2014-04-14,12.31,12.46,12.06,12.18,31229,0
2014-04-15,12.26,12.29,11.93,12.17,29738,0
2014-04-16,12.22,12.34,12.17,12.31,14754,0
2014-04-17,12.24,12.77,12.19,12.67,21141,0
2014-04-21,12.63,12.64,12.479,12.51,12909,0
2014-04-22,12.57,12.6,12.45,12.48,18584,0
2014-04-23,12.41,12.44,12.05,12.24,29131,0
2014-04-24,12.23,12.33,12.08,12.19,28308,0
2014-04-25,12.1,12.245,12.0,12.02,37808,0
2014-04-28,11.98,12.35,11.89,12.21,52099,0
2014-04-29,12.34,12.93,12.24,12.85,56093,0
2014-04-30,12.8,12.8,12.38,12.54,29830,0
2014-05-01,12.46,12.46,12.1,12.25,48682,0
2014-05-02,12.3,12.33,12.15,12.17,29857,0
2014-05-05,12.15,12.29,12.04,12.23,26677,0
2014-05-06,12.21,12.28,12.08,12.15,44690,0
2014-05-07,12.14,12.16,11.96,12.14,37202,0
2014-05-08,12.16,12.6,12.14,12.33,58114,0
2014-05-09,12.25,12.73,12.25,12.69,40183,0
2014-05-12,12.76,13.4,12.76,13.17,24436,0
2014-05-13,13.12,13.19,13.0,13.0,56841,0
2014-05-14,12.98,12.99,12.55,12.57,43717,0
2014-05-15,13.31,13.31,12.6,12.63,47549,0
2014-05-16,12.6,12.88,12.58,12.86,27835,0
2014-05-19,12.86,13.32,12.8,13.24,49737,0
2014-05-20,13.11,13.19,12.95,13.01,57499,0
2014-05-21,13.03,13.37,12.76,13.25,50895,0
2014-05-22,13.22,13.92,13.22,13.83,64612,0
2014-05-23,13.86,14.3,13.6,14.24,38127,0
2014-05-27,14.4,15.02,14.35,14.875,93257,0
2014-05-28,14.76,14.77,14.6,14.61,53556,0
2014-05-29,14.61,14.76,14.51,14.64,33205,0
2014-05-30,14.71,14.71,14.49,14.51,70885,0
2014-06-02,14.43,14.69,14.35,14.67,70921,0
2014-06-03,14.63,14.67,14.3,14.43,112696,0
2014-06-04,14.35,14.51,14.28,14.47,41877,0
2014-06-05,14.49,14.95,14.26,14.73,120117,0
2014-06-06,14.86,14.925,14.56,14.6,52802,0
2014-06-09,14.55,14.75,14.52,14.56,35043,0
2014-06-10,14.56,14.6,14.45,14.52,112500,0
2014-06-11,14.57,14.71,14.32,14.45,31155,0
2014-06-12,14.41,14.5,14.18,14.39,26554,0
2014-06-13,14.46,14.49,14.27,14.31,31486,0
2014-06-16,14.27,14.27,13.93,14.16,23936,0
2014-06-17,14.13,14.47,13.78,13.9,150636,0
2014-06-18,13.95,14.03,13.69,13.96,65626,0
2014-06-19,14.06,14.12,13.9,13.95,39945,0
2014-06-20,13.95,13.99,13.8,13.84,111686,0
2014-06-23,13.84,13.84,13.75,13.78,185786,0
2014-06-24,13.75,13.98,13.75,13.9,220503,0
2014-06-25,13.9,14.19,13.835,14.09,50554,0
2014-06-26,14.1,14.11,13.97,14.0,60842,0
2014-06-27,14.0,14.12,13.98,14.03,86984,0
2014-06-30,13.95,14.17,13.93,14.08,32293,0
2014-07-01,14.16,14.47,13.98,14.0,69887,0
2014-07-02,14.01,14.24,13.95,14.09,33300,0
2014-07-03,14.1,14.52,14.05,14.37,22217,0
2014-07-07,14.28,14.39,14.0,14.01,28725,0
2014-07-08,13.94,14.12,13.75,14.02,70150,0
2014-07-09,14.01,14.08,13.95,14.01,27375,0
2014-07-10,13.71,13.9,13.64,13.76,35970,0
2014-07-11,13.71,13.8,13.645,13.75,21304,0
2014-07-14,13.88,13.88,13.7,13.76,19640,0
2014-07-15,13.79,13.79,13.5,13.6,30044,0
2014-07-16,13.64,13.64,13.45,13.46,34811,0
2014-07-17,13.45,13.48,13.3,13.32,62561,0
2014-07-18,13.28,13.53,13.28,13.51,34304,0
2014-07-21,13.4,13.51,13.25,13.27,12929,0
2014-07-22,13.33,13.431,13.25,13.32,26073,0
2014-07-23,13.31,13.4,13.2,13.23,61525,0
2014-07-24,13.37,13.37,13.2,13.33,21072,0
2014-07-25,13.28,13.3,13.15,13.25,31401,0
2014-07-28,13.24,13.25,13.15,13.16,50798,0
2014-07-29,13.17,13.3,13.15,13.23,143004,0
2014-07-30,13.35,13.524,13.21,13.46,133100,0
2014-07-31,13.32,13.46,13.15,13.15,274093,0
2014-08-01,13.19,13.25,12.88,13.2,60168,0
2014-08-04,13.22,13.32,13.03,13.21,42105,0
2014-08-05,13.24,13.31,13.05,13.2,36368,0
2014-08-06,13.25,13.54,13.23,13.34,17094,0
2014-08-07,12.35,12.92,12.12,12.56,281470,0
2014-08-08,12.56,12.56,12.21,12.36,80075,0
2014-08-11,12.46,12.47,12.26,12.39,36189,0
2014-08-12,12.29,12.39,12.2,12.38,91750,0
2014-08-13,12.38,12.52,12.31,12.5,25523,0
2014-08-14,12.55,12.55,12.42,12.45,17370,0
2014-08-15,12.58,12.72,12.37,12.7,45647,0
2014-08-18,12.75,12.9,12.68,12.87,27346,0
2014-08-19,12.87,12.95,12.77,12.85,16943,0
2014-08-20,12.74,12.81,12.565,12.59,27917,0
2014-08-21,12.58,12.58,12.33,12.36,56971,0
2014-08-22,12.34,12.44,12.24,12.34,26763,0
2014-08-25,12.44,12.51,12.28,12.39,20547,0
2014-08-26,12.35,12.54,12.34,12.51,25361,0
2014-08-27,12.56,12.56,12.43,12.5,17436,0
2014-08-28,12.45,12.45,12.35,12.45,33679,0
2014-08-29,12.55,12.66,12.45,12.48,62969,0
2014-09-02,12.56,12.56,12.45,12.55,33337,0
2014-09-03,12.61,12.62,12.49,12.5,16957,0
2014-09-04,12.71,12.71,12.38,12.38,26207,0
2014-09-05,12.33,12.55,12.25,12.45,55936,0
2014-09-08,12.4,12.54,12.38,12.4,61371,0
2014-09-09,12.35,12.54,12.34,12.4,24091,0
2014-09-10,12.44,12.6,12.4,12.43,21726,0
2014-09-11,12.39,12.57,12.39,12.47,24602,0
2014-09-12,12.51,12.53,12.41,12.47,33826,0
2014-09-15,12.28,12.378,12.15,12.15,40550,0
2014-09-16,12.14,12.15,11.85,11.95,92983,0
2014-09-17,12.0,12.21,11.95,12.08,96594,0
2014-09-18,12.17,12.32,12.1,12.17,48691,0
2014-09-19,12.18,12.18,11.75,12.02,103477,0
2014-09-22,11.95,11.95,11.75,11.85,34530,0
2014-09-23,11.79,11.85,11.58,11.81,71774,0
2014-09-24,11.76,12.02,11.76,11.88,38809,0
2014-09-25,11.92,11.95,11.75,11.9,45648,0
2014-09-26,11.95,12.0,11.88,11.89,79012,0
2014-09-29,11.78,11.96,11.78,11.89,82294,0
2014-09-30,11.92,11.92,11.73,11.73,93098,0
2014-10-01,11.64,11.76,11.48,11.62,153562,0
2014-10-02,11.6,11.76,11.51,11.68,72489,0
2014-10-03,11.53,11.785,11.45,11.46,103823,0
2014-10-06,11.45,11.54,11.45,11.47,72314,0
2014-10-07,11.4,11.41,11.24,11.24,139437,0
2014-10-08,11.26,11.58,11.2,11.5,58377,0
2014-10-09,11.5,11.5,11.2,11.21,65384,0
2014-10-10,11.27,11.44,11.0,11.0,120113,0
2014-10-13,11.05,11.18,11.0,11.03,115461,0
2014-10-14,11.09,11.33,10.8,10.84,76011,0
2014-10-15,10.8,11.04,10.75,10.99,73899,0
2014-10-16,10.85,11.11,10.35,10.405,911198,0
2014-10-17,10.55,10.81,10.45,10.64,200882,0
2014-10-20,10.61,10.805,10.58,10.79,64932,0
2014-10-21,10.87,11.0,10.75,10.99,107316,0
2014-10-22,10.97,11.04,10.64,10.71,86762,0
2014-10-23,10.82,10.9,10.7,10.85,90602,0
2014-10-24,10.91,10.95,10.86,10.88,49070,0
2014-10-27,10.95,10.98,10.79,10.94,76920,0
2014-10-28,10.92,11.3,10.92,11.28,79854,0
2014-10-29,11.23,11.34,11.11,11.14,61917,0
2014-10-30,11.17,11.28,11.06,11.24,61805,0
2014-10-31,11.38,11.64,11.22,11.3,77181,0
2014-11-03,11.28,11.6,11.28,11.41,50799,0
2014-11-04,11.36,11.49,11.22,11.28,45302,0
2014-11-05,11.33,11.4,11.3,11.35,64711,0
2014-11-06,11.42,11.49,11.26,11.35,45393,0
2014-11-07,11.26,11.38,11.24,11.36,55202,0
2014-11-10,11.38,11.57,11.24,11.57,31573,0
2014-11-11,11.54,11.94,11.54,11.83,49860,0
2014-11-12,11.83,12.08,11.81,12.03,68748,0
2014-11-13,12.0,12.12,11.98,12.02,49933,0
2014-11-14,12.06,12.09,11.995,12.03,31402,0
2014-11-17,12.06,12.06,11.945,11.95,26681,0
2014-11-18,12.01,12.08,12.0,12.01,18071,0
2014-11-19,12.04,12.04,11.675,11.72,45398,0
2014-11-20,11.74,11.85,11.65,11.83,30057,0
2014-11-21,11.83,11.99,11.82,11.85,22947,0
2014-11-24,11.79,11.91,11.71,11.91,19342,0
2014-11-25,11.95,12.12,11.86,12.08,21674,0
2014-11-26,12.12,12.35,12.11,12.23,33618,0
2014-11-28,12.34,12.41,12.17,12.28,28044,0
2014-12-01,12.16,12.23,11.86,11.86,20409,0
2014-12-02,11.94,12.18,11.92,12.07,17951,0
2014-12-03,12.15,12.45,11.962,12.3,25887,0
2014-12-04,12.26,12.26,11.98,12.09,21871,0
2014-12-05,12.13,12.36,12.06,12.26,27550,0
2014-12-08,12.27,12.27,11.68,11.81,30211,0
2014-12-09,11.66,11.83,11.65,11.8,43528,0
2014-12-10,11.8,11.8,11.46,11.56,26276,0
2014-12-11,11.57,11.69,11.47,11.53,22903,0
2014-12-12,11.35,11.62,11.27,11.61,36523,0
2014-12-15,11.65,11.75,11.5,11.67,30379,0
2014-12-16,11.55,11.73,11.43,11.54,31922,0
2014-12-17,11.48,11.75,11.44,11.75,36380,0
2014-12-18,11.82,11.84,11.73,11.82,49613,0
2014-12-19,11.72,12.0,11.72,11.96,123128,0
2014-12-22,11.9,12.28,11.88,12.28,22189,0
2014-12-23,12.3,12.58,12.2,12.56,18369,0
2014-12-24,12.61,12.741,12.58,12.65,8534,0
2014-12-26,12.71,12.71,12.58,12.69,10683,0
2014-12-29,12.64,12.65,12.41,12.49,33000,0
2014-12-30,12.55,12.6,12.48,12.48,10368,0
2014-12-31,12.43,12.65,12.36,12.59,24054,0
2015-01-02,12.54,12.542,12.24,12.4,22785,0
2015-01-05,12.37,12.54,12.23,12.33,22965,0
2015-01-06,12.2,12.2,11.96,12.05,25941,0
2015-01-07,12.06,12.11,11.975,12.11,19452,0
2015-01-08,12.15,12.28,12.1,12.21,14025,0
2015-01-09,12.16,12.26,12.11,12.21,18817,0
2015-01-12,12.15,12.23,12.05,12.07,13662,0
2015-01-13,12.14,12.48,11.96,12.16,30685,0
2015-01-14,12.11,12.135,11.91,11.96,41404,0
2015-01-15,11.91,11.92,11.25,11.27,60090,0
2015-01-16,11.3,11.36,11.1,11.36,36421,0
2015-01-20,11.34,11.34,11.09,11.16,33165,0
2015-01-21,11.04,11.09,10.8,10.93,50986,0
2015-01-22,10.92,11.04,10.83,10.97,59141,0
2015-01-23,10.97,10.99,10.86,10.92,18023,0
2015-01-26,10.85,10.99,10.68,10.98,27428,0
2015-01-27,10.86,10.87,10.75,10.77,51514,0
2015-01-28,10.76,10.79,10.64,10.75,55797,0
2015-01-29,10.72,10.74,10.48,10.74,16247,0
2015-01-30,10.62,10.73,10.36,10.38,53922,0
2015-02-02,10.4,10.41,10.17,10.38,29986,0
2015-02-03,10.37,10.78,10.31,10.78,88276,0
2015-02-04,10.45,10.49,9.749,10.22,63277,0
2015-02-05,10.3,10.46,10.23,10.44,27060,0
2015-02-06,10.41,10.73,10.41,10.73,35694,0
2015-02-09,10.73,10.87,10.49,10.51,26552,0
2015-02-10,10.57,10.57,10.21,10.23,39599,0
2015-02-11,10.29,10.38,10.2,10.21,20427,0
2015-02-12,10.29,10.34,10.2,10.22,18455,0
2015-02-13,10.2,10.27,10.0,10.06,91349,0
2015-02-17,10.1,10.1,9.9,10.01,23392,0
2015-02-18,9.93,10.03,9.93,9.98,122363,0
2015-02-19,9.97,10.01,9.93,9.93,29305,0
2015-02-20,9.95,9.95,9.85,9.87,51909,0
2015-02-23,9.8,9.84,9.6,9.62,20647,0
2015-02-24,9.72,9.87,9.64,9.73,21015,0
2015-02-25,9.65,9.94,9.65,9.92,10727,0
2015-02-26,9.87,9.99,9.8,9.84,12722,0
2015-02-27,9.86,9.99,9.8,9.89,29748,0
2015-03-02,9.93,10.0,9.76,9.78,30400,0
2015-03-03,9.7,9.75,9.66,9.66,5900,0
2015-03-04,9.52,9.61,9.23,9.34,30100,0
2015-03-05,9.32,9.34,9.1,9.32,23000,0
2015-03-06,9.28,9.59,9.28,9.38,27900,0
2015-03-09,9.43,9.52,9.39,9.46,9200,0
2015-03-10,9.37,9.4,9.16,9.18,34200,0
2015-03-11,9.21,9.22,9.1,9.14,60000,0
2015-03-12,9.17,9.43,9.15,9.38,21800,0
2015-03-13,9.36,9.44,9.25,9.42,15100,0
2015-03-16,9.56,9.65,9.41,9.58,50900,0
2015-03-17,9.23,9.59,9.23,9.45,40900,0
2015-03-18,9.7,9.7,9.39,9.64,15100,0
2015-03-19,9.64,9.72,9.52,9.65,14400,0
2015-03-20,9.68,9.95,9.68,9.94,61600,0
2015-03-23,9.97,9.97,9.87,9.92,23800,0
2015-03-24,9.91,10.08,9.89,10.01,31900,0
2015-03-25,10.06,10.07,9.9,9.91,28400,0
2015-03-26,9.88,9.92,9.68,9.76,46000,0
2015-03-27,9.73,9.93,9.66,9.93,39100,0
2015-03-30,9.98,10.0,9.78,9.81,53000,0
2015-03-31,9.8,9.92,9.76,9.84,63425,0
2015-04-01,9.8,9.91,9.76,9.9,23900,0
2015-04-02,9.93,10.0,9.63,9.79,35800,0
2015-04-06,9.76,10.0,9.76,9.89,53100,0
2015-04-07,9.89,9.98,9.85,9.93,23118,0
2015-04-08,9.9,10.02,9.9,10.0,22700,0
2015-04-09,10.04,10.15,9.98,10.11,27672,0
2015-04-10,10.11,10.15,10.05,10.11,73700,0
2015-04-13,10.1,10.12,10.08,10.1,27000,0
2015-04-14,10.08,10.12,9.94,9.97,46000,0
2015-04-15,9.97,10.23,9.91,10.13,37895,0
2015-04-16,10.15,10.16,10.01,10.02,27918,0
2015-04-17,9.95,9.95,9.85,9.87,46200,0
2015-04-20,9.99,10.11,9.895,10.07,16324,0
2015-04-21,10.04,10.04,9.98,10.0,19879,0
2015-04-22,9.98,9.985,9.93,9.95,20015,0
2015-04-23,9.99,10.14,9.85,10.02,67900,0
2015-04-24,9.98,10.15,9.98,10.1,65072,0
2015-04-27,10.1,10.16,10.05,10.08,29000,0
2015-04-28,10.11,10.43,10.11,10.31,26960,0
2015-04-29,10.3,10.3,10.0,10.01,15000,0
2015-04-30,9.95,9.97,9.31,9.41,69700,0
2015-05-01,9.4,9.46,9.06,9.08,41900,0
2015-05-04,9.1,9.31,9.1,9.15,31900,0
2015-05-05,9.12,9.16,8.78,8.88,64200,0
2015-05-06,8.73,8.9,8.72,8.75,65832,0
2015-05-07,8.76,9.59,8.75,9.51,84700,0
2015-05-08,9.63,9.73,9.19,9.54,36100,0
2015-05-11,9.59,9.92,9.51,9.85,31000,0
2015-05-12,9.85,9.9,9.6,9.82,27978,0
2015-05-13,9.89,9.89,9.57,9.65,41161,0
2015-05-14,9.81,10.11,9.69,10.0,22000,0
2015-05-15,10.02,10.22,9.92,10.12,28144,0
2015-05-18,10.14,10.21,9.891,10.16,18813,0
2015-05-19,10.15,10.21,9.73,9.78,26879,0
2015-05-20,9.86,9.86,9.69,9.69,15613,0
2015-05-21,9.65,9.72,9.5,9.51,24000,0
2015-05-22,9.45,9.49,9.22,9.35,19100,0
2015-05-26,9.28,9.36,9.09,9.31,28030,0
2015-05-27,9.36,9.73,9.33,9.68,24700,0
2015-05-28,9.69,9.69,9.59,9.67,16932,0
2015-05-29,9.61,9.65,8.99,9.03,140100,0
2015-06-01,9.15,9.4,8.994,9.08,18258,0
2015-06-02,9.01,9.234,9.0,9.12,37497,0
2015-06-03,9.3,9.34,9.12,9.15,22800,0
2015-06-04,9.15,9.18,9.1,9.13,29600,0
2015-06-05,9.13,9.18,9.04,9.15,31200,0
2015-06-08,9.14,9.27,9.13,9.2,58700,0
2015-06-09,9.15,9.28,9.1,9.13,25681,0
2015-06-10,9.24,9.41,9.23,9.29,44783,0
2015-06-11,9.25,9.36,9.16,9.2,44856,0
2015-06-12,9.21,9.32,9.15,9.3,21300,0
2015-06-15,9.2,9.3,9.1,9.26,68000,0
2015-06-16,9.22,9.32,9.22,9.3,18800,0
2015-06-17,9.34,9.37,9.14,9.14,21700,0
2015-06-18,9.23,9.37,9.15,9.32,36100,0
2015-06-19,9.43,10.0,9.24,9.97,157200,0
2015-06-22,9.98,9.98,9.85,9.88,36500,0
2015-06-23,9.94,9.94,9.72,9.75,18454,0
2015-06-24,9.66,9.73,9.33,9.37,29200,0
2015-06-25,9.47,9.47,9.23,9.4,25800,0
2015-06-26,9.44,9.5,9.13,9.15,159000,0
2015-06-29,9.19,9.23,9.0,9.09,84400,0
2015-06-30,9.12,9.22,9.02,9.18,58784,0
2015-07-01,9.27,9.35,9.12,9.21,41200,0
2015-07-02,9.21,9.23,9.11,9.18,16500,0
2015-07-06,9.11,9.2,9.1,9.18,78200,0
2015-07-07,9.13,9.17,9.04,9.11,29400,0
2015-07-08,9.09,9.25,9.06,9.19,26900,0
2015-07-09,9.32,9.32,9.09,9.15,58000,0
2015-07-10,9.23,9.53,9.18,9.32,28100,0
2015-07-13,9.41,9.55,9.38,9.52,24500,0
2015-07-14,9.59,9.79,9.51,9.68,40851,0
2015-07-15,9.69,9.69,9.405,9.52,13017,0
2015-07-16,9.59,9.71,9.49,9.53,19600,0
2015-07-17,9.57,9.6,9.46,9.54,15600,0
2015-07-20,9.38,9.57,9.38,9.5,15700,0
2015-07-21,9.6,9.6,9.27,9.29,6500,0
2015-07-22,9.21,9.31,9.13,9.15,17200,0
2015-07-23,9.24,9.24,9.1,9.17,29000,0
2015-07-24,9.14,9.22,9.03,9.08,23700,0
2015-07-27,9.08,9.08,8.24,8.34,28200,0
2015-07-28,8.38,8.64,8.31,8.4,31100,0
2015-07-29,8.14,8.43,8.14,8.23,21000,0
2015-07-30,8.19,8.24,7.97,8.08,49700,0
2015-07-31,8.11,9.08,8.11,8.47,56400,0
2015-08-03,8.41,8.41,8.16,8.23,16538,0
2015-08-04,8.23,8.39,8.23,8.28,33500,0
2015-08-05,9.01,10.75,9.01,9.89,110700,0
2015-08-06,9.86,10.13,9.2852,9.96,25257,0
2015-08-07,9.9,10.0,9.55,9.77,26200,0
2015-08-10,9.77,9.97,9.72,9.77,71400,0
2015-08-11,9.73,9.775,9.48,9.6,56645,0
2015-08-12,9.51,9.62,9.45,9.57,38700,0
2015-08-13,9.5,9.6,9.32,9.38,12300,0
2015-08-14,9.32,9.74,9.18,9.38,43100,0
2015-08-17,9.38,9.55,9.31,9.53,26800,0
2015-08-18,9.51,9.6,9.44,9.52,23100,0
2015-08-19,9.49,9.54,9.33,9.43,22300,0
2015-08-20,9.34,9.62,9.33,9.52,82600,0
2015-08-21,9.33,9.77,9.33,9.63,40100,0
2015-08-24,9.23,9.5,9.05,9.25,45492,0
2015-08-25,9.55,9.62,9.37,9.41,59400,0
2015-08-26,9.56,9.78,9.46,9.54,61900,0
2015-08-27,9.55,9.82,9.4,9.8,33400,0
2015-08-28,9.76,10.21,9.62,10.21,26900,0
2015-08-31,10.11,10.38,10.11,10.27,55900,0
2015-09-01,10.07,10.59,9.82,10.01,41400,0
2015-09-02,10.16,10.26,9.74,9.89,21800,0
2015-09-03,9.9,9.9,9.45,9.62,39400,0
2015-09-04,9.47,9.67,9.43,9.52,36600,0
2015-09-08,9.65,9.78,9.52,9.56,24100,0
2015-09-09,9.6,9.62,9.25,9.34,48700,0
2015-09-10,9.32,9.6,9.22,9.5,25946,0
2015-09-11,9.65,10.26,9.59,10.23,66600,0
2015-09-14,10.3,10.7,10.29,10.54,55400,0
2015-09-15,10.56,10.99,10.56,10.98,32200,0
2015-09-16,10.96,11.85,10.96,11.48,76900,0
2015-09-17,11.43,12.17,11.43,11.75,72906,0
2015-09-18,11.58,12.0,11.58,12.0,81300,0
2015-09-21,12.0,12.19,11.72,11.79,64400,0
2015-09-22,11.69,11.75,11.44,11.53,34300,0
2015-09-23,11.62,11.63,11.4,11.46,23487,0
2015-09-24,11.46,11.775,11.32,11.57,169041,0
2015-09-25,11.65,11.66,11.38,11.5,46600,0
2015-09-28,11.43,11.64,11.27,11.34,43420,0
2015-09-29,11.35,11.46,10.99,11.14,44200,0
2015-09-30,11.2,11.28,11.05,11.12,60900,0
2015-10-01,11.07,11.16,10.7,10.99,33000,0
2015-10-02,10.94,11.0,10.9,10.94,33000,0
2015-10-05,10.9,11.382,10.9,11.24,70757,0
2015-10-06,11.15,11.38,11.06,11.13,55900,0
2015-10-07,11.15,11.7,11.05,11.58,432302,0
2015-10-08,11.54,11.67,11.4,11.6,83600,0
2015-10-09,11.6,11.8,11.42,11.45,47000,0
2015-10-12,11.51,11.54,11.17,11.39,61299,0
2015-10-13,11.65,11.65,11.35,11.44,35000,0
2015-10-14,11.44,11.5,11.24,11.34,33400,0
2015-10-15,10.71,11.54,10.65,11.37,48600,0
2015-10-16,11.42,11.51,11.06,11.4,21400,0
2015-10-19,11.32,11.48,10.36,11.22,15470,0
2015-10-20,11.22,11.41,11.21,11.23,12700,0
2015-10-21,11.25,11.38,10.88,11.02,17400,0
2015-10-22,11.12,11.59,10.85,11.41,49700,0
2015-10-23,11.46,11.49,11.36,11.47,27200,0
2015-10-26,11.46,11.46,11.29,11.33,15200,0
2015-10-27,11.35,11.39,10.99,11.04,22300,0
2015-10-28,11.11,11.5,11.06,11.43,43300,0
2015-10-29,11.33,11.69,10.65,11.43,22600,0
2015-10-30,11.38,11.44,11.31,11.37,16600,0
2015-11-02,11.31,11.5,11.28,11.44,40894,0
2015-11-03,11.43,11.69,11.38,11.43,57092,0
2015-11-04,11.77,12.56,11.73,12.36,101438,0
2015-11-05,12.41,12.41,10.56,11.98,102900,0
2015-11-06,11.91,12.05,11.81,11.96,58400,0
2015-11-09,11.91,11.98,11.84,11.84,21332,0
2015-11-10,11.87,11.89,11.71,11.84,32900,0
2015-11-11,11.76,11.9,11.63,11.63,11900,0
2015-11-12,11.54,11.54,11.08,11.12,22700,0
2015-11-13,10.99,11.09,10.74,10.75,18300,0
2015-11-16,10.74,10.93,10.72,10.89,17800,0
2015-11-17,10.71,10.95,10.71,10.73,28500,0
2015-11-18,10.71,10.74,10.52,10.63,25700,0
2015-11-19,10.59,10.78,10.37,10.78,15100,0
2015-11-20,10.86,11.07,10.76,11.02,15200,0
2015-11-23,10.95,10.95,10.75,10.84,9800,0
2015-11-24,10.78,10.99,10.61,10.95,15400,0
2015-11-25,10.93,11.13,10.88,11.09,8100,0
2015-11-27,11.05,11.16,10.85,11.01,5600,0
2015-11-30,11.09,11.21,10.9,11.1,30400,0
2015-12-01,11.85,11.85,11.07,11.24,8930,0
2015-12-02,11.27,11.46,11.01,11.37,21972,0
2015-12-03,11.35,11.38,11.07,11.13,15082,0
2015-12-04,11.13,11.25,11.06,11.22,23800,0
2015-12-07,11.31,11.41,10.9,10.92,30800,0
2015-12-08,10.88,10.88,10.61,10.76,5367,0
2015-12-09,10.8,11.0,10.6,10.6,14200,0
2015-12-10,10.63,10.64,10.27,10.59,14300,0
2015-12-11,10.38,11.01,10.38,10.56,34600,0
2015-12-14,10.53,11.1,9.86,10.53,24637,0
2015-12-15,10.52,10.95,9.62,10.86,33300,0
2015-12-16,10.98,10.98,10.31,10.48,23700,0
2015-12-17,10.4,10.44,9.98,10.06,39100,0
2015-12-18,10.05,10.4,10.05,10.25,80800,0
2015-12-21,10.25,10.33,10.08,10.12,12000,0
2015-12-22,10.18,10.29,10.1,10.29,6577,0
2015-12-23,10.33,10.4,10.29,10.39,5500,0
2015-12-24,10.4,10.41,10.33,10.36,11425,0
2015-12-28,10.3,10.39,10.17,10.25,22394,0
2015-12-29,10.39,10.4,10.31,10.35,6896,0
2015-12-30,10.26,10.3,9.87,10.12,7010,0
2015-12-31,10.16,10.19,9.86,9.99,83240,0
2016-01-04,9.89,10.1,9.66,9.74,46436,0
2016-01-05,9.7,9.88,9.64,9.75,29412,0
2016-01-06,9.64,9.65,9.32,9.39,46917,0
2016-01-07,9.28,9.42,8.9,9.19,41022,0
2016-01-08,9.12,9.4,8.65,8.79,236793,0
2016-01-11,8.87,8.87,8.5,8.77,24202,0
2016-01-12,8.89,9.24,8.89,9.2,32820,0
2016-01-13,9.19,9.4,9.0,9.07,32510,0
2016-01-14,9.15,9.55,9.04,9.42,55553,0
2016-01-15,9.14,9.5,9.07,9.34,33044,0
2016-01-19,9.4,9.54,9.36,9.43,53600,0
2016-01-20,9.4,9.74,9.15,9.58,20465,0
2016-01-21,9.67,9.91,9.47,9.65,32957,0
2016-01-22,9.81,10.04,9.75,10.03,26070,0
2016-01-25,10.02,10.02,9.44,9.495,17070,0
2016-01-26,9.54,9.62,9.45,9.62,21488,0
2016-01-27,9.49,9.52,9.25,9.28,18271,0
2016-01-28,9.36,9.46,9.17,9.23,13369,0
2016-01-29,9.29,9.9,9.29,9.9,46587,0
2016-02-01,9.81,9.85,9.42,9.47,20394,0
2016-02-02,9.28,9.39,9.01,9.02,16480,0
2016-02-03,9.9,10.0,9.315,9.87,43144,0
2016-02-04,9.85,9.9,9.57,9.89,37680,0
2016-02-05,9.89,10.84,9.67,9.72,57630,0
2016-02-08,9.69,9.94,9.59,9.9,14988,0
2016-02-09,9.76,10.57,9.76,10.25,36657,0
2016-02-10,10.27,10.6,10.16,10.19,26193,0
2016-02-11,10.0,10.13,9.6,9.81,11038,0
2016-02-12,9.87,10.41,9.14,10.38,24223,0
2016-02-16,10.49,10.64,10.29,10.49,29124,0
2016-02-17,10.57,10.97,10.46,10.59,48270,0
2016-02-18,10.58,10.86,10.35,10.43,17346,0
2016-02-19,10.4,10.76,10.24,10.48,31299,0
2016-02-22,10.6,10.9,10.53,10.6,19443,0
2016-02-23,9.84,11.02,9.84,10.45,20080,0
2016-02-24,10.38,10.75,10.33,10.59,23094,0
2016-02-25,10.35,10.68,10.335,10.5,31108,0
2016-02-26,10.56,10.56,10.3,10.44,15195,0
2016-02-29,10.46,10.59,10.32,10.45,12743,0
2016-03-01,10.55,10.93,10.38,10.67,16312,0
2016-03-02,10.82,10.95,10.12,10.84,27173,0
2016-03-03,10.79,11.19,10.58,11.07,39324,0
2016-03-04,11.03,11.39,11.0,11.28,18249,0
2016-03-07,11.22,11.77,11.22,11.66,22510,0
2016-03-08,11.63,11.68,11.01,11.02,19006,0
2016-03-09,11.04,11.11,10.8,11.1,9026,0
2016-03-10,11.16,11.16,10.59,10.97,14279,0
2016-03-11,11.0,11.08,10.05,11.05,17995,0
2016-03-14,10.73,11.4,10.73,10.9,12946,0
2016-03-15,10.9,10.9,10.4,10.65,11996,0
2016-03-16,10.65,10.81,9.7,10.58,19651,0
2016-03-17,10.42,10.63,10.42,10.59,20628,0
2016-03-18,10.74,10.91,10.39,10.59,101826,0
2016-03-21,10.52,10.635,10.39,10.4,33174,0
2016-03-22,10.39,10.48,10.37,10.38,15930,0
2016-03-23,10.19,10.25,10.05,10.15,44406,0
2016-03-24,10.02,10.18,9.99,10.17,31791,0
2016-03-28,10.14,10.285,9.17,10.15,23458,0
2016-03-29,10.01,10.66,9.83,10.4,54171,0
2016-03-30,10.51,10.79,10.18,10.42,24813,0
2016-03-31,10.86,10.88,10.19,10.21,34093,0
2016-04-01,10.13,10.44,9.98,10.28,31331,0
2016-04-04,10.23,10.4,10.03,10.1,32591,0
2016-04-05,10.04,10.38,9.85,10.13,35841,0
2016-04-06,10.08,10.365,10.07,10.21,23737,0
2016-04-07,10.12,10.27,9.26,9.9,32245,0
2016-04-08,9.99,10.08,9.65,10.03,25238,0
2016-04-11,10.05,10.23,9.13,10.13,6724,0
2016-04-12,10.11,10.34,9.99,10.21,9411,0
2016-04-13,10.23,10.42,10.0,10.36,19459,0
2016-04-14,10.31,10.43,10.16,10.38,72295,0
2016-04-15,10.3,10.63,9.63,10.56,9979,0
2016-04-18,10.52,10.94,10.0,10.81,9161,0
2016-04-19,10.9,11.0,10.0,10.71,10457,0
2016-04-20,10.63,10.77,9.77,10.64,7021,0
2016-04-21,10.52,10.72,10.52,10.66,56590,0
2016-04-22,10.69,10.98,10.11,10.88,20853,0
2016-04-25,10.76,10.97,10.76,10.94,9278,0
2016-04-26,11.1,11.4,11.05,11.19,52949,0
2016-04-27,11.23,11.3,11.01,11.19,12105,0
2016-04-28,11.03,11.1,10.515,10.6,28249,0
2016-04-29,10.62,10.71,10.0,10.68,42713,0
2016-05-02,10.72,11.21,9.84,11.15,35736,0
2016-05-03,11.4,11.4,10.95,11.21,29705,0
2016-05-04,11.18,11.28,11.01,11.04,19521,0
2016-05-05,10.77,11.15,10.77,10.98,12099,0
2016-05-06,11.02,11.3,10.71,10.96,25069,0
2016-05-09,10.99,11.02,10.07,10.86,8264,0
2016-05-10,10.84,11.06,10.84,10.92,9200,0
2016-05-11,10.9,10.93,10.43,10.79,5721,0
2016-05-12,10.46,11.12,10.46,10.75,8598,0
2016-05-13,10.68,11.22,10.16,10.4,18860,0
2016-05-16,10.44,10.73,10.21,10.31,10730,0
2016-05-17,10.34,10.45,9.89,10.01,15780,0
2016-05-18,10.05,10.38,9.85,10.37,13993,0
2016-05-19,10.67,10.67,9.99,10.17,13208,0
2016-05-20,10.25,10.88,9.8,10.8,22850,0
2016-05-23,10.85,10.86,10.29,10.71,18185,0
2016-05-24,10.185,11.35,10.185,11.34,30912,0
2016-05-25,11.48,11.66,11.35,11.66,50463,0
2016-05-26,11.57,11.8,11.54,11.76,23800,0
2016-05-27,11.74,12.15,11.57,11.68,27103,0
2016-05-31,11.78,11.85,11.31,11.73,22306,0
2016-06-01,11.69,11.71,11.43,11.58,14892,0
2016-06-02,11.45,11.56,11.21,11.34,17584,0
2016-06-03,11.38,11.38,10.43,11.25,5644,0
2016-06-06,11.46,11.59,11.0,11.42,14637,0
2016-06-07,11.28,11.5,11.12,11.18,29105,0
2016-06-08,11.22,12.015,11.16,11.53,12897,0
2016-06-09,11.5,11.8,11.48,11.65,19787,0
2016-06-10,11.41,11.74,11.16,11.5501,33478,0
2016-06-13,11.26,11.795,11.1,11.14,61456,0
2016-06-14,11.18,11.34,10.98,11.02,18869,0
2016-06-15,10.61,11.155,10.61,10.93,18336,0
2016-06-16,10.85,10.98,10.6,10.85,35905,0
2016-06-17,10.89,10.89,10.68,10.75,42833,0
2016-06-20,10.9,11.11,10.66,10.68,26371,0
2016-06-21,10.77,10.96,10.26,10.76,12397,0
2016-06-22,10.61,10.79,10.58,10.62,19321,0
2016-06-23,10.7,10.97,10.69,10.96,33956,0
2016-06-24,10.51,10.795,10.135,10.27,27728,0
2016-06-27,10.1,10.36,10.09,10.19,28346,0
2016-06-28,10.31,10.4,9.69,10.25,23901,0
2016-06-29,10.27,10.36,10.15,10.18,14833,0
2016-06-30,10.21,10.53,10.07,10.47,29201,0
2016-07-01,10.04,10.54,10.04,10.28,12816,0
2016-07-05,10.23,10.34,10.08,10.29,14504,0
2016-07-06,10.22,10.54,10.07,10.39,18083,0
2016-07-07,10.28,10.91,10.2,10.8,13961,0
2016-07-08,10.8,11.34,10.62,10.76,66401,0
2016-07-11,10.85,11.1,9.82,11.05,15208,0
2016-07-12,11.19,11.24,10.58,10.99,14100,0
2016-07-13,11.12,11.12,10.58,11.09,22273,0
2016-07-14,11.11,11.27,10.85,11.04,8260,0
2016-07-15,11.14,11.32,10.63,11.23,12049,0
2016-07-18,11.3,11.38,11.08,11.11,16054,0
2016-07-19,11.11,11.11,10.84,10.91,14442,0
2016-07-20,11.09,11.14,10.06,11.07,8080,0
2016-07-21,11.13,11.13,10.82,10.94,8392,0
2016-07-22,11.04,11.05,10.9,11.04,2523,0
2016-07-25,10.97,11.03,10.9,10.92,6812,0
2016-07-26,10.95,11.16,10.9,10.92,13028,0
2016-07-27,10.99,11.61,10.86,11.52,23788,0
2016-07-28,11.48,11.98,11.39,11.57,5355,0
2016-07-29,11.6,11.6303,11.42,11.42,8855,0
2016-08-01,11.51,12.0,11.31,11.36,8404,0
2016-08-02,11.97,11.97,10.88,10.93,44763,0
2016-08-03,11.0,11.0,10.53,10.68,9088,0
2016-08-04,10.23,10.76,10.23,10.55,11446,0
2016-08-05,10.43,10.9,10.43,10.84,11940,0
2016-08-08,10.57,10.93,10.57,10.66,9313,0
2016-08-09,10.61,10.75,10.6,10.68,4366,0
2016-08-10,10.65,10.72,10.39,10.7,7789,0
2016-08-11,10.43,10.73,10.43,10.62,9571,0
2016-08-12,10.22,10.61,10.22,10.61,7326,0
2016-08-15,10.69,10.73,10.33,10.61,8533,0
2016-08-16,10.65,10.83,10.4,10.77,9731,0
2016-08-17,10.8,10.83,10.36,10.42,12381,0
2016-08-18,10.42,10.63,10.39,10.41,11198,0
2016-08-19,10.44,10.58,10.35,10.47,11769,0
2016-08-22,10.39,10.58,10.35,10.39,50029,0
2016-08-23,10.5,10.59,10.37,10.38,16058,0
2016-08-24,10.38,10.54,10.38,10.45,6771,0
2016-08-25,10.39,11.0,10.39,10.5,21878,0
2016-08-26,10.4,10.68,10.4,10.63,47696,0
2016-08-29,10.47,10.74,10.39,10.71,8632,0
2016-08-30,10.7,10.72,10.63,10.7,4222,0
2016-08-31,10.64,11.1,10.49,11.01,26722,0
2016-09-01,11.14,11.29,11.0,11.25,12487,0
2016-09-02,11.3,11.62,11.22,11.56,28077,0
2016-09-06,11.51,11.54,11.33,11.37,7883,0
2016-09-07,11.48,11.57,11.33,11.35,15244,0
2016-09-08,11.19,11.4,11.185,11.27,10225,0
2016-09-09,11.14,11.21,10.81,10.83,29859,0
2016-09-12,10.84,10.96,10.76,10.92,15939,0
2016-09-13,10.87,10.98,10.7,10.87,7547,0
2016-09-14,10.92,10.92,10.63,10.75,7227,0
2016-09-15,10.9005,10.91,10.7,10.87,13571,0
2016-09-16,10.9,10.9,10.51,10.54,124181,0
2016-09-19,10.64,10.64,10.41,10.53,12170,0
2016-09-20,10.57,10.61,10.33,10.6,15387,0
2016-09-21,10.62,10.95,10.62,10.92,8840,0
2016-09-22,10.96,11.455,10.93,11.43,15317,0
2016-09-23,11.32,11.5,11.08,11.47,15314,0
2016-09-26,11.32,11.32,10.89,10.9,20452,0
2016-09-27,10.94,11.0,10.79,10.87,20156,0
2016-09-28,11.17,11.17,10.66,11.07,7106,0
2016-09-29,11.09,11.09,10.75,10.96,40652,0
2016-09-30,10.97,11.3,10.9,11.1,72464,0
2016-10-03,11.06,11.22,11.05,11.17,20068,0
2016-10-04,11.065,11.16,10.91,10.94,7710,0
2016-10-05,11.06,11.11,10.84,10.89,7422,0
2016-10-06,10.88,11.06,10.69,11.02,54949,0
2016-10-07,11.03,11.29,10.82,10.82,64909,0
2016-10-10,10.85,11.12,10.75,10.84,45576,0
2016-10-11,10.82,10.82,10.58,10.72,12896,0
2016-10-12,10.74,10.78,10.6022,10.73,19815,0
2016-10-13,10.66,10.66,10.5,10.54,14505,0
2016-10-14,10.56,10.57,10.4,10.42,9455,0
2016-10-17,10.29,10.37,10.25,10.31,5079,0
2016-10-18,10.44,10.44,10.11,10.13,13360,0
2016-10-19,10.09,10.21,10.02,10.07,74053,0
2016-10-20,10.1201,10.29,10.03,10.12,100465,0
2016-10-21,10.04,10.06,9.9,9.94,16852,0
2016-10-24,10.03,10.22,10.01,10.18,19623,0
2016-10-25,10.37,10.575,9.63,10.09,8294,0
2016-10-26,9.76,10.07,9.69,9.71,29064,0
2016-10-27,9.82,10.004,9.65,9.71,14609,0
2016-10-28,10.09,10.09,9.53,9.6,12172,0
2016-10-31,9.56,9.67,9.47,9.65,50439,0
2016-11-01,9.68,9.72,9.39,9.52,21398,0
2016-11-02,9.42,9.6699,9.2,9.31,61151,0
2016-11-03,9.32,9.47,8.17,9.13,13209,0
2016-11-04,9.16,9.88,9.16,9.19,11068,0
2016-11-07,9.42,9.72,9.31,9.58,42553,0
2016-11-08,9.9,10.01,9.44,9.7,11347,0
2016-11-09,9.52,10.44,9.52,10.44,40703,0
2016-11-10,10.27,10.6,10.13,10.38,38156,0
2016-11-11,10.46,10.8,10.04,10.49,53225,0
2016-11-14,10.53,10.82,10.2,10.79,24216,0
2016-11-15,10.75,10.75,9.68,10.29,46300,0
2016-11-16,10.26,10.82,10.18,10.76,25786,0
2016-11-17,10.73,10.99,10.64,10.74,24247,0
2016-11-18,10.8,10.99,10.42,10.53,38383,0
2016-11-21,10.6,10.72,10.17,10.56,73784,0
2016-11-22,10.6,10.92,10.25,10.78,37878,0
2016-11-23,10.73,10.96,10.43,10.61,30365,0
2016-11-25,10.355,10.7,10.355,10.67,10525,0
2016-11-28,10.41,10.79,10.4,10.72,37404,0
2016-11-29,10.73,11.0,10.4,10.48,21482,0
2016-11-30,10.49,10.575,10.16,10.21,23920,0
2016-12-01,10.5,10.785,9.95,10.01,33772,0
2016-12-02,10.11,10.36,9.87,9.95,12966,0
2016-12-05,10.1,10.46,9.95,10.04,51387,0
2016-12-06,10.09,10.145,9.26,9.72,64692,0
2016-12-07,9.68,10.24,9.68,9.95,77575,0
2016-12-08,9.98,10.38,9.96,10.2,143340,0
2016-12-09,10.27,10.46,10.11,10.37,33653,0
2016-12-12,10.14,10.67,10.06,10.64,59767,0
2016-12-13,10.76,10.76,10.31,10.68,32324,0
2016-12-14,10.6,10.63,10.21,10.45,32955,0
2016-12-15,10.39,10.69,10.21,10.66,38638,0
2016-12-16,10.59,10.6,10.15,10.29,133406,0
2016-12-19,10.31,10.59,10.1812,10.47,30786,0
2016-12-20,10.56,10.69,10.2,10.65,27030,0
2016-12-21,10.61,10.87,10.58,10.7,28865,0
2016-12-22,10.72,10.72,10.32,10.64,8787,0
2016-12-23,10.6687,10.7,10.22,10.33,31678,0
2016-12-27,10.38,10.5,10.21,10.28,7441,0
2016-12-28,10.31,10.55,10.15,10.45,24454,0
2016-12-29,10.34,10.74,10.16,10.53,19583,0
2016-12-30,10.5,10.5,10.275,10.36,13547,0
2017-01-03,10.55,10.9,10.42,10.8,46210,0
2017-01-04,10.8,10.84,10.37,10.69,59924,0
2017-01-05,10.71,10.77,10.42,10.63,79398,0
2017-01-06,10.7,10.8,10.61,10.655,34442,0
2017-01-09,10.56,10.7484,10.52,10.65,9043,0
2017-01-10,10.59,10.98,10.54,10.64,16140,0
2017-01-11,10.49,11.02,10.445,10.85,28895,0
2017-01-12,11.065,11.065,10.38,10.6,17035,0
2017-01-13,10.65,10.71,10.4,10.57,27713,0
2017-01-17,10.36,10.45,10.14,10.19,18361,0
2017-01-18,10.28,10.33,10.01,10.29,25513,0
2017-01-19,10.26,10.45,10.01,10.3,23593,0
2017-01-20,10.24,10.38,10.01,10.15,93321,0
2017-01-23,10.15,10.415,9.87,10.07,44154,0
2017-01-24,9.96,10.21,9.89,10.085,19075,0
2017-01-25,10.22,10.35,10.17,10.28,15434,0
2017-01-26,10.1,10.3,10.02,10.19,22480,0
2017-01-27,10.15,10.25,10.01,10.17,10415,0
2017-01-30,10.07,10.114,9.69,9.87,37589,0
2017-01-31,9.78,9.89,9.47,9.73,24584,0
2017-02-01,9.84,9.9653,9.64,9.66,18583,0
2017-02-02,9.62,9.67,9.4,9.45,32920,0
2017-02-03,9.59,9.59,9.28,9.36,53019,0
2017-02-06,9.53,9.53,8.83,8.98,74209,0
2017-02-07,9.06,9.06,8.84,8.91,21825,0
2017-02-08,8.88,9.07,8.74,8.87,21179,0
2017-02-09,8.93,9.15,8.8,8.9,33661,0
2017-02-10,8.9089,9.07,8.6,8.78,90589,0
2017-02-13,8.81,9.59,8.74,9.42,142036,0
2017-02-14,9.41,9.5249,9.0,9.51,69643,0
2017-02-15,9.51,9.99,9.42,9.745,406940,0
2017-02-16,9.58,9.88,9.24,9.3,34551,0
2017-02-17,9.53,9.69,9.29,9.58,49996,0
2017-02-21,9.73,9.84,9.25,9.7,82532,0
2017-02-22,9.61,9.776,9.07,9.14,81345,0
2017-02-23,9.23,9.26,9.04,9.14,43531,0
2017-02-24,9.14,9.27,9.14,9.27,16811,0
2017-02-27,9.27,9.54,9.215,9.32,61632,0
2017-02-28,9.36,9.39,9.07,9.1,37228,0
2017-03-01,9.34,9.34,9.1,9.14,48176,0
2017-03-02,9.03,9.175,9.0,9.01,33060,0
2017-03-03,9.0,9.1,8.86,8.95,49829,0
2017-03-06,8.9,8.99,8.86,8.9,21425,0
2017-03-07,8.93,9.11,8.86,8.9,43659,0
2017-03-08,8.96,8.97,8.86,8.88,24878,0
2017-03-09,8.9,8.97,8.89,8.89,14279,0
2017-03-10,8.96,8.96,8.75,8.79,50962,0
2017-03-13,8.8,9.15,8.8,9.01,19988,0
2017-03-14,8.92,9.03,8.81,8.98,26390,0
2017-03-15,9.19,9.2,8.87,9.06,40581,0
2017-03-16,9.18,9.24,9.11,9.2,44833,0
2017-03-17,9.13,9.785,9.13,9.73,379007,0
2017-03-20,9.71,9.77,9.31,9.34,25455,0
2017-03-21,9.44,9.48,9.15,9.2,33964,0
2017-03-22,9.38,9.42,9.15,9.26,32526,0
2017-03-23,9.27,9.78,9.27,9.53,629734,0
2017-03-24,9.52,9.685,9.26,9.39,26603,0
2017-03-27,9.3,9.48,9.27,9.43,18309,0
2017-03-28,9.49,9.58,9.25,9.36,101951,0
2017-03-29,9.33,9.56,9.26,9.47,20640,0
2017-03-30,9.5,9.68,9.34,9.47,58930,0
2017-03-31,9.67,9.67,9.33,9.45,59024,0
2017-04-03,9.48,9.55,9.165,9.19,72741,0
2017-04-04,9.19,9.28,9.14,9.25,36002,0
2017-04-05,9.25,9.55,9.16,9.19,37701,0
2017-04-06,9.2,9.32,9.15,9.3,18534,0
2017-04-07,9.25,9.355,9.22,9.29,11204,0
2017-04-10,9.19,9.44,9.19,9.35,19468,0
2017-04-11,9.34,9.48,9.3,9.4,16566,0
2017-04-12,9.43,9.43,9.17,9.26,15869,0
2017-04-13,9.23,9.3,9.13,9.17,25791,0
2017-04-17,9.21,9.3399,9.1,9.14,103351,0
2017-04-18,9.1,9.31,9.08,9.13,30818,0
2017-04-19,9.36,9.36,9.1,9.13,30965,0
2017-04-20,9.26,9.44,9.1,9.41,36303,0
2017-04-21,9.34,9.5,9.33,9.4,33462,0
2017-04-24,9.5,9.58,9.4,9.49,85593,0
2017-04-25,9.48,9.85,9.48,9.73,40810,0
2017-04-26,9.76,9.95,9.69,9.87,53452,0
2017-04-27,9.88,10.03,9.86,9.94,50455,0
2017-04-28,9.94,9.9868,9.79,9.9,27849,0
2017-05-01,9.94,10.1,9.78,9.88,33279,0
2017-05-02,10.12,10.12,9.7,9.77,101772,0
2017-05-03,9.67,10.13,9.67,9.99,91139,0
2017-05-04,10.04,10.04,9.88,9.98,67533,0
2017-05-05,10.12,10.22,9.9,10.03,31062,0
2017-05-08,9.98,10.09,9.77,9.96,74271,0
2017-05-09,9.96,10.145,9.76,9.82,55516,0
2017-05-10,9.92,9.99,9.5801,9.9,32921,0
2017-05-11,9.9,9.97,9.74,9.87,24473,0
2017-05-12,9.8,9.85,9.67,9.84,23719,0
2017-05-15,9.94,9.975,9.5,9.58,37869,0
2017-05-16,9.58,9.65,9.5,9.57,50439,0
2017-05-17,9.46,9.5,9.35,9.46,46688,0
2017-05-18,9.45,9.64,9.45,9.46,27915,0
2017-05-19,9.47,9.7,9.35,9.51,91733,0
2017-05-22,9.61,9.75,9.55,9.71,12872,0
2017-05-23,9.83,9.93,9.69,9.77,17449,0
2017-05-24,9.77,9.865,9.45,9.52,22986,0
2017-05-25,9.48,9.63,9.47,9.5,11157,0
2017-05-26,9.47,9.57,9.44,9.48,43607,0
2017-05-30,9.45,9.55,9.45,9.46,11469,0
2017-05-31,9.45,9.97,9.45,9.91,36353,0
2017-06-01,9.75,10.2899,9.72,10.05,81023,0
2017-06-02,9.76,9.92,9.32,9.74,68789,0
2017-06-05,9.78,9.99,9.645,9.89,41359,0
2017-06-06,9.83,9.939,9.75,9.88,31806,0
2017-06-07,9.89,9.89,9.6701,9.77,30326,0
2017-06-08,9.79,10.025,9.73,9.9,59390,0
2017-06-09,9.9,10.06,9.82,9.88,59506,0
2017-06-12,9.89,9.93,9.84,9.89,24954,0
2017-06-13,9.85,9.96,9.68,9.89,50030,0
2017-06-14,9.96,9.96,9.76,9.84,26239,0
2017-06-15,9.75,9.89,9.75,9.83,21981,0
2017-06-16,9.69,9.85,9.54,9.61,158937,0
2017-06-19,9.68,9.87,9.68,9.83,26606,0
2017-06-20,9.82,9.97,9.7,9.95,21903,0
2017-06-21,9.95,10.25,9.95,10.06,38205,0
2017-06-22,10.08,10.22,10.08,10.16,33939,0
2017-06-23,9.99,10.3,9.99,10.05,156917,0
2017-06-26,10.07,10.11,9.93,9.96,32140,0
2017-06-27,9.95,10.05,9.93,9.94,34938,0
2017-06-28,10.01,10.075,9.9,10.04,36850,0
2017-06-29,10.03,10.0425,9.87,9.97,54060,0
2017-06-30,10.08,10.24,9.98,10.12,53095,0
2017-07-03,10.24,10.24,10.0,10.12,79236,0
2017-07-05,10.11,10.12,9.93,10.08,17727,0
2017-07-06,9.97,10.3,9.9,10.2,37767,0
2017-07-07,10.21,10.33,10.21,10.29,40903,0
2017-07-10,10.23,10.5,10.18,10.41,27357,0
2017-07-11,10.46,10.57,10.22,10.41,36171,0
2017-07-12,10.57,10.71,10.48,10.57,38253,0
2017-07-13,10.61,10.74,10.46,10.7,15658,0
2017-07-14,10.62,10.78,10.48,10.73,28016,0
2017-07-17,10.72,10.84,10.565,10.69,20060,0
2017-07-18,10.66,10.67,10.57,10.66,13857,0
2017-07-19,10.65,10.88,10.65,10.8,15621,0
2017-07-20,10.8,10.8,10.41,10.49,27204,0
2017-07-21,10.61,10.61,10.38,10.38,78216,0
2017-07-24,10.37,10.37,10.26,10.31,19403,0
2017-07-25,10.31,10.58,10.31,10.47,60859,0
2017-07-26,10.46,10.52,10.4,10.42,28958,0
2017-07-27,10.4,10.44,10.11,10.15,22659,0
2017-07-28,10.05,10.12,10.0,10.05,21808,0
2017-07-31,10.05,10.13,9.935,10.06,37174,0
2017-08-01,10.09,10.3,10.075,10.27,58237,0
2017-08-02,10.26,10.26,9.98,10.01,22829,0
2017-08-03,10.0,10.23,9.8,10.23,43854,0
2017-08-04,10.3,10.63,10.23,10.43,24898,0
2017-08-07,10.42,10.42,10.1,10.25,36900,0
2017-08-08,10.18,10.39,10.052,10.21,13673,0
2017-08-09,10.09,10.2,9.98,10.03,31670,0
2017-08-10,10.0,10.25,10.0,10.2,40066,0
2017-08-11,10.17,10.312,10.0801,10.26,38286,0
2017-08-14,10.21,10.5,10.21,10.5,16680,0
2017-08-15,10.5,10.5,10.43,10.48,28335,0
2017-08-16,10.47,10.55,10.37,10.37,16021,0
2017-08-17,10.33,10.34,10.23,10.26,26972,0
2017-08-18,10.14,10.34,10.14,10.33,15791,0
2017-08-21,10.19,10.33,10.09,10.11,15605,0
2017-08-22,10.216,10.37,10.16,10.37,11374,0
2017-08-23,10.24,10.37,10.0,10.05,29193,0
2017-08-24,10.06,10.19,10.05,10.13,13737,0
2017-08-25,10.03,10.27,10.03,10.26,10709,0
2017-08-28,10.16,10.19,10.1,10.16,20392,0
2017-08-29,10.1,10.3699,10.1,10.29,36453,0
2017-08-30,10.26,10.415,10.24,10.38,17850,0
2017-08-31,10.4,10.4199,10.22,10.29,38569,0
2017-09-01,10.39,10.5,10.29,10.49,95227,0
2017-09-05,10.49,10.67,10.45,10.5,52421,0
2017-09-06,10.5,10.66,10.42,10.52,53674,0
2017-09-07,10.6,10.68,10.49,10.54,26734,0
2017-09-08,10.66,10.66,10.54,10.58,43550,0
2017-09-11,10.69,10.69,10.59,10.65,23364,0
2017-09-12,10.66,10.7,10.58,10.64,15532,0
2017-09-13,10.66,10.66,10.56,10.6,27328,0
2017-09-14,10.57,10.63,10.55,10.61,12768,0
2017-09-15,10.55,10.68,10.54,10.6,180296,0
2017-09-18,10.58,10.75,10.58,10.69,34539,0
2017-09-19,10.67,10.7,10.64,10.65,37458,0
2017-09-20,10.71,10.74,10.57,10.6,38274,0
2017-09-21,10.57,10.65,10.49,10.5,112731,0
2017-09-22,10.42,10.65,10.42,10.62,485945,0
2017-09-25,10.63,11.15,10.6,11.14,135740,0
2017-09-26,11.24,11.77,11.156,11.68,58140,0
2017-09-27,11.68,11.99,11.6,11.88,64932,0
2017-09-28,11.87,11.98,11.53,11.97,30137,0
2017-09-29,12.0,12.14,11.85,11.95,77627,0
2017-10-02,12.02,12.25,11.56,12.09,113491,0
2017-10-03,12.17,12.2,12.04,12.09,79573,0
2017-10-04,12.1,12.1,11.86,12.01,142681,0
2017-10-05,12.09,12.596,12.01,12.46,1290673,0
2017-10-06,12.42,12.75,12.4,12.68,60039,0
2017-10-09,12.75,12.75,12.46,12.54,44862,0
2017-10-10,12.54,12.75,12.4248,12.68,58826,0
2017-10-11,12.69,12.75,12.65,12.7,44118,0
2017-10-12,12.75,12.94,12.3138,12.8,142263,0
2017-10-13,12.77,12.87,12.43,12.8,28614,0
2017-10-16,12.77,12.91,12.57,12.75,48753,0
2017-10-17,12.68,12.77,12.39,12.48,45585,0
2017-10-18,12.5,12.73,12.4,12.45,45271,0
2017-10-19,12.44,12.63,12.12,12.25,37436,0
2017-10-20,12.39,12.39,11.9,12.22,174189,0
2017-10-23,12.28,12.47,12.11,12.17,48509,0
2017-10-24,12.25,12.25,12.13,12.19,221525,0
2017-10-25,12.365,12.365,12.01,12.09,29855,0
2017-10-26,12.07,12.12,11.82,11.94,59405,0
2017-10-27,12.0,12.0,11.855,11.97,48113,0
2017-10-30,12.01,12.01,11.78,11.9,45120,0
2017-10-31,11.97,12.3225,11.96,12.27,80423,0
2017-11-01,12.5,12.5,11.93,12.415,68265,0
2017-11-02,12.21,12.39,11.68,12.31,79928,0
2017-11-03,12.3,12.33,11.82,11.96,44721,0
2017-11-06,12.06,12.07,12.0,12.02,36883,0
2017-11-07,12.01,12.01,11.66,11.74,36644,0
2017-11-08,11.65,11.66,11.4,11.53,44306,0
2017-11-09,11.45,11.84,11.31,11.76,82132,0
2017-11-10,11.76,12.3586,11.3026,11.84,47038,0
