Date,Open,High,Low,Close,Volume,OpenInt
2014-01-02,40.181,40.311,38.641,38.848,93319,0
2014-01-03,39.46,39.48,38.497,38.73,65203,0
2014-01-06,39.246,39.246,37.809,37.96,64589,0
2014-01-07,37.886,38.469,37.473,38.469,34648,0
2014-01-08,38.387,38.627,37.554,38.174,35929,0
2014-01-09,38.365,38.832,38.16,38.627,26185,0
2014-01-10,38.916,38.916,37.701,38.098,58332,0
2014-01-13,38.098,38.223,37.645,37.645,21820,0
2014-01-14,37.946,38.559,37.701,38.297,45531,0
2014-01-15,38.2,39.252,38.126,38.539,36075,0
2014-01-16,38.717,39.451,38.358,39.149,106007,0
2014-01-17,39.804,39.804,38.916,39.226,30546,0
2014-01-21,39.233,39.609,38.655,38.787,20657,0
2014-01-22,38.8,38.966,38.269,38.668,42768,0
2014-01-23,39.046,39.046,38.566,38.634,17166,0
2014-01-24,38.648,38.848,37.652,38.668,68807,0
2014-01-27,38.533,38.533,37.92,38.285,44512,0
2014-01-28,38.497,40.565,38.291,40.079,81460,0
2014-01-29,40.21,41.238,39.336,40.779,62841,0
2014-01-30,41.165,42.553,40.881,42.252,61385,0
2014-01-31,41.919,43.157,41.919,42.986,44948,0
2014-02-03,43.034,43.308,42.533,43.27,109533,0
2014-02-04,43.308,43.675,42.979,43.323,144924,0
2014-02-05,43.308,43.48,42.588,42.774,60846,0
2014-02-06,42.794,43.419,42.588,42.654,62273,0
2014-02-07,42.654,42.951,42.332,42.629,55007,0
2014-02-10,42.844,43.137,42.075,42.152,53185,0
2014-02-11,42.571,43.205,42.117,42.957,44348,0
2014-02-12,42.844,43.505,42.417,42.808,33715,0
2014-02-13,42.636,43.205,42.152,42.369,49205,0
2014-02-14,42.739,42.877,42.09,42.425,39050,0
2014-02-18,42.195,42.598,41.491,41.582,175401,0
2014-02-19,41.805,42.444,41.726,42.166,40111,0
2014-02-20,41.903,42.885,41.903,42.501,44491,0
2014-02-21,42.474,43.066,42.154,42.572,41958,0
2014-02-24,42.516,42.696,42.237,42.55,38522,0
2014-02-25,42.851,42.851,42.417,42.571,33335,0
2014-02-26,42.571,42.851,42.405,42.55,79615,0
2014-02-27,42.636,42.746,42.466,42.636,47076,0
2014-02-28,42.739,43.643,42.739,43.337,40892,0
2014-03-03,43.197,43.364,42.925,43.059,32905,0
2014-03-04,43.197,43.393,42.851,42.974,36532,0
2014-03-05,43.059,43.059,42.702,42.781,14024,0
2014-03-06,43.129,43.358,42.79,42.885,16661,0
2014-03-07,43.129,43.371,42.877,43.197,18307,0
2014-03-10,42.716,43.27,42.186,42.501,37677,0
2014-03-11,42.683,43.157,41.922,42.612,21515,0
2014-03-12,43.15,43.15,42.159,42.222,27021,0
2014-03-13,42.166,42.495,42.152,42.466,30836,0
2014-03-14,42.333,42.821,42.152,42.174,39682,0
2014-03-17,42.222,42.856,42.222,42.856,47247,0
2014-03-18,42.877,43.023,41.854,41.88,46819,0
2014-03-19,42.147,42.147,41.331,41.798,29420,0
2014-03-20,41.429,42.117,41.231,41.372,37486,0
2014-03-21,41.421,42.152,41.247,41.986,90903,0
2014-03-24,42.152,42.152,41.421,41.734,21062,0
2014-03-25,42.152,42.578,42.006,42.578,19791,0
2014-03-26,42.9,42.9,42.277,42.466,23394,0
2014-03-27,42.543,42.869,42.466,42.844,24852,0
2014-03-28,42.752,42.851,41.839,42.851,16734,0
2014-03-31,42.851,43.442,41.951,43.28,30219,0
2014-04-01,43.414,43.538,43.114,43.483,47510,0
2014-04-02,43.505,43.538,42.885,43.337,61412,0
2014-04-03,43.309,43.512,42.9,43.512,49128,0
2014-04-04,43.477,43.72,43.27,43.699,56604,0
2014-04-07,43.679,44.068,43.442,43.712,65594,0
2014-04-08,43.797,43.998,43.129,43.825,82105,0
2014-04-09,43.538,43.999,43.538,43.887,24819,0
2014-04-10,43.999,43.999,43.002,43.742,95031,0
2014-04-11,43.705,44.166,43.497,44.006,58479,0
2014-04-14,44.388,44.73,43.337,44.041,104269,0
2014-04-15,43.894,44.863,43.038,43.624,38183,0
2014-04-16,43.621,44.371,43.303,43.784,139236,0
2014-04-17,43.894,44.216,43.665,43.742,173119,0
2014-04-21,44.346,44.515,43.882,44.355,22288,0
2014-04-22,44.271,45.072,44.271,44.772,26185,0
2014-04-23,44.925,45.246,44.598,44.863,21287,0
2014-04-24,45.15,45.288,44.196,44.939,27538,0
2014-04-25,44.878,45.093,43.553,44.585,42258,0
2014-04-28,45.093,45.986,44.474,45.465,135207,0
2014-04-29,45.824,46.778,45.581,45.803,156535,0
2014-04-30,46.004,46.973,45.908,46.54,161226,0
2014-05-01,47.203,47.308,45.47,45.88,79698,0
2014-05-02,46.228,46.682,45.329,46.29,82971,0
2014-05-05,46.424,48.0,46.424,46.946,81180,0
2014-05-06,47.128,48.327,46.925,46.925,31295,0
2014-05-07,47.016,48.577,46.508,46.703,54069,0
2014-05-08,46.473,46.821,45.977,46.124,64671,0
2014-05-09,46.227,46.45,44.767,46.327,61039,0
2014-05-12,46.307,46.545,45.183,45.897,54213,0
2014-05-13,45.326,45.875,45.247,45.602,39858,0
2014-05-14,45.212,45.923,45.212,45.705,23624,0
2014-05-15,45.988,46.016,44.987,45.386,22349,0
2014-05-16,45.386,45.464,44.833,45.169,223289,0
2014-05-19,45.337,45.875,45.107,45.107,24116,0
2014-05-20,45.479,45.479,44.527,45.183,25688,0
2014-05-21,45.176,46.262,44.612,45.225,44986,0
2014-05-22,45.289,45.312,44.869,45.15,19674,0
2014-05-23,45.24,45.579,45.021,45.247,36525,0
2014-05-27,45.523,45.602,44.824,45.092,75122,0
2014-05-28,45.169,45.437,44.889,45.099,23469,0
2014-05-29,45.321,45.523,45.15,45.276,11408,0
2014-05-30,45.337,45.871,45.088,45.381,45638,0
2014-06-02,45.671,46.681,45.03,46.681,96539,0
2014-06-03,46.425,47.11,46.144,46.856,125870,0
2014-06-04,46.759,47.28,46.256,46.363,74788,0
2014-06-05,46.686,46.686,45.889,46.327,32080,0
2014-06-06,46.333,46.441,45.973,46.369,36593,0
2014-06-09,45.889,46.646,45.602,45.871,66271,0
2014-06-10,45.602,46.243,43.843,44.083,150189,0
2014-06-11,43.765,44.394,42.997,44.231,92474,0
2014-06-12,43.349,44.133,43.349,43.892,41247,0
2014-06-13,43.017,43.799,42.396,43.651,188997,0
2014-06-16,43.433,44.957,43.426,44.4,148357,0
2014-06-17,44.731,44.731,43.525,43.651,239182,0
2014-06-18,43.632,43.681,42.582,43.583,141245,0
2014-06-19,43.215,43.391,42.557,42.889,257958,0
2014-06-20,42.684,44.244,41.909,44.244,688205,0
2014-06-23,44.244,46.333,44.026,45.763,249755,0
2014-06-24,45.692,45.875,44.993,45.381,158182,0
2014-06-25,45.169,45.346,44.753,45.212,84989,0
2014-06-26,45.262,45.262,44.435,44.837,105725,0
2014-06-27,44.774,45.553,44.695,45.553,73470,0
2014-06-30,45.537,45.805,45.03,45.727,53895,0
2014-07-01,45.572,45.947,45.254,45.585,65825,0
2014-07-02,45.495,46.349,45.289,46.103,47608,0
2014-07-03,46.236,46.48,45.269,45.426,17867,0
2014-07-07,46.58,47.11,46.412,47.105,113532,0
2014-07-08,46.969,47.28,46.103,47.026,74317,0
2014-07-09,46.794,47.202,46.651,46.949,68186,0
2014-07-10,46.58,47.264,46.58,47.189,62352,0
2014-07-11,46.975,47.224,46.672,47.197,29246,0
2014-07-14,47.145,47.872,46.87,47.872,153822,0
2014-07-15,47.766,48.05,47.533,47.79,35303,0
2014-07-16,48.042,48.733,47.684,48.536,63772,0
2014-07-17,48.209,49.039,48.134,48.473,41219,0
2014-07-18,48.31,48.558,48.113,48.359,49665,0
2014-07-21,48.104,48.937,48.104,48.755,45025,0
2014-07-22,48.84,49.263,48.748,49.009,48722,0
2014-07-23,49.263,49.654,49.045,49.433,47494,0
2014-07-24,49.483,49.962,49.044,49.61,22083,0
2014-07-25,49.887,50.075,49.569,50.031,53240,0
2014-07-28,51.26,51.713,49.255,49.426,121141,0
2014-07-29,49.659,50.991,49.659,50.815,52103,0
2014-07-30,50.745,51.5,50.315,50.526,47049,0
2014-07-31,50.718,50.718,48.808,49.518,41316,0
2014-08-01,49.404,50.463,49.101,49.525,20875,0
2014-08-04,49.234,49.782,48.494,48.501,58557,0
2014-08-05,48.833,49.347,48.643,49.255,55324,0
2014-08-06,48.852,49.433,48.698,49.009,36401,0
2014-08-07,49.065,49.354,48.698,48.959,53592,0
2014-08-08,49.102,49.774,48.509,49.575,94056,0
2014-08-11,50.031,50.771,50.018,50.268,68000,0
2014-08-12,50.246,50.575,49.822,50.01,32976,0
2014-08-13,50.018,50.553,49.797,50.067,36648,0
2014-08-14,50.217,50.453,49.717,49.867,131671,0
2014-08-15,50.254,50.581,49.883,50.102,34092,0
2014-08-18,49.982,50.102,49.932,49.953,34149,0
2014-08-19,49.917,50.096,49.917,50.039,32212,0
2014-08-20,50.039,50.575,50.019,50.16,86490,0
2014-08-21,50.352,50.784,50.221,50.637,87283,0
2014-08-22,50.425,50.637,50.418,50.432,26008,0
2014-08-25,50.781,50.781,50.464,50.696,21345,0
2014-08-26,50.747,51.454,50.439,51.155,23933,0
2014-08-27,51.261,51.454,50.68,51.175,17794,0
2014-08-28,51.297,51.806,50.411,50.411,29446,0
2014-08-29,50.902,51.424,50.769,51.334,13591,0
2014-09-02,51.381,51.911,51.268,51.806,30948,0
2014-09-03,51.954,52.426,51.568,51.733,76863,0
2014-09-04,51.84,51.907,50.425,50.626,21514,0
2014-09-05,51.083,51.224,50.56,50.839,20136,0
2014-09-08,51.083,51.584,50.911,51.139,44313,0
2014-09-09,51.462,51.992,51.075,51.983,42930,0
2014-09-10,51.747,52.718,51.712,52.298,50506,0
2014-09-11,51.867,52.628,51.819,52.456,51805,0
2014-09-12,52.64,52.891,51.74,52.356,45383,0
2014-09-15,52.383,52.383,51.454,51.813,25716,0
2014-09-16,51.539,51.669,51.119,51.124,36831,0
2014-09-17,51.04,51.709,50.662,51.304,28940,0
2014-09-18,51.475,51.604,50.824,51.584,28590,0
2014-09-19,51.326,51.584,50.388,50.976,47653,0
2014-09-22,51.034,51.034,49.675,49.995,47738,0
2014-09-23,49.732,50.385,49.005,49.102,76945,0
2014-09-24,49.352,49.352,48.496,48.603,73497,0
2014-09-25,48.101,49.204,47.293,48.989,69043,0
2014-09-26,48.752,49.782,48.603,49.317,553919,0
2014-09-29,49.247,49.675,48.891,49.132,174565,0
2014-09-30,49.209,49.288,48.33,48.774,110612,0
2014-10-01,48.766,49.328,47.766,48.188,34643,0
2014-10-02,47.923,48.182,47.293,47.852,43753,0
2014-10-03,47.916,48.266,47.712,47.974,22582,0
2014-10-06,47.872,48.203,47.316,48.029,34447,0
2014-10-07,47.952,48.026,47.273,47.452,156328,0
2014-10-08,47.151,47.151,45.384,46.187,106781,0
2014-10-09,46.4,46.4,44.965,45.228,43090,0
2014-10-10,45.03,45.157,43.205,45.108,130111,0
2014-10-13,45.114,45.585,44.178,44.421,58717,0
2014-10-14,44.472,44.699,41.792,43.914,203747,0
2014-10-15,43.57,45.637,42.885,44.757,80015,0
2014-10-16,44.749,47.072,44.192,47.029,65778,0
2014-10-17,47.694,47.694,46.036,46.608,73348,0
2014-10-20,47.16,48.339,46.412,47.566,75723,0
2014-10-21,48.023,48.524,47.202,48.101,47326,0
2014-10-22,48.382,49.446,47.989,48.824,40484,0
2014-10-23,49.467,49.533,48.281,48.473,23722,0
2014-10-24,48.622,49.017,47.665,47.665,31779,0
2014-10-27,47.838,48.203,46.801,48.203,124372,0
2014-10-28,48.382,49.031,47.509,48.708,75853,0
2014-10-29,48.651,48.881,47.588,48.468,50039,0
2014-10-30,48.473,49.079,47.673,48.346,36592,0
2014-10-31,48.725,49.303,48.448,49.074,78070,0
2014-11-03,49.717,49.769,49.259,49.717,51148,0
2014-11-04,49.569,49.705,48.502,48.675,58867,0
2014-11-05,48.708,48.873,47.48,47.558,114760,0
2014-11-06,48.352,48.953,47.723,48.953,55996,0
2014-11-07,48.891,49.883,48.533,49.679,66270,0
2014-11-10,49.533,50.133,49.099,49.468,23629,0
2014-11-11,49.75,49.75,48.867,49.332,32618,0
2014-11-12,49.129,49.483,48.8,48.991,21473,0
2014-11-13,49.339,49.614,48.521,48.637,18229,0
2014-11-14,48.521,49.716,48.521,49.237,66270,0
2014-11-17,49.164,49.795,48.933,49.547,115108,0
2014-11-18,49.366,51.269,49.366,51.257,119743,0
2014-11-19,50.859,50.859,48.673,48.673,43237,0
2014-11-20,48.521,49.28,47.796,48.086,37735,0
2014-11-21,48.664,49.636,48.396,49.432,51293,0
2014-11-24,49.316,49.489,48.36,49.258,43098,0
2014-11-25,49.004,49.339,48.498,48.794,16756,0
2014-11-26,48.845,50.047,48.521,50.047,147821,0
2014-11-28,48.752,49.73,48.24,48.542,76680,0
2014-12-01,48.542,48.542,45.74,46.976,79015,0
2014-12-02,46.601,48.346,46.131,47.289,75041,0
2014-12-03,47.79,48.458,46.702,47.412,25249,0
2014-12-04,47.398,47.953,46.791,46.81,20364,0
2014-12-05,46.76,47.034,46.425,46.81,24524,0
2014-12-08,46.449,46.5,44.545,45.95,129432,0
2014-12-09,45.986,46.619,45.552,46.196,51121,0
2014-12-10,46.145,46.306,43.776,44.226,39654,0
2014-12-11,44.182,45.065,43.595,44.413,35084,0
2014-12-12,43.661,43.892,42.582,42.727,37438,0
2014-12-15,42.595,43.22,39.901,41.321,120509,0
2014-12-16,40.973,42.992,40.039,42.826,77200,0
2014-12-17,42.902,44.139,42.865,43.77,46297,0
2014-12-18,44.139,45.562,42.436,43.06,136504,0
2014-12-19,43.16,43.523,42.436,43.226,109300,0
2014-12-22,43.357,43.74,42.826,43.226,48984,0
2014-12-23,43.45,43.805,42.501,43.61,69448,0
2014-12-24,43.494,43.677,43.349,43.479,13069,0
2014-12-26,43.531,43.59,42.595,42.798,55034,0
2014-12-29,42.653,43.661,42.653,43.632,50056,0
2014-12-30,43.197,44.325,43.16,44.321,94246,0
2014-12-31,44.219,44.537,43.45,44.168,119760,0
2015-01-02,44.321,45.11,43.379,45.11,47309,0
2015-01-05,45.327,45.327,42.921,44.175,69288,0
2015-01-06,43.836,44.429,42.733,44.038,91872,0
2015-01-07,44.211,44.537,41.89,42.761,66204,0
2015-01-08,43.421,44.326,43.096,44.065,102394,0
2015-01-09,43.582,43.926,42.771,43.501,45141,0
2015-01-12,42.749,43.283,42.531,42.59,39114,0
2015-01-13,42.645,43.001,40.583,41.132,44501,0
2015-01-14,40.663,41.416,40.059,41.155,48190,0
2015-01-15,40.583,41.488,39.96,40.439,55770,0
2015-01-16,40.482,41.308,40.148,41.279,36362,0
2015-01-20,41.393,41.393,40.322,40.577,80198,0
2015-01-21,41.061,42.081,40.721,41.763,74046,0
2015-01-22,42.147,42.19,41.271,41.516,74038,0
2015-01-23,41.409,41.582,40.807,41.148,49246,0
2015-01-26,41.205,41.813,40.915,41.596,31142,0
2015-01-27,41.284,42.009,40.915,41.852,48770,0
2015-01-28,41.952,42.327,40.915,41.024,50592,0
2015-01-29,40.988,43.05,40.198,42.595,79754,0
2015-01-30,42.443,44.073,42.443,42.653,115595,0
2015-02-02,42.662,42.662,40.266,40.915,50648,0
2015-02-03,41.336,42.784,40.872,42.508,34199,0
2015-02-04,42.616,43.133,41.459,41.459,39412,0
2015-02-05,42.002,42.002,41.024,41.024,47487,0
2015-02-06,41.546,41.546,40.329,40.388,105898,0
2015-02-09,40.446,40.964,40.229,40.336,79347,0
2015-02-10,40.458,40.557,40.112,40.311,95011,0
2015-02-11,40.112,40.384,38.293,38.66,115328,0
2015-02-12,38.537,39.294,37.551,37.682,169347,0
2015-02-13,37.682,39.353,37.682,39.095,154824,0
2015-02-17,39.024,39.514,38.39,38.691,58504,0
2015-02-18,38.609,39.281,38.609,39.024,65800,0
2015-02-19,38.964,39.537,38.955,39.147,40230,0
2015-02-20,39.436,39.574,38.691,38.707,112069,0
2015-02-23,38.581,39.024,38.581,38.971,60682,0
2015-02-24,38.891,39.75,38.854,39.332,61784,0
2015-02-25,39.36,39.36,38.55,38.647,50143,0
2015-02-26,38.825,39.015,38.002,38.624,91684,0
2015-02-27,38.293,38.941,37.734,38.691,229238,0
2015-03-02,39.081,39.125,37.918,38.066,82307,0
2015-03-03,37.815,38.544,37.711,38.264,207262,0
2015-03-04,37.962,38.035,37.551,37.711,42512,0
2015-03-05,37.556,37.998,37.182,37.182,69133,0
2015-03-06,37.182,37.33,36.085,36.085,80676,0
2015-03-09,36.262,36.46,35.525,36.231,193406,0
2015-03-10,36.085,36.813,35.679,36.661,158908,0
2015-03-11,36.548,36.85,36.446,36.614,28658,0
2015-03-12,36.283,36.924,36.268,36.446,41019,0
2015-03-13,36.446,36.63,35.665,36.387,67096,0
2015-03-16,36.292,36.454,35.533,36.276,176565,0
2015-03-17,37.417,37.499,36.409,37.439,143290,0
2015-03-18,37.145,38.581,37.145,37.888,96296,0
2015-03-19,37.727,38.028,36.96,37.049,125769,0
2015-03-20,37.072,38.631,37.042,38.558,310892,0
2015-03-23,38.271,38.566,37.769,38.22,171267,0
2015-03-24,38.226,38.506,37.954,38.463,87060,0
2015-03-25,38.603,38.808,38.168,38.566,74293,0
2015-03-26,38.718,39.067,38.441,38.825,93306,0
2015-03-27,38.75,38.75,37.699,37.786,37352,0
2015-03-30,37.962,39.221,37.248,39.0,70084,0
2015-03-31,38.875,39.037,37.918,38.057,62295,0
2015-04-01,38.184,38.499,37.277,37.572,58131,0
2015-04-02,37.27,38.08,37.234,37.382,48623,0
2015-04-06,37.654,37.86,37.3,37.8,38436,0
2015-04-07,37.897,38.346,37.468,37.63,62645,0
2015-04-08,37.69,38.073,36.924,37.984,62747,0
2015-04-09,37.881,38.618,37.61,38.396,99037,0
2015-04-10,38.287,38.471,37.513,38.226,99148,0
2015-04-13,38.131,38.845,37.166,38.743,109608,0
2015-04-14,38.537,38.808,36.446,37.204,160404,0
2015-04-15,37.403,38.02,37.21,37.425,70330,0
2015-04-16,37.152,38.463,37.152,38.006,50751,0
2015-04-17,37.881,38.073,37.358,38.015,74701,0
2015-04-20,38.279,38.654,37.918,38.396,58813,0
2015-04-21,38.618,38.86,37.417,37.666,122164,0
2015-04-22,37.954,38.124,37.294,37.492,50171,0
2015-04-23,37.453,37.654,36.725,37.241,98740,0
2015-04-24,37.285,37.991,36.813,36.953,103044,0
2015-04-27,36.783,37.02,36.661,36.688,115041,0
2015-04-28,36.614,36.861,36.173,36.71,157247,0
2015-04-29,37.115,37.439,36.482,36.762,171946,0
2015-04-30,36.446,36.93,36.446,36.593,131337,0
2015-05-01,36.843,37.543,36.46,37.006,124683,0
2015-05-04,37.248,38.351,37.109,37.769,497235,0
2015-05-05,38.021,38.506,37.034,37.093,56229,0
2015-05-06,37.072,37.072,35.562,35.996,101686,0
2015-05-07,35.93,35.937,34.686,34.98,106563,0
2015-05-08,35.283,35.504,34.479,34.568,125090,0
2015-05-11,34.725,35.549,34.642,35.549,140162,0
2015-05-12,35.482,36.218,35.129,35.895,78068,0
2015-05-13,36.16,37.029,36.12,36.595,67859,0
2015-05-14,36.49,37.143,36.49,37.008,42061,0
2015-05-15,37.164,37.908,36.738,37.895,46353,0
2015-05-18,37.94,37.94,37.054,37.458,66813,0
2015-05-19,37.376,37.481,36.812,37.016,35167,0
2015-05-20,37.203,37.203,36.362,36.497,27277,0
2015-05-21,36.692,36.783,36.301,36.52,27288,0
2015-05-22,36.106,36.632,36.106,36.391,60564,0
2015-05-26,36.572,36.648,34.612,35.176,139510,0
2015-05-27,35.445,35.994,34.934,35.866,45125,0
2015-05-28,35.895,36.008,35.716,35.859,56579,0
2015-05-29,36.054,36.294,35.656,36.21,46054,0
2015-06-01,36.391,36.827,36.218,36.399,36539,0
2015-06-02,36.624,37.563,36.286,37.368,118251,0
2015-06-03,37.79,37.886,36.632,37.241,148281,0
2015-06-04,37.352,37.437,35.701,35.859,77735,0
2015-06-05,35.692,35.895,35.159,35.249,75472,0
2015-06-08,35.295,35.692,34.19,34.378,75337,0
2015-06-09,34.407,34.604,33.432,33.597,83210,0
2015-06-10,33.664,34.087,32.559,33.513,121551,0
2015-06-11,33.365,33.488,31.923,33.334,124901,0
2015-06-12,33.124,33.342,32.125,33.258,346345,0
2015-06-15,33.107,35.249,32.545,33.552,220426,0
2015-06-16,33.311,33.643,33.17,33.432,259559,0
2015-06-17,33.581,33.688,30.952,31.681,512731,0
2015-06-18,31.898,33.402,31.477,31.914,229211,0
2015-06-19,31.712,32.041,31.433,31.72,209778,0
2015-06-22,31.741,31.935,31.215,31.215,107018,0
2015-06-23,31.215,31.32,30.652,30.862,84372,0
2015-06-24,30.87,30.952,30.111,30.238,138964,0
2015-06-25,30.361,30.502,29.126,29.564,225085,0
2015-06-26,29.569,29.931,28.819,29.564,315597,0
2015-06-29,29.669,30.238,29.652,29.826,163721,0
2015-06-30,29.781,30.194,29.074,29.412,174402,0
2015-07-01,29.472,30.163,29.194,29.487,162524,0
2015-07-02,29.27,30.021,28.482,28.593,199529,0
2015-07-06,28.172,28.811,27.669,27.947,286981,0
2015-07-07,27.745,28.834,27.077,28.766,199928,0
2015-07-08,28.752,28.752,27.871,28.398,125388,0
2015-07-09,28.652,29.104,28.329,28.578,149079,0
2015-07-10,28.841,29.083,28.241,28.999,214037,0
2015-07-13,28.871,29.224,28.436,28.871,188348,0
2015-07-14,28.556,29.096,28.527,28.857,66728,0
2015-07-15,29.014,29.329,28.632,28.932,85256,0
2015-07-16,29.03,29.15,28.601,29.021,121259,0
2015-07-17,28.811,28.811,27.197,27.978,244919,0
2015-07-20,27.984,27.984,26.837,27.361,137236,0
2015-07-21,27.226,27.421,26.317,26.331,103291,0
2015-07-22,26.218,26.837,26.129,26.58,141628,0
2015-07-23,26.722,26.837,26.206,26.272,88385,0
2015-07-24,26.331,26.767,25.933,26.639,79995,0
2015-07-27,26.625,27.015,26.323,26.475,66819,0
2015-07-28,27.217,28.0,26.264,28.0,173571,0
2015-07-29,27.888,28.69,27.609,28.678,303884,0
2015-07-30,28.841,28.841,27.617,28.482,124854,0
2015-07-31,28.315,28.572,27.871,28.429,160126,0
2015-08-03,28.503,28.64,27.729,28.586,173657,0
2015-08-04,28.645,28.645,27.481,27.541,126185,0
2015-08-05,27.85,28.466,27.535,28.03,171841,0
2015-08-06,28.097,28.097,27.308,27.782,106722,0
2015-08-07,27.678,27.856,27.496,27.722,87053,0
2015-08-10,27.081,28.13,27.081,27.644,149481,0
2015-08-11,27.706,27.952,27.089,27.622,85579,0
2015-08-12,27.838,28.193,27.367,28.139,35134,0
2015-08-13,28.039,28.039,27.382,27.568,47062,0
2015-08-14,27.684,27.961,27.382,27.746,81546,0
2015-08-17,27.676,27.946,27.644,27.845,67804,0
2015-08-18,27.93,27.93,27.59,27.799,35134,0
2015-08-19,27.876,28.232,27.421,27.684,71564,0
2015-08-20,27.676,28.824,27.629,28.586,90492,0
2015-08-21,28.401,28.601,28.014,28.293,57693,0
2015-08-24,27.274,27.906,26.804,27.16,129079,0
2015-08-25,28.193,28.339,26.689,26.998,82326,0
2015-08-26,27.299,27.299,26.457,27.011,63137,0
2015-08-27,27.22,28.316,27.198,27.93,260196,0
2015-08-28,27.93,28.5,27.576,28.084,161667,0
2015-08-31,27.761,27.969,27.614,27.622,137553,0
2015-09-01,27.506,27.793,27.005,27.181,143645,0
2015-09-02,27.405,27.861,26.988,27.274,63137,0
2015-09-03,27.206,27.869,27.206,27.252,49652,0
2015-09-04,27.327,28.093,27.005,27.59,66895,0
2015-09-08,27.552,27.746,27.337,27.622,57693,0
2015-09-09,27.715,27.983,27.374,27.437,73768,0
2015-09-10,27.498,28.107,27.289,27.46,74078,0
2015-09-11,27.374,27.374,27.02,27.244,119272,0
2015-09-14,27.229,27.56,26.958,27.444,67804,0
2015-09-15,27.305,27.536,27.065,27.105,54838,0
2015-09-16,27.22,27.392,27.011,27.16,40060,0
2015-09-17,27.244,27.267,26.843,26.889,45136,0
2015-09-18,26.81,27.498,26.65,27.299,97883,0
2015-09-21,27.706,27.706,27.152,27.152,104495,0
2015-09-22,27.152,27.172,26.781,27.065,141313,0
2015-09-23,26.973,27.163,26.612,26.95,95393,0
2015-09-24,26.927,27.035,26.495,26.541,66178,0
2015-09-25,26.642,26.672,25.408,25.632,115255,0
2015-09-28,25.663,25.663,24.221,24.768,122799,0
2015-09-29,24.737,24.83,22.993,23.14,217543,0
2015-09-30,23.095,24.051,23.095,23.882,189022,0
2015-10-01,23.911,24.514,23.79,23.989,99308,0
2015-10-02,23.919,24.976,23.896,24.351,96199,0
2015-10-05,24.635,25.848,24.582,25.756,46597,0
2015-10-06,25.756,26.216,25.083,25.701,98920,0
2015-10-07,26.224,27.02,26.224,26.875,79749,0
2015-10-08,26.998,27.582,26.998,27.144,82326,0
2015-10-09,27.382,27.498,25.918,26.419,96714,0
2015-10-12,26.165,26.419,25.681,26.388,45878,0
2015-10-13,26.086,26.534,26.086,26.211,51599,0
2015-10-14,26.35,27.289,25.994,26.165,84788,0
2015-10-15,26.026,26.086,25.014,25.516,104236,0
2015-10-16,25.608,25.994,24.999,25.694,104495,0
2015-10-19,25.677,25.723,25.072,25.192,54537,0
2015-10-20,25.183,25.571,25.146,25.547,70397,0
2015-10-21,25.555,25.802,25.192,25.425,37985,0
2015-10-22,25.694,25.723,25.138,25.531,70917,0
2015-10-23,25.555,25.848,24.936,25.083,85697,0
2015-10-26,24.983,25.291,24.506,24.798,90492,0
2015-10-27,24.351,24.367,22.662,23.449,216378,0
2015-10-28,23.571,24.32,23.534,23.703,127571,0
2015-10-29,23.681,23.681,22.893,22.993,92179,0
2015-10-30,23.032,23.14,22.074,22.569,99827,0
2015-11-02,22.408,22.414,21.604,21.806,224383,0
2015-11-03,21.96,22.662,21.784,21.967,348144,0
2015-11-04,22.122,22.453,21.859,22.014,130145,0
2015-11-05,22.214,22.214,21.359,21.96,116420,0
2015-11-06,22.114,22.322,21.737,21.745,153888,0
2015-11-09,21.8,21.8,21.025,21.2,98262,0
2015-11-10,21.066,21.496,20.491,20.507,87535,0
2015-11-11,20.434,20.778,19.117,19.46,185340,0
2015-11-12,20.601,21.392,19.341,19.525,116841,0
2015-11-13,19.405,19.555,18.942,19.453,131241,0
2015-11-16,19.252,20.059,19.252,19.532,86034,0
2015-11-17,19.563,19.843,19.165,19.692,110702,0
2015-11-18,19.572,20.044,19.572,19.852,72759,0
2015-11-19,20.02,20.187,18.815,18.925,235056,0
2015-11-20,18.855,19.292,18.582,19.133,158289,0
2015-11-23,19.23,19.365,18.815,19.101,174069,0
2015-11-24,19.101,19.581,18.958,19.013,53599,0
2015-11-25,19.005,19.309,18.582,18.815,95550,0
2015-11-27,18.933,19.382,18.775,19.187,30430,0
2015-11-30,19.165,19.309,18.869,19.045,78394,0
2015-12-01,19.101,19.236,18.789,18.974,94523,0
2015-12-02,18.877,19.14,18.566,18.67,61202,0
2015-12-03,18.797,18.797,17.849,17.967,95972,0
2015-12-04,17.967,18.318,17.712,17.879,123601,0
2015-12-07,17.688,17.703,15.731,15.947,339247,0
2015-12-08,15.635,16.416,15.072,16.203,148400,0
2015-12-09,15.978,16.849,15.683,16.698,169561,0
2015-12-10,16.713,17.209,16.122,16.321,107950,0
2015-12-11,16.028,16.051,15.467,15.746,138003,0
2015-12-14,15.675,15.675,14.614,14.646,228380,0
2015-12-15,14.614,14.957,14.261,14.389,162172,0
2015-12-16,14.389,14.988,14.373,14.917,230673,0
2015-12-17,15.188,15.765,12.913,13.152,359410,0
2015-12-18,13.119,14.031,12.545,13.175,459969,0
2015-12-21,13.303,13.863,12.895,13.767,369929,0
2015-12-22,13.742,15.652,13.503,15.635,256881,0
2015-12-23,15.795,16.546,14.789,16.497,226039,0
2015-12-24,16.41,17.017,15.786,16.769,250769,0
2015-12-28,16.841,17.703,16.003,17.2,306199,0
2015-12-29,17.265,17.632,16.106,16.385,212217,0
2015-12-30,16.217,16.754,15.109,15.109,133686,0
2015-12-31,15.147,16.115,15.1,16.115,129678,0
2016-01-04,15.851,16.762,15.62,16.522,129711,0
2016-01-05,16.633,16.809,16.115,16.235,87345,0
2016-01-06,15.916,16.65,15.722,15.731,160541,0
2016-01-07,15.571,16.084,15.259,15.492,178017,0
2016-01-08,15.746,16.291,15.523,15.699,80422,0
2016-01-11,15.635,15.947,14.733,14.733,234538,0
2016-01-12,14.774,15.348,13.215,13.44,327089,0
2016-01-13,13.376,14.765,12.784,12.93,214486,0
2016-01-14,12.969,13.262,11.986,13.128,437280,0
2016-01-15,12.689,12.833,11.418,11.945,502111,0
2016-01-19,11.977,12.066,11.018,11.123,287402,0
2016-01-20,10.996,11.468,9.925,10.987,381542,0
2016-01-21,11.018,12.497,11.018,11.339,323850,0
2016-01-22,11.906,12.329,11.523,11.577,519300,0
2016-01-25,11.794,11.923,10.74,11.06,184443,0
2016-01-26,11.61,13.695,11.299,13.376,243293,0
2016-01-27,12.976,13.751,12.482,13.383,369821,0
2016-01-28,14.062,14.062,13.31,13.814,211492,0
2016-01-29,13.989,14.295,13.871,14.174,193812,0
2016-02-01,13.975,14.254,13.224,13.871,190650,0
2016-02-02,13.623,14.119,13.512,13.814,328685,0
2016-02-03,14.062,14.382,13.447,14.341,355554,0
2016-02-04,14.453,14.852,13.975,14.461,289512,0
2016-02-05,14.382,14.669,13.935,14.101,191611,0
2016-02-08,13.975,14.214,13.574,13.758,200683,0
2016-02-09,13.758,13.963,12.234,12.608,251983,0
2016-02-10,13.511,13.511,11.316,11.495,388550,0
2016-02-11,11.384,11.607,10.244,10.585,494255,0
2016-02-12,10.561,11.477,10.561,10.984,164982,0
2016-02-16,11.232,11.598,10.942,11.045,203328,0
2016-02-17,11.222,11.495,10.832,11.003,173117,0
2016-02-18,10.917,11.464,10.743,10.951,220489,0
2016-02-19,11.011,11.011,10.289,10.714,101080,0
2016-02-22,11.011,11.128,10.5,11.011,234775,0
2016-02-23,10.9,11.045,10.459,10.891,115671,0
2016-02-24,10.714,11.528,10.423,11.148,115088,0
2016-02-25,11.138,11.393,10.764,11.062,117273,0
2016-02-26,11.257,11.351,11.128,11.171,128525,0
2016-02-29,11.384,11.894,11.037,11.758,73757,0
2016-03-01,11.792,11.988,11.571,11.657,130471,0
2016-03-02,11.647,11.964,11.537,11.809,62094,0
2016-03-03,11.826,12.099,11.69,11.852,160641,0
2016-03-04,11.903,12.567,11.766,11.903,333368,0
2016-03-07,12.031,12.559,11.903,12.208,300780,0
2016-03-08,12.217,12.916,11.945,12.71,289859,0
2016-03-09,12.983,13.101,12.449,12.54,264203,0
2016-03-10,12.6,12.685,12.013,12.414,289804,0
2016-03-11,12.498,12.593,12.133,12.268,163803,0
2016-03-14,12.158,12.583,11.792,12.31,203731,0
2016-03-15,12.208,12.208,11.333,11.725,276389,0
2016-03-16,11.732,12.158,11.607,12.099,69223,0
2016-03-17,12.202,12.319,12.031,12.115,171840,0
2016-03-18,12.099,12.573,11.945,12.303,267918,0
2016-03-21,12.303,12.489,11.402,11.69,176853,0
2016-03-22,11.598,11.657,11.232,11.453,217675,0
2016-03-23,11.333,11.444,10.714,11.189,210342,0
2016-03-24,11.138,12.608,11.138,12.464,404824,0
2016-03-28,12.752,12.873,11.537,11.903,142760,0
2016-03-29,11.766,12.643,11.631,12.6,113933,0
2016-03-30,12.752,13.086,12.669,12.916,90803,0
2016-03-31,12.848,13.034,12.175,12.43,148764,0
2016-04-01,12.245,12.348,11.708,11.819,165733,0
2016-04-04,11.809,12.55,11.7,11.75,132161,0
2016-04-05,11.894,12.414,11.766,12.107,70587,0
2016-04-06,12.158,12.55,12.065,12.396,61788,0
2016-04-07,12.405,12.737,12.04,12.184,110620,0
2016-04-08,12.353,13.501,12.235,12.957,305540,0
2016-04-11,13.111,13.511,12.864,12.991,137051,0
2016-04-12,13.298,13.409,13.043,13.314,120846,0
2016-04-13,13.409,13.771,13.254,13.731,129255,0
2016-04-14,13.868,14.012,13.519,13.553,136864,0
2016-04-15,13.519,14.444,13.427,13.74,199473,0
2016-04-18,13.774,14.444,13.664,14.139,161628,0
2016-04-19,14.173,14.619,14.053,14.547,256497,0
2016-04-20,14.547,15.134,14.547,14.692,96937,0
2016-04-21,14.922,15.261,14.403,14.462,194568,0
2016-04-22,14.793,15.261,14.624,14.812,98726,0
2016-04-25,14.887,15.27,14.764,14.846,162540,0
2016-04-26,14.581,15.449,14.453,15.109,303097,0
2016-04-27,15.202,16.366,15.091,15.89,283224,0
2016-04-28,16.154,16.154,15.27,15.516,268286,0
2016-04-29,15.611,15.976,14.871,14.965,253083,0
2016-05-02,14.965,15.202,14.453,14.973,176450,0
2016-05-03,14.887,14.887,14.157,14.598,135259,0
2016-05-04,14.624,15.094,14.333,14.616,146164,0
2016-05-05,14.785,15.082,14.513,14.937,179223,0
2016-05-06,14.997,15.67,14.754,15.644,200530,0
2016-05-09,15.704,15.83,15.143,15.584,269660,0
2016-05-10,15.611,16.103,15.458,15.874,199306,0
2016-05-11,15.874,16.154,15.445,15.612,235632,0
2016-05-12,15.646,15.646,15.015,15.138,93341,0
2016-05-13,15.059,15.059,14.394,14.673,121231,0
2016-05-16,14.629,15.025,14.498,14.98,116286,0
2016-05-17,15.059,15.269,14.761,14.972,113652,0
2016-05-18,14.884,15.033,14.599,14.7,72755,0
2016-05-19,14.525,15.234,14.473,14.944,155783,0
2016-05-20,15.138,15.418,14.806,15.26,130036,0
2016-05-23,15.287,15.698,15.111,15.33,88771,0
2016-05-24,15.322,15.339,15.069,15.111,63304,0
2016-05-25,15.129,15.287,14.743,14.778,60297,0
2016-05-26,14.83,14.935,14.41,14.569,126873,0
2016-05-27,14.473,14.718,14.261,14.403,40697,0
2016-05-31,14.454,14.525,14.016,14.218,76809,0
2016-06-01,14.41,14.928,14.156,14.928,130964,0
2016-06-02,14.771,15.805,14.771,15.776,117116,0
2016-06-03,15.776,17.161,15.77,16.74,386541,0
2016-06-06,16.715,17.749,16.679,17.477,327798,0
2016-06-07,17.582,17.704,17.275,17.486,164816,0
2016-06-08,17.66,18.011,17.582,17.8,78470,0
2016-06-09,17.679,17.679,16.925,17.433,86875,0
2016-06-10,17.223,17.918,16.804,17.547,76912,0
2016-06-13,17.486,17.688,16.969,17.249,138863,0
2016-06-14,17.127,17.294,16.548,17.231,160626,0
2016-06-15,16.915,17.899,16.575,17.749,177946,0
2016-06-16,17.66,17.758,17.442,17.574,75804,0
2016-06-17,17.758,18.256,17.468,17.688,105071,0
2016-06-20,17.914,18.179,17.574,18.073,68432,0
2016-06-21,18.116,18.116,17.716,17.766,49275,0
2016-06-22,17.924,17.949,17.099,17.231,60549,0
2016-06-23,17.328,18.179,17.328,18.029,55068,0
2016-06-24,17.362,17.779,17.362,17.74,59563,0
2016-06-27,17.52,17.564,16.645,17.424,155632,0
2016-06-28,17.6,18.082,17.205,17.924,109151,0
2016-06-29,18.179,18.659,17.827,18.353,104808,0
2016-06-30,18.16,18.616,17.704,18.431,326166,0
2016-07-01,18.396,19.105,18.107,18.73,148129,0
2016-07-05,19.274,19.274,17.774,18.485,224612,0
2016-07-06,18.291,20.491,17.935,20.288,152730,0
2016-07-07,20.412,20.456,19.115,19.115,48544,0
2016-07-08,19.343,20.544,19.211,20.403,84730,0
2016-07-11,20.28,20.674,19.439,19.488,67736,0
2016-07-12,19.773,20.148,19.394,19.552,112212,0
2016-07-13,19.58,19.58,19.066,19.125,78703,0
2016-07-14,19.439,19.605,19.239,19.36,141141,0
2016-07-15,19.325,20.393,19.027,20.148,457069,0
2016-07-18,20.096,20.867,19.737,20.683,126611,0
2016-07-19,20.824,20.824,19.913,20.508,120708,0
2016-07-20,20.369,21.305,20.323,21.009,87155,0
2016-07-21,21.129,21.612,21.095,21.358,37350,0
2016-07-22,21.358,22.216,21.069,21.595,63726,0
2016-07-25,21.603,21.682,21.376,21.595,57455,0
2016-07-26,21.595,24.529,21.595,23.205,368086,0
2016-07-27,23.426,23.679,22.435,22.637,98127,0
2016-07-28,22.522,23.083,22.163,22.278,51467,0
2016-07-29,22.286,22.758,22.182,22.286,48643,0
2016-08-01,22.514,22.574,21.736,21.969,78965,0
2016-08-02,22.032,22.226,21.12,21.156,83325,0
2016-08-03,21.174,22.158,20.903,22.094,84749,0
2016-08-04,22.094,22.233,21.629,21.682,89515,0
2016-08-05,21.813,22.162,21.709,22.119,59316,0
2016-08-08,22.226,22.295,21.989,22.032,116284,0
2016-08-09,22.05,22.216,21.769,22.05,85664,0
2016-08-10,22.05,22.355,20.868,21.208,106557,0
2016-08-11,21.163,21.565,20.868,21.361,57353,0
2016-08-12,21.504,21.995,21.459,21.86,39037,0
2016-08-15,21.762,22.149,21.683,22.059,69612,0
2016-08-16,22.032,22.228,21.565,21.565,26965,0
2016-08-17,21.619,21.926,21.136,21.369,39432,0
2016-08-18,21.459,21.71,21.325,21.611,57824,0
2016-08-19,21.71,21.764,21.075,21.405,47612,0
2016-08-22,21.19,21.422,21.11,21.361,40021,0
2016-08-23,21.513,22.613,21.513,22.604,72620,0
2016-08-24,22.408,22.613,22.022,22.255,57249,0
2016-08-25,22.112,22.568,21.809,22.22,28822,0
2016-08-26,22.39,22.39,21.494,21.638,88164,0
2016-08-29,21.683,22.533,21.664,22.524,42276,0
2016-08-30,22.39,22.568,21.961,22.524,89169,0
2016-08-31,22.291,22.604,22.05,22.444,114734,0
2016-09-01,22.274,22.48,21.897,22.417,33995,0
2016-09-02,22.524,22.613,22.345,22.552,73482,0
2016-09-06,22.578,23.376,22.578,23.151,99726,0
2016-09-07,23.124,23.393,22.766,23.017,70138,0
2016-09-08,23.204,23.331,22.981,23.062,112490,0
2016-09-09,23.089,23.143,22.658,22.658,28145,0
2016-09-12,22.435,22.658,22.006,22.453,67114,0
2016-09-13,22.543,22.543,20.196,20.563,144291,0
2016-09-14,20.679,21.055,20.33,20.715,21447,0
2016-09-15,20.868,21.441,20.645,21.422,29767,0
2016-09-16,21.19,21.565,21.046,21.378,30216,0
2016-09-19,21.27,21.844,21.27,21.45,22617,0
2016-09-20,21.504,22.91,21.486,22.399,65922,0
2016-09-21,22.588,22.819,22.247,22.802,71407,0
2016-09-22,23.124,23.43,22.604,22.829,98046,0
2016-09-23,22.838,22.919,22.077,22.613,75097,0
2016-09-26,22.596,23.076,22.596,22.633,79301,0
2016-09-27,22.533,22.869,22.448,22.676,72442,0
2016-09-28,22.741,23.734,22.633,22.874,137211,0
2016-09-29,22.838,23.639,22.838,23.42,84552,0
2016-09-30,23.295,24.083,23.287,23.331,99411,0
2016-10-03,23.491,24.038,23.38,23.833,48922,0
2016-10-04,23.823,23.931,23.286,23.367,42443,0
2016-10-05,23.627,24.163,23.44,23.966,65299,0
2016-10-06,24.182,25.14,24.155,24.817,151144,0
2016-10-07,24.852,25.031,24.414,24.664,68405,0
2016-10-10,24.871,25.31,24.647,24.763,63256,0
2016-10-11,24.592,24.763,24.182,24.333,89906,0
2016-10-12,24.379,24.791,23.383,23.705,34756,0
2016-10-13,23.67,23.715,23.287,23.635,59225,0
2016-10-14,23.804,24.692,23.804,24.449,39143,0
2016-10-17,24.592,25.113,24.592,24.791,43100,0
2016-10-18,24.799,25.157,24.719,25.005,51376,0
2016-10-19,25.113,25.48,24.808,25.248,97590,0
2016-10-20,25.265,25.288,24.781,25.076,94752,0
2016-10-21,25.041,25.381,24.799,25.076,132998,0
2016-10-24,25.248,25.31,24.683,24.791,66451,0
2016-10-25,24.808,25.068,24.297,24.925,124680,0
2016-10-26,24.952,25.099,24.539,24.602,112683,0
2016-10-27,24.844,25.318,24.629,25.219,83320,0
2016-10-28,25.972,26.305,25.169,25.686,135356,0
2016-10-31,25.686,27.477,25.686,27.191,203890,0
2016-11-01,27.746,28.449,26.662,26.912,117236,0
2016-11-02,26.69,27.307,26.366,26.988,92863,0
2016-11-03,27.136,27.432,25.534,25.757,106513,0
2016-11-04,25.534,26.027,25.31,25.622,58397,0
2016-11-07,25.615,26.034,24.942,25.095,107238,0
2016-11-08,25.049,25.315,24.62,24.721,69609,0
2016-11-09,25.853,28.584,25.853,27.543,314534,0
2016-11-10,28.147,28.473,26.911,27.077,148905,0
2016-11-11,26.721,27.023,25.059,25.917,185694,0
2016-11-14,26.008,26.84,25.579,26.401,218316,0
2016-11-15,26.347,26.675,26.008,26.392,54599,0
2016-11-16,26.721,26.739,25.777,25.871,84141,0
2016-11-17,26.201,26.301,25.369,25.925,142453,0
2016-11-18,26.172,27.305,25.26,27.022,66734,0
2016-11-21,27.378,27.378,26.685,26.721,54096,0
2016-11-22,26.949,27.323,26.904,27.187,99099,0
2016-11-23,27.268,27.445,26.949,26.995,51804,0
2016-11-25,26.795,26.949,24.784,25.04,158947,0
2016-11-28,25.215,25.369,24.28,25.059,153707,0
2016-11-29,25.022,26.064,24.365,25.47,152066,0
2016-11-30,25.925,26.584,25.222,26.456,152700,0
2016-12-01,26.675,26.675,25.734,25.908,83321,0
2016-12-02,26.172,27.168,25.579,27.141,114105,0
2016-12-05,26.831,27.753,26.035,27.488,90505,0
2016-12-06,27.552,29.033,27.338,28.894,114989,0
2016-12-07,29.004,29.873,28.831,29.533,115652,0
2016-12-08,29.708,29.735,28.521,28.584,65750,0
2016-12-09,28.575,28.857,27.871,28.374,88145,0
2016-12-12,28.593,28.789,27.448,27.598,67533,0
2016-12-13,27.771,28.238,26.117,26.255,97711,0
2016-12-14,26.265,26.547,25.36,25.88,88156,0
2016-12-15,25.917,26.265,25.587,25.954,58461,0
2016-12-16,25.945,26.383,25.744,25.752,66829,0
2016-12-19,25.77,26.137,25.762,25.825,60579,0
2016-12-20,25.835,26.055,25.36,25.451,81143,0
2016-12-21,25.497,25.789,24.821,25.642,97499,0
2016-12-22,25.807,26.035,25.351,26.008,85045,0
2016-12-23,25.935,26.347,25.755,26.172,76781,0
2016-12-27,26.437,28.155,26.21,27.607,97278,0
2016-12-28,27.853,27.891,26.492,27.005,75706,0
2016-12-29,27.214,27.762,26.502,26.538,67566,0
2016-12-30,26.502,26.949,25.597,25.671,91631,0
2017-01-03,25.671,26.401,25.624,25.752,104124,0
2017-01-04,25.606,26.711,25.597,26.383,58991,0
2017-01-05,26.383,26.657,25.889,26.21,62133,0
2017-01-06,26.191,26.565,25.88,26.217,48867,0
2017-01-09,25.908,25.999,25.259,25.259,69453,0
2017-01-10,25.487,26.21,25.487,25.789,41445,0
2017-01-11,25.871,26.155,25.405,25.77,60146,0
2017-01-12,25.734,25.807,25.432,25.671,33341,0
2017-01-13,25.561,26.419,25.515,25.817,51705,0
2017-01-17,25.962,26.225,25.697,25.707,49631,0
2017-01-18,25.616,25.789,24.976,25.068,60236,0
2017-01-19,25.031,25.436,24.445,24.583,104237,0
2017-01-20,24.583,25.113,24.391,24.583,94510,0
2017-01-23,24.747,25.068,24.483,24.701,79190,0
2017-01-24,24.802,25.744,24.802,25.542,71191,0
2017-01-25,25.36,25.798,25.315,25.671,51217,0
2017-01-26,25.671,26.102,25.405,25.844,73894,0
2017-01-27,25.853,26.675,25.697,26.502,76123,0
2017-01-30,27.297,28.046,26.648,27.652,152067,0
2017-01-31,27.771,27.853,27.197,27.37,119675,0
2017-02-01,27.534,27.935,26.371,26.748,61928,0
2017-02-02,26.748,27.488,26.748,27.397,75781,0
2017-02-03,27.461,28.037,27.305,27.817,75048,0
2017-02-06,28.046,28.959,27.886,28.813,160864,0
2017-02-07,28.858,29.059,28.721,28.867,96223,0
2017-02-08,28.812,28.812,28.041,28.728,76393,0
2017-02-09,28.282,28.449,27.482,27.613,90343,0
2017-02-10,27.696,27.956,27.334,27.631,62508,0
2017-02-13,27.519,27.548,27.046,27.502,82298,0
2017-02-14,27.464,27.79,27.082,27.761,98705,0
2017-02-15,27.678,28.104,27.548,27.854,40444,0
2017-02-16,27.872,28.254,27.845,28.124,83187,0
2017-02-17,28.217,28.802,28.124,28.487,76098,0
2017-02-21,28.914,30.039,28.7,29.239,150064,0
2017-02-22,29.333,29.333,28.003,28.719,77278,0
2017-02-23,28.765,28.812,27.427,27.519,64318,0
2017-02-24,27.324,27.947,26.507,27.361,81336,0
2017-02-27,27.38,28.151,27.38,27.539,43334,0
2017-02-28,27.51,27.909,26.599,26.599,59895,0
2017-03-01,26.832,27.984,26.743,26.794,74334,0
2017-03-02,26.646,26.981,26.18,26.329,63083,0
2017-03-03,26.562,27.519,26.042,26.711,100542,0
2017-03-06,26.441,26.72,26.135,26.385,85354,0
2017-03-07,26.237,26.636,26.209,26.265,84354,0
2017-03-08,26.404,26.58,25.976,26.051,127364,0
2017-03-09,26.061,26.125,25.521,25.568,156962,0
2017-03-10,25.809,26.116,25.644,26.061,48950,0
2017-03-13,26.078,26.265,25.929,26.068,53489,0
2017-03-14,26.031,26.395,25.892,26.014,100690,0
2017-03-15,26.041,26.496,25.818,26.283,46230,0
2017-03-16,26.515,26.515,25.912,26.135,90649,0
2017-03-17,26.088,26.317,24.777,25.168,279441,0
2017-03-20,25.252,25.92,24.949,25.521,97458,0
2017-03-21,25.744,25.744,24.963,25.037,117593,0
2017-03-22,24.795,25.185,24.777,25.0,54470,0
2017-03-23,25.009,25.13,24.824,24.944,53898,0
2017-03-24,25.121,25.121,24.136,24.302,98755,0
2017-03-27,24.015,24.404,23.652,24.061,110641,0
2017-03-28,24.015,24.907,23.819,23.922,112730,0
2017-03-29,24.117,25.967,24.117,25.502,146716,0
2017-03-30,25.855,27.204,25.751,26.664,196061,0
2017-03-31,26.543,26.897,25.4,25.502,117565,0
2017-04-03,25.511,26.742,25.511,26.617,144151,0
2017-04-04,26.441,26.711,26.053,26.358,77009,0
2017-04-05,26.366,26.869,26.142,26.302,63135,0
2017-04-06,26.283,27.408,26.162,27.158,96213,0
2017-04-07,27.101,27.445,26.312,26.562,71382,0
2017-04-10,26.562,26.562,25.976,26.068,80649,0
2017-04-11,26.2,26.636,26.051,26.46,89444,0
2017-04-12,26.414,26.497,25.967,26.18,103645,0
2017-04-13,26.125,26.265,25.921,26.116,53036,0
2017-04-17,26.098,26.46,26.031,26.312,98250,0
2017-04-18,26.265,26.488,25.334,25.595,126047,0
2017-04-19,25.716,25.967,25.414,25.688,57400,0
2017-04-20,25.818,26.358,25.521,25.651,67277,0
2017-04-21,25.651,25.952,25.428,25.622,58073,0
2017-04-24,25.651,26.349,25.436,25.734,82983,0
2017-04-25,25.79,25.879,25.428,25.539,117165,0
2017-04-26,25.428,25.632,25.195,25.446,97432,0
2017-04-27,25.344,25.507,24.647,24.768,104160,0
2017-04-28,24.88,25.111,24.637,24.777,96872,0
2017-05-01,26.031,27.556,25.195,27.343,258726,0
2017-05-02,27.343,27.445,26.274,26.692,235388,0
2017-05-03,26.599,27.473,26.58,27.12,120730,0
2017-05-04,27.11,27.51,26.366,27.018,92551,0
2017-05-05,27.046,27.775,26.822,27.324,115826,0
2017-05-08,27.585,28.338,27.268,27.417,189007,0
2017-05-09,27.548,27.655,27.166,27.232,152472,0
2017-05-10,27.677,27.961,27.165,27.904,316251,0
2017-05-11,27.847,27.971,27.26,27.449,125562,0
2017-05-12,27.326,27.421,27.019,27.212,118084,0
2017-05-15,27.241,27.829,27.184,27.639,157290,0
2017-05-16,27.573,27.799,27.07,27.174,55975,0
2017-05-17,27.023,27.39,26.808,27.194,80382,0
2017-05-18,26.843,27.421,26.682,26.729,133560,0
2017-05-19,26.616,27.762,26.616,27.421,146556,0
2017-05-22,27.573,27.895,27.075,27.402,178854,0
2017-05-23,27.355,27.715,27.269,27.373,104369,0
2017-05-24,27.392,27.715,27.052,27.212,134957,0
2017-05-25,27.269,27.478,26.814,26.985,102488,0
2017-05-26,26.956,27.649,26.956,27.355,76523,0
2017-05-30,27.098,27.279,26.426,26.71,102451,0
2017-05-31,26.616,27.203,26.162,26.824,186152,0
2017-06-01,26.88,27.133,26.578,26.776,76501,0
2017-06-02,26.72,26.776,26.217,26.54,112054,0
2017-06-05,26.369,26.601,25.933,26.075,84426,0
2017-06-06,25.999,25.999,25.536,25.658,79167,0
2017-06-07,25.658,25.999,24.853,25.052,165056,0
2017-06-08,24.891,25.421,24.882,25.204,98841,0
2017-06-09,25.128,25.46,25.113,25.356,83003,0
2017-06-12,25.27,26.227,25.156,26.028,124196,0
2017-06-13,26.464,27.829,26.161,27.336,143485,0
2017-06-14,27.573,27.705,26.085,26.171,75450,0
2017-06-15,26.341,26.565,24.787,25.138,251565,0
2017-06-16,25.138,25.621,21.518,21.641,969055,0
2017-06-19,22.323,23.442,21.612,23.28,514627,0
2017-06-20,22.939,23.179,22.602,22.693,139950,0
2017-06-21,22.693,22.823,21.66,21.784,153131,0
2017-06-22,21.792,22.399,21.713,22.134,119192,0
2017-06-23,22.172,22.901,22.061,22.854,65675,0
2017-06-26,22.787,23.488,22.644,23.081,55161,0
2017-06-27,23.299,23.802,22.456,22.589,100397,0
2017-06-28,22.845,23.366,22.541,23.204,83355,0
2017-06-29,23.328,23.399,23.025,23.252,310128,0
2017-06-30,23.404,23.404,22.371,22.456,164051,0
2017-07-03,22.787,23.498,22.787,23.413,25688,0
2017-07-05,23.754,23.754,22.891,23.45,63750,0
2017-07-06,23.233,23.484,22.636,22.883,37492,0
2017-07-07,23.025,23.328,22.539,23.328,77575,0
2017-07-10,23.015,23.877,22.835,23.726,333263,0
2017-07-11,23.622,24.806,23.375,24.645,102468,0
2017-07-12,24.73,25.09,23.972,24.379,63610,0
2017-07-13,24.057,24.899,24.029,24.607,39407,0
2017-07-14,24.701,24.981,24.247,24.654,39180,0
2017-07-17,24.427,24.986,24.123,24.9,53261,0
2017-07-18,24.597,24.929,24.181,24.275,36344,0
2017-07-19,24.389,25.024,24.265,24.938,43681,0
2017-07-20,24.882,25.095,23.744,24.076,78912,0
2017-07-21,23.934,24.133,23.481,23.688,41287,0
2017-07-24,23.688,24.01,23.309,23.934,52045,0
2017-07-25,23.82,24.256,23.66,24.209,45563,0
2017-07-26,24.237,24.701,23.849,24.152,59917,0
2017-07-27,24.19,24.579,24.123,24.351,73276,0
2017-07-28,24.303,24.407,23.83,24.086,48751,0
2017-07-31,26.028,27.885,25.782,27.127,583147,0
2017-08-01,27.127,27.232,26.606,26.767,138181,0
2017-08-02,26.748,27.762,26.058,26.918,173740,0
2017-08-03,26.814,26.814,26.113,26.54,118961,0
2017-08-04,26.949,26.966,26.432,26.72,56602,0
2017-08-07,27.06,27.232,26.435,26.54,102260,0
2017-08-08,26.758,26.918,25.63,25.801,124798,0
2017-08-09,25.995,26.424,25.358,26.278,84140,0
2017-08-10,26.268,26.268,25.557,25.694,57956,0
2017-08-11,25.499,26.375,25.499,25.771,81852,0
2017-08-14,26.034,26.296,25.129,25.703,80214,0
2017-08-15,25.547,25.83,25.178,25.625,73494,0
2017-08-16,25.625,26.259,25.333,25.655,66916,0
2017-08-17,25.655,25.694,25.324,25.324,71502,0
2017-08-18,25.655,25.762,25.116,25.752,71981,0
2017-08-21,25.869,25.869,25.363,25.47,66829,0
2017-08-22,25.353,25.538,24.856,25.216,138270,0
2017-08-23,25.314,25.401,24.827,25.178,48152,0
2017-08-24,25.1,25.655,24.914,25.46,85056,0
2017-08-25,25.752,25.752,25.294,25.674,76219,0
2017-08-28,25.82,26.132,25.314,25.742,234049,0
2017-08-29,25.995,26.19,25.543,26.151,157312,0
2017-08-30,26.122,26.287,25.762,26.064,89014,0
2017-08-31,26.287,26.949,25.995,26.823,136262,0
2017-09-01,26.842,27.378,26.545,27.261,167578,0
2017-09-05,27.281,27.281,25.81,26.385,270224,0
2017-09-06,26.521,26.706,26.239,26.677,33516,0
2017-09-07,26.726,26.726,26.034,26.278,37566,0
2017-09-08,26.171,26.268,25.411,25.577,27062,0
2017-09-11,25.606,25.82,25.382,25.499,46813,0
2017-09-12,25.411,25.897,25.411,25.713,42423,0
2017-09-13,25.577,25.966,25.47,25.674,36102,0
2017-09-14,25.869,25.888,25.372,25.771,40150,0
2017-09-15,25.791,27.066,25.557,27.066,131282,0
2017-09-18,26.813,26.813,26.034,26.531,72263,0
2017-09-19,26.58,26.702,26.191,26.385,56565,0
2017-09-20,26.618,27.339,26.287,26.424,96160,0
2017-09-21,26.287,26.404,25.713,25.84,98132,0
2017-09-22,25.771,26.287,25.771,26.005,57499,0
2017-09-25,26.2,26.657,25.918,26.19,78754,0
2017-09-26,26.385,26.677,26.044,26.161,192757,0
2017-09-27,26.385,26.385,26.102,26.37,82030,0
2017-09-28,26.356,26.424,26.102,26.229,127794,0
2017-09-29,26.385,27.125,26.21,27.125,79516,0
2017-10-02,26.969,27.31,26.531,26.735,97322,0
2017-10-03,26.502,26.628,26.297,26.463,50980,0
2017-10-04,26.696,26.696,26.141,26.258,61931,0
2017-10-05,26.287,26.691,26.287,26.687,77240,0
2017-10-06,26.667,26.959,26.541,26.618,66912,0
2017-10-09,26.531,26.667,25.84,26.219,117764,0
2017-10-10,26.55,26.833,26.307,26.541,77707,0
2017-10-11,26.317,27.358,26.302,27.076,97171,0
2017-10-12,27.076,27.336,26.744,27.105,172439,0
2017-10-13,27.023,27.748,27.013,27.31,134529,0
2017-10-16,27.495,27.719,27.047,27.183,141910,0
2017-10-17,27.261,27.719,27.242,27.495,77045,0
2017-10-18,27.621,27.719,27.02,27.495,80614,0
2017-10-19,27.456,27.573,27.154,27.475,49664,0
2017-10-20,27.631,27.719,27.212,27.407,65346,0
2017-10-23,27.3,27.495,26.988,27.193,59038,0
2017-10-24,27.115,27.504,27.115,27.29,19074,0
2017-10-25,27.076,27.241,26.541,26.774,87769,0
2017-10-26,26.57,27.232,26.443,27.096,35337,0
2017-10-27,26.94,27.738,26.94,27.427,94597,0
2017-10-30,26.901,28.011,26.541,27.504,123347,0
2017-10-31,27.456,27.495,26.92,26.998,123392,0
2017-11-01,27.271,27.547,26.998,27.261,160724,0
2017-11-02,27.446,27.456,27.173,27.319,182830,0
2017-11-03,27.358,27.417,26.979,27.076,105016,0
2017-11-06,27.339,27.527,27.076,27.3,119703,0
2017-11-07,27.427,27.427,27.076,27.115,140235,0
2017-11-08,27.14,27.52,26.81,26.85,113239,0
2017-11-09,26.58,26.87,25.73,26.03,156573,0
2017-11-10,25.85,26.35,25.755,25.95,86439,0
