Date,Open,High,Low,Close,Volume,OpenInt
2014-01-02,21.311,21.443,21.282,21.348,27166,0
2014-01-03,21.46,21.574,21.328,21.433,24371,0
2014-01-06,21.46,21.678,21.46,21.574,5566,0
2014-01-07,21.866,21.866,21.582,21.734,17263,0
2014-01-08,21.516,21.932,21.516,21.764,45724,0
2014-01-09,21.837,22.13,21.78,22.008,62373,0
2014-01-10,22.13,22.243,22.074,22.224,17850,0
2014-01-13,22.413,23.072,22.272,22.563,81081,0
2014-01-14,22.629,22.649,22.272,22.544,38470,0
2014-01-15,22.573,22.583,22.497,22.497,12612,0
2014-01-16,22.394,22.705,22.394,22.639,20289,0
2014-01-17,22.686,22.695,22.422,22.47,30219,0
2014-01-21,22.507,22.667,22.422,22.554,29302,0
2014-01-22,22.742,22.742,22.47,22.649,52886,0
2014-01-23,22.592,22.705,22.592,22.667,68225,0
2014-01-24,22.61,22.695,22.536,22.667,25508,0
2014-01-27,22.573,22.676,22.573,22.667,8270,0
2014-01-28,22.705,22.808,22.649,22.808,11697,0
2014-01-29,22.884,22.884,22.686,22.808,7057,0
2014-01-30,22.847,22.893,22.761,22.847,40612,0
2014-01-31,22.827,22.969,22.715,22.715,20703,0
2014-02-03,22.742,22.791,22.686,22.724,10829,0
2014-02-04,22.857,22.874,22.733,22.874,9573,0
2014-02-05,22.903,22.903,22.781,22.893,7706,0
2014-02-06,22.893,22.979,22.857,22.913,79312,0
2014-02-07,22.865,22.865,22.715,22.791,18509,0
2014-02-10,22.686,22.874,22.592,22.818,20759,0
2014-02-11,22.874,23.045,22.847,23.045,15791,0
2014-02-12,23.054,23.054,22.931,22.988,11628,0
2014-02-13,22.997,23.063,22.837,23.045,50027,0
2014-02-14,23.12,23.138,23.063,23.072,9544,0
2014-02-18,23.147,23.147,23.081,23.129,5545,0
2014-02-19,23.243,23.243,23.072,23.195,15681,0
2014-02-20,22.979,23.167,22.979,23.167,17069,0
2014-02-21,23.299,23.299,23.243,23.279,4621,0
2014-02-24,23.327,23.384,23.177,23.384,4746,0
2014-02-25,23.384,23.384,23.045,23.138,19972,0
2014-02-26,23.233,23.327,23.223,23.243,12439,0
2014-02-27,23.384,23.384,23.327,23.374,9890,0
2014-02-28,23.364,23.76,23.355,23.516,11420,0
2014-03-03,23.704,23.704,23.336,23.657,10494,0
2014-03-04,23.723,23.76,23.515,23.694,17842,0
2014-03-05,23.799,23.883,23.572,23.77,12182,0
2014-03-06,23.883,23.977,23.609,23.799,16685,0
2014-03-07,23.789,23.883,23.742,23.826,9226,0
2014-03-10,23.799,23.808,23.723,23.808,4706,0
2014-03-11,23.855,23.911,23.751,23.911,8127,0
2014-03-12,24.009,24.114,23.999,24.047,12013,0
2014-03-13,23.99,24.037,23.875,23.97,17629,0
2014-03-14,23.961,23.961,23.837,23.951,16661,0
2014-03-17,23.961,24.028,23.808,23.865,17932,0
2014-03-18,23.932,23.932,23.817,23.865,15297,0
2014-03-19,23.75,23.837,23.645,23.722,16556,0
2014-03-20,23.741,24.153,23.732,23.951,24203,0
2014-03-21,23.913,23.913,23.76,23.846,17973,0
2014-03-24,23.837,24.104,23.77,23.77,60604,0
2014-03-25,23.837,23.846,23.77,23.77,51892,0
2014-03-26,23.817,23.961,23.722,23.77,106636,0
2014-03-27,23.76,23.865,23.75,23.76,20645,0
2014-03-28,23.76,23.799,23.722,23.722,11056,0
2014-03-31,23.75,23.837,23.722,23.732,29554,0
2014-04-01,23.779,23.951,23.779,23.913,24962,0
2014-04-02,24.047,24.161,23.75,23.817,87534,0
2014-04-03,23.827,23.923,23.77,23.799,21290,0
2014-04-04,23.817,23.817,23.712,23.732,13902,0
2014-04-07,23.732,23.75,23.693,23.732,10229,0
2014-04-08,23.693,23.77,23.693,23.77,15580,0
2014-04-09,23.683,23.884,23.683,23.856,21323,0
2014-04-10,23.799,23.961,23.799,23.865,142196,0
2014-04-11,23.932,23.932,23.846,23.846,3729,0
2014-04-14,23.98,23.98,23.827,23.846,15103,0
2014-04-15,23.884,23.913,23.846,23.846,7918,0
2014-04-16,23.903,23.97,23.846,23.865,116801,0
2014-04-17,23.837,23.942,23.655,23.655,220152,0
2014-04-21,23.77,23.884,23.75,23.875,81972,0
2014-04-22,23.894,23.894,23.732,23.77,29465,0
2014-04-23,23.827,23.827,23.693,23.722,70111,0
2014-04-24,23.703,23.732,23.683,23.693,46042,0
2014-04-25,23.655,23.999,23.655,23.999,31230,0
2014-04-28,24.009,24.191,23.999,24.086,42409,0
2014-04-29,24.104,24.124,24.037,24.037,23548,0
2014-04-30,24.086,24.267,24.086,24.153,112225,0
2014-05-01,24.153,24.287,23.932,24.104,132311,0
2014-05-02,24.086,24.104,24.066,24.086,8923,0
2014-05-05,24.114,24.153,24.086,24.143,27642,0
2014-05-06,24.161,24.161,24.037,24.037,22124,0
2014-05-07,24.095,24.095,24.028,24.037,10491,0
2014-05-08,24.057,24.2,24.057,24.153,37670,0
2014-05-09,23.884,24.257,23.884,24.133,10394,0
2014-05-12,24.22,24.22,24.124,24.153,5396,0
2014-05-13,24.372,24.372,24.2,24.2,13805,0
2014-05-14,24.487,24.487,24.267,24.267,6964,0
2014-05-15,24.267,24.295,24.143,24.22,54661,0
2014-05-16,24.22,24.238,24.22,24.228,6823,0
2014-05-19,24.228,24.267,24.181,24.228,17322,0
2014-05-20,24.2,24.21,24.124,24.153,27476,0
2014-05-21,24.21,24.22,24.124,24.171,4078,0
2014-05-22,24.191,24.191,24.153,24.153,7035,0
2014-05-23,24.153,24.171,24.104,24.124,7384,0
2014-05-27,24.171,24.171,24.114,24.143,40516,0
2014-05-28,24.171,24.2,24.114,24.2,25142,0
2014-05-29,24.2,24.257,24.181,24.21,18437,0
2014-05-30,24.21,24.257,24.21,24.257,7165,0
2014-06-02,24.257,24.267,24.2,24.267,6381,0
2014-06-03,24.248,24.267,24.104,24.104,11710,0
2014-06-04,24.153,24.153,23.76,23.932,12248,0
2014-06-05,23.99,24.076,23.942,24.066,3474,0
2014-06-06,24.114,24.153,24.057,24.153,3158,0
2014-06-09,24.161,24.161,24.086,24.133,2982,0
2014-06-10,24.161,24.161,24.057,24.057,3345,0
2014-06-11,24.136,24.146,24.01,24.146,10208,0
2014-06-12,24.204,24.233,24.136,24.204,4819,0
2014-06-13,24.223,24.233,24.146,24.233,9384,0
2014-06-16,24.291,24.35,24.185,24.253,5554,0
2014-06-17,24.291,24.33,24.223,24.272,30402,0
2014-06-18,24.418,24.418,24.291,24.369,5135,0
2014-06-19,24.35,24.505,24.35,24.466,14382,0
2014-06-20,24.486,24.495,24.486,24.495,2785,0
2014-06-23,24.602,24.602,24.408,24.505,90785,0
2014-06-24,24.583,24.583,24.466,24.486,5174,0
2014-06-25,24.592,24.612,24.534,24.573,4725,0
2014-06-26,24.612,24.612,24.544,24.544,5280,0
2014-06-27,24.573,24.573,24.495,24.544,3700,0
2014-06-30,24.612,24.612,24.175,24.175,50042,0
2014-07-01,24.301,24.359,24.175,24.35,13171,0
2014-07-02,24.408,24.408,24.321,24.33,6592,0
2014-07-03,24.272,24.35,24.272,24.272,2381,0
2014-07-07,24.33,24.34,24.204,24.233,13977,0
2014-07-08,24.282,24.301,24.243,24.243,26962,0
2014-07-09,24.282,24.359,24.272,24.311,7391,0
2014-07-10,24.35,24.369,24.291,24.35,3714,0
2014-07-11,24.379,24.379,24.34,24.369,9688,0
2014-07-14,24.379,24.456,24.379,24.418,13363,0
2014-07-15,24.534,24.534,24.437,24.447,3524,0
2014-07-16,24.505,24.505,24.321,24.33,6631,0
2014-07-17,24.359,24.359,24.272,24.272,5661,0
2014-07-18,24.311,24.447,24.175,24.398,17883,0
2014-07-21,24.486,24.505,24.272,24.272,3213,0
2014-07-22,24.418,24.418,24.243,24.301,7184,0
2014-07-23,24.379,24.563,24.243,24.515,4491,0
2014-07-24,24.408,24.505,24.408,24.447,2029,0
2014-07-25,24.466,24.466,24.35,24.379,4920,0
2014-07-28,24.427,24.486,24.427,24.427,5849,0
2014-07-29,24.505,24.515,24.505,24.515,2792,0
2014-07-30,24.515,24.515,24.486,24.515,4251,0
2014-07-31,24.418,24.418,24.146,24.155,9841,0
2014-08-01,24.155,24.194,24.087,24.087,11705,0
2014-08-04,24.049,24.233,23.767,24.059,11400,0
2014-08-05,23.913,24.194,23.845,24.117,5149,0
2014-08-06,24.214,24.214,24.059,24.194,3406,0
2014-08-07,24.272,24.408,24.194,24.408,8899,0
2014-08-08,24.408,24.505,24.272,24.408,5144,0
2014-08-11,24.418,24.486,24.369,24.427,6699,0
2014-08-12,24.408,24.408,24.388,24.398,4041,0
2014-08-13,24.447,24.524,24.427,24.524,5948,0
2014-08-14,24.524,24.67,24.524,24.67,6402,0
2014-08-15,24.592,24.709,24.592,24.69,4966,0
2014-08-18,25.088,25.088,24.622,24.777,5011,0
2014-08-19,24.844,24.844,24.728,24.806,8149,0
2014-08-20,24.912,24.912,24.835,24.835,2842,0
2014-08-21,24.844,24.844,24.816,24.844,5563,0
2014-08-22,24.844,24.874,24.844,24.874,3622,0
2014-08-25,24.622,24.972,24.622,24.972,5847,0
2014-08-26,24.826,25.0,24.826,25.0,3964,0
2014-08-27,25.03,25.04,25.03,25.04,5037,0
2014-08-28,24.806,25.058,24.806,25.04,4500,0
2014-08-29,25.078,25.146,24.99,25.058,6826,0
2014-09-02,25.204,25.204,24.99,24.99,8871,0
2014-09-03,24.874,24.972,24.816,24.854,12488,0
2014-09-04,24.912,24.912,24.563,24.563,8517,0
2014-09-05,24.786,24.786,24.379,24.437,36700,0
2014-09-08,24.583,24.583,24.282,24.379,11149,0
2014-09-09,24.447,24.456,24.291,24.311,23547,0
2014-09-10,24.398,24.408,24.223,24.282,5850,0
2014-09-11,24.234,24.491,24.146,24.392,14371,0
2014-09-12,24.372,24.599,24.362,24.451,30883,0
2014-09-15,24.53,24.55,24.431,24.481,10166,0
2014-09-16,24.412,24.431,24.372,24.372,8563,0
2014-09-17,24.422,24.441,24.372,24.392,3283,0
2014-09-18,24.372,24.56,24.372,24.54,8431,0
2014-09-19,24.569,24.678,24.55,24.678,1926,0
2014-09-22,24.53,24.707,24.53,24.638,6101,0
2014-09-23,24.737,24.737,24.648,24.717,6781,0
2014-09-24,24.619,24.668,24.619,24.619,8486,0
2014-09-25,24.668,24.668,24.441,24.451,5971,0
2014-09-26,24.372,24.589,24.372,24.491,3923,0
2014-09-29,24.5,24.53,24.471,24.5,4712,0
2014-09-30,24.569,24.629,24.471,24.609,5853,0
2014-10-01,24.658,24.658,24.491,24.5,3427,0
2014-10-02,24.569,24.629,24.491,24.629,4695,0
2014-10-03,24.648,24.658,24.589,24.619,4169,0
2014-10-06,24.638,24.776,24.609,24.609,9490,0
2014-10-07,24.737,24.747,24.569,24.648,3473,0
2014-10-08,24.609,24.767,24.589,24.767,5878,0
2014-10-09,24.826,24.826,24.717,24.717,2684,0
2014-10-10,24.855,24.865,24.717,24.717,4974,0
2014-10-13,24.727,24.747,24.717,24.727,4039,0
2014-10-14,24.747,24.855,24.747,24.855,3586,0
2014-10-15,24.816,24.816,24.54,24.806,5863,0
2014-10-16,24.757,24.885,24.757,24.845,10688,0
2014-10-17,24.895,24.914,24.648,24.668,24256,0
2014-10-20,24.737,24.885,24.737,24.826,22277,0
2014-10-21,24.835,24.983,24.835,24.934,10066,0
2014-10-22,24.993,25.003,24.944,24.964,17785,0
2014-10-23,25.003,25.003,24.944,24.954,8094,0
2014-10-24,25.013,25.013,24.944,24.983,6689,0
2014-10-27,25.042,25.082,24.954,25.082,2430,0
2014-10-28,25.22,25.318,25.062,25.131,11558,0
2014-10-29,25.24,25.249,25.111,25.23,5960,0
2014-10-30,25.131,25.289,25.131,25.23,6821,0
2014-10-31,25.318,25.594,25.249,25.496,21177,0
2014-11-03,25.476,25.683,25.309,25.614,11648,0
2014-11-04,25.555,25.782,25.506,25.594,32804,0
2014-11-05,25.683,25.683,25.535,25.624,9053,0
2014-11-06,25.663,25.663,25.585,25.594,8332,0
2014-11-07,25.683,25.683,25.585,25.585,15000,0
2014-11-10,25.683,25.683,25.585,25.585,7339,0
2014-11-11,25.644,25.644,25.594,25.614,4373,0
2014-11-12,25.644,25.673,25.575,25.604,11507,0
2014-11-13,25.624,25.713,25.535,25.575,24844,0
2014-11-14,25.535,25.555,25.456,25.456,13511,0
2014-11-17,25.496,25.575,25.486,25.496,12137,0
2014-11-18,25.555,25.555,25.378,25.378,13586,0
2014-11-19,25.447,25.456,25.328,25.378,13435,0
2014-11-20,25.407,25.427,25.338,25.338,7817,0
2014-11-21,25.427,25.486,25.348,25.368,13603,0
2014-11-24,25.397,25.417,25.092,25.378,4400,0
2014-11-25,25.427,25.525,25.407,25.476,7598,0
2014-11-26,25.506,25.516,25.456,25.496,7672,0
2014-11-28,25.516,25.575,25.516,25.575,2720,0
2014-12-01,25.575,25.575,25.456,25.525,9966,0
2014-12-02,25.525,25.525,25.397,25.397,8440,0
2014-12-03,25.496,25.496,25.072,25.21,5624,0
2014-12-04,25.358,25.358,24.865,24.973,8457,0
2014-12-05,25.072,25.259,25.062,25.259,5380,0
2014-12-08,25.259,25.279,25.131,25.279,2187,0
2014-12-09,24.914,25.338,24.914,25.338,4442,0
2014-12-10,25.407,25.427,25.328,25.338,3166,0
2014-12-11,25.53,25.61,25.44,25.53,4030,0
2014-12-12,25.67,25.7,25.49,25.51,2627,0
2014-12-15,25.56,25.56,25.44,25.47,3289,0
2014-12-16,25.44,25.54,25.17,25.43,5294,0
2014-12-17,25.25,25.49,25.22,25.23,2948,0
2014-12-18,25.61,25.62,25.3,25.3,13885,0
2014-12-19,25.38,25.58,25.38,25.49,8662,0
2014-12-22,25.61,25.73,25.46,25.69,6415,0
2014-12-23,25.73,25.73,25.48,25.7,3853,0
2014-12-24,25.73,25.73,25.6,25.61,2385,0
2014-12-26,25.55,25.7,25.51,25.65,2727,0
2014-12-29,25.74,25.74,25.53,25.72,203374,0
2014-12-30,25.81,25.81,25.54,25.77,4053,0
2014-12-31,25.8,26.01,25.26,25.26,19248,0
2015-01-02,25.45,25.73,25.42,25.58,27537,0
2015-01-05,25.52,25.52,25.27,25.32,7567,0
2015-01-06,25.41,25.42,25.31,25.42,3243,0
2015-01-07,25.35,25.35,25.19,25.3,16202,0
2015-01-08,25.29,25.29,25.11,25.17,9064,0
2015-01-09,25.32,25.32,25.05,25.19,6713,0
2015-01-12,25.2,25.2,24.69,24.76,42653,0
2015-01-13,24.8,24.85,24.62,24.79,31043,0
2015-01-14,24.79,24.79,24.64,24.77,28951,0
2015-01-15,24.79,24.79,24.51,24.72,41869,0
2015-01-16,24.61,24.85,24.4,24.75,932654,0
2015-01-20,24.88,25.0,24.78,24.96,33952,0
2015-01-21,24.98,25.07,24.93,25.05,32850,0
2015-01-22,25.06,25.08,24.93,25.0,33153,0
2015-01-23,25.04,25.05,24.97,25.03,29220,0
2015-01-26,25.08,25.09,25.0,25.0,13723,0
2015-01-27,25.03,25.13,25.0,25.11,34974,0
2015-01-28,25.14,25.2,25.05,25.18,40088,0
2015-01-29,25.21,25.21,25.13,25.2,31988,0
2015-01-30,25.22,25.36,25.22,25.23,15364,0
2015-02-02,25.27,25.31,25.24,25.24,19110,0
2015-02-03,25.28,25.28,25.21,25.22,31867,0
2015-02-04,25.27,25.28,25.21,25.22,11272,0
2015-02-05,25.26,25.27,25.2,25.21,52000,0
2015-02-06,25.24,25.25,25.19,25.23,9340,0
2015-02-09,25.25,25.35,25.19,25.32,66410,0
2015-02-10,25.36,25.37,25.25,25.34,266105,0
2015-02-11,25.34,25.41,25.25,25.33,75094,0
2015-02-12,25.41,25.44,25.36,25.43,6929,0
2015-02-13,25.47,25.48,25.39,25.44,17582,0
2015-02-17,25.51,25.54,25.35,25.35,21193,0
2015-02-18,25.38,25.43,25.23,25.31,17058,0
2015-02-19,25.39,25.54,25.33,25.45,15626,0
2015-02-20,25.47,25.49,25.41,25.45,8071,0
2015-02-23,25.54,25.57,25.46,25.56,7248,0
2015-02-24,25.63,25.64,25.56,25.61,7901,0
2015-02-25,25.66,25.69,25.55,25.62,96355,0
2015-02-26,25.58,25.74,25.58,25.68,5464,0
2015-02-27,25.73,25.82,25.67,25.78,14907,0
2015-03-02,25.68,25.81,25.55,25.8,11406,0
2015-03-03,25.82,25.82,25.68,25.72,3002,0
2015-03-04,25.75,25.8,25.62,25.8,12385,0
2015-03-05,25.82,25.82,25.66,25.66,168549,0
2015-03-06,25.66,25.66,25.45,25.47,54384,0
2015-03-09,25.65,25.65,25.47,25.49,9721,0
2015-03-10,25.53,25.75,25.458,25.75,81085,0
2015-03-11,25.38,25.52,25.021,25.4,133663,0
2015-03-12,25.52,25.59,25.51,25.58,48555,0
2015-03-13,25.59,25.61,25.42,25.48,27285,0
2015-03-16,25.53,25.67,25.52,25.67,2764,0
2015-03-17,25.53,25.66,25.53,25.57,6787,0
2015-03-18,25.66,25.66,25.51,25.56,1209,0
2015-03-19,25.65,25.72,25.56,25.58,9266,0
2015-03-20,25.7,25.8,25.7,25.7,7494,0
2015-03-23,25.83,25.83,25.71,25.74,5969,0
2015-03-24,25.93,25.93,25.71,25.85,12592,0
2015-03-25,26.15,26.15,25.84,25.94,20752,0
2015-03-26,25.97,25.979,25.75,25.9,260210,0
2015-03-27,25.94,25.94,25.75,25.8,46413,0
2015-03-30,25.8,25.85,25.72,25.752,41765,0
2015-03-31,25.84,25.84,25.68,25.68,20950,0
2015-04-01,25.77,25.86,25.66,25.79,5719,0
2015-04-02,25.78,25.85,25.78,25.85,29315,0
2015-04-06,25.85,25.85,25.69,25.84,21589,0
2015-04-07,25.772,25.82,25.772,25.82,3555,0
2015-04-08,25.83,25.98,25.748,25.98,25133,0
2015-04-09,26.0,26.0,25.84,25.96,14309,0
2015-04-10,25.98,26.0,25.87,25.9,11041,0
2015-04-13,25.88,25.98,25.88,25.9,5733,0
2015-04-14,25.93,26.01,25.9,26.0,6823,0
2015-04-15,25.95,26.09,25.95,26.01,11182,0
2015-04-16,26.16,26.16,25.94,25.95,17272,0
2015-04-17,26.0,26.04,25.81,25.84,8347,0
2015-04-20,25.93,26.05,25.74,26.04,8282,0
2015-04-21,26.08,26.2,25.93,26.17,23333,0
2015-04-22,26.1,26.14,25.94,26.06,10713,0
2015-04-23,26.11,26.12,26.01,26.11,5399,0
2015-04-24,26.11,26.12,25.99,26.11,10813,0
2015-04-27,26.1,26.13,26.039,26.13,6763,0
2015-04-28,26.13,26.23,26.06,26.14,5047,0
2015-04-29,26.17,26.17,25.94,26.03,2773,0
2015-04-30,26.06,26.06,25.72,25.73,11863,0
2015-05-01,25.82,25.872,25.72,25.72,1220,0
2015-05-04,25.81,25.96,25.81,25.9,7503,0
2015-05-05,25.94,25.94,25.8,25.83,2341,0
2015-05-06,25.83,29.315,25.44,25.586,11300,0
2015-05-07,25.63,25.63,25.44,25.52,11508,0
2015-05-08,25.62,26.03,25.62,25.85,18798,0
2015-05-11,25.84,25.84,25.61,25.62,4393,0
2015-05-12,25.65,25.83,25.43,25.66,20655,0
2015-05-13,25.72,25.75,25.63,25.75,7342,0
2015-05-14,25.88,26.0,25.8,26.0,7532,0
2015-05-15,26.0,26.15,25.92,26.15,15127,0
2015-05-18,26.15,26.15,25.96,26.11,6932,0
2015-05-19,26.1,26.19,25.91,26.02,27868,0
2015-05-20,26.09,26.09,26.012,26.06,6575,0
2015-05-21,26.06,26.13,25.72,25.79,158865,0
2015-05-22,25.77,25.81,25.7,25.81,4818,0
2015-05-26,25.82,25.82,25.7,25.78,86030,0
2015-05-27,25.81,25.81,25.73,25.791,3455,0
2015-05-28,25.82,25.85,25.72,25.72,9828,0
2015-05-29,25.82,25.85,25.71,25.71,10479,0
2015-06-01,25.82,25.95,25.78,25.93,17474,0
2015-06-02,25.93,25.93,25.81,25.85,7237,0
2015-06-03,25.81,25.838,25.71,25.81,5355,0
2015-06-04,25.86,25.86,25.746,25.746,4007,0
2015-06-05,25.82,25.82,25.774,25.774,2004,0
2015-06-08,25.79,25.8,25.784,25.788,3353,0
2015-06-09,25.8,25.823,25.69,25.69,9964,0
2015-06-10,25.61,25.83,25.575,25.68,18532,0
2015-06-11,25.47,25.48,25.292,25.48,4574,0
2015-06-12,25.45,25.61,25.45,25.566,5847,0
2015-06-15,25.57,25.57,25.431,25.55,6128,0
2015-06-16,25.56,25.57,25.481,25.5,7549,0
2015-06-17,25.52,25.52,25.43,25.47,4037,0
2015-06-18,25.66,25.66,25.38,25.38,11211,0
2015-06-19,25.54,25.75,25.31,25.53,13151,0
2015-06-22,25.55,25.55,25.4,25.44,4072,0
2015-06-23,25.48,25.48,25.43,25.48,6977,0
2015-06-24,25.53,25.53,25.25,25.31,124371,0
2015-06-25,25.34,25.34,25.29,25.311,2509,0
2015-06-26,25.4,25.4,25.25,25.25,9248,0
2015-06-29,25.35,25.35,25.13,25.19,12597,0
2015-06-30,25.16,25.37,25.13,25.2,8634,0
2015-07-01,25.28,25.33,25.151,25.3,11840,0
2015-07-02,25.32,25.32,25.29,25.308,12147,0
2015-07-06,25.35,25.65,25.34,25.62,61528,0
2015-07-07,25.65,25.78,25.62,25.75,137914,0
2015-07-08,25.79,25.8,25.65,25.75,13974,0
2015-07-09,25.85,26.18,25.75,25.99,96786,0
2015-07-10,26.05,26.05,25.949,26.0,97230,0
2015-07-13,26.05,26.065,25.977,26.04,103368,0
2015-07-14,26.08,26.13,26.05,26.1,97430,0
2015-07-15,26.12,26.23,26.03,26.13,115076,0
2015-07-16,26.17,26.17,26.07,26.11,50978,0
2015-07-17,26.11,26.22,25.96,26.05,1009974,0
2015-07-20,25.88,25.9,25.81,25.86,67813,0
2015-07-21,25.81,25.86,25.72,25.82,18073,0
2015-07-22,25.84,25.84,25.46,25.65,232702,0
2015-07-23,25.77,25.78,25.48,25.74,15008,0
2015-07-24,25.74,25.74,25.57,25.72,19506,0
2015-07-27,25.69,25.7,25.515,25.606,9356,0
2015-07-28,25.67,25.74,25.54,25.74,14564,0
2015-07-29,25.74,25.74,25.6,25.62,37038,0
2015-07-30,25.67,25.67,25.55,25.63,5987,0
2015-07-31,25.66,25.66,25.57,25.6,8418,0
2015-08-03,25.65,25.708,25.56,25.66,33477,0
2015-08-04,25.68,25.74,25.61,25.61,10782,0
2015-08-05,25.68,25.68,25.52,25.6,13238,0
2015-08-06,25.64,25.67,25.48,25.65,6784,0
2015-08-07,25.56,25.65,25.56,25.65,8796,0
2015-08-10,25.6,25.62,25.53,25.605,12514,0
2015-08-11,25.62,25.67,25.58,25.67,11298,0
2015-08-12,25.62,25.62,25.49,25.49,7074,0
2015-08-13,25.57,25.57,25.38,25.45,11929,0
2015-08-14,25.28,25.52,25.28,25.52,14870,0
2015-08-17,25.54,25.54,25.46,25.5,13575,0
2015-08-18,25.55,25.58,25.48,25.58,15883,0
2015-08-19,25.59,25.591,25.54,25.54,28923,0
2015-08-20,25.58,25.58,25.492,25.55,33490,0
2015-08-21,25.56,25.56,25.5,25.503,3915,0
2015-08-24,25.38,25.39,24.96,25.03,25315,0
2015-08-25,25.27,25.73,25.03,25.614,20296,0
2015-08-26,25.5,25.61,25.16,25.61,8624,0
2015-08-27,25.68,25.68,25.5,25.55,12308,0
2015-08-28,25.56,25.56,25.43,25.5,9824,0
2015-08-31,25.49,25.52,25.45,25.47,15378,0
2015-09-01,25.52,25.53,25.47,25.48,3056,0
2015-09-02,25.52,25.52,25.39,25.51,7206,0
2015-09-03,25.51,25.51,25.482,25.5,4019,0
2015-09-04,25.51,25.51,25.4,25.47,5918,0
2015-09-08,25.52,25.52,25.49,25.51,28848,0
2015-09-09,25.5,25.5,25.43,25.49,6872,0
2015-09-10,25.52,25.52,25.44,25.48,4452,0
2015-09-11,25.22,25.29,25.02,25.13,47311,0
2015-09-14,25.22,25.22,25.11,25.15,7883,0
2015-09-15,25.18,25.2,25.14,25.14,9975,0
2015-09-16,25.22,25.22,25.147,25.18,2794,0
2015-09-17,25.21,25.515,25.14,25.37,10077,0
2015-09-18,25.33,25.42,25.33,25.4,4268,0
2015-09-21,25.74,25.78,25.494,25.54,21680,0
2015-09-22,25.53,25.54,25.46,25.53,5753,0
2015-09-23,25.58,25.58,25.5,25.57,14648,0
2015-09-24,25.68,25.68,25.49,25.49,8089,0
2015-09-25,25.56,25.57,25.4,25.45,20438,0
2015-09-28,25.49,25.49,25.4,25.47,26223,0
2015-09-29,25.56,25.56,25.4,25.49,8576,0
2015-09-30,25.57,25.57,25.32,25.36,67563,0
2015-10-01,25.43,25.49,25.37,25.48,7670,0
2015-10-02,25.4,25.46,25.21,25.4,8613,0
2015-10-05,25.4,25.56,25.27,25.49,12115,0
2015-10-06,25.54,25.59,25.45,25.47,19629,0
2015-10-07,25.56,25.57,25.42,25.46,24771,0
2015-10-08,25.52,25.54,25.45,25.52,14220,0
2015-10-09,25.73,25.73,25.48,25.49,11563,0
2015-10-12,25.61,25.61,25.479,25.5,3634,0
2015-10-13,25.5,25.55,25.49,25.5,11042,0
2015-10-14,25.47,25.55,25.47,25.48,8260,0
2015-10-15,25.54,25.54,25.45,25.5,20800,0
2015-10-16,25.54,25.54,25.45,25.48,16064,0
2015-10-19,25.53,25.54,25.45,25.515,4486,0
2015-10-20,25.55,25.55,25.32,25.49,26149,0
2015-10-21,25.55,25.55,25.47,25.47,24648,0
2015-10-22,25.54,25.55,25.47,25.47,39552,0
2015-10-23,25.54,25.54,25.447,25.46,14034,0
2015-10-26,25.52,25.53,25.48,25.53,19474,0
2015-10-27,25.49,25.58,25.48,25.52,18181,0
2015-10-28,25.53,25.53,25.45,25.48,39861,0
2015-10-29,25.5,25.52,25.46,25.52,8431,0
2015-10-30,25.47,25.59,25.47,25.49,13036,0
2015-11-02,25.54,25.54,25.44,25.46,65634,0
2015-11-03,25.48,25.5,25.44,25.5,12686,0
2015-11-04,25.51,25.51,25.46,25.48,23806,0
2015-11-05,25.53,25.55,25.47,25.55,17008,0
2015-11-06,25.54,25.54,25.32,25.5,15818,0
2015-11-09,25.47,25.55,25.41,25.496,21207,0
2015-11-10,25.42,25.54,25.42,25.47,20913,0
2015-11-11,25.51,25.59,25.48,25.57,48905,0
2015-11-12,25.63,25.63,25.51,25.551,7715,0
2015-11-13,25.61,25.61,25.45,25.47,55744,0
2015-11-16,25.5,25.53,25.45,25.53,10256,0
2015-11-17,25.57,25.57,25.48,25.52,24243,0
2015-11-18,25.53,25.54,25.46,25.5,42137,0
2015-11-19,25.53,25.59,25.48,25.54,20365,0
2015-11-20,25.61,25.61,25.48,25.51,16104,0
2015-11-23,25.55,25.56,25.5,25.53,12218,0
2015-11-24,25.5,25.61,25.47,25.58,23485,0
2015-11-25,25.61,25.61,25.48,25.48,47688,0
2015-11-27,25.55,25.55,25.5,25.52,7662,0
2015-11-30,25.54,25.54,25.42,25.43,53869,0
2015-12-01,25.5,25.52,25.45,25.5,81413,0
2015-12-02,25.53,25.53,25.49,25.5,28046,0
2015-12-03,25.52,25.52,25.43,25.5,20215,0
2015-12-04,25.5,25.51,25.396,25.47,123357,0
2015-12-07,25.48,25.49,25.435,25.46,17150,0
2015-12-08,25.47,25.49,25.41,25.41,29122,0
2015-12-09,25.47,25.49,25.432,25.49,7994,0
2015-12-10,25.5,25.61,25.49,25.59,18614,0
2015-12-11,25.29,25.3,25.1,25.23,15935,0
2015-12-14,25.24,25.24,24.77,24.78,18262,0
2015-12-15,25.21,25.25,24.87,24.9,26852,0
2015-12-16,24.96,25.084,24.851,25.05,6956,0
2015-12-17,25.18,25.24,25.146,25.21,15754,0
2015-12-18,25.25,25.25,25.15,25.219,19510,0
2015-12-21,25.29,25.33,25.23,25.266,19072,0
2015-12-22,25.33,25.42,25.28,25.28,18808,0
2015-12-23,25.36,25.38,25.29,25.37,14906,0
2015-12-24,25.38,25.43,25.35,25.401,14748,0
2015-12-28,25.45,25.47,25.394,25.44,26040,0
2015-12-29,25.37,25.57,25.37,25.57,23297,0
2015-12-30,25.57,25.8,25.5699,25.72,19419,0
2015-12-31,25.76,25.84,25.7316,25.7899,8304,0
2016-01-04,25.72,25.75,25.65,25.7,47654,0
2016-01-05,25.75,25.9,25.7,25.8999,38609,0
2016-01-06,25.9,25.96,25.77,25.95,18400,0
2016-01-07,25.9,25.92,25.66,25.7299,56094,0
2016-01-08,25.79,25.97,25.75,25.95,33369,0
2016-01-11,25.96,26.15,25.8,25.96,134693,0
2016-01-12,26.0,26.08,25.861,25.97,27542,0
2016-01-13,26.05,26.05,25.85,25.92,22871,0
2016-01-14,25.93,25.94,25.8,25.85,47528,0
2016-01-15,25.86,25.86,25.46,25.66,82977,0
2016-01-19,25.54,25.54,25.54,25.54,0,0
2016-01-20,25.58,25.61,25.3063,25.43,17705,0
2016-01-21,25.44,25.64,25.34,25.41,28452,0
2016-01-22,25.56,25.64,25.42,25.58,17165,0
2016-01-25,25.65,25.65,25.52,25.53,28829,0
2016-01-26,25.59,25.68,25.47,25.48,26106,0
2016-01-27,25.57,25.6,25.35,25.58,100363,0
2016-01-28,25.58,25.6199,25.508,25.6199,19760,0
2016-01-29,25.64,25.99,25.63,25.87,23993,0
2016-02-01,25.91,25.95,25.84,25.91,14668,0
2016-02-02,25.9,25.9214,25.81,25.9214,15398,0
2016-02-03,25.95,25.9699,25.8,25.92,19760,0
2016-02-04,25.95,26.03,25.84,26.03,26986,0
2016-02-05,26.07,26.07,25.82,25.9,32447,0
2016-02-08,25.88,25.88,25.5,25.63,39034,0
2016-02-09,25.62,25.72,25.15,25.3199,81174,0
2016-02-10,25.65,25.65,25.31,25.52,37724,0
2016-02-11,25.44,25.45,24.72,24.75,39067,0
2016-02-12,25.1,25.165,24.77,25.15,34356,0
2016-02-16,25.45,25.4507,25.12,25.44,43991,0
2016-02-17,25.69,25.75,25.5,25.63,13064,0
2016-02-18,25.73,25.81,25.64,25.75,21630,0
2016-02-19,25.8,25.8,25.64,25.73,21696,0
2016-02-22,25.83,25.91,25.73,25.75,16601,0
2016-02-23,25.82,25.83,25.7,25.83,42495,0
2016-02-24,25.79,25.79,25.25,25.7419,560106,0
2016-02-25,25.79,25.88,25.74,25.86,30078,0
2016-02-26,25.92,26.0,25.85,25.97,25438,0
2016-02-29,26.01,26.03,25.83,25.83,58182,0
2016-03-01,25.99,26.08,25.99,26.06,22047,0
2016-03-02,26.05,26.05,25.9,25.9598,21861,0
2016-03-03,25.98,26.02,25.93,25.9801,27118,0
2016-03-04,26.06,26.06,25.9796,26.0201,15420,0
2016-03-07,26.05,26.05,25.98,26.04,10827,0
2016-03-08,26.05,26.05,25.9703,26.01,14709,0
2016-03-09,26.05,26.19,26.01,26.16,16555,0
2016-03-10,26.19,26.19,26.1244,26.19,12747,0
2016-03-11,26.0,26.0,25.75,25.92,11897,0
2016-03-14,26.0,26.0,25.87,25.9,7453,0
2016-03-15,25.94,25.94,25.83,25.87,20737,0
2016-03-16,25.9,26.05,25.89,26.05,31494,0
2016-03-17,26.08,26.1,26.01,26.09,13828,0
2016-03-18,26.2,26.2,26.15,26.18,15720,0
2016-03-21,26.17,26.36,26.17,26.292,32118,0
2016-03-22,26.3,26.34,26.1601,26.1601,31803,0
2016-03-23,26.24,26.25,26.17,26.2001,21279,0
2016-03-24,26.26,26.28,26.1401,26.25,49494,0
2016-03-28,26.34,26.34,26.2,26.22,62658,0
2016-03-29,26.28,26.37,26.28,26.35,20870,0
2016-03-30,26.37,26.44,26.3669,26.41,20753,0
2016-03-31,26.46,26.46,26.34,26.41,14061,0
2016-04-01,26.44,26.45,26.2,26.27,32583,0
2016-04-04,26.32,26.32,26.02,26.16,16012,0
2016-04-05,26.13,26.19,26.03,26.12,18543,0
2016-04-06,26.2,26.2,25.9423,26.03,40462,0
2016-04-07,26.08,26.08,25.88,25.88,14079,0
2016-04-08,25.95,26.01,25.87,26.0,18239,0
2016-04-11,26.07,26.11,26.03,26.05,19180,0
2016-04-12,26.1,26.1,26.0,26.04,42765,0
2016-04-13,26.19,26.21,26.03,26.0899,16897,0
2016-04-14,26.16,26.16,26.08,26.13,19091,0
2016-04-15,26.15,26.19,26.08,26.19,24230,0
2016-04-18,26.28,26.4,26.2,26.38,17870,0
2016-04-19,26.44,26.5,26.44,26.46,23667,0
2016-04-20,26.55,26.5599,26.47,26.5599,32099,0
2016-04-21,26.56,26.62,26.435,26.61,36756,0
2016-04-22,26.66,26.73,26.63,26.7,13908,0
2016-04-25,26.73,26.73,26.53,26.55,19131,0
2016-04-26,26.64,26.64,26.595,26.62,26114,0
2016-04-27,26.69,26.708,26.62,26.67,48741,0
2016-04-28,26.67,26.67,26.575,26.65,14468,0
2016-04-29,26.64,26.72,26.62,26.65,24675,0
2016-05-02,26.71,26.72,25.6557,26.71,44176,0
2016-05-03,26.69,26.72,26.66,26.7,18092,0
2016-05-04,26.73,26.73,26.68,26.71,25628,0
2016-05-05,26.74,26.74,26.67,26.7,8837,0
2016-05-06,26.73,26.92,26.68,26.89,17931,0
2016-05-09,26.91,26.91,26.7,26.87,19828,0
2016-05-10,26.9,26.9,26.8696,26.8899,25946,0
2016-05-11,26.91,26.92,26.8101,26.92,24308,0
2016-05-12,26.92,26.92,26.8601,26.92,32877,0
2016-05-13,26.97,27.08,26.94,27.05,20736,0
2016-05-16,27.14,27.14,27.0016,27.0799,38637,0
2016-05-17,27.02,27.08,27.0101,27.0799,13404,0
2016-05-18,27.07,27.07,26.9599,27.01,23963,0
2016-05-19,27.01,27.01,26.85,27.0,18142,0
2016-05-20,27.09,27.133,27.03,27.08,36015,0
2016-05-23,27.17,27.28,27.15,27.27,22291,0
2016-05-24,27.38,27.38,27.22,27.3101,42461,0
2016-05-25,27.42,27.7,27.14,27.39,374913,0
2016-05-26,27.46,27.46,27.3461,27.45,22995,0
2016-05-27,27.49,27.49,27.3799,27.47,16551,0
2016-05-31,27.54,27.7,27.52,27.65,21550,0
2016-06-01,27.64,27.76,27.64,27.76,64995,0
2016-06-02,27.82,27.89,27.71,27.86,70328,0
2016-06-03,27.9,28.14,26.47,28.14,55840,0
2016-06-06,28.0,28.07,27.925,28.02,22827,0
2016-06-07,28.08,28.09,27.9981,28.05,70708,0
2016-06-08,28.1,28.1,27.995,28.07,36714,0
2016-06-09,28.03,28.08,27.9301,28.08,47867,0
2016-06-10,28.05,28.11,27.85,27.92,25092,0
2016-06-13,27.75,27.77,27.53,27.73,16607,0
2016-06-14,27.74,27.74,27.45,27.58,58096,0
2016-06-15,27.55,27.72,27.48,27.7,45556,0
2016-06-16,27.69,27.73,27.6293,27.73,39122,0
2016-06-17,27.73,27.84,27.63,27.84,50560,0
2016-06-20,27.98,28.02,27.8121,28.0,28608,0
2016-06-21,27.97,28.14,27.87,28.14,26431,0
2016-06-22,28.12,28.13,27.9,28.07,37867,0
2016-06-23,28.0,28.13,28.0,28.13,19205,0
2016-06-24,27.76,28.28,27.76,28.17,43511,0
2016-06-27,28.15,28.2,27.9968,28.12,21807,0
2016-06-28,28.14,28.33,28.03,28.31,66257,0
2016-06-29,28.32,28.39,28.16,28.39,30103,0
2016-06-30,28.5,28.66,28.39,28.41,26010,0
2016-07-01,28.63,28.63,28.39,28.4,29326,0
2016-07-05,28.51,28.595,28.45,28.57,31125,0
2016-07-06,28.55,28.64,28.3901,28.51,52474,0
2016-07-07,28.45,28.4533,28.3385,28.44,39734,0
2016-07-08,28.45,28.7099,28.4,28.5851,131233,0
2016-07-11,28.65,28.67,28.44,28.67,21774,0
2016-07-12,28.73,28.76,28.615,28.73,29763,0
2016-07-13,28.79,28.88,28.5401,28.88,39382,0
2016-07-14,28.99,28.99,28.87,28.9031,29675,0
2016-07-15,28.97,29.23,28.93,28.99,67676,0
2016-07-18,29.15,29.15,29.01,29.03,26969,0
2016-07-19,29.07,29.09,28.93,29.0,37390,0
2016-07-20,28.91,29.12,28.91,29.12,30200,0
2016-07-21,29.09,29.18,29.09,29.18,41370,0
2016-07-22,29.24,29.24,29.0515,29.2099,37936,0
2016-07-25,29.21,29.23,29.05,29.16,32750,0
2016-07-26,29.19,29.21,29.14,29.2,52344,0
2016-07-27,29.28,29.28,29.061,29.17,73513,0
2016-07-28,29.23,29.23,29.01,29.06,45447,0
2016-07-29,29.0,29.0,28.86,28.94,49136,0
2016-08-01,29.02,29.11,28.92,29.07,33231,0
2016-08-02,29.14,29.2,28.97,29.2,27350,0
2016-08-03,29.16,29.19,29.15,29.15,20753,0
2016-08-04,29.1,29.2,28.98,29.06,45245,0
2016-08-05,29.18,29.21,29.04,29.18,28389,0
2016-08-08,29.2,29.24,29.122,29.21,45724,0
2016-08-09,29.22,29.25,29.16,29.23,41746,0
2016-08-10,29.27,29.3,29.2,29.2,46799,0
2016-08-11,29.21,29.34,29.1209,29.27,37712,0
2016-08-12,29.25,29.31,28.92,29.31,26408,0
2016-08-15,29.28,29.3,29.17,29.25,31643,0
2016-08-16,29.24,29.28,29.17,29.25,33340,0
2016-08-17,29.25,29.32,29.21,29.32,28360,0
2016-08-18,29.32,29.47,29.3,29.44,39340,0
2016-08-19,29.5,29.5,29.36,29.41,21977,0
2016-08-22,29.43,29.45,29.26,29.44,33155,0
2016-08-23,29.46,29.5,29.35,29.5,24734,0
2016-08-24,29.5,29.54,29.4401,29.48,41491,0
2016-08-25,29.53,29.61,29.45,29.57,26193,0
2016-08-26,29.57,29.69,29.57,29.68,29292,0
2016-08-29,29.7,29.94,29.68,29.83,53529,0
2016-08-30,29.85,29.94,29.68,29.92,21901,0
2016-08-31,30.04,30.1,29.86,29.89,41802,0
2016-09-01,30.02,30.08,29.96,30.08,22040,0
2016-09-02,30.1,30.17,29.95,30.11,30972,0
2016-09-06,30.32,30.32,29.97,30.2,23691,0
2016-09-07,30.24,30.24,30.0378,30.14,31436,0
2016-09-08,30.23,30.23,29.92,30.12,32699,0
2016-09-09,30.08,30.23,29.78,30.01,16654,0
2016-09-12,30.0,30.0,29.68,29.98,49234,0
2016-09-13,29.8,29.8,28.66,28.73,83979,0
2016-09-14,28.83,28.83,28.45,28.58,40781,0
2016-09-15,28.6,29.14,28.43,28.64,23018,0
2016-09-16,28.73,28.87,28.17,28.79,19130,0
2016-09-19,28.94,29.28,28.57,28.76,24031,0
2016-09-20,28.84,28.89,28.62,28.78,17642,0
2016-09-21,28.89,29.05,28.78,28.95,18771,0
2016-09-22,29.24,29.3651,28.91,29.13,35634,0
2016-09-23,29.27,29.35,29.07,29.28,22300,0
2016-09-26,29.37,29.4593,29.21,29.4,21123,0
2016-09-27,29.44,29.5,29.39,29.39,23967,0
2016-09-28,29.5,29.71,29.38,29.51,55997,0
2016-09-29,29.6,29.61,29.1,29.24,22077,0
2016-09-30,29.36,29.36,29.07,29.15,24100,0
2016-10-03,29.28,29.32,29.0,29.295,18550,0
2016-10-04,29.4,29.4,28.9,29.3,13586,0
2016-10-05,29.3,29.3,28.96,29.09,18309,0
2016-10-06,29.1,29.1,28.8906,28.96,12999,0
2016-10-07,29.08,29.08,28.85,28.94,18736,0
2016-10-10,29.17,29.17,28.86,28.92,11856,0
2016-10-11,29.08,29.08,28.67,28.8,11902,0
2016-10-12,28.69,28.8,28.45,28.57,21738,0
2016-10-13,28.61,28.61,28.28,28.45,25806,0
2016-10-14,28.69,28.69,28.29,28.29,22439,0
2016-10-17,28.5,28.5,28.34,28.44,7261,0
2016-10-18,28.68,28.68,28.432,28.5,22973,0
2016-10-19,28.54,28.72,28.535,28.535,18404,0
2016-10-20,28.57,28.63,28.57,28.6,13201,0
2016-10-21,28.68,28.79,28.68,28.79,30568,0
2016-10-24,28.79,28.81,28.72,28.75,15622,0
2016-10-25,28.74,29.08,28.53,28.73,24084,0
2016-10-26,28.75,28.92,28.6758,28.7681,17907,0
2016-10-27,28.61,28.8399,28.35,28.73,11497,0
2016-10-28,28.03,28.74,28.03,28.72,10065,0
2016-10-31,28.66,28.7,28.38,28.46,16107,0
2016-11-01,28.5,28.6971,28.305,28.53,8518,0
2016-11-02,28.52,28.55,28.22,28.54,13288,0
2016-11-03,28.66,28.66,28.04,28.4,11949,0
2016-11-04,28.39,28.7081,28.3,28.62,13571,0
2016-11-07,28.77,28.77,28.48,28.63,10126,0
2016-11-08,28.59,28.59,28.31,28.55,14851,0
2016-11-09,27.86,28.36,27.35,27.76,16547,0
2016-11-10,27.72,27.72,25.58,26.57,27740,0
2016-11-11,26.22,27.11,25.8,26.29,26123,0
2016-11-14,26.12,26.18,25.131,25.88,54890,0
2016-11-15,25.96,26.84,25.6367,26.42,26037,0
2016-11-16,26.41,26.78,26.41,26.71,18786,0
2016-11-17,26.47,26.7537,25.841,26.65,14116,0
2016-11-18,26.34,26.71,26.11,26.54,15387,0
2016-11-21,26.36,26.6,26.36,26.45,23138,0
2016-11-22,26.47,26.73,26.0052,26.73,25164,0
2016-11-23,26.43,26.52,26.18,26.52,16785,0
2016-11-25,26.52,26.64,25.8843,26.5019,4533,0
2016-11-28,26.27,26.51,25.92,26.51,9677,0
2016-11-29,26.15,26.5406,26.15,26.48,5776,0
2016-11-30,26.1,26.43,25.74,26.39,12451,0
2016-12-01,25.91,26.1793,25.6119,25.73,13658,0
2016-12-02,25.71,25.98,25.701,25.94,23581,0
2016-12-05,25.55,25.9,25.55,25.87,10254,0
2016-12-06,25.72,26.0341,25.62,25.82,17589,0
2016-12-07,25.79,26.18,25.79,25.8319,13494,0
2016-12-08,25.73,25.8,25.65,25.8,12502,0
2016-12-09,25.75,26.09,25.6885,25.8607,10119,0
2016-12-12,25.72,25.83,25.5701,25.83,30597,0
2016-12-13,25.25,25.45,25.14,25.21,15893,0
2016-12-14,25.2,25.25,25.02,25.16,41411,0
2016-12-15,25.07,25.31,24.93,25.11,44825,0
2016-12-16,25.09,25.17,25.05,25.12,23744,0
2016-12-19,25.15,25.47,25.1,25.16,36990,0
2016-12-20,25.19,25.27,25.13,25.13,22908,0
2016-12-21,25.17,25.52,25.168,25.22,35265,0
2016-12-22,25.29,25.56,25.25,25.25,31812,0
2016-12-23,25.28,25.35,25.25,25.34,46640,0
2016-12-27,25.33,25.56,25.27,25.45,27599,0
2016-12-28,25.34,25.45,25.23,25.38,30272,0
2016-12-29,25.4,25.4,25.35,25.38,29790,0
2016-12-30,25.43,25.45,25.3,25.31,21617,0
2017-01-03,25.45,25.6,25.3201,25.53,95826,0
2017-01-04,25.52,25.68,25.52,25.59,42815,0
2017-01-05,25.64,25.78,25.54,25.68,20429,0
2017-01-06,25.65,25.76,25.48,25.57,24513,0
2017-01-09,25.58,26.055,25.57,25.77,24106,0
2017-01-10,25.72,25.8752,25.61,25.87,18602,0
2017-01-11,25.8,26.24,25.8,26.24,20999,0
2017-01-12,26.1,26.52,26.1,26.41,17524,0
2017-01-13,26.22,26.43,26.22,26.3,28411,0
2017-01-17,26.25,26.3,26.17,26.3,20406,0
2017-01-18,26.19,26.36,26.18,26.31,13623,0
2017-01-19,26.23,26.23,25.87,25.92,22645,0
2017-01-20,25.86,26.1,25.61,25.61,79339,0
2017-01-23,25.8,26.005,25.8,25.96,21918,0
2017-01-24,25.95,26.05,25.88,25.99,15726,0
2017-01-25,25.82,25.9,25.7395,25.85,15510,0
2017-01-26,25.97,26.08,25.97,26.05,16801,0
2017-01-27,25.98,26.25,25.98,26.25,11302,0
2017-01-30,26.1,26.28,26.1,26.24,16404,0
2017-01-31,26.29,26.31,26.1367,26.25,41772,0
2017-02-01,26.21,26.37,26.21,26.33,17433,0
2017-02-02,26.26,26.51,26.26,26.45,20414,0
2017-02-03,26.42,26.6799,26.4,26.54,91241,0
2017-02-06,26.57,26.79,26.57,26.6601,12537,0
2017-02-07,26.66,26.79,26.66,26.79,9281,0
2017-02-08,26.66,26.99,26.66,26.93,15658,0
2017-02-09,26.87,26.94,26.68,26.84,18173,0
2017-02-10,26.65,26.79,26.63,26.69,43318,0
2017-02-13,26.71,26.7147,26.64,26.65,20557,0
2017-02-14,26.66,26.7039,26.4501,26.59,23070,0
2017-02-15,26.52,26.69,26.52,26.61,15805,0
2017-02-16,26.53,26.75,26.52,26.75,22760,0
2017-02-17,26.64,26.7,26.62,26.65,20807,0
2017-02-21,26.63,26.705,26.63,26.6557,7785,0
2017-02-22,26.71,26.77,26.6201,26.7,13632,0
2017-02-23,26.72,26.94,26.72,26.94,9266,0
2017-02-24,26.96,27.18,26.96,27.12,12694,0
2017-02-27,27.1,27.17,27.01,27.1,19949,0
2017-02-28,27.01,27.17,26.96,27.17,7565,0
2017-03-01,26.97,27.1,26.9,27.036,5880,0
2017-03-02,27.09,27.09,27.0032,27.0228,7541,0
2017-03-03,26.95,27.0,26.95,27.0,6053,0
2017-03-06,26.97,27.07,26.96,27.03,9567,0
2017-03-07,26.96,27.01,26.96,26.96,5284,0
2017-03-08,26.85,26.8853,26.63,26.7,43526,0
2017-03-09,26.6,26.748,26.29,26.39,25951,0
2017-03-10,26.46,26.76,26.46,26.613,8978,0
2017-03-13,26.4,26.44,26.33,26.39,26826,0
2017-03-14,26.3,26.4658,26.28,26.4658,6879,0
2017-03-15,26.39,26.7,26.37,26.7,49719,0
2017-03-16,26.57,26.8174,26.57,26.73,15996,0
2017-03-17,26.66,26.81,26.5901,26.73,13621,0
2017-03-20,26.65,26.8,26.65,26.74,15050,0
2017-03-21,26.68,26.72,26.65,26.7156,35483,0
2017-03-22,26.62,26.71,26.53,26.64,21635,0
2017-03-23,26.71,26.92,26.71,26.9,6679,0
2017-03-24,26.78,26.98,26.78,26.98,8387,0
2017-03-27,26.72,26.98,26.7112,26.72,20980,0
2017-03-28,26.75,26.84,26.75,26.83,6805,0
2017-03-29,26.72,26.93,26.72,26.84,11874,0
2017-03-30,26.79,26.99,26.79,26.99,6328,0
2017-03-31,26.94,26.99,26.92,26.97,26581,0
2017-04-03,26.9,27.36,26.9,27.34,30157,0
2017-04-04,27.16,27.5,27.16,27.48,18739,0
2017-04-05,27.33,27.58,27.32,27.4,14985,0
2017-04-06,27.32,27.59,27.2942,27.59,8411,0
2017-04-07,27.43,27.5599,27.24,27.34,10705,0
2017-04-10,27.26,27.4424,27.26,27.41,5834,0
2017-04-11,27.38,27.398,27.27,27.29,8059,0
2017-04-12,27.2,27.44,27.2,27.44,7979,0
2017-04-13,27.29,27.42,27.29,27.41,10566,0
2017-04-17,27.29,27.4,27.2,27.4,13133,0
2017-04-18,27.3,27.4,27.27,27.4,9817,0
2017-04-19,27.39,27.49,27.38,27.4447,40057,0
2017-04-20,27.34,27.46,27.34,27.45,7203,0
2017-04-21,27.44,27.49,27.43,27.49,11961,0
2017-04-24,27.53,27.54,27.43,27.43,6334,0
2017-04-25,27.44,27.54,27.44,27.53,14779,0
2017-04-26,27.42,27.56,27.42,27.56,9582,0
2017-04-27,27.49,27.7935,27.42,27.73,11737,0
2017-04-28,27.62,27.84,27.6,27.6,13071,0
2017-05-01,27.73,27.73,27.5666,27.69,7869,0
2017-05-02,27.61,28.06,27.61,28.0,14062,0
2017-05-03,27.99,27.99,27.68,27.99,16466,0
2017-05-04,27.94,27.94,27.76,27.88,22601,0
2017-05-05,27.82,27.97,27.81,27.97,6572,0
2017-05-08,27.86,27.88,27.85,27.88,30831,0
2017-05-09,27.87,27.915,27.82,27.86,30564,0
2017-05-10,27.75,27.98,27.75,27.88,25817,0
2017-05-11,27.85,27.85,27.74,27.8,6542,0
2017-05-12,27.7,27.8074,27.7,27.75,60473,0
2017-05-15,27.76,27.85,27.76,27.8,5732,0
2017-05-16,27.75,27.94,27.68,27.89,7968,0
2017-05-17,27.8,27.84,27.71,27.71,14001,0
2017-05-18,27.7,27.74,27.62,27.7,12501,0
2017-05-19,27.68,27.865,27.68,27.84,11403,0
2017-05-22,27.76,27.99,27.717,27.99,6917,0
2017-05-23,27.99,28.09,27.97,28.06,14423,0
2017-05-24,28.25,28.29,27.85,28.13,22365,0
2017-05-25,28.05,28.25,28.05,28.24,17665,0
2017-05-26,28.07,28.25,28.07,28.2,6447,0
2017-05-30,28.14,28.25,28.14,28.21,8363,0
2017-05-31,28.15,28.2435,28.13,28.13,16736,0
2017-06-01,28.13,28.24,28.0658,28.24,12955,0
2017-06-02,28.18,28.658,28.18,28.49,23621,0
2017-06-05,28.38,28.49,28.38,28.4316,9677,0
2017-06-06,28.4,28.7,28.4,28.64,15748,0
2017-06-07,28.58,28.67,28.5498,28.645,6504,0
2017-06-08,28.53,28.58,28.4,28.58,6532,0
2017-06-09,28.55,28.6299,28.39,28.48,20583,0
2017-06-12,28.34,28.45,28.31,28.45,8450,0
2017-06-13,28.08,28.29,28.0088,28.22,15596,0
2017-06-14,28.14,28.2343,28.14,28.21,16141,0
2017-06-15,28.13,28.18,28.12,28.18,5200,0
2017-06-16,28.12,28.22,28.08,28.13,7499,0
2017-06-19,28.12,28.29,28.12,28.24,13025,0
2017-06-20,28.14,28.16,28.113,28.15,30918,0
2017-06-21,28.06,28.2,28.06,28.08,14526,0
2017-06-22,28.24,28.32,28.1,28.12,10830,0
2017-06-23,28.2,28.2,28.02,28.09,14739,0
2017-06-26,28.07,28.42,28.07,28.32,12468,0
2017-06-27,28.32,28.375,28.11,28.11,12579,0
2017-06-28,28.17,28.281,28.17,28.19,11509,0
2017-06-29,28.19,28.19,27.99,28.021,11959,0
2017-06-30,28.18,28.18,28.0779,28.1,16473,0
2017-07-03,28.03,28.272,28.03,28.15,5530,0
2017-07-05,28.07,28.19,28.04,28.1,32984,0
2017-07-06,28.05,28.2799,28.05,28.13,11234,0
2017-07-07,28.06,28.17,28.04,28.04,20682,0
2017-07-10,28.05,28.19,28.05,28.05,18192,0
2017-07-11,28.06,28.17,27.97,28.1,9519,0
2017-07-12,28.05,28.24,28.05,28.18,7391,0
2017-07-13,28.09,28.28,28.09,28.1,7584,0
2017-07-14,28.14,28.39,28.14,28.32,17704,0
2017-07-17,28.27,28.29,28.23,28.261,6107,0
2017-07-18,28.2,28.34,28.12,28.34,5463,0
2017-07-19,28.18,28.48,28.18,28.37,17107,0
2017-07-20,28.33,28.4,28.33,28.39,21022,0
2017-07-21,28.4,28.63,28.4,28.6,28241,0
2017-07-24,28.43,28.5919,28.43,28.59,5630,0
2017-07-25,28.42,28.54,28.33,28.44,8399,0
2017-07-26,28.36,28.57,28.31,28.5,26932,0
2017-07-27,28.53,28.64,28.2856,28.59,20485,0
2017-07-28,28.47,28.64,28.47,28.61,11521,0
2017-07-31,28.51,28.64,28.51,28.64,6793,0
2017-08-01,28.64,28.7,28.6182,28.68,9026,0
2017-08-02,28.61,28.73,28.55,28.71,17917,0
2017-08-03,28.62,28.78,28.62,28.78,8052,0
2017-08-04,28.6,28.75,28.59,28.74,6523,0
2017-08-07,28.64,28.74,28.64,28.73,7838,0
2017-08-08,28.65,28.79,28.64,28.69,18962,0
2017-08-09,28.54,28.75,28.46,28.73,10281,0
2017-08-10,28.65,28.65,27.91,28.1062,15457,0
2017-08-11,28.07,28.67,27.93,28.5,44775,0
2017-08-14,28.36,28.79,28.36,28.53,8187,0
2017-08-15,28.54,28.69,28.33,28.5799,18143,0
2017-08-16,28.38,28.62,28.38,28.446,4057,0
2017-08-17,28.44,28.54,28.3024,28.4765,6501,0
2017-08-18,28.51,28.63,28.27,28.4,12069,0
2017-08-21,28.4,28.64,28.4,28.58,7049,0
2017-08-22,28.49,28.5678,28.43,28.4541,15041,0
2017-08-23,28.48,28.5838,28.37,28.37,6394,0
2017-08-24,28.39,28.4648,28.39,28.43,3761,0
2017-08-25,28.53,28.53,28.379,28.45,5857,0
2017-08-28,28.39,28.59,28.39,28.59,6248,0
2017-08-29,28.5,28.63,28.4612,28.62,6141,0
2017-08-30,28.5,28.69,28.5,28.69,6190,0
2017-08-31,28.57,28.95,28.48,28.95,13602,0
2017-09-01,28.66,28.99,28.66,28.93,7827,0
2017-09-05,28.8,28.92,28.5006,28.7,28021,0
2017-09-06,28.7,28.77,28.54,28.77,8091,0
2017-09-07,28.64,28.67,28.19,28.4,54524,0
2017-09-08,28.27,28.38,27.52,27.66,165267,0
2017-09-11,28.35,28.48,28.25,28.48,17484,0
2017-09-12,28.53,28.62,28.51,28.57,11483,0
2017-09-13,28.57,28.65,28.51,28.61,14308,0
2017-09-14,28.25,28.41,28.18,28.28,14581,0
2017-09-15,28.27,28.4,28.27,28.31,8356,0
2017-09-18,28.35,28.35,28.17,28.18,13683,0
2017-09-19,28.17,28.18,27.96,28.11,7075,0
2017-09-20,27.97,28.1127,27.97,28.06,5402,0
2017-09-21,27.98,28.088,27.98,28.058,3573,0
2017-09-22,28.15,28.2506,28.09,28.12,20295,0
2017-09-25,28.1,28.14,28.04,28.12,14576,0
2017-09-26,28.09,28.13,28.04,28.05,14362,0
2017-09-27,27.98,28.0,27.81,27.81,42908,0
2017-09-28,27.53,27.88,27.53,27.804,8124,0
2017-09-29,27.84,27.87,27.71,27.86,16264,0
2017-10-02,27.86,27.86,27.5651,27.65,12094,0
2017-10-03,27.65,27.852,27.61,27.61,6146,0
2017-10-04,27.6,27.78,27.6,27.66,13330,0
2017-10-05,27.76,27.76,27.61,27.63,45389,0
2017-10-06,27.63,27.63,27.15,27.23,20256,0
2017-10-09,27.25,27.25,26.97,27.15,13235,0
2017-10-10,27.18,27.26,27.16,27.16,33684,0
2017-10-11,27.02,27.25,27.02,27.25,12164,0
2017-10-12,27.2,27.41,27.2,27.33,29361,0
2017-10-13,27.42,27.44,27.26,27.31,30779,0
2017-10-16,27.28,27.34,27.28,27.29,6688,0
2017-10-17,27.29,27.35,27.29,27.29,14144,0
2017-10-18,27.29,27.29,27.2,27.2,8597,0
2017-10-19,27.18,27.37,27.09,27.19,4020,0
2017-10-20,27.2146,27.43,27.1824,27.43,16668,0
2017-10-23,27.48,27.48,27.23,27.4042,3124,0
2017-10-24,27.47,27.54,27.47,27.48,28789,0
2017-10-25,27.29,27.5537,27.26,27.26,6458,0
2017-10-26,27.26,27.39,27.26,27.39,9829,0
2017-10-27,27.319,27.4393,27.27,27.35,13987,0
2017-10-30,27.308,27.31,26.81,26.85,42842,0
2017-10-31,26.87,27.15,26.87,26.94,33061,0
2017-11-01,27.0,27.0,26.92,26.96,6867,0
2017-11-02,26.95,27.029,26.81,26.9505,15727,0
2017-11-03,26.91,27.0892,26.86,26.99,14672,0
2017-11-06,26.9,26.9,26.67,26.84,16385,0
2017-11-07,26.74,26.93,26.7,26.93,15434,0
2017-11-08,26.77,26.93,26.74,26.84,12883,0
2017-11-09,26.74,26.9,26.74,26.9,16610,0
2017-11-10,26.82,26.89,26.74,26.84,26529,0
