Date,Open,High,Low,Close,Volume,OpenInt
2014-01-02,6.4274,6.5288,6.3493,6.5211,588954,0
2014-01-03,6.5368,6.599,6.5054,6.5837,523588,0
2014-01-06,6.5837,6.5913,6.49,6.5837,575720,0
2014-01-07,6.5913,6.7009,6.4976,6.599,1393331,0
2014-01-08,6.6226,6.6226,6.4274,6.451,672718,0
2014-01-09,6.4429,6.4976,6.4039,6.4976,609343,0
2014-01-10,6.5211,6.5602,6.4585,6.5132,387554,0
2014-01-13,6.4742,6.5523,6.4354,6.4664,460058,0
2014-01-14,6.5132,6.6071,6.4429,6.6071,460634,0
2014-01-15,6.5913,6.7009,6.5368,6.6538,528964,0
2014-01-16,6.6616,6.7085,6.6303,6.6852,551358,0
2014-01-17,6.6538,6.7554,6.6538,6.7554,528594,0
2014-01-21,6.7943,6.8414,6.7554,6.7789,441330,0
2014-01-22,6.8021,6.935,6.7789,6.9272,514456,0
2014-01-23,6.9272,6.9817,6.8726,6.9817,1657363,0
2014-01-24,6.9428,6.9741,6.8647,6.9586,1704168,0
2014-01-27,6.9428,6.9428,6.7632,6.7632,889655,0
2014-01-28,6.7789,6.857,6.7475,6.8334,871301,0
2014-01-29,6.7475,7.1536,6.6929,7.0287,1878970,0
2014-01-30,7.1302,7.3877,7.0678,7.3724,983007,0
2014-01-31,7.2707,7.4426,7.0989,7.3411,1478315,0
2014-02-03,7.3568,7.5127,7.1848,7.2319,1751197,0
2014-02-04,7.2397,7.2942,7.1148,7.1459,1341536,0
2014-02-05,7.0757,7.1459,6.9508,6.9974,601140,0
2014-02-06,7.0443,7.0832,6.9115,6.9428,911167,0
2014-02-07,6.9663,6.9817,6.7789,6.9272,798090,0
2014-02-10,6.9428,7.0287,6.888,6.9741,657842,0
2014-02-11,6.9897,7.1148,6.9428,7.1069,1442702,0
2014-02-12,7.1148,7.2785,7.0911,7.2707,514556,0
2014-02-13,7.2397,7.466,7.216,7.466,671586,0
2014-02-14,7.4738,7.5752,7.3411,7.5522,575940,0
2014-02-18,7.583,7.6066,7.4973,7.5601,419237,0
2014-02-19,7.8011,8.3016,7.7791,8.2304,1531398,0
2014-02-20,8.2629,8.4656,8.2082,8.4487,996117,0
2014-02-21,8.4574,8.5198,8.2561,8.4896,1352960,0
2014-02-24,8.4896,8.5198,8.3496,8.4026,1024379,0
2014-02-25,8.4278,8.4278,8.2629,8.379,769769,0
2014-02-26,8.3965,8.6228,8.379,8.5899,1433537,0
2014-02-27,8.5677,8.6681,8.5286,8.6451,807983,0
2014-02-28,8.6916,9.3705,8.6916,8.7299,4040765,0
2014-03-03,8.4026,8.5046,8.1152,8.4896,1525308,0
2014-03-04,8.5358,8.7236,8.4967,8.709,1031838,0
2014-03-05,8.7464,8.8571,8.6228,8.7855,566558,0
2014-03-06,8.8246,8.8338,8.7373,8.7773,865587,0
2014-03-07,8.7855,8.8163,8.6059,8.6607,1159586,0
2014-03-10,8.6535,8.7464,8.3965,8.4192,586706,0
2014-03-11,8.4113,8.5286,8.3712,8.4278,484719,0
2014-03-12,8.4113,8.5118,8.3878,8.4896,371767,0
2014-03-13,8.4574,8.5517,8.2861,8.3496,630395,0
2014-03-14,8.333,8.4487,8.333,8.4113,345166,0
2014-03-17,8.6681,8.8877,8.5981,8.7773,1606546,0
2014-03-18,8.8246,8.8412,8.7464,8.7855,1028091,0
2014-03-19,8.8163,8.8877,8.7,8.77,1002651,0
2014-03-20,8.7646,8.7773,8.5899,8.6916,1042141,0
2014-03-21,8.7,8.7855,8.5758,8.6681,1158808,0
2014-03-24,8.6836,8.7373,8.5286,8.6607,1057236,0
2014-03-25,8.6916,8.8082,8.6681,8.7236,778471,0
2014-03-26,8.7646,8.7773,8.5828,8.6059,1165091,0
2014-03-27,8.6059,8.7791,8.5669,8.739,840347,0
2014-03-28,8.7719,8.8515,8.71,8.8046,1253949,0
2014-03-31,8.8515,8.9461,8.7791,8.8988,1982009,0
2014-04-01,8.8988,8.9858,8.8046,8.9527,548728,0
2014-04-02,8.961,9.0168,8.8747,8.9772,779967,0
2014-04-03,8.9772,8.9772,8.8273,8.9062,958211,0
2014-04-04,8.961,9.0168,8.6772,8.6772,1033160,0
2014-04-07,8.6926,8.739,8.5828,8.6459,601781,0
2014-04-08,8.6772,8.882,8.6544,8.8431,414591,0
2014-04-09,8.3052,8.3939,8.2176,8.3531,11450361,0
2014-04-10,8.3774,8.4001,8.1476,8.2108,2582767,0
2014-04-11,8.1255,8.134,7.9419,8.0459,1819465,0
2014-04-14,8.0846,8.1715,7.9754,8.0376,917430,0
2014-04-15,8.0761,8.1715,7.9669,8.134,918828,0
2014-04-16,8.1715,8.2432,8.1629,8.2432,664809,0
2014-04-17,8.2432,8.2904,8.1629,8.2594,1125108,0
2014-04-21,8.2904,8.3531,8.2048,8.2432,835302,0
2014-04-22,8.2746,8.2983,8.1971,8.2048,795446,0
2014-04-23,8.1715,8.2662,8.0543,8.1629,963470,0
2014-04-24,8.1715,8.2432,8.1004,8.1715,786143,0
2014-04-25,8.1255,8.1629,7.9346,7.9419,872906,0
2014-04-28,7.9914,8.0298,7.7535,7.904,1051988,0
2014-04-29,7.9504,8.0459,7.8958,7.9504,763033,0
2014-04-30,7.9205,8.1476,7.8636,8.1004,1163445,0
2014-05-01,8.0846,8.1715,8.0217,8.1552,764905,0
2014-05-02,8.1552,8.2904,8.0627,8.2262,851701,0
2014-05-05,8.1629,8.2176,8.0686,8.2108,488986,0
2014-05-06,8.2176,8.2594,8.0846,8.134,538318,0
2014-05-07,8.1168,8.1715,8.0132,8.1255,647003,0
2014-05-08,8.1168,8.1971,8.0459,8.1004,803245,0
2014-05-09,8.2048,8.4174,8.0686,8.2594,1205007,0
2014-05-12,8.3852,8.4558,8.3381,8.4174,1477349,0
2014-05-13,8.4174,8.4806,8.3381,8.4001,923857,0
2014-05-14,8.3774,8.434,8.2517,8.3217,719823,0
2014-05-15,8.2594,8.2594,8.1004,8.2048,914877,0
2014-05-16,8.2108,8.3688,8.1476,8.3688,635215,0
2014-05-19,8.314,8.3531,8.2594,8.3052,353177,0
2014-05-20,8.2746,8.2904,8.1715,8.2746,716389,0
2014-05-21,8.2826,8.3469,8.2048,8.2048,730617,0
2014-05-22,8.2432,8.2983,8.1629,8.2517,410177,0
2014-05-23,8.2746,8.4086,8.2432,8.4001,410356,0
2014-05-27,8.4252,8.5277,8.4252,8.4806,668333,0
2014-05-28,8.4468,8.4558,8.3303,8.4252,537127,0
2014-05-29,8.4468,8.4727,8.314,8.3939,853329,0
2014-05-30,8.4086,8.5037,8.3774,8.4468,792973,0
2014-06-02,8.4887,8.4887,8.3303,8.4468,399195,0
2014-06-03,8.4252,8.4727,8.3303,8.4637,668240,0
2014-06-04,8.4558,8.5581,8.4001,8.495,602923,0
2014-06-05,8.5118,8.6228,8.4727,8.5669,1184632,0
2014-06-06,8.6228,8.6544,8.5358,8.5758,880552,0
2014-06-09,8.5828,8.6459,8.5358,8.5758,870527,0
2014-06-10,8.5758,8.614,8.5118,8.5899,632373,0
2014-06-11,8.5509,8.5981,8.4401,8.5037,437197,0
2014-06-12,8.5037,8.5509,8.4086,8.5037,614831,0
2014-06-13,8.495,8.5509,8.3852,8.4174,612495,0
2014-06-16,8.3774,8.4001,8.2746,8.2826,837215,0
2014-06-17,8.2746,8.3852,8.2108,8.3688,1183099,0
2014-06-18,8.3852,8.434,8.3531,8.4174,578034,0
2014-06-19,8.4401,8.5828,8.434,8.5669,1101129,0
2014-06-20,8.5828,8.5981,8.4887,8.5899,1243464,0
2014-06-23,8.5758,8.6845,8.5118,8.5899,796267,0
2014-06-24,8.5509,8.6845,8.5509,8.5828,995292,0
2014-06-25,8.5509,8.6617,8.5509,8.614,671258,0
2014-06-26,8.6617,8.8933,8.6059,8.8933,893684,0
2014-06-27,8.8858,9.1864,8.8858,9.1864,1373492,0
2014-06-30,9.2144,9.2365,9.0942,9.2144,852824,0
2014-07-01,9.2365,9.3823,9.2047,9.3098,979444,0
2014-07-02,9.2924,9.3823,9.1662,9.3489,524710,0
2014-07-03,9.3823,9.3823,9.1864,9.2452,340303,0
2014-07-07,9.196,9.2847,9.1806,9.2047,435968,0
2014-07-08,9.1864,9.2597,9.1806,9.2288,470202,0
2014-07-09,9.2683,9.4923,9.196,9.453,633707,0
2014-07-10,9.4039,9.589,9.3489,9.555,749778,0
2014-07-11,9.532,9.595,9.4196,9.4609,538666,0
2014-07-14,9.5,9.581,9.3646,9.3951,1041834,0
2014-07-15,9.4196,9.4677,9.3646,9.4108,716943,0
2014-07-16,9.4677,9.581,9.4442,9.5,652947,0
2014-07-17,9.4835,9.519,9.4039,9.4108,723857,0
2014-07-18,9.3951,9.54,9.3951,9.509,591690,0
2014-07-21,9.4766,9.555,9.4108,9.4677,539639,0
2014-07-22,9.519,9.574,9.4766,9.524,386058,0
2014-07-23,9.532,9.589,9.4677,9.574,967496,0
2014-07-24,9.581,9.595,9.4196,9.4373,455055,0
2014-07-25,9.3725,9.4295,9.3401,9.3489,560839,0
2014-07-28,9.3489,9.453,9.3401,9.3951,360642,0
2014-07-29,9.3823,9.4108,9.3401,9.3489,421223,0
2014-07-30,9.3823,9.3951,9.2597,9.276,379446,0
2014-07-31,9.2047,9.2924,9.1806,9.1864,786920,0
2014-08-01,9.2047,9.603,9.1489,9.453,2211049,0
2014-08-04,9.509,9.54,9.2597,9.4766,1029934,0
2014-08-05,9.4442,9.524,9.3174,9.3322,623188,0
2014-08-06,9.3098,9.3902,9.2365,9.3174,578555,0
2014-08-07,9.3174,9.589,9.1806,9.196,769220,0
2014-08-08,8.7017,9.1662,8.7017,9.0131,985408,0
2014-08-11,9.0131,9.1662,9.0131,9.0602,658352,0
2014-08-12,9.0216,9.1576,9.0216,9.0602,609875,0
2014-08-13,9.0858,9.2847,9.0858,9.2365,1060779,0
2014-08-14,9.2221,9.3098,9.2221,9.2365,465687,0
2014-08-15,9.3242,9.4295,9.2452,9.3174,714211,0
2014-08-18,9.4039,9.4835,9.3558,9.3823,515197,0
2014-08-19,9.3902,9.453,9.2221,9.2924,784224,0
2014-08-20,9.2365,9.2597,9.1489,9.1748,589890,0
2014-08-21,9.1415,9.1864,9.0602,9.133,1094618,0
2014-08-22,9.1235,9.2539,9.0216,9.2452,957079,0
2014-08-25,9.3011,9.3098,9.1084,9.2221,525344,0
2014-08-26,9.2683,9.2924,9.2221,9.2597,298475,0
2014-08-27,9.276,9.3322,9.1806,9.1864,310431,0
2014-08-28,9.1748,9.2597,9.1169,9.1662,435532,0
2014-08-29,9.1662,9.2539,9.1415,9.2539,319316,0
2014-09-02,9.3011,9.3401,9.1576,9.2597,405661,0
2014-09-03,9.2847,9.3401,9.196,9.2452,439749,0
2014-09-04,9.2365,9.3951,9.1169,9.2597,554308,0
2014-09-05,9.2288,9.276,9.196,9.2597,348137,0
2014-09-08,9.2539,9.2847,9.1084,9.196,382462,0
2014-09-09,9.1662,9.2597,9.0858,9.1662,547764,0
2014-09-10,9.1662,9.1806,9.0452,9.0678,424437,0
2014-09-11,9.0537,9.1576,9.0056,9.1009,355741,0
2014-09-12,9.1009,9.1009,8.8127,8.9564,886631,0
2014-09-15,8.9424,8.9564,8.821,8.83,457249,0
2014-09-16,8.79,8.8607,8.6699,8.7737,934796,0
2014-09-17,8.7981,8.8858,8.7809,8.8064,405035,0
2014-09-18,8.8064,8.9174,8.7809,8.83,326433,0
2014-09-19,8.83,8.8691,8.678,8.7737,930153,0
2014-09-22,8.7591,8.7672,8.6699,8.6699,523301,0
2014-09-23,8.6617,8.7017,8.4877,8.5178,821032,0
2014-09-24,8.5021,8.6228,8.5021,8.542,409924,0
2014-09-25,8.5572,8.5572,8.3512,8.3827,495089,0
2014-09-26,8.3827,8.5286,8.3748,8.5037,442253,0
2014-09-29,8.4148,8.4391,8.3338,8.3827,588019,0
2014-09-30,8.4322,8.4887,8.2544,8.2544,743089,0
2014-10-01,8.2373,8.3026,8.0349,8.052,851842,0
2014-10-02,8.0686,8.1979,7.8174,8.1562,868348,0
2014-10-03,8.2457,8.2938,8.1407,8.2125,287880,0
2014-10-06,8.2125,8.2286,8.0995,8.133,368688,0
2014-10-07,8.108,8.108,8.0275,8.0275,415051,0
2014-10-08,8.0107,8.2861,7.9146,8.2686,644105,0
2014-10-09,8.2686,8.4798,8.1723,8.2938,847633,0
2014-10-10,8.2544,8.3972,8.2057,8.2457,673150,0
2014-10-13,8.262,8.326,7.9064,8.019,843932,0
2014-10-14,8.0753,8.2457,7.8419,7.89,993402,0
2014-10-15,7.8174,7.9146,7.1632,7.8733,1283408,0
2014-10-16,7.8257,8.1979,7.8092,8.1895,767730,0
2014-10-17,8.2457,8.2861,8.0686,8.0995,337623,0
2014-10-20,8.0837,8.3583,8.0837,8.3583,584844,0
2014-10-21,8.3425,8.5118,8.3425,8.5037,540446,0
2014-10-22,8.5597,8.6807,8.326,8.3338,517759,0
2014-10-23,8.4148,8.6255,8.3338,8.5996,571801,0
2014-10-24,8.6407,8.6407,8.5198,8.6255,260680,0
2014-10-27,8.6078,8.658,8.5037,8.658,347219,0
2014-10-28,8.6644,8.8264,8.6336,8.8037,554496,0
2014-10-29,8.7864,8.8515,8.6167,8.77,287749,0
2014-10-30,8.7636,8.8515,8.6735,8.729,461815,0
2014-10-31,9.1084,9.4491,8.729,9.1244,1042629,0
2014-11-03,9.1084,9.2703,9.0291,9.1816,688224,0
2014-11-04,9.1884,9.2876,9.0367,9.2067,504739,0
2014-11-05,9.2789,9.2789,9.1244,9.1338,605356,0
2014-11-06,9.1585,9.2471,9.0121,9.0537,3608792,0
2014-11-07,9.0773,9.1816,8.9886,9.1499,984856,0
2014-11-10,9.1672,9.2789,8.9725,9.2153,630376,0
2014-11-11,9.1884,9.2943,9.1244,9.1244,713685,0
2014-11-12,9.0537,9.2231,9.0442,9.0773,550648,0
2014-11-13,8.8182,8.883,8.2861,8.3026,819447,0
2014-11-14,8.2544,8.3425,8.0921,8.1159,634333,0
2014-11-17,8.0995,8.1809,7.9872,8.133,746218,0
2014-11-18,8.1485,8.2286,8.0995,8.1485,993916,0
2014-11-19,8.1562,8.2457,8.0753,8.1809,721303,0
2014-11-20,8.133,8.4798,8.133,8.4322,1195337,0
2014-11-21,8.5438,8.5438,8.4148,8.4549,535251,0
2014-11-24,8.4718,8.5358,8.4148,8.5358,449441,0
2014-11-25,8.5358,8.5517,8.3972,8.4061,518173,0
2014-11-26,8.4148,8.4798,8.3583,8.4461,467073,0
2014-11-28,8.4549,8.5775,8.4322,8.4637,304381,0
2014-12-01,8.4549,8.4887,8.3338,8.3338,490225,0
2014-12-02,8.3183,8.3583,8.0837,8.1562,1294490,0
2014-12-03,8.1562,8.3425,8.1159,8.3096,793151,0
2014-12-04,8.326,8.326,8.1485,8.2686,688415,0
2014-12-05,8.262,8.3425,8.1895,8.3338,775702,0
2014-12-08,8.2938,8.4236,8.2125,8.2544,1079757,0
2014-12-09,8.1562,8.2861,8.1246,8.2861,1074890,0
2014-12-10,8.2373,8.3183,8.2125,8.2286,675312,0
2014-12-11,8.262,8.3183,8.1562,8.2373,828445,0
2014-12-12,8.133,8.2861,8.133,8.2057,617593,0
2014-12-15,8.2774,8.2938,8.0602,8.133,809331,0
2014-12-16,8.0753,8.2686,8.0602,8.1895,895591,0
2014-12-17,8.2286,8.3748,8.1979,8.366,694694,0
2014-12-18,8.4718,8.5198,8.3972,8.4798,614545,0
2014-12-19,8.5118,8.5517,8.3972,8.5517,976992,0
2014-12-22,8.5927,8.7063,8.5517,8.7063,564222,0
2014-12-23,8.7636,8.8182,8.6971,8.8101,713741,0
2014-12-24,8.8515,8.8672,8.7636,8.7773,434790,0
2014-12-26,8.8037,8.883,8.7636,8.8431,294090,0
2014-12-29,8.8588,8.9415,8.7354,8.8431,475460,0
2014-12-30,8.8356,8.8431,8.6469,8.7691,605931,0
2014-12-31,8.8182,8.908,8.5572,8.5572,423500,0
2015-01-02,8.5981,8.6717,8.4096,8.5899,633793,0
2015-01-05,8.5491,8.6228,8.4754,8.5739,747609,0
2015-01-06,8.5899,8.6469,8.3949,8.4593,474483,0
2015-01-07,8.4674,8.5491,8.3286,8.5251,824293,0
2015-01-08,8.6059,8.6228,8.4009,8.6228,573372,0
2015-01-09,8.6059,8.6228,8.4009,8.4096,500892,0
2015-01-12,8.4096,8.4842,8.312,8.4433,585900,0
2015-01-13,8.5082,8.533,8.4096,8.4842,673704,0
2015-01-14,8.4184,8.5572,8.3861,8.533,485716,0
2015-01-15,8.5739,8.7272,8.5082,8.6871,1071196,0
2015-01-16,8.6059,8.6871,8.5572,8.6469,806047,0
2015-01-20,8.6552,8.7045,8.3949,8.4674,951897,0
2015-01-21,8.6228,8.7691,8.4754,8.5739,791099,0
2015-01-22,8.6469,8.8101,8.5491,8.7936,861258,0
2015-01-23,8.8027,8.8756,8.7217,8.8431,953615,0
2015-01-26,8.8588,9.0064,8.8027,8.9905,1223630,0
2015-01-27,8.8756,8.9819,8.8756,8.9564,591609,0
2015-01-28,9.0064,9.0225,8.8264,8.8431,845887,0
2015-01-29,8.8431,8.9499,8.7626,8.9415,1393636,0
2015-01-30,8.5572,8.7045,8.533,8.5899,6257386,0
2015-02-02,8.6308,8.7045,8.3286,8.4184,1622618,0
2015-02-03,8.4184,8.6469,8.4009,8.6389,1279559,0
2015-02-04,8.5819,8.7936,8.5572,8.6469,873221,0
2015-02-05,8.6635,8.8756,8.6552,8.8431,1008040,0
2015-02-06,8.8672,8.884,8.5572,8.5819,1322335,0
2015-02-09,8.5819,8.6469,8.4433,8.4593,975142,0
2015-02-10,8.4842,8.6308,8.4009,8.6059,1343053,0
2015-02-11,8.5819,8.6871,8.4921,8.6059,652934,0
2015-02-12,8.6717,8.7626,8.6059,8.7136,682558,0
2015-02-13,8.7045,8.7626,8.5899,8.6799,473117,0
2015-02-17,8.6228,8.8101,8.6228,8.6955,821067,0
2015-02-18,8.6552,8.7773,8.614,8.7773,528507,0
2015-02-19,8.7536,8.7536,8.5739,8.6308,597896,0
2015-02-20,8.5981,8.6871,8.5739,8.6308,516025,0
2015-02-23,8.6469,8.7136,8.5819,8.6389,608921,0
2015-02-24,8.614,8.6308,8.533,8.5739,715607,0
2015-02-25,8.5899,8.7626,8.5739,8.6228,789258,0
2015-02-26,8.5981,8.6871,8.4921,8.6552,858932,0
2015-02-27,8.8356,8.8515,8.5572,8.6955,2609197,0
2015-03-02,8.427,8.6635,8.3861,8.4674,1810970,0
2015-03-03,8.3522,8.5082,8.2629,8.5082,1049082,0
2015-03-04,8.4593,8.4842,8.3607,8.427,898321,0
2015-03-05,8.4674,8.4993,8.3452,8.3949,743394,0
2015-03-06,8.3199,8.3199,8.0837,8.133,1410124,0
2015-03-09,8.1731,8.2475,8.034,8.0837,1235971,0
2015-03-10,8.051,8.0837,7.8791,7.9205,1447355,0
2015-03-11,7.904,7.9205,7.8142,7.8873,773769,0
2015-03-12,7.937,8.133,7.9122,8.1246,756991,0
2015-03-13,8.133,8.1817,7.961,8.0427,808916,0
2015-03-16,8.1159,8.1646,8.01,8.0267,757112,0
2015-03-17,8.0023,8.0267,7.9286,8.01,581244,0
2015-03-18,8.0023,8.0427,7.8468,8.034,1055572,0
2015-03-19,7.9939,8.108,7.9939,8.0753,422645,0
2015-03-20,8.108,8.312,8.108,8.2964,1017361,0
2015-03-23,8.2964,8.427,8.2964,8.312,710205,0
2015-03-24,8.2964,8.312,8.1904,8.2561,547934,0
2015-03-25,8.2702,8.2702,7.8222,7.8873,1031324,0
2015-03-26,7.8386,7.9445,7.7815,7.904,637285,0
2015-03-27,7.904,7.978,7.8791,7.9619,451744,0
2015-03-30,8.0031,8.0031,7.871,7.9535,657980,0
2015-03-31,7.9205,8.0284,7.8958,7.9535,529899,0
2015-04-01,7.9286,8.0199,7.8627,7.9535,627258,0
2015-04-02,7.9703,8.1853,7.9454,8.1519,556500,0
2015-04-06,8.1605,8.3173,8.086,8.2668,1111551,0
2015-04-07,8.2517,8.4164,8.0777,8.0777,841110,0
2015-04-08,8.1022,8.1681,8.0695,8.0777,610325,0
2015-04-09,8.0442,8.0695,7.8377,7.8873,642720,0
2015-04-10,7.9286,8.0695,7.9205,7.9286,389588,0
2015-04-13,7.8958,7.9864,7.871,7.8958,468448,0
2015-04-14,7.9286,7.9864,7.8627,7.8791,363583,0
2015-04-15,7.9205,7.937,7.8213,7.8791,550869,0
2015-04-16,7.8791,8.0114,7.7966,7.9948,425999,0
2015-04-17,7.9122,7.9122,7.7884,7.813,543803,0
2015-04-20,7.8544,8.0357,7.8297,8.0284,625145,0
2015-04-21,8.0525,8.086,7.9286,7.937,635255,0
2015-04-22,7.937,7.9535,7.8213,7.8297,655773,0
2015-04-23,7.813,7.8544,7.7884,7.8544,408456,0
2015-04-24,7.871,7.9122,7.813,7.871,1456837,0
2015-04-27,7.904,7.9948,7.8048,7.8297,505094,0
2015-04-28,7.7966,7.846,7.7221,7.7469,685436,0
2015-04-29,7.6641,7.7137,7.5732,7.6063,824410,0
2015-04-30,7.5567,7.598,7.3666,7.4905,1229480,0
2015-05-01,7.4493,7.5319,7.2508,7.2922,3553213,0
2015-05-04,7.3004,7.4162,7.2671,7.3253,1211699,0
2015-05-05,7.3004,7.3582,7.0358,7.2839,2006717,0
2015-05-06,7.3419,7.3419,7.1764,7.2179,909528,0
2015-05-07,7.2508,7.4493,7.2342,7.3004,1239907,0
2015-05-08,7.3666,7.6392,7.3253,7.3748,910528,0
2015-05-11,7.3748,7.4326,7.2342,7.3253,1101631,0
2015-05-12,7.3004,7.4576,7.1516,7.4409,1172088,0
2015-05-13,7.4162,7.598,7.408,7.4326,1361075,0
2015-05-14,7.507,7.5485,7.4409,7.5402,984914,0
2015-05-15,7.5402,7.7302,7.499,7.7302,870301,0
2015-05-18,7.7302,7.7302,7.4657,7.5154,1204532,0
2015-05-19,7.507,7.5402,7.408,7.4245,729182,0
2015-05-20,7.4493,7.4657,7.35,7.35,632097,0
2015-05-21,7.35,7.3914,7.2342,7.2671,889604,0
2015-05-22,7.2426,7.3004,7.2179,7.2426,368903,0
2015-05-26,7.2258,7.2258,7.0856,7.1516,673309,0
2015-05-27,7.1516,7.2592,7.0771,7.2508,643707,0
2015-05-28,7.2592,7.3086,7.1598,7.2095,514541,0
2015-05-29,7.1929,7.2013,7.0689,7.1102,1321161,0
2015-06-01,7.1683,7.2508,7.1102,7.2179,629479,0
2015-06-02,7.1516,7.2013,7.0856,7.1102,705228,0
2015-06-03,7.1269,7.1598,7.0442,7.1102,686039,0
2015-06-04,7.0938,7.135,7.0607,7.1269,527835,0
2015-06-05,7.0771,7.0938,6.92,7.0027,610930,0
2015-06-08,6.978,7.0027,6.9117,6.92,504855,0
2015-06-09,6.9117,6.9449,6.854,6.8704,629739,0
2015-06-10,6.8953,6.986,6.8375,6.9449,840008,0
2015-06-11,7.0111,7.0358,6.9117,6.9449,512977,0
2015-06-12,6.9531,6.9698,6.7052,6.7382,1017088,0
2015-06-15,6.7382,6.7549,6.4241,6.4819,1690913,0
2015-06-16,6.4654,6.763,6.4654,6.7549,894684,0
2015-06-17,6.7549,6.8622,6.73,6.8209,605124,0
2015-06-18,6.8375,6.9531,6.8126,6.9366,684228,0
2015-06-19,6.9449,7.0358,6.829,7.0358,1346075,0
2015-06-22,7.0525,7.1102,7.0194,7.0442,964835,0
2015-06-23,7.0358,7.0442,6.9449,6.978,508451,0
2015-06-24,6.978,7.1433,6.9614,7.0856,1561250,0
2015-06-25,7.0856,7.0856,6.8126,6.8622,904239,0
2015-06-26,6.8372,7.1138,6.7699,7.0973,4137671,0
2015-06-29,7.0887,7.1558,6.7196,6.8372,1717720,0
2015-06-30,6.8622,7.0973,6.8034,7.0973,1735217,0
2015-07-01,7.1307,7.2984,7.0635,7.29,1351171,0
2015-07-02,7.3153,7.374,7.2313,7.2733,807006,0
2015-07-06,7.2984,7.4831,7.2984,7.4243,1200618,0
2015-07-07,7.458,7.5166,7.374,7.4831,1137082,0
2015-07-08,7.4409,7.5166,7.374,7.416,511264,0
2015-07-09,7.4662,7.4999,7.1893,7.3236,808794,0
2015-07-10,7.3824,7.4745,7.3488,7.4409,583501,0
2015-07-13,7.5501,7.634,7.4999,7.5921,1197992,0
2015-07-14,7.7095,7.743,7.6257,7.7011,844407,0
2015-07-15,7.6843,7.7598,7.634,7.7262,813054,0
2015-07-16,7.4831,7.4999,7.1893,7.29,944687,0
2015-07-17,7.2651,7.2651,7.1558,7.2313,661103,0
2015-07-20,7.2651,7.4409,7.2398,7.3572,1288231,0
2015-07-21,7.3404,7.4662,7.2984,7.3572,831444,0
2015-07-22,7.374,7.5166,7.3404,7.4914,1183213,0
2015-07-23,7.4662,7.4999,7.3488,7.3909,1508282,0
2015-07-24,7.374,7.3824,7.1893,7.2564,926212,0
2015-07-27,7.29,7.3069,7.0887,7.2231,815827,0
2015-07-28,7.2398,7.3236,7.1727,7.2313,630111,0
2015-07-29,7.2146,7.4326,7.1727,7.4077,773274,0
2015-07-30,7.3655,7.3655,7.1727,7.2146,922635,0
2015-07-31,7.2564,7.3572,7.2146,7.3321,896171,0
2015-08-03,7.3404,7.458,7.2984,7.3488,872704,0
2015-08-04,7.3909,7.4326,7.2146,7.248,666468,0
2015-08-05,7.2651,7.3069,6.7951,6.9376,1442959,0
2015-08-06,6.9629,6.9882,6.4596,6.9545,1671142,0
2015-08-07,6.9042,7.3153,6.384,6.7783,2541177,0
2015-08-10,6.8119,7.1642,6.7783,7.1223,1430203,0
2015-08-11,7.0719,7.2398,7.0217,7.2313,1147486,0
2015-08-12,7.0302,7.0467,6.4596,6.9545,2340204,0
2015-08-13,6.9545,7.0217,6.8372,6.8622,1020619,0
2015-08-14,6.8286,6.8372,6.7196,6.7951,862556,0
2015-08-17,6.7783,6.879,6.6357,6.7364,1413754,0
2015-08-18,6.7196,6.7699,6.6776,6.7364,585528,0
2015-08-19,6.686,6.7783,6.6273,6.7616,1442600,0
2015-08-20,6.7196,6.7196,6.6023,6.6105,1094766,0
2015-08-21,6.4847,6.6526,6.3169,6.5518,2028961,0
2015-08-24,6.2078,6.4678,5.6963,6.1911,1642335,0
2015-08-25,6.4092,6.4763,6.1911,6.2078,1047202,0
2015-08-26,6.3757,6.6693,6.0989,6.3337,1817495,0
2015-08-27,6.4092,6.686,6.3757,6.6189,2144350,0
2015-08-28,6.6357,6.879,6.6273,6.6608,1346642,0
2015-08-31,6.6189,6.6441,6.4763,6.4931,1072235,0
2015-09-01,6.3923,6.4763,6.359,6.4259,813563,0
2015-09-02,6.4847,6.6105,6.4177,6.6105,1107518,0
2015-09-03,6.6023,6.7112,6.535,6.6608,1266416,0
2015-09-04,6.5603,6.6105,6.384,6.4678,536414,0
2015-09-08,6.5518,6.6273,6.4596,6.5267,870186,0
2015-09-09,6.728,6.7699,6.4092,6.4177,913815,0
2015-09-10,6.3757,6.4931,6.3,6.3253,799034,0
2015-09-11,6.3253,6.4343,6.2667,6.4343,894027,0
2015-09-14,6.4427,6.4427,6.342,6.4177,999045,0
2015-09-15,6.4427,6.4512,6.2078,6.3169,1679696,0
2015-09-16,6.3,6.3923,6.2749,6.3253,831682,0
2015-09-17,6.3253,6.4763,6.233,6.384,1065129,0
2015-09-18,6.3086,6.342,6.0569,6.1071,2025982,0
2015-09-21,6.0903,6.2414,6.0903,6.233,846583,0
2015-09-22,6.166,6.1744,5.9395,5.9644,1030872,0
2015-09-23,5.9729,6.0317,5.8554,5.8975,783393,0
2015-09-24,5.8641,5.9143,5.7213,5.7968,937240,0
2015-09-25,5.8304,5.8304,5.6039,5.6459,1018593,0
2015-09-28,5.6629,5.6971,5.2615,5.3468,1220776,0
2015-09-29,5.3382,5.3725,5.1932,5.2017,822705,0
2015-09-30,5.2358,5.2785,5.1333,5.2102,2009293,0
2015-10-01,5.2017,5.3725,5.142,5.3554,747542,0
2015-10-02,5.2785,5.4067,5.2017,5.4067,1028413,0
2015-10-05,5.4323,5.791,5.4237,5.7568,1128238,0
2015-10-06,5.7312,5.8851,5.7312,5.791,783954,0
2015-10-07,5.8166,6.0302,5.8166,5.9704,1072669,0
2015-10-08,5.9448,6.0644,5.9362,5.996,1209650,0
2015-10-09,6.0131,6.0389,5.9448,6.0045,686662,0
2015-10-12,6.0131,6.0644,5.9532,5.9874,637590,0
2015-10-13,5.9448,6.0472,5.8166,5.8337,589020,0
2015-10-14,5.8252,5.8679,5.7568,5.8166,668982,0
2015-10-15,5.8423,6.0389,5.8166,6.0045,3602607,0
2015-10-16,6.0389,6.1326,5.9532,6.0729,1420626,0
2015-10-19,6.0815,6.1753,6.0558,6.1583,1022153,0
2015-10-20,6.1583,6.2437,6.107,6.2011,1114868,0
2015-10-21,6.2181,6.2865,6.1326,6.1326,1266548,0
2015-10-22,6.2181,6.4146,6.1326,6.3634,1314669,0
2015-10-23,6.3634,6.3718,6.1753,6.278,1990209,0
2015-10-26,6.312,6.4146,6.1069,6.1412,1018696,0
2015-10-27,5.9105,5.9192,5.4153,5.6287,2756482,0
2015-10-28,5.6459,5.791,5.5434,5.7312,1202392,0
2015-10-29,5.6883,5.8423,5.6544,5.8081,1180027,0
2015-10-30,5.7996,5.902,5.7483,5.8764,1289731,0
2015-11-02,5.8764,5.9532,5.8423,5.9275,1026318,0
2015-11-03,5.9105,6.0558,5.8934,5.9874,656691,0
2015-11-04,5.9874,6.0729,5.9192,5.9192,913039,0
2015-11-05,5.9362,6.1069,5.6883,5.6883,803155,0
2015-11-06,5.6459,5.7483,5.2785,5.7483,1224401,0
2015-11-09,5.7056,5.7312,5.4751,5.5434,738224,0
2015-11-10,5.5349,5.6883,5.4836,5.68,803038,0
2015-11-11,5.6971,5.7312,5.5774,5.6544,902787,0
2015-11-12,5.6373,5.7397,5.5518,5.5689,918475,0
2015-11-13,5.586,5.6629,5.4494,5.4578,794257,0
2015-11-16,5.492,5.492,5.4237,5.4751,492078,0
2015-11-17,5.492,5.5604,5.3468,5.3554,721901,0
2015-11-18,5.398,5.4153,5.3042,5.398,774940,0
2015-11-19,5.3468,5.4237,5.3382,5.3811,498986,0
2015-11-20,5.4237,5.5005,5.3811,5.4665,781260,0
2015-11-23,5.4836,5.6116,5.4153,5.586,939197,0
2015-11-24,5.5518,5.5946,5.5091,5.5434,550852,0
2015-11-25,5.5262,5.8507,5.5091,5.8166,730450,0
2015-11-27,5.8166,5.902,5.8081,5.8423,382142,0
2015-11-30,5.8764,6.0389,5.8337,6.0045,1880273,0
2015-12-01,6.0302,6.1412,6.0217,6.1155,620713,0
2015-12-02,6.0985,6.1497,5.9619,5.9619,724332,0
2015-12-03,5.9619,5.979,5.7141,5.7397,742524,0
2015-12-04,5.7227,5.8166,5.6714,5.7056,620981,0
2015-12-07,5.6714,5.68,5.3725,5.4494,869422,0
2015-12-08,5.3896,5.5005,5.3639,5.492,654544,0
2015-12-09,5.492,5.5946,5.3639,5.3725,514556,0
2015-12-10,5.3811,5.492,5.3468,5.3554,621450,0
2015-12-11,5.2785,5.3297,5.1759,5.2187,1062364,0
2015-12-14,5.2187,5.253,4.9966,5.1932,1068250,0
2015-12-15,5.2187,5.5604,5.2187,5.5604,928779,0
2015-12-16,5.6202,5.774,5.6031,5.7568,1248169,0
2015-12-17,5.7483,5.791,5.6373,5.6714,670388,0
2015-12-18,5.6544,5.6544,5.4665,5.5176,2396587,0
2015-12-21,5.5262,5.5518,5.398,5.4665,604006,0
2015-12-22,5.4836,5.5349,5.4237,5.4323,844385,0
2015-12-23,5.4323,5.5689,5.4067,5.5091,823060,0
2015-12-24,5.5091,5.5518,5.4067,5.4067,469647,0
2015-12-28,5.4067,5.5518,5.3127,5.5518,553735,0
2015-12-29,5.5605,5.7085,5.5084,5.7085,492267,0
2015-12-30,5.7085,5.7607,5.5693,5.5778,421076,0
2015-12-31,5.5693,5.5778,5.4301,5.4909,575750,0
2016-01-04,5.4126,5.4387,5.1603,5.2822,1062512,0
2016-01-05,5.2908,5.3778,5.1429,5.3604,570516,0
2016-01-06,5.2996,5.3604,5.2386,5.2735,468855,0
2016-01-07,5.2211,5.2211,4.9601,4.9688,885255,0
2016-01-08,4.995,5.0646,4.8166,4.8383,613154,0
2016-01-11,4.7949,4.8557,4.6816,4.7686,592766,0
2016-01-12,4.8035,4.8035,4.3684,4.3946,1263363,0
2016-01-13,4.377,4.377,4.0733,4.0899,1246972,0
2016-01-14,4.0986,4.3684,3.9768,4.2554,1504323,0
2016-01-15,4.1596,4.1596,3.8115,4.064,1775756,0
2016-01-19,4.0899,4.0986,3.8115,3.9942,1949790,0
2016-01-20,3.8984,4.0551,3.6112,3.9855,2512041,0
2016-01-21,3.9942,4.2029,3.9419,4.1334,2051822,0
2016-01-22,4.2117,4.3118,4.1334,4.29,1619452,0
2016-01-25,4.1334,4.3596,3.9855,4.2987,1542842,0
2016-01-26,4.3162,4.699,4.2987,4.699,1718179,0
2016-01-27,4.6729,4.8991,4.6207,4.6468,1187848,0
2016-01-28,4.699,4.7686,4.6426,4.6903,713861,0
2016-01-29,4.6729,4.8557,4.6729,4.8383,851433,0
2016-02-01,4.6816,4.7426,4.3509,4.7339,927007,0
2016-02-02,4.6644,4.6644,4.4729,4.586,679239,0
2016-02-03,4.6207,4.6207,4.4553,4.6034,1085684,0
2016-02-04,4.4989,4.586,4.3336,4.5773,1607378,0
2016-02-05,4.5164,4.586,4.3859,4.4814,879761,0
2016-02-08,4.4379,4.4553,4.2117,4.29,817270,0
2016-02-09,4.2029,4.2814,4.0986,4.1944,834745,0
2016-02-10,4.2554,4.3033,4.1596,4.1944,695358,0
2016-02-11,4.0986,4.2117,4.0378,4.1072,770986,0
2016-02-12,4.1334,4.2248,3.968,4.2117,1167257,0
2016-02-16,4.2292,4.4467,4.1596,4.4467,863885,0
2016-02-17,4.4293,4.6034,4.4293,4.5425,902538,0
2016-02-18,4.5337,4.6207,4.4293,4.5251,591295,0
2016-02-19,4.5076,4.7512,4.4379,4.6468,820573,0
2016-02-22,4.699,4.8122,4.6598,4.7861,739765,0
2016-02-23,4.7078,4.8557,4.6729,4.7078,544910,0
2016-02-24,4.6295,4.8513,4.5511,4.821,378520,0
2016-02-25,4.8731,4.9688,4.7686,4.9601,567083,0
2016-02-26,4.7861,5.1341,4.773,4.7949,811766,0
2016-02-29,4.7949,4.9601,4.7686,4.8122,775295,0
2016-03-01,4.8643,5.0123,4.8122,5.0035,521636,0
2016-03-02,4.9774,5.2211,4.9774,5.2125,1013077,0
2016-03-03,5.2472,5.3038,5.169,5.2822,865024,0
2016-03-04,5.3081,5.4387,5.2472,5.2908,733314,0
2016-03-07,5.2735,5.3342,5.1516,5.2472,827724,0
2016-03-08,5.2211,5.2648,5.0123,5.0906,953321,0
2016-03-09,5.1341,5.1341,4.908,4.9341,671962,0
2016-03-10,4.995,5.0646,4.7861,4.9253,611608,0
2016-03-11,5.0472,5.1516,4.9951,5.0992,804328,0
2016-03-14,5.1255,5.2211,5.082,5.1341,785546,0
2016-03-15,5.0472,5.1081,4.8643,4.9601,842720,0
2016-03-16,4.9253,5.0775,4.8905,5.0385,891562,0
2016-03-17,5.0385,5.1037,4.9774,5.082,1120588,0
2016-03-18,5.1167,5.4213,5.0472,5.4213,2276862,0
2016-03-21,5.4387,5.4736,5.2515,5.2996,720625,0
2016-03-22,5.2211,5.3168,5.0992,5.1341,545871,0
2016-03-23,5.1255,5.2038,4.9861,4.995,836905,0
2016-03-24,4.9167,5.0558,4.8296,5.0123,418553,0
2016-03-28,5.0035,5.0775,4.8991,5.021,533138,0
2016-03-29,5.021,5.2654,4.8876,5.2432,850962,0
2016-03-30,5.2786,5.5631,5.2344,5.5276,1211700,0
2016-03-31,5.5363,5.6876,5.4832,5.6697,1064141,0
2016-04-01,5.6342,5.6521,5.4121,5.5276,645684,0
2016-04-04,5.5009,5.5276,5.3411,5.3411,512645,0
2016-04-05,5.2786,5.3232,5.0122,5.021,925135,0
2016-04-06,5.03,5.0744,4.9412,5.0565,576528,0
2016-04-07,5.0122,5.1186,4.8699,4.8967,540480,0
2016-04-08,4.9144,5.0389,4.861,4.8876,572478,0
2016-04-11,4.8967,5.1899,4.8967,5.1188,465142,0
2016-04-12,5.1454,5.3232,5.1454,5.2077,413366,0
2016-04-13,5.252,5.3144,5.2253,5.2877,427164,0
2016-04-14,5.3144,5.3321,5.2344,5.2698,378153,0
2016-04-15,5.2344,5.2964,5.1899,5.2786,367976,0
2016-04-18,5.3321,5.3765,5.252,5.2698,782038,0
2016-04-19,5.2698,5.4077,5.2698,5.3765,475847,0
2016-04-20,5.3411,5.3855,5.1366,5.1542,541832,0
2016-04-21,5.181,5.181,4.9233,4.9321,624707,0
2016-04-22,4.9321,5.0032,4.8166,4.861,651951,0
2016-04-25,4.8256,5.0122,4.7989,4.9588,438610,0
2016-04-26,4.9677,5.1454,4.9411,5.0832,480069,0
2016-04-27,5.0656,5.1366,4.9853,5.1188,370446,0
2016-04-28,5.0744,5.2166,5.0657,5.1721,556691,0
2016-04-29,5.1721,5.1988,4.9054,4.9677,865307,0
2016-05-02,4.9766,5.1188,4.9588,5.101,421801,0
2016-05-03,5.0565,5.0656,4.9398,5.0478,397005,0
2016-05-04,4.9766,5.2077,4.9766,5.1542,286243,0
2016-05-05,5.2166,5.2609,5.0922,5.101,421112,0
2016-05-06,5.0922,5.3055,4.9853,5.101,668254,0
2016-05-09,5.0922,5.181,5.0478,5.1542,551164,0
2016-05-10,5.1634,5.2654,5.1366,5.2609,418520,0
2016-05-11,5.2432,5.2698,5.0788,5.0922,443370,0
2016-05-12,5.1188,5.1542,5.021,5.101,537449,0
2016-05-13,5.0478,5.0565,4.8876,4.9054,532788,0
2016-05-16,4.9054,4.9989,4.8699,4.9677,559548,0
2016-05-17,4.9499,5.0122,4.8033,4.8166,550854,0
2016-05-18,4.8166,4.8699,4.6389,4.7011,686473,0
2016-05-19,4.6389,4.6389,4.399,4.4079,1249915,0
2016-05-20,4.4079,4.4434,4.2745,4.3545,1127742,0
2016-05-23,4.3367,4.4789,4.2568,4.2568,679833,0
2016-05-24,4.2745,4.4744,4.2657,4.4255,654282,0
2016-05-25,4.4168,4.5189,4.399,4.4966,636177,0
2016-05-26,4.5057,4.5501,4.4079,4.4079,352823,0
2016-05-27,4.4346,4.4789,4.3367,4.399,531330,0
2016-05-31,4.4346,4.5501,4.3545,4.47,723086,0
2016-06-01,4.4434,4.5767,4.3278,4.3545,1175134,0
2016-06-02,4.4434,4.7456,4.4079,4.7366,1042818,0
2016-06-03,4.7545,4.8274,4.6344,4.6834,542463,0
2016-06-06,4.6922,4.7101,4.5324,4.5943,559439,0
2016-06-07,4.5767,4.6834,4.5411,4.6746,423878,0
2016-06-08,4.6922,4.9054,4.6299,4.8967,992206,0
2016-06-09,4.8788,4.9325,4.7632,4.7632,806486,0
2016-06-10,4.6922,4.7812,4.6389,4.6389,527425,0
2016-06-13,4.6122,4.6655,4.5678,4.6122,479756,0
2016-06-14,4.5856,4.6478,4.5412,4.5678,530238,0
2016-06-15,4.5501,4.6389,4.5501,4.5767,659904,0
2016-06-16,4.5589,4.7101,4.4878,4.6746,814916,0
2016-06-17,4.6834,4.9455,4.6567,4.9233,2385251,0
2016-06-20,4.9766,5.03,4.861,4.8788,680878,0
2016-06-21,4.861,4.9411,4.8343,4.9321,611305,0
2016-06-22,4.9233,4.9499,4.7989,4.8433,637816,0
2016-06-23,4.9233,5.0032,4.9079,4.9588,719551,0
2016-06-24,4.7188,4.8788,4.6834,4.8256,1752075,0
2016-06-27,4.7632,4.7723,4.4611,4.5057,1207284,0
2016-06-28,4.5603,4.7513,4.5329,4.5967,797461,0
2016-06-29,4.6331,4.8331,4.5693,4.815,699431,0
2016-06-30,4.8331,4.897,4.7422,4.8878,607851,0
2016-07-01,4.9151,5.07,4.9043,5.061,638992,0
2016-07-05,5.0154,5.061,4.6603,4.6968,1660087,0
2016-07-06,4.6877,4.7422,4.6422,4.7422,644308,0
2016-07-07,4.7513,4.8514,4.7513,4.815,299885,0
2016-07-08,4.897,5.061,4.8696,5.061,857715,0
2016-07-11,5.07,5.2064,5.0063,5.1973,632493,0
2016-07-12,5.2064,5.3885,5.1882,5.3065,825592,0
2016-07-13,5.3338,5.3704,5.0427,5.1428,702395,0
2016-07-14,5.1792,5.1946,4.9425,4.9517,834865,0
2016-07-15,5.0063,5.061,4.9151,5.0427,507666,0
2016-07-18,5.0517,5.2519,5.0336,5.2519,854152,0
2016-07-19,5.2792,5.425,5.2428,5.425,727416,0
2016-07-20,5.4158,5.6161,5.3704,5.607,1000593,0
2016-07-21,5.4432,5.5797,5.2792,5.4978,1092499,0
2016-07-22,5.5342,5.5797,5.4386,5.4978,709159,0
2016-07-25,5.4614,5.5524,5.4068,5.516,563033,0
2016-07-26,5.5433,5.5707,5.3613,5.3613,567170,0
2016-07-27,5.3977,5.4158,5.2428,5.261,523688,0
2016-07-28,5.2519,5.3795,5.2155,5.352,305509,0
2016-07-29,5.3157,5.425,5.3157,5.425,827841,0
2016-08-01,5.4158,5.4432,5.3248,5.3704,375857,0
2016-08-02,5.3704,5.3704,5.1792,5.1973,853703,0
2016-08-03,5.2064,5.3157,5.1336,5.2245,742771,0
2016-08-04,5.2792,5.3338,5.1246,5.17,700711,0
2016-08-05,5.4978,6.1076,5.4978,5.8982,2210603,0
2016-08-08,5.9256,6.0803,5.9074,6.0257,1266142,0
2016-08-09,6.044,6.0803,5.8709,5.9528,590568,0
2016-08-10,5.9528,6.0075,5.8436,5.9165,577607,0
2016-08-11,6.0075,6.0075,5.8436,5.9347,725552,0
2016-08-12,5.9256,6.1895,5.9256,6.1621,665372,0
2016-08-15,6.1621,6.5173,6.1621,6.49,914312,0
2016-08-16,6.4626,6.5081,6.3534,6.499,914623,0
2016-08-17,6.49,6.49,6.0435,6.1531,836943,0
2016-08-18,6.1531,6.2374,6.1531,6.1621,528940,0
2016-08-19,6.1621,6.2532,6.1167,6.2442,391291,0
2016-08-22,6.235,6.2442,6.1257,6.235,451438,0
2016-08-23,6.235,6.3625,6.2169,6.2624,588710,0
2016-08-24,6.2532,6.2532,6.1121,6.1531,374340,0
2016-08-25,6.1257,6.2896,6.1257,6.2532,342328,0
2016-08-26,6.2532,6.3216,6.1075,6.2169,360831,0
2016-08-29,6.2532,6.3715,6.1985,6.2442,366863,0
2016-08-30,6.235,6.3079,6.1804,6.2532,593344,0
2016-08-31,6.2624,6.408,6.226,6.3442,796566,0
2016-09-01,6.3261,6.3625,6.0893,6.1531,542453,0
2016-09-02,6.1985,6.2806,6.1439,6.2076,503227,0
2016-09-06,6.1985,6.235,6.0075,6.044,452445,0
2016-09-07,6.044,6.053,5.9438,5.9621,421614,0
2016-09-08,5.9347,5.9438,5.7982,5.8436,1016049,0
2016-09-09,5.7343,5.8072,5.4614,5.4704,1051441,0
2016-09-12,5.434,5.607,5.3704,5.5433,677468,0
2016-09-13,5.4614,5.4614,5.3157,5.3885,623469,0
2016-09-14,5.3977,5.5888,5.3567,5.525,683699,0
2016-09-15,5.5524,5.6207,5.4523,5.525,422861,0
2016-09-16,5.5342,5.5524,5.3248,5.343,3082261,0
2016-09-19,5.434,5.6727,5.4293,5.5797,800711,0
2016-09-20,5.6161,5.6161,5.4068,5.4887,1481014,0
2016-09-21,5.5342,5.5524,5.3383,5.5068,779794,0
2016-09-22,5.5707,5.6706,5.525,5.6524,461419,0
2016-09-23,5.6342,5.6616,5.525,5.6616,559793,0
2016-09-26,5.6161,5.6616,5.516,5.525,494897,0
2016-09-27,5.5068,5.525,5.3795,5.4068,562762,0
2016-09-28,5.4346,5.6018,5.4346,5.6018,396937,0
2016-09-29,5.5554,5.6496,5.4996,5.4996,341178,0
2016-09-30,5.5554,5.6855,5.4532,5.4717,893604,0
2016-10-03,5.481,5.481,5.351,5.481,522585,0
2016-10-04,5.481,5.5414,5.4114,5.4532,572084,0
2016-10-05,5.4996,5.5089,5.4068,5.416,357784,0
2016-10-06,5.4068,5.4625,5.351,5.4439,249152,0
2016-10-07,5.481,5.5647,5.3603,5.3976,245847,0
2016-10-10,5.4346,5.5181,5.4346,5.4996,592272,0
2016-10-11,5.4996,5.5089,5.3835,5.4439,709242,0
2016-10-12,5.4439,5.6251,5.4253,5.5739,452511,0
2016-10-13,5.7319,5.8248,5.5647,5.6669,906126,0
2016-10-14,5.6669,5.7132,5.5647,5.6111,1001256,0
2016-10-17,5.6204,5.693,5.5925,5.6018,351769,0
2016-10-18,5.6761,5.8341,5.6389,5.7691,586880,0
2016-10-19,5.7505,5.8527,5.7505,5.7597,499679,0
2016-10-20,5.7597,5.8527,5.639,5.8434,542418,0
2016-10-21,5.7411,5.8434,5.7113,5.8155,409941,0
2016-10-24,5.8434,5.9548,5.7783,5.8434,387030,0
2016-10-25,5.8062,5.8364,5.7319,5.7597,306595,0
2016-10-26,5.6855,5.7505,5.5739,5.5832,300241,0
2016-10-27,5.6018,5.6018,5.3789,5.4068,479393,0
2016-10-28,5.3976,5.5089,5.3696,5.3976,358138,0
2016-10-31,5.4346,5.4625,5.351,5.3976,628677,0
2016-11-01,5.3696,5.416,5.0816,5.1651,700449,0
2016-11-02,5.1466,5.2196,5.1233,5.1466,353086,0
2016-11-03,5.1838,5.2255,5.1094,5.1279,562780,0
2016-11-04,5.1373,5.1931,4.9701,5.0909,704503,0
2016-11-07,5.2116,5.2859,5.1667,5.2024,1004510,0
2016-11-08,5.1838,5.4439,5.1094,5.3789,782405,0
2016-11-09,5.2116,5.6947,5.1745,5.6669,1113907,0
2016-11-10,5.7505,5.7505,5.423,5.5647,1046661,0
2016-11-11,5.5925,5.8434,5.5647,5.7877,938405,0
2016-11-14,5.8341,6.1499,5.8062,6.1407,739583,0
2016-11-15,6.1592,6.1685,5.9223,6.0385,446310,0
2016-11-16,6.0105,6.122,6.0105,6.122,486410,0
2016-11-17,6.1127,6.2057,5.9873,6.057,375727,0
2016-11-18,6.057,6.0848,5.9827,6.029,435554,0
2016-11-21,6.122,6.1778,6.0152,6.0756,332613,0
2016-11-22,6.1313,6.2335,6.0942,6.2242,375635,0
2016-11-23,6.2242,6.2892,6.1185,6.2428,308837,0
2016-11-25,6.2335,6.3125,6.2149,6.2892,121210,0
2016-11-28,6.2521,6.3171,6.187,6.1965,464132,0
2016-11-29,6.2707,6.5029,6.2615,6.4008,920728,0
2016-11-30,6.4101,6.5586,6.3357,6.5308,920599,0
2016-12-01,6.568,6.7259,6.4936,6.6701,1002644,0
2016-12-02,6.6888,6.7166,6.5122,6.5122,567091,0
2016-12-05,6.5772,6.7538,6.5494,6.7074,672550,0
2016-12-06,6.7074,7.0185,6.6654,6.9209,759044,0
2016-12-07,6.9209,7.288,6.8931,7.2368,938263,0
2016-12-08,7.2368,7.3484,7.116,7.1997,791269,0
2016-12-09,7.1997,7.2694,7.1288,7.2182,791417,0
2016-12-12,7.2554,7.2694,6.9767,7.0881,784016,0
2016-12-13,7.116,7.1811,6.8838,6.9674,645376,0
2016-12-14,6.9488,7.0696,6.7074,6.7259,1281169,0
2016-12-15,6.7445,6.9302,6.698,6.8375,691770,0
2016-12-16,6.9116,7.0324,6.9069,6.9396,1916259,0
2016-12-19,6.9954,7.1532,6.9954,7.1068,660547,0
2016-12-20,7.1626,7.2786,7.1439,7.2461,734788,0
2016-12-21,7.274,7.3112,7.0417,7.1068,918085,0
2016-12-22,7.1068,7.1904,7.0231,7.1068,457810,0
2016-12-23,7.1532,7.2276,7.0417,7.2182,371510,0
2016-12-27,7.2368,7.288,7.1811,7.209,566693,0
2016-12-28,7.1995,7.3317,7.1146,7.1806,423648,0
2016-12-29,7.1712,7.3317,7.1712,7.1995,553484,0
2016-12-30,7.2562,7.3411,7.1146,7.3221,629047,0
2017-01-03,7.3411,7.492,7.3208,7.4732,678186,0
2017-01-04,7.1618,7.4826,7.077,7.4826,804657,0
2017-01-05,7.3788,7.4732,7.3221,7.3694,548126,0
2017-01-06,7.3599,7.4072,7.1051,7.3221,679065,0
2017-01-09,7.3127,7.3268,7.1287,7.2656,854424,0
2017-01-10,7.2562,7.5109,7.209,7.426,741596,0
2017-01-11,7.275,7.4449,7.2279,7.3788,737006,0
2017-01-12,7.3599,7.3694,7.0769,7.1995,715794,0
2017-01-13,7.2279,7.3882,7.2137,7.2656,608012,0
2017-01-17,7.3127,7.3316,7.209,7.2656,413947,0
2017-01-18,7.2844,7.3411,7.1901,7.3127,370608,0
2017-01-19,7.3033,7.3411,7.0817,7.1712,488036,0
2017-01-20,7.1712,7.3317,7.1524,7.1712,279783,0
2017-01-23,7.1901,7.2844,7.1712,7.2467,536923,0
2017-01-24,7.2467,7.4826,7.1806,7.4166,619556,0
2017-01-25,7.4355,7.6242,7.4072,7.492,437717,0
2017-01-26,7.5298,7.7374,7.492,7.728,618272,0
2017-01-27,7.7657,7.7657,7.5674,7.7562,684199,0
2017-01-30,7.6902,7.6902,7.275,7.275,682054,0
2017-01-31,7.275,7.3127,7.0863,7.1712,582808,0
2017-02-01,7.209,7.3882,7.0674,7.0957,513891,0
2017-02-02,7.0863,7.1899,7.0297,7.1712,521571,0
2017-02-03,7.2656,7.5298,7.2279,7.5203,641416,0
2017-02-06,7.492,7.492,7.2467,7.2844,501833,0
2017-02-07,7.3317,7.4072,7.1995,7.2279,382416,0
2017-02-08,7.2373,7.2609,7.1334,7.2467,424638,0
2017-02-09,7.275,7.2939,7.1995,7.2373,315789,0
2017-02-10,7.275,7.3977,7.2373,7.3694,504198,0
2017-02-13,7.3599,7.4072,7.308,7.3317,297748,0
2017-02-14,7.2844,7.3599,7.2184,7.3505,404096,0
2017-02-15,7.3033,7.3977,7.2232,7.3599,388718,0
2017-02-16,7.3411,7.4542,7.2184,7.2467,378314,0
2017-02-17,7.2939,7.3127,7.124,7.2184,954786,0
2017-02-21,7.124,7.2986,7.0863,7.1524,1411495,0
2017-02-22,7.1806,7.2467,7.0297,7.0769,986242,0
2017-02-23,7.124,7.124,6.8693,6.9542,1108345,0
2017-02-24,6.8598,6.8598,5.9634,6.0484,3201368,0
2017-02-27,6.1899,6.539,6.1616,6.4163,1780229,0
2017-02-28,6.4824,6.5013,6.1899,6.1993,1354757,0
2017-03-01,6.2182,6.3597,6.171,6.1804,991914,0
2017-03-02,6.1616,6.1899,5.9917,6.0294,956578,0
2017-03-03,6.0389,6.0955,5.8691,6.0955,1137179,0
2017-03-06,6.0672,6.1662,5.9917,6.1239,769966,0
2017-03-07,6.1333,6.1522,5.9917,6.1239,1030086,0
2017-03-08,6.1145,6.171,5.8974,5.9446,930577,0
2017-03-09,5.9446,5.9917,5.7464,5.7653,1311027,0
2017-03-10,5.8407,5.9015,5.7276,5.737,586815,0
2017-03-13,5.7276,5.8407,5.6992,5.7276,606549,0
2017-03-14,5.6992,5.8218,5.6049,5.7747,550463,0
2017-03-15,5.803,5.9352,5.7464,5.8785,967742,0
2017-03-16,5.8785,5.9917,5.8313,5.8879,804634,0
2017-03-17,5.8879,5.9257,5.8218,5.9068,1570638,0
2017-03-20,5.8974,5.8974,5.6804,5.7086,856085,0
2017-03-21,5.7086,5.7559,5.4728,5.5671,904928,0
2017-03-22,5.737,5.8124,5.4728,5.5199,1310656,0
2017-03-23,5.4916,5.6002,5.4916,5.5011,1343959,0
2017-03-24,5.5389,5.586,5.4728,5.5199,907542,0
2017-03-27,5.5199,5.5671,5.4256,5.4728,1276564,0
2017-03-28,5.5011,5.5294,5.3596,5.5199,1317986,0
2017-03-29,5.6452,6.1461,5.6114,6.0883,3620891,0
2017-03-30,6.1076,6.1496,5.9727,6.1268,953075,0
2017-03-31,6.1558,6.2039,6.0883,6.1365,1025802,0
2017-04-03,6.1461,6.1654,5.8667,5.9824,1367092,0
2017-04-04,5.9727,6.0973,5.8957,5.9824,722613,0
2017-04-05,6.0498,6.2232,5.9534,6.0016,1121525,0
2017-04-06,6.0113,6.1847,5.9438,6.1461,819077,0
2017-04-07,6.1268,6.175,5.9246,5.9438,840240,0
2017-04-10,6.0209,6.1999,5.9631,6.175,1499551,0
2017-04-11,6.175,6.281,6.1365,6.2521,768282,0
2017-04-12,6.2618,6.2618,6.0739,6.098,830167,0
2017-04-13,6.0787,6.1943,6.0691,6.1654,904790,0
2017-04-17,6.1847,6.1943,6.0787,6.1654,611000,0
2017-04-18,6.1365,6.1991,6.0883,6.1558,568898,0
2017-04-19,6.1461,6.2618,6.1461,6.1943,507594,0
2017-04-20,6.2135,6.2521,6.1172,6.2521,493633,0
2017-04-21,6.2232,6.2232,6.0691,6.1461,575438,0
2017-04-24,6.2521,6.2521,6.0787,6.1943,865711,0
2017-04-25,6.2135,6.3195,6.1558,6.3099,681006,0
2017-04-26,6.281,6.4352,6.252,6.3677,855878,0
2017-04-27,6.3869,6.3965,6.1943,6.2039,558789,0
2017-04-28,6.2135,6.2232,5.939,6.0209,1056106,0
2017-05-01,6.0401,6.2906,6.0007,6.175,845324,0
2017-05-02,6.175,6.2135,6.0883,6.1943,609512,0
2017-05-03,6.1558,6.2714,6.0932,6.2135,880447,0
2017-05-04,6.2039,6.2039,5.9053,6.0305,995688,0
2017-05-05,6.0787,6.1943,5.8658,5.9631,823850,0
2017-05-08,5.9631,5.9727,5.7127,5.8571,903583,0
2017-05-09,5.8667,5.8763,5.6837,5.7608,898348,0
2017-05-10,5.7608,5.9727,5.6741,5.9438,703792,0
2017-05-11,5.8861,5.9534,5.809,5.9342,917918,0
2017-05-12,5.8763,5.8957,5.6547,5.7127,910346,0
2017-05-15,5.6933,5.8138,5.6452,5.6933,708560,0
2017-05-16,5.7415,5.7415,5.626,5.7127,489586,0
2017-05-17,5.6548,5.7415,5.601,5.7029,692267,0
2017-05-18,5.7223,5.9438,5.6741,5.9149,819970,0
2017-05-19,5.8861,6.1558,5.8861,6.1076,834163,0
2017-05-22,6.1365,6.2618,6.0883,6.1943,786445,0
2017-05-23,6.2232,6.2714,6.1558,6.1654,514043,0
2017-05-24,6.1558,6.2762,6.0787,6.2039,476527,0
2017-05-25,6.2039,6.2906,6.0305,6.0787,412485,0
2017-05-26,6.0691,6.1076,6.0113,6.0691,292800,0
2017-05-30,6.0305,6.0691,5.8957,5.9053,381806,0
2017-05-31,5.8763,5.9438,5.7512,5.9342,652819,0
2017-06-01,5.9246,6.1172,5.8667,6.098,519567,0
2017-06-02,6.0594,6.2328,6.0594,6.175,645173,0
2017-06-05,6.1654,6.175,6.0305,6.0498,302151,0
2017-06-06,6.0113,6.1461,5.9631,6.0691,473650,0
2017-06-07,6.0498,6.1076,6.0113,6.0401,383891,0
2017-06-08,6.0209,6.281,5.9824,6.2618,874298,0
2017-06-09,6.2618,6.464,6.2039,6.4255,761131,0
2017-06-12,6.4352,6.57,6.3099,6.3677,813691,0
2017-06-13,6.3677,6.4448,6.1971,6.3581,719698,0
2017-06-14,6.3773,6.3966,6.2184,6.2521,522581,0
2017-06-15,6.1847,6.3195,6.1654,6.2135,478903,0
2017-06-16,6.1654,6.2521,6.1654,6.2135,1162281,0
2017-06-19,6.2039,6.3773,6.1943,6.3291,488306,0
2017-06-20,6.3195,6.3677,6.175,6.2618,545810,0
2017-06-21,6.2618,6.2714,6.0401,6.0498,613654,0
2017-06-22,6.0401,6.175,6.0401,6.1172,357021,0
2017-06-23,6.1268,6.175,6.0787,6.1558,632096,0
2017-06-26,6.1943,6.3291,6.1654,6.3291,646686,0
2017-06-27,6.3195,6.3581,6.098,6.1076,820476,0
2017-06-28,6.1272,6.2598,6.1223,6.1272,866350,0
2017-06-29,6.1272,6.1763,5.9701,6.0585,552644,0
2017-06-30,6.0585,6.1076,5.9014,5.9701,646264,0
2017-07-03,5.9603,6.1763,5.9505,6.1469,348177,0
2017-07-05,6.0978,6.1272,5.9701,6.0389,627332,0
2017-07-06,5.9996,6.0389,5.8719,5.8916,817463,0
2017-07-07,5.9112,5.9898,5.8719,5.9308,669013,0
2017-07-10,5.921,5.975,5.8032,5.8032,572577,0
2017-07-11,5.813,5.9407,5.7836,5.9308,531454,0
2017-07-12,5.9701,6.0781,5.9014,5.9603,384359,0
2017-07-13,5.9407,5.9996,5.8916,5.9799,507533,0
2017-07-14,5.9701,6.0536,5.9603,6.0487,475353,0
2017-07-17,6.0094,6.2745,5.9603,6.2451,999087,0
2017-07-18,6.2156,6.3825,6.2058,6.304,630291,0
2017-07-19,6.2745,6.3727,6.2402,6.3727,408253,0
2017-07-20,6.3629,6.3629,6.196,6.2352,534082,0
2017-07-21,6.304,6.304,6.0192,6.029,817939,0
2017-07-24,6.0389,6.0781,5.9014,5.9799,1092902,0
2017-07-25,6.0094,6.1469,6.0094,6.1174,461370,0
2017-07-26,6.1665,6.1668,6.0389,6.0389,323719,0
2017-07-27,6.0389,6.2009,6.0192,6.1763,484357,0
2017-07-28,6.1665,6.2647,6.137,6.2451,431109,0
2017-07-31,6.2254,6.2647,6.0781,6.1763,405380,0
2017-08-01,6.196,6.2343,6.1076,6.2156,349573,0
2017-08-02,6.2156,6.2156,6.0683,6.1076,369331,0
2017-08-03,6.1174,6.1763,5.9603,6.0192,372574,0
2017-08-04,5.9642,6.1469,5.813,6.1469,518448,0
2017-08-07,6.1469,6.2156,6.1076,6.196,339478,0
2017-08-08,6.1567,6.2058,5.921,5.9799,874871,0
2017-08-09,5.9799,5.9799,5.8032,5.813,1005984,0
2017-08-10,5.8228,5.8817,5.7836,5.8523,572477,0
2017-08-11,5.7541,5.9014,5.7541,5.8817,650792,0
2017-08-14,5.9603,6.0389,5.9014,6.0094,622222,0
2017-08-15,5.9898,5.9907,5.8719,5.9505,523034,0
2017-08-16,5.9407,6.0929,5.9407,6.029,637141,0
2017-08-17,5.9898,6.0978,5.9407,5.9505,509823,0
2017-08-18,5.8916,5.9112,5.8032,5.813,584549,0
2017-08-21,5.8228,5.8867,5.7934,5.8621,336844,0
2017-08-22,5.8621,6.0094,5.8621,5.9603,459109,0
2017-08-23,5.8916,6.0192,5.8719,5.9112,434623,0
2017-08-24,5.9505,5.9996,5.9407,5.9799,481770,0
2017-08-25,5.9996,6.0192,5.921,5.9799,337300,0
2017-08-28,5.9898,6.0389,5.8916,5.9407,309769,0
2017-08-29,5.8916,5.9996,5.8916,5.9505,309223,0
2017-08-30,5.9898,6.0683,5.9308,6.0487,421352,0
2017-08-31,6.0683,6.137,6.0389,6.0978,516081,0
2017-09-01,6.1272,6.1763,6.0781,6.1469,359352,0
2017-09-05,6.1665,6.1861,5.9996,6.0487,523385,0
2017-09-06,6.0585,6.1567,6.0487,6.1272,478354,0
2017-09-07,6.137,6.1665,6.087,6.1272,270857,0
2017-09-08,6.1076,6.2549,6.088,6.196,453201,0
2017-09-11,6.2451,6.3433,6.2451,6.3236,481645,0
2017-09-12,6.3433,6.412,6.304,6.3433,598123,0
2017-09-13,6.3236,6.412,6.3236,6.412,509095,0
2017-09-14,6.4022,6.4071,6.25,6.3334,455437,0
2017-09-15,6.3531,6.4022,6.2843,6.3629,1047553,0
2017-09-18,6.3923,6.4218,6.2892,6.3334,466740,0
2017-09-19,6.3334,6.3629,6.2254,6.2745,499135,0
2017-09-20,6.3138,6.3531,6.2843,6.3236,599231,0
2017-09-21,6.3138,6.4807,6.3138,6.3236,468207,0
2017-09-22,6.3727,6.4169,6.3531,6.3531,293399,0
2017-09-25,6.3531,6.5004,6.3433,6.3825,579518,0
2017-09-26,6.3923,6.4905,6.3825,6.4414,435334,0
2017-09-27,6.4414,6.5298,6.3531,6.52,834517,0
2017-09-28,6.5,6.72,6.45,6.71,725993,0
2017-09-29,6.72,6.73,6.61,6.67,493803,0
2017-10-02,6.67,6.75,6.62,6.74,518093,0
2017-10-03,6.74,6.74,6.61,6.7,453848,0
2017-10-04,6.68,6.73,6.61,6.7,296127,0
2017-10-05,6.71,6.87,6.705,6.81,448982,0
2017-10-06,6.79,6.91,6.74,6.9,464335,0
2017-10-09,6.86,6.94,6.85,6.89,349605,0
2017-10-10,6.93,6.95,6.86,6.91,465363,0
2017-10-11,6.93,6.99,6.84,6.91,352412,0
2017-10-12,6.91,7.12,6.91,7.1,339006,0
2017-10-13,7.12,7.14,7.03,7.09,376164,0
2017-10-16,7.12,7.2,7.0,7.01,406384,0
2017-10-17,7.03,7.08,6.94,6.99,447828,0
2017-10-18,6.99,7.13,6.99,7.05,324863,0
2017-10-19,7.03,7.08,6.98,7.05,441222,0
2017-10-20,7.1,7.1,6.83,6.85,454426,0
2017-10-23,6.88,6.89,6.78,6.79,381368,0
2017-10-24,6.8,6.98,6.79,6.95,434466,0
2017-10-25,6.94,7.06,6.94,7.05,573961,0
2017-10-26,7.09,7.1,6.9,6.91,558654,0
2017-10-27,6.95,7.0,6.87,6.95,382498,0
2017-10-30,6.93,6.935,6.85,6.9,385711,0
2017-10-31,6.94,7.055,6.87,7.03,551379,0
2017-11-01,7.06,7.11,6.94,7.04,348925,0
2017-11-02,7.04,7.15,6.905,7.1,446281,0
2017-11-03,6.68,6.92,6.21,6.31,1101804,0
2017-11-06,6.3,6.3301,6.24,6.28,477625,0
2017-11-07,6.27,6.46,6.2,6.2,781045,0
2017-11-08,6.2,6.405,6.19,6.35,537459,0
2017-11-09,6.33,6.41,6.29,6.36,381669,0
2017-11-10,6.31,6.41,6.3,6.31,234370,0
