Date,Open,High,Low,Close,Volume,OpenInt
2014-01-02,14.559,14.631,14.404,14.477,289550,0
2014-01-03,14.472,14.619,14.432,14.498,171079,0
2014-01-06,14.597,14.619,14.482,14.531,223899,0
2014-01-07,14.587,14.619,14.509,14.526,213821,0
2014-01-08,14.537,14.553,14.404,14.553,210227,0
2014-01-09,14.587,14.587,14.398,14.455,177873,0
2014-01-10,14.531,14.731,14.477,14.724,208647,0
2014-01-13,14.731,14.807,14.559,14.653,222929,0
2014-01-14,14.681,14.835,14.521,14.653,223923,0
2014-01-15,14.719,14.886,14.615,14.615,294286,0
2014-01-16,14.61,14.669,14.487,14.502,177855,0
2014-01-17,14.537,14.57,14.487,14.509,188211,0
2014-01-21,14.597,14.724,14.494,14.664,236378,0
2014-01-22,14.703,14.724,14.636,14.669,175029,0
2014-01-23,14.642,14.658,14.521,14.587,176420,0
2014-01-24,14.565,14.653,14.411,14.437,287284,0
2014-01-27,14.411,14.443,13.957,14.035,453739,0
2014-01-28,14.089,14.498,14.04,14.487,282435,0
2014-01-29,14.432,14.437,14.29,14.343,248669,0
2014-01-30,14.502,14.647,14.381,14.559,224295,0
2014-01-31,14.509,14.515,14.29,14.482,384403,0
2014-02-03,14.482,14.537,13.687,13.799,844606,0
2014-02-04,14.04,14.421,13.97,14.25,493821,0
2014-02-05,14.162,14.195,13.666,13.742,631407,0
2014-02-06,13.76,13.98,13.687,13.717,355966,0
2014-02-07,13.738,13.864,13.719,13.793,397873,0
2014-02-10,13.793,13.842,13.71,13.809,206799,0
2014-02-11,13.82,14.117,13.809,14.014,305451,0
2014-02-12,14.063,14.107,13.929,13.986,226699,0
2014-02-13,13.925,14.195,13.925,14.117,339126,0
2014-02-14,14.14,14.184,14.04,14.129,142717,0
2014-02-18,14.134,14.388,14.134,14.284,283633,0
2014-02-19,14.29,14.334,14.097,14.107,304266,0
2014-02-20,14.167,14.311,14.069,14.276,148957,0
2014-02-21,14.327,14.388,14.25,14.311,203002,0
2014-02-24,14.317,14.498,14.311,14.395,177318,0
2014-02-25,14.398,14.509,14.398,14.46,132176,0
2014-02-26,14.437,14.597,14.427,14.597,178691,0
2014-02-27,14.597,14.647,14.515,14.593,122331,0
2014-02-28,14.631,14.714,14.515,14.631,297805,0
2014-03-03,14.565,14.697,14.515,14.575,292293,0
2014-03-04,14.619,14.923,14.619,14.785,436867,0
2014-03-05,14.807,15.052,14.757,15.04,224617,0
2014-03-06,15.028,15.215,14.917,15.067,210864,0
2014-03-07,15.094,15.126,14.714,14.791,357658,0
2014-03-10,14.824,15.012,14.735,14.977,185920,0
2014-03-11,15.016,15.035,14.724,14.724,221102,0
2014-03-12,14.724,14.953,14.681,14.943,118791,0
2014-03-13,14.961,15.116,14.923,15.028,183572,0
2014-03-14,15.035,15.275,14.99,15.221,264724,0
2014-03-17,15.254,15.486,15.254,15.314,280641,0
2014-03-18,15.287,15.502,15.177,15.332,354788,0
2014-03-19,15.359,15.448,15.205,15.32,311271,0
2014-03-20,15.305,15.448,15.221,15.386,168262,0
2014-03-21,15.448,15.6,15.424,15.552,385757,0
2014-03-24,15.64,15.724,15.47,15.656,455639,0
2014-03-25,15.04,15.052,14.818,14.891,7877287,0
2014-03-26,14.923,14.995,14.785,14.862,1569893,0
2014-03-27,14.769,14.936,14.586,14.684,1241758,0
2014-03-28,14.706,14.922,14.706,14.769,875981,0
2014-03-31,14.854,15.133,14.837,15.1,1603413,0
2014-04-01,15.1,15.168,15.032,15.111,422995,0
2014-04-02,15.111,15.172,15.06,15.172,544492,0
2014-04-03,15.139,15.186,14.961,15.133,343283,0
2014-04-04,15.168,15.172,14.808,14.843,565540,0
2014-04-07,14.774,14.814,14.353,14.575,735632,0
2014-04-08,14.586,14.719,14.541,14.643,310431,0
2014-04-09,14.7,14.785,14.643,14.762,204876,0
2014-04-10,14.706,14.847,14.558,14.558,271089,0
2014-04-11,14.541,14.719,14.501,14.627,492204,0
2014-04-14,14.655,14.677,14.363,14.443,464987,0
2014-04-15,14.466,14.57,14.323,14.506,460209,0
2014-04-16,14.558,14.82,14.506,14.774,390212,0
2014-04-17,14.751,14.785,14.689,14.746,185227,0
2014-04-21,14.741,14.814,14.655,14.684,183859,0
2014-04-22,14.671,14.86,14.655,14.785,160981,0
2014-04-23,14.769,14.866,14.746,14.808,198359,0
2014-04-24,14.843,14.891,14.711,14.762,202937,0
2014-04-25,14.78,14.78,14.655,14.671,338283,0
2014-04-28,14.671,14.756,14.427,14.57,389496,0
2014-04-29,14.694,15.009,14.694,14.891,709408,0
2014-04-30,14.837,15.168,14.837,15.082,1041957,0
2014-05-01,15.105,15.111,14.899,15.002,416228,0
2014-05-02,15.002,15.105,14.911,14.943,353232,0
2014-05-05,14.911,14.94,14.78,14.854,342888,0
2014-05-06,14.911,14.936,14.719,14.751,339571,0
2014-05-07,14.797,15.037,14.792,15.032,406085,0
2014-05-08,14.991,15.024,14.797,14.843,477029,0
2014-05-09,14.826,15.024,14.82,15.019,365052,0
2014-05-12,15.055,15.413,15.04,15.309,759646,0
2014-05-13,15.355,15.413,15.252,15.344,381003,0
2014-05-14,15.338,15.397,15.248,15.265,313447,0
2014-05-15,15.225,15.316,15.037,15.163,291686,0
2014-05-16,15.127,15.231,14.997,15.231,253731,0
2014-05-19,15.214,15.275,15.127,15.241,265609,0
2014-05-20,15.252,15.306,15.111,15.259,307260,0
2014-05-21,15.287,15.338,15.252,15.327,222865,0
2014-05-22,15.338,15.361,15.259,15.327,244033,0
2014-05-23,15.38,15.583,15.355,15.583,343015,0
2014-05-27,15.624,15.796,15.583,15.654,450270,0
2014-05-28,15.654,15.709,15.573,15.633,274842,0
2014-05-29,15.709,15.722,15.64,15.698,257925,0
2014-05-30,15.731,15.772,15.698,15.765,288850,0
2014-06-02,15.765,15.84,15.722,15.783,243397,0
2014-06-03,15.714,15.783,15.632,15.709,254744,0
2014-06-04,15.687,15.788,15.566,15.78,164251,0
2014-06-05,15.8,15.931,15.698,15.909,250131,0
2014-06-06,15.945,16.086,15.851,15.868,730143,0
2014-06-09,15.945,15.99,15.864,15.868,434963,0
2014-06-10,15.904,15.931,15.762,15.796,563123,0
2014-06-11,15.806,15.913,15.78,15.796,713312,0
2014-06-12,15.813,15.851,15.698,15.755,365413,0
2014-06-13,15.816,15.864,15.709,15.772,390214,0
2014-06-16,15.833,15.891,15.8,15.868,429963,0
2014-06-17,15.874,15.921,15.772,15.788,621393,0
2014-06-18,15.796,15.891,15.693,15.847,446768,0
2014-06-19,15.921,15.949,15.813,15.874,475139,0
2014-06-20,15.973,15.994,15.881,15.921,615019,0
2014-06-23,15.965,16.018,15.928,15.945,312809,0
2014-06-24,15.973,15.994,15.8,15.806,528960,0
2014-06-25,15.84,15.913,15.693,15.896,668599,0
2014-06-26,15.888,16.083,15.747,16.012,534272,0
2014-06-27,15.981,16.118,15.912,16.094,413520,0
2014-06-30,16.094,16.172,16.048,16.09,317823,0
2014-07-01,16.041,16.211,16.041,16.048,436158,0
2014-07-02,16.036,16.083,15.848,15.87,376092,0
2014-07-03,15.912,15.954,15.706,15.735,381260,0
2014-07-07,15.706,15.724,15.554,15.554,421945,0
2014-07-08,15.541,15.718,15.541,15.681,368657,0
2014-07-09,15.69,15.783,15.655,15.724,212664,0
2014-07-10,15.588,15.778,15.554,15.695,258496,0
2014-07-11,15.735,15.747,15.632,15.672,171385,0
2014-07-14,15.806,15.895,15.753,15.848,203935,0
2014-07-15,15.866,15.929,15.76,15.925,283516,0
2014-07-16,15.943,15.943,15.76,15.783,211533,0
2014-07-17,15.731,15.813,15.554,15.582,262547,0
2014-07-18,15.559,15.764,15.554,15.724,199400,0
2014-07-21,15.672,15.753,15.632,15.701,188388,0
2014-07-22,15.747,15.852,15.701,15.806,143971,0
2014-07-23,15.833,15.833,15.706,15.747,195804,0
2014-07-24,15.77,15.778,15.599,15.599,455453,0
2014-07-25,15.582,15.641,15.484,15.578,289392,0
2014-07-28,15.641,15.743,15.607,15.632,382982,0
2014-07-29,15.649,15.731,15.489,15.508,258178,0
2014-07-30,15.833,15.833,15.459,15.512,824124,0
2014-07-31,15.512,15.588,15.354,15.354,789795,0
2014-08-01,15.354,15.423,15.307,15.423,519095,0
2014-08-04,15.404,15.632,15.404,15.607,348858,0
2014-08-05,15.512,15.634,15.453,15.554,235454,0
2014-08-06,15.466,15.718,15.466,15.681,269481,0
2014-08-07,15.718,15.806,15.613,15.701,303625,0
2014-08-08,15.724,15.783,15.632,15.743,271531,0
2014-08-11,15.753,15.895,15.695,15.87,296336,0
2014-08-12,15.852,15.943,15.795,15.895,199571,0
2014-08-13,15.895,15.981,15.895,15.978,157958,0
2014-08-14,16.03,16.083,15.943,16.083,211704,0
2014-08-15,16.148,16.148,15.964,16.094,203787,0
2014-08-18,16.176,16.231,16.154,16.211,205589,0
2014-08-19,16.231,16.265,16.183,16.225,250009,0
2014-08-20,16.211,16.347,16.159,16.296,237415,0
2014-08-21,16.319,16.437,16.254,16.419,208897,0
2014-08-22,16.412,16.442,16.337,16.406,246877,0
2014-08-25,16.467,16.488,16.424,16.471,285464,0
2014-08-26,16.485,16.638,16.477,16.613,454065,0
2014-08-27,16.631,16.676,16.571,16.595,233602,0
2014-08-28,16.578,16.624,16.495,16.553,170283,0
2014-08-29,16.583,16.748,16.542,16.731,297846,0
2014-09-02,16.761,16.872,16.624,16.683,470408,0
2014-09-03,16.742,16.748,16.631,16.714,322414,0
2014-09-04,15.964,16.094,15.907,15.99,5646593,0
2014-09-05,16.019,16.29,16.012,16.259,2229829,0
2014-09-08,16.277,16.366,16.2,16.354,1040013,0
2014-09-09,16.347,16.354,16.254,16.307,523099,0
2014-09-10,16.259,16.337,16.2,16.254,398828,0
2014-09-11,16.211,16.282,16.19,16.231,404203,0
2014-09-12,16.225,16.277,15.878,15.943,743950,0
2014-09-15,15.925,15.929,15.778,15.788,437382,0
2014-09-16,15.788,15.929,15.747,15.888,414610,0
2014-09-17,15.943,16.148,15.895,16.066,396984,0
2014-09-18,16.129,16.176,16.048,16.094,760089,0
2014-09-19,16.073,16.218,16.024,16.183,801073,0
2014-09-22,16.19,16.242,16.076,16.09,688239,0
2014-09-23,16.094,16.118,15.925,15.973,522048,0
2014-09-24,15.981,16.053,15.87,15.954,695795,0
2014-09-25,15.956,16.036,15.768,15.938,762916,0
2014-09-26,15.97,16.059,15.847,15.938,560511,0
2014-09-29,15.938,15.979,15.768,15.879,474720,0
2014-09-30,15.903,15.932,15.457,15.457,924347,0
2014-10-01,15.39,15.615,15.36,15.55,749484,0
2014-10-02,15.513,15.585,15.282,15.526,884902,0
2014-10-03,15.537,15.603,15.438,15.475,474930,0
2014-10-06,15.475,15.603,15.464,15.488,461440,0
2014-10-07,15.464,15.475,15.367,15.421,564609,0
2014-10-08,15.434,15.664,15.39,15.664,580245,0
2014-10-09,15.672,15.785,15.585,15.654,1025308,0
2014-10-10,15.633,15.749,15.427,15.542,923264,0
2014-10-13,15.516,15.681,15.464,15.494,481661,0
2014-10-14,15.494,15.654,15.494,15.611,538721,0
2014-10-15,15.566,15.611,15.178,15.494,1477963,0
2014-10-16,15.355,15.664,15.275,15.615,438741,0
2014-10-17,15.713,15.87,15.672,15.811,401451,0
2014-10-20,15.811,16.144,15.744,16.018,676605,0
2014-10-21,16.059,16.242,16.053,16.242,550284,0
2014-10-22,16.26,16.375,16.152,16.162,355267,0
2014-10-23,16.34,16.383,16.218,16.278,552872,0
2014-10-24,16.292,16.449,16.231,16.444,411231,0
2014-10-27,16.468,16.522,16.208,16.462,509334,0
2014-10-28,16.425,16.607,16.26,16.607,611799,0
2014-10-29,16.62,16.693,16.472,16.509,679093,0
2014-10-30,16.491,16.656,16.383,16.601,402254,0
2014-10-31,16.716,16.73,16.62,16.656,467238,0
2014-11-03,16.693,16.869,16.65,16.808,557626,0
2014-11-04,16.766,16.819,16.62,16.688,402782,0
2014-11-05,16.741,16.741,16.577,16.607,373985,0
2014-11-06,16.577,16.669,16.552,16.656,284775,0
2014-11-07,16.669,16.79,16.601,16.76,369866,0
2014-11-10,16.795,16.839,16.577,16.736,365538,0
2014-11-11,16.674,16.736,16.552,16.632,335451,0
2014-11-12,16.62,16.693,16.595,16.644,207815,0
2014-11-13,16.656,16.712,16.491,16.566,285644,0
2014-11-14,16.566,16.704,16.566,16.601,243264,0
2014-11-17,16.59,16.693,16.548,16.566,174340,0
2014-11-18,16.577,16.693,16.577,16.638,261883,0
2014-11-19,16.638,16.693,16.558,16.661,285806,0
2014-11-20,16.661,16.79,16.638,16.79,168663,0
2014-11-21,16.845,16.9,16.716,16.748,407691,0
2014-11-24,16.753,16.869,16.753,16.869,303676,0
2014-11-25,16.913,17.149,16.881,17.119,657260,0
2014-11-26,17.13,17.13,16.931,17.084,214673,0
2014-11-28,17.088,17.101,16.924,16.942,175240,0
2014-12-01,16.905,16.924,16.736,16.785,353776,0
2014-12-02,16.814,17.063,16.814,16.942,358739,0
2014-12-03,16.942,17.125,16.888,17.088,448434,0
2014-12-04,17.059,17.108,16.924,17.034,405725,0
2014-12-05,17.034,17.137,16.875,16.905,392608,0
2014-12-08,16.905,16.905,16.73,16.748,386978,0
2014-12-09,16.73,17.039,16.558,17.039,409416,0
2014-12-10,17.044,17.063,16.753,16.785,343338,0
2014-12-11,16.808,16.852,16.698,16.73,386106,0
2014-12-12,16.638,16.638,16.31,16.401,544577,0
2014-12-15,16.425,16.558,16.273,16.31,441245,0
2014-12-16,16.292,16.358,16.073,16.073,394427,0
2014-12-17,16.109,16.444,16.103,16.438,641890,0
2014-12-18,16.552,16.723,16.552,16.656,529640,0
2014-12-19,16.656,16.984,16.62,16.857,784237,0
2014-12-22,16.913,16.979,16.716,16.819,359885,0
2014-12-23,16.864,16.966,16.832,16.924,292017,0
2014-12-24,16.966,16.979,16.73,16.852,261668,0
2014-12-26,16.881,16.942,16.76,16.9,356248,0
2014-12-29,16.916,17.078,16.884,17.06,468479,0
2014-12-30,17.011,17.053,16.901,16.934,322855,0
2014-12-31,16.965,17.016,16.709,16.716,321751,0
2015-01-02,16.803,16.833,16.555,16.784,325151,0
2015-01-05,16.716,16.765,16.601,16.72,323657,0
2015-01-06,16.716,16.758,16.331,16.439,418787,0
2015-01-07,16.513,16.625,16.439,16.601,294340,0
2015-01-08,16.651,16.765,16.59,16.72,241814,0
2015-01-09,16.758,16.758,16.507,16.532,192413,0
2015-01-12,16.532,16.545,16.287,16.344,329767,0
2015-01-13,16.412,16.526,16.149,16.28,354732,0
2015-01-14,16.129,16.187,16.049,16.175,297140,0
2015-01-15,16.218,16.349,16.143,16.225,381045,0
2015-01-16,16.179,16.526,16.175,16.526,232576,0
2015-01-20,16.595,16.595,16.42,16.431,252058,0
2015-01-21,16.483,16.716,16.349,16.671,400352,0
2015-01-22,16.758,16.996,16.651,16.97,387563,0
2015-01-23,16.965,16.99,16.77,16.871,202720,0
2015-01-26,16.871,17.016,16.69,16.97,230013,0
2015-01-27,16.916,17.072,16.865,16.96,209352,0
2015-01-28,17.066,17.066,16.726,16.745,246844,0
2015-01-29,16.795,16.865,16.613,16.865,268599,0
2015-01-30,16.96,16.96,16.613,16.664,334664,0
2015-02-02,16.739,16.777,16.582,16.682,390962,0
2015-02-03,16.709,17.041,16.702,16.934,481553,0
2015-02-04,16.319,16.37,15.283,15.596,2997917,0
2015-02-05,15.596,15.629,15.213,15.47,1702574,0
2015-02-06,15.476,15.602,15.384,15.476,1073230,0
2015-02-09,15.414,15.534,15.395,15.434,616006,0
2015-02-10,15.457,15.515,15.414,15.465,942221,0
2015-02-11,15.47,15.602,15.414,15.552,833495,0
2015-02-12,15.59,15.772,15.528,15.742,575981,0
2015-02-13,15.728,15.83,15.702,15.722,301872,0
2015-02-17,15.816,15.891,15.733,15.78,339829,0
2015-02-18,15.78,15.785,15.64,15.728,267828,0
2015-02-19,15.682,15.785,15.609,15.64,442405,0
2015-02-20,15.609,15.664,15.457,15.596,316673,0
2015-02-23,15.546,15.578,15.49,15.578,354794,0
2015-02-24,15.515,15.59,15.515,15.515,540385,0
2015-02-25,15.515,15.81,15.515,15.722,573357,0
2015-02-26,15.733,15.915,15.654,15.848,489275,0
2015-02-27,15.891,15.967,15.682,15.698,1255511,0
2015-03-02,15.698,15.886,15.682,15.886,422534,0
2015-03-03,15.822,15.879,15.709,15.753,561998,0
2015-03-04,15.753,15.816,15.69,15.772,292144,0
2015-03-05,15.81,15.848,15.709,15.822,218430,0
2015-03-06,15.742,15.853,15.495,15.495,569640,0
2015-03-09,15.501,15.62,15.364,15.401,481917,0
2015-03-10,15.401,15.414,15.283,15.302,419351,0
2015-03-11,15.509,15.509,15.294,15.419,683315,0
2015-03-12,15.49,15.728,15.476,15.714,544486,0
2015-03-13,15.702,15.702,15.407,15.559,463610,0
2015-03-16,15.578,15.682,15.509,15.534,339430,0
2015-03-17,15.528,15.629,15.419,15.465,285295,0
2015-03-18,15.434,15.69,15.434,15.633,587471,0
2015-03-19,15.59,15.764,15.59,15.664,537003,0
2015-03-20,15.753,15.872,15.654,15.822,710698,0
2015-03-23,15.83,16.029,15.83,16.029,565820,0
2015-03-24,16.042,16.049,15.929,15.948,500386,0
2015-03-25,16.011,16.068,15.915,15.929,658797,0
2015-03-26,15.915,15.924,15.722,15.733,593300,0
2015-03-27,15.796,15.83,15.633,15.718,585246,0
2015-03-30,15.738,15.908,15.693,15.816,321427,0
2015-03-31,15.783,15.803,15.628,15.659,368090,0
2015-04-01,15.619,15.803,15.535,15.633,372284,0
2015-04-02,15.587,15.712,15.556,15.582,339556,0
2015-04-06,15.523,15.674,15.523,15.633,259352,0
2015-04-07,15.633,15.77,15.619,15.664,261989,0
2015-04-08,15.705,15.75,15.654,15.659,196511,0
2015-04-09,15.64,15.75,15.633,15.698,231013,0
2015-04-10,15.731,15.77,15.664,15.764,180995,0
2015-04-13,15.724,15.744,15.619,15.619,297919,0
2015-04-14,15.647,15.75,15.619,15.698,278403,0
2015-04-15,15.744,15.777,15.654,15.698,264201,0
2015-04-16,15.77,15.77,15.587,15.659,253462,0
2015-04-17,15.6,15.647,15.556,15.619,252286,0
2015-04-20,15.659,15.693,15.619,15.664,198515,0
2015-04-21,15.628,15.684,15.575,15.587,417219,0
2015-04-22,15.562,15.587,15.392,15.424,728371,0
2015-04-23,15.404,15.437,15.309,15.386,397175,0
2015-04-24,15.386,15.484,15.372,15.372,249529,0
2015-04-27,15.392,15.491,15.211,15.223,591533,0
2015-04-28,14.24,14.481,13.669,14.344,2447723,0
2015-04-29,14.313,14.476,14.221,14.468,868558,0
2015-04-30,14.448,14.638,14.046,14.11,834908,0
2015-05-01,14.11,14.136,13.961,14.038,792500,0
2015-05-04,14.006,14.214,13.994,14.078,474304,0
2015-05-05,14.09,14.181,13.896,13.909,589075,0
2015-05-06,13.954,13.98,13.727,13.779,512788,0
2015-05-07,13.699,13.882,13.675,13.824,498331,0
2015-05-08,13.889,13.889,13.753,13.773,397175,0
2015-05-11,13.764,13.896,13.739,13.81,403010,0
2015-05-12,13.739,13.831,13.707,13.759,368281,0
2015-05-13,13.764,13.831,13.739,13.773,303295,0
2015-05-14,13.799,13.889,13.764,13.792,337403,0
2015-05-15,13.831,13.831,13.759,13.81,273613,0
2015-05-18,13.799,13.929,13.764,13.85,292854,0
2015-05-19,13.896,14.103,13.896,13.929,330464,0
2015-05-20,13.934,14.032,13.862,13.896,175923,0
2015-05-21,13.923,13.947,13.799,13.805,219559,0
2015-05-22,13.799,13.843,13.577,13.649,415149,0
2015-05-26,13.602,13.681,13.362,13.48,833494,0
2015-05-27,13.525,13.621,13.48,13.577,298993,0
2015-05-28,13.505,13.597,13.44,13.525,304379,0
2015-05-29,13.525,13.57,13.395,13.465,482909,0
2015-06-01,13.447,13.759,13.447,13.753,384311,0
2015-06-02,13.753,13.831,13.649,13.661,359614,0
2015-06-03,13.669,13.779,13.661,13.661,283784,0
2015-06-04,13.537,13.661,13.472,13.602,548974,0
2015-06-05,13.597,13.661,13.44,13.453,636090,0
2015-06-08,13.48,13.511,13.375,13.465,418378,0
2015-06-09,13.44,13.532,13.303,13.342,527946,0
2015-06-10,13.419,13.492,13.323,13.434,370038,0
2015-06-11,13.447,13.63,13.414,13.544,443427,0
2015-06-12,13.544,13.602,13.511,13.577,271340,0
2015-06-15,13.552,13.602,13.472,13.499,310672,0
2015-06-16,13.465,13.486,13.362,13.486,428056,0
2015-06-17,13.461,13.557,13.408,13.557,429898,0
2015-06-18,13.621,13.805,13.597,13.739,648691,0
2015-06-19,13.714,13.784,13.616,13.635,749023,0
2015-06-22,13.675,13.773,13.63,13.635,571713,0
2015-06-23,13.654,13.661,13.552,13.584,616986,0
2015-06-24,13.577,13.635,13.57,13.616,359839,0
2015-06-25,13.641,13.649,13.505,13.552,569254,0
2015-06-26,13.425,13.54,13.249,13.452,875329,0
2015-06-29,13.384,13.445,13.078,13.201,1075209,0
2015-06-30,13.289,13.31,13.174,13.289,742730,0
2015-07-01,13.371,13.439,13.236,13.289,564026,0
2015-07-02,13.283,13.492,13.262,13.357,345742,0
2015-07-06,13.249,13.452,13.249,13.445,319544,0
2015-07-07,13.452,13.574,13.391,13.554,522813,0
2015-07-08,13.492,13.588,13.439,13.548,546803,0
2015-07-09,13.588,13.663,13.46,13.486,421841,0
2015-07-10,13.519,13.703,13.472,13.581,419634,0
2015-07-13,13.63,13.779,13.609,13.676,453340,0
2015-07-14,13.683,13.832,13.663,13.723,526640,0
2015-07-15,13.738,13.792,13.574,13.635,321934,0
2015-07-16,13.635,13.732,13.569,13.655,367529,0
2015-07-17,13.595,13.642,13.569,13.615,875033,0
2015-07-20,13.588,13.663,13.412,13.581,782158,0
2015-07-21,13.54,13.56,13.397,13.54,519131,0
2015-07-22,13.492,13.609,13.439,13.513,362818,0
2015-07-23,13.519,13.56,13.14,13.207,708711,0
2015-07-24,13.16,13.249,12.704,12.827,921102,0
2015-07-27,12.697,12.827,12.678,12.725,642771,0
2015-07-28,13.065,13.27,12.76,12.991,749336,0
2015-07-29,12.76,12.855,12.487,12.841,788484,0
2015-07-30,12.8,13.003,12.787,12.847,444360,0
2015-07-31,12.909,13.086,12.847,12.976,407712,0
2015-08-03,12.997,13.078,12.827,12.997,371135,0
2015-08-04,12.991,12.991,12.787,12.8,255813,0
2015-08-05,12.834,12.902,12.65,12.704,276861,0
2015-08-06,12.712,12.719,12.467,12.536,290479,0
2015-08-07,12.507,12.597,12.256,12.311,306150,0
2015-08-10,12.316,12.414,12.311,12.384,335590,0
2015-08-11,12.303,12.405,12.269,12.373,222704,0
2015-08-12,12.311,12.365,12.196,12.316,308652,0
2015-08-13,12.337,12.394,12.256,12.269,279952,0
2015-08-14,12.229,12.283,12.059,12.256,458050,0
2015-08-17,12.256,12.467,12.243,12.384,419927,0
2015-08-18,12.433,12.44,12.303,12.351,213717,0
2015-08-19,12.303,12.358,12.188,12.217,274505,0
2015-08-20,12.121,12.229,12.106,12.106,282600,0
2015-08-21,12.074,12.093,11.767,11.767,480127,0
2015-08-24,11.292,11.468,9.3689,11.177,981238,0
2015-08-25,11.305,11.414,10.93,10.939,445245,0
2015-08-26,11.149,11.19,10.83,11.081,521634,0
2015-08-27,11.21,11.488,11.121,11.365,367677,0
2015-08-28,11.345,11.414,11.244,11.34,245658,0
2015-08-31,11.271,11.393,11.094,11.312,302030,0
2015-09-01,11.081,11.237,10.979,11.027,372238,0
2015-09-02,11.136,11.21,10.96,11.02,221077,0
2015-09-03,11.041,11.102,10.878,10.925,310127,0
2015-09-04,10.87,10.87,10.652,10.687,314984,0
2015-09-08,10.817,10.856,10.741,10.762,482482,0
2015-09-09,10.849,10.911,10.687,10.788,777006,0
2015-09-10,10.782,10.837,10.667,10.802,303671,0
2015-09-11,10.741,10.87,10.741,10.837,330288,0
2015-09-14,10.849,10.856,10.707,10.775,236823,0
2015-09-15,10.809,10.919,10.667,10.715,386662,0
2015-09-16,10.715,10.864,10.7,10.769,259786,0
2015-09-17,10.762,10.919,10.68,10.802,383734,0
2015-09-18,10.422,10.769,10.422,10.68,941120,0
2015-09-21,10.735,10.96,10.7,10.939,352073,0
2015-09-22,10.844,10.925,10.735,10.769,583599,0
2015-09-23,10.782,10.802,10.647,10.727,655902,0
2015-09-24,10.7,10.735,10.537,10.707,842501,0
2015-09-25,10.707,10.796,10.612,10.727,687220,0
2015-09-28,10.632,10.671,9.975,10.151,930665,0
2015-09-29,10.18,10.18,9.833,9.896,709355,0
2015-09-30,9.967,9.967,9.699,9.939,659738,0
2015-10-01,9.925,10.094,9.818,9.889,344499,0
2015-10-02,9.806,9.955,9.685,9.918,492222,0
2015-10-05,9.925,10.293,9.925,10.265,323672,0
2015-10-06,10.271,10.441,10.244,10.356,236499,0
2015-10-07,10.399,10.787,10.399,10.787,408962,0
2015-10-08,10.838,10.915,10.782,10.831,268588,0
2015-10-09,10.787,10.902,10.745,10.851,203843,0
2015-10-12,10.865,10.945,10.782,10.895,214236,0
2015-10-13,10.895,10.987,10.717,10.732,510742,0
2015-10-14,10.76,10.76,10.568,10.611,330787,0
2015-10-15,10.618,10.971,10.597,10.923,848031,0
2015-10-16,10.923,10.923,10.74,10.844,162708,0
2015-10-19,10.831,10.928,10.787,10.817,202134,0
2015-10-20,10.817,10.945,10.76,10.886,136242,0
2015-10-21,10.895,10.958,10.74,10.753,179671,0
2015-10-22,10.782,10.928,10.753,10.802,169634,0
2015-10-23,10.873,10.902,10.696,10.696,284137,0
2015-10-26,10.674,10.823,10.371,10.435,478652,0
2015-10-27,10.279,10.293,9.4868,9.643,1017100,0
2015-10-28,9.6,9.946,9.559,9.797,719250,0
2015-10-29,9.734,9.797,9.612,9.707,369943,0
2015-10-30,9.72,9.818,9.612,9.797,359908,0
2015-11-02,9.811,9.967,9.762,9.905,309502,0
2015-11-03,9.889,10.13,9.889,10.08,228584,0
2015-11-04,10.004,10.072,9.741,9.861,409425,0
2015-11-05,9.861,9.883,9.72,9.826,227170,0
2015-11-06,9.784,10.008,9.707,9.955,311985,0
2015-11-09,9.905,9.975,9.67,9.677,286842,0
2015-11-10,9.685,9.79,9.627,9.734,318206,0
2015-11-11,9.734,9.84,9.727,9.741,158042,0
2015-11-12,9.711,9.755,9.559,9.6,269153,0
2015-11-13,9.563,9.643,9.4447,9.459,275231,0
2015-11-16,9.4725,9.521,9.2731,9.514,209217,0
2015-11-17,9.4993,9.608,9.4092,9.4149,306333,0
2015-11-18,9.4226,9.571,9.3881,9.563,148429,0
2015-11-19,9.571,9.69,9.543,9.648,198048,0
2015-11-20,9.685,9.69,9.559,9.559,207662,0
2015-11-23,9.543,9.635,9.4868,9.514,241448,0
2015-11-24,9.4945,9.748,9.4945,9.734,199463,0
2015-11-25,9.734,9.868,9.69,9.84,226319,0
2015-11-27,9.826,10.038,9.806,9.975,191120,0
2015-11-30,9.946,10.004,9.648,9.847,774524,0
2015-12-01,9.861,10.008,9.741,9.826,615028,0
2015-12-02,9.769,9.833,9.549,9.622,415640,0
2015-12-03,9.635,9.727,9.4945,9.521,391491,0
2015-12-04,9.521,9.635,9.508,9.563,369943,0
2015-12-07,9.514,9.612,9.2664,9.3459,505230,0
2015-12-08,9.2808,9.3239,9.1533,9.1897,375959,0
2015-12-09,9.182,9.3728,9.1121,9.1677,354959,0
2015-12-10,9.0896,9.3459,9.0896,9.2664,290782,0
2015-12-11,9.1121,9.1677,8.8848,8.9347,315238,0
2015-12-14,8.9347,9.0196,8.538,8.5591,610977,0
2015-12-15,8.5671,9.0048,8.5671,8.9845,510599,0
2015-12-16,8.9845,9.563,8.9845,9.521,598104,0
2015-12-17,9.559,9.883,9.559,9.883,721511,0
2015-12-18,9.925,10.491,9.925,10.257,3507900,0
2015-12-21,10.279,10.356,9.939,9.988,462255,0
2015-12-22,10.038,10.222,9.975,10.215,394255,0
2015-12-23,10.265,10.349,10.18,10.265,570254,0
2015-12-24,10.271,10.392,10.257,10.349,243780,0
2015-12-28,10.377,10.435,10.108,10.257,688329,0
2015-12-29,10.261,10.402,10.031,10.142,446466,0
2015-12-30,10.105,10.187,9.862,9.862,423525,0
2015-12-31,9.817,9.891,9.707,9.781,406792,0
2016-01-04,9.595,9.817,9.525,9.788,437478,0
2016-01-05,9.832,10.003,9.728,9.973,344701,0
2016-01-06,9.81,9.966,9.81,9.908,342140,0
2016-01-07,9.781,9.869,9.538,9.538,413246,0
2016-01-08,9.633,9.647,9.2779,9.2856,394406,0
2016-01-11,9.322,9.367,9.1226,9.16,445286,0
2016-01-12,9.2415,9.2856,8.9079,9.0334,396659,0
2016-01-13,9.0334,9.1149,8.4426,8.6272,909851,0
2016-01-14,8.6563,8.6934,8.2797,8.3095,809324,0
2016-01-15,8.0881,8.1253,7.5254,7.9543,649664,0
2016-01-19,7.9843,7.9843,7.5705,7.6589,501306,0
2016-01-20,7.496,7.6658,6.964,7.5627,643190,0
2016-01-21,7.5774,7.8283,7.4224,7.5774,385414,0
2016-01-22,7.7178,8.0357,7.6442,7.8509,295847,0
2016-01-25,7.8071,7.9617,7.7108,7.7178,382468,0
2016-01-26,7.7624,8.0583,7.6589,8.0138,337323,0
2016-01-27,8.0063,8.1907,7.9105,7.9917,227733,0
2016-01-28,8.0431,8.2127,7.873,8.021,214892,0
2016-01-29,8.095,8.3467,8.021,8.2067,319702,0
2016-02-01,8.1253,8.3315,8.0138,8.2356,284587,0
2016-02-02,8.1755,8.1984,7.8884,7.9917,308428,0
2016-02-03,8.0796,8.7825,8.0796,8.7686,873461,0
2016-02-04,8.9301,9.0998,8.7825,8.9827,621726,0
2016-02-05,8.9522,9.0786,8.7376,8.7464,368544,0
2016-02-08,8.6422,8.6422,8.3026,8.3905,355901,0
2016-02-09,8.2797,8.3026,7.969,8.095,476531,0
2016-02-10,8.1984,8.3391,7.9843,8.1984,313320,0
2016-02-11,8.0504,8.095,7.8136,7.8803,396620,0
2016-02-12,8.0504,8.1466,7.8436,8.0727,426686,0
2016-02-16,8.1694,8.4611,8.1314,8.4346,434095,0
2016-02-17,8.5159,8.8636,8.5159,8.7825,316292,0
2016-02-18,8.8277,8.8451,8.6422,8.7376,203687,0
2016-02-19,8.6563,8.6793,8.4717,8.6121,237680,0
2016-02-22,8.7235,8.8175,8.6563,8.7751,261493,0
2016-02-23,8.7517,8.8277,8.6863,8.7376,261242,0
2016-02-24,8.5018,8.5097,8.0138,8.3688,682936,0
2016-02-25,8.3467,8.5018,8.2067,8.4426,411209,0
2016-02-26,8.5459,8.8784,8.531,8.8046,239284,0
2016-02-29,8.7898,8.9974,8.7376,8.9522,267380,0
2016-03-01,9.0555,9.1897,8.9005,9.1897,290442,0
2016-03-02,9.1744,9.3517,9.086,9.2779,363113,0
2016-03-03,9.2108,9.669,9.2108,9.4849,344790,0
2016-03-04,9.4926,9.751,9.4332,9.625,468018,0
2016-03-07,9.574,9.877,9.574,9.722,280165,0
2016-03-08,9.656,9.71,9.3517,9.4264,367966,0
2016-03-09,9.4485,9.587,9.3517,9.4993,290765,0
2016-03-10,9.561,9.595,9.2328,9.3143,433050,0
2016-03-11,9.3594,9.825,9.3594,9.825,357047,0
2016-03-14,9.767,9.817,9.4993,9.662,288462,0
2016-03-15,9.528,9.633,9.345,9.528,415912,0
2016-03-16,9.595,9.766,9.4696,9.735,486376,0
2016-03-17,9.759,10.054,9.691,10.003,506684,0
2016-03-18,10.099,10.136,9.877,10.047,636063,0
2016-03-21,9.98,10.217,9.98,10.061,367764,0
2016-03-22,10.07,10.076,9.928,9.973,380601,0
2016-03-23,9.951,9.98,9.817,9.825,345922,0
2016-03-24,9.722,9.973,9.64,9.973,397787,0
2016-03-28,9.98,10.15,9.817,9.951,670787,0
2016-03-29,9.908,10.055,9.638,10.039,430278,0
2016-03-30,9.97,10.102,9.791,9.799,269252,0
2016-03-31,9.815,9.908,9.713,9.713,444713,0
2016-04-01,9.667,9.869,9.652,9.815,293729,0
2016-04-04,9.823,9.892,9.612,9.622,251653,0
2016-04-05,9.561,9.713,9.505,9.583,250696,0
2016-04-06,9.583,9.676,9.4121,9.4811,298258,0
2016-04-07,9.3651,9.528,9.3488,9.4188,226206,0
2016-04-08,9.4974,9.684,9.4427,9.4504,177931,0
2016-04-11,9.459,9.652,9.4504,9.4504,365835,0
2016-04-12,9.459,9.713,9.4092,9.684,462273,0
2016-04-13,9.729,10.048,9.684,9.939,281960,0
2016-04-14,9.962,10.017,9.831,9.861,232492,0
2016-04-15,9.815,9.932,9.784,9.901,226389,0
2016-04-18,9.885,9.908,9.746,9.823,140201,0
2016-04-19,9.838,9.995,9.838,9.947,194583,0
2016-04-20,9.97,10.117,9.939,10.079,297154,0
2016-04-21,10.125,10.21,10.002,10.133,257482,0
2016-04-22,10.102,10.203,9.962,10.055,264662,0
2016-04-25,10.055,10.079,9.854,9.955,284004,0
2016-04-26,10.079,10.233,10.002,10.133,312493,0
2016-04-27,10.102,10.219,10.079,10.117,218684,0
2016-04-28,10.031,10.117,9.939,9.955,171919,0
2016-04-29,9.986,10.146,9.869,10.031,219878,0
2016-05-02,10.039,10.109,9.908,9.947,197533,0
2016-05-03,9.885,9.915,9.589,9.713,324864,0
2016-05-04,9.667,9.799,9.528,9.622,335030,0
2016-05-05,9.652,9.846,9.575,9.575,292191,0
2016-05-06,9.543,9.825,9.543,9.737,169454,0
2016-05-09,9.713,9.799,9.579,9.66,287043,0
2016-05-10,9.4974,9.791,9.2951,9.723,703839,0
2016-05-11,9.684,10.133,9.684,10.031,504513,0
2016-05-12,10.039,10.079,9.551,9.69,624525,0
2016-05-13,9.676,9.769,9.543,9.598,251150,0
2016-05-16,9.622,9.799,9.561,9.723,249653,0
2016-05-17,9.713,9.861,9.575,9.628,288105,0
2016-05-18,9.589,9.746,9.513,9.575,209551,0
2016-05-19,9.543,9.566,9.3651,9.505,251952,0
2016-05-20,9.575,9.769,9.551,9.76,272171,0
2016-05-23,9.769,9.831,9.707,9.729,214393,0
2016-05-24,9.915,10.079,9.854,10.031,534531,0
2016-05-25,10.031,10.179,10.017,10.086,499726,0
2016-05-26,10.14,10.164,9.947,9.947,233177,0
2016-05-27,9.986,10.187,9.939,10.164,301925,0
2016-05-31,10.125,10.334,10.079,10.31,407685,0
2016-06-01,10.256,10.512,10.233,10.505,373630,0
2016-06-02,10.466,10.579,10.357,10.566,335199,0
2016-06-03,10.498,10.512,10.367,10.482,277590,0
2016-06-06,10.489,10.66,10.482,10.66,314512,0
2016-06-07,10.862,10.881,10.715,10.776,349451,0
2016-06-08,10.792,10.845,10.738,10.784,298935,0
2016-06-09,10.738,10.807,10.505,10.683,437811,0
2016-06-10,10.544,10.73,10.505,10.622,263081,0
2016-06-13,10.544,10.614,10.265,10.343,267849,0
2016-06-14,10.296,10.443,10.14,10.219,315272,0
2016-06-15,10.286,10.435,10.242,10.28,183151,0
2016-06-16,10.21,10.357,10.125,10.31,230021,0
2016-06-17,10.286,10.566,10.249,10.32,432898,0
2016-06-20,10.535,10.683,10.487,10.583,333619,0
2016-06-21,10.583,10.648,10.427,10.59,255333,0
2016-06-22,10.66,10.66,10.458,10.458,258893,0
2016-06-23,10.489,10.683,10.489,10.646,325383,0
2016-06-24,10.466,10.776,10.357,10.512,730906,0
2016-06-27,10.404,10.412,10.156,10.31,933300,0
2016-06-28,10.325,10.666,10.306,10.405,547446,0
2016-06-29,10.47,10.625,10.389,10.462,347899,0
2016-06-30,10.494,10.584,10.396,10.584,281826,0
2016-07-01,10.575,10.67,10.429,10.519,361259,0
2016-07-05,10.413,10.543,10.254,10.365,407311,0
2016-07-06,10.315,10.51,10.275,10.421,283549,0
2016-07-07,10.38,10.584,10.306,10.396,212328,0
2016-07-08,10.543,10.584,10.462,10.494,251456,0
2016-07-11,10.551,10.719,10.551,10.672,329746,0
2016-07-12,10.779,10.852,10.721,10.779,366707,0
2016-07-13,10.82,10.82,10.625,10.746,199101,0
2016-07-14,10.852,10.852,10.721,10.763,217387,0
2016-07-15,10.803,10.811,10.705,10.786,157305,0
2016-07-18,10.779,11.015,10.714,10.844,162306,0
2016-07-19,10.786,10.925,10.781,10.885,175369,0
2016-07-20,10.943,10.973,10.771,10.933,228163,0
2016-07-21,10.925,10.983,10.877,10.943,215169,0
2016-07-22,10.943,10.967,10.885,10.967,149479,0
2016-07-25,10.943,10.973,10.877,10.908,156751,0
2016-07-26,10.877,11.015,10.877,10.967,202740,0
2016-07-27,10.893,11.144,10.893,11.064,412100,0
2016-07-28,11.071,11.185,11.031,11.185,287771,0
2016-07-29,11.21,11.397,11.144,11.332,414710,0
2016-08-01,11.348,11.641,11.309,11.544,390571,0
2016-08-02,11.462,11.579,11.413,11.495,360880,0
2016-08-03,11.495,11.683,11.47,11.65,228634,0
2016-08-04,11.665,11.787,11.658,11.772,251073,0
2016-08-05,11.836,12.162,11.807,12.098,380531,0
2016-08-08,12.153,12.316,12.122,12.227,326503,0
2016-08-09,12.301,12.332,12.178,12.227,339382,0
2016-08-10,12.235,12.243,12.007,12.08,305908,0
2016-08-11,12.08,12.153,12.007,12.048,185581,0
2016-08-12,12.023,12.063,11.959,11.959,216400,0
2016-08-15,11.966,12.055,11.95,11.959,205848,0
2016-08-16,11.926,11.959,11.762,11.82,362634,0
2016-08-17,11.836,11.844,11.683,11.723,212857,0
2016-08-18,11.732,11.966,11.732,11.803,163207,0
2016-08-19,11.732,11.812,11.69,11.796,144773,0
2016-08-22,11.796,11.796,11.707,11.772,126100,0
2016-08-23,11.796,12.032,11.779,12.0,269846,0
2016-08-24,12.0,12.015,11.82,11.884,262448,0
2016-08-25,11.844,12.007,11.844,11.99,181025,0
2016-08-26,12.04,12.04,11.779,11.861,162004,0
2016-08-29,11.844,11.99,11.844,11.902,213501,0
2016-08-30,11.95,12.088,11.902,12.073,235622,0
2016-08-31,12.073,12.128,11.95,12.104,192870,0
2016-09-01,12.122,12.17,11.861,12.073,182920,0
2016-09-02,12.162,12.301,12.104,12.276,160580,0
2016-09-06,12.202,12.251,12.032,12.235,261431,0
2016-09-07,12.276,12.405,12.235,12.39,268608,0
2016-09-08,12.35,12.502,12.325,12.43,129857,0
2016-09-09,12.405,12.415,11.966,11.966,352109,0
2016-09-12,11.902,12.17,11.869,12.113,349402,0
2016-09-13,12.0,12.113,11.902,11.975,195011,0
2016-09-14,11.926,12.055,11.877,11.966,167054,0
2016-09-15,11.99,12.132,11.975,12.063,107568,0
2016-09-16,12.153,12.153,11.982,12.146,465600,0
2016-09-19,12.153,12.309,12.063,12.202,329676,0
2016-09-20,12.309,12.309,12.153,12.162,196328,0
2016-09-21,12.284,12.447,12.128,12.405,298341,0
2016-09-22,12.577,12.625,12.341,12.577,404030,0
2016-09-23,12.577,12.731,12.561,12.609,387435,0
2016-09-26,12.74,12.78,12.512,12.609,587120,0
2016-09-27,12.601,12.691,12.405,12.471,547291,0
2016-09-28,12.543,12.56,12.339,12.56,353722,0
2016-09-29,12.568,12.601,12.349,12.425,293019,0
2016-09-30,12.425,12.594,12.313,12.543,309819,0
2016-10-03,12.493,12.509,12.365,12.475,177138,0
2016-10-04,12.5,12.535,12.162,12.221,394277,0
2016-10-05,12.289,12.421,12.238,12.254,174383,0
2016-10-06,12.195,12.204,12.077,12.153,320091,0
2016-10-07,12.136,12.238,11.967,12.033,197488,0
2016-10-10,12.052,12.206,12.052,12.145,196299,0
2016-10-11,12.11,12.11,11.94,12.059,237264,0
2016-10-12,12.059,12.247,12.009,12.153,197193,0
2016-10-13,12.001,12.195,11.983,12.136,173175,0
2016-10-14,12.247,12.289,12.094,12.145,169521,0
2016-10-17,12.136,12.2,12.094,12.127,219938,0
2016-10-18,12.212,12.28,12.145,12.178,197352,0
2016-10-19,12.263,12.349,12.221,12.254,134293,0
2016-10-20,12.254,12.374,12.233,12.313,117384,0
2016-10-21,12.289,12.483,12.263,12.467,278714,0
2016-10-24,12.475,12.628,12.399,12.61,219601,0
2016-10-25,12.594,12.806,12.509,12.797,354184,0
2016-10-26,12.789,12.806,12.5,12.509,288005,0
2016-10-27,12.61,12.636,12.187,12.212,281858,0
2016-10-28,12.212,12.374,12.127,12.204,202718,0
2016-10-31,12.247,12.271,12.102,12.11,223053,0
2016-11-01,12.238,12.247,12.017,12.077,245964,0
2016-11-02,12.077,12.178,12.017,12.017,193433,0
2016-11-03,12.026,12.204,12.026,12.178,170617,0
2016-11-04,12.178,12.416,12.145,12.238,243273,0
2016-11-07,12.381,12.577,12.381,12.449,201979,0
2016-11-08,12.365,12.475,12.28,12.355,165466,0
2016-11-09,12.204,12.636,12.153,12.525,434840,0
2016-11-10,12.636,12.789,12.437,12.636,477834,0
2016-11-11,12.645,13.052,12.594,12.942,606556,0
2016-11-14,13.035,13.603,12.975,13.348,773286,0
2016-11-15,13.187,13.527,13.159,13.492,279024,0
2016-11-16,13.502,13.636,13.263,13.314,279217,0
2016-11-17,13.213,13.399,13.18,13.263,275541,0
2016-11-18,13.272,13.544,13.238,13.51,217487,0
2016-11-21,13.527,13.544,13.366,13.476,250169,0
2016-11-22,13.552,13.872,13.525,13.782,314681,0
2016-11-23,13.782,14.248,13.702,13.943,601660,0
2016-11-25,13.985,14.044,13.925,14.01,215149,0
2016-11-28,14.028,14.121,13.911,13.994,259786,0
2016-11-29,14.044,14.154,13.938,14.111,222662,0
2016-11-30,14.121,14.121,13.721,13.773,368918,0
2016-12-01,13.824,13.943,13.603,13.747,335937,0
2016-12-02,13.747,13.815,13.629,13.671,247378,0
2016-12-05,13.747,14.069,13.731,14.044,404983,0
2016-12-06,14.121,14.163,13.925,14.069,391183,0
2016-12-07,14.086,14.33,13.985,14.223,518049,0
2016-12-08,14.23,14.51,14.095,14.418,543434,0
2016-12-09,14.502,14.527,14.358,14.484,482385,0
2016-12-12,14.484,14.484,14.086,14.205,436125,0
2016-12-13,14.248,14.281,13.739,13.773,415004,0
2016-12-14,13.763,13.994,13.544,13.552,453757,0
2016-12-15,13.502,13.554,12.721,12.746,1119117,0
2016-12-16,12.831,13.214,12.806,12.942,1193228,0
2016-12-19,13.144,13.502,13.043,13.434,781869,0
2016-12-20,13.263,13.43,13.001,13.357,643546,0
2016-12-21,13.255,13.34,13.06,13.281,526395,0
2016-12-22,13.272,13.476,13.144,13.281,505104,0
2016-12-23,13.399,13.399,13.163,13.272,463574,0
2016-12-27,13.306,13.332,13.205,13.324,743612,0
2016-12-28,13.31,13.354,12.992,13.071,490055,0
2016-12-29,13.09,13.408,13.071,13.283,343075,0
2016-12-30,13.292,13.337,13.071,13.09,331154,0
2017-01-03,13.16,13.381,13.097,13.327,460502,0
2017-01-04,13.416,13.522,13.292,13.478,272945,0
2017-01-05,13.442,13.539,13.248,13.292,361690,0
2017-01-06,13.354,13.354,13.16,13.168,288377,0
2017-01-09,13.116,13.283,13.018,13.257,392224,0
2017-01-10,13.283,13.532,13.213,13.532,345246,0
2017-01-11,13.584,13.769,13.425,13.557,307442,0
2017-01-12,13.495,13.495,13.192,13.345,221251,0
2017-01-13,13.434,13.486,13.31,13.451,248736,0
2017-01-17,13.425,13.593,13.231,13.257,265184,0
2017-01-18,13.265,13.381,13.195,13.345,236285,0
2017-01-19,13.371,13.371,13.16,13.195,331135,0
2017-01-20,13.168,13.363,13.168,13.354,249181,0
2017-01-23,13.371,13.539,13.293,13.532,263637,0
2017-01-24,13.522,13.579,13.381,13.549,314645,0
2017-01-25,13.601,13.672,13.434,13.461,221712,0
2017-01-26,13.532,13.579,13.416,13.478,191419,0
2017-01-27,13.512,13.512,13.265,13.398,151339,0
2017-01-30,13.354,13.377,13.234,13.327,279547,0
2017-01-31,13.425,13.425,13.015,13.221,391354,0
2017-02-01,13.381,13.451,13.231,13.283,341501,0
2017-02-02,13.213,13.324,13.168,13.319,338826,0
2017-02-03,13.469,13.593,13.403,13.486,338054,0
2017-02-06,13.557,13.685,13.495,13.646,437414,0
2017-02-07,13.655,13.698,13.408,13.486,298906,0
2017-02-08,13.204,13.231,12.753,13.151,1342511,0
2017-02-09,13.116,13.151,12.966,12.974,559339,0
2017-02-10,13.027,13.337,12.921,13.239,439977,0
2017-02-13,13.248,13.461,13.116,13.16,390814,0
2017-02-14,13.16,13.265,13.062,13.204,396063,0
2017-02-15,13.178,13.178,12.894,13.045,572878,0
2017-02-16,13.001,13.209,13.001,13.168,388445,0
2017-02-17,13.151,13.195,13.01,13.195,322351,0
2017-02-21,13.195,13.291,13.168,13.257,303683,0
2017-02-22,13.248,13.319,13.09,13.195,249168,0
2017-02-23,13.151,13.305,13.097,13.134,364863,0
2017-02-24,13.186,13.29,13.036,13.141,244749,0
2017-02-27,13.124,13.213,13.001,13.09,306314,0
2017-02-28,13.071,13.09,12.921,13.018,305345,0
2017-03-01,13.213,13.248,13.045,13.054,374557,0
2017-03-02,12.983,13.01,12.771,12.789,737991,0
2017-03-03,12.746,12.753,12.108,12.639,1413046,0
2017-03-06,12.674,12.701,12.435,12.479,464529,0
2017-03-07,12.426,12.533,12.224,12.259,425070,0
2017-03-08,12.241,12.294,11.906,11.95,618182,0
2017-03-09,11.94,12.188,11.923,11.932,420812,0
2017-03-10,11.985,12.179,11.985,12.162,270795,0
2017-03-13,12.171,12.224,12.003,12.021,292170,0
2017-03-14,12.011,12.047,11.888,11.932,253364,0
2017-03-15,12.286,12.612,12.126,12.56,648365,0
2017-03-16,12.603,12.656,12.4,12.533,398703,0
2017-03-17,12.533,12.719,12.453,12.701,1177760,0
2017-03-20,12.701,12.803,12.568,12.736,521206,0
2017-03-21,12.797,12.797,12.516,12.586,444797,0
2017-03-22,12.56,12.683,12.506,12.612,414835,0
2017-03-23,12.603,12.714,12.541,12.665,351218,0
2017-03-24,12.674,12.912,12.639,12.753,801800,0
2017-03-27,12.753,12.931,12.692,12.85,675630,0
2017-03-28,12.894,13.116,12.807,12.921,886941,0
2017-03-29,12.926,13.129,12.87,13.055,702947,0
2017-03-30,13.073,13.157,12.852,12.908,521592,0
2017-03-31,12.917,13.083,12.87,13.037,459166,0
2017-04-03,13.027,13.092,12.926,12.935,383411,0
2017-04-04,12.944,13.037,12.824,13.027,416962,0
2017-04-05,13.055,13.101,12.824,12.862,477970,0
2017-04-06,12.898,13.05,12.824,13.018,311882,0
2017-04-07,12.972,13.053,12.935,12.935,178665,0
2017-04-10,12.944,13.009,12.889,12.926,325226,0
2017-04-11,12.908,13.185,12.874,13.129,392333,0
2017-04-12,13.101,13.157,12.917,12.935,274490,0
2017-04-13,12.944,13.05,12.926,12.935,195987,0
2017-04-17,12.935,13.139,12.935,13.101,362071,0
2017-04-18,13.027,13.193,13.018,13.157,352789,0
2017-04-19,13.203,13.341,13.165,13.185,255670,0
2017-04-20,13.267,13.332,13.157,13.267,268388,0
2017-04-21,13.341,13.35,13.221,13.239,333315,0
2017-04-24,13.378,13.378,13.193,13.332,364451,0
2017-04-25,13.378,13.498,13.258,13.369,488146,0
2017-04-26,13.406,13.996,13.378,13.636,1006018,0
2017-04-27,13.701,13.729,13.332,13.498,409387,0
2017-04-28,13.534,13.646,13.396,13.434,369429,0
2017-05-01,13.48,13.581,13.424,13.508,491589,0
2017-05-02,13.544,13.562,13.263,13.369,451875,0
2017-05-03,13.369,13.369,13.092,13.101,360152,0
2017-05-04,13.157,13.175,12.87,12.981,485411,0
2017-05-05,13.027,13.231,12.967,13.193,266663,0
2017-05-08,13.258,13.341,13.147,13.239,310848,0
2017-05-09,13.249,13.277,12.981,13.073,378511,0
2017-05-10,13.037,13.212,13.009,13.129,357607,0
2017-05-11,13.129,13.165,12.972,13.119,241209,0
2017-05-12,13.083,13.111,13.009,13.055,232296,0
2017-05-15,13.101,13.165,13.032,13.055,256753,0
2017-05-16,13.073,13.101,13.037,13.037,218179,0
2017-05-17,13.027,13.055,12.898,12.963,340688,0
2017-05-18,12.917,13.092,12.917,13.009,236858,0
2017-05-19,13.009,13.135,12.981,13.111,295418,0
2017-05-22,13.165,13.258,13.101,13.231,277388,0
2017-05-23,13.231,13.332,13.147,13.313,331365,0
2017-05-24,13.332,13.452,13.304,13.36,357841,0
2017-05-25,13.387,13.618,13.387,13.48,392480,0
2017-05-26,13.48,13.521,13.185,13.286,580015,0
2017-05-30,13.286,13.36,13.245,13.277,219448,0
2017-05-31,13.286,13.304,13.111,13.249,288093,0
2017-06-01,13.258,13.323,13.129,13.286,462083,0
2017-06-02,13.313,13.475,13.313,13.323,573878,0
2017-06-05,13.332,13.406,13.23,13.267,277200,0
2017-06-06,13.231,13.323,13.203,13.277,278939,0
2017-06-07,13.286,13.369,13.147,13.203,337578,0
2017-06-08,13.165,13.313,13.165,13.185,460923,0
2017-06-09,13.212,13.47,13.212,13.424,606224,0
2017-06-12,13.47,13.646,13.424,13.526,600002,0
2017-06-13,13.534,13.562,13.286,13.516,685380,0
2017-06-14,13.516,13.627,13.434,13.544,546900,0
2017-06-15,13.488,13.646,13.488,13.562,404300,0
2017-06-16,13.534,13.664,13.461,13.646,472561,0
2017-06-19,13.516,13.746,13.35,13.673,688471,0
2017-06-20,13.673,13.757,13.562,13.701,482077,0
2017-06-21,13.747,13.757,13.508,13.516,454544,0
2017-06-22,13.562,13.618,13.516,13.516,281336,0
2017-06-23,13.544,13.719,13.498,13.673,608869,0
2017-06-26,13.683,13.839,13.609,13.839,650296,0
2017-06-27,13.867,13.867,13.562,13.572,1094175,0
2017-06-28,13.524,13.6,13.131,13.236,1087857,0
2017-06-29,13.303,13.303,13.131,13.198,481133,0
2017-06-30,13.246,13.265,13.029,13.102,513852,0
2017-07-03,13.102,13.208,13.025,13.112,286797,0
2017-07-05,13.121,13.275,13.121,13.246,505066,0
2017-07-06,13.217,13.313,13.117,13.14,365257,0
2017-07-07,13.15,13.179,13.035,13.131,300620,0
2017-07-10,13.121,13.227,13.025,13.14,387930,0
2017-07-11,13.131,13.208,13.107,13.169,217775,0
2017-07-12,13.169,13.342,13.169,13.246,196212,0
2017-07-13,13.236,13.275,13.131,13.227,182501,0
2017-07-14,13.198,13.371,13.198,13.323,186561,0
2017-07-17,13.323,13.35,13.227,13.255,269368,0
2017-07-18,13.227,13.227,12.949,12.997,396227,0
2017-07-19,13.054,13.114,12.968,13.073,242093,0
2017-07-20,13.102,13.208,13.073,13.121,180835,0
2017-07-21,13.188,13.236,13.016,13.208,307733,0
2017-07-24,13.188,13.208,13.016,13.016,397678,0
2017-07-25,12.69,12.7,12.105,12.287,1842469,0
2017-07-26,12.278,12.374,12.192,12.268,641587,0
2017-07-27,12.22,12.46,12.22,12.45,541604,0
2017-07-28,12.45,12.46,12.273,12.316,396296,0
2017-07-31,12.297,12.431,12.292,12.364,332629,0
2017-08-01,12.46,12.585,12.371,12.585,335213,0
2017-08-02,12.594,12.642,12.46,12.565,288543,0
2017-08-03,12.575,12.623,12.517,12.546,184040,0
2017-08-04,12.556,12.556,12.45,12.546,156097,0
2017-08-07,12.546,12.613,12.431,12.565,299818,0
2017-08-08,12.575,12.627,12.527,12.575,360555,0
2017-08-09,12.546,12.671,12.508,12.632,299462,0
2017-08-10,12.604,12.652,12.427,12.47,261440,0
2017-08-11,12.374,12.46,12.278,12.441,329829,0
2017-08-14,12.479,12.546,12.46,12.489,256347,0
2017-08-15,12.508,12.551,12.46,12.498,204537,0
2017-08-16,12.565,12.69,12.561,12.613,490361,0
2017-08-17,12.604,12.629,12.45,12.46,381827,0
2017-08-18,12.412,12.441,12.153,12.402,431178,0
2017-08-21,12.364,12.364,12.096,12.23,451656,0
2017-08-22,12.23,12.498,12.23,12.412,299456,0
2017-08-23,12.364,12.508,12.355,12.412,271766,0
2017-08-24,12.45,12.517,12.422,12.479,197877,0
2017-08-25,12.498,12.525,12.355,12.393,219367,0
2017-08-28,12.441,12.489,12.374,12.422,187261,0
2017-08-29,12.412,12.45,12.276,12.316,216349,0
2017-08-30,12.316,12.345,12.211,12.278,277511,0
2017-08-31,12.297,12.436,12.297,12.383,269522,0
2017-09-01,12.422,12.517,12.422,12.489,373304,0
2017-09-05,12.517,12.517,12.263,12.287,326442,0
2017-09-06,12.326,12.345,12.23,12.326,253184,0
2017-09-07,12.326,12.355,12.23,12.278,189775,0
2017-09-08,12.278,12.329,12.259,12.307,168114,0
2017-09-11,12.383,12.508,12.383,12.45,388539,0
2017-09-12,12.498,12.661,12.489,12.594,359337,0
2017-09-13,12.537,12.599,12.527,12.565,219491,0
2017-09-14,12.565,12.642,12.546,12.575,217910,0
2017-09-15,12.613,12.685,12.546,12.623,734738,0
2017-09-18,12.632,12.786,12.632,12.68,539528,0
2017-09-19,12.69,12.828,12.69,12.738,403601,0
2017-09-20,12.757,12.824,12.738,12.767,491108,0
2017-09-21,12.767,12.853,12.767,12.786,401289,0
2017-09-22,12.815,12.853,12.795,12.824,401187,0
2017-09-25,12.786,12.795,12.652,12.709,678477,0
2017-09-26,12.7,12.738,12.652,12.7,691951,0
2017-09-27,12.738,12.781,12.508,12.69,852727,0
2017-09-28,12.74,12.78,12.4282,12.74,759149,0
2017-09-29,12.71,12.88,12.671,12.73,483918,0
2017-10-02,12.74,12.79,12.67,12.78,457124,0
2017-10-03,12.8,12.85,12.74,12.79,370916,0
2017-10-04,12.79,12.84,12.69,12.76,330133,0
2017-10-05,12.76,12.87,12.74,12.77,419731,0
2017-10-06,12.78,12.78,12.625,12.71,359190,0
2017-10-09,12.7,12.78,12.6675,12.75,377562,0
2017-10-10,12.78,12.7801,12.6145,12.63,361905,0
2017-10-11,12.67,12.7,12.59,12.7,464159,0
2017-10-12,12.71,12.73,12.61,12.66,383109,0
2017-10-13,12.66,12.75,12.61,12.69,195593,0
2017-10-16,12.6,12.82,12.6,12.71,545302,0
2017-10-17,12.71,12.75,12.66,12.7,294671,0
2017-10-18,12.72,12.799,12.72,12.72,273852,0
2017-10-19,12.68,12.72,12.63,12.71,247254,0
2017-10-20,12.76,12.79,12.71,12.76,307830,0
2017-10-23,12.77,12.79,12.65,12.66,256904,0
2017-10-24,12.69,12.76,12.655,12.67,349525,0
2017-10-25,12.65,12.65,11.4,11.83,2080652,0
2017-10-26,11.83,11.84,11.5,11.5,843614,0
2017-10-27,11.3,11.73,11.28,11.61,737301,0
2017-10-30,11.61,11.7401,11.54,11.57,390817,0
2017-10-31,11.65,11.65,11.435,11.47,439711,0
2017-11-01,11.52,11.5351,11.35,11.38,526127,0
2017-11-02,11.35,11.36,11.11,11.18,595083,0
2017-11-03,11.18,11.185,10.931,11.0,649109,0
2017-11-06,11.0,11.22,11.0,11.14,601227,0
2017-11-07,11.15,11.23,11.07,11.1,492327,0
2017-11-08,11.1,11.19,11.04,11.13,337215,0
2017-11-09,11.08,11.2201,11.06,11.16,335413,0
2017-11-10,11.14,11.245,11.09,11.14,374533,0
