Date,Open,High,Low,Close,Volume,OpenInt
2014-01-02,31.719,31.897,30.824,30.955,136552,0
2014-01-03,30.975,31.451,30.841,31.178,179827,0
2014-01-06,31.243,31.729,30.917,31.451,193624,0
2014-01-07,31.336,32.689,31.336,32.627,322782,0
2014-01-08,32.627,33.355,31.649,31.935,254347,0
2014-01-09,31.935,32.382,31.243,32.158,148968,0
2014-01-10,31.935,32.793,31.451,32.552,186984,0
2014-01-13,32.504,32.504,30.534,30.871,136007,0
2014-01-14,30.897,31.954,30.646,31.674,283904,0
2014-01-15,31.689,31.84,31.412,31.674,74107,0
2014-01-16,31.629,32.514,31.226,31.766,277964,0
2014-01-17,31.619,31.954,31.16,31.271,88674,0
2014-01-21,31.422,31.58,31.027,31.459,61365,0
2014-01-22,31.459,31.459,30.945,31.271,67899,0
2014-01-23,31.094,31.374,30.748,31.262,184414,0
2014-01-24,31.047,31.216,29.208,29.946,212796,0
2014-01-27,30.077,30.907,29.602,29.639,128621,0
2014-01-28,29.63,30.431,29.461,30.0,149394,0
2014-01-29,29.639,30.412,29.163,29.553,119943,0
2014-01-30,29.964,30.322,29.523,29.702,109129,0
2014-01-31,29.067,29.991,28.807,29.283,129584,0
2014-02-03,29.553,29.553,28.508,28.975,227062,0
2014-02-04,29.133,29.685,28.797,29.346,142099,0
2014-02-05,29.488,30.393,28.955,30.206,344191,0
2014-02-06,30.215,31.152,30.039,30.797,183550,0
2014-02-07,30.871,31.781,30.312,30.72,108362,0
2014-02-10,31.021,31.021,30.273,30.917,98517,0
2014-02-11,30.917,31.235,30.184,31.047,261174,0
2014-02-12,31.056,31.374,30.871,31.01,145780,0
2014-02-13,30.72,32.122,30.564,31.674,141262,0
2014-02-14,32.158,32.158,31.065,31.748,108757,0
2014-02-18,31.805,31.945,31.3,31.86,134191,0
2014-02-19,31.709,32.335,31.187,31.699,198740,0
2014-02-20,31.831,33.569,31.831,33.325,193674,0
2014-02-21,33.429,33.532,32.186,32.467,202081,0
2014-02-24,32.467,33.26,32.467,33.158,193190,0
2014-02-25,32.783,33.151,32.429,32.918,149212,0
2014-02-26,33.222,33.784,32.899,33.28,142118,0
2014-02-27,33.27,33.542,33.083,33.325,100581,0
2014-02-28,33.43,33.904,32.879,33.055,198039,0
2014-03-03,32.774,33.045,32.055,32.774,93929,0
2014-03-04,33.298,34.484,32.467,33.839,190875,0
2014-03-05,33.858,34.548,33.325,33.988,496986,0
2014-03-06,34.184,34.962,33.645,34.148,119590,0
2014-03-07,34.635,34.845,33.886,34.176,159745,0
2014-03-10,34.184,34.37,33.317,33.482,139260,0
2014-03-11,35.25,36.976,32.981,33.437,457933,0
2014-03-12,33.579,33.617,33.026,33.27,235420,0
2014-03-13,33.492,33.492,32.421,32.831,297631,0
2014-03-14,32.774,33.076,32.156,32.85,203569,0
2014-03-17,33.168,33.484,33.133,33.252,71956,0
2014-03-18,33.347,33.357,33.008,33.242,134192,0
2014-03-19,33.309,33.367,32.889,33.142,77001,0
2014-03-20,33.281,33.281,32.831,33.056,64669,0
2014-03-21,33.413,33.413,32.653,32.869,146612,0
2014-03-24,32.12,32.998,32.12,32.729,173110,0
2014-03-25,32.803,33.084,31.971,32.551,240999,0
2014-03-26,32.909,33.046,31.605,31.735,145553,0
2014-03-27,31.821,31.866,31.202,31.829,415333,0
2014-03-28,31.989,32.798,31.989,32.363,244189,0
2014-03-31,32.645,33.744,32.4,33.431,315251,0
2014-04-01,33.861,34.049,33.494,34.021,141980,0
2014-04-02,34.16,34.553,33.851,34.327,94046,0
2014-04-03,34.336,34.647,33.917,34.039,98443,0
2014-04-04,34.375,34.48,33.395,33.524,143524,0
2014-04-07,33.494,33.514,32.324,32.551,98680,0
2014-04-08,32.532,32.909,32.174,32.28,110967,0
2014-04-09,32.719,33.046,32.27,33.017,67015,0
2014-04-10,33.076,33.421,31.951,32.222,162592,0
2014-04-11,32.139,32.909,32.139,32.324,199565,0
2014-04-14,32.729,33.168,31.469,31.829,200072,0
2014-04-15,31.876,32.132,30.818,31.447,165027,0
2014-04-16,31.625,31.755,31.276,31.556,138562,0
2014-04-17,31.556,32.241,31.323,31.895,64187,0
2014-04-21,31.866,32.522,31.745,32.485,95284,0
2014-04-22,32.532,33.152,32.166,32.85,87060,0
2014-04-23,32.869,33.494,32.597,32.653,102683,0
2014-04-24,33.023,33.023,31.913,32.194,85576,0
2014-04-25,31.231,33.692,30.818,32.541,236101,0
2014-04-28,32.372,32.671,30.989,31.474,184037,0
2014-04-29,31.635,31.904,30.949,31.755,152608,0
2014-04-30,31.556,32.184,31.221,31.989,91600,0
2014-05-01,32.007,32.671,31.817,32.139,170981,0
2014-05-02,32.015,32.899,31.981,32.343,128507,0
2014-05-05,31.997,32.522,31.838,32.353,109835,0
2014-05-06,32.166,32.485,31.932,32.42,140501,0
2014-05-07,32.493,33.006,31.866,32.831,127490,0
2014-05-08,32.783,33.395,32.522,32.889,189310,0
2014-05-09,32.68,32.689,32.139,32.39,137715,0
2014-05-12,32.466,33.123,32.307,32.783,198345,0
2014-05-13,32.689,32.889,32.448,32.597,158065,0
2014-05-14,32.577,32.645,31.951,32.174,215108,0
2014-05-15,32.12,33.289,31.782,31.951,194756,0
2014-05-16,31.866,32.12,31.38,31.615,131656,0
2014-05-19,31.605,31.764,31.431,31.716,92333,0
2014-05-20,31.671,31.671,30.696,31.032,270315,0
2014-05-21,31.182,31.514,30.845,31.231,100867,0
2014-05-22,31.231,31.997,30.994,31.895,145489,0
2014-05-23,31.997,32.541,31.755,32.4,65478,0
2014-05-27,32.224,33.673,32.224,33.551,167554,0
2014-05-28,33.71,33.833,32.989,33.385,270127,0
2014-05-29,33.601,33.61,32.616,32.813,94579,0
2014-05-30,32.869,32.952,31.981,32.015,117197,0
2014-06-02,32.139,32.353,31.399,32.27,299838,0
2014-06-03,32.073,32.317,32.024,32.12,107189,0
2014-06-04,32.089,32.363,31.937,32.166,110169,0
2014-06-05,32.184,33.142,31.886,33.094,106527,0
2014-06-06,33.309,33.778,32.703,33.739,82580,0
2014-06-09,33.833,34.761,32.933,34.463,229532,0
2014-06-10,34.385,34.443,33.768,34.365,72295,0
2014-06-11,34.133,34.463,33.484,33.778,146474,0
2014-06-12,33.683,33.894,32.942,33.299,163746,0
2014-06-13,33.484,33.673,33.261,33.551,87577,0
2014-06-16,33.476,33.852,33.27,33.601,78291,0
2014-06-17,33.524,34.529,33.412,34.398,124570,0
2014-06-18,34.368,34.693,33.9,34.595,112144,0
2014-06-19,34.669,34.988,34.529,34.915,184317,0
2014-06-20,34.784,34.963,34.615,34.847,224769,0
2014-06-23,35.046,35.046,34.547,34.708,127843,0
2014-06-24,34.557,35.157,34.49,34.694,149382,0
2014-06-25,34.51,34.857,34.2,34.49,85905,0
2014-06-26,34.595,34.595,34.106,34.51,86514,0
2014-06-27,34.229,34.595,34.229,34.475,196895,0
2014-06-30,34.373,34.605,34.074,34.19,240554,0
2014-07-01,34.408,34.794,34.339,34.659,150135,0
2014-07-02,34.963,35.114,34.605,34.897,142725,0
2014-07-03,35.006,35.583,34.906,35.564,55359,0
2014-07-07,35.412,35.78,34.417,34.538,73657,0
2014-07-08,34.408,34.746,33.761,34.398,122488,0
2014-07-09,34.482,34.482,34.051,34.398,86837,0
2014-07-10,34.059,34.287,33.556,33.994,122428,0
2014-07-11,33.9,34.137,33.749,33.843,94694,0
2014-07-14,34.19,34.368,33.928,34.116,155561,0
2014-07-15,34.069,34.096,33.571,33.957,78240,0
2014-07-16,34.19,34.378,33.693,34.051,112652,0
2014-07-17,33.769,34.181,32.867,33.101,159809,0
2014-07-18,32.987,33.663,32.94,33.384,245958,0
2014-07-21,33.167,33.88,33.025,33.524,91626,0
2014-07-22,33.711,34.5,33.711,34.162,240461,0
2014-07-23,34.181,34.259,33.663,34.013,214967,0
2014-07-24,34.126,34.557,33.807,33.966,262357,0
2014-07-25,31.946,32.538,30.989,32.038,798282,0
2014-07-28,31.975,31.975,31.09,31.579,325047,0
2014-07-29,31.589,32.097,31.139,31.175,190760,0
2014-07-30,31.439,31.559,30.497,30.536,226968,0
2014-07-31,30.177,30.593,29.429,29.456,321350,0
2014-08-01,29.626,30.215,29.5,30.018,222021,0
2014-08-04,30.143,30.602,29.831,30.283,149473,0
2014-08-05,30.34,30.677,29.99,30.273,106284,0
2014-08-06,30.087,30.433,30.018,30.107,110292,0
2014-08-07,30.196,30.566,29.813,29.998,74006,0
2014-08-08,29.981,30.349,29.981,30.273,149977,0
2014-08-11,30.424,30.658,29.962,30.385,195425,0
2014-08-12,30.302,30.395,29.851,30.057,104566,0
2014-08-13,29.962,31.119,29.795,30.94,354639,0
2014-08-14,30.931,31.005,30.705,30.989,94694,0
2014-08-15,31.268,31.324,30.437,30.686,123302,0
2014-08-18,30.995,31.372,30.686,31.278,114887,0
2014-08-19,31.362,31.521,31.223,31.494,91720,0
2014-08-20,31.362,31.589,31.052,31.439,182767,0
2014-08-21,31.477,31.776,31.316,31.664,103483,0
2014-08-22,31.531,32.199,31.415,32.078,202681,0
2014-08-25,32.33,32.344,31.955,32.107,79055,0
2014-08-26,32.019,32.295,31.985,32.107,101948,0
2014-08-27,32.116,32.203,31.758,31.832,56145,0
2014-08-28,31.776,31.776,31.052,31.129,141456,0
2014-08-29,31.175,31.343,30.985,31.249,126172,0
2014-09-02,31.334,31.531,30.996,31.334,117710,0
2014-09-03,31.512,31.512,30.931,31.005,87867,0
2014-09-04,31.071,31.372,30.902,31.024,89447,0
2014-09-05,30.771,31.288,30.724,31.194,52683,0
2014-09-08,30.989,31.467,30.931,31.316,107150,0
2014-09-09,31.204,31.372,30.902,30.95,99490,0
2014-09-10,30.922,30.97,30.626,30.761,49297,0
2014-09-11,30.593,30.902,30.546,30.724,142864,0
2014-09-12,30.781,30.791,29.99,30.254,82365,0
2014-09-15,30.186,30.186,29.699,29.813,84398,0
2014-09-16,29.699,29.945,29.499,29.699,92879,0
2014-09-17,29.643,30.078,29.518,29.823,134598,0
2014-09-18,29.945,30.078,29.736,29.86,53925,0
2014-09-19,29.851,29.908,29.171,29.304,135390,0
2014-09-22,29.133,29.133,28.653,28.718,96748,0
2014-09-23,28.548,29.067,28.361,28.718,185954,0
2014-09-24,28.577,29.077,28.304,28.681,128648,0
2014-09-25,28.634,28.653,27.994,28.341,100879,0
2014-09-26,28.351,28.577,27.908,28.484,143337,0
2014-09-29,28.135,28.407,27.824,27.878,157269,0
2014-09-30,27.859,28.135,27.475,27.501,277098,0
2014-10-01,27.398,27.708,26.973,27.144,143584,0
2014-10-02,27.069,27.766,26.953,27.118,714878,0
2014-10-03,27.069,27.297,25.907,26.058,320569,0
2014-10-06,26.086,26.579,25.897,26.436,156903,0
2014-10-07,26.086,26.323,25.702,25.702,109161,0
2014-10-08,25.654,26.579,25.53,26.539,207562,0
2014-10-09,26.511,26.511,25.834,26.076,176596,0
2014-10-10,25.946,26.284,25.324,25.36,559879,0
2014-10-13,25.342,25.851,25.195,25.426,143758,0
2014-10-14,25.794,26.341,25.564,25.936,118219,0
2014-10-15,25.476,25.861,25.15,25.538,196357,0
2014-10-16,25.125,25.889,25.125,25.654,251484,0
2014-10-17,25.774,26.192,25.512,25.861,285642,0
2014-10-20,26.909,27.733,26.294,26.409,288648,0
2014-10-21,26.654,27.635,26.454,27.509,150159,0
2014-10-22,27.78,27.78,26.869,27.388,273977,0
2014-10-23,27.615,28.105,27.369,27.795,177838,0
2014-10-24,28.595,30.285,27.841,28.37,456176,0
2014-10-27,27.964,28.172,27.509,28.039,189270,0
2014-10-28,28.135,29.348,28.135,29.247,185554,0
2014-10-29,29.33,29.558,28.653,28.85,94883,0
2014-10-30,28.663,29.388,28.644,29.02,76582,0
2014-10-31,29.689,29.917,29.171,29.727,169025,0
2014-11-03,29.68,29.736,29.19,29.323,126195,0
2014-11-04,29.247,29.447,28.954,29.02,93655,0
2014-11-05,29.323,29.671,29.049,29.538,122152,0
2014-11-06,29.809,29.809,29.171,29.538,126602,0
2014-11-07,29.499,29.823,29.33,29.699,123483,0
2014-11-10,29.643,30.038,29.484,29.982,144807,0
2014-11-11,29.936,30.088,29.528,29.841,183429,0
2014-11-12,29.615,30.27,29.484,30.135,1412431,0
2014-11-13,30.217,30.294,29.548,29.643,158571,0
2014-11-14,29.588,29.588,29.153,29.19,91529,0
2014-11-17,29.133,29.18,28.785,28.984,95083,0
2014-11-18,28.936,29.455,28.936,29.086,78335,0
2014-11-19,28.671,29.049,28.039,28.388,190328,0
2014-11-20,28.295,28.775,28.186,28.757,173925,0
2014-11-21,29.266,29.578,29.059,29.33,215346,0
2014-11-24,29.398,29.879,29.19,29.813,167175,0
2014-11-25,29.795,29.982,29.313,29.785,122932,0
2014-11-26,29.86,29.917,29.597,29.804,111198,0
2014-11-28,29.408,29.699,28.824,28.888,120552,0
2014-12-01,28.54,28.794,28.37,28.595,194487,0
2014-12-02,28.691,29.266,28.558,29.143,209018,0
2014-12-03,29.247,30.246,29.19,30.188,382311,0
2014-12-04,30.198,30.473,30.048,30.387,300313,0
2014-12-05,29.717,30.125,29.625,29.851,265247,0
2014-12-08,29.625,29.625,27.824,27.927,1190867,0
2014-12-09,27.567,28.125,27.355,28.095,216335,0
2014-12-10,27.878,28.03,26.859,26.879,187150,0
2014-12-11,27.635,27.635,26.559,26.588,126576,0
2014-12-12,26.2,26.323,25.664,25.72,229394,0
2014-12-15,25.966,26.086,25.568,25.946,360706,0
2014-12-16,25.803,26.628,25.528,25.881,217686,0
2014-12-17,25.897,26.456,25.122,26.42,261973,0
2014-12-18,26.789,27.274,26.523,27.166,190625,0
2014-12-19,27.103,27.204,26.818,26.883,266059,0
2014-12-22,26.673,27.204,26.673,27.025,303142,0
2014-12-23,27.204,27.678,26.992,27.346,190380,0
2014-12-24,27.328,27.706,27.064,27.311,121259,0
2014-12-26,27.405,27.789,27.054,27.663,176359,0
2014-12-29,27.536,27.745,27.284,27.482,119024,0
2014-12-30,27.633,27.663,27.054,27.147,96138,0
2014-12-31,27.224,27.492,26.837,26.893,278505,0
2015-01-02,27.064,27.157,26.496,27.015,197527,0
2015-01-05,26.961,27.044,26.031,26.031,191441,0
2015-01-06,26.059,26.106,25.283,25.434,143459,0
2015-01-07,25.673,25.673,25.178,25.331,153598,0
2015-01-08,25.614,26.306,25.454,25.614,86616,0
2015-01-09,25.584,25.584,24.981,25.008,318131,0
2015-01-12,25.036,25.036,24.117,24.156,333379,0
2015-01-13,24.477,24.752,23.655,24.137,412576,0
2015-01-14,23.777,24.373,23.777,24.212,155879,0
2015-01-15,24.23,24.23,23.406,23.89,190103,0
2015-01-16,23.796,24.25,23.483,23.88,122269,0
2015-01-20,23.86,23.88,23.333,23.655,166239,0
2015-01-21,23.567,23.976,23.378,23.738,145663,0
2015-01-22,23.294,24.051,22.82,23.87,316410,0
2015-01-23,23.806,24.1,23.664,24.005,180574,0
2015-01-26,23.928,24.24,23.728,24.182,119719,0
2015-01-27,21.532,24.175,21.532,24.071,123597,0
2015-01-28,25.256,25.256,23.834,24.041,177762,0
2015-01-29,24.1,24.639,23.826,24.524,191627,0
2015-01-30,24.318,24.82,24.016,24.202,318523,0
2015-02-02,24.346,24.951,24.1,24.903,127192,0
2015-02-03,25.016,26.276,25.016,26.23,363631,0
2015-02-04,26.04,26.131,25.479,25.556,189744,0
2015-02-05,25.614,25.643,25.415,25.538,107993,0
2015-02-06,25.528,25.719,25.396,25.556,144668,0
2015-02-09,25.474,25.966,25.226,25.538,119175,0
2015-02-10,25.783,25.783,25.074,25.556,107587,0
2015-02-11,25.653,25.68,25.283,25.528,57067,0
2015-02-12,25.719,26.343,25.719,26.221,105292,0
2015-02-13,26.523,26.722,26.155,26.382,276936,0
2015-02-17,26.466,26.466,25.936,26.155,90485,0
2015-02-18,26.021,26.296,25.976,26.126,149683,0
2015-02-19,23.446,25.17,23.446,24.829,394450,0
2015-02-20,24.856,24.903,24.346,24.875,143501,0
2015-02-23,24.742,25.084,24.469,25.065,185575,0
2015-02-24,24.999,25.643,24.999,25.341,119913,0
2015-02-25,25.483,25.729,25.235,25.673,114390,0
2015-02-26,25.624,25.917,25.624,25.861,95198,0
2015-02-27,25.738,25.985,25.584,25.861,126337,0
2015-03-02,26.126,26.476,25.748,26.315,135125,0
2015-03-03,26.372,26.542,26.012,26.353,134175,0
2015-03-04,26.276,26.496,26.031,26.165,177985,0
2015-03-05,26.136,26.42,25.283,25.729,366526,0
2015-03-06,25.502,25.976,25.245,25.283,81498,0
2015-03-09,26.012,26.012,25.206,25.51,63340,0
2015-03-10,25.701,25.71,25.103,25.341,98069,0
2015-03-11,25.348,25.52,24.961,25.386,91209,0
2015-03-12,25.614,26.647,25.528,26.609,138397,0
2015-03-13,26.562,26.827,25.604,26.306,146844,0
2015-03-16,26.401,26.505,25.631,25.678,235447,0
2015-03-17,25.507,25.707,25.259,25.499,165023,0
2015-03-18,25.363,25.954,25.307,25.688,269187,0
2015-03-19,25.516,25.791,25.44,25.67,74943,0
2015-03-20,25.735,25.859,25.46,25.543,381131,0
2015-03-23,25.64,25.879,25.563,25.581,292731,0
2015-03-24,25.573,25.879,25.573,25.707,356954,0
2015-03-25,25.811,26.039,25.249,25.307,225565,0
2015-03-26,25.211,25.401,24.575,25.003,156614,0
2015-03-27,25.202,25.268,24.794,25.068,174904,0
2015-03-30,25.268,25.507,25.04,25.337,403938,0
2015-03-31,25.297,26.639,25.165,26.296,241803,0
2015-04-01,26.401,26.886,26.145,26.592,128024,0
2015-04-02,26.675,27.503,26.602,26.924,110052,0
2015-04-06,26.896,27.333,26.896,27.144,168492,0
2015-04-07,27.168,27.665,26.784,26.857,98139,0
2015-04-08,27.144,27.144,26.449,26.583,81776,0
2015-04-09,26.62,26.734,26.105,26.276,71724,0
2015-04-10,26.497,26.543,26.067,26.154,55078,0
2015-04-13,26.096,26.401,25.869,26.182,82195,0
2015-04-14,26.182,26.362,26.125,26.343,70740,0
2015-04-15,26.563,27.117,26.382,26.981,376100,0
2015-04-16,27.047,27.268,26.924,27.117,53945,0
2015-04-17,26.972,26.981,26.449,26.774,127920,0
2015-04-20,26.981,27.324,26.734,26.896,66430,0
2015-04-21,27.127,27.127,26.573,26.694,101138,0
2015-04-22,26.704,27.047,26.449,27.047,64876,0
2015-04-23,27.619,27.619,26.754,26.964,50978,0
2015-04-24,27.077,27.657,26.315,26.382,84607,0
2015-04-27,26.514,26.629,26.135,26.258,193928,0
2015-04-28,26.353,26.896,26.145,26.684,252310,0
2015-04-29,26.592,26.906,26.258,26.315,118459,0
2015-04-30,26.182,26.182,24.984,25.088,268663,0
2015-05-01,24.887,26.353,24.1,26.258,195925,0
2015-05-04,26.221,26.675,26.086,26.145,200760,0
2015-05-05,26.039,26.401,25.811,26.286,159241,0
2015-05-06,26.382,26.524,26.164,26.487,114496,0
2015-05-07,26.13,26.649,26.13,26.449,91318,0
2015-05-08,26.135,26.764,26.135,26.392,69267,0
2015-05-11,26.439,26.774,26.392,26.658,98384,0
2015-05-12,26.61,26.744,26.24,26.694,87896,0
2015-05-13,26.744,26.964,26.487,26.837,37707,0
2015-05-14,27.047,27.669,26.505,27.512,85033,0
2015-05-15,27.591,27.591,25.674,27.496,97221,0
2015-05-18,27.503,27.639,27.371,27.629,91990,0
2015-05-19,27.639,27.83,27.38,27.781,174834,0
2015-05-20,27.791,27.904,27.525,27.81,84274,0
2015-05-21,27.865,28.056,27.722,27.971,77888,0
2015-05-22,27.991,28.074,27.659,27.801,105952,0
2015-05-26,27.702,27.702,26.658,26.784,133696,0
2015-05-27,26.857,26.876,26.449,26.658,175428,0
2015-05-28,26.639,26.639,26.24,26.563,81321,0
2015-05-29,26.505,26.505,26.067,26.164,119825,0
2015-06-01,25.964,26.353,25.925,26.039,97049,0
2015-06-02,25.925,26.457,25.811,26.268,158031,0
2015-06-03,26.514,27.028,26.449,26.734,153251,0
2015-06-04,26.505,26.724,26.353,26.449,134542,0
2015-06-05,26.497,26.791,26.058,26.791,78516,0
2015-06-08,26.583,26.81,26.514,26.524,42150,0
2015-06-09,26.497,26.81,26.439,26.744,68681,0
2015-06-10,26.954,27.448,26.954,27.218,72387,0
2015-06-11,27.333,27.438,26.754,27.208,112311,0
2015-06-12,27.288,27.4,26.791,27.144,45617,0
2015-06-15,26.886,26.886,26.563,26.694,72946,0
2015-06-16,26.649,26.955,26.36,26.714,97021,0
2015-06-17,26.867,27.069,26.801,26.907,60220,0
2015-06-18,27.01,27.777,27.01,27.491,96707,0
2015-06-19,27.481,27.566,26.945,26.945,157241,0
2015-06-22,27.089,27.261,26.714,26.821,120335,0
2015-06-23,26.867,27.138,26.714,26.764,148257,0
2015-06-24,26.714,26.867,26.552,26.811,67432,0
2015-06-25,26.838,26.848,26.438,26.792,55096,0
2015-06-26,26.915,27.309,26.754,26.955,464404,0
2015-06-29,26.811,27.201,25.98,26.054,88866,0
2015-06-30,26.227,26.313,25.844,25.999,100128,0
2015-07-01,26.189,26.428,25.731,25.854,112075,0
2015-07-02,25.901,26.054,25.635,25.75,39623,0
2015-07-06,25.29,25.864,25.29,25.826,98274,0
2015-07-07,25.776,26.016,25.453,25.664,109567,0
2015-07-08,25.482,25.74,24.984,25.194,66911,0
2015-07-09,25.625,25.682,25.242,25.309,123576,0
2015-07-10,25.482,25.547,25.242,25.299,128385,0
2015-07-13,25.184,25.547,25.184,25.463,102875,0
2015-07-14,25.404,25.74,25.319,25.519,158594,0
2015-07-15,25.433,25.557,25.011,25.031,86176,0
2015-07-16,25.184,25.519,25.157,25.519,72452,0
2015-07-17,25.567,25.567,25.011,25.031,60430,0
2015-07-20,25.021,25.031,24.621,24.841,155776,0
2015-07-21,24.794,25.099,24.603,24.907,160273,0
2015-07-22,24.841,24.936,24.686,24.774,217357,0
2015-07-23,24.965,26.083,23.853,24.399,165917,0
2015-07-24,24.316,24.409,23.799,23.911,75692,0
2015-07-27,23.883,24.208,23.819,24.076,93674,0
2015-07-28,24.198,24.198,23.769,23.99,129849,0
2015-07-29,23.863,24.345,23.395,24.188,83742,0
2015-07-30,24.046,24.306,23.97,24.123,82487,0
2015-07-31,24.208,24.361,24.152,24.296,57398,0
2015-08-03,24.276,24.276,23.863,23.902,70490,0
2015-08-04,23.98,23.98,23.577,23.72,66598,0
2015-08-05,23.789,24.113,23.616,23.809,80815,0
2015-08-06,23.902,24.276,23.665,23.97,71914,0
2015-08-07,23.809,24.409,23.809,24.016,68165,0
2015-08-10,24.104,24.639,24.095,24.533,79458,0
2015-08-11,24.198,24.897,24.095,24.389,90967,0
2015-08-12,24.208,24.686,23.749,24.371,99633,0
2015-08-13,24.419,24.955,24.066,24.725,122637,0
2015-08-14,24.603,25.547,24.603,25.319,217146,0
2015-08-17,25.223,25.721,24.822,25.453,102666,0
2015-08-18,25.346,25.537,25.051,25.079,91794,0
2015-08-19,24.917,25.147,24.514,24.927,67015,0
2015-08-20,24.725,25.911,24.371,24.379,69420,0
2015-08-21,24.026,24.543,23.828,24.179,135705,0
2015-08-24,23.587,24.257,22.707,23.492,151039,0
2015-08-25,24.179,24.179,22.957,22.995,137795,0
2015-08-26,23.473,23.502,22.957,23.272,125668,0
2015-08-27,23.366,23.729,23.003,23.587,101727,0
2015-08-28,23.435,23.931,23.435,23.853,103609,0
2015-08-31,23.616,24.152,23.492,23.921,116780,0
2015-09-01,23.482,23.596,22.554,22.755,156403,0
2015-09-02,22.976,22.976,22.305,22.516,181390,0
2015-09-03,22.487,22.841,22.402,22.583,127234,0
2015-09-04,22.278,22.67,22.278,22.507,97753,0
2015-09-08,22.783,23.168,22.574,22.717,172400,0
2015-09-09,22.803,23.138,22.534,22.564,116258,0
2015-09-10,22.534,22.957,22.259,22.841,183786,0
2015-09-11,22.66,23.185,22.66,23.148,134345,0
2015-09-14,23.129,23.548,22.813,22.909,201987,0
2015-09-15,22.889,23.482,22.849,23.463,95974,0
2015-09-16,23.445,24.517,23.445,23.847,176221,0
2015-09-17,23.781,24.421,23.473,23.721,180730,0
2015-09-18,23.347,23.791,23.146,23.3,173423,0
2015-09-21,23.445,23.683,23.183,23.405,168540,0
2015-09-22,23.117,23.712,22.925,23.193,132589,0
2015-09-23,23.271,23.315,22.675,22.722,161904,0
2015-09-24,22.568,23.132,22.086,22.26,248157,0
2015-09-25,22.481,22.568,21.961,21.971,187763,0
2015-09-28,21.837,22.27,21.731,22.155,94697,0
2015-09-29,22.174,22.511,22.067,22.279,80321,0
2015-09-30,22.415,22.568,21.941,22.251,139030,0
2015-10-01,22.251,22.425,21.634,21.837,118456,0
2015-10-02,21.683,22.692,21.52,22.683,152123,0
2015-10-05,22.885,23.666,22.885,23.568,94690,0
2015-10-06,23.568,23.954,23.068,23.309,156903,0
2015-10-07,23.482,24.156,23.482,23.83,179475,0
2015-10-08,23.801,24.926,23.801,24.772,125315,0
2015-10-09,24.896,25.358,24.57,24.676,59021,0
2015-10-12,24.637,24.703,24.271,24.503,52560,0
2015-10-13,24.291,24.609,23.876,23.896,90921,0
2015-10-14,23.856,24.146,23.558,23.588,254265,0
2015-10-15,23.703,24.464,23.202,24.08,87387,0
2015-10-16,24.156,24.782,23.549,23.771,80945,0
2015-10-19,23.627,23.83,23.405,23.453,75982,0
2015-10-20,23.463,24.011,23.309,23.558,141213,0
2015-10-21,23.683,23.983,23.347,23.453,112741,0
2015-10-22,23.558,24.146,23.309,24.011,129264,0
2015-10-23,24.676,25.56,23.791,25.272,234938,0
2015-10-26,25.003,25.311,24.242,24.752,169476,0
2015-10-27,24.647,24.945,24.137,24.858,185164,0
2015-10-28,24.831,25.811,24.831,25.811,237952,0
2015-10-29,25.629,25.917,25.446,25.55,93517,0
2015-10-30,25.55,25.936,25.331,25.466,100895,0
2015-11-02,25.476,25.974,25.368,25.668,258131,0
2015-11-03,25.638,26.273,25.579,26.168,221510,0
2015-11-04,26.254,26.61,26.143,26.601,200568,0
2015-11-05,26.591,27.013,26.225,26.639,100793,0
2015-11-06,26.465,26.879,25.869,26.735,138822,0
2015-11-09,26.725,26.784,26.07,26.119,136572,0
2015-11-10,26.032,26.61,26.032,26.513,92894,0
2015-11-11,26.552,26.629,26.08,26.311,123756,0
2015-11-12,26.051,26.302,25.696,25.754,141627,0
2015-11-13,25.599,26.032,25.426,25.512,100273,0
2015-11-16,25.466,25.966,25.416,25.879,113780,0
2015-11-17,25.936,25.986,25.495,25.589,144745,0
2015-11-18,25.706,26.168,25.609,26.041,108480,0
2015-11-19,26.005,26.139,25.831,26.013,84478,0
2015-11-20,25.986,26.418,25.926,26.282,143601,0
2015-11-23,26.245,26.649,26.176,26.349,83231,0
2015-11-24,26.254,26.784,26.186,26.725,120743,0
2015-11-25,26.715,26.975,26.649,26.869,54345,0
2015-11-27,26.832,27.042,26.695,26.775,24730,0
2015-11-30,26.869,27.295,26.765,26.967,88427,0
2015-12-01,27.023,27.553,26.822,27.295,131118,0
2015-12-02,27.225,27.482,26.755,26.917,68549,0
2015-12-03,27.052,27.052,26.447,26.542,77684,0
2015-12-04,26.532,26.947,26.331,26.85,66398,0
2015-12-07,26.735,26.765,25.946,26.09,99961,0
2015-12-08,25.761,25.94,25.446,25.706,77081,0
2015-12-09,25.658,26.032,25.466,25.522,79283,0
2015-12-10,25.446,25.658,25.252,25.348,77724,0
2015-12-11,24.886,25.476,24.886,25.195,191400,0
2015-12-14,25.243,25.37,24.752,25.167,101013,0
2015-12-15,25.175,25.696,24.55,24.926,141732,0
2015-12-16,24.945,25.235,24.558,25.07,64360,0
2015-12-17,25.022,25.177,24.258,24.287,97831,0
2015-12-18,24.132,24.519,24.006,24.219,249899,0
2015-12-21,24.392,24.548,23.86,24.025,69940,0
2015-12-22,24.015,24.422,23.86,24.189,100602,0
2015-12-23,24.346,24.712,24.277,24.625,117874,0
2015-12-24,24.607,24.886,24.598,24.664,31149,0
2015-12-28,24.607,24.722,24.422,24.607,42325,0
2015-12-29,24.712,25.022,24.48,24.848,49665,0
2015-12-30,24.741,24.975,24.558,24.781,32205,0
2015-12-31,24.741,24.858,24.277,24.277,62854,0
2016-01-04,23.824,24.189,23.696,23.948,76460,0
2016-01-05,23.977,23.977,23.522,23.744,87323,0
2016-01-06,23.347,23.87,23.347,23.754,98822,0
2016-01-07,23.309,23.522,22.99,22.99,87881,0
2016-01-08,23.008,23.155,22.052,22.118,205691,0
2016-01-11,22.195,22.195,21.673,21.877,130873,0
2016-01-12,22.098,22.195,21.382,21.722,188298,0
2016-01-13,21.722,22.209,21.102,21.364,274237,0
2016-01-14,21.48,22.08,21.217,21.712,110783,0
2016-01-15,21.063,21.391,20.559,21.082,94465,0
2016-01-19,21.364,21.49,20.328,20.435,150415,0
2016-01-20,20.183,20.967,19.892,20.957,306687,0
2016-01-21,20.927,21.247,20.638,20.686,228914,0
2016-01-22,21.007,21.346,19.902,21.247,99090,0
2016-01-25,21.035,21.306,20.619,20.657,43835,0
2016-01-26,20.802,21.45,20.802,21.257,128455,0
2016-01-27,21.16,21.354,21.025,21.247,92257,0
2016-01-28,21.247,21.391,20.997,21.247,83440,0
2016-01-29,21.267,21.785,21.141,21.74,204492,0
2016-02-01,21.42,21.887,21.122,21.198,249525,0
2016-02-02,20.987,21.257,20.774,21.17,70890,0
2016-02-03,21.41,21.576,20.841,21.354,124182,0
2016-02-04,21.112,21.91,21.112,21.5,211531,0
2016-02-05,21.41,21.48,20.947,21.007,143444,0
2016-02-08,20.694,21.382,20.4,21.346,102305,0
2016-02-09,21.063,21.354,20.784,21.063,113511,0
2016-02-10,21.15,21.354,20.879,20.907,97958,0
2016-02-11,20.559,21.267,20.559,21.044,200285,0
2016-02-12,21.336,21.401,20.784,21.227,185955,0
2016-02-16,21.45,21.8,20.841,21.277,190860,0
2016-02-17,21.654,23.446,20.704,22.748,460170,0
2016-02-18,22.554,23.067,21.857,22.524,162777,0
2016-02-19,22.457,23.037,22.41,22.844,179907,0
2016-02-22,23.008,23.256,22.923,23.202,161209,0
2016-02-23,23.193,23.329,22.796,22.796,138429,0
2016-02-24,22.534,23.241,22.321,23.077,87388,0
2016-02-25,23.096,23.183,22.681,22.981,69335,0
2016-02-26,23.096,23.668,23.017,23.396,86592,0
2016-02-29,23.396,23.814,23.3,23.532,106167,0
2016-03-01,23.696,24.105,23.474,23.977,102466,0
2016-03-02,23.89,24.238,23.754,24.104,82331,0
2016-03-03,24.094,24.548,24.094,24.228,149995,0
2016-03-04,24.238,24.5,24.025,24.267,90377,0
2016-03-07,24.161,24.781,24.161,24.781,98326,0
2016-03-08,24.674,24.843,24.166,24.297,86727,0
2016-03-09,24.346,24.761,24.132,24.568,78329,0
2016-03-10,24.598,24.664,24.179,24.327,217421,0
2016-03-11,24.548,25.003,24.548,24.984,103194,0
2016-03-14,24.858,25.08,24.683,24.906,99749,0
2016-03-15,24.791,25.11,24.703,24.926,115627,0
2016-03-16,24.838,25.501,24.838,25.315,73521,0
2016-03-17,25.325,26.133,25.325,26.065,112396,0
2016-03-18,26.221,26.532,25.771,26.435,190121,0
2016-03-21,26.453,26.767,26.182,26.61,180713,0
2016-03-22,26.435,26.979,26.387,26.777,91411,0
2016-03-23,26.601,26.824,26.065,26.074,118202,0
2016-03-24,25.978,26.824,25.801,26.562,109878,0
2016-03-28,26.582,26.786,26.197,26.445,69718,0
2016-03-29,26.406,27.223,26.406,27.213,109496,0
2016-03-30,27.263,27.34,26.883,27.009,54614,0
2016-03-31,26.941,27.243,26.903,27.048,65159,0
2016-04-01,26.786,27.389,26.542,27.379,82455,0
2016-04-04,27.427,27.427,26.62,26.62,77326,0
2016-04-05,26.814,26.873,26.367,26.727,85315,0
2016-04-06,26.757,27.164,26.717,27.098,86206,0
2016-04-07,26.903,27.088,26.717,26.893,79277,0
2016-04-08,27.108,27.437,26.951,27.437,88321,0
2016-04-11,27.525,27.769,26.961,26.97,100785,0
2016-04-12,26.97,27.379,26.747,27.068,325031,0
2016-04-13,27.098,27.759,27.098,27.749,116731,0
2016-04-14,27.653,27.866,27.467,27.623,55257,0
2016-04-15,27.487,27.885,27.447,27.633,116393,0
2016-04-18,27.447,27.934,27.427,27.838,82362,0
2016-04-19,27.838,28.333,27.838,28.013,52653,0
2016-04-20,27.983,28.382,27.838,28.079,96799,0
2016-04-21,28.099,28.236,27.663,27.769,27974,0
2016-04-22,27.739,28.159,27.739,27.934,61079,0
2016-04-25,27.779,28.159,27.759,28.032,89529,0
2016-04-26,28.159,28.62,27.709,27.846,203297,0
2016-04-27,27.905,28.411,27.838,28.207,139113,0
2016-04-28,27.973,28.285,27.759,27.769,160953,0
2016-04-29,28.704,29.21,27.653,27.944,201240,0
2016-05-02,28.227,28.889,28.129,28.51,106411,0
2016-05-03,28.323,28.743,27.699,27.828,111114,0
2016-05-04,27.564,27.866,27.098,27.564,192367,0
2016-05-05,27.681,28.032,27.312,27.312,101394,0
2016-05-06,27.128,27.681,27.128,27.653,48754,0
2016-05-09,27.709,28.144,27.173,27.203,58445,0
2016-05-10,27.223,27.719,27.223,27.613,50610,0
2016-05-11,27.623,27.623,27.223,27.233,31044,0
2016-05-12,27.302,27.584,26.79,26.873,96167,0
2016-05-13,26.767,27.009,26.377,26.426,100032,0
2016-05-16,26.387,26.757,26.138,26.406,116556,0
2016-05-17,26.377,26.513,25.928,26.065,129152,0
2016-05-18,25.988,26.108,25.686,25.831,103175,0
2016-05-19,25.627,25.851,25.296,25.344,137390,0
2016-05-20,25.472,25.715,25.325,25.696,68419,0
2016-05-23,25.715,25.919,25.422,25.627,60226,0
2016-05-24,25.754,26.347,25.676,26.25,158910,0
2016-05-25,26.27,26.629,26.172,26.493,75277,0
2016-05-26,26.483,26.61,25.968,26.231,79196,0
2016-05-27,26.278,26.591,25.696,26.532,135799,0
2016-05-31,26.629,26.804,26.152,26.327,82537,0
2016-06-01,26.25,26.727,25.928,26.697,136211,0
2016-06-02,26.658,26.863,26.231,26.804,109073,0
2016-06-03,26.747,27.203,26.542,26.737,54122,0
2016-06-06,26.737,27.477,26.639,27.379,121389,0
2016-06-07,27.379,27.623,27.379,27.584,72359,0
2016-06-08,27.584,28.032,27.506,27.944,83704,0
2016-06-09,27.759,28.236,27.594,27.846,100540,0
2016-06-10,27.535,27.564,27.263,27.35,87575,0
2016-06-13,27.233,27.564,26.931,27.009,132664,0
2016-06-14,26.941,27.303,26.941,27.058,84017,0
2016-06-15,27.137,27.294,26.882,27.019,136504,0
2016-06-16,26.853,27.294,26.284,27.224,113710,0
2016-06-17,27.313,27.616,27.146,27.342,115073,0
2016-06-20,27.666,28.135,27.666,27.753,110547,0
2016-06-21,27.743,28.085,27.322,27.548,91018,0
2016-06-22,27.538,27.713,27.234,27.284,54395,0
2016-06-23,27.607,27.808,27.528,27.646,62302,0
2016-06-24,26.343,27.048,26.197,26.794,344727,0
2016-06-27,26.353,26.368,25.688,25.814,231459,0
2016-06-28,26.039,26.274,25.276,25.463,219843,0
2016-06-29,25.738,25.814,25.227,25.658,228207,0
2016-06-30,25.748,26.432,25.56,26.412,96573,0
2016-07-01,26.373,26.872,26.373,26.735,92330,0
2016-07-05,26.588,26.608,26.108,26.274,69686,0
2016-07-06,26.099,26.579,25.942,26.539,69581,0
2016-07-07,26.588,26.892,26.266,26.52,34029,0
2016-07-08,26.803,27.557,26.803,27.508,82469,0
2016-07-11,27.636,28.155,27.587,28.047,109048,0
2016-07-12,28.203,28.389,28.125,28.242,144775,0
2016-07-13,28.379,28.439,27.91,28.018,86021,0
2016-07-14,28.252,28.399,27.93,27.939,64296,0
2016-07-15,28.105,28.458,27.92,28.185,63110,0
2016-07-18,28.185,28.36,27.968,28.008,55912,0
2016-07-19,27.959,28.145,27.793,27.88,63601,0
2016-07-20,27.9,28.252,27.616,27.93,141067,0
2016-07-21,27.743,28.228,26.979,27.401,190532,0
2016-07-22,27.352,27.753,27.088,27.743,97297,0
2016-07-25,27.703,27.822,27.429,27.763,72846,0
2016-07-26,27.723,28.321,27.723,28.085,110318,0
2016-07-27,28.145,28.292,27.91,28.252,67081,0
2016-07-28,28.242,28.242,27.88,27.968,85243,0
2016-07-29,27.978,27.978,27.528,27.793,87544,0
2016-08-01,27.9,28.233,27.489,27.803,72845,0
2016-08-02,27.822,27.939,27.322,27.322,52403,0
2016-08-03,27.342,27.478,27.224,27.303,48066,0
2016-08-04,27.381,27.812,27.214,27.41,151207,0
2016-08-05,27.626,27.939,27.41,27.703,228183,0
2016-08-08,27.773,27.988,27.703,27.803,73479,0
2016-08-09,27.88,27.998,27.703,27.723,95516,0
2016-08-10,27.812,28.122,27.763,27.998,66253,0
2016-08-11,28.125,28.321,27.93,27.949,119209,0
2016-08-12,27.998,28.095,27.822,28.075,98253,0
2016-08-15,28.175,28.614,28.145,28.33,55750,0
2016-08-16,28.242,28.36,27.91,28.125,75998,0
2016-08-17,28.105,28.321,27.855,27.959,46777,0
2016-08-18,27.998,28.135,27.86,28.047,62483,0
2016-08-19,27.93,28.36,27.86,28.292,60152,0
2016-08-22,28.165,28.292,28.037,28.155,29347,0
2016-08-23,28.223,28.536,28.018,28.468,57544,0
2016-08-24,28.379,28.389,28.095,28.292,51407,0
2016-08-25,28.185,28.34,28.085,28.175,109983,0
2016-08-26,28.203,28.419,27.89,27.93,110798,0
2016-08-29,27.92,28.233,27.92,28.057,29186,0
2016-08-30,28.105,28.175,27.822,27.998,30053,0
2016-08-31,27.87,28.165,27.498,27.607,56508,0
2016-09-01,27.723,27.723,27.244,27.626,62903,0
2016-09-02,27.783,28.175,27.466,28.115,65203,0
2016-09-06,28.165,28.165,27.616,27.743,41997,0
2016-09-07,27.666,28.135,27.469,28.008,202965,0
2016-09-08,27.978,28.095,27.841,27.998,52315,0
2016-09-09,27.773,27.773,26.818,26.823,86232,0
2016-09-12,26.618,27.174,26.618,27.155,63937,0
2016-09-13,26.911,27.174,26.274,26.353,132594,0
2016-09-14,26.373,26.393,26.099,26.187,83757,0
2016-09-15,26.197,26.472,25.832,26.443,41842,0
2016-09-16,26.472,26.64,26.147,26.266,111512,0
2016-09-19,26.364,26.748,26.364,26.63,53258,0
2016-09-20,26.837,26.857,26.512,26.659,44630,0
2016-09-21,26.778,26.924,26.531,26.866,47883,0
2016-09-22,27.133,27.555,27.043,27.546,69466,0
2016-09-23,27.486,27.624,27.349,27.388,117233,0
2016-09-26,27.17,27.624,27.115,27.466,104413,0
2016-09-27,27.359,27.915,27.083,27.831,81078,0
2016-09-28,27.782,28.412,27.712,28.392,77151,0
2016-09-29,28.186,28.412,27.959,27.968,28717,0
2016-09-30,28.176,28.628,28.086,28.52,106755,0
2016-10-03,28.294,28.766,28.235,28.747,92738,0
2016-10-04,28.707,28.914,28.588,28.864,97854,0
2016-10-05,29.042,29.484,28.747,29.16,107973,0
2016-10-06,29.002,29.484,28.648,29.406,87926,0
2016-10-07,29.356,29.356,28.934,28.993,111902,0
2016-10-10,29.12,29.323,28.894,28.934,31512,0
2016-10-11,28.844,29.514,28.451,28.648,69074,0
2016-10-12,28.598,29.1,28.441,28.924,52140,0
2016-10-13,28.608,29.455,28.342,28.451,56418,0
2016-10-14,28.648,28.864,28.392,28.412,53990,0
2016-10-17,28.402,28.697,28.303,28.451,48633,0
2016-10-18,28.747,28.747,28.303,28.549,37110,0
2016-10-19,28.598,29.534,28.352,28.747,36541,0
2016-10-20,28.598,28.697,27.664,27.762,160172,0
2016-10-21,27.811,29.534,26.924,28.598,183529,0
2016-10-24,29.534,29.534,28.795,29.19,222379,0
2016-10-25,29.09,29.338,28.549,28.648,249696,0
2016-10-26,28.501,29.19,28.501,28.747,71594,0
2016-10-27,28.795,29.09,28.402,28.747,101155,0
2016-10-28,28.697,29.19,28.501,28.894,83885,0
2016-10-31,28.844,29.09,28.549,29.042,95833,0
2016-11-01,29.042,29.484,28.549,28.747,80722,0
2016-11-02,28.648,29.09,28.648,28.747,65380,0
2016-11-03,28.697,28.965,28.501,28.747,90084,0
2016-11-04,28.697,29.386,28.451,28.944,103144,0
2016-11-07,29.534,29.534,29.09,29.288,161753,0
2016-11-08,29.288,30.322,28.993,30.125,180856,0
2016-11-09,29.78,32.487,29.78,32.241,298262,0
2016-11-10,32.192,33.471,31.996,32.684,277379,0
2016-11-11,32.684,34.161,32.586,33.964,295679,0
2016-11-14,34.26,34.752,33.718,34.211,257127,0
2016-11-15,34.307,34.801,34.062,34.555,135627,0
2016-11-16,34.407,34.849,34.161,34.752,126663,0
2016-11-17,35.047,35.293,34.357,34.457,211777,0
2016-11-18,34.555,34.998,34.161,34.357,168523,0
2016-11-21,34.653,34.703,34.26,34.457,100500,0
2016-11-22,34.603,34.849,34.285,34.849,136483,0
2016-11-23,34.555,34.949,34.555,34.899,112819,0
2016-11-25,34.949,35.022,33.669,34.899,71255,0
2016-11-28,34.849,34.849,34.407,34.506,75231,0
2016-11-29,34.407,34.603,33.816,33.865,98712,0
2016-11-30,34.062,34.703,33.792,34.457,237194,0
2016-12-01,34.407,35.096,34.014,34.825,160534,0
2016-12-02,34.801,35.145,34.703,34.899,115692,0
2016-12-05,35.243,35.884,35.243,35.835,148535,0
2016-12-06,36.081,36.867,35.49,36.771,192893,0
2016-12-07,36.621,39.231,36.475,38.296,352516,0
2016-12-08,38.296,38.837,37.755,38.788,148480,0
2016-12-09,38.984,39.181,38.394,39.181,185336,0
2016-12-12,39.034,39.084,37.951,38.296,237866,0
2016-12-13,38.296,38.296,34.407,34.849,552632,0
2016-12-14,34.653,34.949,34.307,34.653,252511,0
2016-12-15,34.603,35.691,34.406,35.543,248110,0
2016-12-16,35.741,37.174,35.543,36.63,592892,0
2016-12-19,36.63,38.312,36.63,37.57,520147,0
2016-12-20,37.817,38.361,36.581,36.63,418015,0
2016-12-21,36.73,37.174,36.581,37.174,127449,0
2016-12-22,37.075,37.371,36.828,36.877,102377,0
2016-12-23,36.828,37.174,36.136,37.027,125053,0
2016-12-27,37.075,37.371,36.73,37.027,77632,0
2016-12-28,37.075,37.075,36.334,36.334,66937,0
2016-12-29,36.383,36.952,36.383,36.877,94535,0
2016-12-30,36.877,36.877,36.186,36.483,121006,0
2017-01-03,37.124,37.371,36.779,37.224,177970,0
2017-01-04,37.224,37.668,37.027,37.274,108589,0
2017-01-05,37.124,37.496,36.581,36.73,112968,0
2017-01-06,36.877,36.877,36.136,36.284,93405,0
2017-01-09,36.087,36.186,35.543,35.543,85645,0
2017-01-10,35.592,36.63,35.592,36.531,80530,0
2017-01-11,36.483,37.323,36.433,37.027,142361,0
2017-01-12,36.927,36.977,35.988,36.779,92381,0
2017-01-13,36.927,37.421,36.927,37.224,94597,0
2017-01-17,37.075,37.075,36.284,36.433,109297,0
2017-01-18,36.581,37.075,36.136,36.779,114191,0
2017-01-19,36.877,37.027,36.581,36.877,76873,0
2017-01-20,36.927,37.421,36.433,37.274,143821,0
2017-01-23,37.274,37.371,36.828,37.224,109905,0
2017-01-24,37.323,37.817,36.877,37.57,101305,0
2017-01-25,37.867,38.212,37.817,37.867,85032,0
2017-01-26,37.768,38.064,37.323,37.471,66369,0
2017-01-27,37.421,37.965,37.371,37.867,71812,0
2017-01-30,37.521,37.521,36.63,37.027,94050,0
2017-01-31,37.027,37.124,36.087,36.877,137886,0
2017-02-01,37.124,37.619,36.73,37.075,69489,0
2017-02-02,37.075,37.323,36.531,36.977,72777,0
2017-02-03,37.174,37.619,37.075,37.57,50839,0
2017-02-06,37.521,37.768,37.274,37.521,134850,0
2017-02-07,37.471,37.817,37.471,37.718,126800,0
2017-02-08,37.421,37.915,36.977,37.915,154648,0
2017-02-09,37.867,38.806,37.768,38.509,145510,0
2017-02-10,38.657,39.597,38.534,39.547,141909,0
2017-02-13,39.745,39.795,39.3,39.399,154851,0
2017-02-14,39.448,39.844,39.053,39.795,112934,0
2017-02-15,39.498,40.189,34.802,39.448,196488,0
2017-02-16,39.399,39.498,38.756,39.498,188314,0
2017-02-17,39.3,39.646,39.003,39.3,147606,0
2017-02-21,39.399,39.547,39.201,39.399,150216,0
2017-02-22,39.3,39.695,38.954,39.349,124674,0
2017-02-23,39.3,39.646,38.162,38.41,119641,0
2017-02-24,37.915,38.954,37.915,38.806,90885,0
2017-02-27,46.369,46.369,39.251,40.536,335972,0
2017-02-28,40.436,40.436,38.361,38.459,187527,0
2017-03-01,38.954,39.942,38.361,39.893,159851,0
2017-03-02,39.745,40.486,39.498,40.14,191538,0
2017-03-03,39.992,40.339,38.904,40.042,183090,0
2017-03-06,39.646,39.942,39.275,39.893,145591,0
2017-03-07,39.893,40.858,39.498,39.498,121006,0
2017-03-08,39.597,39.695,38.41,38.459,104118,0
2017-03-09,38.509,38.756,37.619,37.867,81168,0
2017-03-10,38.162,38.459,37.768,38.162,143838,0
2017-03-13,38.361,38.657,37.768,38.064,123069,0
2017-03-14,37.817,38.41,37.372,38.262,177488,0
2017-03-15,38.411,39.105,38.312,38.907,156502,0
2017-03-16,39.056,39.453,38.262,38.411,112703,0
2017-03-17,38.312,38.82,38.014,38.659,296193,0
2017-03-20,38.56,38.609,37.815,38.014,138388,0
2017-03-21,38.162,38.361,37.17,37.418,130231,0
2017-03-22,37.368,37.766,36.624,36.822,123037,0
2017-03-23,36.822,37.368,36.426,37.368,101677,0
2017-03-24,37.368,37.666,36.872,37.12,101461,0
2017-03-27,36.524,37.22,36.227,37.022,114889,0
2017-03-28,36.872,37.12,36.326,36.574,211824,0
2017-03-29,36.524,37.468,36.524,37.368,81256,0
2017-03-30,37.368,38.56,37.368,38.46,161204,0
2017-03-31,38.411,38.857,38.063,38.659,157698,0
2017-04-03,38.659,38.907,37.567,37.815,105740,0
2017-04-04,37.716,38.113,37.567,37.815,63734,0
2017-04-05,38.014,38.361,36.947,37.12,122531,0
2017-04-06,37.07,37.616,37.022,37.418,94805,0
2017-04-07,37.27,37.666,37.27,37.567,69270,0
2017-04-10,37.567,37.964,37.319,37.368,47314,0
2017-04-11,37.22,38.312,36.822,38.262,66616,0
2017-04-12,38.113,38.113,37.022,37.368,87947,0
2017-04-13,37.27,37.468,36.227,36.476,135575,0
2017-04-17,36.574,37.022,36.524,36.972,59540,0
2017-04-18,36.872,37.22,36.624,37.12,65460,0
2017-04-19,37.27,37.518,36.724,36.822,65638,0
2017-04-20,37.022,37.964,37.022,37.914,67153,0
2017-04-21,37.766,37.964,37.22,37.518,79850,0
2017-04-24,38.212,38.758,38.162,38.659,93685,0
2017-04-25,38.808,39.503,38.659,38.758,97071,0
2017-04-26,39.056,39.701,38.808,39.403,146241,0
2017-04-27,39.651,39.801,39.006,39.701,134951,0
2017-04-28,40.743,43.87,40.272,43.82,335315,0
2017-05-01,44.118,44.689,43.026,43.274,369445,0
2017-05-02,43.423,43.572,41.438,43.076,241037,0
2017-05-03,42.678,43.572,42.381,42.927,252516,0
2017-05-04,43.125,43.125,42.033,42.282,124095,0
2017-05-05,42.48,42.976,42.182,42.976,140685,0
2017-05-08,42.877,42.927,41.389,42.381,107803,0
2017-05-09,42.381,42.678,41.735,42.331,134550,0
2017-05-10,42.282,42.628,41.885,42.331,79201,0
2017-05-11,42.133,42.232,41.389,41.934,93421,0
2017-05-12,41.835,41.885,41.339,41.389,71205,0
2017-05-15,41.537,41.959,41.487,41.835,97624,0
2017-05-16,41.984,42.083,41.637,41.984,66594,0
2017-05-17,41.289,41.637,41.091,41.289,122483,0
2017-05-18,41.091,41.189,40.643,40.941,80350,0
2017-05-19,41.239,42.232,40.991,42.133,142109,0
2017-05-22,42.282,42.998,41.487,42.033,78350,0
2017-05-23,42.182,42.43,41.537,42.282,69044,0
2017-05-24,42.282,42.654,41.389,41.487,83591,0
2017-05-25,41.835,42.133,41.389,42.033,87036,0
2017-05-26,41.885,42.002,41.487,41.537,62276,0
2017-05-30,41.389,41.735,41.091,41.438,84481,0
2017-05-31,41.587,42.877,41.091,42.852,147206,0
2017-06-01,43.076,43.622,42.629,43.374,158829,0
2017-06-02,43.522,43.87,43.274,43.374,158229,0
2017-06-05,43.423,43.472,42.282,42.282,71683,0
2017-06-06,42.033,42.182,41.686,42.083,94506,0
2017-06-07,42.083,42.182,41.587,41.785,90893,0
2017-06-08,41.835,42.927,41.537,42.877,167027,0
2017-06-09,42.927,44.169,42.629,43.572,180590,0
2017-06-12,43.522,44.068,42.927,43.224,130667,0
2017-06-13,43.274,43.87,43.076,43.572,181808,0
2017-06-14,43.642,43.741,42.247,42.595,98738,0
2017-06-15,42.197,43.044,42.197,42.994,64965,0
2017-06-16,42.695,43.243,42.346,42.396,260739,0
2017-06-19,42.695,43.392,42.296,42.446,145432,0
2017-06-20,42.296,42.296,41.25,41.3,137447,0
2017-06-21,41.35,41.35,39.706,39.756,147113,0
2017-06-22,39.706,39.955,39.058,39.706,148241,0
2017-06-23,39.706,40.354,39.381,40.104,534179,0
2017-06-26,40.055,40.179,39.307,39.756,87120,0
2017-06-27,39.806,39.955,39.096,39.357,194891,0
2017-06-28,39.556,39.905,39.307,39.756,161305,0
2017-06-29,39.756,39.756,38.809,39.257,94958,0
2017-06-30,39.407,39.855,39.257,39.656,283257,0
2017-07-03,39.806,40.154,39.556,39.756,112369,0
2017-07-05,39.706,39.855,38.909,39.606,186796,0
2017-07-06,39.307,39.681,38.66,38.66,134829,0
2017-07-07,38.859,39.457,38.708,39.357,108509,0
2017-07-10,39.208,39.855,39.108,39.606,115768,0
2017-07-11,39.656,40.03,39.158,39.457,88520,0
2017-07-12,39.806,40.453,39.706,40.354,114095,0
2017-07-13,40.304,40.304,39.756,40.005,80179,0
2017-07-14,40.005,40.279,39.855,40.055,59124,0
2017-07-17,40.104,40.254,39.556,39.606,128010,0
2017-07-18,39.507,39.806,39.058,39.407,138200,0
2017-07-19,39.357,40.154,39.208,40.104,50938,0
2017-07-20,40.055,40.154,39.606,39.905,56248,0
2017-07-21,40.104,40.104,39.158,39.457,97118,0
2017-07-24,39.507,39.507,38.734,39.457,110372,0
2017-07-25,41.649,43.837,40.752,42.496,345108,0
2017-07-26,42.546,42.795,42.197,42.296,477527,0
2017-07-27,42.446,43.791,42.296,43.094,175701,0
2017-07-28,42.994,44.339,42.994,43.841,236736,0
2017-07-31,44.04,44.688,43.343,44.389,202821,0
2017-08-01,44.638,45.759,44.14,44.638,288618,0
2017-08-02,44.688,45.037,44.14,44.19,137155,0
2017-08-03,44.289,44.538,43.294,43.791,155243,0
2017-08-04,43.841,44.289,43.691,43.99,147837,0
2017-08-07,44.04,44.339,43.592,43.691,129940,0
2017-08-08,43.442,44.289,43.044,44.239,118997,0
2017-08-09,43.99,44.289,43.691,44.19,88750,0
2017-08-10,43.94,44.015,43.592,43.891,125169,0
2017-08-11,43.99,44.165,43.642,43.891,103917,0
2017-08-14,44.389,44.837,44.115,44.738,110366,0
2017-08-15,44.787,44.787,43.94,44.19,67468,0
2017-08-16,44.19,44.837,44.09,44.19,77280,0
2017-08-17,44.09,44.14,43.642,43.691,108750,0
2017-08-18,43.293,43.741,42.944,43.293,202434,0
2017-08-21,43.243,44.513,43.243,44.389,174416,0
2017-08-22,44.389,44.937,44.339,44.787,126594,0
2017-08-23,44.538,44.638,44.14,44.339,167815,0
2017-08-24,44.439,44.862,44.19,44.439,120920,0
2017-08-25,44.638,45.983,44.588,45.933,216857,0
2017-08-28,45.933,46.481,45.485,46.382,221360,0
2017-08-29,45.834,45.834,44.638,45.435,213908,0
2017-08-30,45.435,45.535,45.136,45.46,98020,0
2017-08-31,45.485,46.133,45.286,45.883,115886,0
2017-09-01,45.983,46.033,45.335,45.435,103276,0
2017-09-05,45.435,45.535,44.638,44.987,118369,0
2017-09-06,45.186,45.435,44.787,45.086,145446,0
2017-09-07,45.037,45.435,44.787,45.435,101681,0
2017-09-08,45.335,46.083,45.335,45.933,102216,0
2017-09-11,46.182,46.282,45.684,45.958,165073,0
2017-09-12,46.033,46.257,45.634,46.182,177044,0
2017-09-13,46.182,46.88,46.133,46.581,89429,0
2017-09-14,46.581,46.83,46.133,46.83,101940,0
2017-09-15,46.9,47.6,45.5,47.6,199220,0
2017-09-18,47.7,48.45,47.3,48.45,176064,0
2017-09-19,48.25,48.6,48.125,48.25,230052,0
2017-09-20,48.35,48.4,47.475,47.55,134300,0
2017-09-21,47.55,47.9,47.4,47.7,104216,0
2017-09-22,47.75,47.925,47.5,47.65,222011,0
2017-09-25,47.65,48.0,47.3,47.4,130598,0
2017-09-26,47.55,47.75,46.8,47.35,276541,0
2017-09-27,47.6,48.55,47.3,48.1,244224,0
2017-09-28,48.15,48.6,47.85,48.6,104522,0
2017-09-29,48.65,48.95,48.0,48.1,127959,0
2017-10-02,48.3,49.45,48.3,49.2,250030,0
2017-10-03,49.4,49.6,48.65,48.75,253731,0
2017-10-04,48.95,48.95,45.85,45.9,471205,0
2017-10-05,45.95,46.25,45.2,45.55,375381,0
2017-10-06,45.55,46.45,45.25,46.0,628811,0
2017-10-09,46.2,46.85,45.75,46.75,193603,0
2017-10-10,46.85,47.3,46.65,47.05,134718,0
2017-10-11,47.2,47.2,46.55,46.65,96858,0
2017-10-12,46.6,48.0,46.4,47.9,169250,0
2017-10-13,48.0,48.4,47.9,48.05,165911,0
2017-10-16,48.35,49.0,48.15,48.95,134095,0
2017-10-17,49.0,49.6,48.65,49.1,188178,0
2017-10-18,49.35,50.0,49.0,49.9,340391,0
2017-10-19,49.8,49.8,48.85,49.3,182980,0
2017-10-20,50.0,50.0,46.85,48.35,343085,0
2017-10-23,47.9,48.6,47.8,48.3,302368,0
2017-10-24,48.35,48.95,48.25,48.5,166927,0
2017-10-25,48.55,48.65,47.4,47.9,112721,0
2017-10-26,48.25,48.85,48.0,48.25,102437,0
2017-10-27,48.2,48.6,47.7,48.4,94794,0
2017-10-30,48.05,48.3,47.075,47.65,102553,0
2017-10-31,47.7,48.45,47.55,47.9,182972,0
2017-11-01,48.3,48.4,47.25,47.55,151856,0
2017-11-02,47.75,48.35,47.7,48.15,167476,0
2017-11-03,48.1,48.4,47.65,47.75,101315,0
2017-11-06,47.8,47.9,46.7,46.85,137985,0
2017-11-07,46.75,46.8,46.0,46.0,83142,0
2017-11-08,45.9,46.0,45.25,46.0,124742,0
2017-11-09,45.65,46.25,45.0,46.15,105979,0
2017-11-10,46.1,46.5,45.9,46.45,91648,0
