Date,Open,High,Low,Close,Volume,OpenInt
2014-01-02,12.04,12.04,11.926,11.96,3370,0
2014-01-03,11.99,11.99,11.95,11.95,850,0
2014-01-06,12.15,12.25,11.92,11.92,1900,0
2014-01-07,11.63,12.2,11.35,11.41,3200,0
2014-01-08,11.6,11.76,11.6,11.71,1300,0
2014-01-09,11.43,11.6,11.35,11.51,3400,0
2014-01-10,11.6,11.61,11.46,11.46,1000,0
2014-01-13,11.61,11.79,11.31,11.32,1900,0
2014-01-14,11.37,11.45,11.37,11.43,1300,0
2014-01-15,11.5,11.5,11.37,11.45,1100,0
2014-01-16,11.53,11.98,11.53,11.8,12539,0
2014-01-17,12.0,12.0,11.48,11.56,900,0
2014-01-21,11.73,11.73,11.35,11.35,2400,0
2014-01-22,11.3,11.49,11.26,11.49,2800,0
2014-01-23,11.59,11.77,11.46,11.46,4100,0
2014-01-24,11.47,11.98,11.25,11.51,10500,0
2014-01-27,11.41,11.41,11.31,11.36,1200,0
2014-01-28,11.28,11.56,11.28,11.56,1800,0
2014-01-30,11.62,11.62,11.58,11.58,900,0
2014-01-31,11.32,11.57,11.32,11.57,1700,0
2014-02-03,11.42,11.45,11.25,11.45,10786,0
2014-02-04,11.3,11.41,11.27,11.27,3940,0
2014-02-07,11.63,11.63,11.37,11.55,1068,0
2014-02-10,11.43,11.65,11.261,11.65,1907,0
2014-02-11,11.54,11.65,11.54,11.556,2801,0
2014-02-12,11.16,11.599,11.16,11.56,18416,0
2014-02-13,11.48,11.555,11.44,11.45,6940,0
2014-02-14,11.46,11.6,11.33,11.57,11377,0
2014-02-18,11.58,12.0,11.58,11.95,8922,0
2014-02-19,11.97,11.97,11.65,11.89,1773,0
2014-02-20,11.91,11.99,11.88,11.99,10011,0
2014-02-21,12.0,12.0,12.0,12.0,199,0
2014-02-24,12.0,12.32,12.0,12.01,9640,0
2014-02-25,12.14,12.35,12.14,12.3,2119,0
2014-02-26,12.43,12.43,12.05,12.06,982,0
2014-02-27,12.14,12.42,12.14,12.38,9552,0
2014-02-28,12.44,12.44,12.43,12.43,318,0
2014-03-03,12.11,12.19,12.11,12.19,857,0
2014-03-04,12.1,12.244,12.1,12.244,2258,0
2014-03-05,12.3,12.3,12.3,12.3,800,0
2014-03-06,12.3,12.3,12.12,12.3,2301,0
2014-03-07,12.3,12.45,12.16,12.45,1703,0
2014-03-10,12.309,12.51,12.309,12.51,1791,0
2014-03-11,12.72,12.788,12.45,12.788,1448,0
2014-03-12,12.14,12.14,12.14,12.14,552,0
2014-03-13,12.44,12.94,12.44,12.94,1590,0
2014-03-14,12.66,12.662,12.64,12.662,1898,0
2014-03-17,12.86,12.96,12.86,12.91,1234,0
2014-03-18,12.99,12.99,12.964,12.964,934,0
2014-03-19,12.99,12.99,12.75,12.81,2341,0
2014-03-20,12.79,12.79,12.69,12.69,1107,0
2014-03-24,12.66,12.66,12.12,12.12,11106,0
2014-03-25,12.12,12.12,12.12,12.12,2184,0
2014-03-26,12.1,12.1,12.1,12.1,100,0
2014-03-27,12.4,12.46,12.4,12.46,221,0
2014-03-28,12.15,12.43,12.15,12.43,3082,0
2014-03-31,12.47,12.47,12.05,12.1,2884,0
2014-04-01,12.22,12.29,12.2,12.2,1165,0
2014-04-02,12.025,12.17,12.025,12.17,894,0
2014-04-04,12.0,12.102,11.35,12.05,9871,0
2014-04-07,11.96,11.99,11.65,11.91,7290,0
2014-04-08,11.76,12.19,11.76,12.19,4115,0
2014-04-09,12.01,12.09,11.88,12.04,4522,0
2014-04-10,12.23,12.23,12.23,12.23,355,0
2014-04-11,11.9,12.156,11.9,12.156,692,0
2014-04-14,12.23,12.23,12.03,12.03,329,0
2014-04-15,12.03,12.07,12.03,12.07,2218,0
2014-04-16,12.07,12.07,12.03,12.03,1300,0
2014-04-17,11.87,12.14,11.44,12.14,929,0
2014-04-23,12.22,12.22,11.98,12.01,2390,0
2014-04-24,12.14,12.2,11.88,12.0,2126,0
2014-04-25,12.18,12.18,12.1,12.12,2823,0
2014-04-28,12.05,12.05,12.05,12.05,401,0
2014-04-29,11.77,12.15,11.75,11.98,1240,0
2014-04-30,11.89,12.22,11.89,12.22,1289,0
2014-05-02,11.71,12.19,11.71,12.19,658,0
2014-05-05,12.23,12.23,11.61,12.139,467,0
2014-05-06,11.86,11.86,11.86,11.86,157,0
2014-05-07,12.15,12.15,11.92,11.94,720,0
2014-05-08,12.15,12.15,12.14,12.14,326,0
2014-05-09,11.87,12.0,11.84,11.84,2750,0
2014-05-12,12.0,12.0,11.75,11.75,2209,0
2014-05-13,11.9,11.9,11.9,11.9,369,0
2014-05-14,11.99,12.19,11.63,12.188,4228,0
2014-05-15,11.82,11.886,11.82,11.87,1201,0
2014-05-16,11.87,11.983,11.87,11.983,863,0
2014-05-19,11.931,12.08,11.931,12.08,2462,0
2014-05-20,12.01,12.23,11.73,11.84,30514,0
2014-05-21,11.87,11.87,11.7,11.84,2032,0
2014-05-22,11.75,11.75,11.75,11.75,323,0
2014-05-23,11.77,11.77,11.77,11.77,152,0
2014-05-27,11.64,11.7,11.34,11.45,8419,0
2014-05-28,11.6,11.6,11.6,11.6,100,0
2014-05-29,11.75,11.77,11.75,11.77,726,0
2014-05-30,11.745,11.745,11.65,11.73,1404,0
2014-06-02,11.65,11.762,11.65,11.7,1820,0
2014-06-03,11.6,11.62,11.34,11.5,10970,0
2014-06-04,11.76,11.85,11.76,11.81,6487,0
2014-06-05,11.673,12.21,11.654,12.21,6717,0
2014-06-06,11.94,12.5,11.911,12.41,21652,0
2014-06-09,12.52,12.53,11.82,12.3,7802,0
2014-06-10,12.5,12.5,12.13,12.15,1800,0
2014-06-11,12.151,12.32,12.151,12.31,846,0
2014-06-12,12.48,12.48,12.275,12.275,726,0
2014-06-13,12.218,12.5,12.218,12.35,14760,0
2014-06-16,12.4,12.69,12.4,12.69,5203,0
2014-06-17,12.659,12.75,12.54,12.73,20836,0
2014-06-18,12.62,12.9,12.62,12.8,4579,0
2014-06-19,12.92,12.94,12.69,12.92,18801,0
2014-06-20,12.959,12.96,12.76,12.96,6251,0
2014-06-23,12.85,12.99,12.85,12.96,7352,0
2014-06-24,12.99,13.28,12.99,13.2,2329,0
2014-06-25,13.06,13.08,12.66,12.68,18157,0
2014-06-26,13.24,13.24,12.81,13.059,3366,0
2014-06-27,12.833,13.28,12.754,12.78,5316,0
2014-06-30,12.86,13.3,12.85,13.0,1436,0
2014-07-01,12.77,13.155,12.75,13.155,822,0
2014-07-02,13.0,13.08,12.6,12.86,16700,0
2014-07-03,13.05,13.06,12.85,12.951,5813,0
2014-07-07,12.5,13.11,12.36,12.7,18495,0
2014-07-08,12.9,12.98,12.38,12.5,13025,0
2014-07-09,12.2,12.99,11.85,12.58,7148,0
2014-07-10,11.855,12.8,11.855,12.25,7538,0
2014-07-11,12.47,12.6,12.0,12.168,4044,0
2014-07-14,12.45,12.89,12.218,12.218,4372,0
2014-07-15,12.55,12.98,12.22,12.74,10537,0
2014-07-16,12.72,12.72,12.35,12.37,4783,0
2014-07-17,12.266,12.51,12.266,12.51,2433,0
2014-07-18,12.47,12.7,12.39,12.53,29041,0
2014-07-21,12.59,12.59,12.31,12.32,690,0
2014-07-22,12.54,12.54,12.54,12.54,501,0
2014-07-23,12.53,12.53,11.87,12.22,30215,0
2014-07-24,12.0,12.2,12.0,12.19,5157,0
2014-07-25,12.21,12.21,11.6,11.876,37061,0
2014-07-28,11.75,12.23,11.75,11.82,13014,0
2014-07-29,11.86,11.91,11.75,11.75,5068,0
2014-07-30,11.77,11.94,11.75,11.94,1791,0
2014-07-31,11.7,11.7,10.9,11.58,16404,0
2014-08-01,11.55,11.59,11.39,11.52,3240,0
2014-08-04,11.49,12.2,11.35,11.66,19554,0
2014-08-05,11.3,11.92,11.27,11.31,30965,0
2014-08-06,11.35,11.89,11.3,11.73,26405,0
2014-08-07,11.87,11.9,11.39,11.63,25020,0
2014-08-08,11.42,12.09,11.35,11.64,32775,0
2014-08-11,11.54,11.71,11.32,11.53,45778,0
2014-08-12,11.64,11.85,11.4,11.4,26483,0
2014-08-13,11.59,11.7,11.1,11.25,23049,0
2014-08-14,11.36,11.54,11.27,11.29,11206,0
2014-08-15,11.34,11.36,10.68,11.02,14886,0
2014-08-18,11.02,11.56,10.68,10.81,40017,0
2014-08-19,10.725,11.15,10.725,11.041,15785,0
2014-08-20,11.04,11.17,10.81,10.92,3880,0
2014-08-21,11.22,11.22,10.85,11.13,6660,0
2014-08-22,11.19,11.27,11.055,11.255,14392,0
2014-08-25,11.35,11.6,11.08,11.09,59926,0
2014-08-26,11.12,11.39,11.12,11.16,6283,0
2014-08-27,11.29,11.6,11.24,11.47,16765,0
2014-08-28,11.48,11.96,11.48,11.55,9291,0
2014-08-29,11.55,11.84,11.55,11.61,4269,0
2014-09-02,11.61,11.88,11.6,11.78,6575,0
2014-09-03,11.91,11.98,11.88,11.88,1562,0
2014-09-04,11.83,11.93,11.54,11.7,5765,0
2014-09-05,11.8,11.9,11.75,11.751,6246,0
2014-09-08,11.56,11.68,11.5,11.53,6115,0
2014-09-09,11.54,12.01,11.53,12.005,10977,0
2014-09-10,11.81,12.76,11.81,12.01,8463,0
2014-09-11,11.94,12.5,11.85,12.05,19700,0
2014-09-12,12.23,12.96,11.93,12.33,19386,0
2014-09-15,12.0,12.96,12.0,12.5,18228,0
2014-09-16,12.36,12.9,12.01,12.4,13409,0
2014-09-17,12.26,12.7,12.1,12.61,15076,0
2014-09-18,12.68,12.97,12.41,12.69,14768,0
2014-09-19,12.87,13.0,12.72,13.0,19178,0
2014-09-22,13.09,13.2,12.95,12.96,7546,0
2014-09-23,13.21,13.22,12.95,12.95,7397,0
2014-09-24,12.98,13.21,12.98,12.98,353,0
2014-09-25,12.71,13.206,12.71,12.96,3192,0
2014-09-26,12.89,13.17,12.84,13.04,6182,0
2014-09-29,12.87,13.05,12.8,13.05,2267,0
2014-09-30,13.21,13.22,12.71,13.02,7223,0
2014-10-01,12.92,13.16,12.9,12.9,4617,0
2014-10-02,12.89,12.9,12.81,12.81,2579,0
2014-10-03,12.86,13.2,12.79,13.19,2601,0
2014-10-06,13.09,13.09,12.81,12.99,23597,0
2014-10-07,13.02,13.04,12.92,13.0,7743,0
2014-10-08,13.09,13.09,12.76,12.9,8521,0
2014-10-09,12.91,12.93,12.7,12.85,5850,0
2014-10-10,12.72,12.9,12.32,12.85,12639,0
2014-10-13,12.95,12.95,12.29,12.51,25360,0
2014-10-14,12.6,12.78,12.58,12.76,4404,0
2014-10-15,12.51,12.57,12.255,12.57,2729,0
2014-10-16,12.17,13.1,12.17,12.71,14452,0
2014-10-17,13.07,13.09,12.71,12.92,4083,0
2014-10-20,12.88,13.04,12.56,12.81,12928,0
2014-10-21,12.86,13.1,12.86,13.03,7438,0
2014-10-22,12.96,13.0,12.8,12.93,3118,0
2014-10-23,12.8,13.1,12.8,13.0,6564,0
2014-10-24,13.09,13.099,12.89,12.99,4130,0
2014-10-27,12.9,13.01,12.671,12.73,3550,0
2014-10-28,12.67,13.0,12.66,12.98,18261,0
2014-10-29,12.99,13.1,12.95,12.97,7102,0
2014-10-30,13.01,13.08,12.91,13.01,2932,0
2014-10-31,13.23,13.62,13.16,13.4,13231,0
2014-11-03,13.4,13.67,13.28,13.67,6020,0
2014-11-04,13.68,13.85,13.31,13.31,10281,0
2014-11-05,13.44,13.85,13.4,13.71,3009,0
2014-11-06,13.67,13.98,13.3,13.5,5246,0
2014-11-07,14.2,15.18,14.2,14.72,22379,0
2014-11-10,14.87,16.34,14.63,15.66,48661,0
2014-11-11,16.0,16.157,15.66,15.97,13482,0
2014-11-12,15.78,15.93,14.99,15.54,24076,0
2014-11-13,15.01,15.56,14.96,15.51,9665,0
2014-11-14,15.87,16.12,15.63,16.09,24499,0
2014-11-17,16.32,16.46,16.131,16.32,13380,0
2014-11-18,16.46,16.65,16.36,16.5,17840,0
2014-11-19,16.64,16.64,16.2,16.33,14723,0
2014-11-20,16.31,16.6,16.31,16.51,9419,0
2014-11-21,16.57,16.57,16.168,16.51,4449,0
2014-11-24,16.541,16.56,16.459,16.56,5472,0
2014-11-25,16.49,16.55,16.45,16.53,2833,0
2014-11-26,16.55,16.55,16.34,16.39,6402,0
2014-11-28,16.41,16.65,16.41,16.593,4161,0
2014-12-01,16.65,16.65,16.14,16.48,11887,0
2014-12-02,16.62,17.98,16.51,17.855,38151,0
2014-12-03,17.85,18.4,17.51,18.1,12683,0
2014-12-04,18.11,19.483,18.11,18.4,26840,0
2014-12-05,19.19,20.58,18.43,20.02,25107,0
2014-12-08,20.49,20.49,19.26,20.02,66607,0
2014-12-09,20.49,20.49,19.764,19.81,16308,0
2014-12-10,19.9,22.0,19.9,21.67,131038,0
2014-12-11,21.93,22.34,19.939,22.31,44223,0
2014-12-12,22.47,23.48,21.52,23.16,55532,0
2014-12-15,23.33,26.77,23.17,26.77,328476,0
2014-12-16,27.14,27.34,26.01,26.78,97900,0
2014-12-17,26.64,27.197,26.05,27.12,50069,0
2014-12-18,27.15,27.25,26.13,26.84,22427,0
2014-12-19,26.66,26.74,22.25,22.25,72355,0
2014-12-22,21.85,24.49,21.83,23.65,25494,0
2014-12-23,23.48,25.74,22.68,24.14,50102,0
2014-12-24,24.46,24.46,23.51,24.17,2513,0
2014-12-26,24.39,24.5,23.0,24.33,7469,0
2014-12-29,24.55,25.77,24.33,25.31,17808,0
2014-12-30,25.74,25.92,25.04,25.78,10119,0
2014-12-31,25.95,26.5,25.5,25.57,14527,0
2015-01-02,25.89,26.14,24.9,25.65,14959,0
2015-01-05,25.03,25.48,24.34,24.42,32007,0
2015-01-06,24.79,24.79,23.51,23.72,10862,0
2015-01-07,23.9,24.02,22.3,22.99,10986,0
2015-01-08,22.41,22.788,20.0,21.65,37499,0
2015-01-09,21.75,22.788,21.58,22.51,18095,0
2015-01-12,22.81,23.15,22.37,22.62,9291,0
2015-01-13,22.01,23.239,20.81,21.47,16875,0
2015-01-14,20.22,21.35,20.05,20.84,32018,0
2015-01-15,20.6,21.35,20.53,21.27,7820,0
2015-01-16,21.03,21.55,20.8,21.48,8700,0
2015-01-20,21.347,21.97,20.02,20.21,14294,0
2015-01-21,20.78,20.8,20.49,20.77,4628,0
2015-01-22,20.76,20.77,20.33,20.695,9310,0
2015-01-23,20.55,20.75,18.5,19.81,18266,0
2015-01-26,18.3,19.1,18.237,18.99,19506,0
2015-01-27,18.61,20.0,18.61,19.49,10872,0
2015-01-28,19.97,20.2,19.7,19.7,21036,0
2015-01-29,19.96,20.0,19.76,19.95,6292,0
2015-01-30,19.95,21.009,19.85,20.31,9557,0
2015-02-02,20.36,21.0,20.1,21.0,11211,0
2015-02-03,21.9,22.48,19.95,20.7,57839,0
2015-02-04,20.19,20.58,16.91,18.31,59069,0
2015-02-05,18.02,18.23,17.71,17.93,12433,0
2015-02-06,18.06,18.06,17.0,17.37,14299,0
2015-02-09,17.69,18.05,17.5,17.52,7546,0
2015-02-10,17.79,19.15,17.72,19.15,2147,0
2015-02-11,19.1,19.18,18.72,19.08,6422,0
2015-02-12,19.0,19.4,18.66,19.06,15692,0
2015-02-13,18.84,19.45,18.5,19.45,10162,0
2015-02-17,19.5,19.7,19.271,19.59,7410,0
2015-02-18,19.5,19.88,19.5,19.88,3451,0
2015-02-19,19.6,19.83,19.5,19.65,7264,0
2015-02-20,19.5,19.81,19.5,19.81,7134,0
2015-02-23,19.58,19.95,19.52,19.66,8579,0
2015-02-24,19.75,20.0,19.57,20.0,7499,0
2015-02-25,19.985,20.0,19.393,19.81,9473,0
2015-02-26,19.89,20.0,19.58,19.84,7190,0
2015-02-27,19.86,19.98,19.83,19.84,1206,0
2015-03-02,19.68,19.93,19.66,19.79,8000,0
2015-03-03,19.8,20.12,19.8,20.12,7100,0
2015-03-04,20.22,20.78,19.65,20.11,15100,0
2015-03-05,19.68,20.09,19.21,19.63,16600,0
2015-03-06,19.76,19.97,19.57,19.63,11600,0
2015-03-09,19.6,20.1,19.52,19.82,16700,0
2015-03-10,19.85,20.22,19.85,20.11,9700,0
2015-03-11,20.5,20.82,20.36,20.59,2700,0
2015-03-12,20.91,21.62,20.5,21.48,6300,0
2015-03-13,21.67,22.23,21.67,22.13,2800,0
2015-03-16,22.28,24.88,22.28,23.96,18300,0
2015-03-17,23.75,24.54,21.96,22.55,24000,0
2015-03-18,22.87,23.0,21.89,22.85,6600,0
2015-03-19,22.92,24.73,22.32,24.13,13700,0
2015-03-20,24.08,24.52,23.28,23.28,7000,0
2015-03-23,24.69,24.69,23.52,24.49,8100,0
2015-03-24,24.6,24.9,24.6,24.61,6100,0
2015-03-25,24.75,24.75,23.75,23.75,7500,0
2015-03-26,24.15,24.25,23.5,23.55,1600,0
2015-03-27,24.22,24.89,23.53,24.65,6600,0
2015-03-30,25.0,25.0,24.49,24.49,6200,0
2015-03-31,24.75,24.75,24.25,24.6,1646,0
2015-04-01,23.06,24.93,23.03,24.45,1500,0
2015-04-02,23.92,24.33,23.92,24.33,5600,0
2015-04-06,23.86,24.38,23.56,23.56,1100,0
2015-04-07,24.44,24.44,23.91,24.34,914,0
2015-04-08,24.4,24.45,24.31,24.45,2000,0
2015-04-09,24.45,24.45,24.15,24.15,502,0
2015-04-10,23.56,23.56,23.07,23.46,4900,0
2015-04-13,23.74,24.34,23.12,23.54,5500,0
2015-04-14,23.11,23.25,23.11,23.25,800,0
2015-04-15,23.14,23.96,22.8,22.84,9820,0
2015-04-16,23.0,23.48,22.63,22.63,7023,0
2015-04-17,22.58,23.68,22.54,22.8,3000,0
2015-04-20,22.83,22.86,22.32,22.5,2800,0
2015-04-21,22.16,22.56,21.91,22.24,7699,0
2015-04-22,20.94,21.94,20.82,21.6,1917,0
2015-04-23,21.6,22.2,21.6,21.82,2200,0
2015-04-24,21.82,22.33,21.07,22.33,2264,0
2015-04-27,22.24,22.24,18.85,20.04,18400,0
2015-04-28,19.99,20.0,19.6,19.99,3761,0
2015-04-29,20.03,20.78,19.85,20.45,4200,0
2015-04-30,20.7,20.7,20.04,20.04,3200,0
2015-05-01,20.21,20.59,20.02,20.3,5200,0
2015-05-04,20.16,20.75,19.92,20.44,4000,0
2015-05-05,20.5,20.97,20.1,20.4,7900,0
2015-05-06,20.4,20.4,19.7,19.82,10062,0
2015-05-07,20.02,20.45,19.876,19.88,6164,0
2015-05-08,19.85,20.27,19.81,20.02,2100,0
2015-05-11,20.0,20.3,19.59,19.59,4300,0
2015-05-12,19.7,19.7,19.45,19.515,842,0
2015-05-13,19.48,19.523,19.28,19.28,2597,0
2015-05-14,19.28,20.4,19.18,19.93,4400,0
2015-05-15,20.19,20.19,19.25,19.41,6256,0
2015-05-18,20.397,20.5,19.61,19.61,2028,0
2015-05-19,19.95,20.28,19.9,20.06,1455,0
2015-05-20,20.07,20.5,20.07,20.21,2346,0
2015-05-21,20.88,21.67,20.15,20.38,4900,0
2015-05-22,20.23,20.23,20.15,20.15,400,0
2015-05-26,20.11,20.11,19.61,20.0,2861,0
2015-05-27,19.72,19.96,19.2,19.4,6600,0
2015-05-28,19.4,19.4,19.09,19.09,1359,0
2015-05-29,19.84,19.88,19.09,19.67,2900,0
2015-06-01,19.18,20.9,19.18,19.59,4511,0
2015-06-02,19.5,19.67,19.5,19.65,2521,0
2015-06-03,19.9,20.38,19.6,19.7,2300,0
2015-06-04,20.83,20.83,19.77,19.77,400,0
2015-06-05,19.62,19.96,19.62,19.88,1100,0
2015-06-08,19.09,19.56,18.42,18.85,13300,0
2015-06-09,18.66,19.58,18.65,19.33,7716,0
2015-06-10,19.69,19.69,19.1,19.1,2136,0
2015-06-11,19.04,19.89,19.0,19.07,4205,0
2015-06-12,19.44,20.62,19.2,19.9,5500,0
2015-06-15,19.86,19.86,19.26,19.4,10600,0
2015-06-16,19.48,19.9,19.19,19.55,5300,0
2015-06-17,19.5,20.5,19.5,20.0,29200,0
2015-06-18,20.06,20.45,19.99,19.99,2900,0
2015-06-19,19.99,19.99,19.29,19.6,6100,0
2015-06-22,19.65,20.38,19.65,20.16,6900,0
2015-06-23,20.1,20.48,19.68,20.48,11224,0
2015-06-24,20.03,20.23,19.33,19.45,17100,0
2015-06-25,19.48,20.0,19.45,19.71,7400,0
2015-06-26,19.29,20.3,19.02,19.85,3600,0
2015-06-29,18.2,20.66,16.38,20.66,7100,0
2015-06-30,20.38,20.95,20.2,20.95,7436,0
2015-07-01,22.06,28.0,22.06,25.66,55000,0
2015-07-02,25.51,26.0,24.51,25.1,11700,0
2015-07-06,24.6,26.39,24.6,25.5,3400,0
2015-07-07,26.0,26.4,25.55,25.71,8100,0
2015-07-08,25.74,27.37,25.74,26.01,2100,0
2015-07-09,26.05,26.78,25.81,26.78,7200,0
2015-07-10,26.8,27.0,25.86,25.86,2100,0
2015-07-13,26.12,26.37,26.07,26.18,4100,0
2015-07-14,26.18,26.61,26.08,26.08,2062,0
2015-07-15,25.94,27.0,25.86,25.96,2046,0
2015-07-16,25.9,26.43,24.7,24.7,3900,0
2015-07-17,24.81,25.0,24.4,24.92,6400,0
2015-07-20,25.34,25.34,24.05,24.15,1300,0
2015-07-21,24.0,24.0,22.06,23.99,3400,0
2015-07-22,23.92,23.97,23.02,23.02,1000,0
2015-07-24,23.5,23.5,23.02,23.17,1100,0
2015-07-27,23.0,23.15,23.0,23.0,3100,0
2015-07-28,23.0,23.23,23.0,23.0,9200,0
2015-07-29,23.1,23.1,23.0,23.02,600,0
2015-07-30,22.09,22.5,21.93,22.02,2200,0
2015-07-31,22.38,22.38,22.16,22.16,700,0
2015-08-03,22.16,22.19,21.714,22.15,1126,0
2015-08-04,23.84,23.84,22.99,23.0,700,0
2015-08-05,22.4,23.16,21.96,23.16,7900,0
2015-08-06,22.13,22.75,22.13,22.42,6057,0
2015-08-07,23.11,23.11,22.16,22.16,2500,0
2015-08-10,22.0,22.75,22.0,22.75,5600,0
2015-08-11,22.18,22.25,22.15,22.152,1198,0
2015-08-12,23.14,23.14,23.14,23.14,100,0
2015-08-13,23.16,23.16,23.16,23.16,100,0
2015-08-14,22.13,22.13,22.13,22.13,500,0
2015-08-17,22.17,23.25,22.1,22.18,2000,0
2015-08-18,22.18,23.25,22.0,23.25,1600,0
2015-08-19,21.9,23.0,21.9,22.74,2000,0
2015-08-20,22.7,22.81,22.0,22.81,4100,0
2015-08-21,22.1,22.1,22.1,22.1,200,0
2015-08-24,21.2,22.2,21.04,21.8,2793,0
2015-08-25,21.27,21.92,21.27,21.43,1600,0
2015-08-26,21.12,21.32,21.12,21.32,1000,0
2015-08-27,21.49,21.49,21.49,21.49,600,0
2015-08-28,21.67,22.71,21.67,22.71,400,0
2015-08-31,22.37,22.49,22.35,22.49,900,0
2015-09-01,22.3,22.3,22.3,22.3,400,0
2015-09-02,22.3,22.65,22.3,22.65,1300,0
2015-09-08,22.65,22.71,22.49,22.71,6100,0
2015-09-09,22.97,23.59,22.97,23.45,400,0
2015-09-14,22.15,22.62,22.0,22.05,1300,0
2015-09-15,21.79,21.79,21.75,21.75,600,0
2015-09-16,21.88,21.88,21.88,21.88,100,0
2015-09-17,21.16,23.0,21.02,21.51,456,0
2015-09-18,21.01,21.01,21.01,21.01,600,0
2015-09-21,21.18,21.18,20.98,21.01,400,0
2015-09-22,20.95,20.95,20.82,20.82,500,0
2015-09-23,20.82,20.83,19.651,19.654,2245,0
2015-09-24,19.66,19.66,19.66,19.66,145,0
2015-09-25,20.51,20.59,19.0,19.71,4600,0
2015-09-28,17.64,18.87,17.64,18.47,2906,0
2015-09-29,18.31,18.97,17.5,17.5,5000,0
2015-09-30,17.67,18.0,17.21,17.8,3900,0
2015-10-01,16.66,17.11,16.5,17.11,2100,0
2015-10-02,17.11,17.11,16.49,16.6,700,0
2015-10-05,16.52,17.64,16.52,17.26,6020,0
2015-10-06,17.09,17.8,16.75,17.0,4600,0
2015-10-07,17.75,17.91,16.62,17.51,14414,0
2015-10-09,18.26,19.25,18.26,19.25,4400,0
2015-10-15,19.0,20.47,19.0,20.39,4100,0
2015-10-16,18.55,19.5,17.16,19.5,1000,0
2015-10-19,19.5,19.5,19.5,19.5,914,0
2015-10-20,19.64,20.68,19.3,20.4,21100,0
2015-10-21,19.77,20.81,19.77,20.19,4800,0
2015-10-22,20.49,20.75,20.49,20.7,2900,0
2015-10-23,21.38,21.5,19.4,20.25,1700,0
2015-10-26,21.4,21.48,21.2,21.25,5700,0
2015-10-27,21.86,21.86,20.0,21.51,900,0
2015-10-28,21.79,22.18,21.57,22.18,2200,0
2015-10-29,20.5,22.0,20.0,21.92,600,0
2015-10-30,21.99,21.99,21.51,21.99,2400,0
2015-11-03,22.18,22.49,22.0,22.0,5363,0
2015-11-04,22.0,22.0,22.0,22.0,5453,0
2015-11-05,20.25,21.5,20.25,21.5,2900,0
2015-11-06,23.08,24.41,23.08,24.14,9300,0
2015-11-09,24.12,24.52,23.25,24.25,4341,0
2015-11-10,22.51,25.48,22.51,24.73,10000,0
2015-11-11,25.25,26.1,25.02,26.1,1500,0
2015-11-12,25.69,25.9,25.69,25.9,500,0
2015-11-13,25.0,25.0,22.22,23.42,6900,0
2015-11-16,23.45,25.93,23.45,25.46,7100,0
2015-11-17,24.75,25.06,24.75,25.06,1000,0
2015-11-18,25.1,25.1,25.05,25.05,400,0
2015-11-19,25.67,25.67,25.67,25.67,600,0
2015-11-20,25.66,25.67,25.06,25.12,3800,0
2015-11-23,25.49,25.49,23.94,25.15,1300,0
2015-11-24,24.69,25.0,24.69,25.0,300,0
2015-11-25,24.14,25.25,24.14,25.2,1400,0
2015-11-27,25.27,25.27,25.27,25.27,200,0
2015-11-30,25.22,25.27,24.87,25.26,2100,0
2015-12-01,25.24,25.28,23.81,24.0,9009,0
2015-12-02,24.02,25.11,24.02,25.08,835,0
2015-12-03,24.72,24.72,24.447,24.499,977,0
2015-12-04,25.17,25.17,24.6,24.6,600,0
2015-12-07,25.07,25.07,24.0,24.8,3500,0
2015-12-09,24.2,24.34,23.2,23.2,2300,0
2015-12-10,23.57,23.57,23.57,23.57,900,0
2015-12-14,23.03,23.21,22.47,22.57,7638,0
2015-12-15,23.0,23.0,23.0,23.0,200,0
2015-12-16,22.5,23.0,22.5,23.0,200,0
2015-12-18,23.3,23.65,23.3,23.65,3400,0
2015-12-21,23.67,24.87,23.57,23.72,2000,0
2015-12-22,23.71,23.71,23.35,23.35,1386,0
2015-12-23,22.07,22.8,22.07,22.69,500,0
2015-12-24,22.9,23.76,22.78,22.8,10651,0
2015-12-28,23.155,23.5,23.155,23.5,1021,0
2015-12-29,23.89,24.25,23.88,24.163,3373,0
2015-12-30,24.09,24.25,24.04,24.25,1948,0
2015-12-31,24.32,24.57,24.14,24.47,1708,0
2016-01-04,23.6,24.2099,23.53,23.53,2947,0
2016-01-05,23.55,23.6399,23.38,23.38,3416,0
2016-01-06,23.33,24.18,23.21,23.37,4987,0
2016-01-07,23.5,23.5,23.0,23.02,1227,0
2016-01-11,22.2307,22.27,22.11,22.2101,1332,0
2016-01-12,22.08,22.72,21.75,21.85,5114,0
2016-01-13,20.9,21.25,20.1,20.4825,5827,0
2016-01-14,20.35,20.5,20.35,20.5,200,0
2016-01-15,20.25,20.83,19.5,19.53,6509,0
2016-01-19,20.0,21.4,19.5,19.51,3600,0
2016-01-20,19.0,19.3,19.0,19.01,3660,0
2016-01-21,19.29,20.9,19.29,20.9,1500,0
2016-01-22,21.05,21.05,20.22,21.0,1263,0
2016-01-25,20.02,20.36,19.69,19.69,7883,0
2016-01-26,20.13,20.13,19.59,19.69,3043,0
2016-01-27,19.9332,20.9945,18.7,20.29,13914,0
2016-01-28,19.49,19.76,19.06,19.76,4065,0
2016-01-29,19.06,21.4,19.06,20.65,2065,0
2016-02-01,21.01,21.4,19.52,20.14,550,0
2016-02-03,21.26,21.84,19.76,19.88,700,0
2016-02-04,19.68,20.7,19.68,20.1105,3500,0
2016-02-05,21.5,23.99,21.5,21.97,4333,0
2016-02-08,21.07,21.95,20.01,21.95,3364,0
2016-02-09,20.85,22.15,20.85,22.09,7826,0
2016-02-10,22.0,22.0,21.5,21.8,2865,0
2016-02-11,20.54,20.54,20.52,20.52,200,0
2016-02-12,20.8815,20.8815,20.7,20.7,4115,0
2016-02-16,21.64,21.64,21.64,21.64,459,0
2016-02-17,21.71,24.0,21.71,23.26,1860,0
2016-02-18,23.69,23.69,23.466,23.466,700,0
2016-02-19,23.3,23.46,23.0,23.46,1930,0
2016-02-22,23.91,24.17,23.712,24.06,1566,0
2016-02-23,23.5,24.05,23.5,24.05,1750,0
2016-02-24,24.0599,25.22,24.038,25.0,6258,0
2016-02-25,25.22,25.22,25.22,25.22,640,0
2016-02-26,24.844,24.844,24.844,24.844,100,0
2016-02-29,24.9,25.05,24.9,24.99,2670,0
2016-03-01,24.94,24.99,24.84,24.99,1073,0
2016-03-02,25.0,25.6199,25.0,25.193,1610,0
2016-03-03,25.42,25.5485,25.42,25.42,400,0
2016-03-04,25.52,25.52,24.309,25.27,500,0
2016-03-07,25.28,25.7,25.28,25.55,2906,0
2016-03-08,25.26,25.36,25.26,25.36,320,0
2016-03-09,25.14,25.1599,24.37,24.37,2000,0
2016-03-10,25.0,25.0,25.0,25.0,111,0
2016-03-11,25.25,25.3906,24.66,25.234,1409,0
2016-03-14,24.63,24.88,24.63,24.88,475,0
2016-03-16,25.5445,25.5485,24.7748,24.96,881,0
2016-03-17,25.348,25.42,25.138,25.2889,1113,0
2016-03-18,25.42,26.62,25.42,26.62,8559,0
2016-03-21,26.29,26.29,25.8,26.03,1839,0
2016-03-22,26.0,26.0,25.0,25.24,3404,0
2016-03-23,25.4,25.4,25.35,25.39,1004,0
2016-03-24,25.7623,25.7623,25.0,25.0,2224,0
2016-03-28,25.1015,25.35,25.0,25.0,2210,0
2016-03-29,25.1,25.1,24.935,25.0,1795,0
2016-03-30,25.89,25.89,25.7,25.7,200,0
2016-03-31,25.62,25.62,24.16,24.16,2689,0
2016-04-04,24.01,24.4999,23.1,24.0,2300,0
2016-04-05,25.2199,25.2199,23.77,23.77,500,0
2016-04-06,23.94,24.1,23.94,24.1,701,0
2016-04-08,24.5,24.9186,24.5,24.9186,735,0
2016-04-12,25.24,25.2495,24.21,24.72,2410,0
2016-04-13,24.36,25.0,23.17,24.1978,1629,0
2016-04-14,24.51,24.51,24.0,24.0,250,0
2016-04-15,23.0,23.55,23.0,23.55,2118,0
2016-04-18,24.9,24.9,24.9,24.9,100,0
2016-04-19,24.9,24.9,24.0,24.0,662,0
2016-04-20,24.45,24.9999,23.2547,24.9999,2076,0
2016-04-21,24.2999,25.19,24.2999,25.19,409,0
2016-04-22,24.94,24.94,24.37,24.5,870,0
2016-04-25,24.3099,24.3099,24.3099,24.3099,100,0
2016-04-26,24.84,25.0,24.8,24.86,1200,0
2016-04-27,24.8,25.25,24.2195,25.25,8736,0
2016-04-28,25.18,25.37,25.1299,25.2,800,0
2016-04-29,25.5,26.0,24.62,25.775,2247,0
2016-05-02,26.0,26.0,25.961,26.0,6200,0
2016-05-03,25.93,25.93,25.38,25.38,400,0
2016-05-04,25.5178,26.0,25.4,25.5,696,0
2016-05-05,25.89,26.99,25.575,26.0,2292,0
2016-05-06,25.6286,26.21,25.6285,26.21,800,0
2016-05-09,26.005,26.005,25.46,25.54,746,0
2016-05-10,25.65,25.7,24.05,24.05,4175,0
2016-05-13,24.53,26.3398,24.5,26.3398,500,0
2016-05-16,26.33,26.33,24.06,24.06,2540,0
2016-05-17,24.25,24.59,24.08,24.59,2783,0
2016-05-18,24.85,24.85,24.85,24.85,100,0
2016-05-19,24.91,24.91,24.91,24.91,163,0
2016-05-23,24.25,24.81,24.25,24.81,300,0
2016-05-24,23.88,24.4587,23.485,24.0,2957,0
2016-05-25,23.4101,24.0,23.4101,23.795,1300,0
2016-05-26,23.18,25.0,23.04,25.0,3913,0
2016-05-27,23.624,25.9999,23.624,24.1,1220,0
2016-05-31,24.11,25.7,24.11,24.51,3101,0
2016-06-01,25.74,25.74,24.445,24.65,1200,0
2016-06-02,24.7165,25.01,24.43,24.6401,10584,0
2016-06-03,25.35,25.62,24.85,25.0842,14161,0
2016-06-06,24.85,24.93,24.17,24.715,6660,0
2016-06-07,24.73,24.73,24.2452,24.2452,1678,0
2016-06-10,23.75,23.75,23.75,23.75,241,0
2016-06-13,23.85,25.2999,23.7501,25.1999,3489,0
2016-06-14,24.15,25.1999,24.15,24.7,307,0
2016-06-15,24.51,24.85,24.51,24.56,1104,0
2016-06-16,24.73,24.73,23.2449,24.68,3100,0
2016-06-20,23.54,24.47,23.1161,24.36,1199,0
2016-06-21,23.7528,24.12,23.55,23.55,3089,0
2016-06-22,24.28,24.4999,23.4401,23.4401,2056,0
2016-06-23,23.75,23.88,23.75,23.8005,1404,0
2016-06-24,24.55,24.55,23.44,23.675,2769,0
2016-06-27,23.46,23.46,22.88,22.88,1595,0
2016-06-28,22.88,24.2414,22.02,23.65,1271,0
2016-06-29,22.08,22.25,22.0,22.1288,12079,0
2016-06-30,22.0,22.0,21.5,21.5,4852,0
2016-07-01,21.49,22.5623,20.04,21.0904,17721,0
2016-07-05,20.155,20.8,19.856,20.22,7544,0
2016-07-06,19.8,21.6137,19.8,20.31,13828,0
2016-07-07,20.24,20.625,20.24,20.3,2774,0
2016-07-08,20.16,21.25,20.05,20.25,2633,0
2016-07-11,19.99,19.99,19.75,19.75,2002,0
2016-07-12,19.99,21.67,19.71,20.0,9603,0
2016-07-13,20.25,21.47,20.25,20.79,1640,0
2016-07-14,21.0,21.0,18.53,20.198,6083,0
2016-07-15,20.5158,20.5158,20.0,20.1,2766,0
2016-07-18,20.4016,20.78,20.3994,20.3994,1591,0
2016-07-19,20.001,20.9375,20.001,20.61,400,0
2016-07-20,20.61,21.22,20.23,21.22,3362,0
2016-07-21,21.17,22.31,21.17,21.36,2178,0
2016-07-22,21.74,22.499,21.55,21.78,4156,0
2016-07-25,21.75,21.8,21.55,21.55,755,0
2016-07-26,22.5,22.5,21.53,21.6989,1405,0
2016-07-27,22.2507,22.2507,22.2507,22.2507,500,0
2016-07-28,22.39,22.39,21.54,22.1,4184,0
2016-07-29,23.499,23.499,22.01,22.01,500,0
2016-08-01,22.29,22.43,22.25,22.35,1654,0
2016-08-02,22.0,22.2,22.0,22.13,3809,0
2016-08-03,21.76,22.0,21.6,21.6,1250,0
2016-08-05,22.08,22.3,21.81,22.0,4950,0
2016-08-08,22.3499,22.3499,22.0083,22.27,930,0
2016-08-09,22.315,22.3458,21.5,21.5,2866,0
2016-08-10,21.52,21.9529,21.52,21.54,1454,0
2016-08-11,21.83,22.6568,21.166,22.65,2760,0
2016-08-12,22.65,22.87,22.21,22.21,3500,0
2016-08-15,23.25,23.25,22.0,22.0901,4020,0
2016-08-16,22.0,22.0149,19.5,19.67,35479,0
2016-08-17,21.87,21.87,19.64,19.87,2259,0
2016-08-18,20.2,21.1,20.1,21.01,13502,0
2016-08-19,21.001,21.452,21.0,21.26,10370,0
2016-08-22,21.26,21.26,21.26,21.26,180,0
2016-08-23,21.26,21.33,21.26,21.3,1417,0
2016-08-24,21.28,21.28,21.26,21.26,411,0
2016-08-25,21.26,21.3999,21.26,21.3999,2253,0
2016-08-29,21.29,21.29,21.26,21.26,200,0
2016-08-30,21.26,21.272,21.02,21.05,2049,0
2016-08-31,21.0001,21.95,21.0001,21.95,498,0
2016-09-01,21.48,21.91,20.0,20.11,10838,0
2016-09-02,21.69,21.69,20.05,20.12,968,0
2016-09-07,21.98,21.98,21.5,21.5,255,0
2016-09-08,20.16,20.5,20.16,20.5,300,0
2016-09-09,20.03,20.4484,19.24,19.24,4250,0
2016-09-12,19.97,19.97,19.0,19.05,7976,0
2016-09-13,19.04,19.05,18.27,18.5499,600,0
2016-09-14,18.32,19.82,17.75,18.57,3125,0
2016-09-15,19.559,20.78,19.559,20.237,861,0
2016-09-16,20.02,21.95,20.02,21.41,3556,0
2016-09-19,21.0,21.48,21.0,21.3116,550,0
2016-09-21,22.2,22.2,22.2,22.2,170,0
2016-09-22,21.17,21.62,21.0,21.0,1394,0
2016-09-23,20.8251,20.8251,20.8251,20.8251,904,0
2016-09-26,20.68,20.68,20.68,20.68,125,0
2016-09-28,19.8256,19.8395,19.8256,19.8395,800,0
2016-09-29,20.0001,20.421,20.0001,20.421,900,0
2016-10-03,20.01,20.3655,20.01,20.3655,240,0
2016-10-05,20.18,20.18,19.42,19.42,224,0
2016-10-07,19.5,19.925,19.5,19.925,706,0
2016-10-12,19.0,19.0,18.5224,18.66,1076,0
2016-10-13,18.63,19.0536,18.63,18.85,1115,0
2016-10-14,19.2,19.2,19.2,19.2,100,0
2016-10-17,18.56,18.56,18.56,18.56,1855,0
2016-10-18,19.155,19.155,19.155,19.155,284,0
2016-10-19,18.79,19.0718,18.79,19.0718,558,0
2016-10-20,18.65,18.7,18.62,18.7,1015,0
2016-10-21,18.5,18.53,18.5,18.53,400,0
2016-10-24,18.5,18.7207,18.5,18.54,3739,0
2016-10-25,18.69,18.69,18.56,18.6298,1399,0
2016-10-26,18.55,18.55,18.11,18.11,10460,0
2016-10-27,18.0,18.0,18.0,18.0,954,0
2016-10-28,17.7501,17.8737,17.45,17.62,2370,0
2016-10-31,17.627,17.627,17.25,17.25,1637,0
2016-11-01,17.24,17.24,17.24,17.24,216,0
2016-11-03,18.0,18.0,17.95,17.95,862,0
2016-11-04,17.6112,17.8263,17.6112,17.8263,551,0
2016-11-07,18.0,18.0,18.0,18.0,387,0
2016-11-08,17.8,18.395,17.55,18.395,3214,0
2016-11-09,18.3,18.3,17.75,18.0,2372,0
2016-11-10,17.895,17.895,17.895,17.895,687,0
2016-11-11,17.85,17.85,17.85,17.85,100,0
2016-11-16,17.45,17.45,17.45,17.45,190,0
2016-11-17,19.07,19.07,18.25,18.45,1343,0
2016-11-21,19.317,19.317,19.317,19.317,253,0
2016-11-22,19.4,19.4,18.55,18.55,752,0
2016-11-25,19.5982,19.5982,19.5982,19.5982,266,0
2016-11-28,18.95,19.484,18.95,19.1123,860,0
2016-11-29,19.15,19.15,19.15,19.15,169,0
2016-11-30,18.55,19.75,18.55,19.6,957,0
2016-12-01,19.5,19.5,18.7,18.7,1361,0
2016-12-02,18.75,18.75,17.49,18.0,10305,0
2016-12-05,17.55,18.0,17.55,18.0,849,0
2016-12-06,17.65,18.15,17.3,17.85,2056,0
2016-12-07,18.45,20.5606,17.85,19.55,11402,0
2016-12-08,19.75,20.3402,18.9,20.3402,3244,0
2016-12-09,19.35,20.55,19.35,20.55,6237,0
2016-12-12,20.755,22.5,19.56,22.5,16702,0
2016-12-13,21.8,22.05,19.6206,21.9,9414,0
2016-12-14,21.85,22.0,21.85,22.0,3313,0
2016-12-15,21.3,21.85,21.3,21.85,1844,0
2016-12-16,22.35,23.15,22.0,23.15,4171,0
2016-12-19,23.35,23.35,22.005,22.5,4203,0
2016-12-20,22.8399,22.8399,21.775,22.5,1169,0
2016-12-21,22.5,22.5,21.9,22.05,559,0
2016-12-22,22.0,22.95,21.8,22.425,7459,0
2016-12-23,22.85,22.85,22.725,22.725,499,0
2016-12-27,23.0,23.0,23.0,23.0,133,0
2016-12-28,23.025,23.15,21.55,23.15,1908,0
2016-12-29,23.545,23.545,23.545,23.545,185,0
2016-12-30,23.2,23.2,23.0,23.0,559,0
2017-01-03,23.0,23.0,22.54,22.54,485,0
2017-01-04,22.55,22.6366,22.5438,22.55,1420,0
2017-01-06,22.0,22.0,21.55,21.575,1731,0
2017-01-09,22.0,22.1478,22.0,22.0405,502,0
2017-01-10,20.775,21.75,20.325,21.65,1370,0
2017-01-12,22.1,22.1,22.1,22.1,109,0
2017-01-13,22.25,22.25,22.25,22.25,117,0
2017-01-17,22.0,22.0,21.95,22.0,2445,0
2017-01-18,21.65,22.1189,21.0,22.1189,1545,0
2017-01-19,22.4695,22.4695,22.003,22.003,607,0
2017-01-20,20.6125,20.6125,20.6125,20.6125,230,0
2017-01-23,22.4694,22.4694,21.15,21.812,1441,0
2017-01-24,21.45,21.9694,21.45,21.586,523,0
2017-01-27,21.95,22.195,21.95,22.195,700,0
2017-01-30,22.3,22.5,22.2,22.2,1002,0
2017-01-31,21.575,22.49,21.5595,22.49,1009,0
2017-02-01,22.45,22.5,21.1783,22.3192,2995,0
2017-02-02,22.2,22.2,22.2,22.2,100,0
2017-02-03,22.195,22.195,22.195,22.195,150,0
2017-02-08,21.6,22.4,21.6,22.4,296,0
2017-02-10,21.85,22.2499,21.85,22.2499,1066,0
2017-02-13,22.1,22.1,22.1,22.1,443,0
2017-02-14,21.523,22.2,21.4,21.4,681,0
2017-02-15,21.85,21.85,21.85,21.85,225,0
2017-02-16,21.9,21.9,21.3437,21.3437,3296,0
2017-02-17,21.8,22.0,21.8,22.0,314,0
2017-02-22,21.35,21.6,21.3,21.6,730,0
2017-02-23,21.4255,21.975,21.15,21.85,5402,0
2017-02-24,22.495,22.495,22.0,22.0,378,0
2017-02-27,21.95,21.95,21.25,21.75,1125,0
2017-02-28,21.5,21.5,21.15,21.25,1086,0
2017-03-01,21.3,21.5,21.1,21.5,629,0
2017-03-02,21.2,21.2,21.1,21.1,200,0
2017-03-03,21.2,21.25,20.7,20.705,5788,0
2017-03-06,21.1,21.35,20.75,20.85,2002,0
2017-03-07,20.7411,21.05,20.7,21.05,5559,0
2017-03-08,20.75,20.75,20.75,20.75,501,0
2017-03-09,21.0,22.45,20.7,21.0,750,0
2017-03-10,21.05,21.05,20.7,20.975,463,0
2017-03-13,20.75,20.8,20.75,20.75,332,0
2017-03-14,20.8,21.15,20.71,20.95,1998,0
2017-03-15,20.75,20.75,20.75,20.75,372,0
2017-03-16,20.75,21.2,20.75,21.2,386,0
2017-03-17,21.2,21.2,20.7,20.75,3126,0
2017-03-20,20.65,21.2,20.65,21.15,1192,0
2017-03-21,21.195,21.195,21.0,21.15,1008,0
2017-03-23,20.75,20.75,20.25,20.6,5507,0
2017-03-24,20.45,20.6,20.3,20.6,930,0
2017-03-27,20.3,20.3,20.3,20.3,221,0
2017-03-28,20.2,20.2,20.1703,20.1703,905,0
2017-04-03,20.1,20.1,18.1,19.6,3912,0
2017-04-04,19.05,19.3,19.05,19.3,2035,0
2017-04-05,19.53,20.5,18.95,19.495,3881,0
2017-04-06,19.05,20.35,19.05,20.25,4902,0
2017-04-12,19.35,19.35,19.35,19.35,100,0
2017-04-13,19.6,19.65,19.6,19.6,634,0
2017-04-17,18.75,18.75,18.75,18.75,212,0
2017-04-19,19.2,20.5,19.0196,20.5,2244,0
2017-04-20,20.65,20.65,20.65,20.65,265,0
2017-04-24,20.55,20.55,18.8,19.65,1905,0
2017-04-25,19.05,19.65,19.05,19.65,535,0
2017-04-26,19.3,19.3,19.3,19.3,100,0
2017-04-27,18.855,18.855,18.855,18.855,1058,0
2017-05-01,19.0185,19.0185,19.0185,19.0185,206,0
2017-05-04,18.812,19.75,18.812,19.5,1358,0
2017-05-08,19.15,19.15,19.15,19.15,285,0
2017-05-09,19.15,19.35,19.0497,19.0497,557,0
2017-05-12,18.2931,19.35,18.2931,19.35,822,0
2017-05-16,19.35,19.35,19.3,19.3,798,0
2017-05-18,19.5,19.5,19.5,19.5,679,0
2017-05-24,18.5378,18.5378,18.5378,18.5378,292,0
2017-05-26,19.05,19.05,18.95,18.95,428,0
2017-05-31,19.105,19.105,19.0,19.0,305,0
2017-06-01,19.3,19.3,19.0,19.0,472,0
2017-06-02,19.4,19.4,19.4,19.4,250,0
2017-06-05,19.39,19.39,19.39,19.39,182,0
2017-06-12,19.2891,19.2891,19.2891,19.2891,129,0
2017-06-15,19.05,19.05,19.05,19.05,100,0
2017-06-16,19.0,19.0,19.0,19.0,400,0
2017-06-19,19.4,21.55,19.4,21.55,3180,0
2017-06-20,21.35,21.35,19.6187,19.6187,803,0
2017-06-26,20.7,20.7,20.7,20.7,1005,0
2017-06-28,20.9253,20.9253,20.9253,20.9253,261,0
2017-06-29,20.55,20.55,20.55,20.55,165,0
2017-06-30,20.5,21.2,20.5,21.2,1397,0
2017-07-03,20.5,20.5,20.5,20.5,100,0
2017-07-05,20.5,20.6125,20.5,20.5,1592,0
2017-07-06,20.5,20.5,20.5,20.5,1312,0
2017-07-10,19.3,19.5668,19.3,19.5668,339,0
2017-07-11,19.305,20.771,19.305,20.771,649,0
2017-07-12,19.0,19.2,19.0,19.2,273,0
2017-07-13,20.95,20.95,19.7,19.7,336,0
2017-07-14,19.3,19.4,19.1,19.4,3422,0
2017-07-17,17.505,18.5,15.7,16.25,40368,0
2017-07-18,16.2844,16.7168,14.4,15.8,26403,0
2017-07-19,15.5,15.995,15.5,15.75,2153,0
2017-07-20,16.0,16.45,15.85,16.05,6991,0
2017-07-21,15.95,15.974,15.95,15.95,2476,0
2017-07-24,16.2,16.24,15.95,16.0,9102,0
2017-07-25,15.883,16.95,15.883,16.4,5151,0
2017-07-26,16.45,17.4,16.45,17.0,5475,0
2017-07-27,17.15,17.22,16.8,16.8,4355,0
2017-07-28,16.6,16.6,16.6,16.6,208,0
2017-07-31,16.4,16.4,15.85,16.25,9400,0
2017-08-01,16.3,16.3,16.205,16.205,510,0
2017-08-02,16.05,16.355,16.05,16.2,2174,0
2017-08-03,16.3241,16.3241,16.3241,16.3241,303,0
2017-08-04,16.7379,17.15,16.3,17.15,1141,0
2017-08-07,16.3,16.65,16.3,16.6,632,0
2017-08-09,16.3,17.2008,16.15,16.15,3742,0
2017-08-10,16.2,16.375,16.05,16.375,643,0
2017-08-11,16.45,16.5,16.45,16.5,1292,0
2017-08-15,15.65,16.3028,15.64,16.1,800,0
2017-08-16,15.96,16.35,15.96,16.1,896,0
2017-08-17,16.4,16.4,16.4,16.4,175,0
2017-08-18,16.05,16.525,15.775,16.525,1919,0
2017-08-21,16.55,17.15,16.55,17.15,530,0
2017-08-22,17.0562,17.0562,17.0562,17.0562,414,0
2017-08-23,17.15,17.15,17.15,17.15,184,0
2017-08-24,16.55,16.55,16.55,16.55,199,0
2017-08-25,17.4,17.75,16.605,16.605,5548,0
2017-08-28,17.005,17.5,17.0,17.45,5338,0
2017-09-01,17.025,17.75,17.025,17.745,591,0
2017-09-05,17.3,17.95,16.65,16.85,1414,0
2017-09-06,16.8,17.05,16.65,16.65,1737,0
2017-09-07,16.75,16.75,16.7,16.7,385,0
2017-09-08,16.55,16.65,14.9,16.65,2213,0
2017-09-11,15.7,16.25,15.7,16.25,775,0
2017-09-12,15.9,16.5,15.9,16.5,1236,0
2017-09-13,16.45,16.55,16.15,16.55,801,0
2017-09-14,16.55,16.6,16.5,16.5,1790,0
2017-09-15,16.55,17.85,16.55,17.8,1599,0
2017-09-18,17.35,17.65,17.35,17.65,570,0
2017-09-20,17.1,17.1,16.9,16.9,306,0
2017-09-22,16.9,17.0,16.9,16.955,956,0
2017-09-25,17.2,17.95,17.05,17.7,3563,0
2017-09-26,17.5689,17.5689,17.5689,17.5689,107,0
2017-09-27,17.5,17.5,17.5,17.5,268,0
2017-09-28,17.65,17.7,17.65,17.6589,948,0
2017-10-02,17.7,17.7,17.7,17.7,496,0
2017-10-03,18.05,18.15,18.0,18.15,959,0
2017-10-04,18.3,19.8275,18.3,19.25,2912,0
2017-10-05,19.25,19.25,19.25,19.25,102,0
2017-10-06,18.55,18.55,18.5,18.5,953,0
2017-10-11,18.15,18.1744,17.8,17.8,1089,0
2017-10-12,17.7,17.7,17.7,17.7,343,0
2017-10-16,17.65,17.85,17.26,17.35,2838,0
2017-10-19,17.76,17.76,17.75,17.755,964,0
2017-10-20,17.65,18.25,17.65,18.25,964,0
2017-10-23,17.75,18.49,17.75,18.3,1270,0
2017-10-25,17.9616,17.9728,17.75,17.75,1000,0
2017-10-26,17.85,17.85,17.85,17.85,678,0
2017-10-27,18.6507,19.6,18.6507,19.05,2977,0
2017-10-30,18.9227,19.45,18.7,18.7,1460,0
2017-10-31,19.3,19.495,19.3,19.495,917,0
2017-11-01,19.95,19.95,19.505,19.65,1000,0
2017-11-03,20.01,20.07,19.746,19.945,5409,0
2017-11-06,19.9,19.95,19.9,19.95,200,0
2017-11-07,19.7,21.01,19.7,21.0,6328,0
2017-11-08,19.8,19.8,19.8,19.8,150,0
2017-11-09,20.5,20.74,20.0,20.0,2386,0
