Date,Open,High,Low,Close,Volume,OpenInt
2014-01-02,44.855,44.855,44.085,44.212,200767,0
2014-01-03,44.251,44.929,44.251,44.526,97972,0
2014-01-06,44.654,44.654,44.012,44.047,109926,0
2014-01-07,44.314,44.646,43.919,44.212,85219,0
2014-01-08,44.132,44.242,43.737,44.203,145571,0
2014-01-09,44.242,44.497,43.838,44.478,175418,0
2014-01-10,44.369,44.435,43.848,44.287,190970,0
2014-01-13,44.075,44.865,43.985,44.59,210467,0
2014-01-14,44.726,45.14,44.407,45.111,139490,0
2014-01-15,45.057,45.48,45.005,45.414,147747,0
2014-01-16,45.222,45.414,44.599,44.986,182653,0
2014-01-17,44.947,44.956,43.985,44.095,210582,0
2014-01-21,44.47,44.47,43.938,44.047,149417,0
2014-01-22,44.021,44.36,43.718,44.203,98720,0
2014-01-23,43.864,43.902,43.508,43.82,178362,0
2014-01-24,43.342,43.535,42.579,43.14,291563,0
2014-01-27,43.315,43.718,42.809,43.333,314250,0
2014-01-28,43.452,43.452,42.662,42.872,173265,0
2014-01-29,42.396,42.671,41.975,42.195,211340,0
2014-01-30,42.948,47.214,42.948,46.454,685099,0
2014-01-31,45.618,46.683,45.562,46.378,354151,0
2014-02-03,46.378,46.774,43.452,44.004,467503,0
2014-02-04,44.141,44.535,43.47,44.323,181646,0
2014-02-05,44.195,44.461,43.5,43.82,189454,0
2014-02-06,44.03,44.628,43.838,44.185,137038,0
2014-02-07,44.379,44.581,44.004,44.251,242639,0
2014-02-10,44.212,44.911,43.413,44.581,251456,0
2014-02-11,44.461,45.258,44.132,44.939,178582,0
2014-02-12,44.986,45.307,44.606,44.855,128900,0
2014-02-13,44.524,45.649,44.468,45.621,134753,0
2014-02-14,45.639,45.814,45.121,45.613,83836,0
2014-02-18,45.659,46.229,45.326,46.146,145850,0
2014-02-19,45.871,46.183,45.547,45.565,134498,0
2014-02-20,45.713,46.305,45.446,46.211,151999,0
2014-02-21,46.433,46.617,45.649,45.777,196340,0
2014-02-24,45.898,46.524,45.834,46.278,140687,0
2014-02-25,46.238,46.376,45.786,45.933,119371,0
2014-02-26,46.12,46.736,45.926,46.524,128058,0
2014-02-27,46.442,47.068,46.11,47.068,159484,0
2014-02-28,47.217,47.659,46.96,47.068,181009,0
2014-03-03,46.736,46.985,45.853,46.627,155582,0
2014-03-04,47.338,48.214,47.068,47.605,246660,0
2014-03-05,47.436,47.799,47.244,47.55,127828,0
2014-03-06,47.734,47.808,47.384,47.63,126012,0
2014-03-07,47.945,47.945,47.27,47.649,168268,0
2014-03-10,47.417,47.504,46.765,47.27,109901,0
2014-03-11,47.189,47.189,46.028,46.348,174673,0
2014-03-12,46.164,46.248,45.742,46.11,133111,0
2014-03-13,46.322,46.322,45.058,45.345,141477,0
2014-03-14,45.048,45.705,44.837,45.417,157668,0
2014-03-17,45.713,46.424,45.713,45.862,160117,0
2014-03-18,45.814,46.533,45.732,46.358,152854,0
2014-03-19,46.193,46.248,45.131,45.437,106473,0
2014-03-20,45.307,45.742,45.251,45.565,85444,0
2014-03-21,45.63,46.12,45.529,45.565,214601,0
2014-03-24,45.565,45.713,44.495,44.939,152889,0
2014-03-25,44.976,45.539,44.865,44.919,151849,0
2014-03-26,45.014,45.355,44.071,44.071,160020,0
2014-03-27,43.906,44.661,43.906,44.284,203716,0
2014-03-28,44.191,45.078,44.026,44.181,191415,0
2014-03-31,44.32,44.956,44.191,44.495,161740,0
2014-04-01,44.485,44.986,44.266,44.504,327057,0
2014-04-02,44.689,45.529,44.524,45.427,148585,0
2014-04-03,45.613,45.639,44.828,45.039,112462,0
2014-04-04,45.483,45.483,44.292,44.45,168985,0
2014-04-07,44.302,44.504,43.502,44.071,211549,0
2014-04-08,44.1,44.947,44.009,44.495,175497,0
2014-04-09,44.579,45.603,44.579,45.374,168819,0
2014-04-10,45.297,45.751,44.524,44.68,165030,0
2014-04-11,44.218,45.224,44.164,44.266,258923,0
2014-04-14,44.874,44.874,44.016,44.366,184908,0
2014-04-15,44.597,44.874,43.703,44.329,124261,0
2014-04-16,44.734,44.911,44.266,44.534,107594,0
2014-04-17,44.458,44.966,44.339,44.744,140174,0
2014-04-21,44.919,45.198,44.292,44.783,128176,0
2014-04-22,44.734,45.094,44.597,45.048,186353,0
2014-04-23,44.911,45.456,44.911,44.966,139075,0
2014-04-24,45.207,45.207,44.394,44.753,135378,0
2014-04-25,44.644,44.783,44.276,44.394,174497,0
2014-04-28,44.504,44.551,43.628,44.016,207097,0
2014-04-29,44.257,44.276,43.73,43.776,197054,0
2014-04-30,43.628,44.432,43.406,44.2,297095,0
2014-05-01,43.923,45.078,43.131,44.366,527541,0
2014-05-02,44.588,44.653,43.415,43.492,306935,0
2014-05-05,43.269,44.218,43.047,44.181,449329,0
2014-05-06,43.852,44.208,43.472,43.766,251535,0
2014-05-07,43.961,44.033,42.724,42.826,465059,0
2014-05-08,42.9,43.545,42.89,43.14,243638,0
2014-05-09,42.982,43.766,42.754,43.721,181666,0
2014-05-12,43.861,44.495,43.814,44.118,401773,0
2014-05-13,44.09,44.497,43.951,44.08,399444,0
2014-05-14,43.998,44.172,43.625,43.654,347861,0
2014-05-15,43.468,43.644,42.551,43.182,236223,0
2014-05-16,43.09,43.339,42.309,42.449,412714,0
2014-05-19,42.299,43.684,42.299,43.684,176492,0
2014-05-20,43.45,43.905,42.726,42.959,295151,0
2014-05-21,43.182,43.208,42.707,43.061,208153,0
2014-05-22,43.208,43.635,42.855,43.227,220890,0
2014-05-23,43.403,44.052,43.312,43.988,142411,0
2014-05-27,44.434,44.777,44.349,44.526,185306,0
2014-05-28,44.553,44.702,44.172,44.444,150169,0
2014-05-29,44.516,44.702,44.284,44.487,116077,0
2014-05-30,44.609,44.654,44.108,44.156,208012,0
2014-06-02,44.312,44.434,43.822,44.303,102820,0
2014-06-03,44.191,44.497,43.998,44.071,186249,0
2014-06-04,44.052,44.478,43.96,44.321,168604,0
2014-06-05,44.396,45.434,44.118,45.434,144075,0
2014-06-06,45.776,46.435,45.675,46.074,186821,0
2014-06-09,45.942,46.908,45.942,46.583,104231,0
2014-06-10,46.574,46.76,46.23,46.732,125752,0
2014-06-11,46.455,46.64,45.794,46.01,193577,0
2014-06-12,46.038,46.13,45.404,45.545,92310,0
2014-06-13,45.658,45.704,45.157,45.294,89266,0
2014-06-16,45.194,45.731,44.85,45.186,84846,0
2014-06-17,45.053,45.704,45.0,45.444,123426,0
2014-06-18,45.611,45.961,45.276,45.917,116081,0
2014-06-19,46.195,46.418,45.741,45.908,147082,0
2014-06-20,46.064,46.317,45.862,45.881,314203,0
2014-06-23,46.853,47.697,46.342,46.473,271121,0
2014-06-24,46.519,46.889,46.13,46.289,298319,0
2014-06-25,46.064,46.455,46.064,46.307,146734,0
2014-06-26,46.483,46.611,46.01,46.528,170408,0
2014-06-27,46.166,47.251,46.166,47.234,882270,0
2014-06-30,47.268,47.268,46.547,47.038,205630,0
2014-07-01,47.085,47.994,46.835,47.595,162544,0
2014-07-02,47.416,47.771,47.085,47.585,170185,0
2014-07-03,47.762,48.299,47.565,48.17,128965,0
2014-07-07,48.67,48.791,47.277,47.317,291335,0
2014-07-08,47.317,47.621,47.058,47.346,193343,0
2014-07-09,47.375,47.621,47.085,47.268,149460,0
2014-07-10,46.528,46.928,46.25,46.36,264874,0
2014-07-11,46.093,46.483,45.871,46.398,224668,0
2014-07-14,46.908,46.908,46.473,46.704,95935,0
2014-07-15,46.621,46.779,46.388,46.418,152909,0
2014-07-16,46.714,46.991,46.465,46.769,179568,0
2014-07-17,46.621,46.956,46.37,46.473,216981,0
2014-07-18,46.342,47.186,46.298,46.76,185955,0
2014-07-21,46.473,46.835,46.28,46.547,115592,0
2014-07-22,46.741,47.251,46.732,46.973,90987,0
2014-07-23,47.038,47.038,46.298,46.37,337123,0
2014-07-24,46.342,46.583,46.093,46.23,172312,0
2014-07-25,45.917,46.332,45.834,46.157,135013,0
2014-07-28,46.102,46.185,45.508,45.794,157274,0
2014-07-29,45.898,46.24,45.675,45.694,179721,0
2014-07-30,45.961,46.137,45.545,45.75,196540,0
2014-07-31,45.323,45.499,44.637,44.934,235034,0
2014-08-01,44.859,44.876,44.312,44.702,142406,0
2014-08-04,45.0,45.221,44.497,45.147,189421,0
2014-08-05,44.943,45.294,44.637,44.822,141246,0
2014-08-06,44.553,45.083,44.553,44.886,143166,0
2014-08-07,45.157,45.361,44.738,44.876,125075,0
2014-08-08,44.728,45.304,44.516,45.23,223109,0
2014-08-11,45.248,45.518,45.108,45.323,199154,0
2014-08-12,45.276,45.572,45.118,45.472,173969,0
2014-08-13,43.095,44.175,43.095,43.765,407749,0
2014-08-14,43.635,44.604,43.635,44.548,218846,0
2014-08-15,44.866,44.958,44.027,44.473,345877,0
2014-08-18,44.725,45.285,44.725,45.051,148590,0
2014-08-19,45.125,45.332,45.016,45.145,74848,0
2014-08-20,44.921,45.194,44.828,45.061,74497,0
2014-08-21,45.116,45.612,45.007,45.404,151643,0
2014-08-22,45.388,45.796,45.22,45.602,109351,0
2014-08-25,45.742,45.796,45.424,45.76,122354,0
2014-08-26,45.732,46.022,45.705,45.9,126586,0
2014-08-27,46.067,46.067,45.787,45.845,76211,0
2014-08-28,45.639,45.873,45.434,45.454,215053,0
2014-08-29,45.49,45.676,45.332,45.395,167660,0
2014-09-02,45.564,46.041,45.444,45.787,111526,0
2014-09-03,45.873,45.927,45.341,45.454,110547,0
2014-09-04,45.472,45.974,45.444,45.582,87931,0
2014-09-05,45.414,45.927,45.388,45.787,100508,0
2014-09-08,45.836,45.927,45.612,45.659,131618,0
2014-09-09,45.713,45.891,45.229,45.313,155369,0
2014-09-10,45.247,45.388,44.968,45.351,76702,0
2014-09-11,45.229,45.936,45.097,45.752,164940,0
2014-09-12,45.826,45.854,45.106,45.247,155455,0
2014-09-15,45.194,45.341,44.753,45.016,114767,0
2014-09-16,44.94,45.174,44.744,44.783,153917,0
2014-09-17,44.921,45.016,44.429,44.596,204816,0
2014-09-18,44.801,45.155,44.698,45.106,92021,0
2014-09-19,45.116,45.508,44.511,44.578,312452,0
2014-09-22,44.454,44.454,44.0,44.035,128036,0
2014-09-23,43.896,44.092,43.523,43.607,118261,0
2014-09-24,43.693,43.99,43.533,43.886,108344,0
2014-09-25,43.719,43.775,43.077,43.141,135206,0
2014-09-26,43.337,43.813,43.132,43.71,222549,0
2014-09-29,43.271,43.664,43.132,43.179,148356,0
2014-09-30,43.271,43.393,42.442,42.545,238232,0
2014-10-01,42.621,42.761,42.022,42.154,263342,0
2014-10-02,42.107,43.067,42.031,42.889,183418,0
2014-10-03,43.356,43.374,42.77,42.889,160546,0
2014-10-06,42.991,43.271,42.721,43.029,175722,0
2014-10-07,42.899,42.899,42.219,42.247,150186,0
2014-10-08,42.135,43.271,41.697,43.216,228317,0
2014-10-09,43.197,43.197,41.8,41.893,174493,0
2014-10-10,41.678,42.079,41.202,41.278,152208,0
2014-10-13,41.36,42.219,41.09,41.24,180661,0
2014-10-14,41.67,42.665,41.67,42.013,176728,0
2014-10-15,41.576,42.581,41.026,42.219,210415,0
2014-10-16,41.791,42.125,41.325,41.91,279192,0
2014-10-17,42.2,42.293,41.566,41.623,273393,0
2014-10-20,41.407,42.022,41.157,41.996,206612,0
2014-10-21,42.172,43.197,42.144,43.188,143908,0
2014-10-22,43.151,43.449,42.451,42.601,113968,0
2014-10-23,43.058,43.746,43.058,43.497,120330,0
2014-10-24,43.625,43.635,43.188,43.56,118765,0
2014-10-27,43.347,43.477,42.879,43.41,110234,0
2014-10-28,43.569,45.155,43.569,45.125,256513,0
2014-10-29,45.545,46.328,44.175,44.315,225844,0
2014-10-30,44.473,44.482,43.011,44.212,270041,0
2014-10-31,44.783,45.564,44.438,45.49,265632,0
2014-11-03,45.499,45.927,45.007,45.322,266661,0
2014-11-04,45.341,45.964,45.22,45.806,256058,0
2014-11-05,46.17,46.375,45.639,46.17,246180,0
2014-11-06,46.312,46.393,45.659,46.003,218386,0
2014-11-07,45.9,46.031,45.659,45.974,162741,0
2014-11-10,46.05,46.198,45.796,46.041,137076,0
2014-11-11,46.003,46.337,45.713,46.226,167446,0
2014-11-12,45.889,46.835,45.889,46.545,164109,0
2014-11-13,46.489,46.629,46.002,46.198,141020,0
2014-11-14,46.151,46.433,45.814,45.843,98939,0
2014-11-17,45.673,45.834,45.45,45.45,64713,0
2014-11-18,45.45,45.943,45.45,45.702,119122,0
2014-11-19,45.702,45.702,44.951,45.065,110391,0
2014-11-20,44.765,45.206,44.765,44.934,145104,0
2014-11-21,45.579,45.579,44.726,44.83,189439,0
2014-11-24,44.85,45.392,44.85,45.383,184172,0
2014-11-25,45.504,45.504,44.943,45.027,164620,0
2014-11-26,44.99,45.251,44.605,44.746,210239,0
2014-11-28,44.876,45.0,43.838,43.921,140975,0
2014-12-01,43.67,43.903,43.097,43.097,210191,0
2014-12-02,43.275,43.621,43.144,43.275,172005,0
2014-12-03,43.424,44.794,43.424,44.652,234047,0
2014-12-04,44.483,44.522,44.158,44.334,120311,0
2014-12-05,44.334,44.662,44.071,44.221,136937,0
2014-12-08,44.1,44.221,42.752,42.901,166780,0
2014-12-09,42.535,43.67,42.461,43.565,226589,0
2014-12-10,43.36,43.565,42.621,42.703,211920,0
2014-12-11,42.722,43.463,42.572,42.601,175823,0
2014-12-12,42.179,42.301,41.252,41.271,216109,0
2014-12-15,41.609,41.729,40.625,40.756,268456,0
2014-12-16,40.559,41.645,40.549,40.597,231518,0
2014-12-17,40.616,41.88,40.203,41.851,261730,0
2014-12-18,42.432,42.535,41.459,42.394,230646,0
2014-12-19,42.404,42.499,41.777,42.404,450794,0
2014-12-22,42.432,42.581,42.105,42.489,161088,0
2014-12-23,42.771,43.322,42.684,43.031,128857,0
2014-12-24,43.031,43.275,42.807,43.116,75907,0
2014-12-26,43.37,43.556,43.295,43.415,82361,0
2014-12-29,43.398,43.81,43.164,43.492,116612,0
2014-12-30,43.398,43.743,43.08,43.379,108190,0
2014-12-31,43.389,43.538,42.676,42.703,182846,0
2015-01-02,42.93,43.135,41.917,42.207,189652,0
2015-01-05,41.87,42.367,40.934,41.141,213792,0
2015-01-06,41.31,41.31,40.11,40.549,191072,0
2015-01-07,40.97,40.98,39.961,40.12,286270,0
2015-01-08,40.54,40.7,40.156,40.333,251290,0
2015-01-09,40.25,40.27,39.294,39.313,179683,0
2015-01-12,39.341,39.51,38.695,38.826,232632,0
2015-01-13,39.173,39.669,38.498,38.713,364499,0
2015-01-14,38.273,38.958,38.179,38.762,401174,0
2015-01-15,38.93,38.978,37.938,38.02,229505,0
2015-01-16,37.909,38.078,37.58,37.777,332546,0
2015-01-20,37.9,38.096,37.346,37.516,379078,0
2015-01-21,37.346,38.059,37.243,37.749,272604,0
2015-01-22,38.02,38.395,37.263,38.293,246360,0
2015-01-23,38.273,38.517,37.881,38.311,248515,0
2015-01-26,38.264,38.762,37.533,38.704,250498,0
2015-01-27,38.125,38.462,37.712,38.273,317667,0
2015-01-28,38.376,38.676,37.954,38.078,385337,0
2015-01-29,39.013,41.505,38.376,40.96,602345,0
2015-01-30,40.325,40.587,37.823,37.871,538947,0
2015-02-02,38.069,38.807,37.694,38.666,484806,0
2015-02-03,38.733,40.419,38.733,40.362,423450,0
2015-02-04,40.164,40.362,39.49,39.604,316036,0
2015-02-05,39.632,39.932,39.51,39.753,198427,0
2015-02-06,39.782,40.333,39.716,40.288,333955,0
2015-02-09,40.288,40.96,40.082,40.139,225385,0
2015-02-10,40.26,40.325,39.462,39.942,178220,0
2015-02-11,39.942,40.195,39.536,39.695,157792,0
2015-02-12,39.952,40.148,39.801,40.073,133288,0
2015-02-13,40.073,40.272,39.942,40.157,286771,0
2015-02-17,40.186,40.318,39.762,40.007,186960,0
2015-02-18,39.821,40.714,39.821,40.262,383633,0
2015-02-19,40.234,40.497,39.989,40.224,252328,0
2015-02-20,40.14,40.28,39.771,40.092,352936,0
2015-02-23,39.902,40.166,39.667,39.97,236216,0
2015-02-24,39.998,40.157,39.922,39.97,257964,0
2015-02-25,40.016,40.817,40.016,40.667,243866,0
2015-02-26,40.695,41.392,40.685,41.355,247778,0
2015-02-27,41.45,41.45,41.129,41.3,359654,0
2015-03-02,41.233,41.478,40.884,41.421,209618,0
2015-03-03,41.175,41.6,41.044,41.345,198796,0
2015-03-04,41.044,41.392,40.639,41.317,482140,0
2015-03-05,41.158,42.806,41.016,42.175,390168,0
2015-03-06,41.845,42.326,41.392,41.581,498372,0
2015-03-09,41.657,41.969,41.392,41.401,176201,0
2015-03-10,40.967,41.28,40.157,40.166,237091,0
2015-03-11,40.14,40.451,39.865,40.413,164320,0
2015-03-12,40.779,41.468,40.658,41.421,251307,0
2015-03-13,41.3,41.401,40.29,40.977,281753,0
2015-03-16,41.025,41.382,40.742,40.932,195401,0
2015-03-17,40.63,40.817,40.46,40.489,331080,0
2015-03-18,40.479,41.148,40.28,40.817,293211,0
2015-03-19,40.704,40.922,40.524,40.685,192113,0
2015-03-20,40.611,41.035,40.327,40.94,531787,0
2015-03-23,41.006,41.488,40.742,41.382,319200,0
2015-03-24,41.317,42.43,41.241,41.92,406930,0
2015-03-25,41.91,42.241,41.109,41.184,306364,0
2015-03-26,41.099,41.364,40.779,40.875,197948,0
2015-03-27,40.808,40.987,40.47,40.534,325777,0
2015-03-30,40.771,42.061,40.667,41.818,387408,0
2015-03-31,41.676,42.948,41.421,42.741,521654,0
2015-04-01,42.439,42.619,41.969,42.166,330975,0
2015-04-02,42.1,42.628,41.949,42.11,152652,0
2015-04-06,41.873,42.619,41.769,42.317,127722,0
2015-04-07,42.317,42.317,41.695,41.731,128238,0
2015-04-08,41.45,41.61,40.243,40.451,502296,0
2015-04-09,40.413,40.611,39.507,39.63,490762,0
2015-04-10,39.893,39.893,39.377,39.387,394307,0
2015-04-13,39.62,39.791,38.999,39.101,371923,0
2015-04-14,39.206,39.912,39.035,39.893,411809,0
2015-04-15,39.922,40.788,39.922,40.63,463937,0
2015-04-16,40.63,40.817,40.318,40.345,374068,0
2015-04-17,40.007,40.063,39.377,39.441,165912,0
2015-04-20,39.734,40.007,39.686,39.821,197553,0
2015-04-21,40.073,40.073,39.423,39.45,154524,0
2015-04-22,39.478,39.781,39.101,39.583,189664,0
2015-04-23,39.497,39.639,39.29,39.555,152546,0
2015-04-24,39.649,39.781,39.121,39.404,170396,0
2015-04-27,39.387,39.583,39.158,39.459,323443,0
2015-04-28,39.459,39.704,39.15,39.686,262657,0
2015-04-29,39.545,39.686,39.168,39.252,262552,0
2015-04-30,39.583,40.422,39.234,39.377,1065484,0
2015-05-01,39.357,39.686,38.799,39.478,409368,0
2015-05-04,39.441,40.157,39.441,39.821,275600,0
2015-05-05,39.743,40.234,39.527,39.574,217892,0
2015-05-06,39.602,39.743,39.215,39.714,196648,0
2015-05-07,39.611,39.97,39.206,39.811,200323,0
2015-05-08,40.272,40.272,39.752,39.961,180868,0
2015-05-11,39.942,40.479,39.932,40.309,294164,0
2015-05-12,40.111,40.355,39.583,40.053,171663,0
2015-05-13,40.282,40.68,40.016,40.328,254981,0
2015-05-14,40.605,41.173,40.547,40.861,208180,0
2015-05-15,40.67,40.747,40.092,40.472,193482,0
2015-05-18,40.328,40.908,40.187,40.689,227913,0
2015-05-19,40.642,40.899,40.158,40.767,282976,0
2015-05-20,40.708,40.871,40.472,40.699,181406,0
2015-05-21,40.615,41.08,40.615,40.973,252873,0
2015-05-22,40.908,41.051,40.689,40.793,358175,0
2015-05-26,40.576,40.737,40.141,40.517,332164,0
2015-05-27,40.527,40.908,40.167,40.881,200590,0
2015-05-28,40.699,40.928,40.376,40.851,200780,0
2015-05-29,40.718,40.803,40.043,40.196,223780,0
2015-06-01,40.414,40.517,39.941,40.083,416568,0
2015-06-02,39.892,40.537,39.892,40.263,327644,0
2015-06-03,40.414,40.699,40.414,40.576,342469,0
2015-06-04,40.347,40.556,40.187,40.424,191103,0
2015-06-05,40.405,40.737,40.016,40.708,158111,0
2015-06-08,40.605,40.767,40.376,40.395,160853,0
2015-06-09,40.376,40.784,40.376,40.527,135211,0
2015-06-10,40.775,41.24,40.595,41.116,209651,0
2015-06-11,41.259,41.288,40.728,40.851,136118,0
2015-06-12,40.757,41.042,40.5,40.918,174133,0
2015-06-15,40.527,40.831,39.96,40.642,223569,0
2015-06-16,40.5,40.803,40.196,40.527,333298,0
2015-06-17,40.556,40.983,40.491,40.652,185939,0
2015-06-18,40.803,41.221,40.662,40.983,235481,0
2015-06-19,40.68,40.747,39.845,39.845,840309,0
2015-06-22,40.131,40.311,39.571,39.819,248446,0
2015-06-23,39.789,39.921,39.59,39.769,301606,0
2015-06-24,39.618,39.931,39.372,39.465,285654,0
2015-06-25,39.637,39.637,38.698,38.896,204597,0
2015-06-26,38.868,39.135,38.775,38.926,670497,0
2015-06-29,38.726,38.878,37.947,38.003,219247,0
2015-06-30,38.3,38.527,37.513,37.616,300858,0
2015-07-01,37.824,38.194,37.577,37.757,337619,0
2015-07-02,37.882,38.12,37.521,37.645,246653,0
2015-07-06,37.416,37.635,37.16,37.275,280595,0
2015-07-07,37.246,37.484,36.564,37.436,406767,0
2015-07-08,37.189,37.504,36.848,37.048,445663,0
2015-07-09,37.331,37.464,36.942,36.952,308211,0
2015-07-10,37.256,37.36,36.924,37.103,477918,0
2015-07-13,37.387,38.327,37.331,38.003,277328,0
2015-07-14,37.939,38.043,37.738,37.872,172894,0
2015-07-15,37.806,37.834,37.558,37.596,252822,0
2015-07-16,37.767,38.101,37.767,37.853,199746,0
2015-07-17,37.853,37.853,37.548,37.738,262991,0
2015-07-20,37.748,37.872,37.436,37.494,278697,0
2015-07-21,37.474,37.665,36.924,36.98,253506,0
2015-07-22,36.942,36.99,36.402,36.809,248867,0
2015-07-23,36.781,36.98,36.383,36.495,209340,0
2015-07-24,36.374,36.383,35.538,35.699,355013,0
2015-07-27,35.435,36.584,35.245,36.574,518185,0
2015-07-28,36.705,36.705,35.927,36.003,219037,0
2015-07-29,36.041,36.402,35.841,36.258,148835,0
2015-07-30,36.136,36.593,35.888,36.44,154106,0
2015-07-31,36.554,36.799,36.287,36.647,206914,0
2015-08-03,36.647,36.647,35.661,35.757,205458,0
2015-08-04,35.671,36.431,35.671,36.059,216402,0
2015-08-05,36.241,36.666,35.814,35.86,195954,0
2015-08-06,36.013,36.297,35.699,36.136,187474,0
2015-08-07,35.956,36.268,35.651,35.918,210501,0
2015-08-10,36.059,36.544,35.927,36.431,223675,0
2015-08-11,36.098,36.554,35.976,36.393,330176,0
2015-08-12,36.64,38.055,35.83,37.595,682001,0
2015-08-13,37.424,38.753,37.242,38.484,519350,0
2015-08-14,38.474,39.115,38.304,38.953,261456,0
2015-08-17,38.943,38.973,38.408,38.753,169663,0
2015-08-18,38.791,39.028,38.513,38.773,127588,0
2015-08-19,38.532,38.934,38.341,38.665,223775,0
2015-08-20,38.36,38.675,38.114,38.427,278411,0
2015-08-21,37.748,38.809,37.282,38.284,383077,0
2015-08-24,36.792,39.028,36.515,37.996,599305,0
2015-08-25,38.915,38.943,37.883,37.94,410288,0
2015-08-26,38.646,39.258,38.167,39.202,337756,0
2015-08-27,39.364,39.841,38.799,39.545,348432,0
2015-08-28,39.526,40.129,39.374,39.956,168407,0
2015-08-31,39.823,40.749,39.364,40.454,251932,0
2015-09-01,39.814,39.869,38.665,38.763,386530,0
2015-09-02,39.22,39.22,38.494,38.656,314835,0
2015-09-03,38.656,39.01,38.513,38.513,275584,0
2015-09-04,38.237,38.723,37.949,38.408,341420,0
2015-09-08,38.905,39.258,38.599,38.753,216344,0
2015-09-09,39.01,39.135,38.638,38.675,215820,0
2015-09-10,38.599,38.809,38.227,38.369,170764,0
2015-09-11,38.104,38.187,37.634,38.075,208701,0
2015-09-14,38.075,38.149,37.702,37.902,168407,0
2015-09-15,37.902,38.628,37.854,38.474,191852,0
2015-09-16,38.552,39.555,38.552,39.297,255384,0
2015-09-17,39.21,39.374,38.685,38.713,250458,0
2015-09-18,38.284,38.466,38.075,38.167,429967,0
2015-09-21,38.341,38.876,38.015,38.294,220742,0
2015-09-22,37.845,38.14,37.003,37.385,290761,0
2015-09-23,37.519,37.664,36.757,36.775,168638,0
2015-09-24,36.496,36.658,35.589,36.486,276039,0
2015-09-25,36.622,37.463,36.622,37.376,264803,0
2015-09-28,37.232,37.376,36.851,37.023,240829,0
2015-09-29,37.062,37.72,36.767,36.984,189236,0
2015-09-30,37.166,37.595,36.257,36.45,329069,0
2015-10-01,36.506,36.802,35.494,35.963,309287,0
2015-10-02,35.752,36.821,35.438,36.821,216344,0
2015-10-05,37.023,38.579,37.023,38.523,241129,0
2015-10-06,38.379,39.085,38.379,38.457,163802,0
2015-10-07,38.599,39.612,38.599,39.22,213832,0
2015-10-08,39.125,40.434,39.125,40.366,159614,0
2015-10-09,40.376,40.463,39.897,39.956,213622,0
2015-10-12,40.06,40.204,39.545,39.804,103551,0
2015-10-13,39.603,40.243,39.297,39.306,106445,0
2015-10-14,39.306,39.545,38.704,38.818,161081,0
2015-10-15,39.01,39.085,37.825,39.076,241776,0
2015-10-16,39.125,39.153,37.634,38.341,187874,0
2015-10-19,38.177,38.379,37.996,38.312,159555,0
2015-10-20,38.207,38.925,37.922,38.609,84300,0
2015-10-21,38.609,39.095,38.237,38.284,264386,0
2015-10-22,38.484,39.678,38.484,39.202,316089,0
2015-10-23,39.287,39.65,39.001,39.068,273072,0
2015-10-26,39.068,39.297,38.035,38.094,342675,0
2015-10-27,37.815,37.932,36.076,36.622,434677,0
2015-10-28,35.351,38.886,35.351,37.492,784781,0
2015-10-29,36.964,38.474,36.87,38.045,430700,0
2015-10-30,38.187,40.129,37.977,39.468,435304,0
2015-11-02,39.44,41.599,39.44,40.777,466484,0
2015-11-03,40.749,41.313,40.032,41.178,402335,0
2015-11-04,41.178,41.486,41.076,41.236,178808,0
2015-11-05,41.227,41.495,40.691,40.874,201271,0
2015-11-06,40.71,40.932,39.688,40.932,233196,0
2015-11-09,40.912,40.912,39.814,39.995,210613,0
2015-11-10,40.005,40.243,39.727,39.995,130308,0
2015-11-11,40.07,40.463,39.86,40.119,226183,0
2015-11-12,39.426,39.946,38.774,38.848,126559,0
2015-11-13,38.609,39.205,38.329,38.512,140078,0
2015-11-16,38.531,38.984,38.204,38.848,221192,0
2015-11-17,38.782,39.812,38.782,38.927,224104,0
2015-11-18,39.147,39.291,38.646,39.177,215471,0
2015-11-19,39.187,39.389,38.887,39.224,167635,0
2015-11-20,39.482,40.099,39.339,39.792,151099,0
2015-11-23,39.724,40.04,39.482,39.916,140286,0
2015-11-24,39.772,40.954,39.772,40.888,181313,0
2015-11-25,40.897,41.012,40.397,40.638,153077,0
2015-11-27,40.589,40.763,40.311,40.619,68739,0
2015-11-30,40.685,41.108,40.311,41.012,263933,0
2015-12-01,41.089,41.311,40.589,41.108,200864,0
2015-12-02,40.963,40.963,39.985,40.311,158849,0
2015-12-03,40.416,40.474,39.906,40.282,218356,0
2015-12-04,40.273,40.521,39.886,40.021,297836,0
2015-12-07,39.896,40.004,38.975,39.426,273293,0
2015-12-08,39.003,39.108,38.311,38.387,153824,0
2015-12-09,38.339,38.734,38.071,38.589,225768,0
2015-12-10,38.522,39.012,38.456,38.579,210377,0
2015-12-11,38.302,38.396,37.81,38.194,200706,0
2015-12-14,38.244,38.503,37.878,38.358,311455,0
2015-12-15,38.579,38.724,37.166,37.742,539305,0
2015-12-16,37.897,38.002,37.32,37.579,339536,0
2015-12-17,37.706,37.706,37.204,37.416,280468,0
2015-12-18,37.456,37.657,36.887,37.31,579030,0
2015-12-21,37.474,37.917,37.273,37.791,184796,0
2015-12-22,37.82,38.704,37.723,38.406,144650,0
2015-12-23,38.599,39.965,38.599,39.561,271108,0
2015-12-24,39.502,39.714,39.138,39.281,85858,0
2015-12-28,39.051,39.128,38.367,38.858,162096,0
2015-12-29,39.031,39.619,38.675,39.359,180329,0
2015-12-30,39.177,39.551,39.061,39.187,170025,0
2015-12-31,39.167,39.473,38.609,38.935,243247,0
2016-01-04,38.473,38.579,37.263,38.234,277126,0
2016-01-05,38.234,39.197,37.715,38.204,170172,0
2016-01-06,37.732,38.436,37.55,38.184,235614,0
2016-01-07,37.637,37.888,37.219,37.608,214107,0
2016-01-08,37.677,37.804,36.878,36.955,266491,0
2016-01-11,37.032,37.061,36.334,36.897,140373,0
2016-01-12,37.118,37.386,36.176,36.963,162489,0
2016-01-13,36.973,37.273,35.627,35.906,179237,0
2016-01-14,36.06,36.829,35.309,36.521,211851,0
2016-01-15,35.57,36.388,35.205,36.215,250237,0
2016-01-19,36.521,36.521,34.809,35.263,239494,0
2016-01-20,34.819,35.916,34.184,35.647,365268,0
2016-01-21,35.713,36.046,35.229,35.473,197058,0
2016-01-22,35.916,36.67,35.651,36.551,240669,0
2016-01-25,36.339,36.492,35.483,35.551,255383,0
2016-01-26,35.831,36.752,35.647,36.541,220550,0
2016-01-27,36.319,36.546,35.685,35.906,358355,0
2016-01-28,37.012,37.973,35.946,36.427,254277,0
2016-01-29,36.329,36.963,36.031,36.963,365162,0
2016-02-01,36.754,37.521,36.127,36.955,247214,0
2016-02-02,36.512,36.581,35.753,36.137,258891,0
2016-02-03,36.29,37.061,35.723,36.79,235235,0
2016-02-04,36.734,38.387,36.734,37.83,215705,0
2016-02-05,37.696,38.32,37.436,37.484,293548,0
2016-02-08,37.042,37.396,36.492,37.243,256861,0
2016-02-09,36.79,37.628,36.427,37.273,274335,0
2016-02-10,37.396,37.983,37.194,37.657,228466,0
2016-02-11,36.959,38.093,36.911,38.024,254319,0
2016-02-12,38.334,39.099,37.821,37.956,273322,0
2016-02-16,38.306,38.363,37.549,38.113,247558,0
2016-02-17,38.306,39.158,38.064,38.064,330268,0
2016-02-18,38.238,38.577,37.87,38.382,221960,0
2016-02-19,38.141,38.673,37.782,37.966,395387,0
2016-02-22,38.228,38.596,37.162,37.706,387508,0
2016-02-23,37.483,37.801,36.455,37.503,360010,0
2016-02-24,37.211,37.211,35.952,36.737,315736,0
2016-02-25,36.707,37.017,35.997,36.814,258937,0
2016-02-26,36.968,37.724,36.804,37.434,261728,0
2016-02-29,37.434,37.743,37.114,37.29,238029,0
2016-03-01,37.53,37.956,37.25,37.956,207220,0
2016-03-02,37.899,38.123,37.521,37.946,220642,0
2016-03-03,37.966,38.799,37.677,38.635,231825,0
2016-03-04,38.653,38.877,37.946,38.509,243065,0
2016-03-07,38.422,39.41,38.123,39.392,249503,0
2016-03-08,39.089,39.516,38.818,39.158,205474,0
2016-03-09,39.254,39.526,38.809,38.886,133517,0
2016-03-10,38.965,38.965,37.667,38.558,194088,0
2016-03-11,38.79,38.926,38.334,38.847,98441,0
2016-03-14,38.683,39.168,38.412,38.742,102939,0
2016-03-15,38.489,38.712,38.334,38.577,117911,0
2016-03-16,38.577,39.719,38.577,39.68,327551,0
2016-03-17,39.68,40.611,39.496,40.437,153750,0
2016-03-18,40.669,40.669,39.729,40.243,232305,0
2016-03-21,40.252,40.766,39.953,40.717,203475,0
2016-03-22,40.457,41.124,39.982,40.611,122810,0
2016-03-23,40.581,40.591,39.818,40.292,158088,0
2016-03-24,39.962,41.162,39.854,41.162,606393,0
2016-03-28,41.077,41.705,40.901,41.54,380592,0
2016-03-29,41.385,42.353,40.853,42.335,300568,0
2016-03-30,42.489,42.848,42.218,42.528,235392,0
2016-03-31,42.616,42.616,41.647,42.033,256698,0
2016-04-01,41.676,42.857,41.366,42.732,208610,0
2016-04-04,42.78,42.78,41.889,42.296,229621,0
2016-04-05,41.899,42.276,41.628,41.947,228955,0
2016-04-06,41.831,42.033,41.181,41.908,282839,0
2016-04-07,41.743,42.257,41.346,41.696,200603,0
2016-04-08,41.987,42.518,41.864,42.141,195710,0
2016-04-11,41.889,42.518,41.404,41.937,202813,0
2016-04-12,41.84,42.083,41.598,41.997,205615,0
2016-04-13,42.257,43.196,41.997,43.196,266865,0
2016-04-14,43.099,43.438,42.886,43.225,176406,0
2016-04-15,43.225,43.574,42.945,43.468,141063,0
2016-04-18,43.438,43.797,43.206,43.574,138183,0
2016-04-19,43.719,44.137,43.438,43.564,145311,0
2016-04-20,43.508,44.117,43.361,43.787,223236,0
2016-04-21,43.768,44.223,43.438,43.826,156527,0
2016-04-22,43.748,44.437,43.508,44.252,276746,0
2016-04-25,44.271,44.271,43.371,43.564,258761,0
2016-04-26,43.632,44.243,43.584,44.087,195069,0
2016-04-27,44.213,44.639,43.864,44.407,169419,0
2016-04-28,43.846,45.289,43.438,44.368,439408,0
2016-04-29,44.455,44.707,43.846,44.387,331103,0
2016-05-02,44.678,44.717,44.157,44.611,242258,0
2016-05-03,44.213,44.552,43.294,43.836,203915,0
2016-05-04,43.672,43.856,43.225,43.525,156543,0
2016-05-05,43.692,44.048,43.178,43.216,206274,0
2016-05-06,43.196,43.682,42.886,43.584,306295,0
2016-05-09,43.498,43.884,43.013,43.109,175202,0
2016-05-10,43.196,43.554,42.993,43.498,158758,0
2016-05-11,43.525,43.525,42.877,43.168,159655,0
2016-05-12,43.402,43.402,42.349,42.689,180809,0
2016-05-13,42.642,42.729,42.125,42.212,202675,0
2016-05-16,42.31,42.768,42.193,42.544,316714,0
2016-05-17,42.554,43.295,42.188,42.368,192143,0
2016-05-18,42.202,42.807,41.638,42.387,165808,0
2016-05-19,42.261,42.622,41.549,41.764,142785,0
2016-05-20,41.851,42.34,41.832,42.115,169296,0
2016-05-23,42.105,42.505,41.794,42.193,183185,0
2016-05-24,42.554,43.49,42.482,43.43,235107,0
2016-05-25,43.402,43.83,43.402,43.791,133348,0
2016-05-26,43.733,43.908,43.333,43.353,107893,0
2016-05-27,43.43,44.22,43.43,44.026,165980,0
2016-05-31,44.093,44.318,43.752,44.054,197645,0
2016-06-01,43.908,44.2,43.353,44.123,165962,0
2016-06-02,43.967,44.318,43.675,43.898,191607,0
2016-06-03,43.84,44.318,43.392,44.268,200149,0
2016-06-06,44.376,45.097,44.054,44.854,150551,0
2016-06-07,44.921,45.331,44.756,45.136,100924,0
2016-06-08,45.156,45.839,45.156,45.72,154095,0
2016-06-09,45.497,45.984,45.126,45.935,236494,0
2016-06-10,45.321,45.449,44.864,45.126,264176,0
2016-06-13,45.029,45.058,44.523,44.971,192652,0
2016-06-14,44.951,45.38,44.352,45.311,142170,0
2016-06-15,45.38,45.38,44.2,44.258,184492,0
2016-06-16,43.976,44.561,43.587,44.523,113658,0
2016-06-17,44.649,44.834,43.772,44.123,350920,0
2016-06-20,44.62,45.078,44.405,44.445,147080,0
2016-06-21,44.249,44.347,43.821,44.181,118979,0
2016-06-22,44.21,44.483,43.986,44.328,148400,0
2016-06-23,44.824,45.321,44.815,45.311,125968,0
2016-06-24,43.685,43.84,42.827,43.392,613440,0
2016-06-27,42.787,42.904,41.813,42.437,192521,0
2016-06-28,42.622,42.67,41.774,41.979,195599,0
2016-06-29,42.592,42.894,42.174,42.729,133686,0
2016-06-30,42.953,44.016,42.617,43.996,151194,0
2016-07-01,43.928,44.258,43.44,43.723,130207,0
2016-07-05,43.42,43.83,43.136,43.547,131179,0
2016-07-06,43.48,44.026,43.06,43.869,185752,0
2016-07-07,43.967,44.338,43.206,43.596,163662,0
2016-07-08,44.044,44.581,43.762,44.541,153144,0
2016-07-11,44.523,45.029,43.821,44.931,109215,0
2016-07-12,45.371,45.449,44.796,45.146,162318,0
2016-07-13,45.331,45.389,44.873,45.156,142751,0
2016-07-14,45.545,45.545,44.981,45.116,92497,0
2016-07-15,45.389,45.719,44.854,45.186,133171,0
2016-07-18,45.214,45.341,44.864,45.048,101285,0
2016-07-19,44.844,44.902,44.473,44.639,156487,0
2016-07-20,44.639,45.224,44.425,45.048,169553,0
2016-07-21,45.097,45.351,44.806,45.195,187260,0
2016-07-22,45.116,45.614,44.902,45.409,108487,0
2016-07-25,45.321,45.712,45.058,45.487,113070,0
2016-07-26,45.624,45.954,45.301,45.779,156571,0
2016-07-27,45.868,46.082,45.604,45.906,99012,0
2016-07-28,45.759,46.052,45.526,46.014,92000,0
2016-07-29,45.925,46.043,45.429,45.759,166538,0
2016-08-01,45.809,46.179,45.409,45.906,153668,0
2016-08-02,45.868,45.868,45.389,45.594,102545,0
2016-08-03,45.664,45.664,45.029,45.574,165166,0
2016-08-04,45.497,46.043,45.361,45.624,113634,0
2016-08-05,45.809,46.667,45.804,46.637,125098,0
2016-08-08,46.54,46.881,46.54,46.852,104772,0
2016-08-09,46.881,47.165,46.725,47.135,123112,0
2016-08-10,47.105,47.379,47.007,47.145,117381,0
2016-08-11,47.135,47.614,46.86,47.242,171260,0
2016-08-12,45.35,45.516,43.165,44.889,516833,0
2016-08-15,44.948,45.164,44.44,44.918,204766,0
2016-08-16,44.82,45.066,44.693,44.938,127639,0
2016-08-17,45.036,45.124,44.566,44.899,206647,0
2016-08-18,44.998,45.3,44.291,45.243,242764,0
2016-08-19,45.3,45.703,45.003,45.458,181175,0
2016-08-22,45.203,45.821,45.134,45.821,111520,0
2016-08-23,45.957,46.056,45.655,45.928,105760,0
2016-08-24,45.791,46.086,45.566,46.056,117709,0
2016-08-25,45.851,46.34,45.389,46.33,158896,0
2016-08-26,46.203,46.614,46.143,46.399,178298,0
2016-08-29,46.282,46.723,46.272,46.565,98743,0
2016-08-30,46.517,46.899,46.488,46.8,104272,0
2016-08-31,46.752,47.046,46.302,46.585,230624,0
2016-09-01,46.752,46.939,46.309,46.82,165524,0
2016-09-02,47.095,47.507,46.82,47.447,305292,0
2016-09-06,47.556,47.606,46.87,47.242,149732,0
2016-09-07,47.242,47.36,46.791,47.351,181395,0
2016-09-08,47.37,47.37,46.929,47.321,124505,0
2016-09-09,46.977,46.996,46.017,46.125,239642,0
2016-09-12,45.977,46.639,45.732,46.468,169582,0
2016-09-13,46.292,46.771,45.461,45.516,200117,0
2016-09-14,45.487,45.625,45.198,45.291,102502,0
2016-09-15,45.32,45.938,45.189,45.928,140428,0
2016-09-16,45.88,45.88,45.076,45.095,320467,0
2016-09-19,45.282,45.645,45.066,45.223,110318,0
2016-09-20,45.34,45.34,44.634,44.644,102547,0
2016-09-21,44.889,45.174,44.693,45.076,218915,0
2016-09-22,45.33,45.904,45.32,45.781,172400,0
2016-09-23,45.595,45.693,45.017,45.076,118114,0
2016-09-26,44.909,45.439,44.742,44.998,177303,0
2016-09-27,44.85,45.071,44.673,44.988,133950,0
2016-09-28,45.027,45.429,44.769,45.35,153184,0
2016-09-29,45.36,45.655,44.938,45.252,180825,0
2016-09-30,45.409,46.056,44.998,45.821,158421,0
2016-10-03,45.771,46.066,45.35,45.831,166647,0
2016-10-04,45.997,46.076,45.134,45.399,102599,0
2016-10-05,45.477,45.997,45.38,45.947,170674,0
2016-10-06,45.88,46.32,45.409,46.282,166518,0
2016-10-07,46.232,46.232,45.31,45.645,116727,0
2016-10-10,45.87,46.134,45.66,45.909,111602,0
2016-10-11,45.899,45.899,44.792,45.076,116801,0
2016-10-12,44.958,45.32,44.958,45.154,89175,0
2016-10-13,44.742,44.899,44.527,44.654,102492,0
2016-10-14,44.85,45.37,44.536,44.586,114339,0
2016-10-17,44.664,44.889,44.419,44.673,81353,0
2016-10-18,45.066,45.066,44.37,44.38,105413,0
2016-10-19,44.477,45.114,44.204,44.802,121121,0
2016-10-20,44.625,44.889,44.085,44.115,200493,0
2016-10-21,43.654,44.135,43.468,43.939,149153,0
2016-10-24,44.066,44.409,43.478,43.87,138750,0
2016-10-25,43.674,43.674,42.645,42.987,351211,0
2016-10-26,46.959,47.447,46.076,47.006,539943,0
2016-10-27,47.398,49.801,47.351,49.262,330276,0
2016-10-28,49.605,49.801,48.674,49.262,225214,0
2016-10-31,49.311,49.923,48.918,49.801,176570,0
2016-11-01,49.654,49.85,48.526,48.869,199007,0
2016-11-02,48.674,49.311,48.11,48.134,202237,0
2016-11-03,48.233,48.281,47.643,47.889,171558,0
2016-11-04,47.889,48.575,47.742,48.233,236022,0
2016-11-07,48.821,49.359,48.821,49.262,377952,0
2016-11-08,49.458,50.433,49.409,49.85,302253,0
2016-11-09,49.262,52.424,49.262,52.399,364816,0
2016-11-10,53.019,53.759,52.921,53.168,350049,0
2016-11-11,53.463,54.276,53.168,54.104,375060,0
2016-11-14,54.646,55.779,54.449,55.237,234066,0
2016-11-15,54.941,55.828,54.546,55.631,221474,0
2016-11-16,55.631,56.074,55.286,55.828,150534,0
2016-11-17,56.074,56.568,55.828,56.124,133292,0
2016-11-18,56.419,56.568,55.828,56.518,190207,0
2016-11-21,56.665,58.046,56.419,57.503,246306,0
2016-11-22,57.652,58.415,57.652,58.243,193792,0
2016-11-23,58.341,59.13,58.193,59.031,125639,0
2016-11-25,59.13,59.425,58.933,59.377,44064,0
2016-11-28,59.13,59.277,58.292,58.587,183766,0
2016-11-29,58.39,58.736,58.243,58.292,183678,0
2016-11-30,59.13,60.016,58.39,58.982,274979,0
2016-12-01,59.327,60.361,58.686,59.574,231529,0
2016-12-02,59.425,60.066,59.227,59.277,146431,0
2016-12-05,59.721,60.066,59.474,59.819,187279,0
2016-12-06,59.721,60.657,59.622,60.46,220318,0
2016-12-07,60.46,60.904,60.115,60.361,297251,0
2016-12-08,60.509,60.854,60.115,60.509,308606,0
2016-12-09,60.509,61.347,60.115,61.347,197748,0
2016-12-12,61.297,61.741,60.952,61.396,138289,0
2016-12-13,61.691,61.691,60.223,60.952,179511,0
2016-12-14,60.952,61.593,60.361,60.509,205219,0
2016-12-15,60.361,61.101,60.165,61.101,278086,0
2016-12-16,61.249,61.544,59.327,59.524,1023745,0
2016-12-19,59.327,60.46,59.327,60.263,350766,0
2016-12-20,60.608,61.249,60.509,61.199,214149,0
2016-12-21,61.396,61.691,60.904,61.052,190742,0
2016-12-22,60.854,61.149,59.425,59.524,264787,0
2016-12-23,59.574,60.46,59.327,60.312,153133,0
2016-12-27,60.509,60.755,59.918,59.968,171045,0
2016-12-28,60.165,60.411,58.736,59.179,184320,0
2016-12-29,59.327,59.646,58.736,59.13,118417,0
2016-12-30,59.08,59.08,58.243,58.538,156742,0
2017-01-03,59.031,59.721,57.946,59.474,314070,0
2017-01-04,59.474,59.918,59.179,59.771,261583,0
2017-01-05,59.622,59.819,58.243,58.982,179062,0
2017-01-06,59.179,59.425,58.597,58.883,137731,0
2017-01-09,58.587,58.957,58.095,58.686,181154,0
2017-01-10,58.982,59.771,58.834,59.771,281244,0
2017-01-11,60.115,60.755,59.868,60.46,263630,0
2017-01-12,60.214,60.263,58.982,60.016,121472,0
2017-01-13,60.263,60.952,60.09,60.214,148862,0
2017-01-17,60.361,60.46,59.622,59.868,182622,0
2017-01-18,60.165,61.84,59.671,61.101,179439,0
2017-01-19,61.149,61.249,60.657,60.952,220062,0
2017-01-20,61.002,61.494,60.904,61.297,139895,0
2017-01-23,61.052,61.347,60.115,61.249,177272,0
2017-01-24,61.544,62.48,61.297,62.332,215540,0
2017-01-25,62.924,63.81,62.727,63.318,276404,0
2017-01-26,65.043,65.682,62.48,63.515,354129,0
2017-01-27,63.367,63.367,61.446,61.593,346064,0
2017-01-30,61.297,61.297,59.574,60.608,366710,0
2017-01-31,60.558,60.657,59.08,59.574,283341,0
2017-02-01,59.721,60.707,59.671,60.066,316152,0
2017-02-02,60.016,60.263,59.524,59.819,258764,0
2017-02-03,60.066,60.312,59.574,60.165,306371,0
2017-02-06,60.115,60.534,59.671,59.918,328770,0
2017-02-07,60.016,60.361,59.721,60.115,236964,0
2017-02-08,59.771,59.968,58.834,59.474,141758,0
2017-02-09,59.474,60.46,59.474,60.263,391481,0
2017-02-10,60.805,60.952,60.189,60.952,224603,0
2017-02-13,61.24,61.735,61.24,61.537,308828,0
2017-02-14,61.388,62.032,60.992,61.438,268500,0
2017-02-15,61.042,61.883,61.042,61.685,129948,0
2017-02-16,61.487,62.181,61.413,61.883,151542,0
2017-02-17,61.883,62.23,61.29,62.032,200749,0
2017-02-21,62.379,63.319,62.379,63.319,142242,0
2017-02-22,63.022,63.022,62.477,62.725,129292,0
2017-02-23,63.121,63.121,61.834,62.081,203076,0
2017-02-24,61.29,62.379,61.092,62.329,161942,0
2017-02-27,62.279,63.146,62.181,63.072,168779,0
2017-02-28,62.725,62.973,62.032,62.428,295302,0
2017-03-01,63.22,64.012,62.973,64.012,225670,0
2017-03-02,63.864,63.864,62.379,62.577,235632,0
2017-03-03,62.725,62.824,62.23,62.577,154287,0
2017-03-06,62.032,62.452,61.785,62.23,203642,0
2017-03-07,62.131,62.329,61.785,61.834,121955,0
2017-03-08,62.081,62.279,60.942,60.992,190446,0
2017-03-09,60.844,61.092,58.765,59.061,321489,0
2017-03-10,59.309,59.928,59.161,59.804,151439,0
2017-03-13,59.557,61.141,59.557,60.299,157816,0
2017-03-14,59.804,59.804,58.715,59.111,156312,0
2017-03-15,59.359,60.646,58.963,60.498,160850,0
2017-03-16,60.696,60.844,60.002,60.25,158360,0
2017-03-17,60.498,61.735,60.052,61.537,354969,0
2017-03-20,61.586,62.181,61.092,61.735,151671,0
2017-03-21,62.181,62.329,60.744,60.794,235543,0
2017-03-22,60.696,61.19,60.25,61.141,169591,0
2017-03-23,61.24,61.388,60.696,60.942,133870,0
2017-03-24,61.092,61.537,60.349,60.646,125424,0
2017-03-27,59.557,59.903,58.715,59.655,119477,0
2017-03-28,59.409,60.596,59.161,60.596,209647,0
2017-03-29,60.498,60.596,60.2,60.398,84873,0
2017-03-30,60.498,61.092,60.398,60.942,138143,0
2017-03-31,60.844,61.883,60.646,61.24,196883,0
2017-04-03,61.19,61.388,60.052,60.299,142510,0
2017-04-04,60.2,60.942,60.2,60.844,105153,0
2017-04-05,61.388,61.883,60.349,60.744,150757,0
2017-04-06,60.844,60.844,59.804,60.2,166943,0
2017-04-07,60.052,60.448,59.755,60.052,114339,0
2017-04-10,60.002,60.744,59.854,60.448,96080,0
2017-04-11,60.2,61.141,59.903,61.141,84289,0
2017-04-12,60.744,60.744,59.012,59.161,98168,0
2017-04-13,59.161,59.507,58.121,58.319,94768,0
2017-04-17,58.468,58.963,58.319,58.913,105110,0
2017-04-18,58.319,59.012,58.072,58.121,200557,0
2017-04-19,58.22,59.606,58.22,58.913,227628,0
2017-04-20,59.259,60.992,59.161,60.894,237421,0
2017-04-21,60.696,61.636,60.002,61.339,272875,0
2017-04-24,62.527,62.602,61.834,62.428,155996,0
2017-04-25,62.873,63.566,62.527,62.527,169093,0
2017-04-26,62.527,63.864,62.477,63.468,255515,0
2017-04-27,64.755,68.319,64.755,66.091,409879,0
2017-04-28,66.438,66.438,62.23,63.368,307237,0
2017-05-01,63.616,63.914,62.379,63.121,218063,0
2017-05-02,63.022,63.864,62.824,63.764,145895,0
2017-05-03,63.22,63.517,62.675,63.072,165827,0
2017-05-04,63.171,63.418,62.7,63.121,147774,0
2017-05-05,63.27,63.616,62.527,63.368,118938,0
2017-05-08,63.27,63.368,62.007,62.279,200690,0
2017-05-09,62.379,62.379,61.19,61.785,167684,0
2017-05-10,61.785,62.379,61.537,62.329,141347,0
2017-05-11,62.12,62.568,60.976,61.971,86296,0
2017-05-12,61.971,61.971,60.877,61.125,67946,0
2017-05-15,61.225,61.672,60.678,61.424,137716,0
2017-05-16,61.672,61.672,60.728,61.225,146107,0
2017-05-17,60.031,60.33,58.688,58.937,163473,0
2017-05-18,58.838,59.584,58.201,59.335,254402,0
2017-05-19,59.434,60.28,59.434,59.584,247197,0
2017-05-22,60.031,61.026,59.882,60.976,123981,0
2017-05-23,61.026,61.374,60.33,61.026,112835,0
2017-05-24,61.275,61.623,60.728,61.573,146774,0
2017-05-25,61.871,61.992,60.728,60.976,98784,0
2017-05-26,60.926,61.523,60.578,61.324,91204,0
2017-05-30,61.125,61.374,60.628,61.076,97918,0
2017-05-31,60.926,61.573,60.031,61.424,179584,0
2017-06-01,61.672,63.364,61.026,62.966,272218,0
2017-06-02,63.165,64.159,62.717,63.562,204149,0
2017-06-05,63.562,64.11,62.816,62.816,103751,0
2017-06-06,62.518,62.518,61.026,61.275,127662,0
2017-06-07,61.374,61.822,60.18,60.28,143659,0
2017-06-08,60.18,60.603,59.633,60.578,329062,0
2017-06-09,60.976,62.319,60.777,61.722,232498,0
2017-06-12,61.722,62.468,60.877,60.976,152760,0
2017-06-13,61.076,61.822,60.827,61.275,131828,0
2017-06-14,61.275,61.275,59.932,60.23,124833,0
2017-06-15,59.285,60.429,59.136,60.33,125456,0
2017-06-16,59.832,60.429,59.584,59.882,334791,0
2017-06-19,60.28,60.479,59.584,60.081,196244,0
2017-06-20,59.633,59.882,58.639,58.838,111227,0
2017-06-21,58.788,58.788,57.495,57.544,118661,0
2017-06-22,57.296,58.241,56.798,58.042,138557,0
2017-06-23,58.092,58.44,57.644,57.992,716205,0
2017-06-26,58.092,58.788,57.893,58.44,142572,0
2017-06-27,58.589,58.838,57.544,57.544,166284,0
2017-06-28,57.893,58.539,57.893,58.489,135550,0
2017-06-29,58.589,58.639,57.345,57.594,118968,0
2017-06-30,57.743,59.186,57.644,58.738,172818,0
2017-07-03,59.036,59.683,58.937,59.335,61337,0
2017-07-05,59.385,59.385,58.241,59.136,80185,0
2017-07-06,58.838,59.285,58.34,58.589,140569,0
2017-07-07,58.887,59.235,58.29,59.186,86814,0
2017-07-10,58.688,59.534,58.44,59.235,130839,0
2017-07-11,59.036,59.534,58.539,59.434,158682,0
2017-07-12,59.882,60.33,58.241,58.838,227380,0
2017-07-13,58.987,58.987,57.196,58.042,220388,0
2017-07-14,58.092,58.29,57.345,57.743,362260,0
2017-07-17,57.743,58.887,57.445,58.887,281140,0
2017-07-18,58.539,58.539,57.097,57.196,215605,0
2017-07-19,57.594,57.594,56.599,57.047,228042,0
2017-07-20,57.097,57.594,56.848,57.296,114294,0
2017-07-21,57.743,57.743,56.251,56.55,128271,0
2017-07-24,56.5,56.898,56.251,56.699,146912,0
2017-07-25,57.147,57.843,56.55,57.345,145346,0
2017-07-26,57.445,57.445,56.301,56.4,95018,0
2017-07-27,56.699,56.848,56.301,56.4,205293,0
2017-07-28,56.152,56.55,55.704,56.152,158218,0
2017-07-31,56.251,56.4,55.853,56.202,127114,0
2017-08-01,56.5,56.5,55.804,56.152,120976,0
2017-08-02,56.152,56.301,55.306,55.456,157464,0
2017-08-03,55.207,55.754,54.635,54.709,234379,0
2017-08-04,54.958,55.754,54.56,55.704,375512,0
2017-08-07,55.754,56.4,55.605,55.754,237417,0
2017-08-08,55.804,56.301,55.356,55.704,143774,0
2017-08-09,55.406,55.53,54.958,55.207,227918,0
2017-08-10,55.008,55.306,54.411,54.61,368253,0
2017-08-11,54.6,56.5,54.05,55.45,409562,0
2017-08-14,56.15,57.3,55.85,57.25,309452,0
2017-08-15,57.45,57.45,56.3,56.5,237577,0
2017-08-16,56.65,57.15,56.0,56.3,285003,0
2017-08-17,56.15,56.6,55.05,55.1,336726,0
2017-08-18,54.6,55.15,54.35,54.4,409722,0
2017-08-21,54.35,54.95,54.05,54.15,252682,0
2017-08-22,54.4,55.05,54.35,54.7,195028,0
2017-08-23,54.4,55.1,54.0,54.95,201460,0
2017-08-24,55.15,55.5,54.9,55.25,143335,0
2017-08-25,55.6,56.15,55.45,56.0,245045,0
2017-08-28,56.2,56.45,55.625,55.8,182165,0
2017-08-29,55.4,56.25,55.25,56.05,159361,0
2017-08-30,56.1,57.0,56.0,56.75,116274,0
2017-08-31,56.95,57.1,56.4,57.0,181777,0
2017-09-01,57.15,58.05,56.75,57.75,127450,0
2017-09-05,57.65,57.95,56.8,57.05,144022,0
2017-09-06,57.45,58.7,57.25,58.45,312437,0
2017-09-07,58.5,58.5,57.1,57.65,150017,0
2017-09-08,57.5,58.25,57.2,58.15,110676,0
2017-09-11,58.5,58.85,58.2,58.8,97059,0
2017-09-12,58.95,59.3,58.8,59.15,108770,0
2017-09-13,59.1,59.7,59.0,59.55,94374,0
2017-09-14,59.3,59.55,59.1,59.3,162321,0
2017-09-15,59.4,60.475,59.05,60.25,328039,0
2017-09-18,60.35,61.15,60.0,60.7,235637,0
2017-09-19,60.7,60.9,60.25,60.85,120325,0
2017-09-20,61.0,61.5,60.85,61.25,161705,0
2017-09-21,61.35,61.6,61.15,61.5,135598,0
2017-09-22,61.55,62.2,61.35,61.85,136588,0
2017-09-25,61.9,63.05,61.9,62.55,191653,0
2017-09-26,62.7,63.35,62.35,63.15,139338,0
2017-09-27,63.4,65.45,63.134,64.65,253917,0
2017-09-28,64.5,64.9,63.85,64.8,137455,0
2017-09-29,64.85,66.05,64.65,65.8,241362,0
2017-10-02,66.05,66.85,65.05,66.8,206846,0
2017-10-03,66.95,67.05,66.375,66.5,218304,0
2017-10-04,66.35,66.55,65.75,65.85,253347,0
2017-10-05,65.85,66.05,65.35,65.35,139865,0
2017-10-06,65.5,65.85,65.0,65.0,180295,0
2017-10-09,64.55,65.3,63.8,64.25,190707,0
2017-10-10,64.65,64.7,63.7,63.75,153415,0
2017-10-11,64.75,64.75,63.15,63.55,216387,0
2017-10-12,63.4,64.05,63.35,63.55,208034,0
2017-10-13,63.85,64.05,63.2,63.55,118019,0
2017-10-16,64.1,65.15,63.55,63.9,105036,0
2017-10-17,64.15,64.5,63.7,63.95,130765,0
2017-10-18,64.25,65.5,64.25,65.1,158019,0
2017-10-19,64.6,65.05,64.15,64.95,165064,0
2017-10-20,65.5,66.0,65.35,65.65,167474,0
2017-10-23,65.65,65.65,64.75,65.2,200604,0
2017-10-24,65.55,66.85,64.8,65.95,258058,0
2017-10-25,66.75,70.05,64.35,65.0,230219,0
2017-10-26,65.45,65.6,64.95,65.2,241166,0
2017-10-27,65.15,65.15,63.75,64.75,143937,0
2017-10-30,64.05,64.05,62.7,63.4,201428,0
2017-10-31,64.0,64.2,63.55,63.65,322381,0
2017-11-01,64.35,64.35,62.45,63.7,282108,0
2017-11-02,63.45,63.8,62.95,63.3,218241,0
2017-11-03,63.35,63.35,62.7,62.85,185233,0
2017-11-06,62.95,63.05,62.3,62.4,178430,0
2017-11-07,62.35,62.475,61.85,61.85,186924,0
2017-11-08,61.75,62.075,61.75,61.75,297154,0
2017-11-09,61.4,62.05,60.7,61.05,292895,0
2017-11-10,60.95,62.05,60.5,61.6,177784,0
