Date,Open,High,Low,Close,Volume,OpenInt
2014-01-02,47.11,47.18,46.42,46.53,935107,0
2014-01-03,46.68,46.96,46.27,46.45,960420,0
2014-01-06,46.4,46.58,45.8,46.11,1754500,0
2014-01-07,46.25,47.14,46.01,47.01,1480000,0
2014-01-08,46.99,47.26,46.65,46.68,2228400,0
2014-01-09,46.78,47.91,46.76,47.62,1687625,0
2014-01-10,47.78,48.24,47.63,48.2,1425300,0
2014-01-13,48.17,48.17,45.86,46.3,2134400,0
2014-01-14,46.27,47.52,46.22,47.44,1538600,0
2014-01-15,47.56,49.49,47.35,49.15,2829200,0
2014-01-16,49.2,49.22,48.25,48.74,1180853,0
2014-01-17,48.7,49.06,48.36,48.58,1369000,0
2014-01-21,48.87,49.0,48.35,48.95,1227900,0
2014-01-22,48.93,49.45,48.68,49.18,1724500,0
2014-01-23,48.77,49.71,48.53,49.61,2466200,0
2014-01-24,49.33,49.39,48.12,48.34,1987400,0
2014-01-27,48.49,48.72,47.37,47.84,1652300,0
2014-01-28,47.81,48.49,47.64,48.35,1162700,0
2014-01-29,47.98,48.34,47.41,47.55,1379600,0
2014-01-30,47.94,48.68,47.68,48.47,1326700,0
2014-01-31,47.97,48.07,47.46,47.68,1884400,0
2014-02-03,48.88,49.5,45.59,46.01,6602985,0
2014-02-04,46.12,46.96,46.09,46.49,3047404,0
2014-02-05,46.43,47.79,46.2,47.42,5658159,0
2014-02-06,54.99,57.76,54.8,57.18,14583750,0
2014-02-07,56.99,57.2,56.25,56.64,4850076,0
2014-02-10,56.41,58.05,56.41,58.01,4644589,0
2014-02-11,58.12,59.95,57.86,59.79,4894953,0
2014-02-12,59.77,61.11,59.07,59.14,4761710,0
2014-02-13,58.64,59.94,58.63,59.71,3855139,0
2014-02-14,59.66,60.17,58.81,60.03,6328200,0
2014-02-18,60.0,60.81,59.72,60.62,2775039,0
2014-02-19,60.61,60.81,60.04,60.52,2929685,0
2014-02-20,60.7,61.61,60.5,61.55,2139764,0
2014-02-21,61.65,62.5,61.27,61.73,2487030,0
2014-02-24,61.65,63.14,61.41,62.64,3047186,0
2014-02-25,62.75,62.88,61.51,61.67,2315080,0
2014-02-26,62.12,62.41,61.42,61.48,2391148,0
2014-02-27,61.8,62.74,61.8,62.74,2541263,0
2014-02-28,62.83,63.15,60.92,61.13,2614304,0
2014-03-03,60.49,61.39,60.01,61.26,2165892,0
2014-03-04,61.95,62.65,61.77,62.64,1925494,0
2014-03-05,62.67,62.79,61.49,61.51,2026978,0
2014-03-06,61.79,62.14,61.19,61.37,2075217,0
2014-03-07,61.81,62.01,60.75,61.0,1762832,0
2014-03-10,61.19,61.19,59.08,59.39,3222485,0
2014-03-11,59.71,60.93,58.88,60.23,2873751,0
2014-03-12,59.57,60.48,59.0,60.44,1785376,0
2014-03-13,60.64,60.95,58.67,59.03,1473059,0
2014-03-14,58.74,59.93,58.541,59.53,1439354,0
2014-03-17,59.96,60.71,59.48,59.8,1274073,0
2014-03-18,59.99,60.9,59.69,60.61,1742163,0
2014-03-19,60.54,60.885,59.89,60.11,1910478,0
2014-03-20,60.04,62.92,59.7,61.96,4060902,0
2014-03-21,62.68,62.74,60.47,60.72,3392576,0
2014-03-24,60.95,61.16,58.55,59.58,2977554,0
2014-03-25,60.0,60.53,56.8,57.86,4488399,0
2014-03-26,58.65,58.92,57.21,57.75,2679800,0
2014-03-27,57.5,58.63,56.52,58.11,2627940,0
2014-03-28,58.44,59.23,57.84,58.24,1446109,0
2014-03-31,58.55,59.13,58.05,58.21,1726241,0
2014-04-01,58.76,59.71,58.59,59.62,1579659,0
2014-04-02,59.46,59.76,58.1,58.18,2433223,0
2014-04-03,58.25,58.35,56.23,56.44,2937031,0
2014-04-04,57.1,57.1,53.47,54.35,4903848,0
2014-04-07,54.12,54.6,53.11,53.84,3551889,0
2014-04-08,54.0,54.76,53.55,54.45,2253869,0
2014-04-09,54.75,55.22,54.45,55.18,2470935,0
2014-04-10,55.49,55.49,52.82,52.88,3100787,0
2014-04-11,52.61,53.4,51.79,52.61,3544453,0
2014-04-14,53.1,54.13,52.41,52.96,2105107,0
2014-04-15,52.96,53.85,51.67,53.57,2377523,0
2014-04-16,53.81,54.55,53.28,54.52,1888336,0
2014-04-17,54.33,54.75,53.69,54.3,1367276,0
2014-04-21,54.48,54.78,53.84,54.42,989518,0
2014-04-22,54.43,55.436,54.19,54.71,1492459,0
2014-04-23,54.67,55.1,53.31,53.77,2456495,0
2014-04-24,54.51,54.7,52.54,53.35,1753468,0
2014-04-25,53.09,53.3,51.67,52.03,2197159,0
2014-04-28,52.57,52.75,50.57,51.14,3286354,0
2014-04-29,51.35,52.54,50.52,52.48,3595332,0
2014-04-30,52.39,53.29,51.65,53.07,1972812,0
2014-05-01,53.49,55.17,53.08,54.53,4442585,0
2014-05-02,55.24,56.75,53.02,53.18,7191155,0
2014-05-05,53.03,54.3,52.54,54.13,2298745,0
2014-05-06,53.7,54.24,52.155,52.4,1906763,0
2014-05-07,52.48,52.96,51.1,51.86,2600148,0
2014-05-08,51.6,52.73,51.42,52.21,2171150,0
2014-05-09,52.32,53.07,51.86,52.82,1463440,0
2014-05-12,52.94,53.83,52.8,53.43,1873036,0
2014-05-13,53.8,54.25,53.19,53.3,1739357,0
2014-05-14,54.41,55.2,54.04,54.06,2932004,0
2014-05-15,53.84,54.03,52.4,53.51,1811421,0
2014-05-16,53.59,53.59,52.51,53.33,1438099,0
2014-05-19,53.1,54.0,52.55,53.34,2320336,0
2014-05-20,53.18,53.37,51.99,52.24,2242121,0
2014-05-21,52.36,53.965,51.76,53.88,2432293,0
2014-05-22,53.92,53.97,53.17,53.48,1175513,0
2014-05-23,53.71,53.84,53.08,53.65,894422,0
2014-05-27,54.01,54.72,53.86,54.61,1586644,0
2014-05-28,54.72,54.79,53.85,54.35,1718620,0
2014-05-29,54.4,54.92,54.04,54.77,2006918,0
2014-05-30,54.89,54.92,54.01,54.34,1301603,0
2014-06-02,54.56,54.71,53.53,54.36,1474454,0
2014-06-03,54.05,55.31,53.95,55.09,1796805,0
2014-06-04,54.78,55.54,54.51,55.19,1393854,0
2014-06-05,55.16,56.1,54.84,55.9,1652888,0
2014-06-06,56.32,57.66,56.03,57.47,2697834,0
2014-06-09,57.46,58.57,57.37,58.13,2735038,0
2014-06-10,57.97,58.36,57.6,58.11,2035503,0
2014-06-11,57.78,58.49,57.39,58.3,1179546,0
2014-06-12,58.01,58.945,57.782,58.51,1600509,0
2014-06-13,58.59,58.98,58.33,58.84,1348126,0
2014-06-16,58.72,60.9,58.34,60.25,3429677,0
2014-06-17,60.58,61.775,60.36,60.59,3779341,0
2014-06-18,60.58,61.13,60.05,61.07,1652774,0
2014-06-19,61.19,61.38,60.72,61.33,1306333,0
2014-06-20,61.47,61.47,60.76,61.22,1890674,0
2014-06-23,61.0,62.35,60.95,62.12,1892891,0
2014-06-24,62.19,62.76,61.39,61.61,1210041,0
2014-06-25,61.44,61.68,60.62,61.17,1947909,0
2014-06-26,61.36,61.44,60.4,61.03,1209466,0
2014-06-27,60.88,61.08,60.578,61.01,899088,0
2014-06-30,61.0,61.37,60.79,61.06,1121838,0
2014-07-01,61.1,61.77,61.06,61.63,1461476,0
2014-07-02,61.48,62.11,61.48,61.84,1414600,0
2014-07-03,61.92,62.2,61.83,62.01,773696,0
2014-07-07,62.0,62.36,61.65,61.89,1997242,0
2014-07-08,61.9,62.0,59.49,59.75,2666924,0
2014-07-09,60.35,61.1,60.0,60.69,2729346,0
2014-07-10,59.75,60.45,59.47,60.07,1403691,0
2014-07-11,60.07,60.21,59.76,59.9,2225902,0
2014-07-14,60.31,61.338,60.23,60.34,1409470,0
2014-07-15,60.06,60.85,59.23,59.72,1379017,0
2014-07-16,59.72,59.86,58.8,59.11,1977226,0
2014-07-17,58.94,59.58,58.21,58.32,1394282,0
2014-07-18,58.63,59.36,58.32,59.24,1612695,0
2014-07-21,58.96,59.13,58.37,58.49,1043368,0
2014-07-22,58.81,59.22,58.71,58.92,1230694,0
2014-07-23,58.98,59.03,58.46,58.49,909634,0
2014-07-24,59.53,59.9,59.0,59.8,2376903,0
2014-07-25,59.6,59.85,59.285,59.71,1197173,0
2014-07-28,59.82,59.98,59.34,59.44,2399432,0
2014-07-29,60.37,60.48,58.89,59.0,2224025,0
2014-07-30,59.55,61.01,59.55,60.73,5170754,0
2014-07-31,58.13,61.24,58.13,59.02,5135191,0
2014-08-01,58.79,59.65,56.89,57.09,3808628,0
2014-08-04,57.1,57.79,56.83,57.62,1697465,0
2014-08-05,57.22,57.73,56.42,56.86,1820456,0
2014-08-06,56.7,56.94,56.41,56.54,1492589,0
2014-08-07,57.09,57.333,56.51,56.55,1258429,0
2014-08-08,56.64,57.577,56.4,57.52,1446194,0
2014-08-11,57.92,58.195,57.51,57.98,975404,0
2014-08-12,57.95,57.96,57.16,57.525,830875,0
2014-08-13,57.81,58.73,57.54,58.7,1154142,0
2014-08-14,58.63,59.1,58.53,59.01,1402907,0
2014-08-15,59.47,59.79,59.02,59.66,2227960,0
2014-08-18,60.0,60.72,59.94,60.7,1255633,0
2014-08-19,60.63,60.99,60.54,60.89,880080,0
2014-08-20,60.7,61.0,60.32,60.95,936500,0
2014-08-21,60.95,61.16,60.598,60.86,834163,0
2014-08-22,60.98,61.16,59.96,60.42,1099697,0
2014-08-25,60.42,60.8,60.16,60.49,650391,0
2014-08-26,60.41,60.85,60.35,60.56,666601,0
2014-08-27,60.84,61.35,60.34,60.5,1466410,0
2014-08-28,60.18,60.419,59.83,60.02,1232599,0
2014-08-29,60.36,60.68,60.15,60.42,1135164,0
2014-09-02,60.5,60.99,60.38,60.69,1406575,0
2014-09-03,60.45,60.99,60.32,60.37,962858,0
2014-09-04,60.57,61.27,60.33,60.42,1119110,0
2014-09-05,61.1,61.67,60.61,61.54,1525114,0
2014-09-08,61.24,62.49,61.09,61.81,1103985,0
2014-09-09,61.89,61.97,61.05,61.17,788167,0
2014-09-10,61.15,62.1,60.84,62.05,1097282,0
2014-09-11,62.0,62.63,61.59,62.32,1091998,0
2014-09-12,62.36,62.88,62.109,62.47,1626321,0
2014-09-15,62.41,62.77,61.0,61.35,1874931,0
2014-09-16,61.22,62.53,61.02,62.16,1587505,0
2014-09-17,61.91,63.18,61.91,62.31,1846151,0
2014-09-18,62.5,64.37,62.28,64.35,2470077,0
2014-09-19,64.38,64.74,62.01,62.42,3408100,0
2014-09-22,62.23,62.23,60.7,61.405,1759211,0
2014-09-23,61.23,61.47,60.62,60.64,1085850,0
2014-09-24,60.62,61.745,60.18,61.505,1278239,0
2014-09-25,61.48,61.85,59.5,59.51,1872875,0
2014-09-26,60.04,60.154,59.52,59.83,1196334,0
2014-09-29,58.94,59.9,58.57,59.74,1370312,0
2014-09-30,60.11,60.24,59.37,59.8,1067433,0
2014-10-01,59.51,59.71,57.9,58.24,1742774,0
2014-10-02,58.23,58.83,57.44,58.09,1556823,0
2014-10-03,58.55,60.1,58.45,59.74,1633909,0
2014-10-06,59.98,60.36,59.03,59.15,1000398,0
2014-10-07,58.91,59.03,57.63,57.65,1438052,0
2014-10-08,57.5,59.26,57.2,59.07,1528109,0
2014-10-09,58.81,59.48,58.02,58.25,1317218,0
2014-10-10,58.06,58.8,56.53,56.55,1551928,0
2014-10-13,56.34,57.21,55.5,55.55,1538881,0
2014-10-14,56.08,57.27,55.61,55.65,2074893,0
2014-10-15,54.99,55.42,53.85,54.63,3556935,0
2014-10-16,52.28,54.05,51.74,53.38,5585763,0
2014-10-17,54.0,54.43,53.31,53.84,2222736,0
2014-10-20,53.66,54.4,53.52,53.99,2337563,0
2014-10-21,54.41,55.38,54.29,55.01,2214565,0
2014-10-22,55.03,55.34,53.93,53.95,1534042,0
2014-10-23,54.58,55.03,54.36,54.53,1553944,0
2014-10-24,54.73,55.31,54.14,55.28,1104209,0
2014-10-27,55.08,55.36,54.37,55.29,1287666,0
2014-10-28,55.66,57.41,55.41,57.15,2360315,0
2014-10-29,57.09,57.35,55.98,56.21,3960331,0
2014-10-30,55.92,59.86,55.78,59.83,4409779,0
2014-10-31,60.97,61.27,60.0,60.3,3739678,0
2014-11-03,60.18,60.91,59.61,59.72,1181786,0
2014-11-04,59.61,60.09,58.99,59.63,1158623,0
2014-11-05,59.92,59.99,58.57,59.015,1404290,0
2014-11-06,59.26,59.659,58.49,59.63,1291816,0
2014-11-07,59.71,60.18,59.43,60.135,1140061,0
2014-11-10,60.32,61.19,60.12,61.07,1537661,0
2014-11-11,61.09,61.31,60.73,61.05,686391,0
2014-11-12,60.88,61.28,60.33,60.78,738017,0
2014-11-13,60.99,61.27,60.18,60.45,828640,0
2014-11-14,60.5,63.045,60.33,62.925,2975738,0
2014-11-17,62.56,63.42,61.88,62.03,1686825,0
2014-11-18,62.01,62.63,61.92,62.16,893195,0
2014-11-19,62.14,62.14,61.42,61.565,882429,0
2014-11-20,61.0,63.15,60.67,63.115,1700954,0
2014-11-21,63.89,63.97,63.23,63.73,1691462,0
2014-11-24,63.89,64.38,63.7,64.15,1164905,0
2014-11-25,64.15,64.62,63.96,64.02,1202551,0
2014-11-26,64.23,64.57,63.77,64.21,841128,0
2014-11-28,64.29,65.39,63.9,64.61,789100,0
2014-12-01,64.12,64.2,62.96,63.06,1573062,0
2014-12-02,63.01,63.69,62.79,63.23,1061594,0
2014-12-03,63.45,63.55,62.58,63.24,1476465,0
2014-12-04,63.33,64.32,63.02,64.23,1428488,0
2014-12-05,64.22,64.43,63.6,64.01,868763,0
2014-12-08,63.58,64.1,62.28,62.59,1140504,0
2014-12-09,62.02,62.56,61.41,62.4,1517838,0
2014-12-10,62.14,62.8,61.05,61.09,1325465,0
2014-12-11,61.64,63.06,61.64,61.98,1463255,0
2014-12-12,61.33,62.17,60.77,60.8,1380978,0
2014-12-15,61.27,61.87,60.22,60.51,1652694,0
2014-12-16,60.43,61.37,59.86,59.92,1679595,0
2014-12-17,59.99,61.65,59.89,61.48,1075105,0
2014-12-18,62.25,62.6,61.82,62.5,1455069,0
2014-12-19,62.77,63.46,62.52,63.2,3206143,0
2014-12-22,63.26,64.09,63.2,64.06,899374,0
2014-12-23,64.27,64.7,64.115,64.59,812851,0
2014-12-24,64.65,64.77,64.34,64.34,353632,0
2014-12-26,64.34,65.06,64.0,64.79,740513,0
2014-12-29,64.47,64.78,63.37,63.79,942604,0
2014-12-30,63.88,65.21,63.84,64.07,1096522,0
2014-12-31,64.45,64.55,62.85,62.96,891416,0
2015-01-02,63.48,63.9,62.52,63.25,851990,0
2015-01-05,61.49,62.34,60.756,61.94,2237401,0
2015-01-06,62.19,62.19,60.1,60.67,1411606,0
2015-01-07,60.9,60.96,59.93,60.16,1848677,0
2015-01-08,60.86,61.86,60.6,61.57,1207365,0
2015-01-09,61.12,62.04,60.71,60.78,1171259,0
2015-01-12,61.37,61.59,59.94,60.75,1435126,0
2015-01-13,61.57,62.33,60.05,60.79,1521825,0
2015-01-14,60.41,60.61,59.06,59.71,2043675,0
2015-01-15,59.8,60.31,58.55,58.63,1460562,0
2015-01-16,58.51,59.28,58.16,59.22,1121626,0
2015-01-20,59.62,59.93,59.08,59.65,1320865,0
2015-01-21,59.27,60.52,59.12,60.26,1314850,0
2015-01-22,60.37,60.64,59.46,60.64,1509550,0
2015-01-23,60.64,61.29,60.47,61.02,1287722,0
2015-01-26,61.11,61.41,60.58,61.17,675534,0
2015-01-27,60.37,61.06,59.49,60.29,1118636,0
2015-01-28,60.88,60.88,58.98,58.99,1096792,0
2015-01-29,58.82,60.09,58.25,59.95,1414367,0
2015-01-30,59.4,59.65,58.07,58.15,1547955,0
2015-02-02,58.6,58.6,56.85,58.49,1366381,0
2015-02-03,58.68,60.23,58.68,60.115,1308034,0
2015-02-04,60.16,60.75,59.86,59.95,1598292,0
2015-02-05,60.28,60.95,60.02,60.49,1446044,0
2015-02-06,60.45,61.8,60.44,61.13,1799572,0
2015-02-09,60.95,61.57,60.59,60.96,1822180,0
2015-02-10,61.3,62.37,60.3,62.21,3534819,0
2015-02-11,64.93,65.2,62.9,63.75,4859311,0
2015-02-12,64.33,67.7,63.8,67.59,4207819,0
2015-02-13,67.61,69.1,67.34,68.77,2862467,0
2015-02-17,68.82,70.86,68.0,70.36,3549750,0
2015-02-18,70.1,70.58,69.67,70.29,1631028,0
2015-02-19,70.08,71.72,70.0,71.56,1903642,0
2015-02-20,71.6,71.83,70.98,71.62,1401517,0
2015-02-23,71.7,71.8,70.03,70.24,1705098,0
2015-02-24,70.0,70.83,69.77,70.12,1086785,0
2015-02-25,70.01,70.52,69.2,69.45,1710802,0
2015-02-26,69.54,70.27,69.044,69.555,991724,0
2015-02-27,69.44,69.75,68.8,69.51,1434958,0
2015-03-02,69.8,71.15,69.56,71.13,2072600,0
2015-03-03,69.91,70.63,69.69,69.86,1209900,0
2015-03-04,69.42,71.05,69.28,71.05,2362100,0
2015-03-05,71.28,71.55,70.6,71.09,1694200,0
2015-03-06,70.63,71.19,69.81,69.96,1544000,0
2015-03-09,69.97,70.16,69.4,69.6,1581300,0
2015-03-10,69.1,69.71,68.51,69.2,1830900,0
2015-03-11,69.49,70.66,69.39,70.36,1661800,0
2015-03-12,70.3,71.11,70.11,71.02,1444100,0
2015-03-13,71.04,71.3,70.22,70.81,1364200,0
2015-03-16,71.15,72.15,71.0,72.08,1448700,0
2015-03-17,71.57,72.41,71.08,72.06,1162500,0
2015-03-18,71.7,73.2,71.38,72.88,1281000,0
2015-03-19,72.8,73.16,72.47,72.75,1138800,0
2015-03-20,73.31,73.53,72.79,72.87,1693600,0
2015-03-23,72.95,73.53,72.53,73.14,1216000,0
2015-03-24,73.2,73.42,72.58,72.61,898600,0
2015-03-25,72.48,72.53,70.64,70.64,1362100,0
2015-03-26,69.97,71.17,69.35,71.04,1593500,0
2015-03-27,70.99,71.51,70.51,71.29,820600,0
2015-03-30,71.66,72.24,71.43,71.9,972500,0
2015-03-31,71.5,71.72,71.03,71.045,1329644,0
2015-04-01,70.98,70.98,69.88,70.31,1210500,0
2015-04-02,70.33,71.0,70.24,70.84,957400,0
2015-04-06,70.52,71.48,70.5,70.92,1445100,0
2015-04-07,71.05,71.77,71.0,71.08,924042,0
2015-04-08,71.19,71.89,71.01,71.79,831900,0
2015-04-09,71.68,71.78,70.86,71.26,923507,0
2015-04-10,71.19,71.5,70.96,71.45,705800,0
2015-04-13,71.44,71.9,71.31,71.34,1033900,0
2015-04-14,71.21,71.61,70.37,71.14,961600,0
2015-04-15,71.28,71.64,70.79,71.34,1136962,0
2015-04-16,71.05,72.67,71.0,72.49,1358941,0
2015-04-17,71.75,72.19,71.44,71.9,2009600,0
2015-04-20,72.0,73.68,72.0,73.46,1600839,0
2015-04-21,74.07,75.41,73.98,75.3,2200156,0
2015-04-22,75.69,76.12,75.5,76.02,1605447,0
2015-04-23,75.83,76.72,75.7,76.27,1190100,0
2015-04-24,76.33,76.38,75.57,75.74,1196024,0
2015-04-27,76.1,77.28,75.85,77.04,1882300,0
2015-04-28,77.1,77.31,75.995,76.07,2694529,0
2015-04-29,73.51,75.46,73.0,75.13,4749300,0
2015-04-30,74.61,74.91,73.23,73.78,2280900,0
2015-05-01,73.95,74.7,73.75,74.66,1365300,0
2015-05-04,74.74,75.38,74.37,75.1,1024400,0
2015-05-05,74.62,75.56,74.27,75.36,2157600,0
2015-05-06,75.62,75.62,74.6,75.04,1524691,0
2015-05-07,75.17,75.57,74.55,75.24,1169860,0
2015-05-08,75.73,76.62,75.67,76.43,1334400,0
2015-05-11,76.15,76.85,75.65,76.1,1326300,0
2015-05-12,75.49,76.05,74.7,75.97,1146222,0
2015-05-13,76.26,76.68,75.84,76.12,826134,0
2015-05-14,76.68,78.44,76.31,78.36,1532200,0
2015-05-15,78.2,78.32,77.18,77.96,2326856,0
2015-05-18,77.85,78.07,77.5,77.94,1298721,0
2015-05-19,77.34,78.0,77.16,77.3,1138656,0
2015-05-20,77.47,77.49,76.56,76.91,869107,0
2015-05-21,76.91,77.87,76.64,77.64,723200,0
2015-05-22,77.41,77.87,77.36,77.66,980200,0
2015-05-26,77.59,77.6,76.52,76.925,879771,0
2015-05-27,77.05,78.09,77.01,77.74,1201400,0
2015-05-28,77.32,77.74,76.97,77.03,753931,0
2015-05-29,76.76,76.95,76.01,76.27,1791900,0
2015-06-01,76.38,76.5,74.71,75.23,2269523,0
2015-06-02,75.02,75.89,74.86,75.46,1753594,0
2015-06-03,75.81,76.41,75.36,76.02,1203300,0
2015-06-04,75.56,75.97,74.99,75.14,1067700,0
2015-06-05,74.87,75.37,74.57,75.24,1792300,0
2015-06-08,75.21,75.88,74.81,74.89,1368800,0
2015-06-09,73.22,73.87,72.19,72.9,2616746,0
2015-06-10,73.25,74.94,73.03,74.61,1517790,0
2015-06-11,74.65,74.99,73.88,74.05,903162,0
2015-06-12,73.83,74.39,73.37,73.44,764500,0
2015-06-15,72.66,72.97,72.18,72.5,1116500,0
2015-06-16,72.5,73.19,72.5,72.85,711300,0
2015-06-17,72.88,73.34,72.29,72.81,919400,0
2015-06-18,72.84,73.58,72.62,73.27,1121900,0
2015-06-19,73.24,73.33,72.28,72.29,2028500,0
2015-06-22,72.79,73.52,72.55,73.01,1383500,0
2015-06-23,72.94,73.08,72.03,72.23,1441979,0
2015-06-24,72.22,72.48,70.9,71.32,1509700,0
2015-06-25,71.4,71.8,71.09,71.37,1462200,0
2015-06-26,71.44,71.45,70.65,71.13,1390400,0
2015-06-29,70.29,70.84,69.13,69.18,1165700,0
2015-06-30,69.83,70.29,69.55,69.82,1678578,0
2015-07-01,70.3,70.91,70.01,70.37,962300,0
2015-07-02,70.47,70.59,69.22,69.91,1142500,0
2015-07-06,69.21,69.94,69.11,69.76,1005900,0
2015-07-07,70.08,70.19,68.72,70.11,1244700,0
2015-07-08,69.81,69.96,68.83,68.86,1171200,0
2015-07-09,69.58,70.36,69.14,69.3,1561000,0
2015-07-10,70.3,70.3,69.57,69.98,939600,0
2015-07-13,70.44,71.79,70.1,71.67,1106800,0
2015-07-14,71.72,72.95,71.4,72.29,1138420,0
2015-07-15,72.25,72.89,71.79,72.06,924564,0
2015-07-16,72.23,72.89,72.21,72.63,688200,0
2015-07-17,72.74,73.0,72.28,72.72,1070400,0
2015-07-20,72.62,73.93,72.16,73.48,1068600,0
2015-07-21,73.4,73.74,72.5,72.55,1059200,0
2015-07-22,72.64,73.05,72.28,72.75,1078100,0
2015-07-23,72.94,74.18,72.56,73.51,1030000,0
2015-07-24,73.67,73.93,72.14,72.52,1237800,0
2015-07-27,72.21,72.38,71.04,71.63,1365800,0
2015-07-28,72.13,73.83,71.25,73.65,2524400,0
2015-07-29,68.05,73.55,67.13,73.21,9972363,0
2015-07-30,72.68,75.95,72.23,74.96,4404500,0
2015-07-31,75.04,76.98,74.4,76.71,3480100,0
2015-08-03,76.04,76.55,74.98,75.75,1987722,0
2015-08-04,75.82,76.29,75.25,75.61,1414300,0
2015-08-05,76.06,76.48,75.61,76.03,1677600,0
2015-08-06,75.98,76.0,73.94,74.42,1241561,0
2015-08-07,74.54,74.63,73.53,74.53,968600,0
2015-08-10,74.98,75.39,74.62,75.01,1087500,0
2015-08-11,74.69,74.69,72.43,72.96,1969194,0
2015-08-12,72.61,74.19,71.76,73.92,1429300,0
2015-08-13,73.82,74.5,73.47,73.84,1129500,0
2015-08-14,73.38,73.84,72.73,73.37,1328600,0
2015-08-17,73.01,73.6,72.32,73.57,1027100,0
2015-08-18,73.96,74.19,73.23,73.85,1222000,0
2015-08-19,73.78,73.9,72.29,73.06,881900,0
2015-08-20,72.3,72.57,69.77,69.78,2107000,0
2015-08-21,69.19,70.0,67.91,68.04,2310800,0
2015-08-24,65.08,68.22,63.14,66.52,3784669,0
2015-08-25,68.24,68.99,65.59,65.63,3113500,0
2015-08-26,67.07,68.3,65.33,68.17,2242300,0
2015-08-27,69.09,70.89,68.53,70.5,2084100,0
2015-08-28,70.59,71.97,70.2,71.9,2371900,0
2015-08-31,71.66,71.81,70.87,71.31,1767800,0
2015-09-01,69.75,71.43,69.67,70.43,2411200,0
2015-09-02,71.35,71.67,69.67,71.27,1673400,0
2015-09-03,71.86,74.71,71.54,73.26,2381600,0
2015-09-04,71.71,73.17,71.71,72.58,1607100,0
2015-09-08,73.75,74.35,73.06,74.28,1417600,0
2015-09-09,74.88,75.25,73.13,73.35,1276100,0
2015-09-10,73.28,75.03,73.19,74.55,1410940,0
2015-09-11,74.32,75.32,73.94,74.67,1372300,0
2015-09-14,74.45,74.76,73.85,74.58,1010700,0
2015-09-15,74.6,75.37,74.21,75.2,1077500,0
2015-09-16,74.17,75.02,74.12,74.82,1381100,0
2015-09-17,74.88,75.4,74.07,74.64,1704993,0
2015-09-18,73.75,74.27,71.79,71.95,3906000,0
2015-09-21,72.32,72.6,71.72,72.09,1729400,0
2015-09-22,71.44,71.55,70.11,70.61,1794100,0
2015-09-23,70.29,70.79,70.06,70.54,1762370,0
2015-09-24,70.28,70.4,69.016,69.39,1705277,0
2015-09-25,69.72,71.65,69.47,70.55,2835600,0
2015-09-28,70.07,70.91,67.75,67.96,1897936,0
2015-09-29,68.0,68.4,67.1,67.5,1344700,0
2015-09-30,68.68,69.16,68.35,69.06,2200700,0
2015-10-01,69.06,69.44,68.14,68.96,1453500,0
2015-10-02,68.18,70.24,67.44,70.23,1216200,0
2015-10-05,70.82,72.48,70.41,72.12,1363557,0
2015-10-06,72.0,72.4,71.5,72.3,1094200,0
2015-10-07,72.4,73.73,72.3,73.55,1420466,0
2015-10-08,73.12,73.91,72.85,73.8,958000,0
2015-10-09,73.8,74.04,73.29,73.46,1109700,0
2015-10-12,73.57,73.588,72.57,72.82,1085650,0
2015-10-13,72.53,72.66,71.0,71.14,1295200,0
2015-10-14,71.01,71.87,70.11,70.28,1307400,0
2015-10-15,70.79,71.69,70.38,71.56,1075400,0
2015-10-16,71.67,71.67,70.55,70.95,1279100,0
2015-10-19,70.47,70.84,70.01,70.42,1691828,0
2015-10-20,70.51,72.23,70.28,71.92,1284849,0
2015-10-21,72.12,72.28,71.05,71.16,787200,0
2015-10-22,71.71,73.95,71.52,72.53,1504400,0
2015-10-23,73.51,74.49,72.84,74.08,1402100,0
2015-10-26,73.9,75.43,73.71,75.37,1909700,0
2015-10-27,74.99,76.39,74.83,75.55,3750900,0
2015-10-28,61.91,63.2,60.25,62.91,21769200,0
2015-10-29,61.7,61.75,60.43,61.11,6395000,0
2015-10-30,61.27,62.87,60.8,60.82,4006700,0
2015-11-02,60.73,62.1,60.69,61.78,2383585,0
2015-11-03,61.65,63.55,61.41,63.11,2789507,0
2015-11-04,63.32,63.39,61.98,62.22,2043595,0
2015-11-05,62.44,62.44,61.09,61.7,1521700,0
2015-11-06,61.64,62.79,61.36,62.38,1580500,0
2015-11-09,62.19,62.33,61.15,61.83,1832379,0
2015-11-10,61.75,62.36,61.53,61.65,1707900,0
2015-11-11,61.96,62.08,61.12,61.42,1269100,0
2015-11-12,61.32,61.82,60.4,60.44,1423600,0
2015-11-13,60.43,60.65,58.56,58.57,1957100,0
2015-11-16,58.59,59.31,58.26,59.14,1777000,0
2015-11-17,59.17,59.48,58.53,58.73,1528800,0
2015-11-18,58.84,59.39,58.52,59.25,1544600,0
2015-11-19,59.84,60.0,58.8,59.21,1369400,0
2015-11-20,57.96,58.0,55.36,56.92,6647100,0
2015-11-23,56.94,57.85,56.82,56.95,2954700,0
2015-11-24,56.55,57.33,56.45,56.62,1794600,0
2015-11-25,56.97,58.1,56.82,57.68,1423000,0
2015-11-27,57.67,58.17,57.5,57.9,581700,0
2015-11-30,58.01,58.13,57.15,57.61,1832800,0
2015-12-01,57.62,58.51,57.46,57.66,1851760,0
2015-12-02,57.57,57.84,55.96,56.07,2715186,0
2015-12-03,56.31,56.625,54.53,54.81,2509593,0
2015-12-04,54.98,56.81,54.91,56.62,2532100,0
2015-12-07,56.34,56.35,55.62,55.71,1765000,0
2015-12-08,55.32,55.525,54.94,55.1,1822290,0
2015-12-09,53.72,55.31,53.23,53.27,4106900,0
2015-12-10,53.39,54.28,53.08,53.7,2067500,0
2015-12-11,53.1,53.65,51.56,51.81,2894100,0
2015-12-14,52.37,52.85,50.56,51.08,3182709,0
2015-12-15,51.32,52.54,51.13,51.76,3039500,0
2015-12-16,52.35,53.37,52.25,53.28,2513900,0
2015-12-17,53.34,53.93,52.59,52.59,2272600,0
2015-12-18,52.48,53.04,52.28,52.32,3772200,0
2015-12-21,52.82,52.95,51.99,52.67,1444700,0
2015-12-22,52.7,53.17,52.52,52.975,987234,0
2015-12-23,52.91,53.48,52.81,53.25,1338300,0
2015-12-24,53.4,53.51,52.96,53.04,410229,0
2015-12-28,53.11,53.33,52.603,53.18,927396,0
2015-12-29,53.45,53.83,52.999,53.33,1082137,0
2015-12-30,53.3,53.44,52.89,52.9,655003,0
2015-12-31,52.84,53.42,52.61,52.63,1012374,0
2016-01-04,51.8,52.32,50.91,52.31,4048199,0
2016-01-05,52.38,52.65,51.93,52.02,1284023,0
2016-01-06,51.0,51.76,50.38,50.48,2384183,0
2016-01-07,49.34,50.7,48.16,48.19,3611842,0
2016-01-08,48.51,49.18,48.05,48.1,3882288,0
2016-01-11,48.27,48.87,44.93,45.46,6487045,0
2016-01-12,46.01,48.19,46.01,46.88,5734931,0
2016-01-13,47.14,47.69,45.75,45.82,3763913,0
2016-01-14,45.98,47.26,45.1,46.91,2650144,0
2016-01-15,45.33,45.91,43.93,44.15,3467752,0
2016-01-19,44.82,45.64,43.75,45.44,3590100,0
2016-01-20,44.79,46.75,43.75,46.11,3077545,0
2016-01-21,46.33,47.82,45.8,46.21,2972972,0
2016-01-22,46.97,47.89,46.52,46.91,1716593,0
2016-01-25,46.81,46.9,45.64,45.7,1231463,0
2016-01-26,45.86,46.42,45.26,46.2,1943958,0
2016-01-27,45.7,46.44,44.15,44.35,1834796,0
2016-01-28,44.85,45.21,43.28,43.47,2411230,0
2016-01-29,43.79,45.63,43.53,45.62,2107565,0
2016-02-01,45.5,45.54,44.31,45.3,2419338,0
2016-02-02,44.96,44.96,42.68,42.94,2458011,0
2016-02-03,43.25,44.81,42.96,44.39,3375308,0
2016-02-04,44.41,45.275,43.87,44.64,2134419,0
2016-02-05,44.15,44.19,42.88,43.2,2311107,0
2016-02-08,42.51,43.0,40.22,40.98,2817746,0
2016-02-09,40.59,41.53,39.43,39.57,4822606,0
2016-02-10,46.99,49.28,44.68,47.96,13860151,0
2016-02-11,47.13,49.44,46.5,49.14,5003911,0
2016-02-12,49.57,50.9,49.28,50.76,3614421,0
2016-02-16,51.27,53.15,50.47,52.55,4121103,0
2016-02-17,53.18,54.0,52.85,53.42,2885652,0
2016-02-18,54.83,54.83,53.07,53.28,3016995,0
2016-02-19,52.9,53.14,52.0,53.13,3005239,0
2016-02-22,53.63,55.6,53.39,54.48,3322370,0
2016-02-23,54.07,54.76,53.58,53.97,3536963,0
2016-02-24,53.59,54.97,53.015,54.78,1837720,0
2016-02-25,54.92,55.0,54.15,54.96,1998989,0
2016-02-26,55.35,55.55,54.6,55.24,2879148,0
2016-02-29,55.29,55.54,53.97,53.97,3571432,0
2016-03-01,54.37,55.57,54.0,55.53,3585089,0
2016-03-02,55.4,56.31,55.0401,56.21,2142284,0
2016-03-03,55.83,55.892,55.2,55.64,2338702,0
2016-03-04,55.65,55.98,55.03,55.57,2619482,0
2016-03-07,55.0,55.98,54.92,55.33,2704582,0
2016-03-08,54.94,55.15,54.15,54.58,2569756,0
2016-03-09,54.99,55.49,54.29,55.19,1386566,0
2016-03-10,55.24,55.43,53.9,54.64,3072663,0
2016-03-11,55.26,56.29,55.18,56.07,1115243,0
2016-03-14,55.75,55.83,55.08,55.28,1896623,0
2016-03-15,54.89,55.09,54.34,54.67,1844906,0
2016-03-16,54.29,56.0923,54.19,55.81,1610726,0
2016-03-17,55.48,56.08,55.275,56.06,1688384,0
2016-03-18,56.5,57.05,55.69,55.95,2417964,0
2016-03-21,55.85,56.36,55.685,56.29,1071877,0
2016-03-22,55.98,57.0,55.81,56.74,1193505,0
2016-03-23,56.67,56.67,54.95,55.12,1697920,0
2016-03-24,54.65,55.13,54.391,54.84,1940498,0
2016-03-28,55.1,55.31,54.57,54.93,1115552,0
2016-03-29,54.65,55.54,54.02,55.26,1013665,0
2016-03-30,55.74,55.801,54.79,55.1,1297595,0
2016-03-31,55.06,55.73,54.7,55.57,1377018,0
2016-04-01,55.14,55.31,54.244,55.22,1470794,0
2016-04-04,55.17,55.84,54.76,55.33,855826,0
2016-04-05,54.19,54.32,52.76,53.14,1804210,0
2016-04-06,53.08,54.8,53.08,54.78,1411073,0
2016-04-07,54.5,55.0,53.0,53.28,1426579,0
2016-04-08,53.59,53.95,52.2,52.38,1647853,0
2016-04-11,52.69,52.985,51.01,51.06,2133464,0
2016-04-12,51.18,51.61,49.8001,50.54,2758247,0
2016-04-13,50.76,51.97,50.6101,51.79,1372188,0
2016-04-14,51.53,52.34,51.13,51.67,1126280,0
2016-04-15,51.58,51.91,50.77,50.93,1743780,0
2016-04-18,50.54,51.98,49.87,51.75,1932522,0
2016-04-19,51.93,52.25,50.76,51.35,1584327,0
2016-04-20,51.35,51.66,50.0,51.27,1859446,0
2016-04-21,51.36,51.71,51.03,51.36,1145300,0
2016-04-22,51.26,51.81,50.64,51.13,2570859,0
2016-04-25,51.0,51.11,50.5604,51.09,1402586,0
2016-04-26,50.93,52.84,50.827,52.76,2999368,0
2016-04-27,52.1,57.5,52.03,54.85,6260873,0
2016-04-28,54.48,54.81,52.29,52.41,2108283,0
2016-04-29,52.21,52.38,50.38,50.99,2342936,0
2016-05-02,50.75,51.1772,50.03,50.94,1707947,0
2016-05-03,50.82,50.94,49.64,49.91,1704475,0
2016-05-04,49.62,49.97,49.09,49.54,1565494,0
2016-05-05,49.77,50.04,49.0923,49.51,1852173,0
2016-05-06,49.35,49.97,48.88,49.94,1225369,0
2016-05-09,49.65,50.44,49.56,50.15,1035352,0
2016-05-10,50.35,52.03,50.27,51.97,1651108,0
2016-05-11,51.77,51.86,50.58,50.72,1023408,0
2016-05-12,51.0,51.74,50.5,51.12,1406715,0
2016-05-13,50.93,51.38,50.28,50.49,1294841,0
2016-05-16,50.49,51.68,50.36,51.36,1057051,0
2016-05-17,51.2,51.75,50.705,50.965,955782,0
2016-05-18,51.03,51.4,50.44,50.97,683153,0
2016-05-19,50.68,51.29,50.06,50.68,692584,0
2016-05-20,51.05,51.99,50.95,51.73,1255035,0
2016-05-23,51.61,51.87,50.8,51.29,1374947,0
2016-05-24,51.32,52.91,51.0,52.7,996399,0
2016-05-25,52.87,53.8125,52.71,52.86,920784,0
2016-05-26,52.76,54.17,52.62,53.98,2125782,0
2016-05-27,54.0,54.5,53.64,54.2,943653,0
2016-05-31,54.42,54.78,54.18,54.58,1028501,0
2016-06-01,54.01,54.62,53.73,54.43,967532,0
2016-06-02,54.1,54.97,54.1,54.89,519267,0
2016-06-03,54.46,54.58,52.99,53.55,1102325,0
2016-06-06,53.77,54.7297,53.17,54.53,752874,0
2016-06-07,54.5,54.885,53.92,54.85,1037686,0
2016-06-08,54.99,55.4,54.81,54.92,1064403,0
2016-06-09,54.63,55.5,54.16,55.44,1224092,0
2016-06-10,54.65,55.24,52.67,52.73,1231104,0
2016-06-13,52.47,53.16,52.18,52.21,1002751,0
2016-06-14,52.09,52.69,51.97,52.66,926197,0
2016-06-15,52.66,54.058,52.66,53.27,1228242,0
2016-06-16,52.8,53.81,52.35,53.71,1095434,0
2016-06-17,53.73,53.99,53.16,53.19,1791134,0
2016-06-20,54.04,54.82,53.5,54.14,1567140,0
2016-06-21,54.42,54.74,54.14,54.7,933349,0
2016-06-22,54.66,55.24,54.57,54.71,1244882,0
2016-06-23,55.24,57.17,55.125,57.17,2208810,0
2016-06-24,54.96,55.74,53.17,53.35,2794152,0
2016-06-27,52.7,52.88,50.91,51.16,2049227,0
2016-06-28,51.96,53.43,51.88,53.05,1687510,0
2016-06-29,53.09,54.84,52.8,54.5599,1435527,0
2016-06-30,54.79,55.94,53.99,55.93,1695252,0
2016-07-01,55.81,56.33,55.2,55.5,988180,0
2016-07-05,55.1,55.5,53.81,54.25,1066348,0
2016-07-06,54.18,55.03,53.72,54.96,1150543,0
2016-07-07,55.0,55.385,54.675,54.94,809863,0
2016-07-08,55.5,56.64,54.86,56.38,1586526,0
2016-07-11,56.66,57.4,55.8899,56.24,1224255,0
2016-07-12,56.74,56.9,56.11,56.16,1693518,0
2016-07-13,56.7,57.69,56.5,56.86,1501596,0
2016-07-14,57.72,58.01,57.11,57.43,1500739,0
2016-07-15,57.7,57.91,57.03,57.24,841472,0
2016-07-18,57.39,57.86,57.28,57.47,774061,0
2016-07-19,57.24,57.96,57.24,57.45,838210,0
2016-07-20,57.71,57.89,57.42,57.83,1034867,0
2016-07-21,57.89,58.12,57.01,57.2,1308201,0
2016-07-22,57.45,58.14,57.24,57.89,908663,0
2016-07-25,57.83,58.33,57.565,57.9,1465094,0
2016-07-26,58.0,58.47,57.69,58.09,3058449,0
2016-07-27,51.23,51.44,47.8,50.51,18676943,0
2016-07-28,50.45,51.125,50.21,50.69,4390374,0
2016-07-29,50.64,50.83,49.76,50.53,3279206,0
2016-08-01,50.56,50.71,50.187,50.6,2732503,0
2016-08-02,50.46,50.69,49.21,49.96,2759371,0
2016-08-03,49.86,49.98,49.16,49.44,1656862,0
2016-08-04,49.28,49.705,48.92,49.43,1826275,0
2016-08-05,49.73,50.87,49.1588,50.65,1759627,0
2016-08-08,50.78,50.94,50.05,50.21,1209150,0
2016-08-09,50.17,50.95,50.16,50.22,1590066,0
2016-08-10,50.35,52.06,50.35,52.02,2709140,0
2016-08-11,52.15,52.3,51.3,51.41,1346399,0
2016-08-12,52.19,52.57,51.955,51.97,1641660,0
2016-08-15,52.05,53.0075,52.02,52.05,1741432,0
2016-08-16,52.07,52.63,52.0,52.0,1069348,0
2016-08-17,52.24,52.4,51.98,52.34,1586134,0
2016-08-18,52.35,52.64,52.0,52.345,863785,0
2016-08-19,52.3,52.96,52.0,52.95,1190866,0
2016-08-22,52.81,53.0,52.25,52.98,1099366,0
2016-08-23,53.06,54.28,52.95,53.6,1167733,0
2016-08-24,53.68,54.44,53.63,53.98,1758933,0
2016-08-25,53.8,54.68,53.76,54.56,1863036,0
2016-08-26,54.56,55.94,54.18,55.32,1934524,0
2016-08-29,55.25,55.3,54.66,55.04,989745,0
2016-08-30,55.05,55.56,54.61,54.89,1051169,0
2016-08-31,54.97,55.14,54.29,54.9,1095876,0
2016-09-01,54.82,55.08,54.16,55.07,1561573,0
2016-09-02,55.4,55.78,55.005,55.33,1037761,0
2016-09-06,55.29,55.825,55.08,55.5,1362905,0
2016-09-07,55.37,55.43,53.91,54.08,2023260,0
2016-09-08,53.9,54.31,53.235,53.49,3071535,0
2016-09-09,53.04,53.73,52.43,52.5,1941118,0
2016-09-12,52.38,53.275,52.31,53.09,1832332,0
2016-09-13,52.5,52.82,51.43,51.87,1567389,0
2016-09-14,51.81,52.46,51.33,51.65,2097012,0
2016-09-15,51.31,51.71,50.91,51.38,2820686,0
2016-09-16,51.2,51.4,50.76,50.98,1910171,0
2016-09-19,51.18,51.9,51.14,51.62,2176272,0
2016-09-20,51.98,52.26,51.36,51.36,1649871,0
2016-09-21,51.48,52.3,51.28,52.21,1500952,0
2016-09-22,52.7,52.93,52.17,52.43,1834110,0
2016-09-23,52.11,52.63,52.11,52.25,1139424,0
2016-09-26,51.84,52.25,51.51,51.76,1224891,0
2016-09-27,51.85,52.83,51.8,52.65,1314360,0
2016-09-28,52.57,52.7,51.36,52.28,1655328,0
2016-09-29,52.27,53.64,52.27,52.41,1947837,0
2016-09-30,52.63,53.19,52.13,52.99,882254,0
2016-10-03,52.96,53.745,52.63,53.71,1603699,0
2016-10-04,53.75,54.78,53.2,54.64,2340442,0
2016-10-05,54.9,56.05,54.73,55.98,2654041,0
2016-10-06,55.8,55.91,54.6,54.86,1699042,0
2016-10-07,55.33,55.33,54.58,54.94,887450,0
2016-10-10,55.22,55.74,55.07,55.31,1086014,0
2016-10-11,55.3,55.3,53.61,54.13,1504094,0
2016-10-12,54.03,54.36,53.57,54.28,803560,0
2016-10-13,53.87,54.58,53.19,54.45,1221088,0
2016-10-14,54.8,55.24,54.07,54.66,1349121,0
2016-10-17,54.52,54.99,54.11,54.94,1076763,0
2016-10-18,55.69,56.3,55.58,55.92,1707926,0
2016-10-19,56.18,56.98,56.0,56.62,1490641,0
2016-10-20,56.57,56.875,56.3281,56.73,833186,0
2016-10-21,56.73,57.81,56.25,57.67,1580367,0
2016-10-24,57.97,59.18,57.84,58.84,2736981,0
2016-10-25,59.0,59.2,58.44,59.07,2807477,0
2016-10-26,64.36,68.47,64.1,67.7,13637141,0
2016-10-27,68.09,69.95,67.02,68.81,6528964,0
2016-10-28,68.63,70.0999,68.47,69.92,3851641,0
2016-10-31,69.76,71.04,69.35,69.47,3711311,0
2016-11-01,69.39,69.55,67.52,68.1,5326018,0
2016-11-02,68.0,68.22,67.21,67.31,3685333,0
2016-11-03,67.42,67.54,66.48,66.52,2483634,0
2016-11-04,66.33,67.04,65.685,65.81,3087659,0
2016-11-07,67.32,67.5,66.21,66.52,2531276,0
2016-11-08,66.31,66.76,65.75,66.37,2659180,0
2016-11-09,64.99,66.975,64.7701,66.53,2694293,0
2016-11-10,66.85,67.63,65.0001,66.22,2126670,0
2016-11-11,65.93,66.155,65.11,65.45,2888421,0
2016-11-14,65.77,65.86,65.08,65.44,2375853,0
2016-11-15,65.77,66.3,65.3,65.47,3692068,0
2016-11-16,65.4,66.1,65.21,65.9,1968579,0
2016-11-17,66.25,66.93,66.1,66.6,2188931,0
2016-11-18,66.63,66.74,66.08,66.44,1482116,0
2016-11-21,66.5,67.1,66.05,66.9,2225387,0
2016-11-22,66.26,67.0286,66.26,66.83,1741929,0
2016-11-23,66.8,66.93,65.86,66.48,1288076,0
2016-11-25,66.7,66.97,66.1,66.95,421012,0
2016-11-28,66.52,66.79,65.9,66.17,957331,0
2016-11-29,66.34,67.7616,66.11,67.28,1822363,0
2016-11-30,67.3,67.48,66.44,66.7,1644126,0
2016-12-01,66.48,66.5,63.5,63.51,2796955,0
2016-12-02,63.34,64.14,62.83,63.87,2250284,0
2016-12-05,64.0,64.59,63.62,64.31,1721909,0
2016-12-06,64.41,64.98,64.04,64.93,1208035,0
2016-12-07,64.71,66.18,64.4,66.15,1205939,0
2016-12-08,65.86,66.79,65.58,66.31,1019119,0
2016-12-09,66.37,66.57,64.82,64.94,1188393,0
2016-12-12,64.79,64.84,63.68,64.25,1034451,0
2016-12-13,64.61,65.92,64.48,65.14,1247530,0
2016-12-14,67.0,68.36,66.57,66.99,3080826,0
2016-12-15,66.81,68.18,66.47,67.58,1479800,0
2016-12-16,67.92,68.43,66.63,67.19,2056171,0
2016-12-19,67.34,68.07,66.44,67.76,905960,0
2016-12-20,67.82,68.84,67.8,68.7,1224424,0
2016-12-21,68.85,69.26,67.7874,67.87,973375,0
2016-12-22,68.16,68.68,67.24,67.37,946674,0
2016-12-23,67.31,67.75,67.11,67.63,542578,0
2016-12-27,67.63,68.39,67.27,68.09,594063,0
2016-12-28,68.13,68.3,67.12,67.27,688695,0
2016-12-29,67.14,67.831,66.88,67.04,577843,0
2016-12-30,67.25,67.55,66.35,66.68,967732,0
2017-01-03,67.27,68.37,67.11,67.57,1066550,0
2017-01-04,67.51,68.475,67.19,68.33,1139660,0
2017-01-05,68.12,69.75,68.12,69.55,1636377,0
2017-01-06,69.38,70.51,68.92,69.79,1949570,0
2017-01-09,69.74,70.2899,69.7,70.0,1441616,0
2017-01-10,70.0,70.48,69.82,70.28,1406024,0
2017-01-11,70.59,71.64,70.09,70.12,2176673,0
2017-01-12,70.01,70.3,69.15,69.93,1239612,0
2017-01-13,70.23,70.42,69.86,70.02,1458963,0
2017-01-17,69.81,70.0,69.18,69.79,976150,0
2017-01-18,69.74,69.81,68.937,69.6,1008605,0
2017-01-19,69.36,69.74,68.959,68.98,1396628,0
2017-01-20,69.36,69.6,68.85,69.15,1422988,0
2017-01-23,69.05,69.35,67.84,67.97,1396708,0
2017-01-24,67.97,68.28,67.4654,67.74,1535267,0
2017-01-25,68.35,68.82,67.79,68.73,1595064,0
2017-01-26,68.54,68.7,67.73,67.78,1400754,0
2017-01-27,68.04,68.08,67.55,67.97,1456032,0
2017-01-30,67.99,68.35,67.36,67.81,1850074,0
2017-01-31,67.57,68.85,67.2,68.59,1421613,0
2017-02-01,68.67,68.8,67.76,68.7,1519231,0
2017-02-02,68.37,69.67,67.83,69.4,1311779,0
2017-02-03,69.85,69.85,69.01,69.55,1420030,0
2017-02-06,69.22,69.71,68.63,69.71,1542205,0
2017-02-07,70.0,71.34,69.581,71.12,3417206,0
2017-02-08,66.58,66.59,61.54,63.55,15847497,0
2017-02-09,63.83,64.58,63.61,63.85,4035558,0
2017-02-10,63.85,64.28,63.5,63.95,2463057,0
2017-02-13,64.2,64.2,63.35,63.6,1690907,0
2017-02-14,63.75,64.13,63.37,63.55,2143013,0
2017-02-15,63.3,64.095,63.21,63.9,1276027,0
2017-02-16,64.22,64.77,63.75,64.24,1653579,0
2017-02-17,63.83,63.87,62.0,62.34,3902615,0
2017-02-21,62.5,63.1452,62.46,62.64,1740974,0
2017-02-22,62.5,63.15,62.5,63.01,1280174,0
2017-02-23,63.05,63.13,62.64,62.7,884669,0
2017-02-24,62.5,62.885,62.39,62.87,1156700,0
2017-02-27,62.76,63.115,62.46,62.86,839608,0
2017-02-28,62.8,63.11,62.31,62.59,1326007,0
2017-03-01,62.82,63.59,62.79,63.38,1337726,0
2017-03-02,63.24,64.5,63.07,63.79,2131513,0
2017-03-03,63.55,63.55,63.13,63.36,1278836,0
2017-03-06,63.16,63.25,62.83,63.06,998214,0
2017-03-07,63.1,64.52,63.1,63.3,1554383,0
2017-03-08,63.3,63.85,62.96,63.55,1223325,0
2017-03-09,63.64,64.35,63.4,64.2,1319722,0
2017-03-10,64.37,64.74,63.76,64.22,1217130,0
2017-03-13,64.74,65.2,64.18,64.59,1341265,0
2017-03-14,64.53,64.95,63.54,63.63,1197993,0
2017-03-15,64.0,64.56,63.39,64.39,1327778,0
2017-03-16,64.71,64.93,64.43,64.63,1083760,0
2017-03-17,64.94,65.22,64.62,65.0,2676328,0
2017-03-20,64.96,65.04,64.33,64.86,922432,0
2017-03-21,65.41,65.65,62.92,62.95,2295918,0
2017-03-22,63.14,63.76,62.93,63.68,921366,0
2017-03-23,63.69,64.42,63.4,63.66,980728,0
2017-03-24,63.82,64.31,63.46,63.63,990051,0
2017-03-27,62.88,63.44,62.51,63.09,1828492,0
2017-03-28,63.06,63.61,63.0,63.25,2222367,0
2017-03-29,63.28,63.7,63.08,63.44,2056686,0
2017-03-30,63.17,64.07,60.37,60.53,5984322,0
2017-03-31,60.56,60.91,59.5,59.7,3505423,0
2017-04-03,59.74,59.99,57.86,58.1,3522721,0
2017-04-04,58.19,59.41,58.19,59.3,4246602,0
2017-04-05,59.3,59.73,58.65,58.8,1942251,0
2017-04-06,59.07,59.7,58.39,58.75,1844054,0
2017-04-07,58.65,58.74,57.995,58.1,2256905,0
2017-04-10,58.36,58.82,57.99,58.51,1909740,0
2017-04-11,58.62,59.23,58.43,59.01,2130245,0
2017-04-12,58.83,59.09,58.54,58.88,1384185,0
2017-04-13,58.83,59.2,58.51,58.8,1385668,0
2017-04-17,59.07,59.2,58.69,58.82,1119079,0
2017-04-18,58.77,59.3,58.72,58.95,968590,0
2017-04-19,59.0,59.91,58.96,59.68,1816993,0
2017-04-20,59.87,60.55,59.65,60.2,1498273,0
2017-04-21,60.39,60.52,60.01,60.28,818594,0
2017-04-24,60.86,61.73,60.79,61.39,1953578,0
2017-04-25,61.42,61.86,61.33,61.8,1745750,0
2017-04-26,61.81,62.43,61.57,62.24,1155722,0
2017-04-27,60.34,60.43,58.96,59.75,4224045,0
2017-04-28,59.79,60.96,59.53,60.94,1767750,0
2017-05-01,61.19,61.79,60.77,61.48,1597429,0
2017-05-02,61.59,62.58,60.97,62.5,2916804,0
2017-05-03,53.9,54.86,52.01,52.8,15060738,0
2017-05-04,53.13,54.0401,52.78,52.86,4589848,0
2017-05-05,52.86,52.86,51.8,52.13,3882009,0
2017-05-08,52.09,52.17,50.12,50.17,5950478,0
2017-05-09,50.48,50.71,50.16,50.4,4523746,0
2017-05-10,50.47,50.5,49.65,49.85,3707091,0
2017-05-11,49.76,50.07,49.425,49.85,2698375,0
2017-05-12,49.6,49.82,49.28,49.43,2287084,0
2017-05-15,49.5,50.07,49.5,49.83,2661880,0
2017-05-16,50.07,50.24,49.12,49.15,2782012,0
2017-05-17,48.8,48.85,47.46,47.5,4037600,0
2017-05-18,47.5,47.7,46.9,47.0,4305810,0
2017-05-19,47.18,47.66,47.05,47.38,2788522,0
2017-05-22,47.6,47.99,47.58,47.75,1704706,0
2017-05-23,47.86,47.91,47.315,47.41,2325973,0
2017-05-24,47.54,47.92,47.16,47.62,1957835,0
2017-05-25,47.68,48.395,47.5601,48.06,3859633,0
2017-05-26,48.0,48.17,47.14,47.39,1446053,0
2017-05-30,47.29,47.67,47.05,47.43,1617039,0
2017-05-31,47.52,47.565,46.81,47.14,1991329,0
2017-06-01,47.23,48.32,47.08,48.3,1922543,0
2017-06-02,48.69,48.79,48.07,48.53,2030731,0
2017-06-05,48.45,49.06,48.39,48.91,1918381,0
2017-06-06,48.89,49.06,48.3514,48.45,1696383,0
2017-06-07,48.49,48.75,48.19,48.54,2338531,0
2017-06-08,48.55,48.94,48.3,48.91,1368748,0
2017-06-09,49.12,49.33,47.635,48.13,1958434,0
2017-06-12,47.84,49.65,47.66,49.52,2927621,0
2017-06-13,49.96,50.65,49.56,49.63,2209669,0
2017-06-14,49.84,49.95,48.97,49.25,1858446,0
2017-06-15,48.88,49.36,48.71,49.19,1495515,0
2017-06-16,48.92,49.54,48.5,49.5,5036156,0
2017-06-19,49.86,50.24,49.34,49.49,1925861,0
2017-06-20,49.47,49.6805,48.61,48.64,1320403,0
2017-06-21,48.78,49.34,48.43,49.28,1502896,0
2017-06-22,49.19,50.61,48.97,50.02,2529471,0
2017-06-23,50.12,51.51,49.92,51.3,6358618,0
2017-06-26,51.3,51.65,50.5,50.87,1569546,0
2017-06-27,50.73,51.14,50.0,50.0,1778857,0
2017-06-28,50.26,50.8,50.06,50.63,1171154,0
2017-06-29,50.28,50.45,49.131,50.24,2711684,0
2017-06-30,50.53,50.53,49.64,49.81,1545754,0
2017-07-03,50.15,50.73,50.01,50.09,959422,0
2017-07-05,50.27,51.0201,50.01,50.95,1770144,0
2017-07-06,50.63,50.63,49.27,49.36,2522428,0
2017-07-07,49.55,50.13,49.18,49.23,2004569,0
2017-07-10,49.31,49.78,49.11,49.65,1472491,0
2017-07-11,49.63,50.27,49.5,49.83,1005221,0
2017-07-12,50.14,50.83,50.07,50.55,1508855,0
2017-07-13,50.64,50.64,50.06,50.08,1085527,0
2017-07-14,50.2,50.68,50.1,50.6,1187125,0
2017-07-17,50.89,52.46,50.89,51.77,2520351,0
2017-07-18,51.69,51.83,51.19,51.53,1742288,0
2017-07-19,51.63,52.24,51.58,52.1,1195547,0
2017-07-20,52.1,52.64,51.8,52.36,1360481,0
2017-07-21,52.25,52.45,51.81,52.13,1303036,0
2017-07-24,52.15,52.45,52.04,52.37,1613139,0
2017-07-25,52.36,53.45,52.08,53.28,3480226,0
2017-07-26,49.95,50.0,45.41,45.49,15148185,0
2017-07-27,45.67,46.99,45.41,46.01,4630042,0
2017-07-28,46.06,47.265,45.903,46.88,2988709,0
2017-07-31,46.97,47.28,46.25,47.14,2575847,0
2017-08-01,47.43,47.63,47.12,47.53,1984444,0
2017-08-02,47.43,47.56,46.95,47.51,1763714,0
2017-08-03,47.56,48.19,47.462,48.04,1871311,0
2017-08-04,48.1,48.42,47.81,47.87,1376038,0
2017-08-07,47.96,47.985,47.215,47.31,1579862,0
2017-08-08,47.17,47.68,46.9,47.27,1442455,0
2017-08-09,47.18,47.86,46.74,47.4,1627532,0
2017-08-10,47.05,47.2,46.31,46.31,1848903,0
2017-08-11,46.38,46.62,46.18,46.37,1419893,0
2017-08-14,46.59,47.29,46.46,46.82,1997012,0
2017-08-15,46.82,47.09,46.13,46.34,1686679,0
2017-08-16,46.41,46.74,45.87,46.29,1722707,0
2017-08-17,46.39,46.4,45.37,45.4,1505203,0
2017-08-18,45.46,45.86,45.18,45.36,1378991,0
2017-08-21,45.29,45.39,44.65,44.91,1317635,0
2017-08-22,45.04,45.89,45.04,45.81,1285985,0
2017-08-23,45.55,45.76,45.32,45.42,1141795,0
2017-08-24,45.51,45.67,45.1,45.23,1202555,0
2017-08-25,45.49,45.49,44.95,44.98,1760730,0
2017-08-28,45.06,45.25,44.91,45.14,1110360,0
2017-08-29,44.81,45.86,44.71,45.71,1986118,0
2017-08-30,45.72,46.53,45.64,46.47,1819623,0
2017-08-31,46.63,47.35,46.53,47.15,1721387,0
2017-09-01,47.28,47.65,47.0493,47.08,1149278,0
2017-09-05,46.86,47.0,45.81,46.17,1647131,0
2017-09-06,46.23,46.97,46.1,46.89,1566259,0
2017-09-07,46.98,47.0,46.61,46.8,1472448,0
2017-09-08,46.95,46.95,45.94,46.0,1698640,0
2017-09-11,46.29,46.62,46.22,46.47,1364320,0
2017-09-12,46.45,46.98,46.26,46.8,1306676,0
2017-09-13,46.74,46.91,46.53,46.68,1133846,0
2017-09-14,46.57,46.66,46.13,46.6,1521116,0
2017-09-15,46.56,47.36,46.49,47.34,2697404,0
2017-09-18,47.39,47.91,47.355,47.57,1397345,0
2017-09-19,47.77,47.82,47.29,47.69,1693626,0
2017-09-20,47.69,47.9,47.34,47.67,1405979,0
2017-09-21,47.59,47.89,47.5,47.52,1110105,0
2017-09-22,47.26,48.38,47.0101,48.33,1657146,0
2017-09-25,48.2,48.6,47.44,47.92,2562561,0
2017-09-26,48.21,48.3374,47.76,47.83,1869385,0
2017-09-27,48.12,48.13,47.44,47.75,1427331,0
2017-09-28,47.62,47.71,46.97,47.69,1780539,0
2017-09-29,47.59,48.82,47.584,48.73,1821078,0
2017-10-02,49.35,50.08,48.72,50.0,2610147,0
2017-10-03,50.14,50.635,49.91,50.5,1798064,0
2017-10-04,50.49,50.7,50.26,50.5,1373249,0
2017-10-05,50.6,50.86,50.34,50.78,1409547,0
2017-10-06,50.7,50.87,50.21,50.63,1352758,0
2017-10-09,50.59,50.5924,50.105,50.31,1186857,0
2017-10-10,50.73,51.11,50.59,51.03,1025171,0
2017-10-11,49.86,50.52,49.59,50.52,2436994,0
2017-10-12,50.41,50.93,50.22,50.52,1176963,0
2017-10-13,50.745,50.89,50.58,50.76,1508361,0
2017-10-16,50.84,51.1,50.7,50.73,1425760,0
2017-10-17,50.65,50.92,50.39,50.58,911521,0
2017-10-18,50.7,51.19,50.56,51.0,1319055,0
2017-10-19,50.92,51.68,50.83,51.65,1277996,0
2017-10-20,51.86,52.1,51.63,51.87,1901168,0
2017-10-23,51.89,52.09,51.41,51.46,2695360,0
2017-10-24,51.5,52.09,50.96,51.91,4739100,0
2017-10-25,55.65,56.85,53.84,54.0,10268242,0
2017-10-26,54.02,54.65,52.88,53.34,3685642,0
2017-10-27,53.99,53.99,52.29,53.0,2811536,0
2017-10-30,53.09,53.13,52.15,52.46,2073626,0
2017-10-31,52.4,52.6,52.2,52.25,1752756,0
2017-11-01,52.7,53.07,52.34,52.69,1610417,0
2017-11-02,52.55,52.61,51.79,52.29,1552882,0
2017-11-03,52.26,53.1,52.0169,53.01,1608695,0
2017-11-06,53.12,53.76,52.92,53.75,1304839,0
2017-11-07,54.0,54.02,53.5,53.76,1655749,0
2017-11-08,53.85,53.93,53.23,53.76,1437890,0
2017-11-09,53.66,53.87,53.01,53.85,1790242,0
2017-11-10,53.8,54.32,53.6974,54.26,1976354,0
