Date,Open,High,Low,Close,Volume,OpenInt
2014-01-02,8.16,8.24,7.87,8.13,9728453,0
2014-01-03,8.14,8.22,7.96,8.09,5166854,0
2014-01-06,8.1,8.15,7.58,7.8,11480112,0
2014-01-07,7.81,7.96,7.81,7.91,7169486,0
2014-01-08,7.97,7.97,7.7,7.92,4477214,0
2014-01-09,7.9,7.91,7.3,7.41,12031218,0
2014-01-10,7.4,7.52,7.26,7.51,7621055,0
2014-01-13,7.5,7.61,7.23,7.31,6201593,0
2014-01-14,7.34,7.57,7.31,7.55,6100259,0
2014-01-15,7.61,7.72,7.51,7.57,4116884,0
2014-01-16,7.56,7.72,7.42,7.44,5352642,0
2014-01-17,7.44,7.47,6.97,7.01,10207511,0
2014-01-21,7.0,7.04,6.67,6.79,11238779,0
2014-01-22,6.79,6.8,6.64,6.7,6861480,0
2014-01-23,6.64,6.79,6.62,6.69,4593492,0
2014-01-24,6.61,6.61,6.18,6.25,11186498,0
2014-01-27,6.27,6.34,5.79,5.99,12911337,0
2014-01-28,6.26,7.22,6.24,7.11,27050641,0
2014-01-29,6.72,7.11,6.6,6.89,11860544,0
2014-01-30,7.0,7.09,6.86,7.01,4898486,0
2014-01-31,6.82,7.32,6.67,7.07,10062650,0
2014-02-03,7.07,7.1,6.61,6.7,7472731,0
2014-02-04,6.7,6.79,6.61,6.68,3331534,0
2014-02-05,6.63,6.65,6.23,6.43,8571039,0
2014-02-06,6.46,6.6,6.45,6.54,4001680,0
2014-02-07,6.61,6.68,6.37,6.53,3654425,0
2014-02-10,6.49,6.52,6.28,6.29,4510523,0
2014-02-11,6.35,6.63,6.33,6.61,4865516,0
2014-02-12,6.66,6.94,6.63,6.76,6281260,0
2014-02-13,6.74,6.91,6.66,6.85,4700622,0
2014-02-14,6.9,7.01,6.82,6.91,4919483,0
2014-02-18,6.97,6.99,6.73,6.85,3648184,0
2014-02-19,6.73,6.79,6.49,6.5,5623336,0
2014-02-20,6.37,6.48,6.27,6.45,5623784,0
2014-02-21,6.48,6.53,6.35,6.36,4048009,0
2014-02-24,6.29,6.44,6.11,6.33,4802043,0
2014-02-25,6.28,6.31,6.11,6.13,5079962,0
2014-02-26,6.15,6.39,6.13,6.25,5940903,0
2014-02-27,6.24,6.46,6.23,6.45,3947303,0
2014-02-28,6.45,6.47,6.14,6.21,4308106,0
2014-03-03,6.1,6.2,5.9,6.09,4529233,0
2014-03-04,6.21,6.25,6.1,6.18,6827167,0
2014-03-05,6.19,6.25,6.01,6.14,4361138,0
2014-03-06,6.22,6.45,6.2,6.39,6056773,0
2014-03-07,6.41,6.45,6.23,6.32,4311766,0
2014-03-10,6.2,6.4,6.18,6.37,6232923,0
2014-03-11,6.5,6.75,6.43,6.5,9772009,0
2014-03-12,6.44,6.45,6.21,6.36,5201100,0
2014-03-13,6.44,6.46,6.03,6.09,6940702,0
2014-03-14,6.12,6.23,6.05,6.15,5485603,0
2014-03-17,6.17,6.28,6.06,6.12,6827855,0
2014-03-18,6.11,6.59,6.03,6.52,9107936,0
2014-03-19,6.58,6.68,6.45,6.55,5138254,0
2014-03-20,6.51,6.79,6.42,6.7,6601507,0
2014-03-21,6.67,7.15,6.66,6.97,14410069,0
2014-03-24,7.05,7.06,6.75,6.9,7055852,0
2014-03-25,7.03,7.19,6.98,7.02,8021587,0
2014-03-26,7.1,7.13,6.81,6.82,8763400,0
2014-03-27,6.81,7.1,6.79,6.86,5479664,0
2014-03-28,6.9,7.13,6.87,6.9,5146085,0
2014-03-31,6.99,7.29,6.99,7.22,6742079,0
2014-04-01,7.28,7.4,7.2,7.36,8056776,0
2014-04-02,7.33,7.47,7.2,7.28,4657265,0
2014-04-03,7.25,7.6,7.23,7.48,7053515,0
2014-04-04,7.54,7.75,7.43,7.5,7800982,0
2014-04-07,7.5,7.73,7.07,7.11,10182392,0
2014-04-08,7.25,7.56,7.22,7.52,7565005,0
2014-04-09,7.57,7.7,7.5,7.58,5030292,0
2014-04-10,7.53,7.55,7.24,7.3,7928860,0
2014-04-11,7.17,7.29,6.9,6.96,9507070,0
2014-04-14,7.02,7.3,6.97,7.09,6376599,0
2014-04-15,7.02,7.11,6.67,7.0,9420258,0
2014-04-16,7.1,7.14,6.89,6.92,3724733,0
2014-04-17,6.9,7.08,6.85,6.92,7129948,0
2014-04-21,6.91,6.98,6.67,6.71,6471511,0
2014-04-22,6.71,6.82,6.45,6.59,10236171,0
2014-04-23,6.76,7.14,6.75,7.06,11230778,0
2014-04-24,7.03,7.14,6.91,7.08,5501336,0
2014-04-25,7.03,7.07,6.84,6.87,3730001,0
2014-04-28,6.8,6.85,6.6,6.68,4247209,0
2014-04-29,6.7,6.92,6.65,6.88,4706211,0
2014-04-30,6.86,7.11,6.7,7.0,6407605,0
2014-05-01,6.92,7.2,6.85,7.02,6203403,0
2014-05-02,6.99,7.24,6.99,7.21,4645462,0
2014-05-05,7.17,7.17,6.79,6.87,7740454,0
2014-05-06,7.17,7.17,6.85,6.91,7265623,0
2014-05-07,6.92,6.96,6.69,6.8,4552761,0
2014-05-08,6.8,7.08,6.77,6.84,5278736,0
2014-05-09,6.79,6.87,6.62,6.72,6971300,0
2014-05-12,6.82,7.05,6.78,7.04,5879762,0
2014-05-13,7.04,7.14,6.88,6.91,3838223,0
2014-05-14,6.83,6.9,6.74,6.75,4859560,0
2014-05-15,6.75,6.75,6.52,6.62,5756831,0
2014-05-16,6.58,6.7,6.5,6.69,4066743,0
2014-05-19,6.69,6.78,6.57,6.62,3682657,0
2014-05-20,6.58,6.6,6.3,6.34,7542948,0
2014-05-21,6.36,6.48,6.22,6.32,4789223,0
2014-05-22,6.34,6.4,6.27,6.31,3679262,0
2014-05-23,6.32,6.47,6.32,6.44,3287191,0
2014-05-27,6.47,6.56,6.44,6.53,4205962,0
2014-05-28,6.5,6.56,6.13,6.17,8187960,0
2014-05-29,6.21,6.28,6.13,6.27,4992010,0
2014-05-30,6.2,6.22,6.03,6.12,5418529,0
2014-06-02,6.15,6.22,6.04,6.08,3800146,0
2014-06-03,6.03,6.09,5.97,6.07,2914394,0
2014-06-04,6.07,6.35,6.02,6.26,5968025,0
2014-06-05,6.29,6.39,6.22,6.35,3469579,0
2014-06-06,6.44,6.57,6.35,6.43,4758050,0
2014-06-09,6.42,6.51,6.27,6.36,3989856,0
2014-06-10,6.36,6.41,6.2,6.37,3957882,0
2014-06-11,6.35,6.64,6.22,6.61,7048409,0
2014-06-12,6.54,6.56,6.35,6.38,4041095,0
2014-06-13,6.41,6.48,6.28,6.42,2829758,0
2014-06-16,6.75,6.94,6.74,6.84,11313468,0
2014-06-17,6.82,6.99,6.77,6.96,6908297,0
2014-06-18,6.97,7.62,6.96,7.6,18318513,0
2014-06-19,7.53,7.68,7.36,7.44,6683827,0
2014-06-20,7.25,7.63,7.21,7.44,12872734,0
2014-06-23,7.49,7.75,7.44,7.66,7561620,0
2014-06-24,7.63,7.99,7.55,7.62,9441308,0
2014-06-25,7.68,7.84,7.62,7.79,5418383,0
2014-06-26,7.8,7.88,7.55,7.75,6105467,0
2014-06-27,7.65,7.94,7.62,7.91,6320639,0
2014-06-30,7.91,7.97,7.82,7.96,4299642,0
2014-07-01,8.01,8.27,8.0,8.1,7007722,0
2014-07-02,8.1,8.55,8.1,8.4,7244400,0
2014-07-03,8.51,8.58,8.36,8.42,3573129,0
2014-07-07,8.33,8.43,8.21,8.27,5141247,0
2014-07-08,8.26,8.5,8.12,8.42,5914154,0
2014-07-09,8.42,8.5,8.28,8.34,5057175,0
2014-07-10,8.19,8.47,8.11,8.34,4545477,0
2014-07-11,8.3,8.53,8.21,8.39,6393145,0
2014-07-14,8.49,8.5,8.11,8.23,5765825,0
2014-07-15,8.22,8.34,8.07,8.2,3789293,0
2014-07-16,8.31,8.51,8.25,8.46,5306273,0
2014-07-17,8.36,8.7,8.32,8.49,6253132,0
2014-07-18,8.43,8.93,8.43,8.83,7637683,0
2014-07-21,9.0,9.14,8.22,8.46,19996067,0
2014-07-22,8.57,8.94,8.55,8.93,11262336,0
2014-07-23,8.87,9.07,8.7,9.04,5941862,0
2014-07-24,9.04,9.1,8.78,8.85,4803441,0
2014-07-25,8.82,9.05,8.67,8.99,4786780,0
2014-07-28,9.0,9.12,8.73,8.77,6247147,0
2014-07-29,9.03,9.45,8.85,8.96,8623824,0
2014-07-30,9.22,9.34,9.11,9.25,7515289,0
2014-07-31,9.09,9.32,8.86,9.1,9308919,0
2014-08-01,9.0,9.26,8.92,9.13,5346561,0
2014-08-04,9.24,9.4,9.1,9.38,5416297,0
2014-08-05,9.26,9.39,9.17,9.25,4519119,0
2014-08-06,9.2,9.38,9.18,9.27,4993639,0
2014-08-07,9.33,9.67,9.25,9.48,6594284,0
2014-08-08,9.44,9.65,9.41,9.53,3852834,0
2014-08-11,9.63,9.89,9.63,9.83,4133313,0
2014-08-12,9.81,9.9,9.52,9.58,4161442,0
2014-08-13,9.59,9.85,9.58,9.8,4143563,0
2014-08-14,9.81,9.82,9.64,9.75,3442894,0
2014-08-15,9.86,9.88,9.52,9.59,7013791,0
2014-08-18,9.71,10.38,9.71,10.36,9363636,0
2014-08-19,10.37,10.61,10.3,10.4,6539307,0
2014-08-20,10.36,10.4,10.18,10.22,4303976,0
2014-08-21,10.17,10.22,9.89,10.01,5292943,0
2014-08-22,10.14,10.75,10.06,10.68,9709471,0
2014-08-25,10.79,10.93,10.67,10.81,5807540,0
2014-08-26,10.77,11.37,10.76,11.19,6435640,0
2014-08-27,11.23,11.23,10.75,10.86,7217165,0
2014-08-28,10.73,10.74,10.46,10.62,7073584,0
2014-08-29,10.68,10.95,10.67,10.92,5378830,0
2014-09-02,10.91,10.99,10.67,10.69,5509350,0
2014-09-03,10.72,10.93,9.96,10.01,18820627,0
2014-09-04,10.05,10.64,10.03,10.34,11231886,0
2014-09-05,10.29,10.48,10.15,10.44,4437798,0
2014-09-08,10.12,10.37,9.7,9.84,14891297,0
2014-09-09,9.66,9.73,9.31,9.34,15054363,0
2014-09-10,9.33,9.33,9.01,9.08,14063640,0
2014-09-11,9.25,9.43,9.15,9.38,60569850,0
2014-09-12,9.4,9.44,9.06,9.11,12665969,0
2014-09-15,9.07,9.29,9.07,9.21,9175027,0
2014-09-16,9.28,9.7,9.12,9.64,12774931,0
2014-09-17,10.13,10.31,9.81,10.26,31002900,0
2014-09-18,10.12,10.19,9.65,9.74,12959809,0
2014-09-19,9.72,9.86,9.13,9.42,17123391,0
2014-09-22,9.33,9.4,8.75,8.82,13699447,0
2014-09-23,8.87,9.16,8.85,9.03,8110521,0
2014-09-24,9.07,9.1,8.6,8.73,14280800,0
2014-09-25,8.62,8.62,8.37,8.45,12126302,0
2014-09-26,8.4,8.6,8.29,8.52,9743537,0
2014-09-29,8.39,8.44,8.28,8.31,7464112,0
2014-09-30,8.31,8.47,7.98,8.01,15988802,0
2014-10-01,7.97,7.97,7.18,7.25,20783562,0
2014-10-02,7.46,7.73,7.19,7.63,22097384,0
2014-10-03,7.75,7.79,7.47,7.65,14553114,0
2014-10-06,7.75,7.88,7.26,7.3,12481123,0
2014-10-07,7.21,7.49,7.1,7.2,9272128,0
2014-10-08,7.2,7.22,6.47,7.01,29077641,0
2014-10-09,6.95,6.96,6.31,6.34,18874323,0
2014-10-10,6.32,6.48,6.1,6.12,13326029,0
2014-10-13,6.2,6.4,5.74,5.78,19954814,0
2014-10-14,5.97,6.11,5.56,5.64,23508442,0
2014-10-15,5.51,5.69,5.14,5.48,22271436,0
2014-10-16,5.28,5.89,5.25,5.76,17698517,0
2014-10-17,6.12,6.75,6.1,6.3,25467361,0
2014-10-20,6.3,6.47,6.22,6.41,12463761,0
2014-10-21,6.63,6.95,6.55,6.89,19965303,0
2014-10-22,6.84,7.04,6.57,6.75,16717697,0
2014-10-23,6.82,7.28,6.66,7.19,18746641,0
2014-10-24,7.15,7.24,6.97,7.12,9421301,0
2014-10-27,7.03,7.19,6.94,7.14,7553503,0
2014-10-28,7.21,7.46,7.14,7.35,9658996,0
2014-10-29,7.81,8.0,7.28,7.4,20778344,0
2014-10-30,7.32,7.42,7.15,7.27,9597866,0
2014-10-31,7.44,7.65,7.29,7.57,10468698,0
2014-11-03,7.56,7.59,7.25,7.43,15471445,0
2014-11-04,7.37,7.4,6.16,6.34,29943582,0
2014-11-05,6.4,6.43,6.1,6.23,18247408,0
2014-11-06,6.21,6.29,5.99,6.14,14120400,0
2014-11-07,6.23,6.77,6.2,6.62,16606811,0
2014-11-10,6.73,6.86,6.52,6.63,14134683,0
2014-11-11,6.6,6.64,6.25,6.32,11827119,0
2014-11-12,6.24,6.43,6.17,6.24,9310140,0
2014-11-13,6.31,6.6,6.28,6.32,9402198,0
2014-11-14,6.29,6.68,6.2,6.54,11031759,0
2014-11-17,6.49,6.64,6.4,6.44,10341062,0
2014-11-18,6.42,6.54,6.31,6.39,9570512,0
2014-11-19,6.35,6.35,6.05,6.07,10223280,0
2014-11-20,6.03,6.24,5.98,6.19,9324229,0
2014-11-21,6.5,6.54,6.26,6.4,13489116,0
2014-11-24,6.43,6.55,6.34,6.45,8860466,0
2014-11-25,6.49,6.8,6.47,6.73,9770539,0
2014-11-26,6.75,6.77,6.35,6.52,10459438,0
2014-11-28,6.4,6.42,5.88,5.92,16102768,0
2014-12-01,5.9,5.96,5.35,5.38,22827992,0
2014-12-02,5.4,5.69,5.36,5.42,11153637,0
2014-12-03,5.47,5.87,5.41,5.72,12748805,0
2014-12-04,5.7,5.98,5.63,5.77,9399439,0
2014-12-05,5.77,5.91,5.66,5.68,7874659,0
2014-12-08,5.62,5.66,5.31,5.36,10014570,0
2014-12-09,5.26,5.65,5.24,5.59,11185592,0
2014-12-10,5.52,5.59,5.35,5.39,6872514,0
2014-12-11,5.37,5.51,5.3,5.33,6128724,0
2014-12-12,5.27,5.32,5.15,5.2,6840262,0
2014-12-15,5.28,5.44,5.08,5.22,9195698,0
2014-12-16,5.23,5.5,5.19,5.24,10250010,0
2014-12-17,5.26,5.57,5.16,5.56,10120065,0
2014-12-18,6.02,6.1,5.83,6.02,16359942,0
2014-12-19,5.96,6.37,5.95,6.25,15278764,0
2014-12-22,6.22,6.25,5.59,5.66,15217295,0
2014-12-23,5.69,5.83,5.62,5.65,5706912,0
2014-12-24,5.67,5.8,5.57,5.76,4313537,0
2014-12-26,5.84,5.99,5.71,5.92,5919081,0
2014-12-29,5.95,6.09,5.82,5.91,4523088,0
2014-12-30,5.87,6.07,5.87,5.97,6834357,0
2014-12-31,5.98,6.08,5.84,5.94,7923501,0
2015-01-02,6.0,6.17,5.86,5.97,6470720,0
2015-01-05,5.9,5.9,5.56,5.61,10696458,0
2015-01-06,5.66,5.75,5.36,5.72,12320563,0
2015-01-07,5.75,5.82,5.52,5.61,10446307,0
2015-01-08,5.69,5.7,5.52,5.58,8356363,0
2015-01-09,5.58,5.58,5.34,5.4,10643492,0
2015-01-12,5.29,5.29,4.62,4.65,28719059,0
2015-01-13,4.77,4.77,4.06,4.16,28851309,0
2015-01-14,4.02,4.12,3.87,3.97,16058352,0
2015-01-15,4.07,4.08,3.83,3.92,10395912,0
2015-01-16,3.92,4.07,3.87,4.06,11913672,0
2015-01-20,4.11,4.2,3.85,3.91,11555306,0
2015-01-21,3.89,4.08,3.87,3.96,7875948,0
2015-01-22,4.01,4.13,3.91,4.12,8153589,0
2015-01-23,4.02,4.07,3.92,4.01,8764195,0
2015-01-26,3.97,4.15,3.9,4.05,13321287,0
2015-01-27,4.34,4.37,4.15,4.25,18752478,0
2015-01-28,4.36,4.43,3.75,3.92,26105512,0
2015-01-29,3.95,3.95,3.62,3.74,17445503,0
2015-01-30,3.68,3.93,3.65,3.79,14128350,0
2015-02-02,3.82,3.9,3.75,3.86,9378488,0
2015-02-03,3.98,4.35,3.97,4.25,16797764,0
2015-02-04,4.17,4.29,4.04,4.09,11350745,0
2015-02-05,4.14,4.26,4.07,4.11,11957889,0
2015-02-06,4.09,4.31,4.04,4.2,8438667,0
2015-02-09,4.24,4.45,4.19,4.34,8569584,0
2015-02-10,4.33,4.34,4.12,4.27,7211827,0
2015-02-11,4.19,4.33,4.11,4.29,7014550,0
2015-02-12,4.37,4.53,4.34,4.48,7618000,0
2015-02-13,4.57,4.92,4.55,4.87,12563184,0
2015-02-17,4.86,4.87,4.63,4.68,9339002,0
2015-02-18,4.57,4.75,4.46,4.6,6738947,0
2015-02-19,4.54,4.67,4.47,4.57,5197371,0
2015-02-20,4.54,4.65,4.46,4.47,5965352,0
2015-02-23,4.4,4.42,4.27,4.32,7010501,0
2015-02-24,4.3,4.54,4.3,4.5,6195423,0
2015-02-25,4.46,4.68,4.46,4.56,8459407,0
2015-02-26,4.48,4.63,4.39,4.46,6029586,0
2015-02-27,4.47,4.52,4.38,4.42,4615803,0
2015-03-02,4.38,4.4,4.2,4.32,8959400,0
2015-03-03,4.16,4.22,4.02,4.06,11601500,0
2015-03-04,4.01,4.18,3.91,4.13,8616800,0
2015-03-05,4.12,4.18,4.02,4.13,6650600,0
2015-03-06,4.05,4.2,4.05,4.11,6380600,0
2015-03-09,4.09,4.16,3.98,4.08,6026900,0
2015-03-10,3.99,4.06,3.93,3.94,7652500,0
2015-03-11,3.94,4.03,3.87,4.0,6721700,0
2015-03-12,4.09,4.13,3.94,4.13,8965600,0
2015-03-13,4.03,4.07,3.92,4.0,6523800,0
2015-03-16,4.03,4.06,3.86,3.94,4776600,0
2015-03-17,3.89,4.02,3.89,3.98,7006800,0
2015-03-18,3.93,4.35,3.92,4.29,12924300,0
2015-03-19,4.13,4.24,4.11,4.2,5896500,0
2015-03-20,3.96,4.06,3.79,4.05,24794700,0
2015-03-23,3.94,4.15,3.9,4.09,10387800,0
2015-03-24,4.05,4.19,4.05,4.18,6634400,0
2015-03-25,4.28,4.45,4.25,4.3,16158800,0
2015-03-26,4.32,4.42,4.23,4.41,8440600,0
2015-03-27,4.38,4.6,4.34,4.49,10201400,0
2015-03-30,4.53,4.65,4.48,4.63,6885500,0
2015-03-31,4.49,4.55,4.35,4.47,9760833,0
2015-04-01,4.45,4.45,4.31,4.41,6420900,0
2015-04-02,4.36,4.48,4.28,4.45,6250300,0
2015-04-06,4.45,4.5,4.35,4.38,4688800,0
2015-04-07,4.39,4.5,4.34,4.44,4047821,0
2015-04-08,4.5,4.57,4.3,4.35,5737100,0
2015-04-09,4.31,4.57,4.3,4.57,6750367,0
2015-04-10,4.58,4.69,4.55,4.6,5234100,0
2015-04-13,4.56,4.61,4.5,4.54,3579000,0
2015-04-14,4.61,4.8,4.58,4.73,6705300,0
2015-04-15,4.75,5.29,4.73,5.15,13771723,0
2015-04-16,5.11,5.25,4.92,4.93,8354649,0
2015-04-17,4.89,4.89,4.7,4.76,7770500,0
2015-04-20,4.78,5.07,4.71,4.84,8509575,0
2015-04-21,4.84,4.99,4.71,4.75,8228859,0
2015-04-22,4.75,4.83,4.57,4.6,8035945,0
2015-04-23,4.64,4.95,4.58,4.9,9611000,0
2015-04-24,5.0,5.19,4.89,4.99,12010378,0
2015-04-27,5.05,5.14,4.8,4.89,9776600,0
2015-04-28,4.72,5.47,4.7,5.35,23032302,0
2015-04-29,5.19,5.29,4.96,5.03,16962800,0
2015-04-30,5.04,5.25,4.99,5.08,10631700,0
2015-05-01,5.13,5.29,4.89,5.12,13303500,0
2015-05-04,5.12,5.38,5.1,5.21,8657600,0
2015-05-05,5.26,5.48,5.19,5.42,11059100,0
2015-05-06,5.43,5.49,5.11,5.23,12537284,0
2015-05-07,5.21,5.42,5.1,5.33,9855726,0
2015-05-08,5.38,5.47,5.3,5.3,6296700,0
2015-05-11,5.36,5.62,5.34,5.53,9913600,0
2015-05-12,5.55,5.85,5.35,5.58,18361086,0
2015-05-13,5.6,5.82,5.59,5.76,10929231,0
2015-05-14,5.83,5.93,5.72,5.77,9693700,0
2015-05-15,5.79,5.8,5.55,5.67,9157286,0
2015-05-18,5.65,5.77,5.55,5.63,6606544,0
2015-05-19,5.58,5.6,5.21,5.22,12496393,0
2015-05-20,5.31,5.31,5.03,5.24,8218929,0
2015-05-21,5.23,5.24,5.0,5.03,9009300,0
2015-05-22,5.03,5.43,5.0,5.31,10285500,0
2015-05-26,5.28,5.3,5.05,5.13,7971230,0
2015-05-27,5.12,5.27,5.07,5.22,5681800,0
2015-05-28,5.17,5.22,5.08,5.17,3994260,0
2015-05-29,5.14,5.31,5.13,5.26,6846300,0
2015-06-01,5.26,5.28,5.11,5.19,6336301,0
2015-06-02,5.2,5.52,5.2,5.44,8519206,0
2015-06-03,5.43,5.77,5.4,5.54,13657400,0
2015-06-04,5.54,5.66,5.48,5.57,8919700,0
2015-06-05,5.53,5.55,5.23,5.25,9676800,0
2015-06-08,5.24,5.33,5.06,5.1,8576800,0
2015-06-09,5.13,5.18,5.03,5.08,6975508,0
2015-06-10,5.12,5.15,4.93,4.98,10498726,0
2015-06-11,4.99,5.01,4.84,4.88,6579185,0
2015-06-12,4.9,5.08,4.8,5.07,6641100,0
2015-06-15,5.0,5.02,4.86,4.88,6471200,0
2015-06-16,4.9,4.92,4.81,4.83,4618400,0
2015-06-17,4.85,4.88,4.6,4.8,8417400,0
2015-06-18,4.78,4.89,4.66,4.89,6338600,0
2015-06-19,4.87,4.95,4.7,4.7,6444900,0
2015-06-22,4.6,4.66,4.24,4.35,15342700,0
2015-06-23,4.32,4.53,4.27,4.49,7429052,0
2015-06-24,4.49,4.5,4.32,4.36,5500400,0
2015-06-25,4.39,4.43,4.28,4.33,4362300,0
2015-06-26,4.33,4.33,4.18,4.18,5340600,0
2015-06-29,4.11,4.16,3.92,3.93,8857100,0
2015-06-30,3.96,3.98,3.81,3.87,6574359,0
2015-07-01,3.9,3.93,3.78,3.81,3959200,0
2015-07-02,3.83,3.83,3.5,3.55,15067300,0
2015-07-06,3.43,3.52,3.28,3.31,17066900,0
2015-07-07,3.26,3.43,3.03,3.35,13412700,0
2015-07-08,3.25,3.29,3.01,3.03,11851100,0
2015-07-09,3.21,3.23,3.04,3.09,11025900,0
2015-07-10,3.16,3.2,3.01,3.02,8363200,0
2015-07-13,3.06,3.28,2.98,3.19,9300700,0
2015-07-14,3.2,3.28,3.11,3.23,5135591,0
2015-07-15,3.21,3.24,2.96,3.03,10026485,0
2015-07-16,3.06,3.16,2.93,2.96,10689100,0
2015-07-17,2.98,2.99,2.88,2.9,7692100,0
2015-07-20,2.9,2.92,2.61,2.68,10815400,0
2015-07-21,2.66,2.85,2.63,2.75,6614200,0
2015-07-22,2.7,2.73,2.56,2.7,5815500,0
2015-07-23,2.72,2.79,2.62,2.66,6797400,0
2015-07-24,2.64,2.65,2.46,2.53,8112300,0
2015-07-27,2.48,2.55,2.38,2.52,9562400,0
2015-07-28,2.62,3.0,2.62,2.9,19293000,0
2015-07-29,2.96,3.33,2.95,3.24,23086350,0
2015-07-30,3.41,3.68,3.1,3.13,26595300,0
2015-07-31,3.16,3.23,2.93,2.95,12208300,0
2015-08-03,2.9,3.18,2.85,3.14,12352643,0
2015-08-04,3.19,3.29,3.15,3.18,8947200,0
2015-08-05,3.28,3.43,3.13,3.13,10273500,0
2015-08-06,3.13,3.26,3.07,3.26,8476615,0
2015-08-07,3.19,3.37,2.98,3.04,12219800,0
2015-08-10,3.04,3.35,2.97,3.33,10751600,0
2015-08-11,3.14,3.3,3.1,3.18,13608691,0
2015-08-12,3.13,3.16,3.01,3.09,9142400,0
2015-08-13,3.09,3.19,3.06,3.12,6674100,0
2015-08-14,3.09,3.24,3.09,3.15,4862200,0
2015-08-17,3.15,3.3,3.1,3.29,5374500,0
2015-08-18,3.23,3.33,3.11,3.13,5182300,0
2015-08-19,3.13,3.15,2.87,2.95,7434500,0
2015-08-20,2.92,2.94,2.82,2.89,5876300,0
2015-08-21,2.83,2.88,2.66,2.76,9287500,0
2015-08-24,2.5,2.81,2.39,2.7,7633427,0
2015-08-25,2.87,2.87,2.56,2.57,6238300,0
2015-08-26,2.65,2.67,2.5,2.56,5499900,0
2015-08-27,2.65,2.98,2.63,2.92,14667700,0
2015-08-28,2.89,3.08,2.88,2.99,8406500,0
2015-08-31,2.97,3.19,2.85,3.09,8365800,0
2015-09-01,2.99,3.1,2.83,2.9,7219300,0
2015-09-02,3.0,3.05,2.88,3.03,6709000,0
2015-09-03,3.02,3.18,3.0,3.06,6600200,0
2015-09-04,2.98,3.01,2.87,2.9,7919900,0
2015-09-08,2.96,2.98,2.75,2.86,11998300,0
2015-09-09,2.86,2.9,2.56,2.73,22235500,0
2015-09-10,2.7,2.76,2.64,2.76,5569548,0
2015-09-11,2.72,2.78,2.63,2.77,5825300,0
2015-09-14,2.74,2.76,2.64,2.71,4822800,0
2015-09-15,2.68,2.8,2.65,2.77,5435800,0
2015-09-16,2.73,2.86,2.71,2.82,5986900,0
2015-09-17,2.79,2.93,2.74,2.81,8376270,0
2015-09-18,2.98,3.05,2.72,2.81,17911100,0
2015-09-21,2.81,2.84,2.65,2.65,7843900,0
2015-09-22,2.59,2.67,2.46,2.54,9770800,0
2015-09-23,2.55,2.56,2.35,2.36,10073495,0
2015-09-24,2.36,2.45,2.3,2.43,7975054,0
2015-09-25,2.45,2.49,2.22,2.29,7903500,0
2015-09-28,2.22,2.3,2.05,2.24,9799860,0
2015-09-29,2.29,2.49,2.18,2.39,10112600,0
2015-09-30,2.44,2.46,2.3,2.41,5115400,0
2015-10-01,2.45,2.48,2.33,2.37,5327900,0
2015-10-02,2.35,2.63,2.31,2.56,7094600,0
2015-10-05,2.5,2.84,2.48,2.77,11201446,0
2015-10-06,2.75,2.88,2.75,2.8,6797600,0
2015-10-07,2.89,3.1,2.85,3.04,12088287,0
2015-10-08,3.0,3.14,2.91,3.11,7224700,0
2015-10-09,3.17,3.19,2.99,3.06,6415200,0
2015-10-12,3.05,3.08,2.75,2.85,4810400,0
2015-10-13,2.76,2.93,2.75,2.84,3411000,0
2015-10-14,2.84,2.91,2.76,2.82,6115500,0
2015-10-15,2.81,2.95,2.76,2.92,5524500,0
2015-10-16,2.95,2.99,2.85,2.86,4995800,0
2015-10-19,2.8,2.88,2.65,2.77,5178432,0
2015-10-20,2.75,2.8,2.67,2.71,4255264,0
2015-10-21,2.73,2.73,2.53,2.53,5696700,0
2015-10-22,2.55,2.71,2.53,2.64,5465400,0
2015-10-23,2.71,2.77,2.6,2.66,4013700,0
2015-10-26,2.47,2.49,2.31,2.34,11450100,0
2015-10-27,2.41,2.55,2.25,2.42,8649900,0
2015-10-28,2.38,2.7,2.33,2.62,10348500,0
2015-10-29,2.6,2.78,2.56,2.72,5973000,0
2015-10-30,2.71,2.96,2.62,2.89,7632700,0
2015-11-02,2.87,3.09,2.85,3.03,8820654,0
2015-11-03,3.01,3.25,2.75,2.93,16691150,0
2015-11-04,2.85,2.88,2.73,2.8,8999929,0
2015-11-05,2.77,2.85,2.66,2.71,6560800,0
2015-11-06,2.69,2.82,2.64,2.77,4528800,0
2015-11-09,2.76,2.82,2.68,2.68,3893113,0
2015-11-10,2.67,2.79,2.65,2.7,3644200,0
2015-11-11,2.72,2.75,2.55,2.6,5086000,0
2015-11-12,2.55,2.62,2.51,2.52,3645300,0
2015-11-13,2.51,2.7,2.48,2.55,4498800,0
2015-11-16,2.56,2.72,2.54,2.56,5143800,0
2015-11-17,2.59,2.6,2.43,2.44,6020900,0
2015-11-18,2.53,2.57,2.46,2.55,5409400,0
2015-11-19,2.51,2.58,2.5,2.54,3250600,0
2015-11-20,2.54,2.59,2.36,2.36,6299600,0
2015-11-23,2.38,2.45,2.26,2.3,7466300,0
2015-11-24,2.26,2.36,2.22,2.28,7009700,0
2015-11-25,2.3,2.44,2.23,2.35,5121700,0
2015-11-27,2.3,2.36,2.27,2.3,1683400,0
2015-11-30,2.37,2.38,2.26,2.38,3431600,0
2015-12-01,2.39,2.54,2.38,2.53,4050995,0
2015-12-02,2.47,2.61,2.38,2.39,5559863,0
2015-12-03,2.38,2.45,2.23,2.24,7413093,0
2015-12-04,2.24,2.37,2.17,2.27,7899300,0
2015-12-07,2.26,2.29,2.07,2.1,7206700,0
2015-12-08,2.05,2.13,1.99,2.13,7390243,0
2015-12-09,2.2,2.35,2.16,2.33,6889400,0
2015-12-10,2.35,2.51,2.31,2.44,10280400,0
2015-12-11,2.37,2.4,2.19,2.2,5169000,0
2015-12-14,2.2,2.21,2.05,2.13,4338263,0
2015-12-15,2.2,2.24,2.14,2.19,3876100,0
2015-12-16,2.18,2.22,2.09,2.19,3799000,0
2015-12-17,2.1,2.14,2.01,2.04,7011400,0
2015-12-18,2.06,2.1,2.01,2.05,8678900,0
2015-12-21,2.06,2.14,2.02,2.11,5550800,0
2015-12-22,2.14,2.3,2.1,2.3,6672981,0
2015-12-23,2.37,2.42,2.16,2.22,8122500,0
2015-12-24,2.23,2.33,2.2,2.3,2868826,0
2015-12-28,2.22,2.3,2.15,2.23,3965764,0
2015-12-29,2.22,2.27,2.19,2.27,3922112,0
2015-12-30,2.2,2.3123,2.15,2.21,6374369,0
2015-12-31,2.2,2.24,2.15,2.24,4734074,0
2016-01-04,2.15,2.35,2.15,2.35,6228230,0
2016-01-05,2.35,2.44,2.22,2.43,5589867,0
2016-01-06,2.38,2.55,2.255,2.52,9103318,0
2016-01-07,2.44,2.49,2.29,2.33,7076889,0
2016-01-08,2.4,2.473,2.31,2.33,5243158,0
2016-01-11,2.33,2.36,2.02,2.06,7810656,0
2016-01-12,2.13,2.19,2.02,2.18,8375465,0
2016-01-13,2.21,2.23,1.99,2.04,7968086,0
2016-01-14,2.05,2.07,1.97,2.05,5933199,0
2016-01-15,1.97,1.99,1.81,1.88,7839265,0
2016-01-19,1.96,1.96,1.84,1.88,5529400,0
2016-01-20,1.82,1.84,1.64,1.83,6932797,0
2016-01-21,1.84,1.99,1.83,1.93,3655006,0
2016-01-22,2.0,2.04,1.86,1.91,4811713,0
2016-01-25,1.95,2.015,1.81,1.83,4408475,0
2016-01-26,2.0,2.15,1.89,2.0,8908611,0
2016-01-27,2.02,2.05,1.85,1.94,7516015,0
2016-01-28,1.97,2.01,1.9,1.95,3808014,0
2016-01-29,1.98,2.04,1.88,2.04,4950169,0
2016-02-01,1.96,2.11,1.93,2.08,4459419,0
2016-02-02,2.05,2.15,2.0,2.08,3475057,0
2016-02-03,2.14,2.25,2.0,2.21,6788793,0
2016-02-04,2.23,2.47,2.22,2.39,7299348,0
2016-02-05,2.35,2.45,2.25,2.27,5037389,0
2016-02-08,2.21,2.25,2.12,2.22,3008033,0
2016-02-09,2.15,2.24,2.04,2.21,5625979,0
2016-02-10,2.22,2.3,2.14,2.2,4848192,0
2016-02-11,2.19,2.23,2.11,2.16,4370233,0
2016-02-12,2.19,2.44,2.19,2.3,5918566,0
2016-02-16,2.37,2.44,2.27,2.39,3635760,0
2016-02-17,2.44,2.605,2.42,2.57,8068085,0
2016-02-18,2.6,2.63,2.45,2.57,4171018,0
2016-02-19,2.56,2.59,2.47,2.52,2694077,0
2016-02-22,2.58,2.68,2.57,2.66,4184900,0
2016-02-23,2.63,2.71,2.58,2.68,3626840,0
2016-02-24,2.6,2.64,2.48,2.64,5492625,0
2016-02-25,2.66,2.72,2.53,2.56,4260103,0
2016-02-26,2.65,2.87,2.625,2.74,5657709,0
2016-02-29,2.85,2.94,2.77,2.86,7667074,0
2016-03-01,2.95,2.95,2.77,2.93,5356670,0
2016-03-02,3.02,3.57,3.01,3.52,16594927,0
2016-03-03,3.5,3.99,3.445,3.61,23722732,0
2016-03-04,3.76,3.99,3.6,3.74,18955188,0
2016-03-07,3.97,4.2,3.9,4.04,13564327,0
2016-03-08,3.95,3.9699,3.59,3.62,11276175,0
2016-03-09,3.71,3.91,3.4689,3.69,8306702,0
2016-03-10,3.55,4.2,3.53,4.15,14415629,0
2016-03-11,4.17,4.18,3.85,4.01,11644333,0
2016-03-14,3.9,4.12,3.87,4.03,7620425,0
2016-03-15,3.88,3.97,3.77,3.78,7874411,0
2016-03-16,3.75,4.1,3.73,4.07,9113133,0
2016-03-17,4.1,4.43,3.94,4.17,13923275,0
2016-03-18,4.27,4.48,4.2,4.2,16142217,0
2016-03-21,4.22,4.31,4.1,4.28,7011794,0
2016-03-22,4.2,4.4,4.19,4.35,5241781,0
2016-03-23,4.33,4.43,4.05,4.08,6412546,0
2016-03-24,3.98,4.17,3.76,4.15,9782633,0
2016-03-28,4.19,4.25,4.05,4.14,6880449,0
2016-03-29,4.06,4.24,3.95,4.17,8910502,0
2016-03-30,4.23,4.35,4.15,4.28,8141495,0
2016-03-31,4.29,4.33,4.11,4.13,10129207,0
2016-04-01,4.035,4.22,4.005,4.19,6936961,0
2016-04-04,4.2,4.27,4.09,4.09,5532705,0
2016-04-05,4.07,4.22,4.07,4.17,5141677,0
2016-04-06,4.18,4.28,4.13,4.25,5974437,0
2016-04-07,4.2,4.27,4.1,4.15,8879696,0
2016-04-08,4.07,4.12,3.96,4.1,8577396,0
2016-04-11,4.16,4.3,4.15,4.29,9351002,0
2016-04-12,4.32,4.5,4.265,4.48,8898855,0
2016-04-13,4.62,4.79,4.59,4.63,10777225,0
2016-04-14,4.7,4.74,4.5,4.69,8607063,0
2016-04-15,4.55,4.8,4.55,4.77,5077107,0
2016-04-18,4.71,5.04,4.65,4.89,10482190,0
2016-04-19,4.96,5.2,4.96,5.13,11378442,0
2016-04-20,5.14,5.24,4.92,4.96,10673608,0
2016-04-21,5.05,5.1,4.85,4.93,8674654,0
2016-04-22,4.91,5.09,4.85,4.89,7125377,0
2016-04-25,4.84,4.89,4.5,4.54,8386738,0
2016-04-26,4.79,4.91,4.26,4.72,14121731,0
2016-04-27,4.6,4.97,4.49,4.96,9696419,0
2016-04-28,4.96,5.23,4.925,4.99,10275998,0
2016-04-29,4.71,4.9,4.575,4.68,121099392,0
2016-05-02,4.7,4.72,4.46,4.64,24978672,0
2016-05-03,4.55,4.58,4.215,4.45,35550374,0
2016-05-04,4.4,4.61,4.22,4.33,26665083,0
2016-05-05,4.4,4.46,4.13,4.14,16212441,0
2016-05-06,4.11,4.37,3.967,4.09,19138308,0
2016-05-09,3.95,3.95,3.53,3.54,25584089,0
2016-05-10,3.65,3.71,3.49,3.66,13548428,0
2016-05-11,3.64,3.76,3.56,3.66,11746591,0
2016-05-12,3.69,3.75,3.44,3.46,10318337,0
2016-05-13,3.46,3.58,3.36,3.46,9419717,0
2016-05-16,3.51,3.67,3.48,3.48,9639851,0
2016-05-17,3.59,3.72,3.49,3.61,10819285,0
2016-05-18,3.51,3.69,3.33,3.4,11755060,0
2016-05-19,3.32,3.54,3.31,3.51,7671653,0
2016-05-20,3.55,3.6,3.44,3.46,6817521,0
2016-05-23,3.45,3.63,3.4,3.59,9379905,0
2016-05-24,3.66,3.68,3.535,3.57,9437500,0
2016-05-25,3.61,3.99,3.61,3.97,12089346,0
2016-05-26,4.26,4.27,4.01,4.09,13360817,0
2016-05-27,4.08,4.17,4.04,4.1,8000399,0
2016-05-31,4.17,4.32,4.12,4.28,19061407,0
2016-06-01,4.2,4.31,4.14,4.27,11038239,0
2016-06-02,4.2,4.48,4.2,4.46,9375333,0
2016-06-03,4.5,4.68,4.47,4.68,13612371,0
2016-06-06,4.7,4.725,4.59,4.67,9532237,0
2016-06-07,4.61,4.67,4.55,4.58,9997790,0
2016-06-08,4.86,5.5,4.85,5.35,30423841,0
2016-06-09,5.27,5.28,4.9239,5.05,20793741,0
2016-06-10,4.92,5.05,4.88,4.96,12905431,0
2016-06-13,5.04,5.04,4.86,4.87,7546534,0
2016-06-14,4.82,4.93,4.48,4.61,11148782,0
2016-06-15,4.78,5.05,4.73,4.96,9777064,0
2016-06-16,4.82,4.955,4.79,4.92,7992152,0
2016-06-17,4.99,5.16,4.86,4.89,15386482,0
2016-06-20,4.98,5.13,4.96,5.01,8051631,0
2016-06-21,5.01,5.03,4.8,4.9,8757258,0
2016-06-22,5.0,5.02,4.65,4.77,9808003,0
2016-06-23,4.86,4.94,4.7333,4.87,7826335,0
2016-06-24,4.57,4.7,4.33,4.4,18645147,0
2016-06-27,4.32,4.4,4.06,4.07,10943062,0
2016-06-28,4.21,4.4,4.18,4.24,11176451,0
2016-06-29,4.37,4.48,4.3,4.41,11701809,0
2016-06-30,4.43,4.66,4.36,4.66,8574952,0
2016-07-01,4.6,4.92,4.595,4.85,9277905,0
2016-07-05,4.86,4.89,4.53,4.58,8198816,0
2016-07-06,4.5,4.69,4.48,4.65,5382382,0
2016-07-07,4.69,4.79,4.53,4.59,6350014,0
2016-07-08,4.7,4.85,4.625,4.83,9312492,0
2016-07-11,4.97,5.0,4.87,4.94,10676965,0
2016-07-12,5.12,5.495,5.07,5.43,15456344,0
2016-07-13,5.51,5.52,5.15,5.3,9084942,0
2016-07-14,5.47,5.595,5.25,5.54,14452481,0
2016-07-15,5.49,5.68,5.45,5.6,9714262,0
2016-07-18,5.6,5.84,5.46,5.82,11199544,0
2016-07-19,5.7,5.79,5.4,5.46,13384502,0
2016-07-20,5.32,5.45,5.1,5.4,10580180,0
2016-07-21,5.44,5.55,5.3,5.4,8933411,0
2016-07-22,5.42,5.52,5.335,5.51,8595611,0
2016-07-25,5.51,5.669,5.28,5.42,16879179,0
2016-07-26,5.46,6.2,5.44,6.18,34124019,0
2016-07-27,6.49,7.09,6.39,6.7,39641329,0
2016-07-28,6.7,6.7,6.42,6.5,15415451,0
2016-07-29,6.48,6.65,6.45,6.56,9471741,0
2016-08-01,6.6,6.61,6.18,6.25,11465743,0
2016-08-02,6.29,6.32,6.03,6.12,9398704,0
2016-08-03,6.12,6.3,5.85,6.22,12958513,0
2016-08-04,6.18,6.27,6.02,6.16,8520176,0
2016-08-05,6.22,6.28,6.12,6.16,5683455,0
2016-08-08,6.2,6.23,6.02,6.04,8590951,0
2016-08-09,5.98,5.98,5.62,5.64,14055024,0
2016-08-10,5.74,5.74,5.28,5.31,13995938,0
2016-08-11,5.28,5.46,5.18,5.34,14016055,0
2016-08-12,5.34,5.4,5.01,5.03,12599091,0
2016-08-15,5.12,5.41,5.1,5.33,10747009,0
2016-08-16,5.45,5.48,5.21,5.22,10927707,0
2016-08-17,5.2,5.21,5.04,5.12,7281171,0
2016-08-18,5.18,5.2,5.05,5.17,6461520,0
2016-08-19,4.97,4.97,4.65,4.67,22261195,0
2016-08-22,4.62,4.84,4.6,4.8,9289192,0
2016-08-23,4.87,4.9801,4.81,4.83,8757626,0
2016-08-24,4.81,4.81,4.61,4.61,9479966,0
2016-08-25,4.61,4.785,4.57,4.68,8169780,0
2016-08-26,4.74,4.85,4.56,4.58,11250393,0
2016-08-29,4.57,4.75,4.52,4.69,7296364,0
2016-08-30,4.65,4.69,4.38,4.44,10912895,0
2016-08-31,4.38,4.53,4.28,4.46,10933632,0
2016-09-01,4.43,4.48,4.28,4.4,8879294,0
2016-09-02,4.41,4.545,4.32,4.35,7281515,0
2016-09-06,4.38,4.73,4.28,4.69,17824171,0
2016-09-07,4.57,4.69,4.385,4.41,14707544,0
2016-09-08,4.48,4.49,4.305,4.34,11109645,0
2016-09-09,4.28,4.29,4.05,4.14,13741906,0
2016-09-12,4.03,4.33,3.98,4.26,10880676,0
2016-09-13,4.14,4.14,3.87,4.06,14507538,0
2016-09-14,4.06,4.12,3.91,4.07,16990834,0
2016-09-15,4.08,4.15,3.95,4.06,12420539,0
2016-09-16,4.01,4.15,4.01,4.11,11250311,0
2016-09-19,4.26,4.395,4.22,4.3,10818570,0
2016-09-20,4.26,4.38,4.24,4.3,6315075,0
2016-09-21,4.44,4.79,4.38,4.72,24093756,0
2016-09-22,4.9,5.02,4.735,4.78,19615830,0
2016-09-23,4.84,5.05,4.81,4.96,17271800,0
2016-09-26,4.96,5.2,4.95,5.07,17404633,0
2016-09-27,4.96,5.035,4.79,4.85,10815512,0
2016-09-28,4.96,5.11,4.85,5.1,11723870,0
2016-09-29,5.05,5.2,4.86,4.94,13710884,0
2016-09-30,5.02,5.02,4.77,4.83,10303770,0
2016-10-03,4.9107,4.96,4.78,4.95,12110679,0
2016-10-04,4.89,4.93,4.59,4.6,14444055,0
2016-10-05,4.72,4.75,4.57,4.64,7811042,0
2016-10-06,4.6,4.72,4.6,4.61,6787946,0
2016-10-07,4.69,4.745,4.42,4.68,19168595,0
2016-10-10,4.74,4.92,4.73,4.86,7917317,0
2016-10-11,4.79,4.83,4.69,4.77,6718476,0
2016-10-12,4.75,4.815,4.68,4.77,6044916,0
2016-10-13,4.59,4.62,4.48,4.54,6879327,0
2016-10-14,4.58,4.66,4.47,4.51,6063980,0
2016-10-17,4.51,4.73,4.49,4.64,5964671,0
2016-10-18,4.7,4.72,4.47,4.63,11912012,0
2016-10-19,4.64,4.86,4.565,4.83,9658828,0
2016-10-20,4.78,5.16,4.71,5.02,13932843,0
2016-10-21,4.99,5.28,4.93,5.16,14766247,0
2016-10-24,5.25,5.34,5.16,5.19,15793078,0
2016-10-25,5.48,5.75,5.19,5.27,26590521,0
2016-10-26,5.6,5.6,5.31,5.5,16849499,0
2016-10-27,5.04,5.25,4.95,5.14,123282923,0
2016-10-28,5.22,5.34,5.16,5.21,25437055,0
2016-10-31,5.21,5.27,5.13,5.2,16183746,0
2016-11-01,5.28,5.35,5.06,5.11,14802831,0
2016-11-02,4.98,5.29,4.93,5.12,14264564,0
2016-11-03,5.18,5.67,5.165,5.46,26631944,0
2016-11-04,5.48,5.75,5.42,5.69,30054058,0
2016-11-07,5.89,5.94,5.62,5.88,24632929,0
2016-11-08,5.87,6.14,5.795,6.07,21624887,0
2016-11-09,6.7,7.06,6.67,6.91,47800512,0
2016-11-10,7.14,7.34,7.06,7.3,45873230,0
2016-11-11,7.3,7.54,6.98,7.5,30514843,0
2016-11-14,7.91,8.28,7.8,8.28,37909792,0
2016-11-15,8.06,8.115,7.7,8.07,40798618,0
2016-11-16,7.93,7.99,7.74,7.91,17555781,0
2016-11-17,7.96,8.1,7.8,8.0,12588590,0
2016-11-18,7.95,8.05,7.75,7.96,16953990,0
2016-11-21,8.16,8.17,7.97,8.03,16270714,0
2016-11-22,8.31,8.98,8.21,8.89,32575838,0
2016-11-23,8.84,9.19,8.6093,9.18,26341977,0
2016-11-25,9.24,9.45,9.1,9.4,11272083,0
2016-11-28,9.39,9.5,9.01,9.1,19554741,0
2016-11-29,8.68,9.19,8.59,8.94,25842180,0
2016-11-30,9.31,9.48,8.97,9.13,18630954,0
2016-12-01,9.2,9.43,9.09,9.33,13476508,0
2016-12-02,9.2,9.85,9.06,9.8,17748513,0
2016-12-05,10.06,10.71,10.06,10.65,29214517,0
2016-12-06,10.57,10.78,10.15,10.55,28039035,0
2016-12-07,10.75,11.13,10.71,10.79,28863071,0
2016-12-08,11.08,11.39,10.65,10.72,31512786,0
2016-12-09,10.67,10.8,10.06,10.13,23020259,0
2016-12-12,10.33,10.475,9.77,9.86,21197909,0
2016-12-13,9.93,10.29,9.67,10.12,21878409,0
2016-12-14,10.01,10.82,9.91,10.39,22797593,0
2016-12-15,10.16,10.6,9.95,10.57,20098002,0
2016-12-16,10.55,10.89,10.34,10.38,39093654,0
2016-12-19,10.17,10.34,10.05,10.29,14673565,0
2016-12-20,10.29,11.09,10.27,10.95,17201029,0
2016-12-21,11.02,11.07,10.69,10.89,11434802,0
2016-12-22,10.77,11.07,10.64,10.71,13187730,0
2016-12-23,10.7,10.815,10.511,10.7,8056738,0
2016-12-27,10.8,10.91,10.69,10.74,7197366,0
2016-12-28,10.9,11.18,10.47,10.54,14339200,0
2016-12-29,10.5,10.5962,10.04,10.3,15948871,0
2016-12-30,10.3,10.48,10.17,10.21,13867960,0
2017-01-03,10.42,10.81,10.3,10.54,15300734,0
2017-01-04,10.51,11.15,10.349,11.11,18586622,0
2017-01-05,11.11,11.23,10.66,10.88,15805374,0
2017-01-06,10.88,11.02,10.6,10.72,11000891,0
2017-01-09,10.67,10.68,10.27,10.31,15289018,0
2017-01-10,10.62,11.11,10.54,11.05,18179011,0
2017-01-11,11.14,11.28,10.845,11.02,17877022,0
2017-01-12,10.77,10.785,9.76,9.87,35739416,0
2017-01-13,9.89,10.18,9.63,9.71,17378545,0
2017-01-17,9.6,9.83,9.39,9.45,15216515,0
2017-01-18,9.5,10.18,9.38,10.07,25808753,0
2017-01-19,9.7,9.8,9.39,9.52,18448549,0
2017-01-20,9.65,9.73,9.27,9.52,17524150,0
2017-01-23,9.67,9.67,9.07,9.29,22204428,0
2017-01-24,10.02,10.26,8.55,8.68,74050551,0
2017-01-25,8.35,8.48,7.98,8.26,51503162,0
2017-01-26,8.16,8.47,7.9,8.19,40125350,0
2017-01-27,8.21,8.23,7.93,8.07,23861687,0
2017-01-30,7.95,8.11,7.67,8.09,25006843,0
2017-01-31,8.07,8.095,7.86,8.08,17373450,0
2017-02-01,8.14,8.3,7.6,7.79,30849187,0
2017-02-02,7.82,8.05,7.795,7.92,21580216,0
2017-02-03,7.89,8.22,7.84,8.13,22157128,0
2017-02-06,8.18,8.33,8.04,8.2,17063155,0
2017-02-07,8.27,8.33,7.925,8.01,16597853,0
2017-02-08,7.98,8.17,7.91,8.04,13654076,0
2017-02-09,8.1,8.69,8.07,8.66,30585346,0
2017-02-10,8.72,8.79,8.35,8.39,25301528,0
2017-02-13,8.52,8.81,8.37,8.76,36678909,0
2017-02-14,8.62,8.77,8.41,8.57,23543663,0
2017-02-15,8.59,8.79,8.48,8.49,21159905,0
2017-02-16,8.53,8.755,8.42,8.75,25025982,0
2017-02-17,8.71,8.97,8.65,8.84,19781249,0
2017-02-21,9.0,9.19,8.99,9.06,23039549,0
2017-02-22,8.99,9.0,8.7,8.79,15484119,0
2017-02-23,8.88,8.94,8.02,8.12,28797512,0
2017-02-24,7.89,8.2,7.75,8.02,15682378,0
2017-02-27,8.07,8.47,7.94,8.37,18297455,0
2017-02-28,8.45,8.72,8.28,8.33,18792969,0
2017-03-01,8.68,8.84,8.62,8.74,20938623,0
2017-03-02,8.67,8.735,8.27,8.29,12206379,0
2017-03-03,8.35,8.4759,8.17,8.34,10835103,0
2017-03-06,8.21,8.27,8.05,8.17,12619881,0
2017-03-07,8.15,8.17,7.76,7.77,16711083,0
2017-03-08,7.83,8.015,7.68,7.78,13483401,0
2017-03-09,7.72,7.96,7.63,7.79,11166008,0
2017-03-10,7.91,7.97,7.6,7.68,11863734,0
2017-03-13,7.79,8.0,7.79,7.89,11734306,0
2017-03-14,7.78,8.04,7.65,7.95,10501257,0
2017-03-15,8.04,8.41,7.9431,8.36,14890134,0
2017-03-16,8.58,8.655,8.23,8.25,13321761,0
2017-03-17,8.27,8.555,8.26,8.31,16462015,0
2017-03-20,8.25,8.3,7.995,8.27,9486610,0
2017-03-21,8.28,8.34,7.38,7.41,23822868,0
2017-03-22,7.49,7.68,7.43,7.62,10355536,0
2017-03-23,7.6,7.69,7.45,7.5,12331193,0
2017-03-24,7.51,7.58,7.1,7.16,13667914,0
2017-03-27,6.86,7.15,6.7,7.11,19852965,0
2017-03-28,7.17,7.41,7.05,7.34,12119880,0
2017-03-29,7.3,7.355,7.05,7.07,17482517,0
2017-03-30,7.19,7.45,7.16,7.23,20228410,0
2017-03-31,7.24,7.3,7.02,7.19,17319367,0
2017-04-03,7.28,7.38,6.97,7.1,17159082,0
2017-04-04,7.06,7.31,7.0,7.19,14878127,0
2017-04-05,7.25,7.34,6.8,6.83,21143821,0
2017-04-06,6.85,7.23,6.76,7.06,26516324,0
2017-04-07,6.99,7.69,6.98,7.65,37589779,0
2017-04-10,7.7,7.7,6.86,7.04,39450881,0
2017-04-11,7.06,7.16,6.8,7.11,20549830,0
2017-04-12,6.97,6.97,6.53,6.58,27901756,0
2017-04-13,6.59,6.69,6.37,6.38,18734320,0
2017-04-17,6.42,6.47,6.17,6.31,16347904,0
2017-04-18,6.18,6.57,6.15,6.32,20465385,0
2017-04-19,6.46,6.53,6.26,6.28,14636816,0
2017-04-20,6.47,6.84,6.4116,6.82,32007181,0
2017-04-21,6.9,6.9,6.6,6.72,19202112,0
2017-04-24,6.92,7.18,6.85,7.12,33559603,0
2017-04-25,7.45,7.54,6.39,6.4,64703086,0
2017-04-26,6.25,6.59,6.25,6.45,30294526,0
2017-04-27,6.38,6.61,6.25,6.45,25105459,0
2017-04-28,6.53,6.595,6.33,6.34,15076498,0
2017-05-01,6.38,6.39,6.12,6.23,17754931,0
2017-05-02,6.21,6.3,6.12,6.24,15763196,0
2017-05-03,6.17,6.21,5.88,5.93,16401519,0
2017-05-04,5.86,5.87,5.71,5.75,18704493,0
2017-05-05,5.77,5.88,5.71,5.83,12503009,0
2017-05-08,5.81,5.87,5.74,5.82,8402104,0
2017-05-09,5.83,5.9576,5.82,5.87,9331181,0
2017-05-10,5.85,6.08,5.795,5.98,15034738,0
2017-05-11,5.98,6.0,5.72,5.73,18027452,0
2017-05-12,5.69,5.82,5.57,5.62,11042631,0
2017-05-15,5.7,5.83,5.64,5.71,10485213,0
2017-05-16,5.75,5.77,5.61,5.68,8882975,0
2017-05-17,5.56,5.6,5.45,5.47,11742956,0
2017-05-18,5.4,5.58,5.3,5.45,10692762,0
2017-05-19,5.48,5.68,5.48,5.55,11850941,0
2017-05-22,5.64,5.65,5.48,5.55,7435702,0
2017-05-23,5.53,6.2,5.48,6.03,24949420,0
2017-05-24,6.06,6.34,5.82,5.85,26029301,0
2017-05-25,5.99,6.18,5.88,5.94,17517935,0
2017-05-26,5.95,5.97,5.78,5.8,9098231,0
2017-05-30,5.77,6.26,5.73,6.2,20635649,0
2017-05-31,6.16,6.29,5.91,6.1,20988739,0
2017-06-01,6.13,6.24,5.95,6.03,21403009,0
2017-06-02,6.01,6.1,5.81,5.89,12635432,0
2017-06-05,5.89,6.17,5.89,6.11,11985980,0
2017-06-06,6.07,6.07,5.77,5.9,18465777,0
2017-06-07,6.03,6.09,5.78,5.97,17133921,0
2017-06-08,5.97,6.42,5.92,6.3,26440717,0
2017-06-09,6.35,6.5,6.14,6.24,22636996,0
2017-06-12,6.28,6.6,6.28,6.52,17749995,0
2017-06-13,6.57,6.6,6.4,6.42,11440974,0
2017-06-14,6.4,6.419,6.1,6.25,19585337,0
2017-06-15,6.11,6.19,5.93,6.09,18041806,0
2017-06-16,6.06,6.3,5.95,5.99,17367142,0
2017-06-19,6.16,6.325,6.09,6.28,25901991,0
2017-06-20,6.25,6.3,6.12,6.23,10010667,0
2017-06-21,6.26,6.37,6.13,6.19,11840607,0
2017-06-22,6.22,6.345,6.17,6.3,10543175,0
2017-06-23,6.53,6.82,6.31,6.65,24616118,0
2017-06-26,6.75,6.79,6.4301,6.54,15086700,0
2017-06-27,6.63,6.78,6.5,6.5,14957753,0
2017-06-28,6.64,6.8,6.54,6.78,15996421,0
2017-06-29,6.84,7.0,6.68,6.75,18446917,0
2017-06-30,6.88,7.04,6.54,6.57,23141781,0
2017-07-03,6.51,6.7,6.33,6.38,15753518,0
2017-07-05,6.42,6.46,6.11,6.29,20042941,0
2017-07-06,6.27,6.375,6.15,6.17,12970240,0
2017-07-07,6.22,6.24,5.79,5.95,21177833,0
2017-07-10,5.92,6.1,5.79,6.0,13301577,0
2017-07-11,6.1,6.19,5.97,6.17,14467339,0
2017-07-12,6.2,6.35,6.13,6.2,12536225,0
2017-07-13,6.32,6.76,6.21,6.64,33075905,0
2017-07-14,6.68,6.68,6.49,6.5,14191396,0
2017-07-17,6.53,6.6,6.44,6.49,12838181,0
2017-07-18,6.45,6.51,6.27,6.37,12192619,0
2017-07-19,6.42,6.67,6.28,6.6,18578071,0
2017-07-20,6.59,6.6,6.38,6.46,14064292,0
2017-07-21,6.46,6.4699,6.19,6.2,16452102,0
2017-07-24,6.21,6.225,5.92,6.03,23412562,0
2017-07-25,6.42,6.88,6.35,6.78,70017542,0
2017-07-26,6.75,6.79,6.2,6.24,55676399,0
2017-07-27,6.16,6.18,5.94,5.98,33162170,0
2017-07-28,5.95,5.951,5.31,5.47,56085260,0
2017-07-31,5.63,5.68,5.41,5.66,24598647,0
2017-08-01,5.7,5.72,5.39,5.39,26267774,0
2017-08-02,5.38,5.47,5.3,5.35,17699157,0
2017-08-03,5.35,5.48,5.32,5.36,10732578,0
2017-08-04,5.42,5.49,5.33,5.46,12977043,0
2017-08-07,5.54,5.66,5.44,5.51,15874314,0
2017-08-08,5.48,5.56,5.31,5.42,14726812,0
2017-08-09,5.37,5.455,5.315,5.37,9206395,0
2017-08-10,5.35,5.54,5.32,5.33,15226666,0
2017-08-11,5.29,5.34,5.01,5.11,20691189,0
2017-08-14,5.16,5.22,5.07,5.14,15331088,0
2017-08-15,5.13,5.32,5.11,5.24,12006754,0
2017-08-16,5.28,5.47,5.25,5.43,13995079,0
2017-08-17,5.39,5.4588,5.25,5.26,9130602,0
2017-08-18,5.26,5.33,5.15,5.25,10315034,0
2017-08-21,5.27,5.31,5.17,5.2,8136041,0
2017-08-22,5.22,5.29,5.18,5.23,13818280,0
2017-08-23,5.16,5.39,5.13,5.39,14245212,0
2017-08-24,5.35,5.455,5.27,5.28,10289091,0
2017-08-25,5.31,5.34,5.24,5.29,11025408,0
2017-08-28,5.33,5.63,5.31,5.47,18354070,0
2017-08-29,5.4,5.65,5.35,5.5,16087483,0
2017-08-30,5.51,5.83,5.47,5.77,22063799,0
2017-08-31,5.82,5.86,5.56,5.6,21545397,0
2017-09-01,5.64,5.8,5.59,5.69,14585076,0
2017-09-05,5.79,5.99,5.65,5.77,20745467,0
2017-09-06,5.82,5.89,5.75,5.84,11969392,0
2017-09-07,5.89,6.02,5.86,5.98,16218093,0
2017-09-08,5.94,5.98,5.75,5.87,13242293,0
2017-09-11,5.92,5.96,5.66,5.73,15551625,0
2017-09-12,5.74,5.8,5.63,5.76,10312979,0
2017-09-13,5.74,5.82,5.65,5.74,11752719,0
2017-09-14,5.7,5.705,5.47,5.61,18706509,0
2017-09-15,5.58,5.705,5.55,5.56,16041749,0
2017-09-18,5.56,5.7,5.52,5.61,13251085,0
2017-09-19,5.6,5.66,5.51,5.61,10312672,0
2017-09-20,5.62,5.69,5.57,5.64,11521561,0
2017-09-21,5.58,5.6101,5.47,5.54,11331613,0
2017-09-22,5.41,5.42,5.2,5.22,28200395,0
2017-09-25,5.22,5.35,5.17,5.33,12197935,0
2017-09-26,5.34,5.44,5.305,5.33,10612279,0
2017-09-27,5.35,5.45,5.2307,5.37,26996177,0
2017-09-28,5.41,5.55,5.34,5.5,12186127,0
2017-09-29,5.51,5.64,5.4789,5.59,10630773,0
2017-10-02,5.56,5.86,5.54,5.71,19789917,0
2017-10-03,5.74,5.82,5.63,5.74,10576437,0
2017-10-04,5.74,5.86,5.73,5.77,9915714,0
2017-10-05,5.82,5.86,5.66,5.67,12812327,0
2017-10-06,5.65,5.65,5.54,5.58,7556748,0
2017-10-09,5.58,5.59,5.32,5.39,12197138,0
2017-10-10,5.41,5.44,5.35,5.36,8158464,0
2017-10-11,5.38,5.49,5.35,5.43,8199631,0
2017-10-12,5.42,5.55,5.42,5.49,8845010,0
2017-10-13,5.71,5.87,5.69,5.8,23923877,0
2017-10-16,5.87,5.91,5.611,5.69,13918404,0
2017-10-17,5.67,5.8,5.65,5.66,12501993,0
2017-10-18,5.73,6.1,5.7,5.95,28026730,0
2017-10-19,5.85,6.05,5.8,6.04,13378011,0
2017-10-20,6.15,6.25,6.1,6.19,16816438,0
2017-10-23,6.2,6.27,6.1342,6.15,13371206,0
2017-10-24,6.19,6.29,6.16,6.23,13225757,0
2017-10-25,6.19,6.21,5.93,6.02,19484721,0
2017-10-26,6.07,6.12,5.96,6.05,10517738,0
2017-10-27,5.96,6.08,5.91,6.05,13738902,0
2017-10-30,6.08,6.09,5.85,5.85,16172491,0
2017-10-31,5.41,5.46,4.58,4.59,92747494,0
2017-11-01,4.7201,4.9233,4.33,4.35,58504537,0
2017-11-02,4.35,4.46,4.21,4.23,25959734,0
2017-11-03,4.23,4.31,4.05,4.22,22992111,0
2017-11-06,4.27,4.44,4.27,4.35,19577649,0
2017-11-07,4.33,4.36,4.24,4.25,15579448,0
2017-11-08,4.25,4.3,4.2,4.21,10439480,0
2017-11-09,4.2,4.26,4.14,4.18,10933522,0
2017-11-10,4.2,4.25,4.16,4.23,10934549,0
