Date,Open,High,Low,Close,Volume,OpenInt
2014-01-02,59.414,59.621,58.682,59.191,585406,0
2014-01-03,59.283,59.376,58.854,59.293,428785,0
2014-01-06,59.406,59.406,58.487,59.162,898953,0
2014-01-07,59.556,59.958,58.963,59.565,706930,0
2014-01-08,59.658,60.839,59.658,60.813,1200706,0
2014-01-09,61.449,62.227,60.934,61.71,1106505,0
2014-01-10,61.748,62.351,61.328,62.331,991875,0
2014-01-13,62.142,62.397,61.384,61.637,794491,0
2014-01-14,61.7,62.45,61.402,62.442,571451,0
2014-01-15,62.459,63.1,62.459,62.566,474108,0
2014-01-16,62.517,62.677,62.02,62.218,364794,0
2014-01-17,62.236,62.236,61.628,61.87,407544,0
2014-01-21,62.049,62.331,61.786,62.01,448335,0
2014-01-22,62.379,62.592,61.87,62.151,271530,0
2014-01-23,61.804,62.096,61.141,61.421,415823,0
2014-01-24,61.205,61.205,59.273,59.349,813168,0
2014-01-27,59.312,60.156,58.739,59.613,586678,0
2014-01-28,59.704,59.789,58.655,59.246,764893,0
2014-01-29,59.837,62.369,59.273,61.169,1717442,0
2014-01-30,61.186,61.533,60.156,60.578,771628,0
2014-01-31,60.052,61.027,60.005,60.165,690372,0
2014-02-03,60.446,60.501,58.261,58.338,1423838,0
2014-02-04,59.228,59.228,58.007,58.319,1160869,0
2014-02-05,58.214,58.692,57.108,58.581,875178,0
2014-02-06,58.637,59.095,58.402,58.944,436927,0
2014-02-07,59.153,59.594,58.9,59.508,360432,0
2014-02-10,59.201,60.109,59.201,59.723,380073,0
2014-02-11,59.621,60.42,59.49,60.091,402383,0
2014-02-12,60.071,60.549,60.071,60.438,481661,0
2014-02-13,60.147,60.998,59.621,60.756,418678,0
2014-02-14,60.813,61.384,60.549,61.177,261995,0
2014-02-18,61.3,61.3,60.296,60.446,481605,0
2014-02-19,60.465,61.074,60.333,60.38,799267,0
2014-02-20,60.42,60.697,60.333,60.41,590547,0
2014-02-21,60.539,60.785,59.828,59.914,711425,0
2014-02-24,59.921,60.118,59.613,59.847,548241,0
2014-02-25,59.986,60.615,59.613,60.257,513164,0
2014-02-26,61.553,61.553,60.296,61.459,603707,0
2014-02-27,61.29,61.562,60.998,61.474,292571,0
2014-02-28,61.393,62.311,61.261,61.862,406150,0
2014-03-03,61.111,62.104,61.084,61.628,778328,0
2014-03-04,62.03,63.043,61.728,61.909,1502237,0
2014-03-05,61.967,62.227,61.562,61.909,389641,0
2014-03-06,62.039,62.771,62.03,62.415,262114,0
2014-03-07,62.432,62.799,62.049,62.388,432022,0
2014-03-10,62.151,62.527,61.449,61.843,498439,0
2014-03-11,61.364,61.976,61.354,61.44,511520,0
2014-03-12,61.038,61.388,60.85,61.199,653951,0
2014-03-13,61.227,61.588,60.362,60.439,644602,0
2014-03-14,60.287,61.001,59.72,59.807,640790,0
2014-03-17,60.315,60.729,59.882,60.579,489565,0
2014-03-18,60.758,61.021,60.42,60.965,464983,0
2014-03-19,61.011,61.256,60.324,60.53,256211,0
2014-03-20,60.51,60.661,59.928,60.324,733824,0
2014-03-21,60.651,61.416,60.43,60.869,1147995,0
2014-03-24,61.029,61.634,60.4,60.644,683513,0
2014-03-25,61.35,61.653,60.831,61.048,357058,0
2014-03-26,61.237,61.688,60.579,60.588,446680,0
2014-03-27,60.709,61.294,60.579,61.087,529053,0
2014-03-28,61.077,61.463,60.897,61.284,373236,0
2014-03-31,61.662,62.725,61.407,62.527,542708,0
2014-04-01,62.687,62.951,62.018,62.557,504889,0
2014-04-02,62.762,63.148,62.235,62.998,349926,0
2014-04-03,63.092,63.543,62.725,62.883,472186,0
2014-04-04,63.287,63.287,61.725,62.235,580028,0
2014-04-07,62.206,62.216,61.105,61.217,441390,0
2014-04-08,61.077,61.85,60.897,61.538,530404,0
2014-04-09,61.754,62.576,61.653,62.197,801511,0
2014-04-10,62.112,62.478,61.237,61.312,764284,0
2014-04-11,61.097,61.85,60.859,61.057,528269,0
2014-04-14,61.359,61.944,61.087,61.744,607942,0
2014-04-15,61.867,61.982,60.768,61.774,728879,0
2014-04-16,62.178,62.537,61.793,62.396,523222,0
2014-04-17,63.026,63.102,61.47,62.772,464581,0
2014-04-21,62.649,63.297,62.273,63.262,750235,0
2014-04-22,63.449,63.883,63.253,63.769,476439,0
2014-04-23,63.816,64.232,62.903,63.138,749116,0
2014-04-24,63.167,63.253,62.828,62.922,719221,0
2014-04-25,62.706,62.818,61.896,61.991,386414,0
2014-04-28,62.34,62.423,61.538,62.149,539561,0
2014-04-29,62.423,63.148,62.423,62.687,436084,0
2014-04-30,62.706,63.287,62.387,63.11,511108,0
2014-05-01,63.582,63.977,63.317,63.769,478640,0
2014-05-02,63.853,64.607,63.505,64.106,673107,0
2014-05-05,63.825,64.87,63.825,64.55,582199,0
2014-05-06,64.317,64.72,64.081,64.24,853489,0
2014-05-07,64.446,64.662,64.015,64.485,590382,0
2014-05-08,64.327,64.843,63.987,64.145,667822,0
2014-05-09,64.052,64.485,63.712,64.27,405148,0
2014-05-12,64.58,65.502,64.58,65.295,407371,0
2014-05-13,65.295,65.794,64.993,65.023,426595,0
2014-05-14,64.861,65.275,64.672,64.937,371728,0
2014-05-15,64.788,65.078,63.543,63.702,773456,0
2014-05-16,63.76,63.911,63.092,63.752,714974,0
2014-05-19,63.619,64.617,63.515,63.911,645447,0
2014-05-20,63.94,64.091,63.307,63.515,596567,0
2014-05-21,63.769,64.317,63.563,64.081,538704,0
2014-05-22,64.015,64.455,63.807,64.081,420688,0
2014-05-23,64.1,64.843,63.949,64.637,461114,0
2014-05-27,64.899,65.239,64.505,64.56,240690,0
2014-05-28,64.408,64.599,63.911,64.428,398999,0
2014-05-29,64.607,65.322,64.202,65.265,432758,0
2014-05-30,65.125,65.407,64.823,65.135,344067,0
2014-06-02,65.229,65.727,64.823,65.576,402769,0
2014-06-03,65.314,66.188,65.097,65.916,534891,0
2014-06-04,65.737,66.752,65.569,66.698,740588,0
2014-06-05,66.96,67.657,66.602,67.282,699943,0
2014-06-06,67.383,68.082,67.272,67.947,573665,0
2014-06-09,67.84,68.428,67.8,67.996,504160,0
2014-06-10,67.902,68.174,67.48,67.986,402811,0
2014-06-11,67.764,68.387,67.376,67.661,404104,0
2014-06-12,67.585,67.888,66.85,66.932,377318,0
2014-06-13,66.912,67.284,66.85,67.095,633621,0
2014-06-16,67.15,67.274,66.508,66.566,523836,0
2014-06-17,66.527,67.755,66.394,67.415,765377,0
2014-06-18,67.492,67.707,66.698,67.168,425709,0
2014-06-19,67.159,67.622,67.159,67.395,292474,0
2014-06-20,67.689,67.879,67.168,67.585,447399,0
2014-06-23,67.538,67.651,67.103,67.274,376930,0
2014-06-24,67.33,67.923,66.593,66.669,500237,0
2014-06-25,66.736,67.464,66.669,67.302,399196,0
2014-06-26,67.367,67.538,66.707,67.159,328604,0
2014-06-27,66.894,67.897,66.629,67.897,820978,0
2014-06-30,67.971,67.971,67.047,67.565,545354,0
2014-07-01,67.87,68.587,67.804,68.152,479895,0
2014-07-02,67.961,68.266,67.689,67.971,489321,0
2014-07-03,68.097,68.56,68.058,68.474,350654,0
2014-07-07,68.02,68.425,67.952,68.247,398373,0
2014-07-08,68.18,68.465,67.952,68.284,358902,0
2014-07-09,68.604,68.786,67.87,68.115,366543,0
2014-07-10,67.188,67.971,66.98,67.661,360066,0
2014-07-11,67.641,68.087,67.464,68.039,330042,0
2014-07-14,68.435,68.786,68.18,68.624,505871,0
2014-07-15,71.846,72.083,64.561,66.177,15412037,0
2014-07-16,66.479,67.159,64.947,65.269,2885020,0
2014-07-17,64.835,66.338,64.362,65.609,2178850,0
2014-07-18,65.81,66.629,65.676,66.338,1505065,0
2014-07-21,65.905,66.489,65.317,65.326,848751,0
2014-07-22,65.461,65.885,64.722,64.722,1037970,0
2014-07-23,64.853,65.289,64.222,64.628,1587465,0
2014-07-24,64.825,64.825,63.492,63.823,1751082,0
2014-07-25,63.861,65.363,63.861,65.269,2040494,0
2014-07-28,65.146,65.326,64.39,65.091,1118038,0
2014-07-29,66.147,66.167,63.521,63.55,1677436,0
2014-07-30,63.861,64.345,62.917,63.04,1663920,0
2014-07-31,63.04,63.04,56.568,57.964,6130632,0
2014-08-01,57.616,59.032,57.406,58.354,3260716,0
2014-08-04,58.389,58.682,57.691,58.561,1536179,0
2014-08-05,58.118,59.148,57.861,58.081,2359945,0
2014-08-06,57.974,58.354,57.548,57.908,1101437,0
2014-08-07,58.371,58.515,57.038,57.266,1435187,0
2014-08-08,57.322,57.663,56.823,57.568,1867941,0
2014-08-11,58.306,58.38,57.484,57.54,1049900,0
2014-08-12,57.304,57.606,56.955,57.192,1315531,0
2014-08-13,57.625,58.296,57.172,58.012,1079007,0
2014-08-14,57.917,58.041,57.078,57.332,1187566,0
2014-08-15,57.322,57.843,56.991,57.797,1565051,0
2014-08-18,58.012,58.749,58.012,58.268,784221,0
2014-08-19,58.335,58.561,58.09,58.561,817900,0
2014-08-20,58.296,58.616,58.003,58.524,1251965,0
2014-08-21,58.589,59.042,58.306,58.515,722783,0
2014-08-22,58.361,58.74,57.984,58.409,625527,0
2014-08-25,58.74,58.901,58.371,58.873,508962,0
2014-08-26,59.079,59.099,58.672,58.91,865557,0
2014-08-27,58.692,59.156,58.692,58.966,910008,0
2014-08-28,58.672,60.177,58.22,59.732,1495816,0
2014-08-29,59.914,60.347,59.722,60.083,704950,0
2014-09-02,60.149,60.593,60.083,60.404,921872,0
2014-09-03,60.612,60.952,60.006,60.063,522305,0
2014-09-04,60.036,60.479,59.865,60.044,673000,0
2014-09-05,59.904,60.251,59.611,60.213,451910,0
2014-09-08,60.204,60.893,60.167,60.337,880864,0
2014-09-09,60.213,60.356,59.703,59.93,651588,0
2014-09-10,59.819,61.395,59.761,61.142,1728985,0
2014-09-11,60.757,61.592,60.679,61.069,1441639,0
2014-09-12,61.089,61.173,59.977,60.537,1045953,0
2014-09-15,60.796,61.183,60.205,61.012,705005,0
2014-09-16,60.976,61.914,60.757,61.667,1242013,0
2014-09-17,61.687,62.112,61.345,61.63,1071290,0
2014-09-18,61.866,61.924,61.524,61.723,742924,0
2014-09-19,61.732,61.808,60.624,60.786,1197328,0
2014-09-22,60.748,61.145,60.006,60.036,1421419,0
2014-09-23,59.967,60.31,59.635,59.846,878931,0
2014-09-24,59.987,60.282,59.465,59.949,869099,0
2014-09-25,59.6,59.6,57.474,57.54,1560033,0
2014-09-26,57.53,57.947,57.236,57.777,968749,0
2014-09-29,57.121,57.444,56.799,56.969,1103658,0
2014-09-30,56.922,57.129,55.394,55.895,1978594,0
2014-10-01,55.735,55.773,54.359,54.844,2266308,0
2014-10-02,54.834,55.944,54.303,55.877,1777241,0
2014-10-03,55.915,56.248,55.272,55.973,1678439,0
2014-10-06,57.075,57.797,56.219,56.477,1129723,0
2014-10-07,56.18,56.695,55.432,55.479,1268848,0
2014-10-08,55.291,55.745,54.332,55.7,1154527,0
2014-10-09,55.518,55.69,53.383,53.429,1370030,0
2014-10-10,53.457,53.553,51.864,52.225,1761608,0
2014-10-13,52.233,52.898,50.374,50.447,1173132,0
2014-10-14,50.99,51.59,50.147,50.782,1676042,0
2014-10-15,49.747,51.304,48.732,50.981,2168725,0
2014-10-16,49.965,51.484,49.767,51.141,2076964,0
2014-10-17,51.76,52.813,51.484,51.809,2039130,0
2014-10-20,51.74,52.566,51.104,52.537,1482049,0
2014-10-21,52.975,53.865,52.795,53.648,1891815,0
2014-10-22,54.094,54.218,52.349,52.423,1949151,0
2014-10-23,54.322,55.375,53.115,53.904,2543373,0
2014-10-24,53.847,54.359,53.231,54.284,892646,0
2014-10-27,53.743,54.066,52.7,53.648,1102153,0
2014-10-28,54.15,55.128,53.609,55.034,1922924,0
2014-10-29,55.1,55.128,53.904,54.275,1792456,0
2014-10-30,54.094,54.731,53.789,54.427,1332238,0
2014-10-31,55.193,55.537,54.767,55.402,1371934,0
2014-11-03,55.479,56.012,55.291,55.735,1376325,0
2014-11-04,56.022,56.2,55.564,55.802,1497909,0
2014-11-05,56.306,57.672,56.003,57.652,1635097,0
2014-11-06,57.54,57.871,56.847,57.757,1230777,0
2014-11-07,57.757,58.26,57.474,58.062,1099619,0
2014-11-10,57.995,58.45,57.797,58.318,1173277,0
2014-11-11,58.212,59.076,57.975,58.878,1416776,0
2014-11-12,58.763,59.028,58.308,58.421,1488541,0
2014-11-13,58.535,59.237,58.175,58.725,1711584,0
2014-11-14,58.489,58.942,58.004,58.592,3440127,0
2014-11-17,58.47,58.773,58.298,58.46,1393982,0
2014-11-18,58.421,58.821,58.337,58.544,1272760,0
2014-11-19,58.592,58.63,58.042,58.411,1408166,0
2014-11-20,57.937,58.676,57.699,58.411,1247334,0
2014-11-21,59.285,59.351,58.383,58.63,1368321,0
2014-11-24,58.951,59.001,58.45,58.696,811655,0
2014-11-25,58.859,58.906,58.082,58.193,1287271,0
2014-11-26,58.279,58.564,57.787,58.527,714456,0
2014-11-28,58.212,58.212,55.7,56.032,797854,0
2014-12-01,55.993,56.354,55.119,55.365,1609508,0
2014-12-02,55.488,55.954,54.909,55.877,1081734,0
2014-12-03,56.144,58.46,55.84,58.27,1794078,0
2014-12-04,58.052,58.649,57.454,58.649,1348505,0
2014-12-05,58.509,60.15,58.509,59.201,1656507,0
2014-12-08,58.971,59.351,58.527,58.676,1233234,0
2014-12-09,58.554,59.22,57.956,59.162,993354,0
2014-12-10,58.887,58.887,55.528,55.993,2029059,0
2014-12-11,56.57,57.197,54.997,55.176,1553075,0
2014-12-12,54.566,54.824,52.889,53.013,1397336,0
2014-12-15,53.556,53.812,51.934,52.212,1499294,0
2014-12-16,51.916,53.632,51.763,52.411,1212666,0
2014-12-17,52.48,54.576,52.392,54.539,1679854,0
2014-12-18,55.312,56.102,54.824,56.102,1363620,0
2014-12-19,56.215,56.702,55.521,55.959,1994971,0
2014-12-22,56.082,57.207,55.815,57.207,2026979,0
2014-12-23,57.627,58.532,57.342,57.99,1048347,0
2014-12-24,57.942,58.179,57.665,57.665,450753,0
2014-12-26,58.057,58.361,57.82,58.057,805977,0
2014-12-29,57.922,58.638,57.838,58.105,596738,0
2014-12-30,58.027,58.447,57.932,57.97,599940,0
2014-12-31,58.086,58.133,57.295,57.332,542384,0
2015-01-02,57.56,57.82,56.912,57.504,777273,0
2015-01-05,57.112,57.285,55.558,55.595,1620095,0
2015-01-06,55.721,55.777,54.472,54.51,1704869,0
2015-01-07,55.283,55.283,54.109,54.291,1000494,0
2015-01-08,54.853,56.168,54.691,55.998,1608530,0
2015-01-09,56.027,56.932,54.766,56.274,5666536,0
2015-01-12,56.235,57.702,55.739,56.922,8595172,0
2015-01-13,57.397,59.333,57.16,58.151,3053855,0
2015-01-14,57.104,57.426,55.854,56.75,1657389,0
2015-01-15,56.979,57.18,55.167,55.377,1712787,0
2015-01-16,55.158,55.854,54.642,55.796,1531405,0
2015-01-20,56.254,56.254,54.89,55.11,1578487,0
2015-01-21,54.977,55.9,54.691,55.881,1767425,0
2015-01-22,56.186,56.96,55.713,56.779,1447448,0
2015-01-23,56.396,56.674,53.632,54.195,3240019,0
2015-01-26,54.566,54.833,54.033,54.481,2154921,0
2015-01-27,53.575,54.214,53.47,53.747,1693690,0
2015-01-28,54.272,55.072,52.155,52.794,3998222,0
2015-01-29,51.306,53.556,44.757,45.546,10591524,0
2015-01-30,44.841,46.558,44.602,46.014,7037701,0
2015-02-02,46.165,46.491,45.11,45.689,3216048,0
2015-02-03,45.919,47.234,45.605,47.084,3214452,0
2015-02-04,46.614,47.149,46.185,46.577,1970626,0
2015-02-05,46.749,47.625,46.605,47.436,2431159,0
2015-02-06,47.454,48.759,47.444,48.701,2835733,0
2015-02-09,48.541,49.723,48.465,49.713,2303265,0
2015-02-10,49.96,49.96,49.199,49.741,1499488,0
2015-02-11,49.351,51.249,49.084,50.704,1910468,0
2015-02-12,50.475,51.602,50.293,51.449,1741163,0
2015-02-13,51.593,52.155,50.848,52.049,2436557,0
2015-02-17,52.049,52.651,51.372,52.24,1080949,0
2015-02-18,51.859,52.326,51.696,52.307,1122634,0
2015-02-19,51.813,52.212,51.43,51.897,1356132,0
2015-02-20,51.992,52.889,51.277,52.889,1132806,0
2015-02-23,52.47,53.107,52.43,52.975,948485,0
2015-02-24,52.85,53.527,52.754,53.47,1022796,0
2015-02-25,53.203,53.88,53.203,53.71,809015,0
2015-02-26,53.72,54.081,53.289,53.681,774207,0
2015-02-27,53.651,54.338,53.489,53.938,787725,0
2015-03-02,53.739,54.424,53.232,54.043,1380025,0
2015-03-03,53.831,54.204,53.681,54.1,929979,0
2015-03-04,54.014,54.014,52.689,52.821,1680403,0
2015-03-05,52.859,52.955,52.155,52.708,989658,0
2015-03-06,52.059,52.611,51.982,52.277,1436451,0
2015-03-09,52.45,52.509,52.204,52.346,1052166,0
2015-03-10,51.686,52.019,51.535,51.813,1016716,0
2015-03-11,51.783,51.869,50.867,51.048,1768819,0
2015-03-12,51.288,52.131,51.048,51.432,993893,0
2015-03-13,51.212,51.441,50.561,50.75,828660,0
2015-03-16,50.857,51.0,50.397,50.608,1236734,0
2015-03-17,50.348,50.561,49.639,50.318,1538091,0
2015-03-18,50.215,50.915,49.37,50.57,2448642,0
2015-03-19,50.328,50.521,49.351,49.534,1263437,0
2015-03-20,49.61,50.357,49.601,50.09,1807428,0
2015-03-23,50.09,50.531,49.744,49.764,968545,0
2015-03-24,49.774,50.185,49.449,49.853,990346,0
2015-03-25,49.853,50.138,49.026,49.065,578101,0
2015-03-26,48.939,49.188,48.738,48.891,821986,0
2015-03-27,50.799,50.838,49.247,49.419,1557600,0
2015-03-30,49.813,50.377,49.505,50.264,970423,0
2015-03-31,50.118,50.731,49.734,50.655,1174805,0
2015-04-01,50.377,50.531,50.071,50.397,1092051,0
2015-04-02,50.348,51.25,50.109,50.702,971257,0
2015-04-06,50.617,52.937,50.617,52.726,1596822,0
2015-04-07,52.726,53.185,52.361,52.966,1251646,0
2015-04-08,53.137,53.752,52.986,53.57,1424288,0
2015-04-09,53.779,56.589,53.762,56.571,2417885,0
2015-04-10,57.029,57.402,56.148,56.322,1284718,0
2015-04-13,56.204,56.504,55.878,55.967,799559,0
2015-04-14,56.11,56.533,55.67,56.533,866110,0
2015-04-15,56.657,57.212,56.043,56.857,1170504,0
2015-04-16,56.791,56.811,56.12,56.313,1347810,0
2015-04-17,56.025,56.627,55.736,56.607,928802,0
2015-04-20,56.811,57.01,56.359,56.742,620039,0
2015-04-21,56.857,56.955,55.766,56.322,1016863,0
2015-04-22,56.351,56.841,56.091,56.504,850595,0
2015-04-23,56.224,56.627,56.129,56.514,788919,0
2015-04-24,56.627,57.193,56.293,56.562,740239,0
2015-04-27,56.637,56.935,55.986,56.101,840135,0
2015-04-28,56.035,57.039,55.554,56.991,789233,0
2015-04-29,56.341,57.808,56.313,57.759,889372,0
2015-04-30,57.759,58.267,57.01,57.232,1549464,0
2015-05-01,57.653,58.257,57.338,57.941,766700,0
2015-05-04,58.18,58.373,57.511,57.633,924108,0
2015-05-05,57.643,58.19,57.125,57.521,1224631,0
2015-05-06,58.027,58.219,57.29,57.521,1551596,0
2015-05-07,59.704,61.87,58.9,60.232,3886481,0
2015-05-08,61.307,62.302,60.508,60.548,1858752,0
2015-05-11,60.548,60.971,60.117,60.635,1323627,0
2015-05-12,60.463,60.598,59.446,60.089,1105643,0
2015-05-13,60.137,60.356,59.858,59.954,897819,0
2015-05-14,60.212,61.219,60.022,60.999,1132107,0
2015-05-15,60.711,62.12,60.319,61.718,1191743,0
2015-05-18,61.586,61.586,60.5,60.645,1375674,0
2015-05-19,60.616,60.731,59.602,60.107,1189662,0
2015-05-20,60.193,60.28,59.763,59.954,948726,0
2015-05-21,59.656,60.212,59.485,60.117,698793,0
2015-05-22,59.704,59.915,59.11,59.312,1066287,0
2015-05-26,58.91,59.101,58.276,58.631,861000,0
2015-05-27,58.631,59.024,58.439,58.786,670522,0
2015-05-28,58.776,59.015,57.779,58.086,904923,0
2015-05-29,58.096,58.151,57.422,57.663,1433259,0
2015-06-01,57.883,58.209,57.318,57.374,1326878,0
2015-06-02,57.364,58.344,57.3,58.151,876831,0
2015-06-03,58.391,59.388,58.354,58.91,644444,0
2015-06-04,58.526,59.15,58.354,58.736,1148068,0
2015-06-05,58.517,58.824,58.047,58.603,718508,0
2015-06-08,58.641,58.966,58.124,58.18,675216,0
2015-06-09,58.219,58.593,57.969,58.096,521775,0
2015-06-10,58.545,58.871,58.19,58.641,791374,0
2015-06-11,58.766,59.13,58.659,58.919,626277,0
2015-06-12,58.814,58.814,57.386,57.58,890365,0
2015-06-15,57.117,57.34,55.412,55.789,1251974,0
2015-06-16,55.789,56.261,55.519,55.846,1035093,0
2015-06-17,56.271,56.741,55.713,56.3,835756,0
2015-06-18,56.384,57.504,56.087,57.445,1322778,0
2015-06-19,57.405,57.435,56.394,56.443,953488,0
2015-06-22,56.674,56.915,56.261,56.841,674107,0
2015-06-23,56.945,57.03,56.251,56.791,507908,0
2015-06-24,56.973,57.107,55.499,55.519,914764,0
2015-06-25,55.722,56.32,55.547,56.125,836691,0
2015-06-26,56.394,57.021,56.145,56.925,1637876,0
2015-06-29,56.512,56.831,54.046,54.17,1346346,0
2015-06-30,54.631,54.75,52.889,53.236,1260324,0
2015-07-01,53.418,53.775,51.84,52.456,1943315,0
2015-07-02,52.532,53.101,52.301,53.005,1517857,0
2015-07-06,52.262,52.889,52.011,52.253,1295475,0
2015-07-07,52.225,52.436,51.021,52.253,1133718,0
2015-07-08,51.887,52.234,51.011,51.116,1024295,0
2015-07-09,51.907,52.168,51.454,51.473,953593,0
2015-07-10,52.188,52.407,51.84,52.011,548795,0
2015-07-13,52.331,53.602,52.198,53.344,912479,0
2015-07-14,53.226,53.372,52.802,53.294,718650,0
2015-07-15,53.187,53.254,52.051,52.271,593795,0
2015-07-16,52.321,52.667,51.646,52.417,1014742,0
2015-07-17,52.234,52.234,51.021,51.059,693420,0
2015-07-20,50.943,51.165,50.49,50.809,840740,0
2015-07-21,50.838,51.406,50.057,50.173,578594,0
2015-07-22,50.077,50.288,49.595,49.808,616074,0
2015-07-23,49.932,50.163,49.403,49.432,720724,0
2015-07-24,49.325,49.422,47.582,47.976,831292,0
2015-07-27,47.592,48.267,47.224,47.976,875314,0
2015-07-28,48.064,49.095,47.766,48.91,927950,0
2015-07-29,49.046,50.097,48.689,49.999,1190305,0
2015-07-30,50.028,51.57,49.605,51.434,1900645,0
2015-07-31,51.85,52.794,51.377,52.207,2221867,0
2015-08-03,52.108,52.311,51.049,51.329,923964,0
2015-08-04,51.444,52.216,51.338,51.656,1022841,0
2015-08-05,52.243,52.253,50.599,51.3,1541632,0
2015-08-06,51.704,51.704,47.727,49.865,4011773,0
2015-08-07,50.018,51.079,49.171,49.354,992420,0
2015-08-10,49.354,50.789,49.277,50.75,881543,0
2015-08-11,50.067,50.202,49.519,50.087,816595,0
2015-08-12,49.558,49.922,48.439,49.24,1017754,0
2015-08-13,49.161,49.442,48.277,48.565,1003634,0
2015-08-14,48.595,49.393,48.439,49.23,623651,0
2015-08-17,48.95,50.038,48.595,49.865,1239723,0
2015-08-18,49.72,49.828,49.114,49.23,838145,0
2015-08-19,48.96,49.363,47.592,48.046,983078,0
2015-08-20,47.592,48.102,47.205,47.505,863063,0
2015-08-21,47.034,47.054,44.953,45.089,1433972,0
2015-08-24,43.053,44.144,40.831,42.709,2179929,0
2015-08-25,43.932,44.037,41.207,41.226,1338456,0
2015-08-26,41.967,42.053,40.752,41.485,3314683,0
2015-08-27,42.13,44.501,41.995,43.469,2132995,0
2015-08-28,43.286,44.863,43.122,43.633,1516509,0
2015-08-31,43.296,43.846,42.361,43.547,1490554,0
2015-09-01,42.64,42.91,41.032,41.274,2155524,0
2015-09-02,41.899,42.044,40.841,41.158,1680441,0
2015-09-03,41.475,41.475,40.723,41.293,2792051,0
2015-09-04,40.618,40.945,40.35,40.869,1587210,0
2015-09-08,41.677,41.677,41.197,41.436,3106107,0
2015-09-09,41.889,42.41,41.331,41.446,1539868,0
2015-09-10,41.397,41.658,40.927,41.226,1723351,0
2015-09-11,40.917,41.254,40.071,40.453,907185,0
2015-09-14,40.483,40.958,40.124,40.619,1240958,0
2015-09-15,40.968,43.191,40.968,42.938,5002494,0
2015-09-16,43.191,43.776,42.821,43.391,1187751,0
2015-09-17,43.248,44.363,43.219,43.694,1717091,0
2015-09-18,43.082,44.372,43.025,44.335,3072701,0
2015-09-21,44.703,45.77,44.227,45.004,2108989,0
2015-09-22,44.5,44.614,43.752,44.335,1833908,0
2015-09-23,44.179,44.8,43.82,43.946,1452684,0
2015-09-24,43.229,44.16,42.152,43.86,1672384,0
2015-09-25,44.11,44.654,43.451,43.771,1471292,0
2015-09-28,43.471,43.539,40.396,40.522,1792685,0
2015-09-29,40.269,41.414,40.251,41.25,1525628,0
2015-09-30,41.733,43.052,41.676,42.772,1409223,0
2015-10-01,42.957,43.868,42.772,43.81,1672446,0
2015-10-02,43.2,44.762,42.987,44.762,1269621,0
2015-10-05,45.082,46.175,44.984,46.002,1056601,0
2015-10-06,46.37,47.369,46.109,46.175,1688119,0
2015-10-07,46.458,47.631,46.235,47.438,1962685,0
2015-10-08,47.273,49.456,47.166,49.048,1779674,0
2015-10-09,49.825,50.317,49.028,49.193,1987738,0
2015-10-12,49.543,49.716,48.796,48.989,1197633,0
2015-10-13,48.67,49.387,48.369,48.746,945873,0
2015-10-14,48.64,50.163,48.563,49.892,934122,0
2015-10-15,50.173,50.261,48.504,49.92,1505316,0
2015-10-16,50.144,51.142,50.007,50.871,2098061,0
2015-10-19,50.512,50.823,50.281,50.687,1604830,0
2015-10-20,50.619,51.346,50.492,50.532,778812,0
2015-10-21,50.823,51.249,49.484,49.639,1202603,0
2015-10-22,50.261,51.521,49.815,50.813,1509131,0
2015-10-23,51.278,52.044,50.911,50.997,1305500,0
2015-10-26,50.852,51.375,50.482,51.094,1119087,0
2015-10-27,50.667,50.921,49.484,50.366,1750395,0
2015-10-28,50.482,52.442,50.222,51.967,1827516,0
2015-10-29,51.724,52.947,51.491,52.656,1477994,0
2015-10-30,52.695,52.734,51.336,51.909,1455928,0
2015-11-02,52.626,53.218,52.432,52.607,2587326,0
2015-11-03,52.792,53.809,52.626,53.025,1612235,0
2015-11-04,53.286,53.635,52.162,52.588,2082196,0
2015-11-05,50.921,51.23,46.711,47.942,6062815,0
2015-11-06,47.99,49.309,47.856,49.153,2293133,0
2015-11-09,48.864,49.29,47.99,48.416,2587473,0
2015-11-10,48.436,48.815,47.778,48.088,1236111,0
2015-11-11,48.35,48.484,46.982,47.428,1696678,0
2015-11-12,46.691,47.389,45.44,45.507,1356022,0
2015-11-13,45.343,46.788,45.092,46.185,2079606,0
2015-11-16,46.002,46.622,45.605,46.535,1056297,0
2015-11-17,46.661,47.458,46.235,47.061,1797204,0
2015-11-18,47.175,49.329,47.021,49.28,1643270,0
2015-11-19,48.979,49.601,48.796,49.163,1099499,0
2015-11-20,49.406,50.406,49.223,50.115,1344578,0
2015-11-23,50.017,50.582,49.696,50.542,1660074,0
2015-11-24,50.386,51.491,50.115,51.415,1616358,0
2015-11-25,51.298,51.608,50.968,51.308,669865,0
2015-11-27,51.308,51.734,51.172,51.511,321685,0
2015-11-30,51.685,52.074,51.501,51.947,840194,0
2015-12-01,52.064,52.182,51.24,51.356,1294788,0
2015-12-02,51.162,51.472,50.242,50.705,963898,0
2015-12-03,50.696,51.365,50.242,51.24,1496121,0
2015-12-04,50.93,51.909,50.376,51.395,1227658,0
2015-12-07,50.948,51.075,49.348,49.562,998458,0
2015-12-08,49.028,49.183,48.174,48.283,754055,0
2015-12-09,49.243,49.872,48.125,48.514,1613883,0
2015-12-10,48.426,48.456,47.554,47.729,859577,0
2015-12-11,46.802,47.22,46.156,46.783,1434435,0
2015-12-14,46.665,46.802,45.211,46.597,1626912,0
2015-12-15,46.927,48.137,46.831,47.495,1058171,0
2015-12-16,47.953,50.792,47.563,50.569,2315800,0
2015-12-17,50.723,51.808,50.08,51.143,1758938,0
2015-12-18,50.742,52.011,49.728,49.933,2165130,0
2015-12-21,50.343,50.608,49.554,50.207,862198,0
2015-12-22,50.343,53.436,50.177,52.989,1188350,0
2015-12-23,53.231,55.076,53.162,54.919,1095070,0
2015-12-24,54.88,55.123,54.44,54.588,390174,0
2015-12-28,54.362,55.406,53.787,55.368,877758,0
2015-12-29,56.013,56.578,54.87,55.349,778571,0
2015-12-30,55.047,55.807,54.889,54.968,752018,0
2015-12-31,54.695,55.963,54.47,54.645,679516,0
2016-01-04,53.631,54.334,52.949,54.197,1316735,0
2016-01-05,54.5,54.735,52.568,53.369,1262889,0
2016-01-06,52.169,52.929,50.579,51.036,1270953,0
2016-01-07,50.011,50.441,48.276,48.733,1558917,0
2016-01-08,49.222,49.838,47.778,47.817,1155525,0
2016-01-11,48.042,48.325,46.226,46.869,1345964,0
2016-01-12,47.602,47.982,46.879,47.758,1331499,0
2016-01-13,48.41,50.021,46.151,46.548,1499871,0
2016-01-14,46.859,48.44,45.7,47.709,1335681,0
2016-01-15,46.48,46.85,44.665,46.744,1482969,0
2016-01-19,47.3,48.295,46.411,47.24,1742231,0
2016-01-20,46.401,47.602,45.037,46.84,1390345,0
2016-01-21,46.822,49.505,46.266,48.226,1890381,0
2016-01-22,49.426,50.997,49.416,50.041,1571530,0
2016-01-25,49.848,50.001,48.489,48.762,1674912,0
2016-01-26,49.143,51.193,48.861,50.617,1562299,0
2016-01-27,50.294,50.987,49.212,49.688,1465808,0
2016-01-28,50.392,51.241,50.031,50.499,1206094,0
2016-01-29,50.529,51.377,49.905,51.357,2959828,0
2016-02-01,50.608,51.66,49.728,51.534,1500341,0
2016-02-02,50.9,51.728,50.1,50.599,1311401,0
2016-02-03,51.377,52.314,49.915,52.217,1483811,0
2016-02-04,52.334,52.934,49.981,50.685,2269047,0
2016-02-05,50.129,51.417,49.485,50.285,1414770,0
2016-02-08,49.668,49.668,46.333,47.602,1989179,0
2016-02-09,47.047,48.807,46.908,48.675,1752024,0
2016-02-10,49.367,49.808,48.207,48.871,1128925,0
2016-02-11,47.592,49.592,47.24,48.871,1215595,0
2016-02-12,49.446,50.752,48.822,50.129,1213509,0
2016-02-16,50.92,51.338,49.808,51.045,1693243,0
2016-02-17,51.65,52.929,51.231,51.484,1827103,0
2016-02-18,50.09,54.241,49.708,53.201,3120544,0
2016-02-19,53.095,53.211,51.972,53.153,1062813,0
2016-02-22,53.504,54.138,53.32,53.494,1417093,0
2016-02-23,53.143,54.236,51.231,51.377,1254436,0
2016-02-24,50.703,52.06,49.788,52.011,995239,0
2016-02-25,52.294,54.109,51.963,54.09,853789,0
2016-02-26,54.578,55.475,54.197,55.181,907571,0
2016-02-29,55.221,56.539,54.745,54.851,1483824,0
2016-03-01,55.73,57.426,55.611,57.232,1520992,0
2016-03-02,56.843,57.972,55.973,56.306,1173440,0
2016-03-03,56.08,56.481,54.665,55.825,1289169,0
2016-03-04,56.119,58.422,55.953,57.729,1429046,0
2016-03-07,57.583,58.51,56.51,57.366,1853112,0
2016-03-08,56.909,57.69,56.636,57.056,1539990,0
2016-03-09,57.366,58.871,57.173,58.773,1453515,0
2016-03-10,58.432,59.065,57.496,57.933,1399306,0
2016-03-11,58.334,60.393,58.002,59.748,1137189,0
2016-03-14,59.205,59.773,58.568,58.853,1377514,0
2016-03-15,58.184,58.872,57.694,58.038,1344486,0
2016-03-16,57.949,60.489,57.949,60.421,1490283,0
2016-03-17,60.273,61.647,59.578,61.214,1361931,0
2016-03-18,61.145,61.528,59.519,60.185,1945433,0
2016-03-21,60.185,60.723,59.763,60.44,1178187,0
2016-03-22,60.166,61.342,59.998,60.95,1250072,0
2016-03-23,60.744,60.979,60.068,60.194,1076142,0
2016-03-24,59.489,60.876,59.165,60.714,725172,0
2016-03-28,60.784,61.048,60.322,60.91,824430,0
2016-03-29,60.88,61.773,60.312,61.733,813798,0
2016-03-30,62.057,63.0,61.686,62.744,1095503,0
2016-03-31,62.636,63.077,62.411,62.686,1248801,0
2016-04-01,62.205,64.225,62.161,63.931,2504679,0
2016-04-04,64.106,64.617,63.725,64.057,1499324,0
2016-04-05,63.362,64.205,62.813,63.244,838936,0
2016-04-06,63.175,64.79,62.489,64.745,1261813,0
2016-04-07,64.617,65.625,62.99,63.43,1354270,0
2016-04-08,64.361,64.44,63.205,63.588,1590615,0
2016-04-11,63.861,64.656,63.773,63.981,1140712,0
2016-04-12,64.304,64.568,63.991,64.029,1091291,0
2016-04-13,64.519,65.029,63.175,63.735,2371450,0
2016-04-14,63.971,64.607,63.626,64.175,1886463,0
2016-04-15,64.459,64.568,63.773,64.097,1528951,0
2016-04-18,63.626,64.275,63.489,64.215,958305,0
2016-04-19,64.568,64.568,63.343,64.067,1997048,0
2016-04-20,63.961,64.479,63.244,64.371,1549274,0
2016-04-21,64.371,64.705,64.255,64.361,1313922,0
2016-04-22,64.381,65.411,64.381,64.95,1294677,0
2016-04-25,65.078,65.569,64.861,65.294,1024866,0
2016-04-26,65.665,66.626,65.481,66.44,1256381,0
2016-04-27,66.352,67.411,65.969,66.539,833656,0
2016-04-28,66.156,66.334,64.861,65.127,662328,0
2016-04-29,65.156,65.156,64.294,64.871,1090614,0
2016-05-02,65.127,67.029,64.891,66.578,1200588,0
2016-05-03,66.245,66.764,65.53,66.019,889866,0
2016-05-04,65.685,66.254,65.068,65.294,804064,0
2016-05-05,65.481,66.804,65.481,65.795,1072607,0
2016-05-06,65.665,67.725,65.371,67.294,1452800,0
2016-05-09,67.039,68.852,65.765,65.969,1814650,0
2016-05-10,66.069,67.079,65.755,66.539,1544047,0
2016-05-11,69.382,74.275,69.294,73.197,5906722,0
2016-05-12,74.137,74.942,73.304,74.393,2234455,0
2016-05-13,74.118,74.844,72.903,74.677,2232679,0
2016-05-16,75.325,76.873,75.256,76.295,1879063,0
2016-05-17,76.305,76.737,74.472,74.687,1866689,0
2016-05-18,74.353,75.747,74.295,74.687,1630661,0
2016-05-19,74.216,75.177,73.539,74.295,1651899,0
2016-05-20,74.932,75.872,74.637,74.873,1271495,0
2016-05-23,74.383,75.256,74.383,74.882,1201340,0
2016-05-24,75.392,75.971,74.824,74.853,1863692,0
2016-05-25,75.402,77.501,74.902,77.335,1223985,0
2016-05-26,77.726,78.177,76.627,77.501,1240918,0
2016-05-27,77.461,78.648,77.271,78.531,1113336,0
2016-05-31,78.442,78.511,76.491,76.971,1515810,0
2016-06-01,76.971,78.442,76.021,78.128,1318849,0
2016-06-02,77.59,78.393,77.581,78.285,642418,0
2016-06-03,78.442,78.783,77.609,78.442,872033,0
2016-06-06,78.913,80.561,78.541,79.383,1068858,0
2016-06-07,79.805,80.227,79.227,79.706,870720,0
2016-06-08,80.021,80.766,79.247,79.63,1554563,0
2016-06-09,79.07,79.442,78.275,78.697,1146917,0
2016-06-10,78.442,78.854,77.707,78.275,1045099,0
2016-06-13,78.112,78.517,76.883,76.922,1134948,0
2016-06-14,76.776,77.247,75.811,77.168,1180758,0
2016-06-15,77.346,78.793,77.188,78.458,1457033,0
2016-06-16,78.065,78.793,77.67,78.733,923567,0
2016-06-17,81.883,83.654,80.919,81.5,3587281,0
2016-06-20,82.198,82.661,81.361,81.706,1764595,0
2016-06-21,81.646,82.523,80.711,82.307,1223334,0
2016-06-22,82.307,82.552,81.51,82.012,1030273,0
2016-06-23,82.631,83.379,82.472,83.075,810401,0
2016-06-24,79.994,81.165,77.365,77.739,2504513,0
2016-06-27,76.222,76.863,73.684,74.156,2754271,0
2016-06-28,75.602,77.257,74.944,77.061,2750533,0
2016-06-29,78.212,78.596,77.355,77.877,1959524,0
2016-06-30,77.887,79.236,76.696,78.065,25292832,0
2016-07-01,78.202,80.987,78.202,80.042,1613762,0
2016-07-05,78.823,78.95,78.182,78.644,1388207,0
2016-07-06,78.142,79.687,77.573,79.591,1360416,0
2016-07-07,79.905,80.909,79.61,80.042,879110,0
2016-07-08,80.909,82.671,80.701,82.267,1288601,0
2016-07-11,82.601,82.681,81.805,82.317,1297720,0
2016-07-12,83.055,84.719,82.931,83.88,1319852,0
2016-07-13,84.175,84.403,83.684,84.205,970592,0
2016-07-14,84.619,85.603,84.471,84.689,718811,0
2016-07-15,85.064,85.919,84.659,84.994,913851,0
2016-07-18,84.874,85.073,83.999,84.854,712113,0
2016-07-19,84.599,85.004,84.21,84.57,640168,0
2016-07-20,84.689,85.526,84.55,85.259,963685,0
2016-07-21,84.904,85.239,82.533,82.946,1285774,0
2016-07-22,83.3,84.089,82.789,83.674,889010,0
2016-07-25,83.664,84.874,83.449,84.844,1249396,0
2016-07-26,84.844,84.854,83.547,84.175,923862,0
2016-07-27,84.029,84.166,82.799,83.488,854476,0
2016-07-28,83.33,84.786,82.926,83.774,1054296,0
2016-07-29,83.459,83.468,82.002,82.847,1729396,0
2016-08-01,82.896,83.163,82.267,82.592,1811133,0
2016-08-02,82.936,83.429,82.351,83.045,2067803,0
2016-08-03,83.182,83.251,81.805,82.671,2440627,0
2016-08-04,82.847,83.33,79.127,80.831,2952968,0
2016-08-05,80.928,81.351,80.21,81.037,1750837,0
2016-08-08,81.037,81.361,80.26,80.879,1518991,0
2016-08-09,81.195,81.366,80.436,80.721,1511164,0
2016-08-10,80.741,81.037,80.12,80.801,1318627,0
2016-08-11,80.831,81.805,80.338,81.282,1151166,0
2016-08-12,81.115,82.414,80.919,81.706,1157747,0
2016-08-15,82.168,83.459,81.968,82.76,1153880,0
2016-08-16,82.956,83.005,80.347,80.446,1083107,0
2016-08-17,80.495,80.545,78.92,79.285,1202064,0
2016-08-18,79.736,80.042,79.531,80.004,1087162,0
2016-08-19,79.727,81.617,79.551,81.44,1784004,0
2016-08-22,80.987,82.533,80.455,82.533,1106332,0
2016-08-23,83.173,85.141,82.838,82.847,1320555,0
2016-08-24,82.523,83.085,80.662,80.899,1591053,0
2016-08-25,81.017,82.071,80.841,81.272,765995,0
2016-08-26,81.617,82.208,80.052,80.505,893469,0
2016-08-29,80.642,81.646,80.366,81.45,752708,0
2016-08-30,81.45,82.188,80.314,80.446,772585,0
2016-08-31,79.975,79.975,78.458,78.713,1329056,0
2016-09-01,78.694,80.023,78.31,80.023,1200750,0
2016-09-02,81.165,81.195,79.826,80.672,909537,0
2016-09-06,80.841,81.735,80.565,81.735,972016,0
2016-09-07,81.41,81.765,80.841,81.646,939419,0
2016-09-08,81.46,81.735,79.6,79.65,999866,0
2016-09-09,78.654,79.236,75.308,75.612,1878105,0
2016-09-12,74.412,76.499,73.929,76.222,1550225,0
2016-09-13,75.872,76.613,74.835,75.191,1389879,0
2016-09-14,75.152,75.536,74.241,74.825,1677479,0
2016-09-15,75.003,76.397,74.499,76.337,1814132,0
2016-09-16,75.921,76.237,74.884,75.824,2332457,0
2016-09-19,76.198,77.059,76.131,76.723,786264,0
2016-09-20,77.009,77.632,75.882,75.882,969954,0
2016-09-21,76.643,79.282,76.593,79.243,1501155,0
2016-09-22,80.062,80.834,79.955,80.241,1606460,0
2016-09-23,79.815,80.121,79.263,79.795,1208236,0
2016-09-26,79.905,81.21,79.825,80.734,1367376,0
2016-09-27,80.448,81.881,80.448,81.772,841807,0
2016-09-28,82.453,83.985,82.042,83.867,1039961,0
2016-09-29,83.867,84.302,82.088,82.167,1213989,0
2016-09-30,82.938,84.82,82.503,84.479,1397032,0
2016-10-03,84.192,84.441,83.097,83.827,977911,0
2016-10-04,83.966,84.371,81.565,81.643,1069377,0
2016-10-05,82.433,82.933,81.742,82.453,986372,0
2016-10-06,82.049,82.878,81.93,82.652,991314,0
2016-10-07,82.839,82.839,80.665,81.396,985634,0
2016-10-10,82.236,83.482,82.112,82.493,630470,0
2016-10-11,82.049,82.212,80.349,80.754,529391,0
2016-10-12,80.744,80.744,79.321,80.191,817492,0
2016-10-13,79.312,79.995,78.145,79.489,670814,0
2016-10-14,80.181,80.814,79.815,79.905,628591,0
2016-10-17,79.855,80.547,79.795,80.301,603008,0
2016-10-18,81.496,81.732,80.665,80.694,509456,0
2016-10-19,80.834,81.673,80.052,81.614,559488,0
2016-10-20,80.981,82.453,80.913,82.039,442365,0
2016-10-21,81.91,81.91,80.577,81.229,601487,0
2016-10-24,82.059,82.498,81.229,82.376,615770,0
2016-10-25,82.207,82.207,81.031,81.13,429631,0
2016-10-26,80.329,81.031,79.726,80.131,705571,0
2016-10-27,80.794,81.436,80.31,81.08,642517,0
2016-10-28,81.277,83.047,81.258,81.93,655960,0
2016-10-31,81.98,83.176,81.762,82.562,1118411,0
2016-11-01,82.582,83.264,81.248,81.92,1084081,0
2016-11-02,81.535,81.95,80.834,81.277,634527,0
2016-11-03,81.624,83.482,81.327,82.809,1021229,0
2016-11-04,82.612,83.413,81.723,82.493,855498,0
2016-11-07,84.015,85.854,83.689,85.26,1428005,0
2016-11-08,84.974,85.854,81.703,81.772,1839990,0
2016-11-09,80.941,81.238,78.274,79.469,2658345,0
2016-11-10,79.775,81.031,79.153,80.557,1317777,0
2016-11-11,80.042,80.517,79.193,79.479,1128785,0
2016-11-14,79.765,80.039,75.418,76.169,1956728,0
2016-11-15,76.337,79.213,76.337,79.173,1286020,0
2016-11-16,79.341,80.848,78.894,80.587,1089441,0
2016-11-17,80.961,82.231,80.814,81.99,911045,0
2016-11-18,81.97,82.296,81.21,81.486,536119,0
2016-11-21,81.831,82.908,81.604,82.858,752908,0
2016-11-22,83.017,83.599,82.533,83.303,661741,0
2016-11-23,82.908,83.194,82.059,82.888,637798,0
2016-11-25,82.938,83.501,82.721,83.007,202605,0
2016-11-28,83.107,83.779,82.918,82.968,553572,0
2016-11-29,82.592,86.14,82.117,84.934,1220684,0
2016-11-30,85.586,87.681,85.586,86.742,1756923,0
2016-12-01,87.247,87.247,84.391,84.638,1193699,0
2016-12-02,84.668,84.964,83.373,83.857,676563,0
2016-12-05,84.548,85.428,84.401,85.26,1177612,0
2016-12-06,84.728,85.606,84.588,85.3,1348522,0
2016-12-07,85.22,87.82,85.22,87.75,841796,0
2016-12-08,88.936,91.15,88.256,90.715,1606968,0
2016-12-09,90.597,90.597,89.065,89.618,872009,0
2016-12-12,89.826,90.518,89.588,90.241,713333,0
2016-12-13,90.692,90.96,89.522,90.345,974292,0
2016-12-14,90.374,91.02,89.115,89.175,1440902,0
2016-12-15,89.571,90.018,88.561,89.056,818152,0
2016-12-16,89.284,89.74,87.33,88.471,1639760,0
2016-12-19,88.698,88.898,87.628,88.244,817779,0
2016-12-20,88.341,89.046,87.916,88.581,464162,0
2016-12-21,88.581,89.225,88.321,88.521,399271,0
2016-12-22,88.244,88.768,87.46,87.667,382312,0
2016-12-23,87.727,88.094,86.974,88.064,228821,0
2016-12-27,88.134,88.698,87.847,88.254,230900,0
2016-12-28,88.292,88.649,85.764,85.844,604922,0
2016-12-29,85.992,86.398,85.575,86.329,358246,0
2016-12-30,86.597,86.994,84.871,85.348,474111,0
2017-01-03,86.408,87.365,86.24,87.301,984004,0
2017-01-04,87.964,90.374,87.936,89.928,1137292,0
2017-01-05,89.869,90.613,88.967,89.621,921038,0
2017-01-06,89.849,90.226,89.095,90.037,547904,0
2017-01-09,89.958,90.206,89.601,89.71,944113,0
2017-01-10,90.087,90.394,88.331,89.115,832101,0
2017-01-11,89.8,93.33,89.314,92.506,1823004,0
2017-01-12,92.735,93.507,91.415,92.953,1051184,0
2017-01-13,93.37,94.133,92.546,93.2,605414,0
2017-01-17,94.331,94.975,93.111,93.547,852058,0
2017-01-18,94.033,94.201,91.514,91.811,1113924,0
2017-01-19,91.961,93.607,91.753,92.258,614784,0
2017-01-20,92.764,93.25,92.051,92.566,604542,0
2017-01-23,92.586,93.111,92.061,92.903,352402,0
2017-01-24,93.14,95.024,92.913,94.737,929768,0
2017-01-25,95.004,95.044,92.456,93.2,1092899,0
2017-01-26,93.29,95.074,93.24,94.668,803273,0
2017-01-27,94.529,95.054,93.954,94.608,456845,0
2017-01-30,93.984,94.043,92.715,93.765,683215,0
2017-01-31,93.805,93.869,91.734,91.851,1466218,0
2017-02-01,92.398,92.843,90.88,92.615,862491,0
2017-02-02,92.605,92.605,90.721,92.119,594433,0
2017-02-03,92.586,93.647,92.208,93.468,450674,0
2017-02-06,93.24,93.667,92.973,93.487,482071,0
2017-02-07,93.2,93.647,91.475,92.011,763347,0
2017-02-08,92.119,93.587,91.415,93.547,667252,0
2017-02-09,93.587,94.043,92.853,93.111,503076,0
2017-02-10,93.647,93.647,92.476,92.903,638671,0
2017-02-13,93.527,94.598,92.853,93.944,666117,0
2017-02-14,93.567,93.567,89.581,90.414,1668996,0
2017-02-15,90.533,92.218,90.245,91.971,1523425,0
2017-02-16,92.091,93.19,91.287,91.624,598809,0
2017-02-17,91.654,92.011,90.791,91.138,1025402,0
2017-02-21,91.724,93.032,91.624,92.982,796944,0
2017-02-22,92.615,92.853,91.594,91.654,658486,0
2017-02-23,92.328,92.446,90.99,91.624,744922,0
2017-02-24,91.148,92.348,90.245,92.139,706002,0
2017-02-27,92.198,92.605,91.435,91.674,938209,0
2017-02-28,94.985,101.69,94.926,100.64,4282816,0
2017-03-01,102.02,103.45,101.13,101.79,2614009,0
2017-03-02,101.94,103.88,101.28,102.18,2057555,0
2017-03-03,102.52,104.3,102.2,103.87,1163266,0
2017-03-06,101.05,101.8,97.791,101.24,2348992,0
2017-03-07,101.24,103.92,100.7,102.91,1408698,0
2017-03-08,102.71,103.01,101.37,101.87,1295684,0
2017-03-09,102.08,102.49,101.16,101.63,1469647,0
2017-03-10,101.83,103.13,101.49,102.17,1434793,0
2017-03-13,102.02,103.98,101.6,103.93,1343861,0
2017-03-14,103.45,103.82,102.5,103.39,756677,0
2017-03-15,103.93,104.94,103.3,104.65,785996,0
2017-03-16,104.53,105.16,103.15,103.45,1022992,0
2017-03-17,103.92,105.95,103.83,105.63,1444708,0
2017-03-20,105.46,105.61,104.54,105.49,1038005,0
2017-03-21,105.49,106.98,103.51,103.69,1256337,0
2017-03-22,104.03,104.9,102.74,104.65,990748,0
2017-03-23,104.61,105.81,104.27,104.58,693781,0
2017-03-24,104.97,105.6,103.47,103.88,530297,0
2017-03-27,103.06,104.38,102.09,104.03,845696,0
2017-03-28,104.01,104.89,103.57,104.31,809399,0
2017-03-29,104.43,105.38,104.33,104.47,921606,0
2017-03-30,104.51,105.51,104.27,104.57,675084,0
2017-03-31,104.39,105.91,103.81,105.07,941471,0
2017-04-03,105.16,105.72,103.27,104.46,996945,0
2017-04-04,104.4,105.35,104.24,104.93,888861,0
2017-04-05,105.12,106.12,104.34,104.64,1174670,0
2017-04-06,104.76,105.59,104.33,105.45,708954,0
2017-04-07,105.44,105.72,104.94,105.37,1218236,0
2017-04-10,105.39,105.63,104.01,104.29,989591,0
2017-04-11,103.99,105.13,103.76,105.04,649873,0
2017-04-12,105.42,105.5,103.24,103.56,693706,0
2017-04-13,103.44,104.23,102.86,103.06,502845,0
2017-04-17,103.19,104.06,102.9,104.06,725058,0
2017-04-18,103.39,105.24,103.39,105.2,895604,0
2017-04-19,105.47,106.35,104.8,105.27,953845,0
2017-04-20,105.56,105.67,104.82,104.95,893663,0
2017-04-21,105.03,105.44,104.32,104.53,1112584,0
2017-04-24,105.44,106.36,105.31,106.25,939083,0
2017-04-25,106.86,107.87,106.79,107.51,710403,0
2017-04-26,107.53,107.97,106.66,107.71,674862,0
2017-04-27,107.69,108.64,107.2,107.6,763484,0
2017-04-28,107.66,108.46,107.62,108.32,1213391,0
2017-05-01,108.5,109.53,106.42,108.8,859467,0
2017-05-02,108.75,108.75,107.42,107.79,835609,0
2017-05-03,107.76,108.04,106.61,107.07,972173,0
2017-05-04,111.39,112.12,107.85,108.12,1987842,0
2017-05-05,108.77,110.3,108.26,109.41,1122618,0
2017-05-08,109.42,109.71,108.13,108.96,868986,0
2017-05-09,108.9,109.32,108.11,108.74,713703,0
2017-05-10,108.9,110.0,108.57,109.97,823665,0
2017-05-11,109.97,110.34,109.48,110.14,551943,0
2017-05-12,109.84,110.14,109.49,109.78,605205,0
2017-05-15,110.49,112.2,110.12,111.45,654018,0
2017-05-16,111.84,112.27,111.1,111.76,764372,0
2017-05-17,110.9,111.41,109.89,109.94,987492,0
2017-05-18,109.38,110.07,108.28,109.4,926152,0
2017-05-19,109.85,111.19,109.56,109.72,901933,0
2017-05-22,110.31,110.46,109.14,109.98,802180,0
2017-05-23,110.31,111.4,109.99,111.11,595283,0
2017-05-24,111.11,111.94,110.95,111.45,551649,0
2017-05-25,111.92,113.08,111.65,111.98,639532,0
2017-05-26,111.89,112.44,111.59,112.25,604675,0
2017-05-30,112.18,112.28,110.84,111.85,776219,0
2017-05-31,111.67,113.11,111.29,112.98,1142358,0
2017-06-01,113.06,113.67,112.28,112.74,817631,0
2017-06-02,112.78,113.78,112.44,113.47,607629,0
2017-06-05,113.18,113.87,112.54,112.99,693251,0
2017-06-06,112.88,113.34,112.01,112.07,759318,0
2017-06-07,112.07,112.55,111.77,112.19,1074217,0
2017-06-08,112.38,114.14,111.76,113.65,1446780,0
2017-06-09,114.13,116.0,113.47,114.78,1137615,0
2017-06-12,114.6,114.78,110.37,110.59,1813578,0
2017-06-13,112.04,112.62,110.7,112.37,1114503,0
2017-06-14,112.32,112.37,108.28,108.99,1714895,0
2017-06-15,107.68,107.72,103.37,105.78,2585956,0
2017-06-16,105.93,107.84,105.58,107.81,1708500,0
2017-06-19,108.22,108.95,106.63,108.05,1102380,0
2017-06-20,107.58,108.86,106.73,107.47,807484,0
2017-06-21,107.3,107.35,105.6,105.92,1277311,0
2017-06-22,106.2,106.43,104.84,104.93,1183216,0
2017-06-23,105.04,105.64,104.15,104.58,3107662,0
2017-06-26,104.84,106.29,103.98,104.75,1831132,0
2017-06-27,105.12,105.42,104.03,104.2,1316442,0
2017-06-28,104.86,107.06,104.36,106.65,1204617,0
2017-06-29,106.91,106.99,103.5,104.4,988821,0
2017-06-30,104.95,106.26,104.85,105.27,809213,0
2017-07-03,106.07,106.26,105.07,105.76,556843,0
2017-07-05,105.73,108.38,105.73,107.74,1360148,0
2017-07-06,107.59,108.8,107.03,107.77,1177366,0
2017-07-07,108.04,110.17,107.87,109.71,1561438,0
2017-07-10,109.93,111.61,109.72,111.06,1447570,0
2017-07-11,111.4,112.79,110.57,112.66,1325211,0
2017-07-12,113.21,116.83,113.09,116.24,2120918,0
2017-07-13,116.3,118.7,116.3,117.38,2342920,0
2017-07-14,118.07,118.69,116.71,117.27,1727688,0
2017-07-17,117.36,117.47,116.16,116.56,865876,0
2017-07-18,116.52,117.88,115.87,117.43,690697,0
2017-07-19,117.67,119.29,116.36,118.86,1218492,0
2017-07-20,118.7,118.86,117.34,117.61,921214,0
2017-07-21,117.69,118.58,117.29,118.04,1019773,0
2017-07-24,118.23,119.09,117.54,118.3,1600631,0
2017-07-25,119.2,119.2,118.1,118.5,1130669,0
2017-07-26,118.86,118.98,116.7,116.9,872894,0
2017-07-27,117.51,118.01,114.91,116.07,958376,0
2017-07-28,116.06,116.68,115.6,116.2,1391862,0
2017-07-31,116.5,116.71,115.44,115.5,929125,0
2017-08-01,115.76,117.38,115.01,117.13,918426,0
2017-08-02,117.2,119.65,116.75,119.15,1530995,0
2017-08-03,119.48,119.65,118.18,118.5,1325090,0
2017-08-04,119.03,119.68,118.45,119.3,1079978,0
2017-08-07,120.31,123.17,119.69,122.77,3807543,0
2017-08-08,118.83,118.87,113.39,115.12,5325285,0
2017-08-09,114.37,115.41,110.95,112.87,2609519,0
2017-08-10,112.21,112.22,109.97,110.67,2609842,0
2017-08-11,109.72,110.0,108.32,109.08,2143189,0
2017-08-14,109.86,111.2,109.76,110.55,1623876,0
2017-08-15,110.72,112.14,109.73,111.59,1182031,0
2017-08-16,111.71,113.55,110.98,113.13,1292039,0
2017-08-17,113.65,113.65,111.71,111.82,1040632,0
2017-08-18,111.75,113.03,111.28,112.3,874839,0
2017-08-21,112.36,113.3,111.94,113.19,687801,0
2017-08-22,113.6,115.89,113.48,115.52,976689,0
2017-08-23,115.28,116.11,114.81,115.1,610815,0
2017-08-24,115.34,115.97,114.43,114.57,950474,0
2017-08-25,114.84,115.17,113.97,114.66,607147,0
2017-08-28,115.63,115.7,114.17,115.14,595146,0
2017-08-29,114.51,114.51,113.18,114.17,628944,0
2017-08-30,114.26,115.25,113.57,114.88,719415,0
2017-08-31,115.92,116.85,115.66,115.96,911478,0
2017-09-01,116.76,118.56,116.33,118.33,911045,0
2017-09-05,118.7,119.72,115.86,116.37,1181693,0
2017-09-06,116.65,119.35,115.92,118.36,1266247,0
2017-09-07,118.45,119.42,117.59,117.79,894112,0
2017-09-08,117.78,118.7,117.49,117.98,690730,0
2017-09-11,119.81,124.0,119.22,123.53,1728485,0
2017-09-12,124.18,126.0,123.95,124.32,1405808,0
2017-09-13,124.34,125.83,124.12,125.28,1288249,0
2017-09-14,125.28,126.2,124.75,126.0,1219209,0
2017-09-15,126.3,127.834,125.3,127.29,1617506,0
2017-09-18,128.5,131.66,128.16,131.02,1691328,0
2017-09-19,131.5,135.26,131.22,134.65,2008457,0
2017-09-20,135.29,136.95,134.08,136.08,2917265,0
2017-09-21,136.5,136.5,134.08,134.89,2014598,0
2017-09-22,134.4,134.88,133.26,134.29,1324237,0
2017-09-25,132.28,132.65,127.31,128.89,2642028,0
2017-09-26,129.0,129.91,127.41,128.42,1420947,0
2017-09-27,129.16,131.12,128.885,130.02,1215952,0
2017-09-28,130.57,132.55,130.2,132.32,1300142,0
2017-09-29,132.8,137.48,132.5,136.31,2103161,0
2017-10-02,136.25,136.88,133.835,136.62,1180199,0
2017-10-03,137.22,137.83,136.32,137.42,889375,0
2017-10-04,137.9,138.59,137.09,138.22,1113027,0
2017-10-05,138.68,140.105,138.23,139.66,820005,0
2017-10-06,135.69,137.22,134.54,137.19,1987168,0
2017-10-09,137.55,138.1,135.23,136.55,893436,0
2017-10-10,137.24,138.15,135.83,137.77,830224,0
2017-10-11,138.0,138.22,136.37,137.42,1205423,0
2017-10-12,137.0,138.33,136.96,137.3,936000,0
2017-10-13,138.75,139.48,137.53,138.94,906376,0
2017-10-16,139.84,141.305,138.61,140.16,1332441,0
2017-10-17,140.67,140.7,138.89,139.41,1048857,0
2017-10-18,140.06,140.28,139.3,139.66,720285,0
2017-10-19,138.22,139.52,137.15,139.49,798724,0
2017-10-20,140.7,141.29,140.06,140.78,925475,0
2017-10-23,141.0,141.4,137.77,138.53,1535456,0
2017-10-24,139.0,139.48,137.86,138.72,1330521,0
2017-10-25,139.5,140.44,136.88,138.53,1778459,0
2017-10-26,139.4,139.759,137.6,139.04,1375755,0
2017-10-27,139.64,139.97,137.87,139.08,1204760,0
2017-10-30,139.47,140.17,138.53,139.51,834834,0
2017-10-31,139.02,140.89,139.02,140.89,1576298,0
2017-11-01,142.0,142.42,140.85,142.33,907500,0
2017-11-02,142.5,143.69,135.61,136.91,2363993,0
2017-11-03,136.55,140.35,135.25,140.04,1395318,0
2017-11-06,140.24,142.0,140.14,141.97,951093,0
2017-11-07,142.0,143.57,142.0,143.13,1560198,0
2017-11-08,143.53,144.99,142.5,144.58,1745743,0
2017-11-09,142.11,142.435,136.39,140.84,2588641,0
2017-11-10,141.02,142.69,140.42,140.62,1056322,0
