Date,Open,High,Low,Close,Volume,OpenInt
2014-01-02,68.1,83.7,66.9,83.1,99262,0
2014-01-03,89.7,96.3,87.0,90.0,105322,0
2014-01-06,90.0,91.5,84.9,86.4,25083,0
2014-01-07,86.1,90.3,84.0,90.3,18500,0
2014-01-08,91.5,91.5,87.9,90.0,11420,0
2014-01-09,90.3,90.6,87.3,88.5,9000,0
2014-01-10,89.4,89.4,85.5,86.4,14453,0
2014-01-13,87.0,92.1,86.4,89.1,24583,0
2014-01-14,90.0,91.5,87.9,90.3,8203,0
2014-01-15,90.3,100.5,90.3,96.6,39253,0
2014-01-16,95.7,97.5,91.5,93.9,15758,0
2014-01-17,94.8,98.7,93.0,97.2,14683,0
2014-01-21,98.4,100.5,94.5,95.4,13050,0
2014-01-22,95.1,97.2,94.5,95.4,6070,0
2014-01-23,95.1,95.4,90.9,92.1,11650,0
2014-01-24,90.9,91.5,83.4,83.7,27060,0
2014-01-27,84.6,87.0,76.5,81.6,23663,0
2014-01-28,81.6,84.9,81.0,82.8,6197,0
2014-01-29,82.2,82.8,80.1,82.2,4443,0
2014-01-30,83.1,85.2,81.0,81.0,4460,0
2014-01-31,80.1,83.1,78.0,81.3,5573,0
2014-02-03,81.0,81.9,75.6,77.1,14279,0
2014-02-04,78.0,80.1,76.5,78.6,6065,0
2014-02-05,79.2,79.2,75.0,78.0,6746,0
2014-02-06,77.7,84.9,76.8,79.8,8132,0
2014-02-07,81.0,84.9,78.0,83.1,13241,0
2014-02-10,85.5,92.7,85.5,90.15,27334,0
2014-02-11,91.5,92.7,89.4,92.4,14164,0
2014-02-12,92.4,93.6,88.5,90.9,10582,0
2014-02-13,97.2,103.2,94.2,95.1,56613,0
2014-02-14,96.0,96.624,90.6,92.1,18980,0
2014-02-18,90.9,96.0,90.9,94.5,8613,0
2014-02-19,93.0,95.1,90.6,91.5,14877,0
2014-02-20,91.5,93.0,88.5,91.8,8222,0
2014-02-21,91.5,93.0,90.3,91.2,7955,0
2014-02-24,93.3,97.2,93.0,96.0,32379,0
2014-02-25,96.9,100.5,96.6,96.9,19669,0
2014-02-26,98.7,99.9,95.7,95.7,19447,0
2014-02-27,96.6,98.1,95.1,96.0,13706,0
2014-02-28,95.1,96.3,93.0,94.5,14044,0
2014-03-03,92.4,98.4,92.1,96.6,17441,0
2014-03-04,98.1,106.8,97.8,101.1,82954,0
2014-03-05,101.4,105.9,101.1,102.6,18976,0
2014-03-06,109.2,111.3,102.6,103.2,36703,0
2014-03-07,105.0,105.0,97.8,98.4,15938,0
2014-03-10,97.8,98.4,93.3,94.8,18307,0
2014-03-11,95.1,97.5,94.8,95.7,10852,0
2014-03-12,96.0,98.7,94.2,98.1,9949,0
2014-03-13,98.7,100.2,93.9,94.8,13340,0
2014-03-14,94.8,99.0,93.6,97.8,9603,0
2014-03-17,100.2,102.0,99.0,100.5,10172,0
2014-03-18,101.7,103.2,99.474,101.1,7863,0
2014-03-19,101.4,102.3,97.5,100.5,7969,0
2014-03-20,100.2,102.0,98.4,99.3,4977,0
2014-03-21,99.6,99.9,92.76,94.5,12530,0
2014-03-24,95.7,95.7,87.9,90.3,17430,0
2014-03-25,90.0,92.4,86.1,87.3,8526,0
2014-03-26,87.9,89.4,81.9,83.4,18270,0
2014-03-27,82.8,85.77,81.9,83.1,8000,0
2014-03-28,82.8,88.2,82.5,83.4,11907,0
2014-03-31,84.9,86.7,79.503,81.9,14594,0
2014-04-01,80.7,87.3,80.7,86.7,11322,0
2014-04-02,87.9,88.062,84.0,84.9,12224,0
2014-04-03,84.9,87.9,84.3,85.5,7626,0
2014-04-04,84.9,87.0,79.8,80.7,17653,0
2014-04-07,79.2,80.1,75.303,78.15,8130,0
2014-04-08,78.3,78.9,76.203,76.5,5015,0
2014-04-09,76.5,82.5,76.5,80.4,4125,0
2014-04-10,80.1,81.0,74.4,75.9,8252,0
2014-04-11,75.6,79.5,74.4,75.3,4721,0
2014-04-14,75.3,80.1,69.9,71.7,7358,0
2014-04-15,71.7,74.4,64.5,68.85,11608,0
2014-04-16,68.7,72.9,68.7,72.0,3774,0
2014-04-17,72.6,72.9,70.5,71.4,1829,0
2014-04-21,72.0,73.2,70.5,71.7,2443,0
2014-04-22,72.3,76.197,72.3,74.7,3983,0
2014-04-23,76.5,76.8,72.3,73.8,7479,0
2014-04-24,75.0,75.0,71.1,71.7,7264,0
2014-04-25,71.7,73.2,69.0,71.1,6686,0
2014-04-28,69.9,72.9,68.7,70.8,3976,0
2014-04-29,72.0,74.028,70.8,72.6,1658,0
2014-04-30,72.0,72.0,69.3,70.5,5835,0
2014-05-01,69.9,71.1,67.8,70.5,6611,0
2014-05-02,70.2,70.5,67.2,67.8,4214,0
2014-05-05,68.4,69.9,66.6,69.9,1767,0
2014-05-06,68.4,71.7,66.3,67.5,2869,0
2014-05-07,70.5,70.5,63.3,63.9,6383,0
2014-05-08,63.0,65.4,61.5,63.6,2118,0
2014-05-09,63.0,65.4,62.4,64.2,2791,0
2014-05-12,66.0,71.1,64.5,69.6,10818,0
2014-05-13,70.8,72.0,67.8,69.0,5026,0
2014-05-14,67.8,72.3,63.9,66.6,4011,0
2014-05-15,65.4,65.7,62.7,64.2,4369,0
2014-05-16,63.3,64.5,62.1,63.15,1629,0
2014-05-19,63.0,65.4,62.7,65.1,3751,0
2014-05-20,66.597,66.597,63.3,63.6,1461,0
2014-05-21,63.9,64.8,62.1,62.4,2574,0
2014-05-22,63.3,63.3,60.3,62.1,6098,0
2014-05-23,62.1,62.1,60.3,60.6,5073,0
2014-05-27,61.5,62.4,59.1,60.3,5320,0
2014-05-28,59.1,63.6,59.1,62.1,5627,0
2014-05-29,62.1,65.7,61.5,64.8,9271,0
2014-05-30,64.8,66.9,63.0,63.9,6191,0
2014-06-02,63.0,66.0,61.5,65.4,9471,0
2014-06-03,65.4,71.7,64.8,69.0,8558,0
2014-06-04,69.0,69.6,67.2,67.95,2624,0
2014-06-05,68.7,70.2,66.9,68.4,3801,0
2014-06-06,69.0,69.0,66.9,67.2,2557,0
2014-06-09,67.2,70.2,65.4,66.6,5708,0
2014-06-10,66.9,70.2,65.4,70.2,5313,0
2014-06-11,70.5,73.5,70.203,72.0,5035,0
2014-06-12,72.0,75.3,71.1,73.5,5030,0
2014-06-13,74.4,74.4,70.2,71.4,2365,0
2014-06-16,70.5,71.7,67.53,69.3,3514,0
2014-06-17,69.6,69.9,68.4,69.6,1655,0
2014-06-18,69.9,75.3,67.5,68.4,5772,0
2014-06-19,68.4,69.3,66.3,69.0,3679,0
2014-06-20,69.6,70.197,67.2,67.5,5448,0
2014-06-23,66.6,68.7,66.0,67.5,2943,0
2014-06-24,68.1,68.22,65.4,66.9,3265,0
2014-06-25,67.5,67.5,64.5,65.7,2318,0
2014-06-26,65.1,66.3,62.58,63.3,5642,0
2014-06-27,63.3,66.3,61.8,66.0,3102,0
2014-06-30,66.0,66.0,63.3,64.8,2710,0
2014-07-01,65.1,66.3,63.903,64.2,4903,0
2014-07-02,63.9,66.0,63.9,64.2,3193,0
2014-07-03,64.2,65.1,63.9,64.2,1389,0
2014-07-07,64.2,64.8,60.3,63.6,19359,0
2014-07-08,62.7,63.6,60.6,60.6,6577,0
2014-07-09,61.5,61.5,60.0,60.6,19157,0
2014-07-10,60.0,60.3,59.1,59.7,11513,0
2014-07-11,59.7,60.0,56.1,59.55,8132,0
2014-07-14,59.4,60.0,59.1,60.0,1731,0
2014-07-15,59.7,60.0,57.6,58.2,3086,0
2014-07-16,59.4,59.4,55.65,56.1,6705,0
2014-07-17,55.8,57.0,55.8,56.4,2343,0
2014-07-18,55.8,57.0,55.5,55.5,2229,0
2014-07-21,55.5,60.0,55.5,55.8,2534,0
2014-07-22,55.5,58.5,55.5,56.7,4052,0
2014-07-23,57.3,58.5,55.8,57.6,6363,0
2014-07-24,57.6,59.1,57.0,58.8,5885,0
2014-07-25,59.1,62.4,58.8,61.65,41057,0
2014-07-28,62.7,63.0,58.5,60.0,11235,0
2014-07-29,60.3,60.3,58.5,59.1,3992,0
2014-07-30,59.4,59.7,58.206,58.8,2358,0
2014-07-31,59.1,59.1,56.7,57.0,4034,0
2014-08-01,57.3,57.9,55.2,56.7,3919,0
2014-08-04,57.3,58.2,54.9,55.8,3023,0
2014-08-05,55.8,57.0,55.5,56.4,908,0
2014-08-06,57.9,57.9,56.4,57.0,1553,0
2014-08-07,57.3,58.836,56.7,57.0,3536,0
2014-08-08,57.6,58.2,55.5,57.3,1523,0
2014-08-11,60.6,65.31,57.3,60.0,20601,0
2014-08-12,61.8,61.8,58.761,60.3,4591,0
2014-08-13,60.9,60.9,58.8,60.0,3746,0
2014-08-14,60.0,60.0,57.6,58.8,4351,0
2014-08-15,58.8,60.3,57.003,58.2,4136,0
2014-08-18,58.5,60.0,57.909,58.8,2493,0
2014-08-19,59.7,59.7,57.0,57.9,3828,0
2014-08-20,57.3,58.2,57.0,57.063,2509,0
2014-08-21,57.0,59.7,56.4,58.8,2302,0
2014-08-22,58.5,58.8,57.0,57.9,1670,0
2014-08-25,57.3,59.7,57.0,59.1,4376,0
2014-08-26,58.2,59.4,57.0,57.6,2400,0
2014-08-27,57.9,59.1,57.45,57.9,3227,0
2014-08-28,57.9,58.2,57.3,57.9,926,0
2014-08-29,57.3,59.7,57.3,58.8,2838,0
2014-09-02,58.5,59.4,57.9,58.2,1925,0
2014-09-03,57.6,58.8,57.375,58.2,2478,0
2014-09-04,58.2,61.5,57.3,59.1,14373,0
2014-09-05,59.7,60.0,57.9,58.5,5251,0
2014-09-08,59.997,60.0,58.503,59.4,3896,0
2014-09-09,59.7,59.7,57.0,57.9,4268,0
2014-09-10,58.2,58.5,57.3,57.9,2781,0
2014-09-11,57.6,58.2,57.3,57.3,2361,0
2014-09-12,57.0,58.2,55.8,56.7,3961,0
2014-09-15,56.1,57.0,53.103,54.6,7053,0
2014-09-16,54.6,55.5,53.7,54.3,4069,0
2014-09-17,54.6,57.0,53.7,54.0,3827,0
2014-09-18,55.2,56.1,54.06,54.9,1696,0
2014-09-19,55.2,56.1,52.5,52.5,3868,0
2014-09-22,52.8,54.0,52.5,52.8,2100,0
2014-09-23,52.8,53.7,49.5,51.6,7984,0
2014-09-24,52.2,52.2,50.1,50.7,2105,0
2014-09-25,50.4,51.6,49.8,51.6,2469,0
2014-09-26,51.3,51.6,50.49,51.3,1586,0
2014-09-29,50.7,50.7,48.303,49.5,4307,0
2014-09-30,49.5,50.4,48.564,50.1,2518,0
2014-10-01,49.8,50.535,46.8,48.6,4459,0
2014-10-02,48.3,48.3,45.0,45.6,8722,0
2014-10-03,45.6,46.5,44.4,46.2,7010,0
2014-10-06,48.0,48.0,45.9,48.0,2598,0
2014-10-07,48.0,48.0,45.3,45.9,2119,0
2014-10-08,46.2,46.41,43.5,44.7,3086,0
2014-10-09,45.0,45.0,41.7,42.9,3902,0
2014-10-10,42.6,42.6,39.3,39.9,5223,0
2014-10-13,39.9,40.362,39.144,39.9,1689,0
2014-10-14,39.6,39.6,36.0,36.903,9200,0
2014-10-15,36.3,42.6,36.0,42.6,6344,0
2014-10-16,41.4,44.31,41.4,42.603,4773,0
2014-10-17,42.0,45.6,41.7,41.7,903,0
2014-10-20,42.0,44.7,39.903,43.5,2445,0
2014-10-21,44.4,44.4,42.0,43.2,981,0
2014-10-22,44.4,44.4,41.4,41.7,1055,0
2014-10-23,42.0,42.0,40.5,40.8,2033,0
2014-10-24,41.4,48.3,41.4,46.2,12681,0
2014-10-27,48.0,48.0,44.1,46.2,4481,0
2014-10-28,46.2,46.2,45.3,45.3,894,0
2014-10-29,45.3,45.6,44.703,45.6,1365,0
2014-10-30,45.6,45.9,45.0,45.9,1068,0
2014-10-31,45.9,47.4,45.732,46.5,1484,0
2014-11-03,45.6,48.0,45.6,46.8,1731,0
2014-11-04,45.9,47.211,44.7,44.7,3178,0
2014-11-05,44.7,46.812,44.7,45.0,932,0
2014-11-06,45.9,46.377,44.4,45.9,1922,0
2014-11-07,45.0,46.8,44.7,46.2,1780,0
2014-11-10,45.3,48.0,44.7,45.0,2930,0
2014-11-11,45.9,47.7,45.6,47.1,1741,0
2014-11-12,46.5,48.9,46.5,48.6,3779,0
2014-11-13,48.6,50.1,45.0,46.5,3842,0
2014-11-14,47.1,49.2,46.5,47.697,3581,0
2014-11-17,48.0,48.6,47.7,47.7,1564,0
2014-11-18,49.5,49.5,47.58,48.3,2099,0
2014-11-19,47.7,49.5,45.6,46.5,4415,0
2014-11-20,45.3,48.9,45.3,47.1,1312,0
2014-11-21,48.6,48.6,47.4,47.7,470,0
2014-11-24,48.9,48.9,46.5,47.4,2617,0
2014-11-25,48.0,48.0,46.2,46.8,884,0
2014-11-26,46.8,46.8,45.303,45.9,1829,0
2014-11-28,45.0,46.104,44.7,45.3,1672,0
2014-12-01,45.3,45.3,42.6,44.1,5351,0
2014-12-02,43.8,45.0,42.6,43.2,1683,0
2014-12-03,42.9,44.7,42.9,44.4,1038,0
2014-12-04,44.7,45.0,42.0,42.0,937,0
2014-12-05,42.6,42.6,40.5,41.4,2325,0
2014-12-08,42.6,42.6,41.1,41.7,1520,0
2014-12-09,41.1,41.1,39.0,40.5,9525,0
2014-12-10,39.6,45.0,39.3,42.3,4739,0
2014-12-11,42.0,43.2,41.1,42.3,1179,0
2014-12-12,40.803,42.9,40.803,41.4,1295,0
2014-12-15,42.6,42.6,39.303,39.6,2056,0
2014-12-16,39.0,39.0,37.8,39.0,3426,0
2014-12-17,37.5,42.6,37.5,39.9,4460,0
2014-12-18,42.9,43.194,40.5,40.8,5650,0
2014-12-19,42.0,42.348,40.5,41.7,3572,0
2014-12-22,41.7,43.5,40.8,42.0,8805,0
2014-12-23,42.0,43.2,42.0,42.0,2881,0
2014-12-24,42.597,42.597,40.8,40.8,2366,0
2014-12-26,41.4,42.6,41.4,42.0,3654,0
2014-12-29,42.3,42.6,39.9,41.1,4284,0
2014-12-30,42.0,42.0,39.9,41.1,5688,0
2014-12-31,40.5,41.1,39.0,39.9,10994,0
2015-01-02,39.9,42.0,39.9,41.7,5538,0
2015-01-05,42.0,44.7,41.97,42.9,16463,0
2015-01-06,43.2,44.4,42.3,43.8,5981,0
2015-01-07,43.5,43.8,41.7,43.5,44411,0
2015-01-08,60.0,60.0,48.3,50.4,170951,0
2015-01-09,48.0,49.2,46.5,47.4,24836,0
2015-01-12,47.1,50.1,45.6,46.5,23538,0
2015-01-13,47.1,47.7,45.3,45.3,10541,0
2015-01-14,46.2,47.7,45.0,45.0,12572,0
2015-01-15,45.9,46.5,42.0,42.9,12376,0
2015-01-16,41.4,43.8,41.4,43.5,4192,0
2015-01-20,44.7,44.7,42.0,42.6,5691,0
2015-01-21,42.0,42.9,42.0,42.0,7771,0
2015-01-22,42.0,42.3,40.803,41.4,5156,0
2015-01-23,42.471,44.352,42.0,44.052,5914,0
2015-01-26,43.8,48.3,43.8,46.2,16726,0
2015-01-27,46.2,47.1,45.3,46.5,8365,0
2015-01-28,47.7,47.7,45.0,45.3,5793,0
2015-01-29,46.5,46.5,45.87,45.9,3777,0
2015-01-30,45.3,45.9,45.0,45.3,4731,0
2015-02-02,45.6,46.2,45.3,45.9,5939,0
2015-02-03,46.5,46.962,44.403,45.3,8711,0
2015-02-04,47.7,47.7,44.514,44.7,6622,0
2015-02-05,45.0,46.2,44.7,44.7,7159,0
2015-02-06,45.0,45.3,44.4,44.7,3888,0
2015-02-09,45.0,45.3,44.4,45.3,5365,0
2015-02-10,45.9,45.9,44.7,45.0,2672,0
2015-02-11,45.0,45.9,45.0,45.3,4276,0
2015-02-12,45.6,45.903,45.0,45.6,10015,0
2015-02-13,44.7,44.7,37.8,41.4,34503,0
2015-02-17,40.8,41.7,40.503,41.1,7359,0
2015-02-18,41.1,41.4,39.6,40.2,10008,0
2015-02-19,39.9,40.2,39.0,39.897,6568,0
2015-02-20,39.3,41.7,39.3,41.7,5568,0
2015-02-23,40.5,42.0,40.5,41.7,3165,0
2015-02-24,41.4,41.7,40.8,41.1,3662,0
2015-02-25,40.8,41.7,40.5,41.4,4778,0
2015-02-26,41.1,42.0,40.5,40.5,3670,0
2015-02-27,41.1,41.4,40.203,40.8,2750,0
2015-03-02,40.5,41.4,40.2,40.2,4487,0
2015-03-03,40.2,40.5,39.0,40.2,2440,0
2015-03-04,40.5,41.1,39.0,40.2,5963,0
2015-03-05,40.8,40.8,39.9,40.8,4753,0
2015-03-06,40.5,40.8,39.9,40.8,3937,0
2015-03-09,39.9,41.1,39.9,40.2,4657,0
2015-03-10,40.5,41.1,40.2,40.5,5550,0
2015-03-11,41.1,41.4,40.2,40.8,6083,0
2015-03-12,40.2,41.7,40.2,41.4,5220,0
2015-03-13,41.7,42.9,40.5,42.0,7730,0
2015-03-16,42.3,44.4,41.1,41.7,15183,0
2015-03-17,42.0,42.0,39.3,39.6,8803,0
2015-03-18,39.6,41.4,39.0,40.5,5147,0
2015-03-19,40.5,42.0,39.9,41.4,3880,0
2015-03-20,40.8,41.4,39.6,39.6,6823,0
2015-03-23,39.9,40.5,37.5,38.1,8920,0
2015-03-24,37.2,37.8,34.2,35.4,10733,0
2015-03-25,35.7,37.2,35.7,36.3,2643,0
2015-03-26,35.7,36.9,34.5,36.6,4507,0
2015-03-27,36.3,36.6,34.8,35.4,3137,0
2015-03-30,35.4,35.7,34.5,35.4,4090,0
2015-03-31,35.4,36.0,34.5,35.7,2162,0
2015-04-01,35.4,35.7,34.5,35.4,7380,0
2015-04-02,34.8,35.7,34.5,35.7,1943,0
2015-04-06,36.6,36.9,34.5,34.5,5020,0
2015-04-07,33.9,34.2,32.4,33.3,6450,0
2015-04-08,33.0,33.9,33.0,33.6,3680,0
2015-04-09,34.5,34.5,33.3,33.6,4937,0
2015-04-10,34.5,35.1,33.3,34.5,5823,0
2015-04-13,34.5,34.8,32.1,32.4,9520,0
2015-04-14,31.8,32.7,30.3,30.9,21680,0
2015-04-15,30.6,34.8,29.7,34.2,140375,0
2015-04-16,34.8,34.8,33.3,33.9,14749,0
2015-04-17,33.9,33.9,32.4,32.7,18393,0
2015-04-20,33.0,33.6,31.8,32.4,9684,0
2015-04-21,32.7,40.2,32.4,37.5,32161,0
2015-04-22,38.4,39.6,36.3,37.2,17010,0
2015-04-23,37.5,38.4,36.9,38.1,6950,0
2015-04-24,38.1,38.1,34.2,34.2,13253,0
2015-04-27,35.1,35.1,33.6,35.1,6440,0
2015-04-28,35.1,36.9,33.702,35.1,8195,0
2015-04-29,35.1,35.7,33.6,34.2,3493,0
2015-04-30,34.5,34.8,33.3,34.5,10253,0
2015-05-01,34.8,35.1,33.6,33.9,5917,0
2015-05-04,34.2,35.1,33.6,34.2,4260,0
2015-05-05,34.5,34.8,33.0,34.2,5133,0
2015-05-06,34.5,35.1,33.6,33.9,4638,0
2015-05-07,34.5,36.0,33.6,34.8,5469,0
2015-05-08,34.5,34.8,33.3,34.5,2747,0
2015-05-11,33.9,36.0,33.3,34.2,7640,0
2015-05-12,34.2,34.2,33.3,33.6,3888,0
2015-05-13,33.0,34.2,33.0,34.2,2886,0
2015-05-14,33.3,33.9,32.7,33.9,4970,0
2015-05-15,33.6,33.9,32.1,33.9,4443,0
2015-05-18,36.9,36.9,34.35,34.5,19780,0
2015-05-19,35.1,35.1,33.6,33.9,7887,0
2015-05-20,34.2,34.2,33.0,33.6,5543,0
2015-05-21,34.5,34.5,33.3,34.2,5443,0
2015-05-22,33.6,33.9,33.3,33.3,2253,0
2015-05-26,33.6,33.75,33.003,33.3,4849,0
2015-05-27,33.9,33.9,33.0,33.0,4773,0
2015-05-28,33.0,33.3,32.7,33.0,5971,0
2015-05-29,33.6,35.4,33.3,34.8,19200,0
2015-06-01,35.1,35.4,32.4,33.3,9708,0
2015-06-02,33.3,34.5,32.4,33.3,6344,0
2015-06-03,34.2,34.2,33.3,34.2,6253,0
2015-06-04,33.6,34.2,33.3,33.9,4820,0
2015-06-05,33.9,34.8,32.7,34.5,7787,0
2015-06-08,34.5,35.1,33.3,34.2,6007,0
2015-06-09,33.3,34.5,32.7,33.6,6392,0
2015-06-10,33.6,35.1,32.7,33.6,10886,0
2015-06-11,33.6,33.6,32.4,32.4,7055,0
2015-06-12,32.4,33.0,31.2,32.7,6760,0
2015-06-15,32.7,33.0,32.1,32.4,2037,0
2015-06-16,32.4,32.7,29.7,31.8,16917,0
2015-06-17,31.5,33.3,31.5,31.5,5730,0
2015-06-18,31.2,31.5,30.6,30.6,4683,0
2015-06-19,30.6,31.8,29.7,29.7,6817,0
2015-06-22,30.0,31.8,29.7,30.9,7977,0
2015-06-23,30.9,32.7,30.6,32.7,5472,0
2015-06-24,32.1,33.6,32.1,32.4,4407,0
2015-06-25,32.1,32.4,31.5,31.8,3740,0
2015-06-26,31.8,32.4,30.6,32.4,6610,0
2015-06-29,30.6,31.8,30.3,31.8,7527,0
2015-06-30,31.5,32.4,30.6,30.9,5687,0
2015-07-01,32.1,32.1,30.9,30.9,3200,0
2015-07-02,30.9,31.2,30.0,30.3,4117,0
2015-07-06,30.6,30.6,30.0,30.6,2733,0
2015-07-07,29.4,30.6,29.1,29.7,5773,0
2015-07-08,29.1,30.6,28.5,28.5,5093,0
2015-07-09,28.5,30.3,28.5,29.4,3203,0
2015-07-10,29.1,31.5,29.1,30.6,2007,0
2015-07-13,30.6,32.1,30.0,31.8,3167,0
2015-07-14,32.1,33.6,31.614,31.8,3099,0
2015-07-15,32.1,33.0,32.1,32.1,3851,0
2015-07-16,31.8,32.1,31.2,31.2,3087,0
2015-07-17,31.2,33.3,31.2,33.3,1923,0
2015-07-20,33.3,33.9,30.9,31.2,3367,0
2015-07-21,30.9,32.7,30.6,31.2,1817,0
2015-07-22,32.1,32.4,31.2,31.5,2530,0
2015-07-23,32.1,33.0,31.2,31.2,4590,0
2015-07-24,31.8,31.8,31.2,31.2,2153,0
2015-07-27,31.2,32.1,29.7,30.9,4527,0
2015-07-28,30.3,31.5,30.0,30.9,3277,0
2015-07-29,32.1,32.1,30.9,31.5,2613,0
2015-07-30,30.9,31.5,30.9,30.9,1920,0
2015-07-31,31.5,31.5,30.3,30.3,3020,0
2015-08-03,30.3,31.2,30.0,30.6,4645,0
2015-08-04,31.5,31.8,30.0,30.3,3483,0
2015-08-05,30.6,30.9,30.0,30.0,2540,0
2015-08-06,30.9,30.9,29.7,29.7,3059,0
2015-08-07,30.0,30.6,29.7,29.7,3793,0
2015-08-10,30.0,31.5,29.4,29.4,1623,0
2015-08-11,29.4,30.3,29.4,29.4,2780,0
2015-08-12,29.1,29.7,28.8,29.4,2537,0
2015-08-13,29.7,30.0,28.2,28.5,7350,0
2015-08-14,24.0,26.7,20.1,21.9,32587,0
2015-08-17,21.9,21.9,19.8,21.3,10193,0
2015-08-18,21.6,21.6,18.3,21.0,9533,0
2015-08-19,21.0,21.6,19.2,19.8,8753,0
2015-08-20,19.8,20.7,18.9,20.4,10003,0
2015-08-21,18.9,20.7,18.9,20.7,6390,0
2015-08-24,18.0,20.7,16.5,20.4,6144,0
2015-08-25,20.4,21.0,19.2,19.8,5337,0
2015-08-26,20.1,20.7,18.9,19.5,2997,0
2015-08-27,20.4,21.0,19.2,20.4,4030,0
2015-08-28,20.4,20.4,18.0,19.2,2813,0
2015-08-31,19.2,20.1,19.2,20.1,1553,0
2015-09-01,20.1,21.9,20.1,21.6,7187,0
2015-09-02,21.9,23.1,20.7,20.7,4137,0
2015-09-03,21.0,21.6,19.8,20.4,2097,0
2015-09-04,21.6,21.6,20.7,21.6,1913,0
2015-09-08,21.3,22.8,20.7,22.5,3237,0
2015-09-09,21.9,22.2,20.4,20.4,2317,0
2015-09-10,20.4,21.3,19.2,19.2,2958,0
2015-09-11,19.2,20.4,19.2,20.1,1153,0
2015-09-14,19.2,20.1,19.2,20.1,2893,0
2015-09-15,18.9,21.6,18.9,21.0,7253,0
2015-09-16,21.9,23.4,20.7,23.1,27227,0
2015-09-17,23.1,23.4,21.0,22.5,17933,0
2015-09-18,22.5,23.4,21.3,23.4,14227,0
2015-09-21,22.8,23.4,20.4,21.0,21143,0
2015-09-22,20.1,20.7,19.5,19.8,5960,0
2015-09-23,20.1,20.1,19.5,20.1,5520,0
2015-09-24,19.5,19.95,18.9,19.08,5468,0
2015-09-25,18.9,19.5,18.0,18.9,6127,0
2015-09-28,18.0,18.96,15.009,16.419,21657,0
2015-09-29,15.6,17.7,13.5,14.1,36643,0
2015-09-30,15.9,15.9,11.7,13.2,44250,0
2015-10-01,13.8,14.1,12.0,12.9,116337,0
2015-10-02,13.5,14.7,12.9,13.2,10443,0
2015-10-05,14.4,14.4,12.45,13.35,12335,0
2015-10-06,13.2,13.5,12.0,13.5,29883,0
2015-10-07,13.2,13.503,12.24,12.6,56458,0
2015-10-08,12.6,13.2,12.3,12.3,38773,0
2015-10-09,12.9,13.2,12.0,12.9,45187,0
2015-10-12,14.97,15.0,12.3,12.786,98598,0
2015-10-13,13.2,13.2,12.3,12.3,40500,0
2015-10-14,12.3,12.9,12.0,12.0,17700,0
2015-10-15,12.0,12.9,12.0,12.6,48573,0
2015-10-16,12.9,12.9,12.0,12.6,15887,0
2015-10-19,12.6,12.897,12.09,12.15,24924,0
2015-10-20,12.6,12.9,12.3,12.3,14127,0
2015-10-21,12.6,12.9,11.7,11.7,19880,0
2015-10-22,12.0,12.0,10.8,11.7,16787,0
2015-10-23,11.7,11.7,11.1,11.1,13503,0
2015-10-26,11.4,11.7,11.1,11.4,11887,0
2015-10-27,11.4,11.7,10.8,11.1,13477,0
2015-10-28,11.4,11.7,10.8,11.4,16653,0
2015-10-29,11.7,11.7,10.2,10.8,11213,0
2015-10-30,10.8,11.7,9.9,11.1,22053,0
2015-11-02,11.4,11.4,10.527,11.1,22704,0
2015-11-03,11.1,11.55,10.545,11.025,71449,0
2015-11-04,11.28,11.4,10.65,10.65,36118,0
2015-11-05,10.5,11.1,10.2,10.5,16990,0
2015-11-06,10.8,11.1,10.2,11.1,13190,0
2015-11-09,11.1,11.232,10.764,10.806,10554,0
2015-11-10,10.8,11.1,10.2,10.5,13880,0
2015-11-11,10.2,10.5,9.0,9.6,19970,0
2015-11-12,9.0,10.2,9.0,9.6,7087,0
2015-11-13,9.9,9.9,9.0,9.6,10600,0
2015-11-16,10.2,10.2,9.3,9.3,5533,0
2015-11-17,9.6,10.2,9.0,9.0,13347,0
2015-11-18,9.3,9.6,7.5,7.8,30427,0
2015-11-19,8.4,8.4,6.6,6.9,81390,0
2015-11-20,7.5,9.6,6.9,9.0,86823,0
2015-11-23,9.3,10.8,9.0,10.5,95713,0
2015-11-24,10.8,11.1,9.3,10.5,66310,0
2015-11-25,10.5,11.4,10.5,10.8,38957,0
2015-11-27,11.1,11.4,10.5,11.4,13593,0
2015-11-30,11.4,11.4,10.5,10.5,22673,0
2015-12-01,10.5,10.8,9.6,9.6,28778,0
2015-12-02,9.6,10.455,8.7,9.27,28958,0
2015-12-03,9.0,9.6,8.91,8.97,29360,0
2015-12-04,9.0,9.6,9.0,9.6,13390,0
2015-12-07,9.9,9.9,8.1,8.7,243307,0
2015-12-08,8.7,9.15,8.1,8.937,32635,0
2015-12-09,8.7,9.3,8.4,9.0,34730,0
2015-12-10,9.0,9.6,8.4,9.0,31520,0
2015-12-11,9.0,9.3,8.1,8.7,27130,0
2015-12-14,8.976,8.988,8.253,8.28,22261,0
2015-12-15,8.7,8.7,7.2,7.5,159513,0
2015-12-16,7.5,8.1,7.2,7.5,39937,0
2015-12-17,7.5,7.8,6.9,6.9,136803,0
2015-12-18,8.1,9.3,7.2,9.3,460367,0
2015-12-21,8.7,9.3,8.1,8.1,99240,0
2015-12-22,8.4,8.7,8.4,8.4,49698,0
2015-12-23,8.4,9.0,8.4,8.7,63623,0
2015-12-24,8.811,9.0,8.553,8.799,28477,0
2015-12-28,9.105,9.12,8.553,8.946,44553,0
2015-12-29,8.88,9.24,8.46,9.09,73877,0
2015-12-30,9.27,11.103,9.006,10.434,181499,0
2015-12-31,10.26,10.434,9.39,10.278,59529,0
2016-01-04,9.6,10.14,9.0,9.612,49218,0
2016-01-05,9.612,9.612,9.057,9.114,26722,0
2016-01-06,9.114,9.114,8.1,8.4,43490,0
2016-01-07,8.4,8.622,7.2,7.2,44410,0
2016-01-08,8.37,8.4,7.65,7.86,37918,0
2016-01-11,8.1,8.385,7.2,7.509,52097,0
2016-01-12,7.599,7.947,7.2,7.2,30060,0
2016-01-13,7.35,7.497,6.663,7.155,39708,0
2016-01-14,7.5,7.95,6.897,7.65,59660,0
2016-01-15,7.65,8.475,7.053,8.28,51750,0
2016-01-19,8.4,8.7,7.5,7.5,25420,0
2016-01-20,7.5,7.794,7.05,7.5,30328,0
2016-01-21,7.5,8.097,7.245,7.8,17825,0
2016-01-22,7.8,8.22,7.503,7.947,26080,0
2016-01-25,8.1,8.337,7.293,7.347,25257,0
2016-01-26,7.5,8.22,7.35,7.797,34126,0
2016-01-27,8.061,8.1,6.9,7.05,38575,0
2016-01-28,7.476,8.037,7.35,7.356,27663,0
2016-01-29,7.74,7.998,7.068,7.47,60921,0
2016-02-01,8.1,8.1,7.5,7.914,17434,0
2016-02-02,8.1,8.1,7.548,7.797,12802,0
2016-02-03,8.097,8.097,7.23,7.791,11561,0
2016-02-04,7.8,7.977,7.5,7.923,14523,0
2016-02-05,8.025,8.25,7.95,8.1,29334,0
2016-02-08,8.1,8.229,7.425,7.947,22338,0
2016-02-09,7.515,8.097,7.515,7.932,10553,0
2016-02-10,7.932,8.04,7.56,7.857,16761,0
2016-02-11,7.8,7.95,7.47,7.95,20837,0
2016-02-12,7.563,8.07,7.563,7.8,18847,0
2016-02-16,8.37,8.37,7.8,7.998,20990,0
2016-02-17,8.04,8.235,7.8,8.235,25106,0
2016-02-18,8.4,10.17,8.139,9.0,179874,0
2016-02-19,9.45,9.66,8.793,9.09,71283,0
2016-02-22,10.17,10.26,9.6,9.903,90999,0
2016-02-23,9.867,9.867,8.7,8.823,52134,0
2016-02-24,8.7,9.24,8.7,9.09,24757,0
2016-02-25,9.09,9.6,8.85,9.6,24647,0
2016-02-26,9.9,10.695,9.675,10.35,139227,0
2016-02-29,10.419,10.695,9.903,10.2,51779,0
2016-03-01,10.2,10.344,9.648,10.2,21671,0
2016-03-02,10.188,10.203,9.6,10.077,24150,0
2016-03-03,10.434,10.695,10.2,10.35,45648,0
2016-03-04,10.65,10.77,10.5,10.5,42165,0
2016-03-07,10.5,10.77,10.2,10.665,55922,0
2016-03-08,10.74,10.95,10.503,10.503,76125,0
2016-03-09,10.515,10.974,10.416,10.797,39910,0
2016-03-10,10.8,10.917,10.365,10.65,38573,0
2016-03-11,10.731,10.734,10.455,10.65,40163,0
2016-03-14,10.8,11.34,10.608,11.1,82040,0
2016-03-15,11.1,11.172,9.6,10.5,95346,0
2016-03-16,9.9,10.5,9.33,9.333,55042,0
2016-03-17,9.6,10.137,9.453,9.84,24982,0
2016-03-18,9.9,10.2,9.792,10.05,17979,0
2016-03-21,10.2,10.2,9.942,9.969,17362,0
2016-03-22,9.9,10.104,9.303,9.303,12074,0
2016-03-23,9.45,10.038,9.219,9.315,17899,0
2016-03-24,9.567,10.311,9.45,9.807,35562,0
2016-03-28,10.05,10.191,9.6,9.639,19289,0
2016-03-29,9.9,10.5,9.615,10.176,43883,0
2016-03-30,9.921,10.467,9.9,9.96,17964,0
2016-03-31,10.2,10.431,9.9,9.9,23260,0
2016-04-01,9.951,10.257,9.9,9.999,11000,0
2016-04-04,11.088,11.157,10.503,10.893,88065,0
2016-04-05,10.893,11.16,10.584,10.851,45392,0
2016-04-06,10.74,11.91,10.65,11.13,68783,0
2016-04-07,11.349,11.4,10.8,11.4,33720,0
2016-04-08,11.52,11.52,10.95,11.367,30799,0
2016-04-11,11.655,11.76,11.226,11.388,40005,0
2016-04-12,11.52,11.64,11.4,11.55,11564,0
2016-04-13,11.7,12.087,11.7,11.73,27351,0
2016-04-14,12.0,12.075,10.5,11.103,43972,0
2016-04-15,11.544,11.682,11.199,11.406,20722,0
2016-04-18,11.67,12.42,11.595,12.09,49477,0
2016-04-19,12.42,12.45,12.0,12.39,37200,0
2016-04-20,12.561,12.69,12.0,12.3,39196,0
2016-04-21,12.54,12.54,11.703,12.54,29789,0
2016-04-22,12.555,12.66,12.348,12.54,30742,0
2016-04-25,12.6,12.69,12.3,12.54,28930,0
2016-04-26,12.51,12.6,12.108,12.3,41467,0
2016-04-27,11.85,12.6,11.85,12.51,26001,0
2016-04-28,12.567,12.63,12.345,12.525,21448,0
2016-04-29,12.6,12.75,11.85,12.438,54409,0
2016-05-02,12.6,12.75,12.36,12.54,33540,0
2016-05-03,12.54,12.6,11.88,12.291,27123,0
2016-05-04,11.715,12.3,10.35,11.13,29910,0
2016-05-05,11.775,11.82,10.2,11.4,23972,0
2016-05-06,11.1,11.7,11.1,11.4,16366,0
2016-05-09,12.15,12.54,11.853,12.417,65383,0
2016-05-10,11.7,11.7,10.197,11.61,56714,0
2016-05-11,11.4,12.0,11.115,11.547,20436,0
2016-05-12,11.7,11.838,11.163,11.199,10871,0
2016-05-13,11.916,11.982,11.4,11.838,16395,0
2016-05-16,11.925,11.97,11.34,11.655,8614,0
2016-05-17,11.7,11.934,11.145,11.7,19683,0
2016-05-18,12.0,12.0,11.1,11.4,24350,0
2016-05-19,11.4,11.547,11.19,11.517,17526,0
2016-05-20,11.7,12.183,11.349,11.7,35088,0
2016-05-23,12.0,12.177,11.4,11.667,15726,0
2016-05-24,11.34,11.88,11.34,11.4,15559,0
2016-05-25,15.0,15.891,12.639,13.8,315080,0
2016-05-26,13.8,13.8,10.518,11.01,100368,0
2016-05-27,11.25,11.25,9.3,9.975,70568,0
2016-05-31,10.5,11.04,9.978,10.263,40993,0
2016-06-01,10.44,10.44,9.99,10.23,24477,0
2016-06-02,10.5,10.605,9.948,10.221,56968,0
2016-06-03,10.8,10.8,10.197,10.407,22901,0
2016-06-06,10.794,10.794,9.948,10.503,27429,0
2016-06-07,10.746,10.746,10.26,10.65,11148,0
2016-06-08,10.8,10.8,10.35,10.467,8688,0
2016-06-09,10.8,10.8,10.35,10.35,12694,0
2016-06-10,10.29,10.497,9.63,10.11,21457,0
2016-06-13,9.6,10.35,9.6,9.96,11252,0
2016-06-14,10.2,10.2,9.3,9.645,36187,0
2016-06-15,10.32,10.32,9.3,9.597,55748,0
2016-06-16,9.6,9.879,9.3,9.6,9108,0
2016-06-17,9.33,9.855,9.33,9.582,5226,0
2016-06-20,9.9,9.903,9.33,9.837,13202,0
2016-06-21,9.897,9.897,9.45,9.45,7972,0
2016-06-22,9.6,10.011,9.36,9.9,9104,0
2016-06-23,9.876,9.9,9.33,9.423,12375,0
2016-06-24,9.3,9.303,7.839,7.839,27411,0
2016-06-27,8.7,8.847,8.4,8.61,10027,0
2016-06-28,9.09,9.9,8.85,9.597,11390,0
2016-06-29,9.9,9.9,9.3,9.78,14314,0
2016-06-30,9.774,9.774,9.336,9.384,2652,0
2016-07-01,9.285,9.72,9.285,9.3,4544,0
2016-07-05,9.315,9.6,9.0,9.234,7241,0
2016-07-06,9.0,9.474,8.58,9.06,9056,0
2016-07-07,9.3,9.57,8.553,9.531,15359,0
2016-07-08,9.3,9.531,9.15,9.45,2635,0
2016-07-11,9.3,9.531,9.003,9.378,7376,0
2016-07-12,9.54,10.5,9.39,9.9,41450,0
2016-07-13,9.75,10.8,9.75,9.9,36934,0
2016-07-14,10.35,10.377,9.603,9.735,27368,0
2016-07-15,9.69,10.08,9.69,9.78,6888,0
2016-07-18,10.11,10.11,9.75,9.996,10472,0
2016-07-19,10.2,10.38,9.837,9.837,9712,0
2016-07-20,9.9,10.05,9.69,10.044,8509,0
2016-07-21,10.197,10.2,9.75,10.047,5791,0
2016-07-22,9.759,10.338,9.756,10.047,18426,0
2016-07-25,10.194,10.8,10.08,10.2,29802,0
2016-07-26,10.5,12.0,10.26,11.64,30988,0
2016-07-27,12.27,13.02,11.808,12.6,59104,0
2016-07-28,12.9,13.92,12.75,13.5,66384,0
2016-07-29,13.65,14.103,12.9,13.05,35402,0
2016-08-01,13.05,13.206,11.67,12.399,24935,0
2016-08-02,12.399,12.75,12.039,12.6,6833,0
2016-08-03,12.0,12.597,11.97,11.97,10660,0
2016-08-04,12.195,12.6,12.09,12.153,8823,0
2016-08-05,12.09,12.6,12.09,12.444,6913,0
2016-08-08,12.09,13.2,12.09,12.36,8980,0
2016-08-09,12.6,12.9,12.0,12.15,15060,0
2016-08-10,12.51,12.51,11.733,11.85,13137,0
2016-08-11,12.0,12.33,11.7,11.703,5385,0
2016-08-12,11.49,12.837,11.49,11.727,18681,0
2016-08-15,11.739,11.997,11.145,11.145,6965,0
2016-08-16,11.85,11.97,10.878,11.703,23608,0
2016-08-17,12.15,12.3,11.55,12.261,17007,0
2016-08-18,12.3,12.6,11.718,11.868,8748,0
2016-08-19,12.0,12.0,11.4,11.715,9423,0
2016-08-22,12.3,12.6,11.994,12.039,10238,0
2016-08-23,12.15,12.39,12.123,12.132,7445,0
2016-08-24,12.132,12.6,12.132,12.132,14825,0
2016-08-25,12.6,12.6,11.985,12.3,5534,0
2016-08-26,12.0,12.6,11.808,12.57,16191,0
2016-08-29,12.3,13.8,12.3,13.5,32790,0
2016-08-30,12.9,13.782,12.9,13.05,14171,0
2016-08-31,13.2,13.35,12.75,12.957,11405,0
2016-09-01,13.05,13.197,12.3,12.663,10927,0
2016-09-02,12.3,12.81,12.3,12.54,4394,0
2016-09-06,12.48,13.056,12.48,12.75,4568,0
2016-09-07,12.9,13.26,12.315,12.6,16286,0
2016-09-08,13.134,13.2,12.606,13.155,6012,0
2016-09-09,13.011,14.34,12.645,13.182,41762,0
2016-09-12,13.791,13.809,12.15,12.45,12607,0
2016-09-13,12.3,12.75,12.3,12.36,11454,0
2016-09-14,12.579,12.579,12.15,12.297,4502,0
2016-09-15,12.3,12.57,12.039,12.42,6193,0
2016-09-16,12.15,12.9,11.823,12.9,14295,0
2016-09-19,12.87,12.87,12.069,12.114,12044,0
2016-09-20,12.117,12.75,11.7,12.54,10861,0
2016-09-21,12.024,12.762,12.0,12.6,6578,0
2016-09-22,12.9,13.167,12.357,12.6,5315,0
2016-09-23,13.158,13.5,12.57,13.5,12762,0
2016-09-26,13.08,13.641,12.666,13.332,7230,0
2016-09-27,13.2,13.494,12.6,13.2,10363,0
2016-09-28,13.2,13.47,12.75,13.35,10007,0
2016-09-29,12.75,13.434,12.33,12.45,15526,0
2016-09-30,12.3,13.194,12.3,12.96,3409,0
2016-10-03,13.23,14.4,13.2,13.98,50013,0
2016-10-04,15.0,17.64,14.7,16.5,161863,0
2016-10-05,17.1,17.7,16.5,17.547,52006,0
2016-10-06,16.8,17.52,14.7,15.0,73618,0
2016-10-07,15.603,17.094,13.86,16.497,47293,0
2016-10-10,16.8,17.1,15.912,16.65,12221,0
2016-10-11,16.65,17.097,15.957,16.74,10861,0
2016-10-12,17.1,17.952,16.548,17.25,23969,0
2016-10-13,17.379,17.544,15.993,16.8,20516,0
2016-10-14,17.1,17.1,16.26,16.8,7380,0
2016-10-17,17.1,17.7,16.263,17.517,21534,0
2016-10-18,17.85,20.34,16.848,19.695,58149,0
2016-10-19,21.0,22.5,19.908,22.5,104827,0
2016-10-20,24.0,24.0,20.4,21.45,57794,0
2016-10-21,20.55,21.09,19.839,21.0,38252,0
2016-10-24,21.9,22.644,21.33,21.6,34721,0
2016-10-25,21.0,22.167,21.0,21.0,22346,0
2016-10-26,21.3,21.9,20.412,21.897,33143,0
2016-10-27,21.9,22.2,14.448,17.394,70557,0
2016-10-28,17.7,19.44,16.8,18.6,25351,0
2016-10-31,17.766,18.6,16.524,18.255,22098,0
2016-11-01,17.1,18.3,16.8,17.7,8193,0
2016-11-02,17.4,18.9,17.4,18.447,17568,0
2016-11-03,20.25,21.3,15.6,19.464,77939,0
2016-11-04,19.5,19.5,14.6,14.6,1800,0
2016-11-07,19.0,20.0,15.5,17.47,60261,0
2016-11-08,17.97,18.4606,16.8,17.73,15669,0
2016-11-09,17.47,17.89,16.64,17.54,18454,0
2016-11-10,17.19,17.5,14.0001,15.34,46564,0
2016-11-11,14.84,15.8329,14.05,15.197,19070,0
2016-11-14,15.23,15.8799,14.77,15.71,12513,0
2016-11-15,16.04,18.0,16.01,17.68,34395,0
2016-11-16,18.32,18.5499,17.78,18.36,21159,0
2016-11-17,20.2,22.0,19.76,21.9,65008,0
2016-11-18,24.0,26.3563,23.5,26.0,76492,0
2016-11-21,29.86,37.691,29.0,34.28,321755,0
2016-11-22,32.3,32.4599,27.64,30.59,88925,0
2016-11-23,28.17,28.613,23.9,26.45,106520,0
2016-11-25,27.01,31.9975,27.0,31.35,141331,0
2016-11-28,32.5,32.5,28.4,29.76,57212,0
2016-11-29,30.49,30.49,27.7,28.3,37553,0
2016-11-30,28.06,28.2222,25.05,26.3,42151,0
2016-12-01,24.64,25.46,22.4,25.45,36201,0
2016-12-02,24.6,27.8,23.6341,25.45,48999,0
2016-12-05,25.25,25.87,23.15,23.6,40609,0
2016-12-06,25.05,26.5509,23.21,25.39,62307,0
2016-12-07,24.2501,24.9656,23.85,24.7,21265,0
2016-12-08,24.0,25.0,24.0,24.76,14784,0
2016-12-09,25.0,25.5,24.12,24.67,12487,0
2016-12-12,24.37,25.4346,24.17,24.95,12399,0
2016-12-13,25.0,25.0,24.1,24.59,10943,0
2016-12-14,25.0293,25.0293,23.0601,23.57,15226,0
2016-12-15,23.95,24.17,21.4,23.48,32788,0
2016-12-16,22.58,22.58,19.5985,22.2,49858,0
2016-12-19,21.76,21.76,20.1412,20.65,17852,0
2016-12-20,20.42,20.7556,19.9,20.05,19728,0
2016-12-21,18.8,19.499,18.35,18.58,46398,0
2016-12-22,22.48,22.934,20.1,20.1,47731,0
2016-12-23,20.54,20.54,19.0,19.47,18465,0
2016-12-27,19.0,19.4499,18.58,18.58,9146,0
2016-12-28,18.83,19.114,17.39,17.6,15686,0
2016-12-29,17.76,17.76,16.5,17.55,35437,0
2016-12-30,17.55,18.1022,17.35,17.73,18483,0
2017-01-03,18.17,19.2301,18.17,18.99,14062,0
2017-01-04,19.4,19.8499,19.06,19.8,9033,0
2017-01-05,19.92,20.08,18.64,19.2,23062,0
2017-01-06,19.05,19.61,18.7,18.7,26587,0
2017-01-09,18.98,19.365,16.3901,18.78,17442,0
2017-01-10,18.85,19.5,18.81,18.99,9249,0
2017-01-11,18.9,19.4489,18.4577,18.79,12541,0
2017-01-12,19.0,19.22,19.0,19.1,9123,0
2017-01-13,19.01,19.8,19.01,19.15,12096,0
2017-01-17,19.18,20.1,18.86,19.8,17704,0
2017-01-18,19.83,20.4,19.1,19.5,20681,0
2017-01-19,19.34,19.8,19.02,19.02,12384,0
2017-01-20,19.29,20.4706,18.91,19.19,19685,0
2017-01-23,19.69,19.69,18.53,18.54,8926,0
2017-01-24,19.0,19.0,18.01,18.5,8293,0
2017-01-25,19.5,19.9085,18.9,19.18,16340,0
2017-01-26,19.55,19.9,19.5073,19.72,15619,0
2017-01-27,19.91,20.0,19.3,19.3,12758,0
2017-01-30,19.94,19.94,18.99,19.56,14128,0
2017-01-31,19.61,19.9,19.1402,19.62,7986,0
2017-02-01,20.5,21.63,20.0311,20.4,30763,0
2017-02-02,20.1,20.1,19.5,20.1,8271,0
2017-02-03,20.9899,20.9899,19.75,19.9,9796,0
2017-02-06,19.71,20.5,19.67,19.82,6583,0
2017-02-07,20.0,20.2799,19.691,19.81,2489,0
2017-02-08,20.1,20.1,18.8247,19.33,2747,0
2017-02-09,19.67,20.0,19.15,19.64,6374,0
2017-02-10,20.03,20.48,19.64,20.09,12722,0
2017-02-13,20.5,20.5,18.78,20.07,10901,0
2017-02-14,19.6,20.16,19.4601,19.99,9053,0
2017-02-15,19.98,20.28,19.64,20.28,14334,0
2017-02-16,21.5,22.59,21.08,22.59,41964,0
2017-02-17,22.61,23.5,21.5244,23.0,36056,0
2017-02-21,23.0,25.0,23.0,24.35,22847,0
2017-02-22,24.36,25.98,24.25,25.47,20477,0
2017-02-23,25.45,25.7425,24.011,24.86,30784,0
2017-02-24,24.83,24.83,24.0501,24.46,24754,0
2017-02-27,24.3,25.78,24.1503,25.78,14914,0
2017-02-28,25.48,26.3455,25.43,26.02,9655,0
2017-03-01,25.62,26.08,25.62,25.9,7904,0
2017-03-02,24.0001,25.9145,24.0,25.5,12017,0
2017-03-03,25.45,25.74,24.51,25.61,7749,0
2017-03-06,25.3,25.88,25.0,25.88,8897,0
2017-03-07,25.6,27.82,25.28,25.32,34822,0
2017-03-08,25.4,25.4,24.1301,24.76,17464,0
2017-03-09,25.01,25.99,24.35,25.31,11840,0
2017-03-10,25.35,25.82,24.3,25.1,10260,0
2017-03-13,24.99,25.2122,24.73,25.19,9171,0
2017-03-14,25.1,25.2684,21.66,23.5,44942,0
2017-03-15,23.89,23.96,23.4,23.84,11985,0
2017-03-16,23.63,23.63,22.85,22.85,7322,0
2017-03-17,22.31,22.76,21.8,22.31,15774,0
2017-03-20,21.7378,22.11,21.4,21.71,11645,0
2017-03-21,21.23,21.87,20.25,20.3,13606,0
2017-03-22,20.93,24.88,20.6199,23.78,33315,0
2017-03-23,24.43,25.4399,22.53,22.71,15974,0
2017-03-24,22.84,23.1822,21.99,22.5,7894,0
2017-03-27,22.49,22.49,21.1401,22.44,6090,0
2017-03-28,22.45,23.135,21.1759,22.8,20437,0
2017-03-29,22.46,23.77,22.46,23.72,36359,0
2017-03-30,23.75,24.49,23.52,24.0,16392,0
2017-03-31,24.0,24.2,23.6301,24.0,7981,0
2017-04-03,24.0,24.93,23.4,24.73,20235,0
2017-04-04,24.5,25.03,24.18,24.99,18172,0
2017-04-05,24.55,25.25,24.55,24.65,22670,0
2017-04-06,24.048,25.04,23.8901,24.1,4395,0
2017-04-07,23.51,24.15,23.51,24.02,10922,0
2017-04-10,23.43,23.93,23.01,23.82,24028,0
2017-04-11,23.47,23.475,22.4601,23.17,32184,0
2017-04-12,23.09,23.21,20.15,21.0,62091,0
2017-04-13,21.37,21.7,19.98,20.82,50697,0
2017-04-17,20.79,21.2366,19.38,19.62,40201,0
2017-04-18,19.4,20.34,18.51,20.16,61908,0
2017-04-19,20.17,22.3032,20.07,22.14,20725,0
2017-04-20,21.68,21.71,19.71,20.92,8796,0
2017-04-21,20.81,21.3,20.2,20.66,15579,0
2017-04-24,20.92,22.37,20.6601,21.98,22300,0
2017-04-25,21.7,21.8501,21.33,21.61,13963,0
2017-04-26,21.31,21.6,19.9,20.53,20107,0
2017-04-27,20.5,20.7,19.94,20.3,20041,0
2017-04-28,20.34,20.9326,20.2,20.69,16331,0
2017-05-01,20.59,21.3,20.22,21.3,6584,0
2017-05-02,20.57,21.299,20.57,21.0101,10993,0
2017-05-03,20.61,21.22,20.3801,21.22,12869,0
2017-05-04,21.15,21.48,20.4316,21.48,9705,0
2017-05-05,21.39,21.42,20.692,21.0,7458,0
2017-05-08,20.97,21.34,20.1094,21.34,19555,0
2017-05-09,21.0,21.4499,20.5901,20.88,14294,0
2017-05-10,20.54,20.73,19.9,20.7,12232,0
2017-05-11,19.8701,20.51,19.75,20.5,28839,0
2017-05-12,20.49,20.9,19.87,20.7,25242,0
2017-05-15,20.39,20.99,19.8699,20.43,9217,0
2017-05-16,20.1801,20.88,20.1601,20.75,7591,0
2017-05-17,20.7,21.03,19.8408,20.93,18109,0
2017-05-18,20.9999,21.73,20.4,21.53,12473,0
2017-05-19,21.5171,22.6,21.5171,22.08,8002,0
2017-05-22,22.08,22.08,20.4815,21.87,8325,0
2017-05-23,21.57,21.57,20.0647,21.21,7014,0
2017-05-24,20.5,21.0,20.5,20.77,295320,0
2017-05-25,20.3,20.75,19.07,19.14,76662,0
2017-05-26,18.75,19.91,17.71,17.93,37242,0
2017-05-30,18.66,21.0,18.65,20.44,57464,0
2017-05-31,20.07,20.7,19.74,20.48,18187,0
2017-06-01,20.48,21.4,20.48,21.11,53631,0
2017-06-02,21.31,21.31,20.37,20.37,64725,0
2017-06-05,20.43,20.61,19.03,20.26,24797,0
2017-06-06,20.32,20.46,19.56,20.02,17316,0
2017-06-07,20.12,20.44,19.68,20.42,27433,0
2017-06-08,20.42,20.7,19.71,20.55,31611,0
2017-06-09,20.6,20.63,19.83,20.26,19074,0
2017-06-12,20.36,20.36,19.05,19.12,11087,0
2017-06-13,19.3,19.3,18.04,18.08,20021,0
2017-06-14,18.02,19.07,17.54,18.16,15343,0
2017-06-15,17.3601,18.1974,16.62,16.95,17727,0
2017-06-16,16.7662,17.14,16.68,17.05,28538,0
2017-06-19,17.48,17.7332,17.1201,17.5,11039,0
2017-06-20,17.109,17.5,15.48,15.48,38509,0
2017-06-21,15.31,19.48,15.31,18.7001,40799,0
2017-06-22,18.71,19.5,18.71,18.7501,20989,0
2017-06-23,19.19,19.35,18.4576,19.35,39161,0
2017-06-26,19.459,19.459,18.0,18.29,13742,0
2017-06-27,18.06,18.06,17.5,17.5,15447,0
2017-06-28,17.68,18.5999,17.2,18.36,8847,0
2017-06-29,17.9645,18.435,17.55,17.74,11561,0
2017-06-30,18.3,21.1522,18.3,20.6,163466,0
2017-07-03,21.3,21.3,20.4,21.09,33828,0
2017-07-05,21.62,22.3276,20.4812,22.27,46956,0
2017-07-06,22.25,24.65,22.01,24.5,65052,0
2017-07-07,24.5,25.38,22.96,25.24,63231,0
2017-07-10,24.58,26.22,23.6,25.3,49918,0
2017-07-11,25.35,26.1956,24.01,25.67,47946,0
2017-07-12,26.0,26.22,23.56,25.7,46162,0
2017-07-13,25.27,26.44,25.27,26.44,25348,0
2017-07-14,26.5,26.7,25.4765,26.55,32696,0
2017-07-17,26.43,26.77,25.91,26.77,31084,0
2017-07-18,26.9,27.33,26.05,27.33,59124,0
2017-07-19,27.57,27.7,26.64,27.35,18094,0
2017-07-20,27.69,27.93,26.424,27.62,38814,0
2017-07-21,27.46,27.7189,26.08,26.21,17039,0
2017-07-24,26.05,26.5,25.3601,25.67,16963,0
2017-07-25,25.89,25.89,25.28,25.4,21919,0
2017-07-26,25.02,25.02,24.2,24.74,13108,0
2017-07-27,24.49,24.49,23.8,24.27,30628,0
2017-07-28,23.88,24.6,23.27,24.6,12988,0
2017-07-31,24.6,24.84,24.0501,24.62,7003,0
2017-08-01,24.64,25.59,24.64,25.5,21671,0
2017-08-02,25.0,25.19,23.1041,24.18,17611,0
2017-08-03,24.19,24.48,23.75,24.3,19077,0
2017-08-04,23.9823,24.0724,23.02,23.22,9641,0
2017-08-07,22.83,23.3271,22.81,23.25,7917,0
2017-08-08,23.0,24.53,22.7554,23.84,6254,0
2017-08-09,23.8,23.8,22.11,22.15,18585,0
2017-08-10,22.03,22.42,21.56,22.42,10636,0
2017-08-11,22.22,22.55,22.04,22.51,8541,0
2017-08-14,22.54,22.94,22.26,22.89,4307,0
2017-08-15,22.5,22.5,21.34,21.43,9927,0
2017-08-16,21.85,23.99,21.85,23.04,38458,0
2017-08-17,23.47,23.94,23.11,23.43,16860,0
2017-08-18,23.2,23.54,23.2,23.54,16194,0
2017-08-21,23.9,24.7,22.27,24.48,20548,0
2017-08-22,23.1,23.78,23.1,23.6,9543,0
2017-08-23,23.35,24.74,22.869,24.18,15617,0
2017-08-24,23.91,24.62,23.9,24.47,3776,0
2017-08-25,23.28,24.9,23.28,24.75,10796,0
2017-08-28,24.52,24.82,24.5,24.57,11026,0
2017-08-29,24.25,25.68,24.0,25.65,9521,0
2017-08-30,25.65,25.65,25.03,25.56,6989,0
2017-08-31,25.53,25.59,24.51,24.74,13793,0
2017-09-01,24.9506,25.49,24.48,25.49,14675,0
2017-09-05,24.5,24.5,22.42,22.66,43703,0
2017-09-06,23.0,23.58,21.61,21.82,27243,0
2017-09-07,21.5001,23.29,21.5001,22.44,18928,0
2017-09-08,22.872,23.73,22.872,23.2,7560,0
2017-09-11,23.09,23.87,23.09,23.3,16407,0
2017-09-12,23.51,23.64,23.3,23.32,10765,0
2017-09-13,23.3,23.4,23.3,23.35,25106,0
2017-09-14,23.3422,23.49,22.4,22.78,16748,0
2017-09-15,22.61,23.04,22.3339,23.0,29561,0
2017-09-18,23.1,23.25,22.58,22.63,20627,0
2017-09-19,22.74,22.74,21.63,22.01,18077,0
2017-09-20,22.5199,22.5199,22.36,22.48,15723,0
2017-09-21,22.0443,22.45,21.91,22.16,4704,0
2017-09-22,22.2,22.26,21.71,22.24,28979,0
2017-09-25,22.22,22.29,21.85,22.09,20391,0
2017-09-26,22.15,22.18,20.41,20.68,11354,0
2017-09-27,20.48,21.335,20.25,20.44,8475,0
2017-09-28,20.27,21.635,20.27,20.52,16773,0
2017-09-29,21.5,21.5,20.53,20.96,7938,0
2017-10-02,21.0,21.99,20.88,21.87,31243,0
2017-10-03,21.7999,21.8,21.52,21.56,4831,0
2017-10-04,21.56,21.8,21.1,21.56,41732,0
2017-10-05,21.77,22.8599,21.4901,22.51,11113,0
2017-10-06,21.84,22.85,21.75,22.21,16843,0
2017-10-09,22.45,23.0,22.22,22.93,18602,0
2017-10-10,22.7,23.5082,22.7,23.2,9667,0
2017-10-11,23.71,24.2,23.56,24.1,12508,0
2017-10-12,23.85,24.25,23.4001,23.99,12706,0
2017-10-13,25.0,27.5,25.0,26.99,81774,0
2017-10-16,25.03,26.3,24.2378,25.76,60835,0
2017-10-17,25.8,26.83,24.951,26.6,31989,0
2017-10-18,26.45,27.09,26.01,26.99,17059,0
2017-10-19,27.0,27.6,26.27,27.49,22419,0
2017-10-20,27.03,29.0,26.8149,28.14,30629,0
2017-10-23,28.03,29.2,27.58,27.86,30275,0
2017-10-24,28.0,28.23,26.76,26.76,30672,0
2017-10-25,26.89,26.89,25.27,26.4,40041,0
2017-10-26,26.4,26.4,25.85,26.1,43427,0
2017-10-27,26.48,26.86,25.95,26.15,14927,0
2017-10-30,26.0,28.03,25.8,27.76,21182,0
2017-10-31,27.78,28.0,27.07,27.35,8453,0
2017-11-01,27.73,27.95,26.6743,26.975,13365,0
2017-11-02,26.9,27.03,26.25,27.0,13045,0
2017-11-03,26.775,27.78,26.775,27.7,17293,0
2017-11-06,27.74,27.76,26.76,27.75,7823,0
2017-11-07,27.5,27.8,27.15,27.51,37122,0
2017-11-08,27.3055,27.59,27.3,27.5,8189,0
2017-11-09,27.35,27.55,27.3,27.5,21960,0
2017-11-10,27.3,28.0,27.3,27.41,9903,0
