Date,Open,High,Low,Close,Volume,OpenInt
2014-01-02,37.833,38.046,36.539,36.741,21353,0
2014-01-03,36.948,37.931,36.831,37.455,21802,0
2014-01-06,37.714,38.163,36.958,37.793,20456,0
2014-01-07,37.723,38.416,36.841,37.58,24158,0
2014-01-08,37.074,37.863,37.074,37.238,4832,0
2014-01-09,37.921,38.366,37.258,37.685,12436,0
2014-01-10,37.733,38.465,37.608,38.026,22305,0
2014-01-13,38.046,38.738,37.599,38.386,16139,0
2014-01-14,38.252,38.814,38.173,38.728,11822,0
2014-01-15,38.796,39.572,38.679,38.679,24877,0
2014-01-16,39.186,41.325,38.69,40.411,36384,0
2014-01-17,40.499,40.703,39.496,40.098,26111,0
2014-01-21,39.952,40.332,39.33,40.166,10483,0
2014-01-22,40.156,40.45,39.68,39.69,6890,0
2014-01-23,39.67,39.789,39.057,39.417,12645,0
2014-01-24,39.582,39.582,38.213,38.581,12849,0
2014-01-27,39.097,39.407,37.959,38.406,11925,0
2014-01-28,38.281,38.689,37.317,37.714,11307,0
2014-01-29,37.347,38.026,36.49,36.568,8843,0
2014-01-30,37.017,37.168,36.246,36.539,13363,0
2014-01-31,36.141,36.616,35.011,35.526,38137,0
2014-02-03,35.634,36.294,35.264,35.751,15814,0
2014-02-04,36.052,36.6,35.206,35.342,15136,0
2014-02-05,35.07,35.566,34.555,34.972,11985,0
2014-02-06,35.644,35.674,35.216,35.654,7268,0
2014-02-07,35.408,35.606,34.67,35.07,16829,0
2014-02-10,35.187,35.983,35.07,35.08,8028,0
2014-02-11,35.12,36.334,35.12,36.246,24683,0
2014-02-12,36.256,36.968,35.964,36.722,17469,0
2014-02-13,36.674,37.074,36.384,36.578,3036,0
2014-02-14,36.645,36.938,35.993,36.092,9994,0
2014-02-18,36.364,37.541,36.236,37.074,33419,0
2014-02-19,37.793,37.793,36.226,36.334,11844,0
2014-02-20,36.85,36.85,36.364,36.48,4862,0
2014-02-21,36.441,36.92,36.188,36.188,8936,0
2014-02-24,36.431,37.228,36.431,36.997,5561,0
2014-02-25,37.064,37.198,36.968,36.987,4782,0
2014-02-26,36.92,37.091,36.364,36.771,19899,0
2014-02-27,36.85,36.9,36.16,36.529,5528,0
2014-02-28,36.722,37.093,36.626,36.93,18022,0
2014-03-03,36.48,36.93,36.48,36.49,8109,0
2014-03-04,36.761,38.29,36.519,37.531,21691,0
2014-03-05,37.55,37.911,36.51,36.51,10775,0
2014-03-06,36.539,37.675,36.324,36.441,24638,0
2014-03-07,36.404,37.102,36.324,36.49,11875,0
2014-03-10,36.304,37.248,36.304,36.664,10329,0
2014-03-11,36.684,36.93,36.404,36.48,8983,0
2014-03-12,36.324,36.9,36.169,36.374,3940,0
2014-03-13,36.169,37.531,36.169,36.197,13550,0
2014-03-14,36.284,36.655,35.905,36.412,22851,0
2014-03-17,36.539,36.968,34.808,36.958,9755,0
2014-03-18,36.948,37.11,36.606,36.948,6954,0
2014-03-19,36.616,37.376,36.6,37.376,14694,0
2014-03-20,37.168,37.843,37.168,37.521,12137,0
2014-03-21,37.638,38.016,37.416,37.997,17696,0
2014-03-24,37.949,38.761,37.696,37.911,21449,0
2014-03-25,38.271,38.366,37.675,37.911,11642,0
2014-03-26,37.695,38.173,37.198,37.198,13157,0
2014-03-27,37.473,37.522,36.594,36.869,13425,0
2014-03-28,37.054,37.581,36.594,36.653,12025,0
2014-03-31,36.78,37.551,36.701,36.79,30694,0
2014-04-01,36.8,36.955,36.47,36.672,15847,0
2014-04-02,36.614,37.026,36.517,36.929,4830,0
2014-04-03,37.455,37.455,36.556,36.624,17686,0
2014-04-04,36.614,36.643,36.253,36.301,19107,0
2014-04-07,36.78,36.78,36.243,36.272,10195,0
2014-04-08,36.546,37.357,36.468,36.76,21643,0
2014-04-09,36.566,36.791,36.566,36.663,4438,0
2014-04-10,36.643,37.006,36.253,36.321,13536,0
2014-04-11,36.233,36.243,34.721,35.073,18276,0
2014-04-14,34.866,35.336,34.196,35.083,22822,0
2014-04-15,35.034,35.083,34.056,34.234,18082,0
2014-04-16,34.361,34.936,34.027,34.341,16307,0
2014-04-17,34.448,35.639,34.056,34.361,13295,0
2014-04-21,34.448,35.354,34.408,35.21,4731,0
2014-04-22,35.133,36.098,35.079,35.863,13276,0
2014-04-23,35.911,36.537,35.551,35.689,6294,0
2014-04-24,35.911,36.938,35.142,35.161,5347,0
2014-04-25,35.133,35.756,34.206,34.781,22629,0
2014-04-28,34.546,35.403,34.186,34.945,15503,0
2014-04-29,35.053,35.718,34.176,34.488,11583,0
2014-04-30,34.866,34.866,34.056,34.076,6504,0
2014-05-01,33.91,34.458,33.305,33.54,10903,0
2014-05-02,33.364,33.649,32.955,33.131,7203,0
2014-05-05,33.179,34.399,33.179,33.958,17109,0
2014-05-06,33.833,34.566,32.975,32.975,15686,0
2014-05-07,33.481,34.566,33.374,34.379,8927,0
2014-05-08,34.468,34.672,33.958,33.967,10938,0
2014-05-09,34.076,34.632,33.939,34.478,7653,0
2014-05-12,34.642,37.417,34.604,37.337,30950,0
2014-05-13,37.13,37.377,36.429,36.624,14088,0
2014-05-14,36.82,36.82,36.204,36.204,6633,0
2014-05-15,36.272,36.527,35.863,36.281,9701,0
2014-05-16,36.058,36.478,35.375,36.371,16401,0
2014-05-19,36.401,36.429,35.375,36.098,13782,0
2014-05-20,35.95,35.95,35.316,35.699,15817,0
2014-05-21,35.825,36.058,35.481,36.058,11697,0
2014-05-22,35.669,35.911,35.669,35.911,4175,0
2014-05-23,35.718,36.108,35.718,36.078,5171,0
2014-05-27,36.233,36.556,36.128,36.556,9008,0
2014-05-28,36.682,36.682,36.311,36.311,5540,0
2014-05-29,36.439,36.527,36.029,36.311,15421,0
2014-05-30,36.439,37.168,36.326,36.586,10640,0
2014-06-02,36.458,36.606,36.166,36.253,8699,0
2014-06-03,36.488,36.83,36.118,36.157,12052,0
2014-06-04,36.166,36.253,36.039,36.253,6628,0
2014-06-05,36.195,36.594,36.068,36.488,18780,0
2014-06-06,36.391,36.938,36.128,36.899,24713,0
2014-06-09,36.842,39.033,36.842,38.985,15896,0
2014-06-10,38.889,38.889,38.116,38.684,6762,0
2014-06-11,38.41,38.624,38.136,38.206,4420,0
2014-06-12,38.35,38.763,37.845,38.039,11064,0
2014-06-13,37.815,38.196,37.083,37.561,14690,0
2014-06-16,38.343,38.343,37.493,37.639,3254,0
2014-06-17,37.522,38.029,37.267,38.029,5067,0
2014-06-18,38.489,38.489,37.933,38.049,5881,0
2014-06-19,38.058,38.077,37.357,37.473,6146,0
2014-06-20,37.735,38.829,37.6,38.106,17885,0
2014-06-23,38.37,38.526,37.668,38.38,4206,0
2014-06-24,38.304,38.304,36.614,37.327,14273,0
2014-06-25,37.337,37.765,36.971,37.337,5225,0
2014-06-26,37.766,37.766,36.409,36.633,8235,0
2014-06-27,36.116,36.648,36.106,36.642,89229,0
2014-06-30,36.555,36.829,36.309,36.642,12927,0
2014-07-01,36.652,37.697,36.652,37.678,8119,0
2014-07-02,37.736,38.392,37.736,38.392,4297,0
2014-07-03,38.508,38.851,38.187,38.851,4153,0
2014-07-07,38.587,39.272,38.059,38.059,8583,0
2014-07-08,38.05,38.508,37.736,38.325,14220,0
2014-07-09,38.891,38.958,38.207,38.207,3816,0
2014-07-10,37.796,39.066,36.691,37.228,5514,0
2014-07-11,37.228,38.392,36.946,37.513,27713,0
2014-07-14,37.659,38.606,36.839,37.456,23123,0
2014-07-15,37.503,38.481,37.044,37.905,6747,0
2014-07-16,37.064,37.483,37.064,37.427,4655,0
2014-07-17,37.015,37.427,36.428,36.623,14467,0
2014-07-18,36.438,37.427,36.438,37.407,25396,0
2014-07-21,37.005,37.561,36.729,36.729,14785,0
2014-07-22,37.149,37.571,36.497,37.493,17949,0
2014-07-23,37.258,38.577,37.188,38.246,27098,0
2014-07-24,37.659,38.078,36.975,37.044,15099,0
2014-07-25,37.13,37.13,36.389,36.418,4383,0
2014-07-28,36.487,36.526,36.174,36.231,2672,0
2014-07-29,36.516,36.729,36.164,36.319,19391,0
2014-07-30,36.409,36.409,36.164,36.164,4494,0
2014-07-31,36.164,36.164,36.017,36.076,10449,0
2014-08-01,36.116,36.418,36.076,36.174,5007,0
2014-08-04,36.289,36.438,35.265,35.987,13069,0
2014-08-05,36.027,36.339,35.899,36.279,15672,0
2014-08-06,36.086,36.399,35.997,36.231,3167,0
2014-08-07,36.164,36.708,36.027,36.146,14493,0
2014-08-08,36.155,36.868,36.047,36.389,10345,0
2014-08-11,36.71,37.856,36.212,37.367,13368,0
2014-08-12,37.407,37.551,36.946,37.483,10561,0
2014-08-13,37.337,37.876,37.287,37.688,22610,0
2014-08-14,37.942,37.952,37.407,37.697,9380,0
2014-08-15,37.972,38.068,37.258,37.629,38750,0
2014-08-18,37.991,38.537,37.746,38.296,5418,0
2014-08-19,37.876,38.097,37.736,37.826,6770,0
2014-08-20,37.629,37.826,37.591,37.639,5060,0
2014-08-21,37.629,37.766,37.629,37.629,1898,0
2014-08-22,37.551,37.726,37.542,37.542,2253,0
2014-08-25,37.876,37.891,37.629,37.639,3347,0
2014-08-26,37.776,37.924,36.399,37.473,16974,0
2014-08-27,37.407,37.6,37.357,37.6,10238,0
2014-08-28,37.581,37.796,37.357,37.707,18165,0
2014-08-29,37.493,38.157,37.483,38.157,12377,0
2014-09-02,38.217,38.567,37.707,38.557,9776,0
2014-09-03,38.587,38.606,37.387,37.688,11604,0
2014-09-04,38.097,38.281,37.886,37.972,14978,0
2014-09-05,38.281,38.281,37.639,37.649,4621,0
2014-09-08,37.551,37.726,37.083,37.619,16501,0
2014-09-09,37.436,37.629,37.297,37.387,22764,0
2014-09-10,37.736,38.127,37.407,38.097,9958,0
2014-09-11,37.746,38.217,37.551,37.826,12008,0
2014-09-12,38.02,38.286,37.629,37.639,22644,0
2014-09-15,37.866,38.137,37.6,37.756,17802,0
2014-09-16,37.776,37.776,37.243,37.649,17214,0
2014-09-17,37.796,38.097,37.736,37.776,11048,0
2014-09-18,38.117,38.117,37.726,38.001,12133,0
2014-09-19,38.001,38.107,37.871,38.059,14111,0
2014-09-22,37.756,37.756,37.473,37.688,35519,0
2014-09-23,37.629,37.962,37.503,37.591,37444,0
2014-09-24,37.581,37.716,37.436,37.609,24742,0
2014-09-25,37.513,37.697,37.258,37.387,16762,0
2014-09-26,37.397,37.397,37.053,37.327,9632,0
2014-09-29,38.158,38.158,37.297,37.397,5409,0
2014-09-30,37.139,37.493,37.139,37.297,16202,0
2014-10-01,37.218,37.591,37.053,37.063,13389,0
2014-10-02,37.178,37.561,36.965,36.965,14806,0
2014-10-03,37.033,37.436,36.917,36.927,8924,0
2014-10-06,36.927,37.12,36.927,37.033,2196,0
2014-10-07,36.955,37.093,36.525,36.525,5543,0
2014-10-08,36.564,37.102,36.307,36.994,36491,0
2014-10-09,36.994,36.994,36.22,36.297,8332,0
2014-10-10,36.191,36.446,35.703,35.897,12984,0
2014-10-13,36.025,36.564,35.73,36.074,13023,0
2014-10-14,36.307,36.367,35.76,35.946,12196,0
2014-10-15,35.849,36.182,35.379,35.74,28454,0
2014-10-16,35.623,36.515,35.244,35.839,22145,0
2014-10-17,36.515,36.515,35.555,35.703,30327,0
2014-10-20,35.73,35.966,35.31,35.663,6219,0
2014-10-21,35.703,36.074,35.585,35.77,8551,0
2014-10-22,35.244,35.643,35.184,35.224,17518,0
2014-10-23,35.273,35.406,34.515,34.908,13215,0
2014-10-24,35.006,35.253,34.644,34.773,15038,0
2014-10-27,34.693,34.693,33.938,33.958,14107,0
2014-10-28,34.341,35.406,34.341,35.406,10250,0
2014-10-29,35.31,36.064,35.28,35.78,13141,0
2014-10-30,35.8,36.22,35.31,36.045,13940,0
2014-10-31,36.249,36.249,36.124,36.124,6932,0
2014-11-03,35.8,36.387,35.8,36.327,4304,0
2014-11-04,36.21,36.22,35.829,36.064,9131,0
2014-11-05,36.22,36.22,35.663,35.663,9143,0
2014-11-06,35.633,36.054,35.253,35.78,11247,0
2014-11-07,35.604,36.367,35.604,36.367,5942,0
2014-11-10,36.104,36.22,35.897,36.21,5364,0
2014-11-11,36.22,37.149,36.025,36.994,7280,0
2014-11-12,36.554,37.178,36.191,37.178,6075,0
2014-11-13,36.632,37.228,35.668,36.709,7131,0
2014-11-14,36.564,37.102,36.496,36.828,12868,0
2014-11-17,36.907,37.178,36.768,37.102,9757,0
2014-11-18,37.053,37.11,36.602,37.083,10285,0
2014-11-19,36.808,36.808,35.975,35.985,7492,0
2014-11-20,35.966,36.064,35.58,35.8,7773,0
2014-11-21,35.535,36.21,35.426,35.76,11688,0
2014-11-24,35.78,35.79,35.585,35.79,3352,0
2014-11-25,36.191,36.357,35.888,36.005,6094,0
2014-11-26,35.975,35.975,35.525,35.722,5212,0
2014-11-28,35.722,35.722,34.996,34.996,11439,0
2014-12-01,34.986,34.996,34.331,34.379,5711,0
2014-12-02,34.713,35.184,34.351,35.085,4890,0
2014-12-03,37.168,41.538,37.168,40.043,150965,0
2014-12-04,39.218,40.135,38.737,39.617,36564,0
2014-12-05,39.41,40.919,39.159,40.421,83367,0
2014-12-08,40.254,41.938,39.39,41.438,57140,0
2014-12-09,41.558,42.319,41.126,42.085,20082,0
2014-12-10,41.958,44.051,41.558,41.558,12887,0
2014-12-11,41.438,42.828,41.438,41.781,7296,0
2014-12-12,40.929,41.606,39.657,41.262,26022,0
2014-12-15,41.651,42.339,41.359,42.123,17812,0
2014-12-16,42.241,42.563,42.221,42.524,16188,0
2014-12-17,42.524,43.992,42.524,43.934,23872,0
2014-12-18,43.934,45.972,43.924,45.892,24829,0
2014-12-19,45.784,47.342,44.64,46.989,67934,0
2014-12-22,47.019,49.004,46.901,49.004,32436,0
2014-12-23,48.565,50.737,48.565,49.319,29208,0
2014-12-24,49.74,49.769,48.562,48.829,7772,0
2014-12-26,49.358,49.505,48.976,49.475,9369,0
2014-12-29,49.554,49.593,48.916,49.475,9670,0
2014-12-30,49.485,49.641,48.935,49.641,18832,0
2014-12-31,49.505,49.505,47.993,49.033,11195,0
2015-01-02,49.003,49.033,48.241,49.033,21630,0
2015-01-05,48.808,50.681,48.721,50.093,20896,0
2015-01-06,50.456,51.278,49.976,50.729,22742,0
2015-01-07,51.181,54.014,50.857,54.004,25604,0
2015-01-08,53.708,53.907,52.289,53.807,17676,0
2015-01-09,52.709,53.897,52.709,53.494,19646,0
2015-01-12,53.456,53.484,48.955,52.159,44479,0
2015-01-13,52.015,54.014,50.867,54.014,36949,0
2015-01-14,53.907,56.943,52.601,56.844,44371,0
2015-01-15,56.755,56.825,52.748,52.937,38617,0
2015-01-16,53.161,53.936,51.435,53.023,18713,0
2015-01-20,51.574,52.553,51.287,51.534,18360,0
2015-01-21,51.798,52.219,50.777,51.229,19996,0
2015-01-22,51.584,51.945,50.133,51.376,50327,0
2015-01-23,51.435,51.69,50.807,51.151,8843,0
2015-01-26,51.142,51.652,50.709,51.181,10629,0
2015-01-27,50.69,51.054,49.986,50.427,8578,0
2015-01-28,49.986,50.054,49.329,49.329,11323,0
2015-01-29,49.3,49.377,49.003,49.319,7498,0
2015-01-30,49.003,49.053,46.595,46.595,16606,0
2015-02-02,47.141,47.201,45.652,46.105,9172,0
2015-02-03,46.192,47.682,45.349,46.075,21646,0
2015-02-04,45.77,47.398,44.838,46.397,35045,0
2015-02-05,46.721,47.415,45.467,46.879,24195,0
2015-02-06,46.555,47.271,45.515,46.056,20358,0
2015-02-09,46.889,47.211,45.301,46.065,21579,0
2015-02-10,45.084,47.291,43.389,45.272,38703,0
2015-02-11,45.388,45.438,44.163,44.243,15278,0
2015-02-12,44.458,44.722,43.075,43.085,18334,0
2015-02-13,43.85,44.838,42.93,44.496,18922,0
2015-02-17,44.809,46.721,44.673,45.622,16564,0
2015-02-18,46.799,48.818,45.799,47.016,12656,0
2015-02-19,47.084,48.041,47.006,47.515,10288,0
2015-02-20,47.046,47.388,46.996,47.055,10001,0
2015-02-23,47.006,47.539,45.006,45.319,23361,0
2015-02-24,45.692,45.898,45.272,45.272,2768,0
2015-02-25,44.771,46.26,44.496,45.848,25786,0
2015-02-26,45.272,45.535,45.055,45.144,6175,0
2015-02-27,45.554,45.574,44.761,44.761,7772,0
2015-03-02,45.692,45.928,44.79,44.917,6530,0
2015-03-03,44.888,45.213,44.506,44.586,5305,0
2015-03-04,43.673,44.731,43.673,44.134,18570,0
2015-03-05,43.985,44.477,43.625,43.791,10611,0
2015-03-06,43.625,44.468,43.291,43.831,16427,0
2015-03-09,43.927,44.319,43.781,43.811,11938,0
2015-03-10,43.32,44.253,43.183,43.407,9895,0
2015-03-11,43.389,44.035,43.389,43.693,19796,0
2015-03-12,43.645,45.408,43.615,45.388,18570,0
2015-03-13,44.143,45.564,44.143,45.193,10205,0
2015-03-16,45.408,45.515,44.78,45.398,10611,0
2015-03-17,44.996,45.203,44.596,44.605,10713,0
2015-03-18,44.349,45.114,44.349,44.722,25405,0
2015-03-19,44.799,45.223,44.223,44.888,22752,0
2015-03-20,45.233,46.769,44.731,46.691,15306,0
2015-03-23,46.653,50.103,46.221,49.231,75606,0
2015-03-24,48.74,51.122,48.74,50.613,47545,0
2015-03-25,50.662,50.965,48.994,50.073,25303,0
2015-03-26,49.212,50.219,49.212,50.034,10705,0
2015-03-27,49.866,50.496,49.809,50.083,17000,0
2015-03-30,50.868,51.77,50.447,51.73,25782,0
2015-03-31,51.506,51.663,49.809,50.297,46460,0
2015-04-01,50.103,51.026,49.612,50.367,39439,0
2015-04-02,49.896,51.359,49.414,49.74,30981,0
2015-04-06,50.229,51.182,49.367,49.876,21606,0
2015-04-07,49.976,50.467,48.886,49.946,35603,0
2015-04-08,50.279,50.279,48.512,49.602,13453,0
2015-04-09,49.866,50.711,48.174,49.062,12156,0
2015-04-10,49.357,49.799,48.407,49.474,13045,0
2015-04-13,49.318,49.318,48.436,48.847,13247,0
2015-04-14,49.132,50.72,48.944,50.073,22013,0
2015-04-15,50.073,51.316,50.073,51.133,24295,0
2015-04-16,50.72,51.752,49.563,50.064,17049,0
2015-04-17,49.553,50.327,48.67,48.679,19159,0
2015-04-20,48.934,48.934,48.407,48.788,22594,0
2015-04-21,48.944,48.944,48.65,48.679,7880,0
2015-04-22,48.925,48.925,47.168,47.188,18450,0
2015-04-23,47.1,47.885,46.64,46.865,15388,0
2015-04-24,46.668,47.375,46.13,46.226,6930,0
2015-04-27,46.187,46.736,45.207,45.824,20075,0
2015-04-28,46.021,46.021,45.207,45.903,20133,0
2015-04-29,45.677,46.561,45.677,46.364,7440,0
2015-04-30,46.12,46.531,45.315,45.893,17528,0
2015-05-01,46.08,46.413,45.52,46.245,11312,0
2015-05-04,46.561,47.258,46.168,47.032,16816,0
2015-05-05,46.755,47.298,45.236,45.246,15489,0
2015-05-06,46.196,49.052,46.196,47.679,34113,0
2015-05-07,47.964,48.866,47.709,48.522,19060,0
2015-05-08,49.052,49.052,47.198,47.385,15899,0
2015-05-11,47.502,48.099,47.1,47.375,11822,0
2015-05-12,47.422,47.422,46.245,46.581,11605,0
2015-05-13,46.785,47.492,46.567,47.1,8064,0
2015-05-14,47.579,48.129,47.168,47.984,8458,0
2015-05-15,48.482,48.482,47.828,48.482,3488,0
2015-05-18,48.01,48.709,48.01,48.367,6179,0
2015-05-19,48.059,48.069,47.492,47.828,6949,0
2015-05-20,47.639,47.639,46.677,47.404,11681,0
2015-05-21,47.867,48.01,47.462,47.799,5504,0
2015-05-22,47.569,48.463,47.569,48.454,8051,0
2015-05-26,48.109,48.169,47.317,47.482,6293,0
2015-05-27,47.984,48.367,47.422,48.357,11211,0
2015-05-28,47.973,48.768,47.973,48.768,16004,0
2015-05-29,48.387,48.993,48.119,48.417,11822,0
2015-06-01,48.729,48.729,48.169,48.522,11775,0
2015-06-02,48.387,48.944,48.079,48.532,10815,0
2015-06-03,48.915,48.915,48.63,48.847,8559,0
2015-06-04,48.719,48.847,48.179,48.328,9784,0
2015-06-05,48.729,48.729,48.079,48.532,9784,0
2015-06-08,48.308,49.052,48.308,48.876,6318,0
2015-06-09,48.709,49.533,48.709,48.974,21796,0
2015-06-10,49.691,50.826,49.162,50.71,10061,0
2015-06-11,50.941,50.941,46.294,48.67,74512,0
2015-06-12,48.199,48.866,47.071,47.532,24356,0
2015-06-15,47.609,49.23,47.022,48.269,52381,0
2015-06-16,48.079,48.886,47.55,48.542,37808,0
2015-06-17,48.318,49.172,47.482,48.532,16408,0
2015-06-18,48.328,48.915,48.079,48.61,20382,0
2015-06-19,48.758,49.002,48.109,48.179,32510,0
2015-06-22,48.709,48.798,47.729,48.059,34649,0
2015-06-23,47.875,48.169,46.611,47.472,30744,0
2015-06-24,47.051,48.079,46.245,46.255,24154,0
2015-06-25,46.611,47.56,46.177,46.659,51363,0
2015-06-26,46.541,47.269,46.167,46.186,111349,0
2015-06-29,46.284,46.463,45.235,45.321,22800,0
2015-06-30,45.912,46.482,43.741,44.566,32397,0
2015-07-01,44.468,45.578,44.468,45.106,21170,0
2015-07-02,45.037,45.175,44.29,44.87,19237,0
2015-07-06,44.428,45.057,44.428,45.037,19135,0
2015-07-07,44.998,46.176,44.044,45.833,22698,0
2015-07-08,44.88,46.069,44.526,44.724,17608,0
2015-07-09,45.351,45.351,44.223,44.694,46004,0
2015-07-10,45.331,46.176,44.694,45.962,29823,0
2015-07-13,46.001,46.717,44.88,45.126,19034,0
2015-07-14,45.166,46.551,45.08,46.157,15077,0
2015-07-15,46.472,46.551,45.962,46.314,20952,0
2015-07-16,46.511,47.65,46.079,46.962,20662,0
2015-07-17,46.64,47.463,45.195,47.229,29415,0
2015-07-20,47.82,48.081,47.139,47.269,14860,0
2015-07-21,47.869,47.869,45.862,46.521,15676,0
2015-07-22,46.344,47.77,46.324,47.179,11806,0
2015-07-23,47.159,47.56,45.341,45.41,14248,0
2015-07-24,45.626,47.8,45.215,45.293,19643,0
2015-07-27,45.49,45.784,44.054,44.506,19949,0
2015-07-28,44.988,45.254,44.31,44.576,15571,0
2015-07-29,44.899,44.928,44.213,44.243,14047,0
2015-07-30,44.213,44.233,41.303,42.159,32366,0
2015-07-31,42.483,44.281,42.06,44.035,26973,0
2015-08-03,44.263,44.408,42.796,42.856,11440,0
2015-08-04,43.259,43.425,42.257,42.257,20357,0
2015-08-05,42.012,42.601,41.962,42.07,24631,0
2015-08-06,42.012,43.229,41.741,42.178,19545,0
2015-08-07,41.913,41.953,36.511,40.98,81323,0
2015-08-10,39.85,40.891,38.807,39.792,42238,0
2015-08-11,39.004,39.396,38.08,38.562,41917,0
2015-08-12,38.446,41.59,37.385,41.551,39695,0
2015-08-13,41.352,43.79,41.254,43.662,21170,0
2015-08-14,43.75,44.143,41.933,42.69,49365,0
2015-08-17,42.257,44.203,40.381,43.82,28090,0
2015-08-18,43.181,43.377,41.61,41.883,10688,0
2015-08-19,41.786,42.305,41.214,41.264,17608,0
2015-08-20,41.333,42.207,41.01,41.61,9669,0
2015-08-21,41.0,41.992,40.862,41.619,28090,0
2015-08-24,40.114,41.089,39.31,39.673,27574,0
2015-08-25,40.871,40.871,39.614,40.213,20357,0
2015-08-26,40.832,41.372,39.89,40.971,11908,0
2015-08-27,40.714,41.561,40.684,41.561,12823,0
2015-08-28,41.274,41.59,41.07,41.511,9057,0
2015-08-31,41.471,41.6,40.891,41.333,12315,0
2015-09-01,40.891,41.61,40.762,40.931,11197,0
2015-09-02,41.284,41.57,40.674,41.137,11501,0
2015-09-03,41.303,41.61,40.644,41.6,38066,0
2015-09-04,41.323,41.59,40.45,40.654,15470,0
2015-09-08,41.392,42.276,41.0,41.185,27787,0
2015-09-09,41.264,41.511,39.85,40.45,13231,0
2015-09-10,40.567,41.284,39.87,40.49,16707,0
2015-09-11,40.341,41.274,40.036,41.274,6718,0
2015-09-14,41.264,41.561,40.752,41.06,5497,0
2015-09-15,40.971,42.325,40.802,41.716,10281,0
2015-09-16,41.59,42.532,41.293,41.293,16388,0
2015-09-17,41.392,42.051,41.264,41.541,11977,0
2015-09-18,40.832,41.629,40.41,41.0,44581,0
2015-09-21,41.726,42.542,41.167,42.474,12010,0
2015-09-22,41.972,42.051,41.264,41.551,20866,0
2015-09-23,41.676,41.873,41.392,41.656,3380,0
2015-09-24,41.638,41.786,40.911,41.05,9876,0
2015-09-25,41.254,41.471,39.996,40.281,15676,0
2015-09-28,40.114,41.523,40.066,40.174,14681,0
2015-09-29,40.114,41.315,39.425,39.83,24900,0
2015-09-30,40.243,40.922,39.879,39.938,16972,0
2015-10-01,39.946,41.168,39.83,40.056,18599,0
2015-10-02,39.731,41.334,39.455,40.243,19107,0
2015-10-05,40.174,42.505,40.174,42.142,20382,0
2015-10-06,41.413,42.093,41.011,41.128,18192,0
2015-10-07,41.334,42.23,41.09,41.905,11602,0
2015-10-08,42.054,42.555,41.473,42.467,14635,0
2015-10-09,42.358,43.036,42.358,42.78,4269,0
2015-10-12,42.713,43.175,39.92,43.086,23641,0
2015-10-13,42.958,43.046,42.741,42.85,7521,0
2015-10-14,43.056,43.056,41.186,41.748,6504,0
2015-10-15,41.905,42.684,41.523,42.457,12196,0
2015-10-16,42.684,43.628,42.437,43.352,19005,0
2015-10-19,43.243,43.726,41.344,43.146,10831,0
2015-10-20,43.589,43.844,42.741,43.195,11181,0
2015-10-21,42.89,43.706,41.826,42.83,10366,0
2015-10-22,43.392,43.599,42.978,43.529,10773,0
2015-10-23,43.569,45.083,43.166,44.887,11586,0
2015-10-26,44.818,44.818,42.93,43.293,22969,0
2015-10-27,43.293,43.293,42.142,42.417,12704,0
2015-10-28,42.741,43.951,42.318,43.036,25001,0
2015-10-29,43.066,43.392,41.915,42.23,19819,0
2015-10-30,42.594,42.594,41.443,42.005,4066,0
2015-11-02,41.758,42.457,41.325,41.915,12416,0
2015-11-03,41.325,42.79,41.235,41.582,17899,0
2015-11-04,41.325,41.678,41.325,41.513,13360,0
2015-11-05,41.602,41.768,41.215,41.718,11993,0
2015-11-06,41.265,41.816,41.186,41.816,11688,0
2015-11-09,41.816,41.925,41.334,41.768,16834,0
2015-11-10,41.354,41.688,41.275,41.384,9249,0
2015-11-11,41.658,42.122,41.168,41.553,8741,0
2015-11-12,41.503,42.044,39.976,40.144,13821,0
2015-11-13,40.085,41.602,39.474,39.811,14227,0
2015-11-16,39.593,40.912,39.593,40.743,14839,0
2015-11-17,41.325,41.364,39.929,40.085,13719,0
2015-11-18,40.381,40.734,38.472,38.748,55594,0
2015-11-19,38.718,39.761,38.718,39.593,13821,0
2015-11-20,39.83,40.066,39.289,40.026,6099,0
2015-11-23,40.44,40.803,40.44,40.587,7215,0
2015-11-24,40.538,40.616,39.859,40.616,8536,0
2015-11-25,40.381,42.015,40.006,41.768,8335,0
2015-11-27,41.344,41.995,41.344,41.915,1016,0
2015-11-30,41.915,42.015,41.592,41.995,9146,0
2015-12-01,41.592,41.816,41.265,41.572,4621,0
2015-12-02,40.932,41.995,40.223,40.587,18016,0
2015-12-03,41.215,41.935,40.893,41.255,18553,0
2015-12-04,40.872,41.915,40.872,41.463,12095,0
2015-12-07,41.582,41.836,40.843,40.863,14432,0
2015-12-08,39.012,40.833,39.012,40.341,9508,0
2015-12-09,40.046,40.174,39.309,39.484,24596,0
2015-12-10,39.425,40.233,39.425,39.929,10366,0
2015-12-11,38.815,40.095,38.815,39.358,19005,0
2015-12-14,39.455,39.746,39.328,39.386,21462,0
2015-12-15,39.358,39.811,39.309,39.494,13821,0
2015-12-16,39.554,40.104,39.022,39.821,11181,0
2015-12-17,40.104,40.104,39.358,39.358,9044,0
2015-12-18,39.131,39.662,38.669,38.855,32624,0
2015-12-21,38.728,39.131,38.589,38.865,16871,0
2015-12-22,38.472,39.211,38.166,38.875,12639,0
2015-12-23,38.482,38.539,37.654,37.743,12704,0
2015-12-24,37.793,37.793,37.44,37.624,11339,0
2015-12-28,37.391,37.64,36.947,37.152,19013,0
2015-12-29,37.351,38.059,37.351,38.059,13418,0
2015-12-30,38.059,38.138,37.932,37.932,5866,0
2015-12-31,37.912,38.415,37.789,38.128,9624,0
2016-01-04,37.694,38.001,36.98,37.123,13565,0
2016-01-05,37.152,37.744,36.04,36.365,10504,0
2016-01-06,36.0,36.971,36.0,36.385,11265,0
2016-01-07,36.069,36.798,35.223,35.477,15861,0
2016-01-08,35.696,36.04,34.515,34.75,14637,0
2016-01-11,35.024,35.547,33.796,34.158,28996,0
2016-01-12,34.571,35.035,33.517,33.881,21387,0
2016-01-13,33.339,33.861,32.846,33.004,16673,0
2016-01-14,32.995,33.448,32.63,32.926,8998,0
2016-01-15,32.294,33.118,30.876,31.25,16370,0
2016-01-19,31.654,32.068,30.343,30.58,14512,0
2016-01-20,30.353,31.349,29.328,31.162,32998,0
2016-01-21,30.57,31.535,29.577,31.2,15116,0
2016-01-22,31.447,31.841,31.142,31.585,11724,0
2016-01-25,31.428,31.806,30.034,30.135,13706,0
2016-01-26,30.393,30.531,29.722,30.145,16905,0
2016-01-27,30.087,30.087,29.567,29.567,5487,0
2016-01-28,29.596,30.01,29.422,29.577,6084,0
2016-01-29,29.722,30.109,29.457,29.93,24261,0
2016-02-01,29.99,30.895,29.89,30.323,7796,0
2016-02-02,29.98,29.98,28.934,29.123,22670,0
2016-02-03,29.357,29.357,28.689,28.825,16520,0
2016-02-04,28.58,28.58,27.3,27.446,10989,0
2016-02-05,27.396,27.396,26.509,26.518,19769,0
2016-02-08,26.513,29.096,25.131,26.608,50381,0
2016-02-09,25.436,26.274,25.18,25.19,14825,0
2016-02-10,25.78,27.031,24.214,24.214,19617,0
2016-02-11,24.007,24.973,22.42,22.44,22063,0
2016-02-12,22.479,22.647,22.053,22.479,25816,0
2016-02-16,22.184,22.47,21.454,21.917,26412,0
2016-02-17,22.164,22.637,20.852,21.011,22804,0
2016-02-18,21.189,21.414,20.687,21.345,20065,0
2016-02-19,21.414,22.637,21.238,22.056,17682,0
2016-02-22,22.316,22.874,22.027,22.538,21385,0
2016-02-23,22.44,22.716,22.341,22.41,13299,0
2016-02-24,22.361,23.314,22.223,23.08,14522,0
2016-02-25,23.268,23.454,22.854,23.189,9577,0
2016-02-26,23.129,23.386,22.844,23.04,16156,0
2016-02-29,23.159,23.879,22.884,23.661,10841,0
2016-03-01,23.06,24.263,23.06,24.244,19927,0
2016-03-02,24.056,25.357,23.691,25.061,23443,0
2016-03-03,25.267,27.22,25.267,26.847,31863,0
2016-03-04,26.827,27.446,26.036,26.224,15651,0
2016-03-07,26.513,26.883,25.514,25.83,11092,0
2016-03-08,25.771,26.48,25.218,25.228,8257,0
2016-03-09,25.317,25.623,24.214,24.588,13356,0
2016-03-10,24.52,24.638,23.927,24.46,13258,0
2016-03-11,24.45,24.854,24.41,24.765,4872,0
2016-03-14,24.844,24.874,24.361,24.775,10645,0
2016-03-15,24.638,24.638,24.313,24.47,8718,0
2016-03-16,24.588,24.893,24.44,24.824,7393,0
2016-03-17,25.416,26.431,25.312,26.373,10614,0
2016-03-18,26.568,27.21,26.353,27.08,24347,0
2016-03-21,27.23,28.481,27.21,28.362,18565,0
2016-03-22,28.086,28.186,27.796,28.018,15171,0
2016-03-23,28.146,28.146,27.1,27.13,13528,0
2016-03-24,27.17,27.28,26.411,26.856,17826,0
2016-03-28,27.21,27.673,26.866,27.31,12562,0
2016-03-29,27.456,27.564,27.05,27.338,32113,0
2016-03-30,27.338,27.338,27.12,27.31,10895,0
2016-03-31,27.368,27.368,27.26,27.27,5758,0
2016-04-01,27.02,27.348,26.884,27.26,8820,0
2016-04-04,27.28,27.534,27.18,27.27,4900,0
2016-04-05,27.12,27.212,26.726,26.776,5763,0
2016-04-06,26.736,27.14,26.676,26.806,6042,0
2016-04-07,26.576,26.966,25.827,26.043,11308,0
2016-04-08,26.102,26.414,25.7,25.718,5040,0
2016-04-11,26.024,26.292,25.698,25.827,7052,0
2016-04-12,25.837,26.192,25.698,26.073,6079,0
2016-04-13,25.945,26.756,25.945,26.736,4629,0
2016-04-14,26.796,27.0,26.616,26.796,8395,0
2016-04-15,26.586,27.31,26.497,27.02,9908,0
2016-04-18,26.913,28.384,26.913,28.324,29689,0
2016-04-19,28.198,28.344,27.3,27.358,14165,0
2016-04-20,27.2,27.416,27.2,27.23,6388,0
2016-04-21,27.24,27.446,26.516,26.516,12816,0
2016-04-22,26.904,31.703,26.766,28.02,143273,0
2016-04-25,27.96,28.593,27.406,27.554,14289,0
2016-04-26,27.06,28.709,26.636,28.637,26926,0
2016-04-27,28.583,29.282,28.583,29.127,6926,0
2016-04-28,29.028,29.581,28.676,28.808,13584,0
2016-04-29,30.32,30.32,28.02,28.55,9085,0
2016-05-02,29.372,30.103,28.384,28.583,11278,0
2016-05-03,28.384,29.038,28.384,28.414,4360,0
2016-05-04,28.384,29.422,28.324,28.384,16352,0
2016-05-05,28.632,28.641,26.884,27.22,11810,0
2016-05-06,27.333,27.347,26.666,26.923,5826,0
2016-05-09,26.923,27.694,26.923,27.604,5358,0
2016-05-10,27.416,27.614,26.686,26.99,5699,0
2016-05-11,27.475,27.812,27.019,27.544,8665,0
2016-05-12,27.83,28.434,27.797,28.148,9260,0
2016-05-13,28.188,30.134,28.188,29.956,19025,0
2016-05-16,30.221,30.306,29.492,30.123,10686,0
2016-05-17,30.044,30.044,28.738,29.008,5794,0
2016-05-18,28.998,29.292,27.754,28.563,4704,0
2016-05-19,27.784,28.57,27.2,27.99,6455,0
2016-05-20,28.088,29.127,27.644,28.583,8489,0
2016-05-23,28.553,29.087,28.238,28.504,10527,0
2016-05-24,28.454,29.542,27.93,29.018,15575,0
2016-05-25,29.038,29.796,28.908,29.609,6318,0
2016-05-26,29.916,29.996,29.485,29.581,2483,0
2016-05-27,28.672,29.068,28.662,29.048,1994,0
2016-05-31,29.175,30.567,29.175,30.074,25623,0
2016-06-01,30.251,30.251,29.097,29.926,3799,0
2016-06-02,29.422,30.38,29.422,30.054,14686,0
2016-06-03,29.881,30.103,28.188,28.394,15236,0
2016-06-06,28.988,29.846,28.612,29.836,13301,0
2016-06-07,29.697,29.916,29.492,29.532,4492,0
2016-06-08,29.502,30.103,29.382,29.619,14331,0
2016-06-09,29.562,29.766,29.174,29.332,13405,0
2016-06-10,28.838,29.737,28.778,29.737,4631,0
2016-06-13,29.422,29.806,29.087,29.532,14524,0
2016-06-14,29.515,30.459,29.048,30.387,19291,0
2016-06-15,30.31,31.199,30.295,30.835,8845,0
2016-06-16,30.845,31.446,29.751,31.373,7644,0
2016-06-17,31.319,31.544,30.957,31.001,14205,0
2016-06-20,31.11,32.256,31.11,31.544,12844,0
2016-06-21,31.358,31.644,30.314,30.646,10297,0
2016-06-22,30.675,30.972,29.362,29.581,6683,0
2016-06-23,29.756,29.996,27.96,28.504,24985,0
2016-06-24,27.32,30.377,27.32,29.202,54214,0
2016-06-27,28.719,28.719,27.426,27.554,11191,0
2016-06-28,27.674,28.229,27.436,27.649,6672,0
2016-06-29,27.803,28.488,27.599,28.488,6864,0
2016-06-30,28.376,30.04,28.224,29.941,11573,0
2016-07-01,30.099,31.623,29.921,30.119,13394,0
2016-07-05,29.595,29.841,29.196,29.712,9392,0
2016-07-06,29.456,29.941,28.124,29.662,8225,0
2016-07-07,29.401,30.247,28.901,29.031,8549,0
2016-07-08,29.336,30.356,29.296,30.316,9696,0
2016-07-11,29.951,30.872,29.901,29.901,8998,0
2016-07-12,30.089,30.728,29.346,29.446,23443,0
2016-07-13,29.356,29.751,29.356,29.566,5145,0
2016-07-14,29.543,29.692,29.543,29.556,2964,0
2016-07-15,29.732,29.732,29.246,29.276,3644,0
2016-07-18,29.011,29.486,28.624,29.446,19359,0
2016-07-19,28.723,29.692,28.723,29.546,7232,0
2016-07-20,29.396,29.771,29.396,29.692,5903,0
2016-07-21,29.726,29.726,29.546,29.556,1033,0
2016-07-22,29.546,29.781,29.496,29.662,6939,0
2016-07-25,29.821,29.821,29.452,29.516,3732,0
2016-07-26,29.595,29.751,29.401,29.595,2038,0
2016-07-27,29.761,29.791,29.655,29.682,6013,0
2016-07-28,29.692,29.712,29.613,29.613,1420,0
2016-07-29,29.692,29.692,29.196,29.276,2571,0
2016-08-01,28.935,29.436,28.506,28.684,9669,0
2016-08-02,28.336,28.647,28.239,28.296,17877,0
2016-08-03,28.276,28.466,28.266,28.466,11534,0
2016-08-04,29.296,29.296,28.6,28.881,3886,0
2016-08-05,28.605,28.66,28.258,28.258,10254,0
2016-08-08,28.446,29.496,28.258,28.266,7775,0
2016-08-09,28.258,28.456,28.016,28.446,4286,0
2016-08-10,28.516,28.516,28.011,28.296,7328,0
2016-08-11,28.249,28.391,27.614,27.684,11263,0
2016-08-12,27.754,28.209,27.614,27.871,4263,0
2016-08-15,28.398,28.398,27.664,28.03,11593,0
2016-08-16,28.366,28.366,27.664,28.199,11597,0
2016-08-17,28.021,28.209,27.803,28.209,2416,0
2016-08-18,27.901,28.04,27.495,27.654,10007,0
2016-08-19,27.744,28.316,27.744,28.089,11188,0
2016-08-22,28.139,28.139,27.827,28.04,5194,0
2016-08-23,27.911,28.109,27.456,28.109,4433,0
2016-08-24,27.961,28.109,27.734,28.059,4000,0
2016-08-25,28.099,28.099,27.804,27.911,1624,0
2016-08-26,28.089,28.109,27.822,28.094,1556,0
2016-08-29,27.856,27.971,27.789,27.851,2619,0
2016-08-30,27.744,28.099,27.724,27.891,7507,0
2016-08-31,27.901,27.992,27.644,27.793,2837,0
2016-09-01,27.485,27.822,27.456,27.664,8571,0
2016-09-02,27.822,27.871,27.704,27.871,1125,0
2016-09-06,27.764,27.825,27.426,27.664,5448,0
2016-09-07,27.554,27.791,27.421,27.514,7920,0
2016-09-08,27.416,27.714,27.416,27.604,5435,0
2016-09-09,27.406,27.634,27.368,27.426,6536,0
2016-09-12,27.368,27.822,27.319,27.784,8656,0
2016-09-13,27.42,27.644,26.299,26.485,6344,0
2016-09-14,26.447,26.618,26.229,26.279,13077,0
2016-09-15,26.378,26.634,26.329,26.329,4384,0
2016-09-16,26.534,27.229,26.534,27.079,18415,0
2016-09-19,27.089,27.505,26.451,27.059,6629,0
2016-09-20,27.219,27.644,26.554,27.387,9717,0
2016-09-21,26.78,27.343,26.544,26.734,9897,0
2016-09-22,26.873,27.219,26.574,26.903,3745,0
2016-09-23,26.794,27.604,26.794,27.269,3712,0
2016-09-26,26.883,26.931,26.779,26.844,1785,0
2016-09-27,26.97,26.984,26.584,26.704,2757,0
2016-09-28,26.594,26.932,26.544,26.624,12525,0
2016-09-29,26.903,27.25,26.734,26.734,3663,0
2016-09-30,26.942,27.16,26.545,26.644,6169,0
2016-10-03,26.696,27.13,26.634,26.784,2574,0
2016-10-04,26.694,27.557,26.465,26.574,4677,0
2016-10-05,26.814,26.814,26.524,26.624,4280,0
2016-10-06,26.485,26.604,26.465,26.534,7300,0
2016-10-07,26.485,26.579,26.485,26.495,4498,0
2016-10-10,26.496,27.44,26.496,26.714,2880,0
2016-10-11,26.624,26.624,26.505,26.505,2359,0
2016-10-12,26.514,26.584,26.514,26.514,839,0
2016-10-13,26.762,26.762,26.514,26.514,1073,0
2016-10-14,26.514,26.834,26.514,26.604,2503,0
2016-10-17,26.564,26.594,26.514,26.594,628,0
2016-10-18,26.505,26.654,26.505,26.654,2256,0
2016-10-19,26.684,27.06,26.684,26.912,8622,0
2016-10-20,26.784,26.863,26.514,26.794,896,0
2016-10-21,26.674,26.854,26.544,26.584,1690,0
2016-10-24,26.801,26.801,26.485,26.634,6848,0
2016-10-25,26.542,26.564,26.328,26.328,2874,0
2016-10-26,26.387,26.674,26.342,26.554,2616,0
2016-10-27,26.313,26.489,25.93,25.93,5385,0
2016-10-28,26.248,27.04,25.871,26.198,7054,0
2016-10-31,25.886,26.088,25.791,25.939,3944,0
2016-11-01,25.989,25.994,25.548,25.692,12709,0
2016-11-02,25.642,25.717,25.543,25.593,6904,0
2016-11-03,25.493,25.593,25.295,25.295,2856,0
2016-11-04,25.24,25.24,24.809,25.047,6958,0
2016-11-07,25.395,25.791,25.395,25.742,3475,0
2016-11-08,25.809,25.939,25.742,25.791,4676,0
2016-11-09,25.791,26.338,25.102,26.338,7890,0
2016-11-10,26.188,27.08,25.747,27.08,7915,0
2016-11-11,26.883,28.42,26.485,28.42,9495,0
2016-11-14,28.52,28.52,26.981,27.28,20660,0
2016-11-15,27.477,27.776,26.288,27.28,4988,0
2016-11-16,26.784,27.28,26.684,27.18,8845,0
2016-11-17,27.08,27.28,26.834,27.28,942,0
2016-11-18,27.576,27.626,27.23,27.626,2702,0
2016-11-21,27.526,27.776,27.477,27.576,6408,0
2016-11-22,27.776,27.776,27.576,27.626,11779,0
2016-11-23,27.726,27.776,27.428,27.726,4009,0
2016-11-25,27.576,27.726,27.23,27.726,3599,0
2016-11-28,27.576,27.576,26.858,26.932,7858,0
2016-11-29,27.03,27.428,26.784,27.23,8200,0
2016-11-30,27.329,27.526,26.883,27.23,3916,0
2016-12-01,27.23,27.497,26.734,27.08,5046,0
2016-12-02,26.883,27.125,25.593,25.642,8264,0
2016-12-05,25.642,26.138,25.543,26.039,6770,0
2016-12-06,26.138,27.526,26.138,27.477,5339,0
2016-12-07,27.526,27.576,27.379,27.379,4333,0
2016-12-08,27.676,28.27,26.908,28.27,12851,0
2016-12-09,28.172,30.049,28.172,29.61,21000,0
2016-12-12,29.858,29.858,28.866,29.312,3666,0
2016-12-13,29.164,29.758,29.164,29.412,9389,0
2016-12-14,29.412,29.412,28.37,28.37,3522,0
2016-12-15,28.618,28.736,28.222,28.222,6501,0
2016-12-16,28.42,29.212,28.077,28.147,12412,0
2016-12-19,28.222,28.717,27.924,28.37,4503,0
2016-12-20,28.717,28.816,27.974,28.816,2648,0
2016-12-21,28.659,28.659,28.024,28.172,1693,0
2016-12-22,27.974,28.222,27.874,27.874,1835,0
2016-12-23,28.072,28.167,27.576,27.825,13733,0
2016-12-27,27.825,28.288,27.825,28.024,5186,0
2016-12-28,28.089,28.102,27.834,27.884,4711,0
2016-12-29,27.865,27.934,26.841,27.188,4619,0
2016-12-30,27.288,27.288,26.596,26.988,5650,0
2017-01-03,27.188,27.735,26.546,26.691,5055,0
2017-01-04,27.088,27.834,26.244,26.244,14051,0
2017-01-05,26.443,27.088,26.443,27.038,6842,0
2017-01-09,26.791,27.013,26.691,26.741,5162,0
2017-01-10,26.841,27.338,26.716,27.038,9356,0
2017-01-11,26.841,27.111,26.691,26.691,7231,0
2017-01-12,26.691,26.841,26.294,26.393,8194,0
2017-01-13,26.393,26.541,26.269,26.343,10341,0
2017-01-17,26.244,26.531,26.244,26.393,4862,0
2017-01-18,26.343,26.443,26.249,26.343,2193,0
2017-01-19,26.393,26.443,26.244,26.244,4320,0
2017-01-20,26.194,26.886,26.194,26.343,5324,0
2017-01-23,26.296,26.443,26.294,26.443,1530,0
2017-01-24,26.249,26.715,26.249,26.343,9845,0
2017-01-25,26.642,26.642,26.194,26.443,7385,0
2017-01-26,26.443,26.492,26.249,26.492,3762,0
2017-01-27,26.204,26.516,26.144,26.393,2768,0
2017-01-30,26.343,26.448,26.094,26.194,7514,0
2017-01-31,26.286,27.138,26.286,26.791,3442,0
2017-02-01,27.183,27.338,26.646,26.841,4279,0
2017-02-02,27.088,27.685,26.841,27.462,12574,0
2017-02-03,27.388,27.98,26.541,27.785,2954,0
2017-02-06,27.238,27.834,27.138,27.138,2356,0
2017-02-07,27.243,27.437,27.243,27.437,1243,0
2017-02-08,27.088,27.088,26.194,26.194,10688,0
2017-02-09,25.945,26.741,25.876,25.945,12442,0
2017-02-10,26.045,26.343,25.945,26.144,10385,0
2017-02-13,26.326,26.348,25.995,26.094,6256,0
2017-02-14,25.995,25.995,25.498,25.598,8172,0
2017-02-15,25.399,25.945,25.399,25.945,3777,0
2017-02-16,26.094,26.791,25.647,26.119,9679,0
2017-02-17,26.393,26.492,25.796,26.144,8335,0
2017-02-21,26.094,26.258,25.796,25.995,8382,0
2017-02-22,25.896,25.896,25.697,25.896,2740,0
2017-02-23,25.9,26.144,25.598,25.945,4067,0
2017-02-24,25.796,25.796,25.548,25.747,2785,0
2017-02-27,25.647,25.796,25.448,25.598,7044,0
2017-02-28,25.796,25.796,25.349,25.448,6724,0
2017-03-01,26.045,26.045,25.647,25.697,5762,0
2017-03-02,25.749,25.749,25.399,25.448,8957,0
2017-03-03,25.697,25.846,25.647,25.747,3610,0
2017-03-06,25.896,25.945,25.399,25.647,7259,0
2017-03-07,25.747,25.747,25.573,25.647,8236,0
2017-03-08,25.747,25.846,25.399,25.399,4769,0
2017-03-09,25.498,25.747,25.349,25.598,7103,0
2017-03-10,25.647,25.796,25.448,25.548,6229,0
2017-03-13,26.094,26.443,25.498,25.647,8316,0
2017-03-14,25.647,25.821,25.548,25.647,4806,0
2017-03-15,26.244,26.244,25.598,25.747,7663,0
2017-03-16,25.647,25.995,25.647,25.846,5999,0
2017-03-17,25.747,26.294,25.598,25.846,19974,0
2017-03-20,26.094,26.094,25.846,25.945,9431,0
2017-03-21,25.995,26.094,25.846,25.846,3964,0
2017-03-22,25.896,25.896,25.598,25.647,5587,0
2017-03-23,25.647,26.094,25.647,25.796,2646,0
2017-03-24,25.747,26.094,25.647,25.647,4900,0
2017-03-27,25.598,25.945,25.598,25.796,4451,0
2017-03-28,25.747,26.294,25.747,26.294,3506,0
2017-03-29,26.004,26.428,26.004,26.254,5346,0
2017-03-30,26.314,26.502,26.054,26.254,8578,0
2017-03-31,26.204,26.403,26.154,26.304,5976,0
2017-04-03,26.154,26.652,26.154,26.602,10746,0
2017-04-04,27.537,27.537,26.652,26.802,3647,0
2017-04-05,27.1,27.241,26.154,26.304,7922,0
2017-04-06,26.403,26.802,26.403,26.752,3669,0
2017-04-07,26.852,27.05,26.702,26.702,2437,0
2017-04-10,26.802,26.802,26.702,26.802,4277,0
2017-04-11,26.702,27.748,26.702,27.748,3273,0
2017-04-12,27.748,27.798,27.3,27.3,3884,0
2017-04-13,27.482,27.748,27.482,27.499,3592,0
2017-04-17,27.698,27.998,27.698,27.998,5812,0
2017-04-18,27.698,28.146,27.25,28.096,6773,0
2017-04-19,28.196,28.546,28.046,28.446,9731,0
2017-04-20,30.338,30.338,28.694,29.292,18268,0
2017-04-21,29.342,29.99,29.342,29.542,10739,0
2017-04-24,29.84,30.239,29.592,30.139,5289,0
2017-04-25,30.189,30.289,29.84,29.84,8674,0
2017-04-26,29.94,30.04,29.79,29.99,9225,0
2017-04-27,30.09,30.09,29.89,29.99,4375,0
2017-04-28,29.94,29.94,29.765,29.84,2562,0
2017-05-01,29.79,29.79,29.143,29.592,17373,0
2017-05-02,29.442,29.79,29.442,29.79,2846,0
2017-05-03,29.592,29.89,29.592,29.641,5133,0
2017-05-04,29.741,29.84,29.641,29.691,3076,0
2017-05-05,29.79,30.139,29.741,30.139,6344,0
2017-05-08,30.04,30.289,30.04,30.189,3728,0
2017-05-09,30.189,30.388,29.661,30.338,14008,0
2017-05-10,30.833,31.185,30.785,31.036,4974,0
2017-05-11,30.737,31.385,30.737,31.385,14859,0
2017-05-12,31.758,33.079,31.758,32.281,15364,0
2017-05-15,32.281,32.829,32.281,32.531,4396,0
2017-05-16,32.73,32.73,30.941,31.086,5371,0
2017-05-17,31.783,31.783,29.392,29.392,10495,0
2017-05-18,29.492,30.229,29.492,30.09,7516,0
2017-05-19,30.09,30.986,30.09,30.538,9148,0
2017-05-22,30.662,30.687,30.438,30.488,2594,0
2017-05-23,30.687,30.687,30.189,30.189,3677,0
2017-05-24,30.538,30.906,30.04,30.04,2790,0
2017-05-25,30.289,30.488,29.542,29.741,10349,0
2017-05-26,29.592,29.592,29.492,29.542,4034,0
2017-05-30,29.741,29.741,29.392,29.392,3867,0
2017-05-31,30.239,30.289,29.84,29.84,4948,0
2017-06-01,29.99,30.139,29.94,29.99,8053,0
2017-06-02,30.09,30.588,29.741,30.588,5784,0
2017-06-05,30.588,30.588,29.99,30.189,7976,0
2017-06-06,30.04,30.638,30.04,30.588,4877,0
2017-06-07,30.189,30.338,30.189,30.338,1700,0
2017-06-08,30.338,30.687,30.338,30.488,12325,0
2017-06-09,30.239,31.459,30.239,31.435,6694,0
2017-06-12,31.484,31.983,31.484,31.783,5920,0
2017-06-13,31.933,31.983,30.787,31.933,4798,0
2017-06-14,31.435,31.928,31.235,31.684,5283,0
2017-06-15,31.136,31.733,31.136,31.733,10465,0
2017-06-16,31.235,31.534,31.086,31.385,23334,0
2017-06-19,31.185,31.39,30.891,31.036,24381,0
2017-06-20,30.936,31.534,30.936,31.235,6361,0
2017-06-21,31.435,31.592,31.185,31.385,5323,0
2017-06-22,31.235,31.567,31.235,31.335,3694,0
2017-06-23,31.36,31.634,31.086,31.484,28580,0
2017-06-26,31.684,31.684,31.584,31.649,2527,0
2017-06-27,32.481,32.481,31.235,31.435,4172,0
2017-06-28,31.801,31.801,31.295,31.395,2925,0
2017-06-29,31.544,31.665,30.945,30.945,8311,0
2017-06-30,31.145,31.769,31.045,31.245,6392,0
2017-07-03,31.469,31.594,31.37,31.594,2632,0
2017-07-05,31.484,31.484,31.02,31.02,1853,0
2017-07-06,31.045,31.045,30.147,30.197,8779,0
2017-07-07,30.297,30.446,30.222,30.446,5130,0
2017-07-10,30.446,30.696,30.446,30.446,4378,0
2017-07-11,30.446,30.616,30.446,30.596,7091,0
2017-07-12,30.721,30.796,30.695,30.696,3919,0
2017-07-13,30.396,30.796,30.396,30.796,2747,0
2017-07-14,30.786,31.295,30.786,31.295,1609,0
2017-07-17,31.444,31.994,31.444,31.794,3301,0
2017-07-18,31.744,31.969,31.744,31.794,1704,0
2017-07-19,31.894,32.493,31.894,32.493,1092,0
2017-07-20,32.692,32.892,32.243,32.443,1332,0
2017-07-21,32.742,33.042,32.243,32.243,11342,0
2017-07-24,32.293,32.746,29.847,29.947,25863,0
2017-07-25,30.147,30.945,30.147,30.346,7342,0
2017-07-26,30.895,30.945,30.047,30.147,5447,0
2017-07-27,30.147,30.326,29.698,30.326,3898,0
2017-07-28,30.546,31.045,30.446,30.846,3144,0
2017-07-31,30.147,30.147,30.147,30.147,1071,0
2017-08-01,30.197,30.895,30.197,30.895,3099,0
2017-08-02,30.871,30.945,30.846,30.945,3762,0
2017-08-03,30.945,30.945,30.601,30.646,1855,0
2017-08-04,30.047,30.272,30.047,30.272,1069,0
2017-08-07,30.147,30.796,30.047,30.546,6081,0
2017-08-08,30.396,30.546,30.022,30.496,3793,0
2017-08-09,30.097,31.195,29.997,30.995,6301,0
2017-08-10,31.045,31.195,30.895,30.995,3562,0
2017-08-11,30.846,30.968,30.846,30.895,2370,0
2017-08-14,31.045,31.494,31.045,31.494,4125,0
2017-08-15,31.37,32.043,31.245,31.494,14064,0
2017-08-16,31.794,32.193,31.794,32.143,2279,0
2017-08-17,31.944,31.944,31.444,31.644,5285,0
2017-08-18,31.544,31.744,31.345,31.345,6092,0
2017-08-21,31.444,31.56,31.444,31.544,2667,0
2017-08-22,31.544,31.744,31.544,31.744,1587,0
2017-08-23,31.444,31.644,31.045,31.245,2882,0
2017-08-24,31.494,31.544,31.145,31.544,4325,0
2017-08-25,31.395,32.193,31.395,31.844,4283,0
2017-08-28,31.844,32.243,31.794,31.944,6289,0
2017-08-29,31.894,32.043,31.444,32.043,3164,0
2017-08-30,32.068,32.393,32.068,32.093,5688,0
2017-08-31,32.093,32.393,31.145,31.944,6488,0
2017-09-01,31.944,32.143,31.844,32.143,3224,0
2017-09-05,31.744,32.642,31.744,32.093,25688,0
2017-09-06,31.944,32.942,31.944,32.842,28031,0
2017-09-07,32.592,32.892,31.295,32.692,12289,0
2017-09-08,32.543,32.543,29.598,29.698,40659,0
2017-09-11,29.198,32.592,29.198,32.592,23635,0
2017-09-12,32.742,34.04,32.493,33.491,22681,0
2017-09-13,33.191,33.191,30.945,31.894,32436,0
2017-09-14,32.043,34.339,32.043,33.94,27706,0
2017-09-15,33.99,34.284,30.945,31.245,72909,0
2017-09-18,30.446,32.543,30.446,31.994,20134,0
2017-09-19,31.944,32.792,31.844,32.393,10349,0
2017-09-20,32.043,33.341,32.043,33.191,10583,0
2017-09-21,33.441,33.74,32.642,32.642,8177,0
2017-09-22,31.794,33.89,31.794,33.141,10791,0
2017-09-25,33.241,33.89,33.241,33.591,13744,0
2017-09-26,33.84,34.739,33.84,34.439,7087,0
2017-09-27,34.208,34.339,33.291,33.99,15971,0
2017-09-28,33.8,34.7,33.8,34.45,7133,0
2017-09-29,33.95,34.45,33.7,34.15,5477,0
2017-10-02,34.5,34.6,34.3,34.6,5007,0
2017-10-03,34.6,34.65,34.4,34.5,3660,0
2017-10-04,34.35,34.65,33.95,34.4,3476,0
2017-10-05,34.3,34.575,34.0,34.25,11155,0
2017-10-06,34.0,34.35,33.7,34.1,2043,0
2017-10-09,33.75,34.4,33.35,33.55,20515,0
2017-10-10,33.9,34.65,33.85,34.6,5613,0
2017-10-11,34.4,34.65,34.4,34.65,3013,0
2017-10-12,34.5,34.65,34.35,34.35,1233,0
2017-10-13,33.2,34.55,33.2,34.15,7233,0
2017-10-16,33.8,34.4,33.8,34.4,4067,0
2017-10-17,34.6,34.6,34.0,34.05,4615,0
2017-10-18,34.0,34.5,33.85,34.4,18908,0
2017-10-19,33.8,33.8,32.95,33.25,4977,0
2017-10-20,33.7,33.7,33.3,33.3,2809,0
2017-10-23,33.35,33.7,32.1,32.15,12425,0
2017-10-24,32.7,33.3,32.05,32.35,4682,0
2017-10-25,32.35,32.65,32.3,32.65,1499,0
2017-10-26,32.55,32.7,32.45,32.6,1654,0
2017-10-27,33.35,33.65,32.7,33.55,6677,0
2017-10-30,33.6,33.6,32.55,32.55,2374,0
2017-10-31,32.95,33.075,32.5,32.9,5281,0
2017-11-01,32.55,32.7,31.6,31.75,7542,0
2017-11-02,31.54,31.8,31.54,31.75,5434,0
2017-11-03,31.9,32.0,31.6,31.6,5192,0
2017-11-06,31.85,31.95,31.45,31.65,5339,0
2017-11-07,31.7,31.92,31.2,31.2,6840,0
2017-11-08,31.2,31.7,31.2,31.4,6780,0
2017-11-09,31.2,32.3,31.2,32.25,1775,0
2017-11-10,32.4,32.4,32.4,32.4,309,0
