Date,Open,High,Low,Close,Volume,OpenInt
2014-01-02,98.775,101.0,98.508,99.218,74681,0
2014-01-03,99.288,102.66,98.488,101.9,108741,0
2014-01-06,102.22,103.15,98.469,99.179,112386,0
2014-01-07,99.57,100.59,98.319,99.099,102471,0
2014-01-08,100.55,100.55,96.543,98.171,164421,0
2014-01-09,95.185,98.498,93.904,95.395,228292,0
2014-01-10,94.872,97.54,93.784,97.246,177749,0
2014-01-13,96.696,98.23,95.195,96.742,106737,0
2014-01-14,96.909,98.06,96.13,97.736,109509,0
2014-01-15,97.667,98.488,96.188,97.113,78691,0
2014-01-16,96.666,97.598,94.881,95.64,109105,0
2014-01-17,95.794,97.034,95.345,96.714,177963,0
2014-01-21,97.784,98.696,97.121,97.549,116223,0
2014-01-22,97.923,100.0,97.354,99.65,77200,0
2014-01-23,98.864,100.05,98.01,99.407,88608,0
2014-01-24,98.528,99.82,97.286,98.083,98418,0
2014-01-27,97.824,99.427,94.497,95.545,86369,0
2014-01-28,95.451,97.296,95.022,96.139,73466,0
2014-01-29,94.674,97.083,91.3,93.409,156105,0
2014-01-30,84.423,85.67,76.141,85.345,799285,0
2014-01-31,84.406,87.165,84.376,85.407,290668,0
2014-02-03,85.623,85.971,82.427,84.357,285073,0
2014-02-04,85.015,85.015,82.872,84.114,166331,0
2014-02-05,82.746,83.964,81.947,83.158,253378,0
2014-02-06,83.562,85.541,83.028,84.782,175706,0
2014-02-07,85.165,87.678,84.406,86.093,167500,0
2014-02-10,86.393,86.393,84.534,85.56,130638,0
2014-02-11,85.345,86.938,85.267,86.674,112534,0
2014-02-12,87.155,87.323,85.999,86.263,86468,0
2014-02-13,85.015,87.773,85.015,87.763,166316,0
2014-02-14,87.82,89.959,86.553,89.03,118186,0
2014-02-18,89.123,89.395,87.218,87.274,81550,0
2014-02-19,86.891,88.616,85.943,86.948,99787,0
2014-02-20,87.534,89.358,86.706,88.813,80005,0
2014-02-21,89.264,91.29,88.316,90.388,109383,0
2014-02-24,90.145,91.027,89.459,90.032,93276,0
2014-02-25,91.672,96.705,89.742,95.122,175836,0
2014-02-26,95.355,96.081,90.969,95.233,93935,0
2014-02-27,95.65,95.899,93.193,93.324,74538,0
2014-02-28,93.672,94.506,92.508,93.089,237218,0
2014-03-03,92.801,94.625,92.499,92.713,222454,0
2014-03-04,94.702,97.873,94.082,96.782,235497,0
2014-03-05,96.563,96.563,94.244,95.307,164972,0
2014-03-06,98.29,102.58,97.804,101.83,197347,0
2014-03-07,97.598,103.53,97.598,102.48,149934,0
2014-03-10,102.55,104.0,101.28,102.1,176552,0
2014-03-11,101.91,103.96,101.23,102.63,243475,0
2014-03-12,102.17,103.53,101.22,102.69,148034,0
2014-03-13,103.15,103.15,98.368,100.49,198464,0
2014-03-14,101.23,101.37,99.59,101.06,213412,0
2014-03-17,101.67,103.78,100.32,103.33,152451,0
2014-03-18,103.68,105.44,103.47,103.97,98431,0
2014-03-19,103.89,104.47,101.54,102.38,119055,0
2014-03-20,102.48,104.24,101.21,103.53,119316,0
2014-03-21,103.27,104.1,100.87,101.35,133638,0
2014-03-24,100.69,102.73,100.39,102.04,96830,0
2014-03-25,102.38,103.99,101.05,102.72,82323,0
2014-03-26,103.77,103.77,101.13,101.14,97353,0
2014-03-27,100.65,102.34,99.377,101.89,116571,0
2014-03-28,102.11,104.34,100.97,101.74,70740,0
2014-03-31,103.24,105.38,102.49,104.98,98299,0
2014-04-01,105.18,108.26,104.66,107.91,109809,0
2014-04-02,108.15,109.75,106.91,107.47,135131,0
2014-04-03,107.4,108.44,105.11,107.18,77350,0
2014-04-04,107.44,108.95,103.12,103.97,86879,0
2014-04-07,103.58,104.29,102.23,103.42,133343,0
2014-04-08,107.91,108.4,104.47,107.89,210359,0
2014-04-09,108.59,110.33,105.86,110.09,124209,0
2014-04-10,110.4,110.79,107.0,108.1,88445,0
2014-04-11,107.29,110.98,105.93,106.86,120626,0
2014-04-14,105.49,108.19,104.76,106.49,69738,0
2014-04-15,105.72,107.23,103.25,106.39,161906,0
2014-04-16,106.87,109.65,104.96,109.21,83448,0
2014-04-17,109.19,109.51,106.94,108.73,81747,0
2014-04-21,108.71,110.73,107.47,108.96,33678,0
2014-04-22,110.03,112.72,108.66,111.19,95943,0
2014-04-23,112.54,113.1,110.71,112.12,125999,0
2014-04-24,113.7,115.67,108.8,111.97,180783,0
2014-04-25,111.53,111.64,108.91,109.64,116337,0
2014-04-28,109.77,111.58,107.95,109.57,119623,0
2014-04-29,110.02,110.06,107.3,108.98,93169,0
2014-04-30,108.23,110.69,108.23,110.15,77605,0
2014-05-01,110.3,111.06,108.54,109.35,127597,0
2014-05-02,109.52,111.18,108.78,110.07,116854,0
2014-05-05,109.28,110.86,108.26,109.36,97972,0
2014-05-06,109.54,110.17,107.52,108.03,95547,0
2014-05-07,108.33,108.46,106.18,108.43,90199,0
2014-05-08,108.58,109.96,107.33,108.01,107226,0
2014-05-09,108.19,108.99,106.94,108.61,64220,0
2014-05-12,108.66,111.5,108.66,111.13,98270,0
2014-05-13,109.98,111.52,109.98,110.12,92307,0
2014-05-14,110.32,110.32,106.46,107.3,135760,0
2014-05-15,106.83,108.76,105.18,108.07,121622,0
2014-05-16,107.71,108.63,106.69,108.51,57588,0
2014-05-19,108.31,110.66,107.99,110.12,102276,0
2014-05-20,109.64,110.38,106.95,107.93,74065,0
2014-05-21,108.17,109.35,106.86,108.04,90912,0
2014-05-22,108.19,109.51,107.74,108.99,83979,0
2014-05-23,109.22,111.69,108.01,109.63,117993,0
2014-05-27,109.57,111.0,109.57,110.65,87118,0
2014-05-28,110.2,110.55,107.96,109.45,206319,0
2014-05-29,110.12,110.98,107.53,108.94,148229,0
2014-05-30,108.85,109.41,107.18,107.85,235979,0
2014-06-02,107.94,112.09,107.69,111.7,125606,0
2014-06-03,111.57,113.12,110.24,111.24,157543,0
2014-06-04,110.98,113.1,110.49,112.17,99394,0
2014-06-05,112.23,113.65,110.75,113.19,103895,0
2014-06-06,113.73,116.86,113.04,116.33,127983,0
2014-06-09,115.97,116.84,115.44,115.8,96424,0
2014-06-10,115.73,116.34,115.6,115.67,100018,0
2014-06-11,115.13,115.13,112.57,113.17,77147,0
2014-06-12,112.58,112.92,107.07,107.87,127149,0
2014-06-13,107.88,110.39,107.51,109.12,84089,0
2014-06-16,108.38,109.43,106.11,106.56,103692,0
2014-06-17,106.2,107.98,106.13,106.87,99718,0
2014-06-18,107.28,108.46,105.89,108.17,105208,0
2014-06-19,107.59,111.06,107.59,110.94,185981,0
2014-06-20,111.09,111.38,108.9,110.08,326707,0
2014-06-23,109.86,110.41,107.87,109.65,91835,0
2014-06-24,109.7,111.85,108.9,109.28,141383,0
2014-06-25,108.9,111.21,108.61,110.98,126818,0
2014-06-26,111.51,112.12,109.76,110.74,99403,0
2014-06-27,109.99,112.65,109.73,112.17,219635,0
2014-06-30,112.52,112.77,109.57,110.44,132821,0
2014-07-01,110.91,113.75,110.4,113.0,91671,0
2014-07-02,112.54,112.54,109.45,110.04,78480,0
2014-07-03,110.59,111.6,110.04,110.34,46657,0
2014-07-07,110.35,110.88,108.36,108.78,111887,0
2014-07-08,108.89,111.57,106.72,111.24,138422,0
2014-07-09,112.17,114.55,111.71,114.38,141556,0
2014-07-10,112.94,115.6,112.57,114.81,96523,0
2014-07-11,114.32,115.75,113.93,114.21,39625,0
2014-07-14,115.55,115.55,113.0,113.27,70247,0
2014-07-15,113.68,115.0,112.54,114.75,75878,0
2014-07-16,115.64,116.02,112.94,113.43,57578,0
2014-07-17,114.55,114.88,110.71,111.01,113209,0
2014-07-18,110.75,113.86,110.75,113.28,95641,0
2014-07-21,114.42,114.66,111.87,113.78,77375,0
2014-07-22,114.42,114.88,113.68,114.73,88785,0
2014-07-23,114.43,117.81,114.43,117.08,106669,0
2014-07-24,112.4,114.48,107.78,108.7,220445,0
2014-07-25,108.38,111.89,108.38,110.87,154297,0
2014-07-28,111.31,111.44,109.86,110.64,133820,0
2014-07-29,110.78,112.02,109.94,110.69,105162,0
2014-07-30,111.64,113.45,110.66,111.54,139467,0
2014-07-31,112.21,112.21,110.26,110.43,110455,0
2014-08-01,110.98,111.59,108.6,110.84,110132,0
2014-08-04,111.4,111.56,108.9,110.23,106081,0
2014-08-05,109.56,112.47,109.12,110.03,110508,0
2014-08-06,109.93,112.79,108.79,112.01,131236,0
2014-08-07,112.39,112.6,109.86,110.66,112072,0
2014-08-08,110.79,113.16,109.09,112.5,131110,0
2014-08-11,112.98,114.8,111.53,114.49,118508,0
2014-08-12,113.94,115.6,113.47,114.03,83539,0
2014-08-13,112.61,115.42,112.61,115.41,65155,0
2014-08-14,115.55,116.29,114.35,116.1,88561,0
2014-08-15,117.2,118.18,113.46,115.79,94568,0
2014-08-18,117.01,119.29,116.94,118.86,68892,0
2014-08-19,119.32,120.4,118.27,119.14,142917,0
2014-08-20,118.58,120.31,118.55,119.46,170813,0
2014-08-21,119.24,119.24,116.59,117.16,168667,0
2014-08-22,116.79,118.45,116.3,118.04,174230,0
2014-08-25,118.4,118.83,117.47,118.31,94847,0
2014-08-26,118.56,118.78,116.13,116.69,84175,0
2014-08-27,116.46,118.29,115.72,116.48,108639,0
2014-08-28,116.11,117.23,114.73,115.68,85458,0
2014-08-29,116.29,116.29,114.29,115.22,83444,0
2014-09-02,115.73,119.22,115.2,118.98,151964,0
2014-09-03,118.82,118.82,116.05,118.36,97393,0
2014-09-04,118.92,120.3,117.12,117.52,87067,0
2014-09-05,117.08,118.71,115.78,118.22,57343,0
2014-09-08,118.49,118.94,117.7,118.72,78370,0
2014-09-09,118.27,118.82,117.6,117.97,70256,0
2014-09-10,118.42,119.44,116.91,118.87,47381,0
2014-09-11,117.83,119.65,116.84,118.2,99943,0
2014-09-12,118.88,120.56,117.14,117.93,131458,0
2014-09-15,118.18,120.51,116.14,116.29,127574,0
2014-09-16,115.39,116.94,114.33,116.13,96326,0
2014-09-17,116.14,117.37,115.28,117.29,116820,0
2014-09-18,117.36,118.29,117.16,117.9,91722,0
2014-09-19,118.05,119.25,116.59,117.01,218669,0
2014-09-22,117.06,117.23,116.48,116.74,115802,0
2014-09-23,116.75,117.36,114.93,116.06,250672,0
2014-09-24,115.3,118.25,115.3,117.58,162511,0
2014-09-25,117.59,117.95,115.72,115.97,185144,0
2014-09-26,116.62,117.13,115.3,116.47,92433,0
2014-09-29,115.48,116.3,115.07,115.72,45026,0
2014-09-30,116.08,117.23,115.41,115.97,166420,0
2014-10-01,115.59,115.59,112.36,113.49,137663,0
2014-10-02,113.19,114.87,111.78,112.77,233568,0
2014-10-03,114.58,115.64,113.61,114.5,160745,0
2014-10-06,114.85,115.57,111.44,111.52,131651,0
2014-10-07,110.96,112.23,108.84,109.05,205852,0
2014-10-08,108.27,108.56,103.42,103.87,716897,0
2014-10-09,103.49,103.8,101.84,102.7,165327,0
2014-10-10,102.01,104.29,101.46,102.23,238482,0
2014-10-13,102.79,103.2,98.03,98.557,240058,0
2014-10-14,99.55,103.82,98.904,102.38,152817,0
2014-10-15,100.56,105.44,100.1,104.56,192489,0
2014-10-16,102.5,106.72,102.5,105.82,114099,0
2014-10-17,105.92,107.45,104.43,105.06,84185,0
2014-10-20,105.14,110.68,105.07,110.54,219793,0
2014-10-21,111.55,113.7,110.12,113.45,129835,0
2014-10-22,113.78,114.4,111.56,112.83,118111,0
2014-10-23,113.69,116.15,111.72,114.28,248181,0
2014-10-24,114.4,115.26,112.75,114.53,161164,0
2014-10-27,114.44,118.02,113.89,117.79,203695,0
2014-10-28,118.26,121.59,117.08,121.22,181779,0
2014-10-29,120.95,121.87,118.84,120.96,128458,0
2014-10-30,120.8,121.87,118.82,120.75,137743,0
2014-10-31,123.27,125.76,121.9,125.15,162686,0
2014-11-03,125.02,126.66,124.1,126.23,155138,0
2014-11-04,126.43,130.04,126.15,128.78,243193,0
2014-11-05,130.2,130.2,126.54,126.92,152586,0
2014-11-06,127.58,128.35,125.95,127.57,206282,0
2014-11-07,127.55,127.55,125.57,126.28,142580,0
2014-11-10,126.04,128.79,124.14,128.5,219161,0
2014-11-11,128.81,129.62,126.58,127.39,196317,0
2014-11-12,126.92,127.74,125.14,125.62,198950,0
2014-11-13,126.34,127.16,124.66,125.02,129955,0
2014-11-14,124.57,126.27,123.37,123.67,137108,0
2014-11-17,124.32,126.28,123.18,123.32,172867,0
2014-11-18,124.33,127.22,123.83,126.51,157112,0
2014-11-19,126.61,126.85,123.59,124.84,112974,0
2014-11-20,124.46,124.88,122.9,124.33,74108,0
2014-11-21,125.88,125.88,122.95,124.3,106344,0
2014-11-24,125.15,126.67,124.49,126.54,131313,0
2014-11-25,127.25,127.92,124.71,126.52,74533,0
2014-11-26,126.59,127.17,125.84,126.24,76432,0
2014-11-28,130.36,135.16,130.27,131.52,113847,0
2014-12-01,131.31,132.79,129.15,130.28,154528,0
2014-12-02,131.76,133.74,129.19,131.04,206801,0
2014-12-03,130.32,132.37,130.19,131.64,118073,0
2014-12-04,132.36,136.4,129.87,135.13,247419,0
2014-12-05,136.44,137.5,132.71,133.68,165670,0
2014-12-08,134.57,136.9,132.68,134.56,132531,0
2014-12-09,132.81,132.81,128.23,130.23,204452,0
2014-12-10,128.97,131.52,125.62,126.03,174483,0
2014-12-11,126.85,129.9,126.83,128.29,121912,0
2014-12-12,127.56,128.07,126.34,127.09,116642,0
2014-12-15,128.5,129.61,126.3,128.35,137827,0
2014-12-16,128.76,129.74,126.34,129.45,192738,0
2014-12-17,131.12,136.9,130.59,136.08,284936,0
2014-12-18,136.23,136.92,134.71,135.53,137771,0
2014-12-19,134.89,136.59,132.88,133.44,224635,0
2014-12-22,133.93,136.22,133.36,135.72,129993,0
2014-12-23,135.44,136.1,133.55,134.43,162574,0
2014-12-24,134.44,138.23,134.44,137.75,99369,0
2014-12-26,137.81,138.62,136.45,138.39,131717,0
2014-12-29,138.16,140.36,137.03,139.13,159642,0
2014-12-30,140.55,141.42,138.59,140.85,99188,0
2014-12-31,141.51,145.33,141.08,143.58,266485,0
2015-01-02,145.06,145.73,140.74,143.15,177871,0
2015-01-05,140.94,143.55,140.77,141.97,168142,0
2015-01-06,142.79,142.86,138.03,141.21,181325,0
2015-01-07,141.85,143.38,139.3,143.26,166194,0
2015-01-08,144.6,150.14,144.6,148.33,262683,0
2015-01-09,148.74,150.5,146.93,148.16,189801,0
2015-01-12,149.0,149.72,146.25,147.44,149583,0
2015-01-13,149.26,155.91,148.54,151.19,196371,0
2015-01-14,149.77,153.01,146.54,149.08,186007,0
2015-01-15,151.93,156.36,149.8,153.53,261203,0
2015-01-16,156.3,156.3,151.96,155.91,180027,0
2015-01-20,157.03,163.69,157.03,163.68,260739,0
2015-01-21,160.57,166.71,160.57,163.46,463605,0
2015-01-22,166.77,167.71,164.54,166.04,323492,0
2015-01-23,165.98,166.75,164.28,166.45,223693,0
2015-01-26,166.45,169.52,165.04,169.37,148495,0
2015-01-27,168.28,174.72,166.69,174.23,229355,0
2015-01-28,175.19,176.99,167.84,168.67,415348,0
2015-01-29,169.53,172.85,165.79,172.58,245322,0
2015-01-30,170.84,175.71,167.2,173.14,315183,0
2015-02-02,172.17,172.43,166.24,171.68,232668,0
2015-02-03,171.42,172.59,165.64,166.03,280695,0
2015-02-04,166.19,172.12,166.03,170.96,176159,0
2015-02-05,171.88,171.89,167.26,169.77,155513,0
2015-02-06,168.97,171.93,167.68,168.99,151267,0
2015-02-09,167.96,168.7,165.37,167.45,89585,0
2015-02-10,168.76,171.93,168.32,171.01,123385,0
2015-02-11,170.49,174.26,170.02,173.38,135824,0
2015-02-12,174.0,175.82,171.32,174.3,117517,0
2015-02-13,173.03,173.64,169.83,170.41,137121,0
2015-02-17,169.93,171.93,165.97,166.97,119208,0
2015-02-18,166.97,168.83,165.37,168.77,154201,0
2015-02-19,171.84,173.6,170.63,172.46,159675,0
2015-02-20,173.14,176.69,172.02,176.49,98598,0
2015-02-23,177.3,179.57,174.41,177.93,145986,0
2015-02-24,177.04,180.32,176.38,180.11,96932,0
2015-02-25,181.11,181.11,172.75,173.33,109108,0
2015-02-26,173.34,176.55,172.48,176.25,96328,0
2015-02-27,174.89,178.08,173.93,175.38,145062,0
2015-03-02,175.69,179.63,175.02,178.64,115952,0
2015-03-03,177.5,179.11,175.11,178.36,133203,0
2015-03-04,177.16,178.04,175.52,176.74,97025,0
2015-03-05,176.98,181.73,175.7,181.47,129856,0
2015-03-06,181.09,182.0,177.51,178.03,157565,0
2015-03-09,178.86,183.7,178.64,182.91,147005,0
2015-03-10,182.72,185.11,179.44,183.41,140104,0
2015-03-11,183.42,184.34,181.79,183.77,132471,0
2015-03-12,183.94,188.87,182.17,187.22,170214,0
2015-03-13,187.21,188.88,185.06,186.44,131111,0
2015-03-16,186.44,188.6,185.13,187.38,194576,0
2015-03-17,187.08,188.99,185.9,188.74,211620,0
2015-03-18,188.83,190.52,184.13,185.54,187988,0
2015-03-19,186.26,188.74,184.63,185.26,156728,0
2015-03-20,186.59,187.33,183.36,186.18,253858,0
2015-03-23,187.38,188.54,184.4,187.77,185584,0
2015-03-24,186.97,188.81,184.89,186.39,113546,0
2015-03-25,188.39,188.39,179.64,180.47,104660,0
2015-03-26,178.34,181.57,174.68,180.03,87512,0
2015-03-27,180.69,186.43,180.69,184.07,89393,0
2015-03-30,184.34,187.34,183.31,186.46,86361,0
2015-03-31,186.12,186.44,181.4,183.93,123480,0
2015-04-01,183.03,183.05,171.29,171.84,216847,0
2015-04-02,172.99,175.74,154.34,154.85,526327,0
2015-04-06,156.86,162.38,155.92,159.36,566371,0
2015-04-07,159.15,161.35,157.34,159.93,208078,0
2015-04-08,161.18,164.44,160.24,162.07,312410,0
2015-04-09,162.27,163.23,159.21,161.28,216356,0
2015-04-10,162.45,162.45,158.97,160.9,150559,0
2015-04-13,160.2,165.04,160.2,161.74,129856,0
2015-04-14,161.86,162.49,159.9,160.82,189139,0
2015-04-15,161.78,162.86,159.98,160.69,167190,0
2015-04-16,160.97,164.59,160.68,161.1,119432,0
2015-04-17,160.46,161.67,159.42,160.06,122328,0
2015-04-20,161.47,162.55,159.06,161.51,148622,0
2015-04-21,162.14,162.84,160.58,161.6,150884,0
2015-04-22,163.48,163.48,160.27,160.55,176808,0
2015-04-23,162.94,163.25,156.91,159.76,201582,0
2015-04-24,159.76,161.74,157.46,160.8,147048,0
2015-04-27,159.74,161.44,154.14,157.15,180877,0
2015-04-28,156.85,159.81,153.25,157.26,172169,0
2015-04-29,156.97,157.07,149.49,152.65,136967,0
2015-04-30,152.11,153.92,146.35,147.07,237129,0
2015-05-01,147.23,152.2,147.06,150.91,214754,0
2015-05-04,152.68,154.59,150.57,152.95,271840,0
2015-05-05,152.21,154.43,148.26,149.62,176384,0
2015-05-06,152.75,152.75,147.08,151.39,179944,0
2015-05-07,150.8,155.89,149.4,155.01,161398,0
2015-05-08,156.08,159.1,155.05,157.28,200640,0
2015-05-11,157.34,161.21,157.34,160.02,130796,0
2015-05-12,159.25,159.97,157.71,158.77,134754,0
2015-05-13,159.6,160.82,157.14,157.5,124290,0
2015-05-14,158.12,159.95,156.53,159.41,107901,0
2015-05-15,158.68,160.43,157.84,159.1,131462,0
2015-05-18,158.68,160.24,158.28,159.48,111885,0
2015-05-19,160.05,160.17,156.33,157.65,178078,0
2015-05-20,158.4,158.4,149.93,150.71,229226,0
2015-05-21,150.42,154.07,149.67,152.4,188438,0
2015-05-22,152.63,155.12,149.64,150.9,62115,0
2015-05-26,151.03,151.03,144.71,146.2,141609,0
2015-05-27,147.09,148.71,144.68,148.13,97194,0
2015-05-28,147.74,147.93,145.65,147.83,100215,0
2015-05-29,147.43,151.14,147.21,150.84,149704,0
2015-06-01,150.67,155.12,148.91,154.24,174543,0
2015-06-02,152.67,154.2,151.37,152.24,161619,0
2015-06-03,153.01,157.38,152.3,157.14,125382,0
2015-06-04,158.07,159.82,157.94,158.75,212657,0
2015-06-05,159.08,159.56,157.09,158.89,148557,0
2015-06-08,158.27,158.27,152.31,153.54,205140,0
2015-06-09,150.45,155.74,147.29,152.41,193203,0
2015-06-10,151.93,157.46,151.93,155.99,166135,0
2015-06-11,156.65,157.17,154.16,155.49,87172,0
2015-06-12,154.88,158.78,154.07,158.27,128410,0
2015-06-15,156.82,159.25,153.35,156.61,147200,0
2015-06-16,157.06,161.12,155.87,160.45,160147,0
2015-06-17,160.06,161.49,159.31,160.98,118386,0
2015-06-18,163.21,170.79,162.08,170.5,243975,0
2015-06-19,170.46,174.24,169.71,171.89,218817,0
2015-06-22,173.42,173.57,169.56,171.9,211615,0
2015-06-23,171.9,174.01,168.94,171.54,122736,0
2015-06-24,171.54,172.49,168.88,170.96,122980,0
2015-06-25,171.77,175.77,171.42,173.03,244708,0
2015-06-26,173.02,173.68,171.53,172.0,230301,0
2015-06-29,170.63,173.8,168.38,168.56,163695,0
2015-06-30,169.54,173.62,169.11,170.39,158094,0
2015-07-01,172.83,173.07,167.64,169.71,228109,0
2015-07-02,170.72,171.95,168.55,169.69,154925,0
2015-07-06,168.9,174.78,168.59,174.18,250345,0
2015-07-07,174.33,176.34,171.97,175.22,178729,0
2015-07-08,175.26,182.72,172.6,182.42,218190,0
2015-07-09,182.75,185.74,180.07,180.86,267257,0
2015-07-10,182.14,186.53,182.14,186.15,286154,0
2015-07-13,188.86,191.08,186.79,187.36,193761,0
2015-07-14,186.78,189.68,184.15,185.32,289592,0
2015-07-15,184.12,192.14,183.01,189.53,183952,0
2015-07-16,190.62,194.12,188.09,192.49,174449,0
2015-07-17,192.22,195.44,191.4,194.43,184886,0
2015-07-20,195.83,196.12,191.73,194.48,272165,0
2015-07-21,193.98,196.02,191.23,195.16,191881,0
2015-07-22,195.88,198.89,195.3,196.36,260053,0
2015-07-23,197.43,200.09,194.7,196.4,207959,0
2015-07-24,196.55,199.68,193.77,195.47,125172,0
2015-07-27,194.52,196.32,192.34,194.86,138953,0
2015-07-28,194.76,199.19,193.48,198.71,191048,0
2015-07-29,198.79,200.96,196.32,196.96,219965,0
2015-07-30,201.16,211.51,196.82,203.16,535560,0
2015-07-31,202.46,206.41,201.16,203.77,210777,0
2015-08-03,206.59,214.84,204.52,210.6,320918,0
2015-08-04,209.85,211.37,207.27,210.8,161711,0
2015-08-05,211.95,220.01,211.78,219.17,248049,0
2015-08-06,219.17,222.87,213.12,214.53,220404,0
2015-08-07,213.57,215.78,210.47,210.73,209315,0
2015-08-10,212.67,215.86,208.86,212.64,185409,0
2015-08-11,211.71,220.52,211.71,217.43,163350,0
2015-08-12,216.39,218.2,206.14,216.49,208690,0
2015-08-13,218.09,225.94,215.17,223.53,234476,0
2015-08-14,222.48,223.17,219.24,223.07,158893,0
2015-08-17,220.84,228.1,219.43,224.12,184156,0
2015-08-18,225.08,227.69,218.87,219.48,232092,0
2015-08-19,219.45,221.99,215.99,217.45,330724,0
2015-08-20,215.22,215.85,210.22,210.93,246686,0
2015-08-21,206.9,212.87,203.88,207.25,303200,0
2015-08-24,197.38,209.14,184.49,200.7,174216,0
2015-08-25,207.99,212.55,202.7,203.57,181418,0
2015-08-26,208.51,210.95,199.29,207.11,130433,0
2015-08-27,209.75,211.41,195.25,201.22,319046,0
2015-08-28,199.98,203.0,197.32,199.89,301948,0
2015-08-31,199.41,203.19,193.77,194.95,256801,0
2015-09-01,192.02,195.06,186.38,187.79,455942,0
2015-09-02,189.23,198.13,188.19,197.99,278904,0
2015-09-03,198.03,201.02,194.63,195.54,235738,0
2015-09-04,193.52,197.19,192.01,194.77,234802,0
2015-09-08,197.56,203.29,197.56,202.24,173703,0
2015-09-09,204.62,206.03,198.48,201.29,167657,0
2015-09-10,201.84,203.37,199.26,199.97,96059,0
2015-09-11,199.41,205.19,199.41,203.33,149410,0
2015-09-14,203.0,205.61,201.68,203.21,123553,0
2015-09-15,204.42,207.21,201.91,205.01,155248,0
2015-09-16,204.05,206.03,203.16,204.17,131268,0
2015-09-17,204.29,211.13,202.86,209.79,170624,0
2015-09-18,207.35,211.69,204.99,209.18,299340,0
2015-09-21,209.75,211.93,205.24,209.25,90919,0
2015-09-22,207.74,207.74,201.18,203.45,99259,0
2015-09-23,204.75,208.39,200.48,206.67,118500,0
2015-09-24,205.25,208.51,202.07,206.01,152274,0
2015-09-25,208.15,211.42,206.29,210.37,175162,0
2015-09-28,209.0,210.29,201.43,204.32,240139,0
2015-09-29,204.6,205.73,200.88,202.24,214261,0
2015-09-30,203.8,208.56,202.65,207.4,212177,0
2015-10-01,206.56,210.98,203.63,209.07,129183,0
2015-10-02,207.45,211.45,201.95,206.79,112291,0
2015-10-05,207.7,209.92,204.55,207.22,189917,0
2015-10-06,207.43,207.43,199.51,200.07,250022,0
2015-10-07,201.38,206.27,198.67,205.09,180528,0
2015-10-08,204.24,205.47,200.83,203.96,100926,0
2015-10-09,202.79,210.75,202.31,208.78,100926,0
2015-10-12,210.15,219.44,210.13,218.54,180168,0
2015-10-13,215.8,217.92,209.49,209.96,142527,0
2015-10-14,210.8,212.78,204.63,206.04,109789,0
2015-10-15,206.21,208.32,203.91,207.66,146384,0
2015-10-16,207.66,207.66,201.48,205.96,179541,0
2015-10-19,206.04,212.09,204.46,210.95,112076,0
2015-10-20,211.47,211.98,206.21,208.76,120634,0
2015-10-21,210.03,210.13,205.45,207.15,149619,0
2015-10-22,203.81,203.81,186.06,192.78,534246,0
2015-10-23,192.77,194.93,191.22,194.77,165883,0
2015-10-26,194.82,197.44,191.77,193.4,199559,0
2015-10-27,193.35,196.13,189.87,195.94,182877,0
2015-10-28,195.15,195.69,190.18,191.77,150972,0
2015-10-29,191.75,193.4,189.1,189.7,187883,0
2015-10-30,189.81,191.65,188.46,189.38,175789,0
2015-11-02,190.25,190.86,187.14,187.36,197587,0
2015-11-03,187.34,188.12,185.02,187.57,245808,0
2015-11-04,187.03,188.81,183.19,187.7,131166,0
2015-11-05,188.38,191.47,188.34,190.82,83307,0
2015-11-06,190.02,194.89,189.45,194.6,99259,0
2015-11-09,193.76,194.45,187.54,188.23,110210,0
2015-11-10,188.62,190.83,183.29,186.78,170366,0
2015-11-11,186.74,187.98,181.4,182.4,186839,0
2015-11-12,181.62,187.08,176.81,177.4,234594,0
2015-11-13,175.69,180.51,174.07,177.61,138254,0
2015-11-16,176.51,179.01,174.81,178.02,111145,0
2015-11-17,178.82,183.95,178.39,178.95,129183,0
2015-11-18,180.07,182.89,176.21,182.36,148786,0
2015-11-19,182.97,185.66,182.53,184.06,116070,0
2015-11-20,185.02,189.89,184.76,189.81,117630,0
2015-11-23,190.18,192.49,189.39,192.21,131060,0
2015-11-24,189.45,196.4,179.81,182.35,136737,0
2015-11-25,182.35,183.75,180.7,182.93,144801,0
2015-11-27,183.4,188.38,182.38,185.67,40077,0
2015-11-30,178.56,185.75,167.39,168.23,386103,0
2015-12-01,168.53,182.04,167.74,171.14,215431,0
2015-12-02,170.19,170.93,162.36,170.11,325751,0
2015-12-03,170.49,174.64,165.91,166.25,173075,0
2015-12-04,166.41,173.51,166.41,170.34,124816,0
2015-12-07,170.96,172.79,168.56,169.98,161978,0
2015-12-08,168.61,170.15,166.08,168.49,125009,0
2015-12-09,167.73,170.58,163.56,164.68,150111,0
2015-12-10,164.1,171.74,163.85,170.13,156668,0
2015-12-11,166.74,172.66,162.38,163.29,126897,0
2015-12-14,162.92,168.7,162.92,166.81,180182,0
2015-12-15,169.19,172.89,168.23,171.01,156565,0
2015-12-16,171.96,174.27,166.0,169.79,146038,0
2015-12-17,170.51,170.81,166.76,167.07,106846,0
2015-12-18,166.88,168.78,162.88,163.18,180692,0
2015-12-21,164.7,169.89,164.7,169.61,104372,0
2015-12-22,170.62,170.98,163.98,166.99,123859,0
2015-12-23,168.26,168.26,164.42,167.11,132425,0
2015-12-24,165.81,170.32,165.41,167.97,54149,0
2015-12-28,168.61,170.21,166.86,168.27,155393,0
2015-12-29,168.97,171.9,167.86,171.06,102083,0
2015-12-30,171.3,171.85,166.93,167.13,66923,0
2015-12-31,166.56,166.56,161.54,162.74,128236,0
2016-01-04,159.79,162.18,150.92,156.17,217292,0
2016-01-05,156.84,159.44,154.26,156.04,200317,0
2016-01-06,154.17,158.15,153.17,153.24,175345,0
2016-01-07,151.1,153.63,145.73,145.95,247612,0
2016-01-08,144.45,149.33,143.01,143.18,336403,0
2016-01-11,144.72,155.05,144.53,154.55,266501,0
2016-01-12,155.32,158.63,153.72,156.33,212122,0
2016-01-13,156.73,156.73,149.08,150.87,280179,0
2016-01-14,150.71,157.19,147.08,156.4,232400,0
2016-01-15,151.79,156.43,150.42,153.94,216195,0
2016-01-19,155.5,157.71,148.44,151.45,228133,0
2016-01-20,150.51,162.26,148.88,158.99,263735,0
2016-01-21,159.07,160.68,149.83,153.34,312453,0
2016-01-22,155.05,159.41,151.74,155.64,155127,0
2016-01-25,154.9,157.21,152.72,154.16,197419,0
2016-01-26,154.25,158.86,153.26,157.28,199908,0
2016-01-27,157.72,160.95,152.72,154.05,164487,0
2016-01-28,136.71,154.05,130.55,148.13,350287,0
2016-01-29,148.14,157.53,146.84,155.61,303577,0
2016-02-01,154.8,164.27,154.02,161.6,333248,0
2016-02-02,160.42,164.09,153.44,155.95,199800,0
2016-02-03,158.04,158.04,150.13,155.29,179092,0
2016-02-04,155.24,155.24,148.59,153.61,280870,0
2016-02-05,152.6,157.81,143.5,144.13,160215,0
2016-02-08,142.5,144.57,140.33,143.25,102456,0
2016-02-09,141.32,147.56,140.94,145.77,68340,0
2016-02-10,147.35,150.07,145.68,147.01,91212,0
2016-02-11,144.4,151.52,140.69,148.3,66416,0
2016-02-12,149.31,151.85,146.92,149.83,140807,0
2016-02-16,150.71,151.82,146.7,150.76,103008,0
2016-02-17,151.21,155.14,149.85,150.9,116309,0
2016-02-18,151.15,155.13,149.37,152.67,113835,0
2016-02-19,151.9,156.31,151.41,153.55,104351,0
2016-02-22,154.79,157.48,151.44,153.25,118076,0
2016-02-23,153.03,156.74,152.99,156.3,82473,0
2016-02-24,155.08,159.9,153.88,159.71,78348,0
2016-02-25,159.98,164.59,158.21,164.15,106212,0
2016-02-26,164.84,164.84,156.51,158.08,112886,0
2016-02-29,157.83,159.98,157.08,158.88,127644,0
2016-03-01,160.59,165.96,159.8,165.77,113537,0
2016-03-02,167.01,167.01,162.7,164.97,104998,0
2016-03-03,165.65,168.18,163.71,167.79,176545,0
2016-03-04,167.76,169.16,164.22,166.97,133112,0
2016-03-07,166.22,166.79,163.95,165.27,148717,0
2016-03-08,163.56,165.59,161.54,162.05,150028,0
2016-03-09,162.11,163.7,160.6,162.55,139057,0
2016-03-10,163.07,166.78,159.03,162.6,346286,0
2016-03-11,163.81,166.44,162.71,165.11,112215,0
2016-03-14,164.75,165.8,162.21,163.95,128115,0
2016-03-15,162.53,165.44,162.27,165.24,224205,0
2016-03-16,164.25,168.07,164.25,167.48,159055,0
2016-03-17,166.87,167.13,162.21,164.33,93533,0
2016-03-18,165.27,169.85,165.27,168.13,290011,0
2016-03-21,167.59,170.54,167.19,170.0,147226,0
2016-03-22,168.48,171.39,167.31,169.36,130026,0
2016-03-23,169.65,173.98,168.73,169.83,108485,0
2016-03-24,169.09,169.99,166.46,167.9,115058,0
2016-03-28,168.37,172.29,168.03,171.16,58720,0
2016-03-29,171.18,176.25,170.33,175.63,132837,0
2016-03-30,176.13,177.27,172.83,174.84,85570,0
2016-03-31,174.4,177.02,172.43,172.94,85521,0
2016-04-01,171.25,171.53,169.06,170.25,86082,0
2016-04-04,170.41,172.75,167.95,168.47,93773,0
2016-04-05,166.84,170.82,166.4,166.89,77693,0
2016-04-06,167.01,167.01,161.96,165.6,98736,0
2016-04-07,165.51,170.71,165.3,167.28,87563,0
2016-04-08,168.27,171.27,166.73,169.12,79630,0
2016-04-11,169.67,173.44,169.15,169.66,61230,0
2016-04-12,169.56,173.79,169.56,172.6,101318,0
2016-04-13,173.99,174.83,172.36,174.52,72854,0
2016-04-14,174.84,177.25,173.73,175.88,76960,0
2016-04-15,173.47,174.8,170.36,172.99,89278,0
2016-04-18,173.0,176.84,172.91,176.53,82221,0
2016-04-19,177.37,178.63,172.88,173.15,72398,0
2016-04-20,173.03,177.43,170.88,171.26,92375,0
2016-04-21,171.55,173.59,166.3,169.29,147116,0
2016-04-22,168.07,170.7,161.84,163.28,128376,0
2016-04-25,163.29,164.1,161.11,162.93,83539,0
2016-04-26,163.15,166.54,162.6,165.48,78284,0
2016-04-27,165.0,166.85,162.04,163.62,103182,0
2016-04-28,165.18,170.71,160.25,161.14,133330,0
2016-04-29,160.15,160.26,154.31,155.97,132937,0
2016-05-02,156.36,158.14,153.25,154.63,126927,0
2016-05-03,153.85,155.42,149.25,153.02,159522,0
2016-05-04,152.05,153.61,149.04,149.67,103130,0
2016-05-05,150.3,152.38,149.24,149.31,78835,0
2016-05-06,148.78,149.95,143.0,147.09,116848,0
2016-05-09,146.85,151.0,145.36,147.86,139794,0
2016-05-10,148.62,150.17,147.23,148.23,90073,0
2016-05-11,147.69,148.12,141.87,142.34,87111,0
2016-05-12,142.58,143.04,134.49,136.23,158808,0
2016-05-13,136.64,140.08,136.46,138.55,102252,0
2016-05-16,139.51,141.82,137.17,140.72,96108,0
2016-05-17,140.35,143.26,138.02,139.29,109206,0
2016-05-18,138.3,142.02,137.46,138.91,90603,0
2016-05-19,138.1,140.47,134.84,137.34,71903,0
2016-05-20,137.46,138.17,135.68,136.68,118206,0
2016-05-23,136.99,137.84,134.55,134.85,61415,0
2016-05-24,135.69,136.26,134.13,135.64,83783,0
2016-05-25,136.11,138.74,135.4,135.79,96336,0
2016-05-26,136.1,136.1,132.33,133.23,189112,0
2016-05-27,133.84,136.5,133.21,136.31,135340,0
2016-05-31,136.7,137.55,133.89,135.69,130154,0
2016-06-01,135.66,139.36,135.19,139.26,199983,0
2016-06-02,138.88,141.33,136.52,137.03,140321,0
2016-06-03,137.19,137.19,132.8,135.29,104464,0
2016-06-06,135.63,137.12,134.87,136.78,103522,0
2016-06-07,137.4,141.21,135.82,140.12,123037,0
2016-06-08,140.0,149.77,140.0,149.26,274817,0
2016-06-09,148.78,151.6,145.64,147.14,153949,0
2016-06-10,145.81,148.49,143.48,145.12,100658,0
2016-06-13,142.51,145.09,141.7,142.36,93681,0
2016-06-14,143.56,147.32,143.24,145.45,116586,0
2016-06-15,145.48,145.48,142.47,142.94,145160,0
2016-06-16,142.38,143.69,140.99,142.63,124313,0
2016-06-17,142.57,143.39,139.8,140.45,177562,0
2016-06-20,142.05,143.45,138.96,140.54,103161,0
2016-06-21,141.62,142.77,140.17,141.6,131034,0
2016-06-22,142.06,144.04,139.14,140.1,98743,0
2016-06-23,141.24,142.98,139.03,140.08,103733,0
2016-06-24,133.44,139.25,133.0,138.12,141011,0
2016-06-27,139.05,140.32,132.63,135.24,165024,0
2016-06-28,136.06,140.39,134.7,138.03,133486,0
2016-06-29,139.58,143.92,139.09,142.03,144947,0
2016-06-30,143.05,147.93,139.86,147.87,164305,0
2016-07-01,147.99,149.16,145.12,145.23,105873,0
2016-07-05,143.96,143.96,139.89,141.06,165250,0
2016-07-06,139.6,142.46,134.54,142.07,248694,0
2016-07-07,141.28,144.7,140.57,142.2,158420,0
2016-07-08,143.54,146.92,143.0,144.64,147819,0
2016-07-11,145.04,146.39,142.96,143.41,129308,0
2016-07-12,145.86,146.35,142.2,144.95,211924,0
2016-07-13,146.24,146.91,142.77,143.64,94500,0
2016-07-14,144.44,147.74,142.92,145.98,177630,0
2016-07-15,146.78,146.78,143.32,144.49,167468,0
2016-07-18,144.49,144.89,143.59,143.73,115476,0
2016-07-19,143.17,143.77,140.81,140.95,110921,0
2016-07-20,141.59,142.36,137.91,138.07,136459,0
2016-07-21,137.37,137.37,134.15,136.63,556109,0
2016-07-22,137.63,140.34,137.31,139.39,251548,0
2016-07-25,139.04,140.11,137.57,138.01,95170,0
2016-07-26,137.92,138.46,136.77,137.24,154642,0
2016-07-27,137.76,137.96,130.69,131.0,355129,0
2016-07-28,131.43,132.27,129.77,131.66,197807,0
2016-07-29,131.79,133.69,125.78,126.66,256873,0
2016-08-01,125.69,127.33,122.8,125.19,230964,0
2016-08-02,124.77,126.92,119.26,120.29,259731,0
2016-08-03,120.55,121.54,118.8,119.88,142520,0
2016-08-04,120.37,122.65,119.89,121.9,183437,0
2016-08-05,123.02,126.53,123.02,125.97,123066,0
2016-08-08,126.76,127.31,124.19,125.21,151732,0
2016-08-09,124.82,125.22,120.98,122.17,117325,0
2016-08-10,122.2,122.98,120.79,122.89,68433,0
2016-08-11,123.96,124.94,122.15,123.65,92849,0
2016-08-12,123.37,124.71,122.49,123.61,86909,0
2016-08-15,124.25,126.41,123.59,125.44,92990,0
2016-08-16,125.51,126.83,124.94,126.51,127131,0
2016-08-17,126.72,127.76,125.61,127.64,91634,0
2016-08-18,127.24,129.67,126.68,129.65,116910,0
2016-08-19,128.9,132.61,128.51,131.05,148284,0
2016-08-22,130.18,130.58,128.58,128.62,124959,0
2016-08-23,128.73,130.71,128.56,130.46,81043,0
2016-08-24,129.91,132.51,129.64,131.86,76270,0
2016-08-25,131.25,133.93,131.25,133.83,107173,0
2016-08-26,134.08,134.23,133.11,133.82,126707,0
2016-08-29,134.26,134.82,131.58,133.06,80185,0
2016-08-30,132.74,136.96,132.74,135.13,98972,0
2016-08-31,137.29,137.29,133.53,135.66,73816,0
2016-09-01,135.27,136.44,133.27,133.97,76143,0
2016-09-02,134.0,134.87,132.49,133.82,67459,0
2016-09-06,133.6,133.61,131.29,132.31,82938,0
2016-09-07,133.93,144.8,133.86,143.3,138551,0
2016-09-08,142.71,144.77,141.66,143.32,61506,0
2016-09-09,141.71,143.45,139.28,139.48,65423,0
2016-09-12,138.98,139.69,136.31,139.18,117347,0
2016-09-13,138.52,139.94,135.61,136.08,78423,0
2016-09-14,136.0,136.39,131.41,131.65,63776,0
2016-09-15,131.17,132.75,130.06,130.61,77742,0
2016-09-16,131.65,132.31,127.83,128.27,129347,0
2016-09-19,128.47,129.54,126.86,127.54,60288,0
2016-09-20,128.11,130.03,125.62,127.31,114282,0
2016-09-21,128.07,132.33,125.13,128.07,111378,0
2016-09-22,128.07,129.84,125.12,125.49,178526,0
2016-09-23,128.58,132.0,125.85,131.23,188304,0
2016-09-26,130.16,132.09,127.59,127.81,71867,0
2016-09-27,127.66,131.61,127.66,131.55,84377,0
2016-09-28,132.09,134.89,129.37,130.25,147838,0
2016-09-29,130.46,130.89,127.34,127.93,87722,0
2016-09-30,127.66,130.46,127.53,129.61,89885,0
2016-10-03,129.63,133.77,129.0,133.16,90834,0
2016-10-04,133.46,138.61,133.41,137.58,114241,0
2016-10-05,138.11,139.18,136.45,137.03,82879,0
2016-10-06,137.15,140.24,135.72,139.71,113322,0
2016-10-07,140.7,146.46,140.57,142.23,308635,0
2016-10-10,142.23,147.24,142.23,146.47,79571,0
2016-10-11,146.61,147.72,144.86,146.03,106581,0
2016-10-12,146.72,147.59,145.81,146.64,148976,0
2016-10-13,146.4,151.15,144.22,150.6,101103,0
2016-10-14,151.12,151.18,147.81,150.13,80441,0
2016-10-17,150.5,152.11,149.9,150.25,85647,0
2016-10-18,150.99,152.61,149.75,151.57,89899,0
2016-10-19,151.43,154.66,149.8,154.27,81911,0
2016-10-20,154.32,155.06,150.3,152.85,73240,0
2016-10-21,152.21,153.54,151.18,152.66,63748,0
2016-10-24,153.93,153.93,151.28,152.06,67486,0
2016-10-25,151.57,154.02,149.8,151.03,90885,0
2016-10-26,150.25,153.2,147.21,151.08,108005,0
2016-10-27,140.24,147.21,130.68,131.45,445536,0
2016-10-28,131.17,135.24,131.09,133.56,133991,0
2016-10-31,134.95,135.72,130.83,135.33,191905,0
2016-11-01,135.14,135.14,131.64,133.04,124434,0
2016-11-02,133.04,135.38,131.99,132.39,100328,0
2016-11-03,132.39,134.75,130.18,132.64,100092,0
2016-11-04,133.04,136.71,132.74,133.8,92822,0
2016-11-07,136.51,139.52,132.89,137.59,235994,0
2016-11-08,137.59,141.07,134.15,140.43,161337,0
2016-11-09,137.93,145.35,137.93,144.85,140146,0
2016-11-10,146.07,151.35,145.78,150.1,141820,0
2016-11-11,150.35,154.27,149.95,153.73,125206,0
2016-11-14,154.32,158.52,153.44,158.24,114035,0
2016-11-15,160.06,160.56,155.04,155.51,139052,0
2016-11-16,154.37,156.04,152.06,154.96,98772,0
2016-11-17,155.31,158.19,153.63,157.81,132193,0
2016-11-18,159.13,162.22,158.01,162.12,143349,0
2016-11-21,159.47,162.17,156.26,161.39,114613,0
2016-11-22,161.63,165.67,161.63,163.65,187257,0
2016-11-23,163.89,167.15,161.63,166.86,161998,0
2016-11-25,167.4,167.5,165.14,166.31,42289,0
2016-11-28,165.43,166.16,162.62,164.59,93193,0
2016-11-29,165.57,166.31,163.11,163.89,133502,0
2016-11-30,164.39,164.39,160.74,161.04,191154,0
2016-12-01,161.29,163.94,156.7,158.27,136504,0
2016-12-02,158.37,160.99,155.28,159.02,109282,0
2016-12-05,159.67,162.97,155.23,155.96,141768,0
2016-12-06,156.9,160.45,155.96,160.0,154424,0
2016-12-07,159.67,165.67,158.97,165.62,172436,0
2016-12-08,165.43,168.87,162.89,168.58,129387,0
2016-12-09,168.82,171.31,167.98,170.06,162407,0
2016-12-12,166.61,169.02,163.45,163.99,142013,0
2016-12-13,164.44,167.45,162.82,163.5,93858,0
2016-12-14,162.82,165.57,158.82,163.31,145095,0
2016-12-15,162.37,167.35,160.6,164.59,146904,0
2016-12-16,164.59,168.63,164.24,165.38,310932,0
2016-12-19,166.06,167.84,163.45,164.59,90650,0
2016-12-20,165.72,167.5,164.74,167.4,84656,0
2016-12-21,167.15,169.07,164.89,167.1,63584,0
2016-12-22,166.76,167.94,163.65,163.65,56482,0
2016-12-23,164.14,166.36,163.99,166.21,42428,0
2016-12-27,165.86,169.57,163.7,167.3,57911,0
2016-12-28,167.5,167.5,162.57,163.06,47311,0
2016-12-29,162.77,165.18,162.77,163.79,57311,0
2016-12-30,164.14,165.18,162.47,163.99,78122,0
2017-01-03,165.81,166.61,162.12,163.7,69003,0
2017-01-04,164.69,167.6,163.21,167.4,125097,0
2017-01-05,166.01,168.58,165.91,166.36,95277,0
2017-01-06,166.91,166.91,163.26,163.94,128732,0
2017-01-09,162.82,169.07,162.82,166.06,101016,0
2017-01-10,166.61,175.96,166.06,175.48,120170,0
2017-01-11,172.86,179.62,172.57,177.79,194690,0
2017-01-12,177.26,177.41,172.91,174.34,131382,0
2017-01-13,175.29,176.46,174.44,175.19,76360,0
2017-01-17,174.59,176.78,173.16,173.41,76262,0
2017-01-18,173.91,175.96,171.79,175.96,115775,0
2017-01-19,176.26,177.79,173.01,173.91,104666,0
2017-01-20,173.95,176.14,173.61,174.94,97102,0
2017-01-23,174.44,175.29,171.19,173.71,80117,0
2017-01-24,173.99,174.24,171.57,171.84,111594,0
2017-01-25,173.41,174.69,170.89,171.14,71951,0
2017-01-26,171.54,175.85,171.54,173.86,84557,0
2017-01-27,174.94,175.24,167.6,170.31,119256,0
2017-01-30,168.38,170.74,165.77,170.41,83659,0
2017-01-31,168.87,172.13,167.45,169.52,194273,0
2017-02-01,171.49,175.87,168.53,169.91,229510,0
2017-02-02,169.17,169.17,155.23,160.64,391097,0
2017-02-03,160.74,162.37,157.3,159.76,186641,0
2017-02-06,159.27,162.82,158.87,160.89,83098,0
2017-02-07,161.68,163.26,159.71,162.32,136807,0
2017-02-08,162.22,166.11,161.68,163.26,92983,0
2017-02-09,163.55,170.31,162.62,166.71,134398,0
2017-02-10,167.65,169.67,166.06,168.82,80521,0
2017-02-13,169.42,172.18,168.31,172.13,88093,0
2017-02-14,171.19,172.37,168.82,172.32,100260,0
2017-02-15,172.27,175.48,170.85,172.32,73023,0
2017-02-16,172.47,172.71,170.11,171.09,67091,0
2017-02-17,169.72,172.37,167.35,168.92,85908,0
2017-02-21,169.42,171.49,168.03,171.39,76377,0
2017-02-22,171.09,171.84,168.03,170.45,59601,0
2017-02-23,171.14,171.93,168.48,169.62,68506,0
2017-02-24,168.08,171.24,168.08,171.04,47996,0
2017-02-27,170.59,171.44,167.84,170.79,83713,0
2017-02-28,170.45,172.57,168.58,171.64,63890,0
2017-03-01,174.4,176.33,173.07,174.45,111476,0
2017-03-02,174.15,175.98,168.32,168.62,113040,0
2017-03-03,168.37,171.59,162.63,170.74,90365,0
2017-03-06,169.95,169.99,164.56,166.98,80837,0
2017-03-07,166.34,166.34,159.32,159.57,157537,0
2017-03-08,159.76,160.75,157.64,158.87,102240,0
2017-03-09,158.72,162.01,157.19,157.29,76364,0
2017-03-10,156.64,159.22,156.59,158.72,64581,0
2017-03-13,156.74,160.6,156.64,156.89,71660,0
2017-03-14,156.84,158.32,151.84,152.69,129628,0
2017-03-15,152.14,158.6,151.79,157.83,93081,0
2017-03-16,158.32,158.32,154.66,155.31,116763,0
2017-03-17,155.26,158.65,152.98,158.32,146099,0
2017-03-20,158.32,158.87,157.24,158.17,92154,0
2017-03-21,158.67,158.89,155.06,155.41,142324,0
2017-03-22,155.8,157.29,153.48,156.99,101158,0
2017-03-23,156.94,159.67,156.0,159.37,113201,0
2017-03-24,159.86,162.01,157.93,160.8,110069,0
2017-03-27,157.98,160.65,156.44,158.82,66809,0
2017-03-28,158.67,160.46,156.2,159.57,139577,0
2017-03-29,159.32,159.9,157.39,158.37,97519,0
2017-03-30,158.82,160.08,158.35,159.67,57261,0
2017-03-31,159.32,159.76,152.44,158.47,76732,0
2017-04-03,158.62,160.85,157.14,158.27,99817,0
2017-04-04,157.93,162.28,155.11,155.95,90770,0
2017-04-05,156.69,158.08,154.88,156.2,182266,0
2017-04-06,156.2,158.17,154.56,155.95,99233,0
2017-04-07,155.06,156.74,153.53,153.72,101206,0
2017-04-10,154.17,156.74,153.43,156.39,191556,0
2017-04-11,154.37,154.37,149.81,153.03,162043,0
2017-04-12,152.19,156.2,152.19,153.43,108341,0
2017-04-13,153.08,153.15,150.21,150.46,114027,0
2017-04-17,151.2,153.08,150.41,152.54,74108,0
2017-04-18,152.04,155.85,150.66,155.61,110755,0
2017-04-19,156.3,159.02,156.15,158.08,115185,0
2017-04-20,158.62,159.47,157.88,159.17,92402,0
2017-04-21,159.62,162.13,159.37,160.45,75729,0
2017-04-24,163.18,163.85,161.0,163.33,88148,0
2017-04-25,164.31,167.38,161.88,162.13,146750,0
2017-04-26,152.39,152.39,142.39,148.08,670981,0
2017-04-27,148.08,148.28,143.78,144.62,235584,0
2017-04-28,144.47,147.58,143.58,143.88,179205,0
2017-05-01,144.27,145.71,142.94,143.09,152196,0
2017-05-02,142.99,144.82,142.2,144.77,266811,0
2017-05-03,144.07,148.23,143.73,147.93,148577,0
2017-05-04,148.48,148.48,143.73,145.37,196074,0
2017-05-05,145.42,146.1,143.83,145.9,109330,0
2017-05-08,145.56,146.8,143.97,144.47,76461,0
2017-05-09,144.52,146.4,144.02,144.62,102487,0
2017-05-10,144.12,146.05,144.12,145.22,97714,0
2017-05-11,144.82,145.17,142.54,142.99,113288,0
2017-05-12,142.39,143.04,140.61,142.49,119636,0
2017-05-15,142.84,144.67,142.2,143.53,69483,0
2017-05-16,143.34,143.68,141.95,142.39,67619,0
2017-05-17,141.15,141.9,138.32,139.16,169438,0
2017-05-18,138.86,142.24,138.86,139.76,120829,0
2017-05-19,139.66,143.09,138.28,141.85,80574,0
2017-05-22,142.44,143.36,141.28,141.4,57609,0
2017-05-23,141.6,143.64,140.9,142.59,77980,0
2017-05-24,142.84,143.98,141.8,143.44,141789,0
2017-05-25,144.08,146.12,141.5,145.73,88602,0
2017-05-26,145.48,147.51,144.98,145.13,123085,0
2017-05-30,143.69,143.98,135.93,135.98,198365,0
2017-05-31,136.73,138.27,133.89,136.19,249568,0
2017-06-01,136.73,137.32,135.13,136.28,190606,0
2017-06-02,136.78,140.65,136.28,138.62,143112,0
2017-06-05,138.57,139.56,137.37,138.47,162532,0
2017-06-06,138.37,139.41,137.22,137.42,141967,0
2017-06-07,138.07,139.31,136.97,138.02,125945,0
2017-06-08,139.06,140.8,135.58,136.68,213934,0
2017-06-09,136.58,140.45,136.45,139.31,232023,0
2017-06-12,139.46,143.24,138.76,142.1,138709,0
2017-06-13,142.24,142.94,139.46,141.9,149768,0
2017-06-14,142.1,145.48,141.25,144.28,117134,0
2017-06-15,142.99,144.83,141.55,142.34,161358,0
2017-06-16,142.2,142.92,140.42,142.49,165994,0
2017-06-19,143.14,146.07,142.63,145.73,81672,0
2017-06-20,146.22,146.22,141.45,141.6,103335,0
2017-06-21,141.6,142.59,140.95,141.85,96357,0
2017-06-22,141.9,143.14,141.15,141.8,155759,0
2017-06-23,141.9,142.64,140.55,140.95,227223,0
2017-06-26,141.45,141.7,137.02,137.57,157929,0
2017-06-27,137.22,139.11,137.02,137.27,120097,0
2017-06-28,137.37,139.16,136.18,136.33,117772,0
2017-06-29,136.48,136.78,134.19,135.33,148327,0
2017-06-30,135.78,136.88,134.74,134.84,174504,0
2017-07-03,135.63,139.06,135.38,138.37,66629,0
2017-07-05,138.42,139.41,132.75,139.06,97314,0
2017-07-06,137.17,139.21,136.28,136.48,86947,0
2017-07-07,136.43,137.47,136.08,136.83,81550,0
2017-07-10,137.22,139.65,136.23,136.38,185497,0
2017-07-11,136.63,142.2,136.63,139.31,209145,0
2017-07-12,140.55,143.94,140.11,143.64,117504,0
2017-07-13,143.49,144.58,140.5,141.25,150889,0
2017-07-14,141.1,142.2,139.56,140.8,91561,0
2017-07-17,141.3,143.09,139.51,142.39,80360,0
2017-07-18,142.1,143.19,140.6,143.09,117236,0
2017-07-19,143.19,144.01,141.25,143.19,119735,0
2017-07-20,143.44,144.53,142.44,143.49,105459,0
2017-07-21,144.08,144.28,142.74,143.98,101273,0
2017-07-24,143.74,145.68,143.69,143.94,115494,0
2017-07-25,144.68,146.17,143.29,143.64,128245,0
2017-07-26,144.08,144.88,142.2,142.39,150909,0
2017-07-27,132.25,136.92,125.49,131.11,568193,0
2017-07-28,130.56,132.55,128.77,129.22,223731,0
2017-07-31,129.62,131.06,127.18,128.52,175078,0
2017-08-01,129.37,131.01,128.42,129.52,142650,0
2017-08-02,129.96,130.56,126.19,126.88,185218,0
2017-08-03,127.13,128.47,125.84,127.78,117884,0
2017-08-04,127.88,130.86,127.58,130.64,109143,0
2017-08-07,130.26,130.76,129.02,129.82,132222,0
2017-08-08,128.3,130.11,128.3,129.32,113777,0
2017-08-09,128.72,129.47,124.69,125.04,246660,0
2017-08-10,124.4,124.92,121.06,121.61,178405,0
2017-08-11,121.76,121.99,119.47,119.87,116007,0
2017-08-14,120.97,123.77,120.97,123.5,105041,0
2017-08-15,123.5,124.1,122.71,123.65,79594,0
2017-08-16,124.2,124.95,122.8,123.4,55926,0
2017-08-17,122.9,123.7,119.05,119.45,129745,0
2017-08-18,118.85,119.95,117.5,118.8,116112,0
2017-08-21,119.2,122.25,118.2,119.65,107476,0
2017-08-22,120.1,120.7,118.1,118.3,102103,0
2017-08-23,118.2,118.9,115.8,115.85,136692,0
2017-08-24,115.9,116.115,114.35,115.15,144528,0
2017-08-25,116.1,119.75,115.55,119.15,111515,0
2017-08-28,119.1,119.1,117.7,118.1,64638,0
2017-08-29,117.7,121.825,117.7,121.3,166599,0
2017-08-30,120.15,120.945,115.55,118.5,198987,0
2017-08-31,118.7,119.275,117.8,118.0,119360,0
2017-09-01,118.25,118.675,117.35,117.95,144807,0
2017-09-05,117.55,118.95,116.6,117.2,137751,0
2017-09-06,116.85,117.7,111.538,116.5,291583,0
2017-09-07,117.05,117.6,114.95,115.225,182396,0
2017-09-08,114.95,115.9,113.65,115.35,158262,0
2017-09-11,115.25,117.575,115.25,117.35,229866,0
2017-09-12,117.35,118.8,116.85,118.65,141148,0
2017-09-13,118.45,122.0,118.3,121.5,131388,0
2017-09-14,121.45,123.15,119.451,123.1,119476,0
2017-09-15,123.4,123.95,122.075,123.6,364939,0
2017-09-18,124.25,124.25,122.2,122.65,160627,0
2017-09-19,122.0,124.55,122.0,123.0,191461,0
2017-09-20,122.7,129.35,121.8,128.6,212971,0
2017-09-21,128.25,128.95,126.292,128.6,135173,0
2017-09-22,128.55,130.8,127.0,130.1,231981,0
2017-09-25,130.55,134.3,130.5,133.95,167528,0
2017-09-26,133.25,135.1,131.65,133.85,258681,0
2017-09-27,134.2,137.15,134.2,136.3,206769,0
2017-09-28,136.35,137.75,133.4,133.65,164778,0
2017-09-29,133.9,135.35,131.6,131.7,194878,0
2017-10-02,132.0,132.0,128.3,130.05,314631,0
2017-10-03,130.1,133.6,130.1,133.2,151439,0
2017-10-04,133.65,135.95,131.35,131.7,156681,0
2017-10-05,131.9,132.125,130.15,131.3,105685,0
2017-10-06,130.7,133.45,130.7,131.95,110110,0
2017-10-09,132.2,133.2,130.525,133.05,120288,0
2017-10-10,133.7,138.85,133.05,133.575,200901,0
2017-10-11,133.65,138.2,130.101,138.15,189955,0
2017-10-12,137.75,141.15,137.7,141.1,197789,0
2017-10-13,140.15,141.945,139.25,140.35,150304,0
2017-10-16,140.3,141.0,139.1,139.9,120190,0
2017-10-17,140.4,142.4,140.4,141.5,85546,0
2017-10-18,141.15,143.0,140.55,142.75,110026,0
2017-10-19,142.4,142.4,137.9,138.65,183531,0
2017-10-20,139.5,141.35,139.2,140.3,79237,0
2017-10-23,141.1,141.85,138.2,138.9,79307,0
2017-10-24,139.0,141.25,137.9,141.05,100871,0
2017-10-25,140.95,141.9,139.4,139.85,235774,0
2017-10-26,141.35,145.0,137.9,141.35,293449,0
2017-10-27,140.5,141.8,137.5,139.3,187291,0
2017-10-30,139.15,139.8,136.0,138.4,107695,0
2017-10-31,138.2,138.9,136.25,136.4,134965,0
2017-11-01,137.15,138.65,135.6,136.35,147559,0
2017-11-02,136.85,137.15,132.9,133.65,248190,0
2017-11-03,133.7,134.1,132.075,132.25,137752,0
2017-11-06,132.15,135.0,131.6,132.6,136822,0
2017-11-07,132.05,132.05,127.6,127.65,127829,0
2017-11-08,127.35,128.05,126.35,127.25,110428,0
2017-11-09,126.7,128.925,126.55,126.85,104160,0
2017-11-10,126.9,129.05,126.001,127.7,134697,0
