Date,Open,High,Low,Close,Volume,OpenInt
2014-01-02,29.069,29.531,28.712,29.089,875878,0
2014-01-03,29.098,29.416,29.059,29.188,471676,0
2014-01-06,29.188,29.336,28.82,29.059,841868,0
2014-01-07,29.049,29.188,28.593,28.702,872740,0
2014-01-08,28.712,29.267,28.533,29.098,945803,0
2014-01-09,29.089,29.217,28.464,28.494,919561,0
2014-01-10,28.573,28.721,28.034,28.613,988685,0
2014-01-13,26.679,27.025,26.422,26.669,2907099,0
2014-01-14,26.521,26.719,26.094,26.432,1499260,0
2014-01-15,26.432,26.561,26.124,26.362,1195246,0
2014-01-16,26.203,26.322,25.859,26.272,1523002,0
2014-01-17,26.223,26.531,26.143,26.521,1635926,0
2014-01-21,26.64,26.719,26.422,26.689,1244695,0
2014-01-22,26.749,27.005,26.669,26.995,784275,0
2014-01-23,26.916,27.209,26.807,27.005,1220188,0
2014-01-24,26.876,27.005,26.659,26.816,1331353,0
2014-01-27,26.807,27.209,26.719,26.876,1156151,0
2014-01-28,26.481,27.258,25.927,26.541,3173330,0
2014-01-29,26.442,26.659,26.372,26.491,1354742,0
2014-01-30,26.511,26.63,26.203,26.412,1971009,0
2014-01-31,26.223,26.64,26.025,26.561,1745410,0
2014-02-03,26.501,26.551,26.233,26.362,3495292,0
2014-02-04,26.501,26.63,26.252,26.581,2333347,0
2014-02-05,26.521,26.659,26.422,26.64,1684117,0
2014-02-06,26.64,26.965,26.591,26.719,1719906,0
2014-02-07,31.548,31.873,27.516,27.974,13618627,0
2014-02-10,27.905,28.9,27.715,28.88,3467354,0
2014-02-11,28.89,29.988,28.712,29.759,2785992,0
2014-02-12,29.849,30.077,29.66,29.819,1953663,0
2014-02-13,29.749,29.809,29.406,29.473,1289929,0
2014-02-14,29.416,29.61,29.227,29.512,776309,0
2014-02-18,29.581,29.64,29.267,29.406,823621,0
2014-02-19,29.336,29.493,29.138,29.148,675120,0
2014-02-20,29.208,29.406,28.979,29.336,574891,0
2014-02-21,29.306,29.939,29.158,29.919,564768,0
2014-02-24,29.998,30.233,29.919,30.203,931571,0
2014-02-25,30.243,30.52,30.115,30.302,1265588,0
2014-02-26,30.372,30.609,30.223,30.411,1978767,0
2014-02-27,30.461,30.599,30.332,30.421,595924,0
2014-02-28,30.363,30.55,30.313,30.373,1385514,0
2014-03-03,30.185,30.283,29.94,30.145,1098553,0
2014-03-04,30.373,30.402,29.83,29.95,1423471,0
2014-03-05,29.989,30.058,29.512,29.65,923743,0
2014-03-06,29.74,29.92,29.386,29.571,714455,0
2014-03-07,30.116,30.897,29.89,30.126,3081204,0
2014-03-10,30.029,30.897,30.029,30.817,1215365,0
2014-03-11,30.827,31.293,30.699,31.263,1173371,0
2014-03-12,31.134,31.213,30.956,31.084,837476,0
2014-03-13,31.065,31.708,31.045,31.708,1459357,0
2014-03-14,31.748,31.934,31.55,31.738,517283,0
2014-03-17,31.362,32.26,31.332,32.111,998253,0
2014-03-18,31.925,31.925,30.946,31.005,1024341,0
2014-03-19,31.035,31.094,30.283,30.471,646511,0
2014-03-20,30.393,30.501,30.195,30.323,635506,0
2014-03-21,30.442,31.283,30.442,31.134,1565129,0
2014-03-24,31.154,31.233,30.471,30.798,363242,0
2014-03-25,30.926,30.956,30.303,30.323,429238,0
2014-03-26,30.432,30.62,30.058,30.204,418968,0
2014-03-27,30.273,30.343,29.73,29.9,644361,0
2014-03-28,29.88,29.97,29.77,29.89,793811,0
2014-03-31,29.9,30.019,29.71,29.89,875648,0
2014-04-01,29.979,30.283,29.81,30.058,836731,0
2014-04-02,30.096,30.956,29.94,30.719,888489,0
2014-04-03,30.699,30.877,30.452,30.817,611091,0
2014-04-04,30.867,30.887,30.323,30.422,374311,0
2014-04-07,30.363,30.63,30.087,30.136,816883,0
2014-04-08,30.106,30.66,29.93,30.373,744571,0
2014-04-09,30.442,30.54,30.116,30.363,372966,0
2014-04-10,30.422,30.719,29.7,29.89,1175117,0
2014-04-11,29.77,30.087,29.521,29.88,695894,0
2014-04-14,30.078,30.185,29.92,30.116,413548,0
2014-04-15,28.367,29.521,27.624,28.91,3924856,0
2014-04-16,29.158,29.6,28.95,29.493,1025978,0
2014-04-17,29.503,29.76,28.16,29.069,1487992,0
2014-04-21,29.561,30.57,29.267,29.531,1580341,0
2014-04-22,29.69,29.94,29.64,29.78,1104345,0
2014-04-23,29.86,29.91,29.217,29.237,1103042,0
2014-04-24,29.227,29.63,28.91,29.541,1589273,0
2014-04-25,29.336,30.165,28.239,28.338,1936469,0
2014-04-28,28.396,29.217,28.289,28.93,1618448,0
2014-04-29,29.019,29.049,28.622,28.77,2648504,0
2014-04-30,28.81,29.237,28.672,29.128,833741,0
2014-05-01,29.198,29.426,29.039,29.247,1741290,0
2014-05-02,29.247,30.136,29.019,30.039,1306737,0
2014-05-05,30.029,30.481,29.551,29.94,1297016,0
2014-05-06,29.94,30.56,29.64,30.432,1755275,0
2014-05-07,30.53,31.233,30.244,31.124,1636859,0
2014-05-08,31.124,31.589,31.035,31.362,1099674,0
2014-05-09,31.362,31.895,31.134,31.797,834004,0
2014-05-12,32.378,33.455,32.299,32.917,2341886,0
2014-05-13,32.907,33.042,32.279,32.348,1078224,0
2014-05-14,32.368,32.527,32.022,32.101,857118,0
2014-05-15,32.052,32.052,31.392,31.845,1037524,0
2014-05-16,31.807,32.013,31.559,32.013,734350,0
2014-05-19,31.855,32.013,31.559,31.738,886535,0
2014-05-20,31.599,31.875,31.54,31.579,1009044,0
2014-05-21,31.708,32.151,31.589,32.071,924107,0
2014-05-22,32.21,32.497,31.974,32.477,534761,0
2014-05-23,32.497,32.777,32.319,32.547,731608,0
2014-05-27,32.617,32.767,32.408,32.527,462635,0
2014-05-28,32.487,32.657,32.161,32.26,397471,0
2014-05-29,32.329,32.487,32.022,32.467,353208,0
2014-05-30,32.438,32.597,32.398,32.458,790638,0
2014-06-02,32.547,32.687,32.329,32.597,465773,0
2014-06-03,32.528,33.102,32.488,33.062,607480,0
2014-06-04,33.016,33.476,32.967,33.397,665509,0
2014-06-05,33.457,33.676,33.2,33.566,491836,0
2014-06-06,33.636,34.015,33.636,33.865,563369,0
2014-06-09,34.034,34.377,34.005,34.279,759519,0
2014-06-10,34.23,34.347,34.113,34.289,543874,0
2014-06-11,34.279,34.367,34.053,34.26,417431,0
2014-06-12,34.21,34.309,33.805,33.835,467993,0
2014-06-13,33.835,33.935,33.506,33.776,358280,0
2014-06-16,33.726,34.151,33.526,34.093,447785,0
2014-06-17,34.034,34.347,33.785,34.015,581491,0
2014-06-18,34.043,34.564,33.875,34.504,563578,0
2014-06-19,34.554,34.973,34.367,34.904,520085,0
2014-06-20,34.963,35.022,34.319,34.674,741500,0
2014-06-23,34.624,35.061,34.465,34.904,397932,0
2014-06-24,34.894,35.238,34.714,34.734,314854,0
2014-06-25,34.774,35.042,34.664,34.963,322419,0
2014-06-26,34.953,34.953,34.446,34.714,252165,0
2014-06-27,34.664,35.337,34.367,35.219,1059005,0
2014-06-30,35.169,35.427,34.923,35.248,546711,0
2014-07-01,35.278,36.327,35.278,35.506,685439,0
2014-07-02,35.506,35.574,34.874,34.983,531338,0
2014-07-03,34.993,35.159,34.963,35.11,338603,0
2014-07-07,35.219,35.574,35.032,35.407,439001,0
2014-07-08,35.447,35.506,34.953,35.013,558171,0
2014-07-09,35.1,35.387,34.844,34.923,559470,0
2014-07-10,34.604,35.013,34.151,34.794,600096,0
2014-07-11,33.586,34.417,32.668,32.758,1094410,0
2014-07-14,33.112,33.327,32.928,33.161,447020,0
2014-07-15,31.055,32.043,29.729,30.008,2493552,0
2014-07-16,29.669,29.709,28.899,29.385,2005229,0
2014-07-17,29.385,29.425,28.988,29.236,881162,0
2014-07-18,29.276,29.375,29.078,29.256,493258,0
2014-07-21,28.929,29.098,28.039,28.148,954865,0
2014-07-22,28.188,28.68,28.188,28.492,617719,0
2014-07-23,28.522,28.879,28.423,28.759,501625,0
2014-07-24,28.69,29.246,28.591,29.216,796094,0
2014-07-25,28.355,29.207,28.178,28.346,686567,0
2014-07-28,28.198,28.385,27.932,27.981,864570,0
2014-07-29,27.981,28.227,27.543,27.632,948628,0
2014-07-30,27.782,27.832,27.295,27.315,714331,0
2014-07-31,27.168,27.216,25.99,26.089,1148093,0
2014-08-01,26.109,26.377,25.931,26.109,1545731,0
2014-08-04,26.277,26.625,26.129,26.367,978336,0
2014-08-05,26.208,26.397,25.507,25.537,814285,0
2014-08-06,25.428,25.864,25.278,25.487,1026764,0
2014-08-07,25.616,25.656,24.687,24.775,1129129,0
2014-08-08,24.922,25.122,24.478,25.012,1320304,0
2014-08-11,25.052,25.268,24.834,25.219,1097287,0
2014-08-12,25.122,25.556,25.022,25.517,1038213,0
2014-08-13,25.517,25.606,25.219,25.527,623758,0
2014-08-14,25.586,25.656,25.209,25.636,506827,0
2014-08-15,25.626,25.666,24.726,24.726,848550,0
2014-08-18,24.844,25.556,24.844,25.507,747242,0
2014-08-19,25.636,26.129,25.527,25.676,1108982,0
2014-08-20,25.666,25.804,25.132,25.298,562456,0
2014-08-21,25.368,25.418,24.962,25.189,644982,0
2014-08-22,25.209,25.98,25.199,25.844,893949,0
2014-08-25,26.0,26.119,25.378,25.566,715158,0
2014-08-26,25.576,25.686,25.189,25.219,500341,0
2014-08-27,25.209,25.487,24.726,24.864,1032052,0
2014-08-28,24.775,25.338,24.726,25.298,919907,0
2014-08-29,25.399,25.518,25.289,25.359,610337,0
2014-09-02,25.23,25.439,25.023,25.171,698148,0
2014-09-03,25.319,25.587,25.279,25.498,1327564,0
2014-09-04,25.597,25.805,25.399,25.557,723177,0
2014-09-05,25.478,25.627,25.389,25.547,359015,0
2014-09-08,25.538,25.677,25.429,25.637,451359,0
2014-09-09,25.547,25.647,25.18,25.329,341879,0
2014-09-10,25.309,25.557,25.123,25.459,444218,0
2014-09-11,25.369,25.478,25.171,25.269,512204,0
2014-09-12,25.289,25.409,25.053,25.339,594940,0
2014-09-15,25.359,25.567,25.152,25.161,492931,0
2014-09-16,25.073,25.409,25.013,25.19,912928,0
2014-09-17,25.143,25.547,25.143,25.399,654595,0
2014-09-18,25.439,25.587,24.875,25.123,693961,0
2014-09-19,25.123,25.249,24.518,24.697,2577235,0
2014-09-22,24.747,25.133,24.667,24.805,597757,0
2014-09-23,24.757,24.825,24.528,24.537,487521,0
2014-09-24,24.647,24.767,24.478,24.717,450166,0
2014-09-25,24.707,24.825,24.478,24.617,446947,0
2014-09-26,24.687,24.903,24.339,24.597,348438,0
2014-09-29,24.26,24.459,24.093,24.28,563364,0
2014-09-30,24.27,24.319,24.003,24.073,500811,0
2014-10-01,24.003,24.073,23.201,23.29,830628,0
2014-10-02,23.31,23.825,23.31,23.725,677136,0
2014-10-03,23.854,24.093,23.725,23.845,1024688,0
2014-10-06,24.013,24.113,23.745,23.795,360855,0
2014-10-07,23.657,23.854,23.489,23.529,393388,0
2014-10-08,23.558,23.883,23.33,23.815,557866,0
2014-10-09,23.717,23.835,23.113,23.597,601298,0
2014-10-10,23.647,24.212,23.587,23.953,982209,0
2014-10-13,23.854,23.913,23.46,23.765,1136921,0
2014-10-14,23.903,24.339,23.864,23.903,573690,0
2014-10-15,23.627,24.399,23.44,24.073,556086,0
2014-10-16,23.755,24.299,23.697,24.153,560053,0
2014-10-17,24.369,24.389,23.687,23.854,492293,0
2014-10-20,23.805,24.221,23.805,24.023,610076,0
2014-10-21,23.973,24.627,23.835,24.231,666355,0
2014-10-22,24.27,24.469,24.103,24.202,515805,0
2014-10-23,24.319,24.498,24.163,24.449,635645,0
2014-10-24,24.845,24.913,23.014,23.034,1083182,0
2014-10-27,23.36,23.775,23.27,23.745,861062,0
2014-10-28,23.785,24.439,23.637,24.389,677912,0
2014-10-29,24.379,24.805,23.805,23.854,884287,0
2014-10-30,23.755,24.093,23.677,23.973,404954,0
2014-10-31,24.212,24.537,24.133,24.508,474565,0
2014-11-03,24.488,24.903,24.488,24.776,510530,0
2014-11-04,24.767,25.113,24.687,24.727,549882,0
2014-11-05,24.923,25.289,24.835,25.003,513394,0
2014-11-06,25.161,25.488,24.993,25.429,508165,0
2014-11-07,25.399,25.498,25.033,25.439,632321,0
2014-11-10,25.449,25.895,25.439,25.795,537046,0
2014-11-11,25.725,26.864,25.725,26.814,858716,0
2014-11-12,26.766,27.397,26.726,27.318,878305,0
2014-11-13,27.417,27.715,26.933,27.229,924802,0
2014-11-14,27.19,27.397,26.924,27.023,417259,0
2014-11-17,27.043,27.595,26.795,27.103,690666,0
2014-11-18,27.063,27.278,26.726,27.171,644453,0
2014-11-19,27.142,27.655,27.103,27.625,598739,0
2014-11-20,27.655,28.379,27.437,28.35,885518,0
2014-11-21,28.555,28.555,27.845,27.865,719272,0
2014-11-24,27.875,28.29,27.845,28.191,503378,0
2014-11-25,28.24,28.803,28.24,28.654,774780,0
2014-11-26,28.677,28.717,27.817,27.986,695055,0
2014-11-28,28.065,28.372,27.956,28.114,511771,0
2014-12-01,28.065,28.214,27.657,28.085,630271,0
2014-12-02,28.144,28.233,27.488,27.717,513417,0
2014-12-03,27.657,28.313,27.657,28.243,569474,0
2014-12-04,28.223,28.243,27.459,27.607,553716,0
2014-12-05,27.588,27.737,27.055,27.538,876809,0
2014-12-08,27.508,28.075,27.31,27.667,459684,0
2014-12-09,27.192,27.468,26.777,27.154,658108,0
2014-12-10,27.154,27.221,26.41,26.598,392738,0
2014-12-11,26.896,27.28,26.727,26.906,301724,0
2014-12-12,26.796,27.508,26.539,27.221,402852,0
2014-12-15,27.26,27.677,27.201,27.518,632429,0
2014-12-16,27.468,27.627,26.926,26.955,403609,0
2014-12-17,27.657,28.035,27.498,27.917,832181,0
2014-12-18,28.223,28.489,27.827,28.343,407286,0
2014-12-19,28.382,28.627,28.026,28.333,815371,0
2014-12-22,28.42,29.025,28.174,28.936,440579,0
2014-12-23,29.114,29.848,29.045,29.788,629514,0
2014-12-24,29.848,30.143,29.668,30.027,248087,0
2014-12-26,30.232,30.282,29.977,30.124,209421,0
2014-12-29,30.085,30.937,30.085,30.709,645562,0
2014-12-30,30.669,31.036,30.342,30.431,380415,0
2014-12-31,30.48,30.808,30.222,30.282,438985,0
2015-01-02,30.52,30.57,29.758,30.332,907671,0
2015-01-05,30.066,30.401,29.948,30.212,508717,0
2015-01-06,30.242,30.252,28.816,29.085,1234110,0
2015-01-07,29.333,30.066,29.124,29.968,926002,0
2015-01-08,30.411,30.55,30.134,30.451,1358013,0
2015-01-09,30.332,30.441,29.798,30.085,1079588,0
2015-01-12,30.066,30.372,29.748,30.292,441380,0
2015-01-13,30.51,31.373,29.559,29.987,730183,0
2015-01-14,29.708,29.928,29.035,29.708,603316,0
2015-01-15,29.658,29.858,28.846,28.916,649052,0
2015-01-16,28.776,29.373,28.469,29.323,469328,0
2015-01-20,29.323,29.471,28.618,29.363,648085,0
2015-01-21,29.363,30.719,29.213,30.679,720206,0
2015-01-22,30.878,31.928,30.749,31.868,986289,0
2015-01-23,31.709,32.224,31.6,32.075,728979,0
2015-01-26,31.978,32.571,31.928,32.491,570313,0
2015-01-27,31.918,32.491,31.759,32.204,571415,0
2015-01-28,32.343,32.591,31.888,31.998,547132,0
2015-01-29,32.283,32.362,31.898,32.085,750050,0
2015-01-30,31.898,32.095,31.224,31.363,563514,0
2015-02-02,31.333,31.729,30.262,31.63,745017,0
2015-02-03,30.987,31.075,29.828,31.056,1015344,0
2015-02-04,31.056,31.532,30.957,31.204,772068,0
2015-02-05,31.224,31.403,30.838,30.927,909654,0
2015-02-06,30.709,33.392,30.421,31.898,1631272,0
2015-02-09,32.254,32.343,31.373,31.433,519902,0
2015-02-10,31.453,31.482,30.62,30.828,575713,0
2015-02-11,30.799,31.006,30.59,30.689,397793,0
2015-02-12,30.689,31.234,30.6,31.145,577188,0
2015-02-13,31.185,31.393,30.828,31.056,416712,0
2015-02-17,31.066,31.066,30.352,30.61,528050,0
2015-02-18,30.51,31.016,30.411,30.55,418015,0
2015-02-19,30.56,30.709,30.332,30.51,331504,0
2015-02-20,30.57,30.679,30.134,30.441,312454,0
2015-02-23,30.56,30.769,29.918,30.056,301748,0
2015-02-24,30.114,30.193,29.5,29.559,315001,0
2015-02-25,29.49,29.678,29.174,29.423,439227,0
2015-02-26,29.49,29.529,29.174,29.393,582786,0
2015-02-27,29.383,29.569,29.184,29.529,654064,0
2015-03-02,29.738,30.066,29.223,29.453,1007256,0
2015-03-03,29.49,29.648,28.558,28.836,1080442,0
2015-03-04,28.697,28.697,28.214,28.233,586203,0
2015-03-05,28.263,28.362,27.737,27.787,515641,0
2015-03-06,27.63,28.048,27.581,27.81,450865,0
2015-03-09,27.8,27.949,27.432,27.64,383185,0
2015-03-10,27.511,27.969,27.511,27.8,594800,0
2015-03-11,27.82,28.256,27.76,28.038,631312,0
2015-03-12,28.137,28.523,28.108,28.306,452984,0
2015-03-13,28.236,28.542,28.108,28.336,555160,0
2015-03-16,28.493,28.74,28.226,28.246,1059988,0
2015-03-17,28.117,28.365,27.85,27.93,885290,0
2015-03-18,27.9,28.127,27.571,28.009,568174,0
2015-03-19,27.949,28.137,27.71,27.959,352725,0
2015-03-20,28.078,28.108,27.68,27.989,1343722,0
2015-03-23,27.989,28.336,27.76,27.79,504526,0
2015-03-24,27.86,29.367,27.79,28.79,910304,0
2015-03-25,28.89,28.9,27.8,27.84,414655,0
2015-03-26,27.76,27.89,27.352,27.452,432106,0
2015-03-27,27.382,27.82,27.273,27.491,334569,0
2015-03-30,27.62,28.058,27.422,27.88,415060,0
2015-03-31,27.7,28.355,27.59,28.068,351344,0
2015-04-01,28.068,28.068,27.233,27.283,421918,0
2015-04-02,27.313,27.79,27.165,27.62,313086,0
2015-04-06,27.521,28.187,27.382,28.019,478301,0
2015-04-07,27.969,28.187,27.84,27.84,254186,0
2015-04-08,27.85,28.346,27.82,28.256,319540,0
2015-04-09,28.197,28.602,28.197,28.552,427102,0
2015-04-10,28.641,28.75,28.276,28.513,324381,0
2015-04-13,28.542,28.75,28.276,28.671,235621,0
2015-04-14,28.641,28.81,28.157,28.721,242984,0
2015-04-15,28.8,29.237,28.621,28.93,404206,0
2015-04-16,28.92,28.92,28.246,28.276,435672,0
2015-04-17,28.048,28.266,27.452,27.999,389943,0
2015-04-20,28.127,28.256,27.9,28.226,318296,0
2015-04-21,28.256,28.355,28.137,28.296,269822,0
2015-04-22,28.266,28.999,28.088,28.979,449202,0
2015-04-23,28.92,29.237,28.75,29.118,664598,0
2015-04-24,30.297,32.718,30.297,32.518,1455019,0
2015-04-27,32.728,34.323,32.708,33.35,1415538,0
2015-04-28,33.45,35.761,33.4,34.412,2386362,0
2015-04-29,34.273,34.59,33.629,34.106,1007942,0
2015-04-30,34.018,34.136,33.469,33.709,787453,0
2015-05-01,33.808,34.58,33.808,34.372,477091,0
2015-05-04,34.58,35.057,34.253,34.461,580073,0
2015-05-05,34.52,34.82,33.948,33.968,605290,0
2015-05-06,34.008,34.116,33.32,33.808,581825,0
2015-05-07,33.818,34.481,33.629,34.283,589209,0
2015-05-08,34.53,34.989,34.283,34.85,630002,0
2015-05-11,34.949,35.413,34.55,35.165,597220,0
2015-05-12,35.086,35.116,34.362,34.8,437389,0
2015-05-13,34.77,35.264,34.65,34.8,332552,0
2015-05-14,34.989,35.116,34.362,34.452,462769,0
2015-05-15,34.412,35.274,34.313,35.205,372309,0
2015-05-18,35.363,35.921,35.038,35.861,328438,0
2015-05-19,35.901,36.386,35.413,35.931,716990,0
2015-05-20,35.931,36.038,35.224,35.284,395995,0
2015-05-21,35.185,35.771,35.086,35.692,489194,0
2015-05-22,35.672,35.841,35.254,35.592,295432,0
2015-05-26,35.482,35.722,34.999,35.096,295091,0
2015-05-27,35.076,35.722,34.78,35.472,477394,0
2015-05-28,35.512,35.652,34.74,34.85,617957,0
2015-05-29,34.73,35.028,34.56,34.73,577955,0
2015-06-01,34.86,35.254,33.659,33.759,879971,0
2015-06-02,33.702,34.206,33.532,34.119,735828,0
2015-06-03,34.246,34.953,33.831,34.644,425765,0
2015-06-04,34.564,34.874,34.216,34.306,352689,0
2015-06-05,34.385,34.494,33.662,33.762,698926,0
2015-06-08,33.782,34.425,33.782,34.256,629374,0
2015-06-09,34.296,34.415,33.672,33.921,324666,0
2015-06-10,34.119,34.286,33.851,34.099,460070,0
2015-06-11,34.109,34.744,34.109,34.226,718433,0
2015-06-12,34.256,34.375,34.079,34.196,328094,0
2015-06-15,34.059,34.405,33.433,34.011,459835,0
2015-06-16,34.031,34.814,34.001,34.514,515575,0
2015-06-17,34.604,34.923,34.147,34.415,321845,0
2015-06-18,34.524,35.337,34.415,35.071,474553,0
2015-06-19,35.022,35.437,34.714,35.032,905356,0
2015-06-22,35.248,35.915,35.1,35.666,508621,0
2015-06-23,35.875,36.687,35.626,36.558,800771,0
2015-06-24,36.469,36.687,36.181,36.499,611131,0
2015-06-25,36.598,36.608,36.092,36.341,537550,0
2015-06-26,36.441,36.548,36.141,36.241,663847,0
2015-06-29,35.955,36.431,35.775,35.945,608308,0
2015-06-30,36.261,36.391,35.785,35.925,735613,0
2015-07-01,36.281,36.371,35.526,35.855,642780,0
2015-07-02,35.855,36.181,35.596,35.755,351982,0
2015-07-06,35.576,36.132,35.347,35.706,410443,0
2015-07-07,35.696,35.696,34.933,35.576,427076,0
2015-07-08,35.397,35.975,35.013,35.13,1091024,0
2015-07-09,35.716,35.835,35.298,35.377,463765,0
2015-07-10,35.626,36.331,35.476,36.221,485436,0
2015-07-13,36.539,37.262,36.381,37.094,598329,0
2015-07-14,37.094,37.172,36.857,36.917,469238,0
2015-07-15,36.966,37.501,36.539,37.202,567906,0
2015-07-16,37.055,37.382,36.867,37.133,824619,0
2015-07-17,37.124,37.232,36.271,36.697,840040,0
2015-07-20,36.757,36.927,36.321,36.381,664151,0
2015-07-21,36.371,36.757,36.251,36.548,505900,0
2015-07-22,36.441,37.62,36.411,37.312,634214,0
2015-07-23,37.372,37.521,36.519,37.085,1571522,0
2015-07-24,38.742,38.752,34.021,34.654,2439685,0
2015-07-27,34.654,34.654,33.482,33.662,1429500,0
2015-07-28,33.891,35.042,33.293,34.584,1004841,0
2015-07-29,34.604,35.022,34.604,34.884,552367,0
2015-07-30,34.784,35.646,34.774,35.556,433425,0
2015-07-31,35.706,36.707,35.417,36.687,737529,0
2015-08-03,36.737,36.887,36.211,36.667,706179,0
2015-08-04,36.598,37.262,36.441,37.114,381919,0
2015-08-05,37.202,37.76,36.907,37.252,499549,0
2015-08-06,37.232,37.232,36.301,36.431,460614,0
2015-08-07,36.231,36.598,36.053,36.391,444716,0
2015-08-10,36.737,37.8,36.441,37.402,595104,0
2015-08-11,37.252,37.372,36.727,36.966,695665,0
2015-08-12,36.707,36.986,35.526,36.857,575045,0
2015-08-13,36.867,37.104,36.697,36.877,478986,0
2015-08-14,38.224,39.257,37.919,39.109,722914,0
2015-08-17,39.059,39.207,38.453,38.979,602057,0
2015-08-18,38.979,39.377,38.612,39.147,607804,0
2015-08-19,38.91,39.227,38.354,38.88,571920,0
2015-08-20,38.742,39.069,38.274,38.384,528779,0
2015-08-21,37.72,38.493,37.501,37.521,460943,0
2015-08-24,35.566,37.362,32.104,36.361,661776,0
2015-08-25,37.182,37.471,35.885,35.895,573232,0
2015-08-26,36.797,37.242,35.995,37.124,458526,0
2015-08-27,37.392,37.571,36.451,37.075,550352,0
2015-08-28,37.065,37.71,36.907,37.581,338375,0
2015-08-31,37.352,37.72,37.085,37.352,520615,0
2015-09-01,36.9,37.155,36.313,36.443,376850,0
2015-09-02,36.74,37.623,36.641,36.89,992039,0
2015-09-03,37.136,37.514,36.8,36.959,549912,0
2015-09-04,36.74,38.011,36.74,37.743,721869,0
2015-09-08,38.198,39.371,37.932,39.251,865619,0
2015-09-09,39.749,39.768,38.746,38.894,523218,0
2015-09-10,39.003,39.003,37.753,37.853,687650,0
2015-09-11,37.793,38.119,37.673,37.991,919107,0
2015-09-14,37.991,38.517,37.763,38.467,402437,0
2015-09-15,38.527,38.834,38.128,38.566,705045,0
2015-09-16,38.566,39.033,38.288,38.676,626774,0
2015-09-17,38.854,39.679,38.586,38.864,648237,0
2015-09-18,38.398,38.834,38.188,38.497,1233805,0
2015-09-21,38.736,38.874,37.683,37.843,707059,0
2015-09-22,37.235,37.823,37.018,37.445,898355,0
2015-09-23,37.633,37.633,37.028,37.305,642219,0
2015-09-24,37.107,37.265,36.104,37.068,777087,0
2015-09-25,37.425,37.564,36.988,37.155,580738,0
2015-09-28,36.998,37.225,35.449,35.668,553926,0
2015-09-29,35.648,35.738,34.795,35.201,771631,0
2015-09-30,35.628,35.997,35.28,35.847,756824,0
2015-10-01,35.987,36.353,35.718,36.055,601892,0
2015-10-02,35.688,36.353,35.201,36.353,948119,0
2015-10-05,36.67,37.425,36.501,37.345,484544,0
2015-10-06,37.245,37.942,37.145,37.813,521809,0
2015-10-07,38.051,38.795,37.843,38.467,927166,0
2015-10-08,38.636,40.143,38.527,39.749,879922,0
2015-10-09,39.858,40.502,39.669,40.035,603302,0
2015-10-12,40.075,40.452,39.729,40.163,287781,0
2015-10-13,39.947,40.075,39.112,39.141,437995,0
2015-10-14,39.161,39.251,37.564,37.743,518382,0
2015-10-15,37.843,37.942,37.205,37.723,632617,0
2015-10-16,37.723,38.338,37.484,38.198,460462,0
2015-10-19,38.168,38.487,37.902,38.148,351481,0
2015-10-20,38.248,38.467,37.981,38.208,229802,0
2015-10-21,38.368,38.566,37.653,37.713,240152,0
2015-10-22,37.912,38.061,37.325,37.604,432858,0
2015-10-23,38.051,38.188,36.363,36.621,823509,0
2015-10-26,36.661,37.355,36.591,37.117,415834,0
2015-10-27,35.787,36.006,33.384,33.922,2631806,0
2015-10-28,34.13,35.24,34.12,34.755,920216,0
2015-10-29,34.197,34.625,32.85,33.304,1412207,0
2015-10-30,25.146,26.227,23.567,24.49,9243055,0
2015-11-02,24.619,25.482,23.765,25.204,3208000,0
2015-11-03,25.116,26.048,25.056,25.881,2745537,0
2015-11-04,25.841,25.999,25.662,25.881,1243366,0
2015-11-05,25.811,25.969,25.333,25.443,805579,0
2015-11-06,25.293,25.333,24.47,24.956,1195323,0
2015-11-09,24.858,24.966,24.48,24.659,754812,0
2015-11-10,24.619,24.996,24.5,24.916,1520698,0
2015-11-11,24.887,24.916,24.261,24.649,948825,0
2015-11-12,24.281,24.461,23.903,24.182,721363,0
2015-11-13,23.845,24.182,23.507,23.795,607131,0
2015-11-16,23.775,24.033,23.428,23.923,850809,0
2015-11-17,24.133,24.351,23.278,23.418,852421,0
2015-11-18,23.179,23.667,22.961,23.587,596149,0
2015-11-19,23.497,23.567,23.249,23.378,385716,0
2015-11-20,23.587,23.657,23.239,23.527,386723,0
2015-11-23,23.597,23.874,23.388,23.667,482318,0
2015-11-24,23.428,24.599,23.17,24.441,751685,0
2015-11-25,24.381,24.779,24.192,24.659,491790,0
2015-11-27,24.594,24.734,24.356,24.525,304277,0
2015-11-30,24.436,24.436,24.027,24.117,679379,0
2015-12-01,24.266,24.594,24.117,24.346,889369,0
2015-12-02,24.386,24.574,24.187,24.217,934939,0
2015-12-03,24.326,24.744,23.878,23.997,952761,0
2015-12-04,24.007,24.475,23.927,24.426,427592,0
2015-12-07,24.416,24.426,23.342,23.432,705643,0
2015-12-08,23.173,23.412,22.974,23.024,552435,0
2015-12-09,23.014,23.302,22.368,22.428,673039,0
2015-12-10,22.507,22.806,22.08,22.448,1314378,0
2015-12-11,22.21,22.557,22.09,22.12,884270,0
2015-12-14,22.07,22.15,21.186,21.603,1080144,0
2015-12-15,21.752,22.557,21.603,22.308,913453,0
2015-12-16,22.418,22.816,22.358,22.706,625842,0
2015-12-17,22.696,22.836,21.683,22.06,1055749,0
2015-12-18,21.931,22.11,21.663,21.941,2249769,0
2015-12-21,22.02,22.716,21.921,22.576,1241518,0
2015-12-22,22.527,22.676,22.18,22.438,853899,0
2015-12-23,22.477,23.044,22.2,22.796,558819,0
2015-12-24,22.776,22.954,22.666,22.786,192746,0
2015-12-28,22.676,22.806,22.18,22.418,448444,0
2015-12-29,22.507,22.895,22.507,22.756,572573,0
2015-12-30,22.666,22.895,22.408,22.408,377740,0
2015-12-31,22.358,22.487,22.02,22.25,552670,0
2016-01-04,21.971,22.626,21.812,22.537,703091,0
2016-01-05,22.586,23.153,22.547,22.974,1042490,0
2016-01-06,22.557,22.656,21.096,21.236,1879160,0
2016-01-07,20.857,21.335,20.44,20.539,897526,0
2016-01-08,20.599,20.779,20.113,20.203,1064832,0
2016-01-11,20.272,20.559,20.213,20.42,657398,0
2016-01-12,20.679,23.044,20.679,22.557,1734107,0
2016-01-13,22.586,22.636,20.39,20.609,1015568,0
2016-01-14,20.589,21.206,20.361,20.887,647971,0
2016-01-15,20.39,22.378,20.37,22.25,1361899,0
2016-01-19,23.133,23.551,21.513,22.328,1442182,0
2016-01-20,22.09,22.567,21.216,22.438,1014026,0
2016-01-21,22.567,23.591,22.418,22.686,985268,0
2016-01-22,22.914,23.561,22.766,23.054,908253,0
2016-01-25,22.974,23.089,21.762,21.822,843449,0
2016-01-26,21.851,22.934,21.792,22.865,751273,0
2016-01-27,22.826,23.233,22.458,22.686,572088,0
2016-01-28,22.885,23.124,21.703,21.921,1011614,0
2016-01-29,22.11,22.974,21.901,22.736,840775,0
2016-02-01,22.686,22.856,22.21,22.507,1468872,0
2016-02-02,21.792,22.12,20.749,21.066,1632536,0
2016-02-03,21.365,21.683,20.739,21.355,916926,0
2016-02-04,21.325,21.868,21.226,21.325,1075753,0
2016-02-05,21.286,21.563,20.789,20.927,1033910,0
2016-02-08,20.739,21.286,20.262,21.206,681995,0
2016-02-09,20.887,21.335,20.509,20.829,673610,0
2016-02-10,20.987,22.09,20.947,21.573,851242,0
2016-02-11,21.166,21.673,20.529,21.533,881235,0
2016-02-12,21.623,22.13,21.483,21.941,501660,0
2016-02-16,22.28,22.576,21.663,22.358,1082331,0
2016-02-17,22.616,23.789,22.547,23.292,1553640,0
2016-02-18,22.895,23.491,20.133,21.822,3079134,0
2016-02-19,21.483,21.951,21.256,21.891,1131294,0
2016-02-22,22.12,22.448,21.703,21.911,941590,0
2016-02-23,21.891,22.04,21.513,21.812,999568,0
2016-02-24,21.653,22.13,21.365,22.04,754801,0
2016-02-25,22.04,22.676,21.812,22.666,519752,0
2016-02-26,22.746,22.844,22.313,22.497,441876,0
2016-02-29,22.527,23.362,22.408,22.846,894634,0
2016-03-01,22.984,23.581,22.746,23.233,597742,0
2016-03-02,23.203,23.253,22.547,22.836,644267,0
2016-03-03,22.786,23.362,22.646,23.312,456666,0
2016-03-04,23.193,24.067,23.143,23.322,648003,0
2016-03-07,23.243,24.515,23.208,24.505,601097,0
2016-03-08,24.396,24.396,23.084,23.611,823315,0
2016-03-09,23.809,24.336,23.511,23.917,559191,0
2016-03-10,23.987,24.127,23.133,23.382,334627,0
2016-03-11,23.656,24.332,23.277,24.312,454389,0
2016-03-14,24.183,24.312,23.367,23.656,486063,0
2016-03-15,23.546,23.774,22.899,23.248,357825,0
2016-03-16,23.099,23.616,23.029,23.616,289835,0
2016-03-17,23.606,23.784,23.208,23.716,485491,0
2016-03-18,23.706,24.511,23.526,24.193,1435521,0
2016-03-21,24.163,24.67,23.963,24.491,443559,0
2016-03-22,24.332,24.491,24.073,24.213,342419,0
2016-03-23,24.153,24.243,23.734,23.883,336411,0
2016-03-24,23.636,23.754,23.248,23.744,255879,0
2016-03-28,23.774,24.501,23.706,24.292,381098,0
2016-03-29,24.372,24.372,23.725,24.223,483722,0
2016-03-30,24.382,25.097,24.382,24.918,547421,0
2016-03-31,24.889,25.118,24.67,24.968,389103,0
2016-04-01,24.75,25.247,24.501,25.217,442870,0
2016-04-04,25.158,25.914,24.898,25.865,990280,0
2016-04-05,25.953,25.953,25.207,25.247,951341,0
2016-04-06,25.326,26.082,25.326,25.805,723541,0
2016-04-07,25.695,26.162,25.62,25.685,878502,0
2016-04-08,25.933,26.311,25.695,26.202,585809,0
2016-04-11,26.241,26.649,25.795,25.943,517213,0
2016-04-12,25.943,26.391,25.835,25.993,595360,0
2016-04-13,26.809,27.574,26.759,27.326,1222692,0
2016-04-14,27.286,27.435,26.809,26.839,456796,0
2016-04-15,26.769,27.048,26.639,26.928,533411,0
2016-04-18,26.889,27.018,26.679,26.799,303049,0
2016-04-19,26.988,26.988,26.421,26.5,363720,0
2016-04-20,26.48,26.609,26.033,26.401,539809,0
2016-04-21,26.5,26.59,26.033,26.062,325396,0
2016-04-22,26.013,26.749,25.978,26.401,1009142,0
2016-04-25,26.301,26.301,25.755,25.855,394235,0
2016-04-26,26.082,26.739,25.765,26.54,924957,0
2016-04-27,26.669,26.849,26.371,26.54,740717,0
2016-04-28,26.082,26.246,25.256,25.366,840142,0
2016-04-29,25.118,26.421,24.392,26.072,1508213,0
2016-05-02,26.192,26.814,25.924,26.351,1041855,0
2016-05-03,26.351,26.411,25.645,25.973,651564,0
2016-05-04,25.845,26.192,25.396,25.515,544782,0
2016-05-05,25.645,25.845,25.058,25.227,488940,0
2016-05-06,25.187,25.466,24.86,25.406,350966,0
2016-05-09,25.406,25.725,25.256,25.456,386540,0
2016-05-10,25.525,25.615,25.266,25.456,274297,0
2016-05-11,25.266,25.326,24.382,24.481,507927,0
2016-05-12,24.65,24.72,24.402,24.63,414309,0
2016-05-13,24.402,24.63,23.913,23.973,327278,0
2016-05-16,23.993,24.253,23.774,24.013,427028,0
2016-05-17,23.993,24.253,23.596,23.686,432765,0
2016-05-18,23.516,23.784,23.218,23.287,490260,0
2016-05-19,23.109,23.893,23.01,23.656,484055,0
2016-05-20,23.656,23.754,23.347,23.546,1210748,0
2016-05-23,23.536,23.993,23.536,23.656,630207,0
2016-05-24,24.083,24.262,23.993,24.043,542130,0
2016-05-25,24.133,24.54,24.083,24.342,698071,0
2016-05-26,24.57,24.81,24.312,24.442,561956,0
2016-05-27,24.402,24.938,24.402,24.889,590342,0
2016-05-31,24.889,25.247,24.81,24.968,624678,0
2016-06-01,24.845,25.073,24.705,24.993,534622,0
2016-06-02,24.903,25.028,24.406,24.855,484595,0
2016-06-03,24.875,25.133,24.217,24.953,618082,0
2016-06-06,24.943,25.113,24.635,24.685,588748,0
2016-06-07,24.605,25.063,24.346,24.825,715046,0
2016-06-08,24.903,25.681,24.865,25.591,525001,0
2016-06-09,25.331,25.491,24.555,24.585,567951,0
2016-06-10,24.306,24.306,23.57,23.6,577023,0
2016-06-13,23.52,23.52,22.823,22.902,930690,0
2016-06-14,22.753,22.882,22.236,22.434,738823,0
2016-06-15,22.424,22.932,22.379,22.444,566535,0
2016-06-16,22.394,22.464,22.031,22.414,646163,0
2016-06-17,22.304,22.952,22.246,22.613,791216,0
2016-06-20,22.872,23.191,22.713,22.723,608159,0
2016-06-21,22.803,22.803,22.006,22.146,642105,0
2016-06-22,22.156,22.206,21.727,21.886,791791,0
2016-06-23,22.216,22.474,22.036,22.384,870201,0
2016-06-24,21.379,22.006,21.289,21.638,6853395,0
2016-06-27,21.458,21.478,20.417,21.01,1434675,0
2016-06-28,21.18,21.428,20.9,21.1,1063406,0
2016-06-29,21.428,21.996,21.289,21.946,1295569,0
2016-06-30,21.906,21.926,21.448,21.797,719081,0
2016-07-01,21.797,22.713,21.797,22.284,814249,0
2016-07-05,22.284,22.544,21.802,22.076,1114615,0
2016-07-06,22.066,22.833,21.946,22.743,2879828,0
2016-07-07,22.763,23.112,22.454,22.603,671011,0
2016-07-08,22.952,23.48,22.673,23.201,609926,0
2016-07-11,23.46,23.69,23.34,23.54,512119,0
2016-07-12,23.778,24.326,23.715,23.768,1156444,0
2016-07-13,23.927,24.017,23.47,23.49,519077,0
2016-07-14,23.738,23.987,23.575,23.59,332186,0
2016-07-15,23.65,23.69,23.32,23.32,695725,0
2016-07-18,23.37,23.728,23.31,23.32,689040,0
2016-07-19,23.32,23.44,23.022,23.042,731989,0
2016-07-20,23.102,23.201,22.912,22.992,509309,0
2016-07-21,22.912,23.092,22.783,22.872,495420,0
2016-07-22,22.912,22.912,22.583,22.633,721700,0
2016-07-25,22.554,23.131,22.484,22.992,650865,0
2016-07-26,23.032,23.44,23.002,23.151,393613,0
2016-07-27,23.171,23.43,22.803,22.803,479053,0
2016-07-28,22.424,22.424,21.428,21.856,1553452,0
2016-07-29,21.777,24.217,21.409,23.848,2136783,0
2016-08-01,23.72,24.356,23.122,23.997,1182316,0
2016-08-02,23.977,24.067,23.45,23.6,677283,0
2016-08-03,23.5,23.887,23.191,23.72,546710,0
2016-08-04,23.768,24.032,23.58,23.858,378452,0
2016-08-05,24.067,24.705,24.047,24.555,498944,0
2016-08-08,24.645,24.825,24.336,24.466,322115,0
2016-08-09,24.565,24.605,24.286,24.476,429508,0
2016-08-10,24.575,24.74,24.356,24.446,422871,0
2016-08-11,25.033,25.311,24.555,24.805,489365,0
2016-08-12,24.755,24.923,24.58,24.675,300627,0
2016-08-15,24.765,25.073,24.705,24.943,236235,0
2016-08-16,24.923,24.983,24.428,24.825,510334,0
2016-08-17,24.815,24.973,24.386,24.745,464764,0
2016-08-18,24.715,25.113,24.635,25.103,302261,0
2016-08-19,25.063,25.261,24.894,25.113,632067,0
2016-08-22,25.103,25.311,24.875,25.153,335801,0
2016-08-23,25.301,25.391,25.153,25.162,409273,0
2016-08-24,25.421,25.561,25.133,25.192,461768,0
2016-08-25,25.162,25.421,24.953,24.963,376120,0
2016-08-26,24.943,25.133,24.535,24.625,412377,0
2016-08-29,24.695,25.093,24.665,25.093,407256,0
2016-08-30,24.983,25.023,24.675,24.755,261692,0
2016-08-31,24.82,24.88,24.271,24.281,504677,0
2016-09-01,24.241,24.416,23.694,24.391,434580,0
2016-09-02,24.511,24.898,24.221,24.7,365802,0
2016-09-06,24.7,24.76,24.041,24.091,443175,0
2016-09-07,24.111,24.918,24.041,24.84,422045,0
2016-09-08,24.82,25.547,24.69,25.327,694460,0
2016-09-09,25.118,25.397,24.64,24.65,533121,0
2016-09-12,24.321,25.347,24.321,25.167,755923,0
2016-09-13,24.918,25.307,24.898,24.908,794242,0
2016-09-14,24.978,25.098,24.57,24.63,395050,0
2016-09-15,24.521,24.938,24.341,24.928,380023,0
2016-09-16,24.87,24.998,24.65,24.84,1028744,0
2016-09-19,24.978,25.387,24.77,24.928,685173,0
2016-09-20,24.998,25.307,24.84,24.928,456372,0
2016-09-21,25.138,25.227,24.81,25.008,664690,0
2016-09-22,25.118,25.567,25.108,25.507,756311,0
2016-09-23,25.347,25.817,25.287,25.577,457217,0
2016-09-26,25.447,25.447,24.898,24.908,493771,0
2016-09-27,24.82,25.277,24.8,25.058,250195,0
2016-09-28,25.088,25.237,24.68,24.908,515351,0
2016-09-29,24.83,25.098,24.58,24.61,718983,0
2016-09-30,24.76,25.592,24.69,25.337,746104,0
2016-10-03,25.307,25.407,24.8,24.87,438847,0
2016-10-04,24.84,25.567,24.83,24.889,402559,0
2016-10-05,25.038,25.427,24.889,25.088,269986,0
2016-10-06,25.068,25.187,24.72,25.167,213478,0
2016-10-07,25.267,25.297,24.86,25.048,186555,0
2016-10-10,25.237,25.712,25.237,25.537,345992,0
2016-10-11,23.961,24.471,22.527,22.736,1699303,0
2016-10-12,22.776,22.915,22.527,22.606,720996,0
2016-10-13,22.905,23.095,22.527,22.696,825027,0
2016-10-14,22.776,22.856,22.616,22.686,440199,0
2016-10-17,22.696,23.015,22.586,22.746,369253,0
2016-10-18,22.885,23.544,22.846,23.344,650450,0
2016-10-19,23.454,23.723,23.294,23.484,579655,0
2016-10-20,23.374,23.594,23.085,23.144,382871,0
2016-10-21,22.985,23.284,22.865,23.154,263565,0
2016-10-24,23.524,23.634,23.354,23.444,314492,0
2016-10-25,23.344,23.384,22.93,23.025,416420,0
2016-10-26,22.856,23.234,22.696,22.875,491035,0
2016-10-27,22.636,22.786,22.297,22.557,652800,0
2016-10-28,23.204,24.82,22.885,24.251,1622324,0
2016-10-31,24.401,25.008,24.351,24.63,999988,0
2016-11-01,24.74,25.118,24.56,25.088,763737,0
2016-11-02,25.068,25.487,24.69,24.73,729445,0
2016-11-03,24.73,25.177,24.61,24.76,519612,0
2016-11-04,24.898,25.697,24.82,25.177,509691,0
2016-11-07,25.697,25.955,25.627,25.926,556651,0
2016-11-08,25.837,26.015,25.517,25.627,348404,0
2016-11-09,25.138,26.287,25.138,26.214,734499,0
2016-11-10,26.414,27.221,26.224,26.663,865627,0
2016-11-11,26.693,27.5,26.484,27.38,990524,0
2016-11-14,27.51,28.308,27.44,27.88,785961,0
2016-11-15,27.86,28.308,27.57,27.949,597428,0
2016-11-16,27.85,28.667,27.75,28.537,753837,0
2016-11-17,28.677,28.906,28.517,28.547,690665,0
2016-11-18,28.647,29.005,28.188,28.916,928157,0
2016-11-21,29.005,29.26,28.866,29.245,632830,0
2016-11-22,29.405,29.553,29.175,29.543,829309,0
2016-11-23,29.405,29.883,29.385,29.633,516556,0
2016-11-25,29.773,29.773,29.455,29.494,265636,0
2016-11-28,29.415,29.415,28.672,28.786,897351,0
2016-11-29,28.796,29.415,28.776,29.415,705613,0
2016-11-30,29.415,29.523,28.956,29.025,470562,0
2016-12-01,28.985,29.465,28.926,29.275,540365,0
2016-12-02,29.345,29.455,29.095,29.305,491238,0
2016-12-05,29.613,29.783,29.315,29.763,449342,0
2016-12-06,29.613,30.191,29.395,30.161,681761,0
2016-12-07,30.211,31.896,30.171,31.827,1006088,0
2016-12-08,32.093,32.768,31.629,32.462,1462381,0
2016-12-09,32.622,32.692,32.063,32.402,1022995,0
2016-12-12,31.954,32.832,31.654,32.772,816458,0
2016-12-13,32.722,33.55,32.562,33.29,1045444,0
2016-12-14,33.36,33.53,32.902,33.32,729028,0
2016-12-15,33.49,34.138,33.025,33.24,787710,0
2016-12-16,33.04,33.36,32.343,32.702,2439440,0
2016-12-19,32.842,33.44,32.842,33.19,677721,0
2016-12-20,33.41,33.939,33.09,33.889,858876,0
2016-12-21,33.989,34.098,33.53,33.74,333450,0
2016-12-22,33.65,33.65,31.884,32.053,907139,0
2016-12-23,31.884,32.253,31.665,32.143,421960,0
2016-12-27,32.143,32.622,31.954,32.203,357160,0
2016-12-28,32.183,32.343,31.539,31.924,459844,0
2016-12-29,31.974,32.432,31.684,31.974,337201,0
2016-12-30,31.994,32.213,31.445,31.914,436024,0
2017-01-03,32.323,32.417,31.335,31.824,762318,0
2017-01-04,32.113,32.652,32.023,32.492,582405,0
2017-01-05,32.033,32.033,30.727,31.235,504216,0
2017-01-06,31.405,31.41,30.767,30.787,691164,0
2017-01-09,30.727,31.405,30.497,31.175,664186,0
2017-01-10,31.485,32.802,31.415,32.362,986853,0
2017-01-11,32.372,32.562,31.554,32.422,1269959,0
2017-01-12,32.652,32.652,31.944,32.333,673281,0
2017-01-13,32.532,32.532,31.814,31.974,548114,0
2017-01-17,31.924,32.552,31.824,31.944,532407,0
2017-01-18,31.954,32.427,31.584,32.233,473376,0
2017-01-19,29.939,30.607,28.831,29.12,2434267,0
2017-01-20,29.599,30.547,29.599,30.237,1224770,0
2017-01-23,30.078,30.647,29.779,30.577,477539,0
2017-01-24,30.677,31.485,30.677,31.425,602800,0
2017-01-25,31.764,32.143,31.345,31.465,452995,0
2017-01-26,31.275,31.495,30.857,30.877,457310,0
2017-01-27,30.926,30.926,30.237,30.467,611631,0
2017-01-30,30.567,30.807,30.297,30.597,361899,0
2017-01-31,30.307,30.907,30.187,30.867,613602,0
2017-02-01,30.986,31.465,30.617,30.727,487244,0
2017-02-02,30.727,31.145,30.427,30.587,714781,0
2017-02-03,30.737,30.877,29.729,29.859,950548,0
2017-02-06,29.839,30.038,29.42,29.719,902428,0
2017-02-07,29.869,30.227,29.34,29.629,413757,0
2017-02-08,29.649,29.809,29.23,29.629,822188,0
2017-02-09,29.699,30.337,29.689,29.899,648527,0
2017-02-10,30.137,30.267,29.609,29.978,488623,0
2017-02-13,30.058,30.407,29.39,29.44,585093,0
2017-02-14,29.14,29.729,29.14,29.34,746346,0
2017-02-15,29.19,29.649,29.05,29.39,1026086,0
2017-02-16,29.34,29.699,29.175,29.45,894768,0
2017-02-17,30.477,31.415,26.057,26.866,4515177,0
2017-02-21,27.115,27.295,26.372,26.926,1606929,0
2017-02-22,26.886,27.165,26.547,26.995,727410,0
2017-02-23,27.115,27.155,26.706,26.856,665322,0
2017-02-24,26.846,27.524,26.497,27.115,542600,0
2017-02-27,27.035,27.354,26.926,27.275,539511,0
2017-02-28,27.095,27.275,26.646,27.215,886980,0
2017-03-01,27.434,28.267,27.394,27.674,1060287,0
2017-03-02,27.654,28.322,27.654,28.142,482487,0
2017-03-03,27.993,28.402,27.694,27.894,503862,0
2017-03-06,27.764,27.764,27.255,27.325,697129,0
2017-03-07,27.334,27.524,27.025,27.125,495098,0
2017-03-08,27.205,27.794,27.085,27.604,676520,0
2017-03-09,27.464,27.814,27.354,27.374,484482,0
2017-03-10,27.374,28.202,27.374,27.943,671175,0
2017-03-13,28.031,28.37,27.791,28.36,793126,0
2017-03-14,28.36,28.909,28.105,28.799,694455,0
2017-03-15,28.869,29.678,28.769,29.439,988602,0
2017-03-16,29.508,30.347,29.349,30.008,972895,0
2017-03-17,30.008,30.397,29.748,30.028,971480,0
2017-03-20,30.008,30.008,29.214,29.299,574261,0
2017-03-21,29.399,29.399,28.24,28.26,848051,0
2017-03-22,28.19,28.61,28.08,28.59,955920,0
2017-03-23,28.54,28.929,28.48,28.65,590948,0
2017-03-24,28.58,28.819,28.58,28.67,344810,0
2017-03-27,28.08,28.839,28.08,28.779,407431,0
2017-03-28,28.68,29.109,28.52,28.999,461561,0
2017-03-29,28.949,29.279,28.929,29.259,414672,0
2017-03-30,29.149,29.858,29.149,29.808,465427,0
2017-03-31,29.778,29.958,29.628,29.698,499481,0
2017-04-03,29.708,29.708,29.109,29.209,475622,0
2017-04-04,29.209,29.518,29.009,29.439,678291,0
2017-04-05,29.538,30.008,29.449,29.518,599240,0
2017-04-06,29.748,30.197,29.688,29.988,531894,0
2017-04-07,29.988,30.507,29.658,30.347,802702,0
2017-04-10,30.727,31.026,30.128,30.487,649317,0
2017-04-11,30.487,31.086,30.417,30.847,489198,0
2017-04-12,30.837,31.036,30.647,30.717,502933,0
2017-04-13,30.657,30.907,30.297,30.367,440284,0
2017-04-17,30.507,30.547,30.098,30.327,409085,0
2017-04-18,30.347,30.797,29.928,30.118,502259,0
2017-04-19,30.197,30.437,29.958,30.167,581420,0
2017-04-20,30.437,31.216,30.437,30.946,550329,0
2017-04-21,30.737,30.867,30.092,30.667,638044,0
2017-04-24,31.146,31.536,30.951,31.366,504937,0
2017-04-25,31.536,31.635,31.131,31.466,464517,0
2017-04-26,31.565,32.225,31.536,31.975,604962,0
2017-04-27,31.925,32.135,31.501,32.065,856459,0
2017-04-28,33.952,36.029,33.812,35.889,3560115,0
2017-05-01,36.349,37.217,36.059,36.688,1661570,0
2017-05-02,36.409,37.487,36.079,37.098,1477744,0
2017-05-03,37.008,37.617,36.818,37.257,737592,0
2017-05-04,37.317,37.402,36.269,36.329,938364,0
2017-05-05,36.429,36.469,35.989,36.339,750196,0
2017-05-08,36.469,36.788,35.949,36.049,532133,0
2017-05-09,36.059,36.409,35.909,36.139,430457,0
2017-05-10,36.129,36.359,35.68,36.199,612965,0
2017-05-11,35.889,36.079,35.111,35.131,967055,0
2017-05-12,34.951,35.191,34.631,34.951,505276,0
2017-05-15,34.951,35.31,34.661,34.801,373989,0
2017-05-16,34.721,35.121,34.252,34.981,597505,0
2017-05-17,34.391,35.3,34.391,35.011,728766,0
2017-05-18,35.021,35.27,34.611,34.901,946952,0
2017-05-19,35.081,35.171,34.531,34.531,420775,0
2017-05-22,34.611,34.911,34.391,34.761,374626,0
2017-05-23,34.811,35.021,34.312,34.322,393070,0
2017-05-24,34.361,34.945,33.977,34.811,416169,0
2017-05-25,35.181,35.72,35.021,35.5,616810,0
2017-05-26,35.59,35.879,35.26,35.879,620258,0
2017-05-30,35.73,36.224,35.66,36.059,656193,0
2017-05-31,36.159,36.509,35.66,36.469,559677,0
2017-06-01,36.529,38.067,36.239,38.057,1353366,0
2017-06-02,37.967,39.435,37.497,39.095,1198133,0
2017-06-05,39.185,39.185,38.296,38.855,718454,0
2017-06-06,38.536,38.855,38.057,38.356,445356,0
2017-06-07,38.336,39.684,38.226,39.564,1098057,0
2017-06-08,39.894,40.273,39.375,39.475,942596,0
2017-06-09,39.644,39.844,39.225,39.435,598988,0
2017-06-12,39.564,40.093,39.275,39.844,837230,0
2017-06-13,39.983,40.043,39.135,39.485,521183,0
2017-06-14,39.435,39.435,38.705,39.155,441633,0
2017-06-15,38.865,39.295,38.625,38.825,352109,0
2017-06-16,38.536,39.375,38.276,39.365,911618,0
2017-06-19,39.584,39.584,38.735,39.255,443272,0
2017-06-20,39.165,39.165,38.306,38.376,438769,0
2017-06-21,38.316,38.845,37.975,38.605,778883,0
2017-06-22,38.246,38.785,37.967,38.545,606751,0
2017-06-23,38.483,38.873,38.173,38.473,1009237,0
2017-06-26,38.533,38.813,38.383,38.733,601900,0
2017-06-27,38.723,39.503,38.723,39.143,617535,0
2017-06-28,39.163,40.232,38.983,40.092,1177642,0
2017-06-29,40.112,40.122,38.283,39.003,1036817,0
2017-06-30,39.003,39.103,38.663,38.873,729572,0
2017-07-03,38.913,39.413,38.803,38.923,381443,0
2017-07-05,38.953,39.118,38.424,38.583,761976,0
2017-07-06,38.453,38.628,37.554,37.724,1087141,0
2017-07-07,37.764,38.173,37.314,37.814,1114780,0
2017-07-10,37.844,38.074,37.114,37.684,626478,0
2017-07-11,37.914,38.064,37.614,37.934,1284057,0
2017-07-12,38.183,38.623,37.844,37.874,1268759,0
2017-07-13,37.964,38.323,37.814,38.183,400516,0
2017-07-14,38.343,38.343,37.714,37.724,455587,0
2017-07-17,37.734,38.313,37.674,38.113,593066,0
2017-07-18,38.123,38.893,38.039,38.783,1061714,0
2017-07-19,38.963,40.562,38.963,39.962,759382,0
2017-07-20,39.972,39.972,39.322,39.503,543343,0
2017-07-21,39.992,40.117,39.393,39.752,409399,0
2017-07-24,39.682,39.902,39.383,39.672,798171,0
2017-07-25,39.932,40.872,39.832,40.232,764170,0
2017-07-26,40.152,40.212,39.672,39.712,647291,0
2017-07-27,39.453,40.612,39.273,40.592,1204492,0
2017-07-28,43.73,47.507,43.3,47.507,3976493,0
2017-07-31,48.087,48.186,46.028,46.248,2045907,0
2017-08-01,46.258,46.428,45.498,45.918,1913059,0
2017-08-02,45.838,46.018,45.455,45.898,1175280,0
2017-08-03,45.898,46.138,45.678,45.818,568068,0
2017-08-04,45.928,46.448,45.548,46.348,980330,0
2017-08-07,46.258,46.777,45.908,45.948,823464,0
2017-08-08,46.058,46.296,45.568,45.728,653201,0
2017-08-09,45.269,45.788,44.769,45.608,715956,0
2017-08-10,45.318,45.648,44.669,44.769,479582,0
2017-08-11,44.399,45.658,43.859,45.159,596639,0
2017-08-14,45.468,46.128,45.279,45.598,612121,0
2017-08-15,45.748,45.748,44.989,45.209,433067,0
2017-08-16,45.348,45.678,44.959,44.969,680369,0
2017-08-17,44.869,44.949,43.36,43.4,948756,0
2017-08-18,43.08,43.69,42.77,43.5,1109457,0
2017-08-21,43.44,43.71,43.08,43.46,569911,0
2017-08-22,43.71,44.209,43.305,44.089,503333,0
2017-08-23,43.84,44.059,43.34,43.48,749179,0
2017-08-24,43.919,44.209,43.29,43.67,795081,0
2017-08-25,43.32,44.359,43.0,44.159,528621,0
2017-08-28,44.269,45.049,44.269,44.669,769792,0
2017-08-29,44.079,44.749,43.845,44.329,563907,0
2017-08-30,44.459,44.919,44.159,44.259,680117,0
2017-08-31,44.319,44.669,43.66,44.239,859715,0
2017-09-01,44.319,44.569,44.124,44.469,458940,0
2017-09-05,44.469,44.829,43.41,43.47,593613,0
2017-09-06,43.59,43.59,41.691,41.971,1113530,0
2017-09-07,42.191,42.381,40.862,41.081,1041286,0
2017-09-08,41.081,41.861,41.001,41.841,859403,0
2017-09-11,42.171,43.125,41.661,41.721,772272,0
2017-09-12,41.841,42.71,41.841,42.64,717848,0
2017-09-13,42.69,43.26,42.64,43.13,529648,0
2017-09-14,43.08,43.44,42.49,42.61,658973,0
2017-09-15,42.69,43.08,42.59,42.9,1716895,0
2017-09-18,41.7,41.7,38.21,38.41,2606037,0
2017-09-19,38.35,39.45,37.8354,39.35,1753889,0
2017-09-20,39.13,39.64,38.65,39.22,702165,0
2017-09-21,39.26,39.89,38.76,38.83,693253,0
2017-09-22,38.9,39.3,38.68,39.03,560852,0
2017-09-25,38.92,39.65,38.89,39.42,582322,0
2017-09-26,39.42,40.51,39.27,40.06,846818,0
2017-09-27,40.24,41.81,40.13,41.37,1095115,0
2017-09-28,41.93,43.57,41.6,43.54,1631867,0
2017-09-29,43.54,44.1,43.05,43.63,1594602,0
2017-10-02,43.63,43.86,43.36,43.81,1267518,0
2017-10-03,43.73,44.19,43.3819,44.19,781004,0
2017-10-04,44.27,44.7,44.12,44.61,414565,0
2017-10-05,44.52,45.06,44.19,44.57,898963,0
2017-10-06,44.36,44.65,44.12,44.39,643307,0
2017-10-09,44.39,44.425,43.785,43.96,518980,0
2017-10-10,44.17,44.17,43.35,43.89,518508,0
2017-10-11,43.95,43.96,42.82,42.96,731358,0
2017-10-12,42.81,42.81,41.855,42.46,454806,0
2017-10-13,42.44,42.7,42.06,42.1,351766,0
2017-10-16,42.14,42.4,41.52,41.54,396593,0
2017-10-17,41.73,41.91,41.48,41.55,342467,0
2017-10-18,41.55,41.55,40.92,41.27,828956,0
2017-10-19,41.13,42.94,40.98,42.48,590284,0
2017-10-20,42.755,42.86,42.24,42.74,550319,0
2017-10-23,42.58,42.89,42.02,42.09,728736,0
2017-10-24,42.19,42.53,41.82,42.39,467252,0
2017-10-25,42.22,42.57,41.56,42.34,892261,0
2017-10-26,42.55,43.09,42.11,42.24,1026495,0
2017-10-27,39.91,41.71,37.93,39.14,3272308,0
2017-10-30,38.57,38.57,36.985,37.07,1605170,0
2017-10-31,37.15,37.35,35.54,36.8,1768917,0
2017-11-01,37.17,37.2401,35.57,35.93,1712163,0
2017-11-02,35.84,36.32,35.19,35.8,1179810,0
2017-11-03,35.86,36.92,35.63,36.43,1430815,0
2017-11-06,36.28,36.57,35.57,35.59,1029506,0
2017-11-07,35.72,35.72,34.29,34.44,1149793,0
2017-11-08,35.51,36.09,34.8,35.99,1805497,0
2017-11-09,35.68,35.86,35.23,35.62,979951,0
2017-11-10,37.6,38.06,36.26,36.59,1214968,0
