Date,Open,High,Low,Close,Volume,OpenInt
2014-01-02,109.68,111.2,108.62,109.07,546160,0
2014-01-03,110.55,113.61,109.9,112.18,993994,0
2014-01-06,112.4,113.2,110.76,111.12,1036739,0
2014-01-07,111.3,112.7,110.95,112.48,928693,0
2014-01-08,111.79,112.92,111.23,111.62,782116,0
2014-01-09,112.36,113.5,112.01,112.85,489905,0
2014-01-10,113.56,115.05,112.94,114.89,682883,0
2014-01-13,114.71,115.24,113.07,113.57,947735,0
2014-01-14,114.66,117.24,113.12,116.85,824748,0
2014-01-15,116.9,118.77,115.96,116.72,984858,0
2014-01-16,116.47,117.5,115.4,117.13,613790,0
2014-01-17,117.06,118.27,116.34,117.69,696757,0
2014-01-21,118.95,119.52,117.21,117.25,826713,0
2014-01-22,117.64,117.96,116.0,117.0,505214,0
2014-01-23,116.06,116.78,114.55,115.58,663271,0
2014-01-24,114.72,116.26,114.72,115.23,787057,0
2014-01-27,115.41,116.45,113.1,114.66,980491,0
2014-01-28,114.65,116.91,114.48,115.5,924291,0
2014-01-29,114.67,115.86,113.09,113.19,647958,0
2014-01-30,114.26,115.14,113.72,114.46,589508,0
2014-01-31,114.49,115.29,112.99,114.08,812631,0
2014-02-03,114.7,114.9,108.91,109.54,1336266,0
2014-02-04,110.29,111.43,109.42,109.57,1092962,0
2014-02-05,109.18,111.54,108.98,110.07,1730096,0
2014-02-06,121.38,126.29,119.21,124.06,3395655,0
2014-02-07,124.83,127.3,123.76,124.2,1708764,0
2014-02-10,123.72,124.63,122.21,122.53,1125640,0
2014-02-11,122.68,125.07,122.35,124.64,933504,0
2014-02-12,124.75,125.88,123.49,124.16,667537,0
2014-02-13,124.4,126.2,123.05,125.46,807392,0
2014-02-14,125.91,126.7,124.81,126.54,793757,0
2014-02-18,126.38,127.52,125.29,125.99,1026816,0
2014-02-19,125.74,126.68,124.93,125.14,1103126,0
2014-02-20,125.18,127.26,124.97,126.76,888351,0
2014-02-21,126.51,127.68,126.51,127.12,889711,0
2014-02-24,127.51,128.3,125.53,125.7,1057329,0
2014-02-25,125.84,127.03,124.58,124.7,828278,0
2014-02-26,125.29,126.02,123.7,124.99,1112520,0
2014-02-27,125.02,125.29,123.63,124.23,893717,0
2014-02-28,124.25,127.64,124.25,126.56,1044325,0
2014-03-03,125.14,126.38,124.33,125.48,782144,0
2014-03-04,127.53,129.19,125.36,125.62,1133618,0
2014-03-05,125.62,125.91,124.28,124.79,697137,0
2014-03-06,125.43,126.52,125.06,125.94,719635,0
2014-03-07,126.23,127.33,125.66,126.0,533626,0
2014-03-10,126.02,127.07,125.16,125.98,616740,0
2014-03-11,126.45,127.69,125.68,126.14,1028706,0
2014-03-12,125.06,126.21,124.46,125.69,992233,0
2014-03-13,126.11,126.11,123.02,123.76,758985,0
2014-03-14,123.65,124.68,123.08,123.8,524925,0
2014-03-17,124.81,125.7,124.06,125.5,611535,0
2014-03-18,125.39,125.39,123.85,125.15,807345,0
2014-03-19,125.1,125.76,122.75,123.78,578876,0
2014-03-20,123.63,124.33,122.64,124.01,592123,0
2014-03-21,124.84,127.18,123.57,125.59,1997331,0
2014-03-24,125.7,126.41,123.36,123.96,528712,0
2014-03-25,124.49,124.97,122.4,122.83,851408,0
2014-03-26,123.62,123.77,121.95,122.02,596584,0
2014-03-27,121.58,124.56,121.34,123.16,739449,0
2014-03-28,123.87,124.16,122.78,123.91,660282,0
2014-03-31,124.52,125.86,124.02,125.76,537215,0
2014-04-01,126.22,127.75,125.86,126.51,779960,0
2014-04-02,126.71,126.74,125.47,126.12,726518,0
2014-04-03,126.32,126.59,124.82,125.66,404142,0
2014-04-04,124.4,125.03,120.84,120.91,909795,0
2014-04-07,120.71,120.93,116.83,117.42,1246198,0
2014-04-08,117.38,118.75,116.7,118.46,704304,0
2014-04-09,119.42,120.97,118.65,120.85,583417,0
2014-04-10,121.9,123.88,117.92,117.92,707059,0
2014-04-11,116.6,118.0,115.46,115.56,827944,0
2014-04-14,116.56,117.86,115.07,116.51,662837,0
2014-04-15,116.72,117.8,115.17,116.85,542585,0
2014-04-16,117.76,118.86,117.07,118.79,545400,0
2014-04-17,118.77,121.61,118.37,120.11,808091,0
2014-04-21,119.9,120.79,119.22,120.67,478871,0
2014-04-22,120.8,124.63,120.8,120.88,1229117,0
2014-04-23,120.67,122.36,119.83,121.42,595455,0
2014-04-24,121.12,122.31,119.81,121.61,401158,0
2014-04-25,121.08,121.56,119.28,119.9,639531,0
2014-04-28,120.87,122.5,118.88,120.71,718222,0
2014-04-29,120.64,120.64,118.17,119.1,767401,0
2014-04-30,119.3,120.74,118.7,120.56,674991,0
2014-05-01,123.34,123.43,120.03,120.25,379956,0
2014-05-02,120.53,122.3,120.42,120.96,451945,0
2014-05-05,119.9,120.97,118.93,120.3,629293,0
2014-05-06,119.97,120.86,119.11,119.76,632090,0
2014-05-07,119.91,120.52,117.82,118.74,559126,0
2014-05-08,119.29,122.37,118.93,121.73,1007280,0
2014-05-09,121.7,124.13,121.43,123.82,846902,0
2014-05-12,124.05,124.92,123.52,124.51,759663,0
2014-05-13,124.67,124.95,122.34,122.68,821624,0
2014-05-14,122.91,123.29,121.43,122.41,1569187,0
2014-05-15,127.25,127.71,119.4,123.49,2260430,0
2014-05-16,123.13,123.26,119.48,120.94,1911470,0
2014-05-19,120.75,122.74,120.58,122.07,788805,0
2014-05-20,122.06,122.06,120.39,121.38,896377,0
2014-05-21,121.38,122.29,119.98,121.85,930363,0
2014-05-22,121.38,122.94,121.38,121.77,641976,0
2014-05-23,122.25,122.98,121.76,122.51,515729,0
2014-05-27,123.3,123.3,120.51,120.71,602769,0
2014-05-28,120.69,121.07,119.27,120.38,532439,0
2014-05-29,121.38,122.62,120.85,121.58,610334,0
2014-05-30,121.6,123.56,121.6,123.44,683925,0
2014-06-02,123.48,123.75,122.47,123.73,512704,0
2014-06-03,123.15,125.07,123.04,124.49,737891,0
2014-06-04,124.08,125.77,123.99,125.72,420768,0
2014-06-05,125.79,127.03,125.42,126.69,609163,0
2014-06-06,126.91,127.91,126.39,127.67,495925,0
2014-06-09,127.46,128.23,126.05,126.97,636211,0
2014-06-10,126.33,126.89,125.47,126.23,522251,0
2014-06-11,125.79,126.18,124.7,125.4,353246,0
2014-06-12,125.06,125.17,122.79,123.54,545102,0
2014-06-13,123.91,124.1,122.63,124.06,442351,0
2014-06-16,123.68,124.61,123.47,124.33,446292,0
2014-06-17,124.33,125.92,124.33,125.27,574257,0
2014-06-18,126.03,129.83,126.03,129.04,940395,0
2014-06-19,129.32,129.83,126.65,128.16,623582,0
2014-06-20,128.72,129.23,127.21,129.12,833705,0
2014-06-23,129.02,130.14,128.53,129.99,1383656,0
2014-06-24,129.99,133.22,129.99,130.98,1517206,0
2014-06-25,130.3,130.85,127.34,129.17,1130927,0
2014-06-26,129.62,131.03,129.34,129.85,1163981,0
2014-06-27,129.82,132.81,129.82,132.78,1345206,0
2014-06-30,132.97,135.39,132.18,134.19,1475531,0
2014-07-01,135.13,135.22,133.64,133.81,1091774,0
2014-07-02,133.56,134.46,132.9,133.54,525118,0
2014-07-03,134.32,134.47,133.43,134.21,301893,0
2014-07-07,133.27,134.35,133.1,133.3,433439,0
2014-07-08,133.29,133.29,130.96,131.58,486865,0
2014-07-09,132.02,132.91,130.55,132.88,676993,0
2014-07-10,131.82,133.22,131.32,132.46,501760,0
2014-07-11,132.26,132.87,131.8,132.59,487287,0
2014-07-14,132.95,134.54,132.95,134.09,735444,0
2014-07-15,133.54,134.09,131.7,131.95,526871,0
2014-07-16,132.82,132.82,130.49,131.14,474129,0
2014-07-17,130.29,130.69,129.05,129.18,483136,0
2014-07-18,129.24,130.19,127.98,129.79,648909,0
2014-07-21,129.63,130.32,127.8,127.87,413474,0
2014-07-22,127.54,127.66,123.22,123.47,1556237,0
2014-07-23,124.0,124.25,122.58,122.92,657249,0
2014-07-24,124.22,127.05,123.52,125.95,1373531,0
2014-07-25,125.45,126.23,124.28,124.87,355338,0
2014-07-28,124.56,124.59,123.13,123.81,498127,0
2014-07-29,123.84,124.1,122.27,122.29,424498,0
2014-07-30,122.53,123.82,122.34,123.52,525639,0
2014-07-31,123.19,123.86,120.36,120.44,896138,0
2014-08-01,120.65,121.96,119.04,120.39,939568,0
2014-08-04,121.05,123.67,120.5,123.35,823643,0
2014-08-05,122.91,124.87,122.18,123.73,779600,0
2014-08-06,122.92,123.83,122.32,122.32,815053,0
2014-08-07,123.3,123.6,120.96,121.18,570979,0
2014-08-08,121.63,124.53,121.03,124.43,670438,0
2014-08-11,125.13,125.71,123.9,124.57,529633,0
2014-08-12,124.53,124.91,122.83,124.03,616628,0
2014-08-13,124.52,124.77,122.01,122.26,1104149,0
2014-08-14,128.32,131.68,125.57,130.91,2400990,0
2014-08-15,131.66,132.72,130.2,130.79,1360226,0
2014-08-18,131.4,132.65,131.2,132.63,682250,0
2014-08-19,132.71,134.27,132.64,133.32,800974,0
2014-08-20,133.24,134.6,132.8,134.41,402326,0
2014-08-21,134.67,135.26,133.53,133.76,560039,0
2014-08-22,133.91,135.26,133.23,134.68,409163,0
2014-08-25,135.42,136.23,134.88,135.6,434811,0
2014-08-26,135.4,135.95,134.99,135.33,443643,0
2014-08-27,135.74,136.79,135.28,136.7,559042,0
2014-08-28,136.85,137.31,135.55,136.68,632365,0
2014-08-29,136.7,137.06,135.13,135.69,602505,0
2014-09-02,136.41,138.0,136.28,137.13,1045680,0
2014-09-03,137.67,138.22,137.22,137.55,600547,0
2014-09-04,137.55,138.82,137.2,137.52,441796,0
2014-09-05,137.26,137.8,136.32,137.01,535660,0
2014-09-08,136.73,137.52,135.29,136.07,403873,0
2014-09-09,135.66,136.36,134.82,135.15,356156,0
2014-09-10,135.34,135.57,133.84,135.17,404814,0
2014-09-11,134.28,134.83,132.88,133.71,557750,0
2014-09-12,134.04,134.51,132.55,133.16,536246,0
2014-09-15,133.01,134.04,132.15,133.29,687647,0
2014-09-16,132.53,135.74,132.41,134.69,739526,0
2014-09-17,134.64,135.49,133.63,133.72,363026,0
2014-09-18,133.77,133.84,132.67,132.98,514169,0
2014-09-19,133.09,133.09,130.76,131.14,994474,0
2014-09-22,130.38,130.52,128.65,130.28,1161256,0
2014-09-23,130.08,130.66,128.47,128.5,598552,0
2014-09-24,128.89,130.09,128.38,130.0,441616,0
2014-09-25,130.0,130.3,127.58,127.58,470023,0
2014-09-26,128.12,129.75,128.06,129.48,462666,0
2014-09-29,127.68,130.32,127.68,130.02,577716,0
2014-09-30,130.22,130.47,128.39,129.68,785137,0
2014-10-01,129.27,130.82,128.46,129.9,1021986,0
2014-10-02,129.58,132.59,129.41,132.33,949138,0
2014-10-03,133.12,134.72,131.58,134.46,809982,0
2014-10-06,135.67,135.67,133.61,133.76,617593,0
2014-10-07,133.69,135.43,132.74,133.17,776816,0
2014-10-08,133.59,136.21,133.1,136.17,909210,0
2014-10-09,135.11,136.08,132.42,133.35,704071,0
2014-10-10,132.71,134.21,132.07,132.17,873731,0
2014-10-13,132.77,133.55,130.14,130.26,1289816,0
2014-10-14,130.73,133.41,130.18,133.34,687777,0
2014-10-15,130.72,134.28,129.52,132.87,1123269,0
2014-10-16,130.9,133.5,130.78,131.8,1091212,0
2014-10-17,132.73,135.36,132.06,135.12,722508,0
2014-10-20,134.83,139.15,134.82,138.87,905064,0
2014-10-21,140.14,141.37,139.62,140.31,912785,0
2014-10-22,141.0,141.49,137.61,138.09,868285,0
2014-10-23,140.44,142.9,139.93,140.07,1632960,0
2014-10-24,140.54,141.42,138.78,141.33,962995,0
2014-10-27,141.45,143.81,141.15,143.75,467122,0
2014-10-28,144.29,145.49,143.04,145.06,667597,0
2014-10-29,145.59,145.59,143.24,144.32,493189,0
2014-10-30,144.29,145.27,143.25,144.99,463668,0
2014-10-31,146.51,146.51,144.99,146.22,735009,0
2014-11-03,147.42,148.56,146.37,147.02,895903,0
2014-11-04,146.87,148.01,146.35,147.7,1034295,0
2014-11-05,148.53,149.09,147.82,148.63,1423450,0
2014-11-06,137.81,146.76,136.5,144.85,3415405,0
2014-11-07,145.16,145.84,140.59,141.14,1327548,0
2014-11-10,141.52,144.47,141.09,144.46,1170501,0
2014-11-11,144.29,144.68,143.52,144.27,527355,0
2014-11-12,144.0,145.76,144.0,145.53,582620,0
2014-11-13,145.71,146.53,144.7,145.27,521997,0
2014-11-14,146.06,146.87,143.64,144.1,565944,0
2014-11-17,144.5,146.29,144.5,145.11,560557,0
2014-11-18,144.73,145.78,144.73,145.5,740101,0
2014-11-19,145.27,145.42,143.37,144.03,817119,0
2014-11-20,143.5,145.51,143.37,144.48,487415,0
2014-11-21,145.33,145.68,144.73,144.78,524977,0
2014-11-24,145.02,145.43,143.41,144.87,588827,0
2014-11-25,145.27,145.7,142.4,144.74,1006647,0
2014-11-26,145.14,145.64,144.04,144.99,647164,0
2014-11-28,145.27,147.32,144.95,146.34,686340,0
2014-12-01,145.67,147.03,145.4,146.33,1226361,0
2014-12-02,145.97,148.13,145.81,147.74,1027785,0
2014-12-03,147.7,151.4,147.62,151.29,1051443,0
2014-12-04,151.03,152.78,149.92,152.5,810351,0
2014-12-05,153.46,153.62,151.63,153.43,913837,0
2014-12-08,154.14,154.14,152.14,152.93,821258,0
2014-12-09,151.96,157.88,151.26,157.49,1248339,0
2014-12-10,157.4,158.35,156.05,156.48,661387,0
2014-12-11,157.34,160.5,156.58,158.39,811307,0
2014-12-12,158.51,161.21,158.15,159.48,861776,0
2014-12-15,160.92,162.55,159.52,160.24,1350163,0
2014-12-16,159.67,160.49,156.22,156.25,1164960,0
2014-12-17,156.52,158.93,155.11,158.78,500652,0
2014-12-18,160.29,160.78,158.52,159.97,507795,0
2014-12-19,159.94,160.44,158.24,159.08,1022947,0
2014-12-22,159.45,159.89,158.02,158.67,512682,0
2014-12-23,159.8,161.77,159.56,160.48,527302,0
2014-12-24,160.72,161.66,159.51,159.52,153112,0
2014-12-26,159.57,160.54,159.15,159.29,308947,0
2014-12-29,159.47,161.41,159.03,160.51,419598,0
2014-12-30,160.5,161.36,159.29,159.32,341894,0
2014-12-31,159.93,161.94,158.55,158.57,470218,0
2015-01-02,160.14,161.75,156.77,157.85,512313,0
2015-01-05,157.47,158.28,155.2,155.77,807307,0
2015-01-06,155.86,156.59,153.21,155.66,876290,0
2015-01-07,157.25,159.9,156.36,159.01,1332837,0
2015-01-08,162.61,162.71,160.29,160.41,1030398,0
2015-01-09,159.24,160.9,157.69,159.59,916456,0
2015-01-12,159.42,159.7,157.52,158.22,760320,0
2015-01-13,158.91,160.01,151.64,153.07,828426,0
2015-01-14,151.21,152.47,148.7,150.14,722726,0
2015-01-15,150.48,151.17,147.15,147.34,930658,0
2015-01-16,147.34,149.52,146.52,149.32,780446,0
2015-01-20,149.36,152.06,147.77,151.97,946122,0
2015-01-21,151.8,153.4,151.38,152.66,714444,0
2015-01-22,153.71,156.92,153.21,155.84,742205,0
2015-01-23,156.29,157.35,153.95,155.08,688783,0
2015-01-26,155.05,158.54,155.05,158.52,618121,0
2015-01-27,157.39,158.82,156.17,158.32,543570,0
2015-01-28,158.78,160.42,157.81,158.59,1142625,0
2015-01-29,158.98,160.27,156.88,159.55,563877,0
2015-01-30,158.85,160.27,156.7,158.29,834280,0
2015-02-02,158.76,158.76,152.6,155.27,823846,0
2015-02-03,156.51,156.65,153.78,156.37,575212,0
2015-02-04,156.06,156.57,153.83,155.77,748380,0
2015-02-05,156.09,159.95,156.09,159.45,1300129,0
2015-02-06,159.69,161.69,159.51,161.28,867746,0
2015-02-09,160.9,161.04,158.36,160.03,1069019,0
2015-02-10,160.11,162.48,160.08,162.15,687724,0
2015-02-11,162.75,164.24,160.82,161.65,1212264,0
2015-02-12,154.3,156.38,150.26,150.73,4064554,0
2015-02-13,150.33,151.14,148.52,149.48,2127235,0
2015-02-17,149.23,150.69,148.18,149.55,1571530,0
2015-02-18,148.97,152.91,147.82,152.53,1797371,0
2015-02-19,152.49,154.26,151.77,152.58,1154986,0
2015-02-20,151.95,154.44,151.13,154.36,933155,0
2015-02-23,154.89,156.51,154.02,156.48,857584,0
2015-02-24,156.65,157.0,154.6,155.7,646182,0
2015-02-25,155.8,155.87,154.8,155.55,399365,0
2015-02-26,155.55,156.01,154.53,154.68,495468,0
2015-02-27,155.04,155.54,153.94,154.24,721731,0
2015-03-02,154.02,154.71,153.24,154.08,913153,0
2015-03-03,154.9,155.9,152.81,153.78,721280,0
2015-03-04,153.28,153.28,149.76,150.14,873773,0
2015-03-05,151.13,152.54,150.24,151.83,756641,0
2015-03-06,151.02,152.27,147.79,148.39,1718817,0
2015-03-09,148.32,148.83,147.07,147.61,843135,0
2015-03-10,146.12,146.97,144.44,145.85,1297404,0
2015-03-11,146.29,147.04,144.94,146.65,707016,0
2015-03-12,146.2,149.55,146.2,148.64,781956,0
2015-03-13,148.52,149.72,145.9,148.93,677583,0
2015-03-16,149.28,150.54,148.81,150.43,682906,0
2015-03-17,150.33,151.0,149.15,149.32,534231,0
2015-03-18,148.94,149.09,146.39,148.41,718482,0
2015-03-19,148.44,148.8,146.8,148.57,916202,0
2015-03-20,148.78,151.66,147.86,151.28,1309125,0
2015-03-23,150.43,151.59,148.87,148.89,1041522,0
2015-03-24,148.28,151.28,147.53,150.38,691369,0
2015-03-25,150.24,151.55,148.0,148.11,717981,0
2015-03-26,147.01,149.71,146.08,148.79,831652,0
2015-03-27,149.05,151.5,148.73,150.76,862378,0
2015-03-30,152.1,152.64,150.57,151.45,610633,0
2015-03-31,151.17,151.94,148.86,149.07,891435,0
2015-04-01,147.16,148.23,142.85,143.15,2433498,0
2015-04-02,143.35,145.04,142.42,143.38,1536275,0
2015-04-06,143.17,146.64,142.74,145.12,1155695,0
2015-04-07,145.43,146.48,145.18,146.09,800291,0
2015-04-08,146.34,148.22,145.74,148.19,773812,0
2015-04-09,147.69,148.61,146.37,147.43,649569,0
2015-04-10,148.34,149.91,146.95,149.58,590350,0
2015-04-13,148.72,150.12,148.3,148.56,378068,0
2015-04-14,148.15,149.57,147.01,148.43,734648,0
2015-04-15,148.83,149.78,147.94,148.96,580701,0
2015-04-16,148.51,150.68,147.7,149.38,719666,0
2015-04-17,148.39,149.18,147.31,149.18,798915,0
2015-04-20,149.21,151.9,149.21,151.77,893842,0
2015-04-21,152.65,154.03,151.55,151.77,902577,0
2015-04-22,151.6,151.98,149.88,150.88,1194328,0
2015-04-23,153.02,153.35,145.92,146.07,1872773,0
2015-04-24,146.35,148.12,142.6,147.99,1447634,0
2015-04-27,148.37,148.37,143.94,144.39,909473,0
2015-04-28,144.4,144.63,142.4,143.9,798613,0
2015-04-29,143.9,144.58,142.91,144.06,710749,0
2015-04-30,143.83,144.61,142.3,142.4,1274388,0
2015-05-01,142.49,144.86,142.03,144.74,598784,0
2015-05-04,144.65,145.53,144.35,144.85,678716,0
2015-05-05,144.85,145.12,142.82,143.39,682934,0
2015-05-06,143.72,144.24,142.4,143.49,594189,0
2015-05-07,143.79,145.22,143.29,143.93,785790,0
2015-05-08,144.86,146.38,143.77,144.16,582017,0
2015-05-11,144.38,145.83,143.5,144.91,349651,0
2015-05-12,144.14,146.55,143.5,146.51,810726,0
2015-05-13,146.38,148.87,146.01,148.76,1291358,0
2015-05-14,149.38,150.59,148.13,149.24,983883,0
2015-05-15,148.95,151.21,148.9,150.99,843556,0
2015-05-18,150.36,152.5,150.22,151.25,2108080,0
2015-05-19,152.02,154.21,151.35,152.31,1100874,0
2015-05-20,152.13,153.34,149.28,149.28,1588492,0
2015-05-21,143.26,160.25,142.4,156.86,4261282,0
2015-05-22,156.78,160.89,156.09,159.55,2210071,0
2015-05-26,159.42,160.17,156.8,157.36,1125527,0
2015-05-27,157.65,158.15,155.87,156.58,874329,0
2015-05-28,156.61,157.41,154.99,155.71,646388,0
2015-05-29,154.95,155.05,152.56,152.59,1037005,0
2015-06-01,153.65,154.26,152.08,152.69,767319,0
2015-06-02,152.63,154.78,151.57,154.72,980737,0
2015-06-03,155.08,156.19,154.18,155.89,1002059,0
2015-06-04,155.09,156.46,154.91,155.96,582217,0
2015-06-05,155.63,157.22,155.39,156.75,675403,0
2015-06-08,156.61,157.21,155.95,156.67,928352,0
2015-06-09,155.76,157.89,155.61,156.78,1016375,0
2015-06-10,157.9,160.0,156.9,159.62,1174981,0
2015-06-11,159.66,160.43,159.03,159.88,464356,0
2015-06-12,159.64,160.99,159.33,160.56,440328,0
2015-06-15,159.47,160.03,157.48,157.68,603305,0
2015-06-16,157.76,158.94,157.23,158.4,526183,0
2015-06-17,158.53,160.08,157.07,158.4,691109,0
2015-06-18,159.08,160.19,158.54,159.66,472582,0
2015-06-19,159.05,161.34,158.9,159.91,652160,0
2015-06-22,160.43,162.89,159.74,162.64,882931,0
2015-06-23,163.09,164.37,162.42,163.27,562395,0
2015-06-24,163.38,164.09,162.08,162.8,493059,0
2015-06-25,162.84,163.96,162.35,163.58,655774,0
2015-06-26,164.35,164.53,162.86,163.65,861852,0
2015-06-29,162.46,162.46,158.22,158.34,518255,0
2015-06-30,159.82,160.14,157.45,158.7,792614,0
2015-07-01,160.0,162.23,159.72,162.03,677958,0
2015-07-02,162.96,163.67,160.59,161.51,415970,0
2015-07-06,160.77,163.79,160.63,162.8,620542,0
2015-07-07,164.11,164.57,161.08,162.91,1350397,0
2015-07-08,162.01,163.2,158.53,159.4,14366518,0
2015-07-09,160.7,162.04,160.1,161.47,1916434,0
2015-07-10,163.33,164.35,162.34,163.49,507816,0
2015-07-13,164.42,168.68,164.34,168.66,1615196,0
2015-07-14,168.74,169.25,166.41,166.56,832292,0
2015-07-15,166.56,168.48,165.81,167.82,647964,0
2015-07-16,168.26,169.17,167.62,168.71,574669,0
2015-07-17,168.42,169.22,167.41,169.05,524680,0
2015-07-20,169.05,169.35,167.59,168.04,482420,0
2015-07-21,167.89,168.28,165.9,166.88,527591,0
2015-07-22,166.83,169.19,166.19,167.57,1016737,0
2015-07-23,168.4,170.44,167.6,167.74,592335,0
2015-07-24,168.01,169.41,167.15,167.66,531506,0
2015-07-27,166.88,168.53,165.85,167.69,588522,0
2015-07-28,168.43,170.09,167.04,169.65,412658,0
2015-07-29,170.0,172.95,169.23,172.4,841173,0
2015-07-30,172.32,173.02,170.26,171.88,511632,0
2015-07-31,172.78,174.34,171.4,173.55,646742,0
2015-08-03,174.27,174.45,171.56,173.15,474195,0
2015-08-04,173.64,175.43,173.04,174.44,476900,0
2015-08-05,174.86,176.55,173.43,174.61,813570,0
2015-08-06,174.92,175.11,170.71,172.08,599068,0
2015-08-07,172.1,173.37,170.89,173.09,536423,0
2015-08-10,174.21,174.66,172.26,173.0,941051,0
2015-08-11,172.08,173.07,170.91,171.27,2076121,0
2015-08-12,170.04,171.92,168.75,171.34,2978841,0
2015-08-13,173.24,191.53,172.34,187.09,3759989,0
2015-08-14,187.96,189.43,186.07,186.34,1257344,0
2015-08-17,186.54,187.36,182.43,184.0,1586587,0
2015-08-18,185.53,185.58,182.9,185.08,1513712,0
2015-08-19,184.59,187.8,183.7,187.14,915956,0
2015-08-20,186.78,186.95,183.68,183.76,594845,0
2015-08-21,181.46,183.24,176.56,176.87,1397875,0
2015-08-24,172.6,178.03,150.73,173.09,1470026,0
2015-08-25,176.82,178.46,170.49,170.57,1047853,0
2015-08-26,173.28,173.81,168.48,170.81,2023938,0
2015-08-27,172.15,175.63,171.59,175.56,1597630,0
2015-08-28,174.84,176.16,174.0,175.81,644834,0
2015-08-31,175.24,176.32,173.64,174.59,953598,0
2015-09-01,172.22,173.26,170.82,171.96,806743,0
2015-09-02,173.06,175.44,172.11,174.59,445982,0
2015-09-03,175.35,176.37,172.04,172.58,731159,0
2015-09-04,171.17,172.75,170.31,171.47,690204,0
2015-09-08,174.07,175.66,171.25,174.66,620442,0
2015-09-09,175.43,177.73,173.69,174.26,1028481,0
2015-09-10,173.73,176.03,172.44,174.22,888961,0
2015-09-11,173.05,174.79,172.14,174.18,1127856,0
2015-09-14,174.44,175.37,172.82,174.34,558508,0
2015-09-15,174.37,177.17,172.69,176.18,825517,0
2015-09-16,175.31,178.38,174.81,177.98,478382,0
2015-09-17,177.78,180.42,176.92,177.67,770874,0
2015-09-18,175.79,176.98,172.7,173.1,925580,0
2015-09-21,173.72,175.04,172.44,174.15,455666,0
2015-09-22,173.08,174.4,171.94,173.84,664785,0
2015-09-23,173.76,175.47,173.36,175.26,316838,0
2015-09-24,174.59,174.59,173.02,174.2,428663,0
2015-09-25,175.23,178.15,174.99,176.23,483562,0
2015-09-28,175.92,177.16,170.69,170.81,1026818,0
2015-09-29,170.68,171.71,168.81,169.94,907317,0
2015-09-30,182.86,191.83,182.85,188.88,4133802,0
2015-10-01,189.63,191.97,187.46,191.37,1592371,0
2015-10-02,189.16,191.35,187.39,191.02,1284512,0
2015-10-05,192.89,193.94,188.77,190.5,890709,0
2015-10-06,190.67,191.77,188.75,190.43,545174,0
2015-10-07,190.73,191.51,188.27,189.7,997828,0
2015-10-08,189.75,190.48,185.83,186.71,990201,0
2015-10-09,186.25,189.26,185.5,188.87,788307,0
2015-10-12,189.1,191.79,188.26,190.61,945749,0
2015-10-13,190.19,191.18,189.0,190.19,504935,0
2015-10-14,189.8,190.33,184.53,186.43,852029,0
2015-10-15,187.43,190.21,186.99,189.9,609895,0
2015-10-16,191.17,191.27,189.16,190.14,629564,0
2015-10-19,190.12,191.36,189.14,190.73,728857,0
2015-10-20,191.11,193.64,190.83,192.92,577056,0
2015-10-21,193.83,195.42,191.08,191.48,619629,0
2015-10-22,192.22,193.23,190.61,191.2,708335,0
2015-10-23,193.04,193.12,188.36,191.27,573569,0
2015-10-26,192.15,193.52,191.22,191.78,501824,0
2015-10-27,191.58,193.22,190.71,192.6,418038,0
2015-10-28,193.34,194.0,191.63,193.61,385925,0
2015-10-29,193.97,197.87,193.73,196.8,730208,0
2015-10-30,196.98,198.69,195.83,197.73,734524,0
2015-11-02,198.44,200.47,197.29,199.68,731033,0
2015-11-03,199.45,199.94,195.96,198.0,676926,0
2015-11-04,198.07,199.09,196.12,198.64,694971,0
2015-11-05,199.26,200.51,197.47,199.64,714455,0
2015-11-06,200.54,200.54,196.39,198.02,686458,0
2015-11-09,198.01,198.18,193.09,194.23,868765,0
2015-11-10,193.1,195.45,193.1,193.44,1384456,0
2015-11-11,193.7,195.4,192.71,194.0,1320336,0
2015-11-12,173.15,176.39,163.66,164.07,6979479,0
2015-11-13,162.75,164.76,160.65,161.07,3103362,0
2015-11-16,160.46,163.97,159.15,163.65,1499149,0
2015-11-17,164.52,166.63,161.97,163.53,1174937,0
2015-11-18,163.8,164.1,162.04,163.87,787406,0
2015-11-19,163.62,164.7,161.66,161.81,686558,0
2015-11-20,162.3,164.53,161.99,162.26,735929,0
2015-11-23,162.12,163.93,160.95,162.06,898988,0
2015-11-24,160.28,163.3,160.28,162.63,757101,0
2015-11-25,163.44,166.48,163.09,163.73,922471,0
2015-11-27,164.31,164.31,162.27,164.27,294311,0
2015-11-30,164.12,164.18,162.05,162.17,1333883,0
2015-12-01,162.43,163.42,160.63,161.78,956257,0
2015-12-02,161.65,162.66,156.56,157.4,1336372,0
2015-12-03,157.57,158.69,152.73,154.26,1325093,0
2015-12-04,154.53,155.8,153.66,155.3,999734,0
2015-12-07,155.15,156.37,150.1,150.7,1363083,0
2015-12-08,150.09,152.56,148.49,149.37,1490644,0
2015-12-09,149.24,155.73,149.14,152.69,1705661,0
2015-12-10,152.65,153.71,149.82,151.24,1031242,0
2015-12-11,148.71,150.31,147.28,148.34,1016393,0
2015-12-14,148.22,149.84,145.38,147.1,989879,0
2015-12-15,147.84,163.68,144.23,155.64,5679714,0
2015-12-16,158.46,161.45,156.48,160.28,2647897,0
2015-12-17,160.59,161.35,152.48,152.55,1738874,0
2015-12-18,150.68,152.75,148.9,149.06,2229158,0
2015-12-21,150.29,150.97,147.74,149.14,1135300,0
2015-12-22,149.66,150.03,146.83,147.38,872412,0
2015-12-23,147.98,149.6,146.11,148.61,1430543,0
2015-12-24,147.83,149.87,147.82,148.68,382860,0
2015-12-28,147.99,150.46,147.69,150.09,712782,0
2015-12-29,151.27,152.54,150.83,151.74,574514,0
2015-12-30,151.74,152.61,150.72,150.94,455280,0
2015-12-31,150.8,151.48,149.99,150.05,768720,0
2016-01-04,148.8,154.02,147.06,151.78,1815819,0
2016-01-05,151.89,153.33,149.44,150.74,1131111,0
2016-01-06,149.23,149.6,145.33,146.75,1051612,0
2016-01-07,144.36,149.01,142.69,148.38,1347766,0
2016-01-08,148.58,148.99,144.43,145.11,1033501,0
2016-01-11,145.68,147.67,144.62,146.6,1117609,0
2016-01-12,147.07,148.52,145.29,147.62,1048632,0
2016-01-13,147.89,148.44,141.32,141.72,1340110,0
2016-01-14,141.74,142.56,138.73,140.88,1124609,0
2016-01-15,137.61,144.26,137.24,143.85,1319751,0
2016-01-19,144.65,145.99,142.46,144.18,1187505,0
2016-01-20,142.14,144.67,138.97,142.95,618613,0
2016-01-21,142.8,145.94,141.83,143.36,708976,0
2016-01-22,144.5,145.4,142.15,143.99,993409,0
2016-01-25,144.55,145.88,142.8,144.28,856347,0
2016-01-26,144.99,152.25,144.32,151.01,1159582,0
2016-01-27,150.69,153.6,149.73,151.06,991275,0
2016-01-28,152.5,153.24,145.22,148.11,1005109,0
2016-01-29,149.42,151.77,147.73,151.59,1259395,0
2016-02-01,151.24,155.87,150.22,154.42,865532,0
2016-02-02,153.92,154.47,150.21,151.4,715277,0
2016-02-03,151.12,152.49,145.57,147.49,1518216,0
2016-02-04,147.01,147.99,145.03,147.4,1578297,0
2016-02-05,147.09,147.51,143.0,143.5,1288156,0
2016-02-08,142.33,142.66,135.64,141.01,2116321,0
2016-02-09,140.71,143.2,138.7,141.06,1243582,0
2016-02-10,140.69,143.06,137.99,138.15,2210438,0
2016-02-11,136.62,142.33,131.21,137.99,2581388,0
2016-02-12,139.11,140.96,136.77,140.33,977794,0
2016-02-16,141.6,148.52,140.74,145.55,1314952,0
2016-02-17,146.72,148.56,142.55,142.97,1475594,0
2016-02-18,141.91,144.4,140.12,142.88,1071278,0
2016-02-19,143.08,144.65,140.91,143.19,952292,0
2016-02-22,144.81,148.02,144.58,147.42,897306,0
2016-02-23,147.99,150.88,146.92,147.1,700398,0
2016-02-24,146.89,150.16,145.02,149.96,626972,0
2016-02-25,150.34,151.03,146.6,149.63,641819,0
2016-02-26,150.14,150.92,147.96,149.6,591268,0
2016-02-29,149.55,150.6,147.93,147.99,864826,0
2016-03-01,149.47,153.08,148.85,152.89,623988,0
2016-03-02,151.98,153.36,150.87,151.71,661363,0
2016-03-03,150.88,153.74,149.42,153.42,788032,0
2016-03-04,153.61,153.81,150.71,151.91,727789,0
2016-03-07,150.91,152.41,149.93,151.06,481716,0
2016-03-08,150.13,152.19,148.72,149.23,1019319,0
2016-03-09,150.52,153.63,149.3,153.31,629899,0
2016-03-10,153.34,155.82,153.08,155.68,767578,0
2016-03-11,156.37,158.68,155.5,158.09,966332,0
2016-03-14,157.06,159.66,156.88,158.86,668015,0
2016-03-15,157.85,159.64,156.88,158.1,832866,0
2016-03-16,158.04,159.74,156.61,158.54,488052,0
2016-03-17,157.37,158.42,155.89,157.53,581826,0
2016-03-18,157.85,158.08,156.25,157.06,856472,0
2016-03-21,157.07,158.33,156.97,158.19,390623,0
2016-03-22,157.57,158.85,157.06,157.77,405266,0
2016-03-23,157.81,161.49,157.12,160.67,778463,0
2016-03-24,160.57,161.61,159.53,161.39,848248,0
2016-03-28,161.0,162.44,158.97,161.33,639915,0
2016-03-29,161.16,162.65,160.01,162.6,665088,0
2016-03-30,161.93,165.54,161.93,163.36,790721,0
2016-03-31,162.05,162.28,159.83,159.92,1040019,0
2016-04-01,159.99,160.56,158.91,160.0,686634,0
2016-04-04,160.78,163.69,157.15,158.81,1043807,0
2016-04-05,158.08,160.48,157.69,160.05,726711,0
2016-04-06,160.48,160.65,157.76,159.46,696828,0
2016-04-07,158.44,159.11,154.72,155.42,582430,0
2016-04-08,156.59,156.88,154.59,155.7,505570,0
2016-04-11,155.84,156.87,154.34,154.36,365425,0
2016-04-12,154.26,156.19,153.1,156.09,676362,0
2016-04-13,157.27,160.48,157.05,160.07,698557,0
2016-04-14,159.81,161.08,159.32,160.52,500328,0
2016-04-15,160.6,161.59,159.6,160.76,412484,0
2016-04-18,159.96,162.86,158.85,160.52,751063,0
2016-04-19,161.44,162.29,159.88,160.37,530860,0
2016-04-20,160.6,160.91,157.97,157.97,684796,0
2016-04-21,157.98,158.41,155.97,156.72,688016,0
2016-04-22,156.97,158.54,154.77,157.98,541913,0
2016-04-25,157.18,157.89,155.22,156.98,620301,0
2016-04-26,157.48,158.34,155.78,157.86,658246,0
2016-04-27,157.66,159.65,156.54,158.85,372179,0
2016-04-28,157.17,158.01,155.02,155.46,637432,0
2016-04-29,155.57,156.09,153.74,155.69,455996,0
2016-05-02,155.93,156.35,152.29,155.05,864534,0
2016-05-03,154.82,156.56,153.51,155.6,531599,0
2016-05-04,153.86,155.89,153.29,155.43,357232,0
2016-05-05,152.59,152.71,147.81,148.35,1552623,0
2016-05-06,149.76,150.66,146.87,150.12,1013779,0
2016-05-09,149.61,151.66,149.02,151.13,548245,0
2016-05-10,151.99,153.18,150.97,151.89,686467,0
2016-05-11,151.34,151.77,147.67,147.74,616054,0
2016-05-12,148.6,150.63,147.6,149.61,844717,0
2016-05-13,149.18,149.63,144.8,145.17,992770,0
2016-05-16,145.16,148.22,145.06,147.75,967865,0
2016-05-17,146.54,146.54,142.92,143.69,1620304,0
2016-05-18,143.62,145.1,141.49,143.42,1608903,0
2016-05-19,133.76,143.83,132.64,143.15,5410432,0
2016-05-20,142.97,146.77,142.39,146.0,1953689,0
2016-05-23,145.19,147.11,144.71,145.48,1072651,0
2016-05-24,144.51,149.56,144.51,148.95,1129809,0
2016-05-25,148.89,153.93,148.41,153.13,1685438,0
2016-05-26,154.15,156.38,153.1,156.25,2197513,0
2016-05-27,156.4,157.35,155.49,155.9,1078473,0
2016-05-31,156.58,156.58,153.32,153.44,1694247,0
2016-06-01,153.44,153.49,151.53,152.94,1377396,0
2016-06-02,150.99,152.76,150.18,151.75,1323445,0
2016-06-03,151.27,152.27,149.34,150.31,898235,0
2016-06-06,150.31,150.32,148.12,149.85,857442,0
2016-06-07,149.93,151.66,149.06,151.31,1139143,0
2016-06-08,151.1,153.79,151.08,153.12,1855256,0
2016-06-09,153.49,157.05,153.49,156.37,2687555,0
2016-06-10,154.49,155.23,152.3,152.62,968715,0
2016-06-13,152.09,154.66,152.09,152.15,888728,0
2016-06-14,152.35,153.19,150.7,152.23,1042310,0
2016-06-15,152.54,154.83,152.34,153.3,869099,0
2016-06-16,152.07,153.88,151.4,153.6,944532,0
2016-06-17,153.23,154.65,152.07,154.21,1038367,0
2016-06-20,155.39,156.92,154.99,155.23,706524,0
2016-06-21,155.21,155.96,153.55,154.1,808591,0
2016-06-22,154.23,154.9,152.75,152.82,718424,0
2016-06-23,154.1,154.76,153.37,154.58,832984,0
2016-06-24,150.66,155.62,150.57,154.18,1754802,0
2016-06-27,153.4,155.35,151.86,153.44,2247618,0
2016-06-28,154.52,156.81,153.94,156.63,1537209,0
2016-06-29,157.68,161.41,157.68,160.65,1564346,0
2016-06-30,160.66,161.33,159.14,161.26,794119,0
2016-07-01,161.79,164.32,161.41,163.95,878514,0
2016-07-05,162.09,163.27,159.96,160.82,755867,0
2016-07-06,160.7,161.57,160.04,161.08,1164658,0
2016-07-07,161.17,162.24,159.69,160.76,673974,0
2016-07-08,161.92,164.88,161.31,164.47,913188,0
2016-07-11,164.47,165.93,163.21,163.32,680791,0
2016-07-12,164.12,164.54,162.18,163.18,862172,0
2016-07-13,163.77,164.35,160.18,162.54,908199,0
2016-07-14,163.09,165.08,162.07,164.58,576652,0
2016-07-15,165.07,165.41,164.01,164.21,678679,0
2016-07-18,164.54,164.54,163.58,164.02,517953,0
2016-07-19,162.8,163.4,161.29,163.33,857827,0
2016-07-20,164.23,164.23,163.05,163.38,446388,0
2016-07-21,163.12,163.98,162.62,163.71,421464,0
2016-07-22,164.33,165.84,163.82,165.65,587374,0
2016-07-25,165.61,166.38,165.0,166.28,504102,0
2016-07-26,166.55,167.73,165.29,165.84,879990,0
2016-07-27,166.63,167.27,164.09,164.35,837993,0
2016-07-28,164.29,172.48,164.03,169.95,1760207,0
2016-07-29,169.61,169.9,168.11,169.47,1372326,0
2016-08-01,168.87,169.18,167.68,168.11,846826,0
2016-08-02,167.78,168.09,164.97,166.22,883811,0
2016-08-03,166.05,168.27,164.61,168.26,595851,0
2016-08-04,167.99,169.99,167.92,169.79,1105133,0
2016-08-05,170.11,171.56,169.81,170.1,1092771,0
2016-08-08,170.1,170.92,168.36,168.49,1114410,0
2016-08-09,168.36,169.17,165.9,166.11,514309,0
2016-08-10,166.18,167.09,165.19,166.26,840245,0
2016-08-11,167.41,170.03,166.27,166.32,831251,0
2016-08-12,165.71,166.11,163.12,165.62,1167838,0
2016-08-15,166.36,169.51,165.17,167.37,1858777,0
2016-08-16,161.63,165.02,159.98,160.04,3037577,0
2016-08-17,159.64,160.06,156.58,157.69,1991295,0
2016-08-18,158.14,158.44,156.28,157.08,1373754,0
2016-08-19,156.62,159.36,156.62,157.69,1143049,0
2016-08-22,158.61,160.6,157.69,158.11,1152728,0
2016-08-23,159.01,159.55,157.41,157.59,998448,0
2016-08-24,158.57,163.59,158.57,160.0,1751538,0
2016-08-25,159.69,160.56,158.58,159.82,785851,0
2016-08-26,159.33,160.26,155.85,156.48,960669,0
2016-08-29,156.48,158.03,156.36,157.32,551356,0
2016-08-30,157.63,157.63,155.73,156.31,724720,0
2016-08-31,156.44,157.51,155.54,157.03,701062,0
2016-09-01,157.84,159.26,157.4,158.4,723320,0
2016-09-02,158.43,159.29,157.69,158.21,637058,0
2016-09-06,158.45,160.5,158.38,159.78,726257,0
2016-09-07,159.94,161.91,159.66,161.51,910688,0
2016-09-08,160.31,160.77,156.86,158.51,1743755,0
2016-09-09,156.51,157.39,152.62,152.62,1501193,0
2016-09-12,152.38,153.54,151.08,153.03,2170217,0
2016-09-13,152.59,153.67,150.32,150.84,1180014,0
2016-09-14,151.2,152.15,149.81,150.38,702599,0
2016-09-15,150.15,150.51,148.38,148.61,1124575,0
2016-09-16,147.93,148.66,147.4,147.78,963433,0
2016-09-19,147.78,148.64,147.11,148.11,974369,0
2016-09-20,148.72,148.93,144.95,145.56,1199864,0
2016-09-21,145.31,146.3,144.88,146.06,1119040,0
2016-09-22,147.35,149.47,146.73,148.88,1572345,0
2016-09-23,148.73,149.55,147.96,148.97,1378501,0
2016-09-26,148.46,149.96,147.53,149.83,999175,0
2016-09-27,151.3,152.42,150.31,150.73,1153397,0
2016-09-28,150.97,151.06,148.42,148.73,1122723,0
2016-09-29,148.65,148.66,145.81,146.47,813508,0
2016-09-30,146.84,149.23,145.99,148.85,1067476,0
2016-10-03,148.26,148.99,146.29,146.67,628917,0
2016-10-04,147.05,147.82,145.84,146.27,593558,0
2016-10-05,147.35,149.13,147.23,148.66,700416,0
2016-10-06,148.4,148.82,147.15,148.44,609505,0
2016-10-07,149.12,149.4,146.96,147.86,397514,0
2016-10-10,148.73,149.55,147.53,147.79,437260,0
2016-10-11,147.69,148.2,146.18,146.49,629652,0
2016-10-12,146.36,148.8,146.3,147.69,513939,0
2016-10-13,146.99,147.34,144.83,146.51,768708,0
2016-10-14,147.31,148.29,146.03,146.37,566109,0
2016-10-17,146.12,146.45,142.87,143.0,805931,0
2016-10-18,143.88,144.62,140.31,142.72,1507668,0
2016-10-19,141.79,144.73,137.76,141.96,2182455,0
2016-10-20,141.82,142.46,140.6,141.03,925797,0
2016-10-21,140.41,141.93,139.49,141.66,503149,0
2016-10-24,142.65,143.27,140.37,140.83,1015172,0
2016-10-25,140.16,143.99,139.82,143.54,1119898,0
2016-10-26,143.25,144.39,142.42,143.69,873153,0
2016-10-27,143.17,144.27,138.71,138.95,1365707,0
2016-10-28,138.19,141.14,137.93,139.93,1016785,0
2016-10-31,140.06,140.55,138.56,139.81,1280147,0
2016-11-01,139.61,140.65,138.28,139.52,803619,0
2016-11-02,139.39,139.73,136.86,137.88,733127,0
2016-11-03,138.53,140.02,137.97,138.58,1021926,0
2016-11-04,138.58,139.73,135.5,135.93,1097293,0
2016-11-07,137.28,137.57,135.96,137.28,860939,0
2016-11-08,137.19,138.73,135.84,137.41,922759,0
2016-11-09,134.53,140.27,133.83,140.06,1352375,0
2016-11-10,140.58,146.18,140.58,145.55,2276251,0
2016-11-11,144.84,146.96,143.36,144.75,1743315,0
2016-11-14,145.01,146.73,141.93,142.63,3414875,0
2016-11-15,163.69,166.58,161.23,164.02,7366415,0
2016-11-16,162.91,163.44,160.66,162.68,1884333,0
2016-11-17,163.14,166.65,162.04,166.0,1499517,0
2016-11-18,165.8,166.41,161.93,162.27,1228809,0
2016-11-21,162.45,167.07,161.7,166.58,766087,0
2016-11-22,167.31,170.66,166.75,169.97,1390438,0
2016-11-23,169.94,171.19,168.33,170.72,983892,0
2016-11-25,171.37,171.7,169.81,170.54,406313,0
2016-11-28,170.83,173.99,170.23,170.45,1024608,0
2016-11-29,172.02,173.17,169.38,169.48,640908,0
2016-11-30,169.16,170.35,168.09,169.4,829081,0
2016-12-01,168.86,171.25,167.0,170.44,860340,0
2016-12-02,170.14,171.66,169.56,169.82,487917,0
2016-12-05,171.12,171.64,169.64,170.21,741643,0
2016-12-06,169.86,173.44,169.53,172.99,754800,0
2016-12-07,172.06,176.67,172.06,176.45,775900,0
2016-12-08,176.08,177.5,174.86,176.19,798261,0
2016-12-09,175.72,176.99,173.64,175.25,522545,0
2016-12-12,173.89,175.32,171.44,172.68,1091588,0
2016-12-13,172.94,174.63,170.83,171.55,1011757,0
2016-12-14,172.71,173.97,169.57,171.19,1460723,0
2016-12-15,171.3,173.13,170.69,172.6,664771,0
2016-12-16,173.04,173.67,170.85,171.59,893362,0
2016-12-19,171.29,175.22,171.29,173.5,550249,0
2016-12-20,173.94,176.0,171.9,175.3,1248595,0
2016-12-21,174.5,175.2,173.05,173.25,455419,0
2016-12-22,172.44,173.15,169.43,170.13,947544,0
2016-12-23,170.43,171.82,169.74,170.63,334806,0
2016-12-27,170.46,172.49,170.46,171.58,509465,0
2016-12-28,171.75,172.67,170.09,170.16,357899,0
2016-12-29,169.82,170.82,169.2,170.02,432047,0
2016-12-30,171.06,171.74,168.34,168.86,513781,0
2017-01-03,170.52,171.1,169.05,170.34,692575,0
2017-01-04,170.11,172.91,170.11,171.74,643341,0
2017-01-05,170.61,172.8,169.97,171.62,665488,0
2017-01-06,171.06,171.73,169.04,169.37,828633,0
2017-01-09,169.8,170.02,168.06,169.27,561011,0
2017-01-10,168.44,171.66,168.37,169.66,622271,0
2017-01-11,173.25,174.73,170.66,173.17,890368,0
2017-01-12,172.16,174.35,171.74,174.21,745727,0
2017-01-13,174.16,175.59,173.26,174.53,1197975,0
2017-01-17,174.08,177.23,172.68,172.74,1050512,0
2017-01-18,172.75,173.92,171.5,173.72,792661,0
2017-01-19,173.95,174.56,170.96,171.46,607516,0
2017-01-20,171.98,172.65,170.15,171.24,732429,0
2017-01-23,166.82,168.37,164.02,167.52,1418839,0
2017-01-24,168.54,170.72,167.52,168.03,883771,0
2017-01-25,169.14,170.05,166.74,167.24,970109,0
2017-01-26,167.49,169.16,165.09,165.25,1303581,0
2017-01-27,165.89,166.02,163.69,164.12,769843,0
2017-01-30,165.1,165.1,162.65,164.38,728109,0
2017-01-31,163.65,164.43,162.03,163.99,1057620,0
2017-02-01,163.74,164.64,159.46,160.35,1597467,0
2017-02-02,159.85,162.81,159.76,162.1,1487720,0
2017-02-03,162.74,163.46,161.68,162.51,851831,0
2017-02-06,161.49,162.78,159.69,160.03,946172,0
2017-02-07,160.97,161.82,157.54,158.94,1193094,0
2017-02-08,158.05,163.41,158.01,162.49,1924890,0
2017-02-09,162.02,164.92,161.07,164.58,1103660,0
2017-02-10,164.98,165.62,162.95,163.8,736156,0
2017-02-13,164.75,164.75,161.91,162.15,987692,0
2017-02-14,162.15,164.54,161.61,164.12,936688,0
2017-02-15,163.05,165.05,162.76,163.63,695781,0
2017-02-16,163.96,164.21,160.08,160.75,1359902,0
2017-02-17,160.37,161.64,159.51,161.34,1563913,0
2017-02-21,164.25,169.29,160.44,160.91,3291410,0
2017-02-22,160.5,161.75,155.03,159.44,3448319,0
2017-02-23,159.08,159.42,156.42,157.48,1398288,0
2017-02-24,156.22,157.99,155.21,157.09,1602029,0
2017-02-27,156.61,157.15,155.12,156.7,1445873,0
2017-02-28,155.4,158.45,154.94,156.37,1088929,0
2017-03-01,158.35,158.35,155.4,156.44,1039361,0
2017-03-02,156.44,157.85,156.21,157.12,1159848,0
2017-03-03,157.06,157.89,154.07,155.11,1254067,0
2017-03-06,155.11,155.85,153.96,154.02,1059536,0
2017-03-07,154.03,154.56,151.39,151.76,1104278,0
2017-03-08,153.28,155.5,152.59,154.97,1417705,0
2017-03-09,154.73,155.24,153.98,154.91,1026139,0
2017-03-10,155.28,155.57,153.16,153.74,1066154,0
2017-03-13,152.53,154.72,151.76,154.12,962409,0
2017-03-14,154.07,154.4,152.67,153.48,897947,0
2017-03-15,153.35,153.37,150.92,152.69,1596130,0
2017-03-16,152.51,153.54,151.6,153.18,584412,0
2017-03-17,152.19,153.02,150.67,152.17,1136949,0
2017-03-20,152.72,154.0,151.63,152.21,1053006,0
2017-03-21,152.31,152.6,150.41,150.99,1063498,0
2017-03-22,151.43,151.89,150.29,151.1,662485,0
2017-03-23,151.1,152.21,149.95,150.61,653810,0
2017-03-24,150.61,150.83,149.19,149.57,616337,0
2017-03-27,148.34,148.61,146.01,147.64,770743,0
2017-03-28,147.03,148.72,146.2,148.2,1120539,0
2017-03-29,148.22,149.91,147.45,149.51,739842,0
2017-03-30,149.08,149.48,148.19,148.51,700424,0
2017-03-31,148.1,149.24,147.22,148.1,982864,0
2017-04-03,148.24,149.04,143.4,145.34,2032070,0
2017-04-04,144.77,145.06,142.51,142.88,1073361,0
2017-04-05,143.6,144.53,142.38,142.58,742324,0
2017-04-06,143.59,144.49,142.2,142.4,766186,0
2017-04-07,142.35,143.38,141.77,141.89,929126,0
2017-04-10,141.72,143.6,141.71,142.68,740198,0
2017-04-11,142.33,143.76,141.33,143.3,764523,0
2017-04-12,142.75,142.75,140.91,141.58,596721,0
2017-04-13,141.76,142.68,140.73,140.73,477193,0
2017-04-17,141.1,141.32,139.99,140.68,647052,0
2017-04-18,140.17,141.44,140.17,140.75,647075,0
2017-04-19,141.37,144.61,141.37,142.26,1231428,0
2017-04-20,143.4,146.66,142.93,146.4,1280329,0
2017-04-21,146.31,146.86,144.87,146.68,1022773,0
2017-04-24,147.72,148.19,145.76,146.94,906186,0
2017-04-25,146.84,146.84,144.04,145.51,1031548,0
2017-04-26,146.13,146.75,145.24,145.62,1114192,0
2017-04-27,145.59,148.12,140.8,143.03,2082072,0
2017-04-28,142.81,142.81,139.96,141.98,1460631,0
2017-05-01,142.99,142.99,140.2,140.37,923544,0
2017-05-02,140.28,142.51,139.71,142.39,806433,0
2017-05-03,142.33,143.27,141.8,142.66,544015,0
2017-05-04,142.55,144.79,142.55,144.65,596594,0
2017-05-05,144.82,144.86,143.44,144.82,618172,0
2017-05-08,145.01,146.9,144.6,146.81,839238,0
2017-05-09,146.65,146.95,144.63,145.96,808905,0
2017-05-10,145.67,146.1,144.99,146.0,381877,0
2017-05-11,145.33,146.0,142.87,145.79,771538,0
2017-05-12,145.6,145.6,144.23,144.86,593825,0
2017-05-15,144.5,146.99,144.33,145.69,1098914,0
2017-05-16,146.49,146.49,141.95,145.09,2322627,0
2017-05-17,143.55,144.97,142.73,144.4,1207466,0
2017-05-18,144.57,149.0,144.36,148.35,1582850,0
2017-05-19,148.69,151.55,147.75,151.3,1613906,0
2017-05-22,150.73,151.18,147.04,147.21,1923632,0
2017-05-23,138.99,143.67,138.98,140.5,3895279,0
2017-05-24,131.51,135.74,131.16,132.88,5971295,0
2017-05-25,132.86,133.92,129.26,131.83,3937963,0
2017-05-26,131.7,135.54,131.3,134.01,2252846,0
2017-05-30,134.49,135.05,132.63,132.85,1546020,0
2017-05-31,133.99,135.24,131.48,133.49,2120903,0
2017-06-01,133.95,136.94,133.6,136.94,1314757,0
2017-06-02,136.82,138.07,135.97,137.64,1210532,0
2017-06-05,136.84,136.84,134.57,135.41,1408374,0
2017-06-06,134.83,134.83,129.81,131.16,2215497,0
2017-06-07,131.95,133.79,130.23,130.48,997496,0
2017-06-08,130.3,131.24,125.68,125.78,2227203,0
2017-06-09,125.8,128.49,123.35,128.22,1681096,0
2017-06-12,127.97,131.15,127.49,130.81,1467880,0
2017-06-13,130.81,131.53,128.49,131.49,897111,0
2017-06-14,131.79,131.79,129.99,130.45,882519,0
2017-06-15,130.39,131.67,128.96,131.01,1222588,0
2017-06-16,130.33,130.78,127.5,130.02,1727132,0
2017-06-19,130.16,130.93,128.44,129.46,1055567,0
2017-06-20,128.14,128.21,123.43,123.44,2236151,0
2017-06-21,124.18,124.18,118.19,120.03,2494493,0
2017-06-22,120.13,122.44,119.75,120.62,2119748,0
2017-06-23,120.67,121.35,118.67,119.66,2291010,0
2017-06-26,119.98,124.54,119.98,121.71,1545422,0
2017-06-27,121.31,123.22,121.21,121.88,1653665,0
2017-06-28,119.67,120.52,116.56,116.64,2107408,0
2017-06-29,116.18,118.18,115.55,115.98,2185441,0
2017-06-30,116.38,117.75,115.96,116.52,995556,0
2017-07-03,117.38,118.65,116.2,118.34,915419,0
2017-07-05,110.06,111.63,99.067,105.14,7352789,0
2017-07-06,104.41,105.76,102.19,103.09,2720410,0
2017-07-07,102.63,103.1,100.87,101.87,2113304,0
2017-07-10,101.88,102.33,99.437,101.11,1910486,0
2017-07-11,101.09,101.87,99.307,100.19,1433954,0
2017-07-12,100.97,102.37,100.44,100.88,1997819,0
2017-07-13,100.63,103.72,100.63,103.15,2223670,0
2017-07-14,103.59,103.61,101.57,101.98,1206146,0
2017-07-17,101.75,102.92,101.56,101.68,1648671,0
2017-07-18,101.72,101.94,99.92,100.24,2219736,0
2017-07-19,100.41,101.85,99.89,100.81,1414524,0
2017-07-20,100.64,104.07,99.75,103.16,1710107,0
2017-07-21,103.3,105.39,103.29,105.2,1217161,0
2017-07-24,105.04,105.13,103.05,103.1,1414381,0
2017-07-25,103.52,105.89,103.4,105.22,1249889,0
2017-07-26,105.66,107.41,105.11,106.63,1701222,0
2017-07-27,107.98,110.47,107.17,110.27,2248681,0
2017-07-28,109.83,111.12,109.18,110.14,1033778,0
2017-07-31,111.54,112.83,110.48,111.94,1980849,0
2017-08-01,111.93,114.03,110.75,113.98,1513978,0
2017-08-02,113.61,114.81,113.39,114.41,1776318,0
2017-08-03,114.2,115.33,110.38,110.46,1813808,0
2017-08-04,111.06,111.78,110.23,110.94,944681,0
2017-08-07,110.79,111.1,108.13,109.42,1436248,0
2017-08-08,109.44,110.74,108.22,109.32,864122,0
2017-08-09,109.17,110.21,108.34,109.11,939064,0
2017-08-10,108.37,108.75,105.18,106.06,1810016,0
2017-08-11,106.02,107.4,105.17,107.27,1904594,0
2017-08-14,107.81,109.74,106.26,109.25,2127709,0
2017-08-15,91.932,92.941,82.158,87.025,19749386,0
2017-08-16,86.505,92.791,86.495,91.452,6534894,0
2017-08-17,90.693,95.43,90.123,92.791,4671850,0
2017-08-18,92.781,94.94,92.072,93.201,3074211,0
2017-08-21,93.871,95.889,93.461,95.13,1969426,0
2017-08-22,95.17,96.689,95.01,95.739,2076225,0
2017-08-23,95.23,95.899,93.041,93.481,1776735,0
2017-08-24,94.12,95.19,92.302,93.041,1408654,0
2017-08-25,93.431,97.778,92.941,95.739,1634205,0
2017-08-28,95.879,96.249,93.891,94.6,1109009,0
2017-08-29,93.841,95.25,93.041,95.06,1750496,0
2017-08-30,95.06,98.018,95.06,96.749,1441969,0
2017-08-31,97.228,98.548,96.779,97.838,1914571,0
2017-09-01,98.248,99.367,97.588,97.998,1096262,0
2017-09-05,97.648,98.857,96.219,96.669,1194767,0
2017-09-06,96.859,97.638,94.96,95.549,1894384,0
2017-09-07,95.939,96.269,92.711,93.471,2865005,0
2017-09-08,93.531,94.97,92.421,93.97,1824925,0
2017-09-11,93.94,94.96,93.311,94.34,1250676,0
2017-09-12,92.252,97.888,91.402,97.198,2288280,0
2017-09-13,97.009,100.26,97.009,100.04,2081319,0
2017-09-14,100.03,100.03,98.937,99.96,1323571,0
2017-09-15,99.71,99.71,98.198,99.447,2588513,0
2017-09-18,99.6,100.23,98.428,98.518,2073449,0
2017-09-19,98.937,100.65,94.18,94.79,3101074,0
2017-09-20,94.44,96.039,93.611,94.69,1455300,0
2017-09-21,94.75,94.97,93.19,93.68,1596691,0
2017-09-22,93.9,95.906,93.68,95.59,1784029,0
2017-09-25,95.83,98.55,95.39,97.94,2681297,0
2017-09-26,97.99,98.43,96.9,97.59,1175469,0
2017-09-27,98.2,99.45,97.41,99.33,1253987,0
2017-09-28,99.26,99.92,98.91,99.5,1132752,0
2017-09-29,99.7,99.99,98.2377,99.2,1878241,0
2017-10-02,99.58,99.74,98.39,99.36,1517333,0
2017-10-03,99.46,100.095,98.24,98.98,934959,0
2017-10-04,95.04,98.41,94.48,94.93,2780155,0
2017-10-05,94.77,95.85,93.6,94.33,2050807,0
2017-10-06,94.14,95.67,93.69,94.29,1316795,0
2017-10-09,94.23,94.47,90.99,91.12,1951334,0
2017-10-10,91.22,92.38,91.06,91.84,1260603,0
2017-10-11,91.7,92.16,89.18,89.4,1527595,0
2017-10-12,89.38,89.5,86.49,86.56,2518506,0
2017-10-13,86.76,86.8726,85.4,85.51,1969373,0
2017-10-16,85.7,86.05,84.755,86.01,2448040,0
2017-10-17,86.38,88.97,86.2,88.09,2100239,0
2017-10-18,87.83,88.88,87.44,87.81,2345242,0
2017-10-19,86.24,87.96,85.34,86.92,2400967,0
2017-10-20,87.65,87.72,85.93,86.78,1128060,0
2017-10-23,86.55,87.44,85.58,85.91,1345034,0
2017-10-24,85.73,85.93,83.5,84.25,1787794,0
2017-10-25,83.71,84.06,81.82,83.31,2052654,0
2017-10-26,82.89,87.64,81.31,85.65,3229389,0
2017-10-27,85.65,85.65,81.805,81.93,2914705,0
2017-10-30,81.915,82.13,81.13,82.0,2309813,0
2017-10-31,82.17,83.1523,81.68,81.74,1081473,0
2017-11-01,82.33,82.74,80.68,80.75,1157567,0
2017-11-02,81.02,82.91,80.21,81.69,1669094,0
2017-11-03,81.39,82.38,80.27,81.8,1108556,0
2017-11-06,81.53,81.81,80.31,80.71,1173581,0
2017-11-07,80.66,80.66,78.9,79.38,1261581,0
2017-11-08,79.2,80.62,78.81,79.41,3233316,0
2017-11-09,79.56,81.09,79.14,80.45,1898508,0
2017-11-10,80.16,81.99,80.0,81.22,1941881,0
