Date,Open,High,Low,Close,Volume,OpenInt
2014-01-02,15.537,15.631,15.3,15.549,399873,0
2014-01-03,15.589,15.958,15.499,15.85,336980,0
2014-01-06,15.979,16.226,15.87,15.884,431585,0
2014-01-07,16.045,16.25,15.971,16.206,405855,0
2014-01-08,16.265,16.382,15.958,15.979,320158,0
2014-01-09,15.971,16.226,15.958,16.082,339827,0
2014-01-10,16.192,16.382,16.06,16.226,485297,0
2014-01-13,16.294,16.644,16.226,16.337,743098,0
2014-01-14,16.425,16.577,16.344,16.527,334990,0
2014-01-15,16.577,16.849,16.483,16.673,491131,0
2014-01-16,16.703,16.811,16.621,16.673,1043100,0
2014-01-17,16.665,16.774,16.527,16.637,473780,0
2014-01-21,16.703,16.774,16.337,16.593,388251,0
2014-01-22,16.613,16.826,16.562,16.761,234338,0
2014-01-23,16.761,16.811,16.431,16.483,358730,0
2014-01-24,16.41,16.431,16.119,16.14,304133,0
2014-01-27,16.277,16.277,15.681,15.716,572533,0
2014-01-28,15.704,16.192,15.696,16.132,264188,0
2014-01-29,16.06,16.149,15.733,15.951,306437,0
2014-01-30,16.002,16.468,15.951,16.425,281211,0
2014-01-31,16.265,16.447,16.157,16.293,529519,0
2014-02-03,16.337,16.337,15.316,15.367,864150,0
2014-02-04,15.563,15.884,15.362,15.782,371823,0
2014-02-05,15.834,15.841,15.467,15.811,330563,0
2014-02-06,15.93,16.226,15.834,15.958,384206,0
2014-02-07,16.002,16.22,15.9,16.119,421968,0
2014-02-10,16.089,16.382,16.007,16.277,399629,0
2014-02-11,16.351,16.555,16.277,16.344,400525,0
2014-02-12,16.774,17.424,16.519,17.204,1113713,0
2014-02-13,16.972,17.234,16.885,17.083,786338,0
2014-02-14,17.083,17.519,16.817,17.38,646380,0
2014-02-18,17.541,18.234,17.459,18.087,1100229,0
2014-02-19,18.118,18.737,18.067,18.687,1715795,0
2014-02-20,18.485,18.634,17.737,18.096,1297402,0
2014-02-21,18.149,18.282,17.737,17.923,575171,0
2014-02-24,18.103,18.355,17.858,18.266,540854,0
2014-02-25,18.266,18.485,17.96,18.014,365784,0
2014-02-26,18.08,18.17,17.858,18.006,300640,0
2014-02-27,17.975,18.088,17.902,17.902,349436,0
2014-02-28,17.923,18.266,17.851,18.088,421722,0
2014-03-03,18.037,18.088,17.44,17.767,479697,0
2014-03-04,17.923,18.111,17.715,18.088,441738,0
2014-03-05,18.111,18.149,17.895,18.037,353682,0
2014-03-06,18.051,18.125,17.699,17.87,375096,0
2014-03-07,18.006,18.037,17.699,17.814,280869,0
2014-03-10,17.759,18.088,17.759,17.858,363018,0
2014-03-11,17.87,17.975,17.476,17.564,612289,0
2014-03-12,17.521,18.111,17.468,18.044,474898,0
2014-03-13,18.14,18.634,18.073,18.149,634201,0
2014-03-14,17.993,18.759,17.888,17.923,798384,0
2014-03-17,18.037,18.975,17.999,18.537,1168599,0
2014-03-18,18.715,19.081,18.611,19.052,648311,0
2014-03-19,19.136,19.372,18.648,18.886,569032,0
2014-03-20,18.768,19.23,18.768,19.057,659549,0
2014-03-21,19.2,19.344,18.91,19.245,524437,0
2014-03-24,19.307,19.416,18.304,18.917,704457,0
2014-03-25,19.118,19.275,18.768,18.975,367775,0
2014-03-26,19.044,19.372,19.006,19.038,458206,0
2014-03-27,19.044,19.044,18.596,18.776,683141,0
2014-03-28,18.837,19.41,18.671,18.865,403886,0
2014-03-31,18.82,19.224,18.64,18.648,738678,0
2014-04-01,18.715,18.975,18.596,18.955,573581,0
2014-04-02,18.94,19.164,18.873,19.052,420706,0
2014-04-03,19.102,19.102,18.655,18.856,510933,0
2014-04-04,18.97,19.416,18.804,18.984,953548,0
2014-04-07,18.798,19.052,18.648,18.693,1098199,0
2014-04-08,18.759,18.896,18.589,18.759,705555,0
2014-04-09,18.994,19.102,18.752,19.021,305821,0
2014-04-10,19.09,19.118,18.655,18.776,962213,0
2014-04-11,18.611,18.82,18.355,18.693,395021,0
2014-04-14,18.843,19.021,18.55,18.873,319122,0
2014-04-15,18.856,18.97,18.493,18.829,309933,0
2014-04-16,18.91,19.118,18.792,19.098,306813,0
2014-04-17,19.102,19.142,18.627,18.97,593338,0
2014-04-21,18.903,19.187,18.903,19.142,304441,0
2014-04-22,19.2,19.889,18.97,19.672,792836,0
2014-04-23,19.664,19.851,19.537,19.723,371377,0
2014-04-24,19.909,19.934,19.493,19.71,230093,0
2014-04-25,19.644,19.918,18.994,19.118,557562,0
2014-04-28,19.23,19.23,18.634,18.798,342865,0
2014-04-29,18.792,19.224,18.679,19.136,390856,0
2014-04-30,18.467,19.044,17.96,18.994,842440,0
2014-05-01,18.94,19.012,18.648,18.671,475791,0
2014-05-02,18.648,18.849,18.454,18.55,281872,0
2014-05-05,18.567,18.837,18.351,18.55,484909,0
2014-05-06,18.529,18.603,18.149,18.253,378878,0
2014-05-07,18.292,18.448,18.131,18.239,416090,0
2014-05-08,18.239,18.239,17.729,17.844,664233,0
2014-05-09,17.814,17.814,17.266,17.676,635528,0
2014-05-12,17.782,18.024,17.494,17.979,344653,0
2014-05-13,17.911,18.45,17.898,18.275,572705,0
2014-05-14,18.275,18.398,18.024,18.147,209853,0
2014-05-15,18.138,18.138,17.236,17.449,557652,0
2014-05-16,17.487,18.138,17.266,18.117,492441,0
2014-05-19,18.207,18.398,17.979,18.093,411835,0
2014-05-20,18.086,18.352,17.593,17.814,489470,0
2014-05-21,17.834,18.215,17.759,18.117,249439,0
2014-05-22,18.23,18.283,17.872,18.002,303950,0
2014-05-23,18.01,18.01,17.759,17.911,361279,0
2014-05-27,17.925,18.246,17.872,18.117,492174,0
2014-05-28,18.048,18.048,17.682,17.934,269966,0
2014-05-29,17.919,18.063,17.767,18.024,358306,0
2014-05-30,18.079,18.489,18.063,18.403,800265,0
2014-06-02,18.419,18.732,18.312,18.602,875895,0
2014-06-03,18.534,18.99,18.503,18.944,397472,0
2014-06-04,18.858,19.255,18.793,19.164,367897,0
2014-06-05,19.225,19.574,19.065,19.458,684309,0
2014-06-06,19.458,19.763,19.308,19.733,771414,0
2014-06-09,19.733,19.771,19.476,19.536,304392,0
2014-06-10,19.466,19.536,19.208,19.458,216088,0
2014-06-11,19.33,19.497,19.314,19.42,166431,0
2014-06-12,19.512,20.006,18.715,19.155,1501722,0
2014-06-13,19.172,19.383,19.005,19.247,571121,0
2014-06-16,19.208,19.458,18.997,19.194,466335,0
2014-06-17,19.141,19.536,19.135,19.367,261397,0
2014-06-18,19.36,19.611,19.056,19.55,386505,0
2014-06-19,19.635,19.809,19.383,19.656,415635,0
2014-06-20,19.673,19.733,19.042,19.355,1012388,0
2014-06-23,19.285,19.512,19.042,19.367,344162,0
2014-06-24,19.355,19.42,18.858,18.922,415068,0
2014-06-25,18.868,19.147,18.747,18.944,198756,0
2014-06-26,19.019,19.407,18.813,19.346,239199,0
2014-06-27,19.339,19.458,19.308,19.36,359679,0
2014-06-30,19.407,19.718,19.36,19.644,274897,0
2014-07-01,19.724,19.923,19.588,19.771,304051,0
2014-07-02,19.822,19.923,19.627,19.87,244812,0
2014-07-03,19.96,20.302,19.84,20.165,280436,0
2014-07-07,20.135,20.135,19.855,20.006,294177,0
2014-07-08,20.006,20.151,19.876,20.075,359968,0
2014-07-09,20.096,20.165,19.946,19.997,265586,0
2014-07-10,19.749,19.786,19.605,19.703,382731,0
2014-07-11,19.952,20.605,19.952,20.357,850695,0
2014-07-14,20.621,20.758,20.491,20.697,426920,0
2014-07-15,20.743,20.888,20.568,20.817,450133,0
2014-07-16,20.888,21.001,20.69,20.962,267577,0
2014-07-17,20.917,21.047,20.743,20.795,294049,0
2014-07-18,20.834,21.099,20.718,21.068,181168,0
2014-07-21,20.962,21.13,20.879,21.038,264617,0
2014-07-22,21.136,21.386,20.871,20.871,387005,0
2014-07-23,20.94,20.978,20.31,20.718,245407,0
2014-07-24,20.879,21.25,20.795,20.861,261733,0
2014-07-25,20.743,20.85,20.363,20.454,163735,0
2014-07-28,20.539,20.681,19.795,20.281,271975,0
2014-07-29,20.219,20.485,19.87,19.997,481444,0
2014-07-30,20.263,20.665,19.777,19.952,306046,0
2014-07-31,20.03,20.052,19.187,19.84,939189,0
2014-08-01,20.022,20.083,19.407,19.627,408833,0
2014-08-04,19.756,20.21,19.512,20.089,454295,0
2014-08-05,20.089,20.257,19.565,19.724,443863,0
2014-08-06,19.665,20.03,19.476,19.968,251199,0
2014-08-07,20.037,20.3,19.691,19.774,294715,0
2014-08-08,19.829,19.892,19.418,19.658,299293,0
2014-08-11,19.767,19.952,19.496,19.52,344253,0
2014-08-12,19.457,19.668,19.305,19.418,370371,0
2014-08-13,19.52,19.96,19.444,19.774,351230,0
2014-08-14,19.799,19.869,19.444,19.737,174282,0
2014-08-15,19.874,19.914,19.598,19.691,153811,0
2014-08-18,19.767,20.098,19.728,19.938,203464,0
2014-08-19,20.037,20.446,19.899,20.231,330961,0
2014-08-20,20.231,20.85,20.2,20.664,299763,0
2014-08-21,20.695,21.003,20.392,20.88,289128,0
2014-08-22,20.2,21.234,20.169,20.677,570876,0
2014-08-25,20.94,21.227,20.918,21.149,401468,0
2014-08-26,21.035,21.273,20.861,21.172,244908,0
2014-08-27,21.134,21.217,20.949,21.042,204301,0
2014-08-28,21.118,21.217,20.888,21.027,204804,0
2014-08-29,21.072,21.374,20.956,21.358,275258,0
2014-09-02,21.382,21.473,21.096,21.243,300082,0
2014-09-03,21.366,21.441,20.934,21.018,172736,0
2014-09-04,20.995,21.103,20.709,20.757,262550,0
2014-09-05,20.949,21.027,20.716,20.763,194127,0
2014-09-08,20.617,20.85,20.562,20.617,252027,0
2014-09-09,20.687,20.817,20.554,20.687,223410,0
2014-09-10,20.687,20.934,20.562,20.871,161819,0
2014-09-11,20.733,21.018,20.687,20.94,165115,0
2014-09-12,20.85,21.31,20.85,21.234,516555,0
2014-09-15,21.142,21.289,21.118,21.249,247830,0
2014-09-16,21.234,21.273,21.118,21.158,236700,0
2014-09-17,21.164,21.234,21.018,21.158,128963,0
2014-09-18,21.211,21.435,21.127,21.329,192573,0
2014-09-19,21.319,21.374,20.971,21.211,173883,0
2014-09-22,21.217,21.304,20.748,20.908,282635,0
2014-09-23,20.888,21.127,20.702,21.018,242363,0
2014-09-24,21.018,21.11,20.769,20.934,200573,0
2014-09-25,20.949,20.995,20.091,20.16,415904,0
2014-09-26,20.169,20.861,20.169,20.625,197767,0
2014-09-29,20.308,20.562,20.2,20.501,153111,0
2014-09-30,20.54,20.54,20.085,20.085,166262,0
2014-10-01,20.077,20.408,19.31,19.728,432514,0
2014-10-02,19.606,19.806,19.606,19.728,219153,0
2014-10-03,19.799,20.44,19.713,20.123,423867,0
2014-10-06,20.169,20.169,19.752,19.813,191630,0
2014-10-07,19.691,19.838,19.31,19.39,332906,0
2014-10-08,19.436,19.86,19.226,19.806,411630,0
2014-10-09,19.728,19.758,19.317,19.397,316780,0
2014-10-10,19.373,19.65,18.647,18.702,588877,0
2014-10-13,18.671,18.763,17.883,17.914,653126,0
2014-10-14,17.901,18.486,17.783,18.193,344065,0
2014-10-15,17.767,18.163,17.382,17.722,886539,0
2014-10-16,17.374,18.386,17.297,18.247,416786,0
2014-10-17,18.525,19.25,18.294,18.742,814254,0
2014-10-20,18.717,19.411,18.633,19.364,449728,0
2014-10-21,19.581,20.317,19.558,20.091,510983,0
2014-10-22,20.098,20.501,19.699,19.728,352992,0
2014-10-23,20.841,20.841,19.436,19.681,386625,0
2014-10-24,19.613,20.238,19.289,20.13,192688,0
2014-10-27,20.13,20.207,19.892,19.938,143800,0
2014-10-28,20.077,20.664,19.997,20.656,319523,0
2014-10-29,20.625,20.779,20.231,20.423,389174,0
2014-10-30,20.415,20.856,20.228,20.535,312011,0
2014-10-31,20.786,21.358,20.525,20.895,586082,0
2014-11-03,20.927,21.201,20.117,20.401,508393,0
2014-11-04,20.376,20.604,20.276,20.518,232725,0
2014-11-05,20.62,20.62,20.431,20.518,219067,0
2014-11-06,20.612,20.612,20.15,20.228,338877,0
2014-11-07,20.062,20.62,20.046,20.62,460566,0
2014-11-10,20.62,20.856,20.525,20.699,436290,0
2014-11-11,20.62,20.824,20.431,20.738,176220,0
2014-11-12,20.541,20.957,20.541,20.895,162823,0
2014-11-13,20.997,21.422,20.973,21.209,370900,0
2014-11-14,21.209,21.209,20.423,20.628,508377,0
2014-11-17,20.692,20.808,20.462,20.62,170355,0
2014-11-18,20.62,20.856,20.44,20.462,887716,0
2014-11-19,20.423,20.447,20.188,20.322,303178,0
2014-11-20,20.384,20.8,20.125,20.738,251771,0
2014-11-21,21.037,21.085,20.786,20.983,256871,0
2014-11-24,21.058,21.429,20.895,21.28,273130,0
2014-11-25,21.31,21.475,21.155,21.397,248198,0
2014-11-26,21.443,21.515,21.295,21.388,202838,0
2014-11-28,21.31,21.383,21.058,21.085,64982,0
2014-12-01,20.973,21.011,20.478,20.761,247679,0
2014-12-02,20.777,20.957,20.582,20.707,290455,0
2014-12-03,20.761,20.935,20.628,20.935,120769,0
2014-12-04,20.983,20.983,20.423,20.525,236770,0
2014-12-05,20.423,20.666,20.03,20.401,729010,0
2014-12-08,20.228,20.391,19.443,19.693,1288253,0
2014-12-09,18.633,19.872,18.309,19.749,785943,0
2014-12-10,19.529,19.818,18.97,19.323,742677,0
2014-12-11,19.481,19.937,19.45,19.811,965614,0
2014-12-12,19.559,19.843,19.025,19.041,516515,0
2014-12-15,19.08,19.308,18.655,18.977,381501,0
2014-12-16,18.851,19.175,18.696,18.718,290512,0
2014-12-17,18.718,19.395,18.655,19.308,389353,0
2014-12-18,19.678,20.07,19.323,19.622,447273,0
2014-12-19,19.64,19.85,19.238,19.536,357531,0
2014-12-22,19.591,19.709,19.294,19.506,285936,0
2014-12-23,19.566,20.007,19.481,19.788,520283,0
2014-12-24,19.882,20.283,19.756,20.22,245774,0
2014-12-26,20.235,20.415,20.188,20.345,288007,0
2014-12-29,20.283,20.509,20.22,20.22,727630,0
2014-12-30,20.22,20.455,20.07,20.376,327996,0
2014-12-31,20.596,20.692,20.228,20.288,393394,0
2015-01-02,20.541,20.596,20.125,20.502,172056,0
2015-01-05,20.283,20.502,19.763,19.803,656697,0
2015-01-06,19.796,20.046,19.348,19.348,380380,0
2015-01-07,19.701,19.905,19.285,19.552,355462,0
2015-01-08,19.661,20.101,19.647,20.03,280025,0
2015-01-09,20.07,20.228,19.796,20.117,258987,0
2015-01-12,20.141,20.307,19.872,20.188,344095,0
2015-01-13,20.415,20.494,19.99,20.235,265638,0
2015-01-14,20.03,20.228,19.937,20.101,208110,0
2015-01-15,20.188,20.188,19.763,19.921,226724,0
2015-01-16,19.843,20.242,19.803,20.21,179278,0
2015-01-20,20.478,20.478,20.079,20.408,350670,0
2015-01-21,20.415,20.652,20.204,20.62,237651,0
2015-01-22,20.777,21.004,20.494,20.927,309680,0
2015-01-23,20.902,20.973,20.707,20.738,443399,0
2015-01-26,20.699,20.73,20.322,20.509,324185,0
2015-01-27,20.163,20.391,20.125,20.266,269730,0
2015-01-28,20.423,20.423,19.678,19.756,256411,0
2015-01-29,19.796,19.905,19.387,19.496,588251,0
2015-01-30,19.395,19.434,18.885,18.977,970490,0
2015-02-02,19.002,19.323,18.899,19.142,734352,0
2015-02-03,19.205,19.245,18.931,19.049,697313,0
2015-02-04,18.986,19.536,18.931,19.417,433144,0
2015-02-05,19.496,19.803,19.443,19.63,288372,0
2015-02-06,19.64,19.998,19.64,19.85,313499,0
2015-02-09,19.944,20.016,19.481,19.506,447435,0
2015-02-10,19.653,19.685,19.443,19.489,203180,0
2015-02-11,19.481,19.647,19.323,19.529,336987,0
2015-02-12,19.96,21.107,19.716,20.973,742016,0
2015-02-13,20.502,21.383,20.345,21.342,1013942,0
2015-02-17,21.375,21.673,21.367,21.405,865908,0
2015-02-18,21.492,21.626,21.383,21.595,440587,0
2015-02-19,21.634,21.756,21.426,21.659,418819,0
2015-02-20,21.716,21.834,21.61,21.794,317774,0
2015-02-23,21.794,21.899,21.435,21.619,332749,0
2015-02-24,21.627,21.874,21.546,21.819,592633,0
2015-02-25,21.819,22.082,21.698,22.027,437266,0
2015-02-26,22.372,22.822,22.171,22.765,1043814,0
2015-02-27,22.748,22.989,22.701,22.974,521285,0
2015-03-02,23.181,23.287,23.022,23.277,663338,0
2015-03-03,23.102,23.277,22.782,23.16,400919,0
2015-03-04,23.045,23.127,22.829,22.861,362399,0
2015-03-05,22.87,23.189,22.813,22.926,417001,0
2015-03-06,22.837,23.071,22.717,22.726,307670,0
2015-03-09,22.837,22.941,22.362,22.62,475718,0
2015-03-10,22.315,22.548,22.091,22.5,343200,0
2015-03-11,22.556,22.693,22.171,22.669,327243,0
2015-03-12,22.998,23.151,22.532,22.66,589413,0
2015-03-13,22.605,22.91,22.477,22.853,492674,0
2015-03-16,23.022,23.663,22.878,23.639,504394,0
2015-03-17,23.359,23.512,23.27,23.421,508630,0
2015-03-18,23.421,24.402,23.399,24.362,562485,0
2015-03-19,24.329,24.603,24.185,24.435,377358,0
2015-03-20,24.659,24.867,24.626,24.811,557624,0
2015-03-23,24.819,24.867,24.29,24.473,379852,0
2015-03-24,24.458,24.458,24.032,24.05,265537,0
2015-03-25,24.138,24.425,23.954,24.152,469861,0
2015-03-26,24.064,24.281,24.016,24.2,257061,0
2015-03-27,24.354,24.409,23.929,24.394,264289,0
2015-03-30,24.402,24.803,24.226,24.755,249828,0
2015-03-31,24.634,24.778,24.306,24.762,207686,0
2015-04-01,24.843,24.867,24.505,24.811,246836,0
2015-04-02,24.825,25.026,24.659,24.786,280745,0
2015-04-06,24.603,24.795,24.402,24.498,256809,0
2015-04-07,24.498,24.673,24.29,24.329,132508,0
2015-04-08,24.394,24.762,24.178,24.73,195723,0
2015-04-09,24.795,24.986,24.755,24.908,199914,0
2015-04-10,24.908,25.14,24.795,25.122,150470,0
2015-04-13,25.061,25.379,25.026,25.109,256809,0
2015-04-14,24.874,25.668,24.867,25.461,383841,0
2015-04-15,25.557,25.581,25.371,25.509,422603,0
2015-04-16,25.5,25.628,25.405,25.565,231774,0
2015-04-17,25.252,25.572,25.013,25.115,325874,0
2015-04-20,25.261,25.548,25.261,25.339,165012,0
2015-04-21,25.427,25.445,25.013,25.082,197662,0
2015-04-22,25.1,25.397,24.939,25.171,188464,0
2015-04-23,25.044,25.542,25.044,25.461,327616,0
2015-04-24,25.484,25.588,25.317,25.419,270790,0
2015-04-27,25.419,25.548,25.026,25.1,225394,0
2015-04-28,25.1,25.348,24.939,25.148,208561,0
2015-04-29,25.074,25.219,24.795,24.947,281241,0
2015-04-30,24.947,25.91,24.852,25.148,667454,0
2015-05-01,25.244,25.861,25.051,25.711,524961,0
2015-05-04,25.983,26.263,25.711,25.99,795607,0
2015-05-05,25.998,26.07,25.427,25.509,449165,0
2015-05-06,25.717,25.806,24.978,25.291,309067,0
2015-05-07,25.421,25.625,24.885,25.497,379222,0
2015-05-08,25.814,25.853,25.358,25.366,190593,0
2015-05-11,25.331,25.568,24.698,24.827,325154,0
2015-05-12,25.146,25.154,24.478,24.876,303634,0
2015-05-13,24.82,24.91,24.413,24.658,333879,0
2015-05-14,24.738,25.138,24.438,25.016,227584,0
2015-05-15,24.999,25.283,24.862,25.022,197621,0
2015-05-18,25.064,25.708,25.057,25.38,439985,0
2015-05-19,25.47,25.943,25.324,25.771,319036,0
2015-05-20,25.74,25.935,25.448,25.74,231023,0
2015-05-21,25.814,25.911,25.584,25.829,221315,0
2015-05-22,25.814,26.049,25.642,25.894,206693,0
2015-05-26,26.286,26.438,25.642,25.749,501678,0
2015-05-27,25.879,25.951,25.438,25.683,319868,0
2015-05-28,25.592,25.926,25.47,25.902,123438,0
2015-05-29,25.879,25.911,25.448,25.519,158645,0
2015-06-01,25.796,26.041,25.796,25.902,295566,0
2015-06-02,25.887,25.887,25.47,25.552,237025,0
2015-06-03,25.487,25.805,25.317,25.805,278086,0
2015-06-04,25.788,26.236,25.236,25.464,225002,0
2015-06-05,25.497,25.861,25.226,25.683,348501,0
2015-06-08,25.536,25.651,24.658,24.902,272191,0
2015-06-09,24.787,24.943,24.089,24.137,442325,0
2015-06-10,24.259,24.633,24.169,24.561,461421,0
2015-06-11,24.698,25.358,24.503,25.219,309399,0
2015-06-12,25.219,25.568,24.893,25.283,230411,0
2015-06-15,25.154,25.154,24.494,24.893,327121,0
2015-06-16,24.893,25.349,24.893,25.226,245523,0
2015-06-17,25.26,25.291,24.876,25.04,170197,0
2015-06-18,25.064,25.349,24.902,25.128,152376,0
2015-06-19,25.128,25.146,24.885,24.95,147708,0
2015-06-22,25.226,25.226,24.707,24.755,209641,0
2015-06-23,24.698,24.698,24.34,24.413,263667,0
2015-06-24,24.397,24.542,24.089,24.291,252284,0
2015-06-25,24.308,24.552,23.426,23.679,616023,0
2015-06-26,23.697,24.486,23.689,24.486,288659,0
2015-06-29,24.201,24.308,23.624,23.689,201409,0
2015-06-30,23.892,24.356,23.81,24.031,169378,0
2015-07-01,24.332,24.471,23.973,24.048,173021,0
2015-07-02,24.089,24.121,23.64,23.843,145866,0
2015-07-06,23.6,23.982,23.511,23.834,176464,0
2015-07-07,23.852,23.884,23.551,23.728,188875,0
2015-07-08,23.615,23.834,23.363,23.363,168600,0
2015-07-09,23.592,23.663,23.274,23.372,122395,0
2015-07-10,23.493,23.728,23.363,23.526,132225,0
2015-07-13,23.787,23.819,23.396,23.469,149796,0
2015-07-14,23.356,23.6,22.811,22.973,526841,0
2015-07-15,22.949,22.988,22.126,22.485,1376298,0
2015-07-16,22.37,23.153,22.37,23.037,476056,0
2015-07-17,23.12,23.338,22.785,23.192,262238,0
2015-07-20,23.329,23.436,22.9,23.086,137508,0
2015-07-21,23.037,23.241,22.973,23.192,130625,0
2015-07-22,23.143,23.153,22.681,22.738,166511,0
2015-07-23,22.785,22.827,22.312,22.41,201409,0
2015-07-24,22.346,22.41,21.337,21.549,586407,0
2015-07-27,21.37,21.769,20.794,21.769,378119,0
2015-07-28,21.939,22.233,21.605,22.183,173146,0
2015-07-29,22.104,22.451,22.054,22.312,326138,0
2015-07-30,22.509,22.688,22.054,22.117,180273,0
2015-07-31,22.175,22.5,21.915,22.354,226478,0
2015-08-03,22.38,22.924,22.201,22.924,332747,0
2015-08-04,22.939,23.769,22.939,23.615,384874,0
2015-08-05,23.721,23.999,23.08,23.094,688772,0
2015-08-06,23.086,23.234,22.556,22.805,315668,0
2015-08-07,22.838,23.384,22.763,23.226,281480,0
2015-08-10,23.46,24.08,23.285,23.824,514515,0
2015-08-11,23.451,24.048,23.442,23.468,340445,0
2015-08-12,23.244,23.253,22.574,23.094,437804,0
2015-08-13,23.169,23.575,22.92,23.334,362541,0
2015-08-14,23.425,23.814,23.293,23.674,284017,0
2015-08-17,23.65,24.03,23.42,23.898,232795,0
2015-08-18,23.665,23.839,23.352,23.433,326903,0
2015-08-19,23.42,23.632,23.086,23.211,316392,0
2015-08-20,23.054,23.112,22.491,22.606,362904,0
2015-08-21,22.399,22.399,21.537,21.613,394071,0
2015-08-24,20.511,20.886,18.21,20.843,872597,0
2015-08-25,21.389,21.805,20.877,21.042,304071,0
2015-08-26,21.457,22.027,21.125,21.919,281844,0
2015-08-27,22.425,22.805,21.97,22.432,421133,0
2015-08-28,22.365,22.946,22.35,22.615,235453,0
2015-08-31,22.399,22.879,22.35,22.631,280756,0
2015-09-01,22.283,22.383,21.68,21.68,324728,0
2015-09-02,21.854,22.06,21.307,21.564,268070,0
2015-09-03,21.564,21.638,21.232,21.274,297667,0
2015-09-04,21.108,21.522,20.859,20.976,330044,0
2015-09-08,21.224,21.993,21.116,21.895,314582,0
2015-09-09,22.184,22.375,21.722,21.904,217089,0
2015-09-10,21.836,22.235,21.736,21.786,294996,0
2015-09-11,21.531,21.819,21.415,21.805,245841,0
2015-09-14,21.763,22.325,21.686,22.216,225548,0
2015-09-15,22.226,22.796,21.978,22.599,232795,0
2015-09-16,22.564,22.705,21.904,22.556,303347,0
2015-09-17,22.475,23.112,22.475,22.781,135892,0
2015-09-18,22.333,22.556,21.777,21.978,329923,0
2015-09-21,22.076,22.457,22.076,22.342,90846,0
2015-09-22,21.936,22.35,21.795,21.993,224338,0
2015-09-23,22.076,22.176,21.928,21.936,123015,0
2015-09-24,21.812,21.885,21.547,21.745,222016,0
2015-09-25,22.019,22.202,21.729,21.771,195344,0
2015-09-28,21.736,21.771,21.108,21.241,340930,0
2015-09-29,21.274,21.805,21.175,21.498,225548,0
2015-09-30,21.705,22.216,21.621,22.019,217813,0
2015-10-01,22.103,22.333,21.001,21.175,440704,0
2015-10-02,20.886,21.63,20.489,21.438,344057,0
2015-10-05,21.58,22.052,21.547,21.984,296808,0
2015-10-06,21.984,22.3,21.904,22.027,263599,0
2015-10-07,21.819,22.457,21.819,22.16,226149,0
2015-10-08,22.267,22.415,21.936,22.176,220593,0
2015-10-09,22.176,22.415,22.035,22.117,177586,0
2015-10-12,21.904,22.151,21.522,22.083,278762,0
2015-10-13,21.819,22.292,21.805,21.944,294889,0
2015-10-14,22.019,22.342,21.547,21.63,219748,0
2015-10-15,21.686,22.276,21.638,22.276,182660,0
2015-10-16,22.251,22.763,21.936,22.425,252606,0
2015-10-19,22.143,22.143,21.854,21.97,479822,0
2015-10-20,21.936,22.072,21.777,21.936,264737,0
2015-10-21,21.936,22.103,21.812,21.845,356744,0
2015-10-22,21.686,22.913,21.686,22.615,359520,0
2015-10-23,22.781,22.896,22.448,22.69,434782,0
2015-10-26,22.682,22.929,22.333,22.491,343211,0
2015-10-27,22.448,22.475,22.093,22.135,418111,0
2015-10-28,22.226,22.342,21.736,22.11,395884,0
2015-10-29,22.177,22.37,21.656,21.781,396641,0
2015-10-30,21.757,21.865,21.454,21.656,317242,0
2015-11-02,21.571,22.083,21.521,21.555,331937,0
2015-11-03,21.546,21.757,21.309,21.478,301671,0
2015-11-04,21.487,21.536,21.116,21.329,433764,0
2015-11-05,21.309,21.454,21.15,21.286,198382,0
2015-11-06,21.378,21.546,21.184,21.361,245805,0
2015-11-09,21.167,21.286,20.848,21.15,216561,0
2015-11-10,21.1,21.277,20.848,21.176,150953,0
2015-11-11,21.244,21.37,21.066,21.126,540345,0
2015-11-12,20.957,21.227,20.907,21.033,120528,0
2015-11-13,20.907,21.025,20.621,20.629,190654,0
2015-11-16,20.612,21.075,20.445,20.932,194934,0
2015-11-17,20.957,21.134,20.436,20.503,192199,0
2015-11-18,20.538,20.796,20.258,20.756,315460,0
2015-11-19,20.79,21.58,20.528,21.487,291212,0
2015-11-20,21.622,22.076,21.454,21.706,253769,0
2015-11-23,21.664,21.949,21.631,21.766,262921,0
2015-11-24,21.597,22.042,21.53,21.697,253413,0
2015-11-25,21.706,21.924,21.622,21.697,282533,0
2015-11-27,21.697,21.832,21.352,21.352,98654,0
2015-11-30,21.309,21.444,20.545,20.612,393431,0
2015-12-01,20.588,20.857,19.544,20.242,892167,0
2015-12-02,20.099,20.403,19.426,19.695,703681,0
2015-12-03,19.687,20.184,19.435,20.107,323229,0
2015-12-04,20.049,20.629,19.889,20.503,403774,0
2015-12-07,20.426,20.67,19.922,20.064,253177,0
2015-12-08,19.458,19.889,18.593,19.527,1001326,0
2015-12-09,19.351,20.418,19.351,19.965,653144,0
2015-12-10,19.738,20.781,19.569,20.454,896456,0
2015-12-11,20.099,20.343,19.343,19.366,348502,0
2015-12-14,19.258,19.56,17.869,18.012,901988,0
2015-12-15,17.937,18.703,17.861,18.507,1106959,0
2015-12-16,18.618,19.729,18.568,19.493,520853,0
2015-12-17,19.458,19.956,19.401,19.594,396641,0
2015-12-18,19.527,19.746,19.426,19.594,267318,0
2015-12-21,19.603,20.343,19.603,20.133,336736,0
2015-12-22,20.184,20.637,20.184,20.477,241579,0
2015-12-23,20.612,21.167,20.495,20.949,224174,0
2015-12-24,21.033,21.091,20.689,20.915,566422,0
2015-12-28,20.897,21.235,20.369,20.655,289510,0
2015-12-29,20.713,20.917,20.528,20.771,294200,0
2015-12-30,20.697,21.142,20.561,20.621,333345,0
2015-12-31,20.629,20.629,20.006,20.064,254794,0
2016-01-04,19.989,20.175,19.578,19.889,387926,0
2016-01-05,19.796,20.024,19.435,19.435,240698,0
2016-01-06,19.183,19.493,18.946,19.325,217012,0
2016-01-07,18.972,19.12,18.703,18.887,492430,0
2016-01-08,18.972,19.211,18.292,18.365,227541,0
2016-01-11,18.25,18.357,17.289,17.341,488468,0
2016-01-12,17.558,17.811,17.407,17.667,192486,0
2016-01-13,17.827,17.911,16.407,16.657,379153,0
2016-01-14,16.607,17.088,16.279,16.987,430893,0
2016-01-15,16.5,16.767,16.142,16.364,302705,0
2016-01-19,16.564,16.642,15.606,15.707,511940,0
2016-01-20,15.462,15.522,14.864,15.269,804847,0
2016-01-21,15.287,15.977,15.177,15.639,411520,0
2016-01-22,15.918,16.65,15.749,16.614,259677,0
2016-01-25,16.574,16.675,16.019,16.019,637197,0
2016-01-26,16.095,16.227,15.674,16.044,271880,0
2016-01-27,16.044,16.212,15.555,15.707,330733,0
2016-01-28,15.775,16.019,15.337,15.347,277611,0
2016-01-29,15.43,15.606,15.37,15.513,335870,0
2016-02-01,15.522,15.834,15.337,15.834,279007,0
2016-02-02,15.606,15.649,15.06,15.117,278398,0
2016-02-03,15.269,15.659,14.976,15.237,236733,0
2016-02-04,15.168,15.412,15.075,15.201,324835,0
2016-02-05,15.177,15.481,15.075,15.187,228788,0
2016-02-08,14.908,14.95,13.932,14.135,360932,0
2016-02-09,13.89,14.629,13.882,14.529,354290,0
2016-02-10,14.648,14.791,14.429,14.537,238066,0
2016-02-11,13.596,14.471,13.596,14.235,311968,0
2016-02-12,14.352,14.697,13.553,14.563,826367,0
2016-02-16,14.832,15.707,14.705,15.564,679946,0
2016-02-17,15.816,16.22,15.758,15.984,475073,0
2016-02-18,16.193,16.468,16.098,16.444,533176,0
2016-02-19,16.409,16.452,16.054,16.158,298058,0
2016-02-22,16.391,16.394,16.076,16.288,170882,0
2016-02-23,16.218,16.398,15.837,16.098,254923,0
2016-02-24,15.855,16.518,15.638,16.348,255272,0
2016-02-25,16.416,16.85,16.372,16.581,295971,0
2016-02-26,16.762,16.979,16.651,16.865,222911,0
2016-02-29,16.85,17.338,16.634,17.091,229247,0
2016-03-01,17.273,17.653,17.273,17.428,520033,0
2016-03-02,17.367,17.911,17.367,17.808,304278,0
2016-03-03,17.8,18.611,17.713,18.378,441027,0
2016-03-04,18.388,19.07,18.388,18.63,326305,0
2016-03-07,18.516,19.026,18.516,18.767,443168,0
2016-03-08,18.603,18.923,18.523,18.705,258982,0
2016-03-09,18.785,19.053,18.681,19.044,223139,0
2016-03-10,19.304,19.506,18.837,19.009,497995,0
2016-03-11,19.304,19.47,19.07,19.234,372184,0
2016-03-14,19.026,19.571,19.009,19.155,248336,0
2016-03-15,19.304,19.39,18.733,18.794,474796,0
2016-03-16,18.647,19.597,18.595,19.467,248355,0
2016-03-17,19.398,20.128,19.362,19.959,440325,0
2016-03-18,20.107,20.512,19.968,20.193,239812,0
2016-03-21,20.157,20.296,19.752,19.76,279659,0
2016-03-22,19.7,19.756,19.096,19.641,202383,0
2016-03-23,19.484,19.692,19.183,19.225,332396,0
2016-03-24,19.088,19.251,18.983,19.242,245507,0
2016-03-28,19.276,19.649,19.112,19.467,208854,0
2016-03-29,19.442,19.735,19.036,19.614,238106,0
2016-03-30,19.744,19.855,19.131,19.381,574338,0
2016-03-31,19.381,20.573,19.381,20.244,407635,0
2016-04-01,20.081,21.074,19.873,21.074,374989,0
2016-04-04,21.084,21.178,20.746,20.85,365123,0
2016-04-05,20.738,20.909,20.383,20.746,244035,0
2016-04-06,20.781,20.98,20.564,20.746,279447,0
2016-04-07,20.625,20.673,19.977,20.185,361383,0
2016-04-08,20.435,20.893,20.193,20.357,195750,0
2016-04-11,20.582,20.914,20.391,20.582,203059,0
2016-04-12,20.642,20.694,20.323,20.459,401989,0
2016-04-13,20.607,20.841,20.547,20.564,292043,0
2016-04-14,20.582,20.738,20.435,20.503,252577,0
2016-04-15,20.521,20.667,20.374,20.459,170347,0
2016-04-18,20.33,20.71,20.21,20.244,410114,0
2016-04-19,20.288,20.85,20.228,20.781,288789,0
2016-04-20,20.781,21.273,20.686,21.1,222731,0
2016-04-21,21.186,21.297,20.833,20.841,187930,0
2016-04-22,20.833,21.1,20.771,21.023,187734,0
2016-04-25,20.893,21.108,20.866,21.084,190561,0
2016-04-26,21.169,21.299,20.919,20.98,168371,0
2016-04-27,20.97,21.221,20.738,21.143,205082,0
2016-04-28,20.893,20.928,20.219,20.349,312093,0
2016-04-29,20.261,20.521,19.925,20.296,305245,0
2016-05-02,20.306,20.728,20.119,20.599,330353,0
2016-05-03,19.899,20.448,19.656,19.787,403926,0
2016-05-04,19.683,20.166,19.666,19.917,347577,0
2016-05-05,19.952,20.171,19.512,19.635,171114,0
2016-05-06,19.433,20.102,19.433,20.092,174613,0
2016-05-09,20.102,20.268,19.819,19.969,172785,0
2016-05-10,20.092,20.849,19.969,20.401,351708,0
2016-05-11,20.285,20.656,20.114,20.161,291073,0
2016-05-12,20.224,20.47,20.092,20.171,174830,0
2016-05-13,20.154,20.407,19.591,19.706,263553,0
2016-05-16,19.626,20.039,19.591,19.591,288129,0
2016-05-17,19.521,20.057,19.504,19.661,231153,0
2016-05-18,19.564,20.294,19.468,20.049,301331,0
2016-05-19,20.057,20.127,19.671,19.907,265100,0
2016-05-20,20.065,20.628,20.005,20.425,418748,0
2016-05-23,20.401,20.628,20.146,20.181,174993,0
2016-05-24,20.338,20.62,20.251,20.425,462358,0
2016-05-25,20.576,20.812,20.47,20.557,199547,0
2016-05-26,20.489,20.672,20.348,20.514,185544,0
2016-05-27,20.514,20.647,20.322,20.593,208863,0
2016-05-31,20.681,20.822,20.541,20.672,180323,0
2016-06-01,20.514,20.822,20.445,20.691,173103,0
2016-06-02,20.708,20.884,20.532,20.725,145210,0
2016-06-03,20.523,20.664,20.294,20.637,171972,0
2016-06-06,20.672,21.077,20.672,20.875,209119,0
2016-06-07,20.865,21.208,20.716,20.76,266128,0
2016-06-08,20.795,20.963,20.699,20.865,214572,0
2016-06-09,20.46,20.998,20.445,20.699,325985,0
2016-06-10,20.557,20.593,20.16,20.207,194495,0
2016-06-13,20.278,20.55,20.189,20.278,211254,0
2016-06-14,20.136,20.328,19.591,19.749,216157,0
2016-06-15,19.749,20.228,19.67,19.784,221470,0
2016-06-16,19.652,19.917,19.521,19.819,142081,0
2016-06-17,19.811,20.338,19.784,20.207,278975,0
2016-06-20,20.425,20.821,20.258,20.268,221896,0
2016-06-21,20.278,20.457,20.074,20.189,185478,0
2016-06-22,20.251,20.493,20.189,20.425,161767,0
2016-06-23,20.62,20.752,20.322,20.409,235974,0
2016-06-24,19.688,20.03,19.433,19.863,341443,0
2016-06-27,19.564,19.645,18.897,18.958,415730,0
2016-06-28,19.186,19.591,19.142,19.512,237729,0
2016-06-29,19.626,20.198,19.626,20.181,253035,0
2016-06-30,20.207,20.55,20.207,20.489,242722,0
2016-07-01,20.489,20.672,20.294,20.373,115912,0
2016-07-05,20.11,20.36,19.741,19.863,180348,0
2016-07-06,19.811,20.224,19.741,20.074,223762,0
2016-07-07,20.189,20.455,20.005,20.189,143323,0
2016-07-08,20.391,20.576,20.278,20.382,202375,0
2016-07-11,20.409,20.812,20.409,20.656,188630,0
2016-07-12,21.015,21.086,20.611,20.691,215193,0
2016-07-13,20.656,20.778,20.409,20.585,157354,0
2016-07-14,20.805,20.981,20.479,20.585,206106,0
2016-07-15,20.664,21.068,20.46,20.805,190778,0
2016-07-18,20.76,21.068,20.76,20.945,165274,0
2016-07-19,20.937,21.077,20.602,20.884,292711,0
2016-07-20,20.909,21.289,20.704,21.261,159880,0
2016-07-21,21.086,21.372,21.042,21.138,142598,0
2016-07-22,21.227,21.5,21.157,21.472,178549,0
2016-07-25,21.465,21.711,21.437,21.632,141914,0
2016-07-26,21.587,21.667,21.086,21.2,186571,0
2016-07-27,21.148,21.436,21.148,21.358,165297,0
2016-07-28,21.597,21.597,20.884,21.042,396951,0
2016-07-29,20.963,21.456,20.793,21.068,256083,0
2016-08-01,21.227,21.227,20.708,20.725,233807,0
2016-08-02,20.664,20.831,19.697,19.741,464185,0
2016-08-03,19.811,19.811,19.248,19.336,528420,0
2016-08-04,19.255,19.641,19.255,19.542,317171,0
2016-08-05,19.551,20.123,19.067,19.111,523150,0
2016-08-08,19.255,19.739,19.111,19.596,278920,0
2016-08-09,19.578,19.738,19.407,19.407,233768,0
2016-08-10,19.444,19.676,19.291,19.301,296388,0
2016-08-11,19.381,19.461,19.155,19.246,313123,0
2016-08-12,19.21,19.721,19.156,19.641,272643,0
2016-08-15,19.756,20.052,19.704,19.883,221715,0
2016-08-16,19.918,19.965,19.452,19.578,254889,0
2016-08-17,19.649,19.828,19.586,19.658,132745,0
2016-08-18,19.614,19.819,19.614,19.694,129014,0
2016-08-19,19.685,19.871,19.658,19.712,134261,0
2016-08-22,19.649,19.793,19.31,19.641,270875,0
2016-08-23,19.712,19.927,19.704,19.712,147554,0
2016-08-24,19.623,19.856,19.524,19.56,231752,0
2016-08-25,19.452,19.704,19.452,19.578,183181,0
2016-08-26,19.668,19.819,19.506,19.614,318455,0
2016-08-29,19.668,19.819,19.569,19.756,258950,0
2016-08-30,19.739,19.873,19.614,19.685,201690,0
2016-08-31,19.649,19.783,19.479,19.606,247204,0
2016-09-01,19.668,19.756,19.317,19.336,244747,0
2016-09-02,19.39,19.73,19.317,19.712,243466,0
2016-09-06,19.704,19.927,19.578,19.775,379089,0
2016-09-07,19.704,19.883,19.704,19.73,243777,0
2016-09-08,19.578,19.838,19.524,19.756,193468,0
2016-09-09,19.704,19.859,19.623,19.694,315590,0
2016-09-12,19.569,19.927,19.497,19.783,257487,0
2016-09-13,19.444,19.838,19.301,19.641,267695,0
2016-09-14,19.704,19.775,19.569,19.704,195973,0
2016-09-15,19.704,20.463,19.704,20.357,372450,0
2016-09-16,20.329,20.428,20.159,20.339,293346,0
2016-09-19,20.419,20.795,20.152,20.384,335532,0
2016-09-20,20.349,20.502,20.152,20.232,249316,0
2016-09-21,20.384,20.599,20.248,20.554,182379,0
2016-09-22,20.572,20.743,20.546,20.679,229811,0
2016-09-23,20.617,20.733,20.554,20.679,156972,0
2016-09-26,20.599,20.733,19.927,19.963,204354,0
2016-09-27,19.927,20.008,19.704,19.936,213345,0
2016-09-28,19.936,20.152,19.918,19.927,317705,0
2016-09-29,19.946,19.999,19.631,19.783,292730,0
2016-09-30,19.901,20.582,19.901,20.419,224957,0
2016-10-03,20.448,20.813,20.277,20.403,188899,0
2016-10-04,20.349,20.455,19.783,19.936,164512,0
2016-10-05,19.989,20.272,19.989,20.168,128783,0
2016-10-06,20.107,20.285,19.909,20.222,110481,0
2016-10-07,20.25,20.25,19.793,20.168,135219,0
2016-10-10,20.241,20.443,19.905,19.927,112130,0
2016-10-11,19.927,20.062,19.345,19.569,240377,0
2016-10-12,19.39,19.883,19.39,19.838,145581,0
2016-10-13,19.614,19.793,19.305,19.569,140007,0
2016-10-14,19.704,19.883,19.479,19.658,157246,0
2016-10-17,19.658,19.838,19.524,19.569,133229,0
2016-10-18,19.704,19.788,19.524,19.524,130069,0
2016-10-19,19.704,19.927,19.614,19.704,164078,0
2016-10-20,19.569,19.793,19.524,19.704,194150,0
2016-10-21,19.614,20.062,19.614,19.658,177876,0
2016-10-24,19.704,19.927,19.435,19.614,194856,0
2016-10-25,19.614,19.704,19.345,19.479,336183,0
2016-10-26,19.972,20.501,19.883,20.062,304999,0
2016-10-27,20.196,20.196,19.435,19.479,237746,0
2016-10-28,19.435,19.704,19.435,19.524,410455,0
2016-10-31,19.569,19.749,19.367,19.524,175748,0
2016-11-01,19.524,19.569,19.21,19.301,248840,0
2016-11-02,19.21,19.301,18.987,19.076,234122,0
2016-11-03,19.168,19.534,18.985,19.213,268297,0
2016-11-04,19.168,19.762,19.076,19.259,278498,0
2016-11-07,19.443,19.749,19.259,19.305,205659,0
2016-11-08,19.213,19.351,19.076,19.122,264046,0
2016-11-09,19.122,19.9,18.99,19.808,349252,0
2016-11-10,19.991,20.952,19.933,20.952,538089,0
2016-11-11,20.768,21.144,20.587,21.135,374751,0
2016-11-14,21.272,21.959,21.181,21.82,577747,0
2016-11-15,21.684,21.729,21.043,21.318,270609,0
2016-11-16,21.089,21.684,21.089,21.272,200535,0
2016-11-17,21.502,21.82,21.272,21.318,346568,0
2016-11-18,21.409,21.679,21.227,21.318,226729,0
2016-11-21,21.318,21.502,21.089,21.502,234360,0
2016-11-22,21.364,21.912,21.135,21.684,393086,0
2016-11-23,21.502,21.638,21.227,21.318,339922,0
2016-11-25,21.318,21.959,21.318,21.912,182032,0
2016-11-28,21.684,21.774,21.181,21.181,232788,0
2016-11-29,21.272,21.456,20.632,20.768,315054,0
2016-11-30,20.814,21.135,20.404,20.677,386549,0
2016-12-01,20.677,21.401,20.677,20.952,364288,0
2016-12-02,21.089,21.181,20.773,20.86,246396,0
2016-12-05,20.86,21.222,20.86,20.952,230141,0
2016-12-06,20.86,21.181,20.677,21.043,275915,0
2016-12-07,20.906,21.729,20.906,21.593,275890,0
2016-12-08,20.45,21.249,20.174,21.043,1388992,0
2016-12-09,21.135,21.368,20.768,21.227,682919,0
2016-12-12,21.089,21.318,20.45,20.906,652523,0
2016-12-13,20.768,21.135,20.677,20.86,357144,0
2016-12-14,20.814,20.952,20.404,20.587,468450,0
2016-12-15,20.587,20.952,20.404,20.495,525481,0
2016-12-16,20.22,20.814,20.22,20.495,310043,0
2016-12-19,20.495,20.814,20.404,20.723,287582,0
2016-12-20,20.723,21.112,20.723,20.723,443625,0
2016-12-21,20.632,21.181,20.632,20.997,421680,0
2016-12-22,21.043,21.82,20.952,21.409,686823,0
2016-12-23,21.547,21.912,21.135,21.684,226377,0
2016-12-27,21.684,21.959,21.547,21.729,392110,0
2016-12-28,21.729,22.05,21.318,21.502,350140,0
2016-12-29,21.456,21.89,21.456,21.684,291307,0
2016-12-30,21.774,21.82,21.426,21.456,238616,0
2017-01-03,21.729,22.233,21.547,22.005,319714,0
2017-01-04,22.233,22.324,22.005,22.096,468803,0
2017-01-05,22.096,22.324,21.959,22.278,263415,0
2017-01-06,22.324,22.873,22.233,22.278,538736,0
2017-01-09,22.461,22.461,21.729,21.82,398578,0
2017-01-10,21.912,22.05,20.677,20.906,1141700,0
2017-01-11,20.86,21.305,20.814,21.135,266529,0
2017-01-12,21.043,21.502,20.768,21.456,208007,0
2017-01-13,21.547,22.005,21.456,21.684,283728,0
2017-01-17,21.684,21.729,21.135,21.181,254781,0
2017-01-18,21.227,21.324,20.952,21.089,216516,0
2017-01-19,21.135,21.181,20.997,21.135,149145,0
2017-01-20,21.135,21.318,20.997,21.135,191374,0
2017-01-23,21.135,21.318,21.089,21.135,197812,0
2017-01-24,21.227,21.593,21.181,21.409,223399,0
2017-01-25,21.502,21.621,21.364,21.456,292104,0
2017-01-26,21.456,21.57,21.318,21.364,278331,0
2017-01-27,21.364,21.456,21.089,21.181,193599,0
2017-01-30,21.181,21.472,21.043,21.318,280534,0
2017-01-31,21.318,21.547,21.135,21.364,243154,0
2017-02-01,21.456,21.636,21.181,21.272,334465,0
2017-02-02,21.318,21.684,21.318,21.593,335456,0
2017-02-03,21.866,21.931,21.547,21.729,399498,0
2017-02-06,21.774,21.959,21.364,21.456,427834,0
2017-02-07,21.502,21.514,21.227,21.272,300573,0
2017-02-08,21.272,21.451,21.089,21.135,323629,0
2017-02-09,21.272,21.318,21.135,21.272,200970,0
2017-02-10,21.364,21.593,21.272,21.409,428861,0
2017-02-13,21.456,21.82,21.456,21.729,428850,0
2017-02-14,22.415,22.782,22.233,22.415,721243,0
2017-02-15,22.142,22.142,21.547,21.638,1082671,0
2017-02-16,21.729,22.142,21.729,21.82,614542,0
2017-02-17,21.82,22.233,21.502,22.142,458000,0
2017-02-21,22.415,22.987,22.278,22.599,1083458,0
2017-02-22,22.57,22.617,22.336,22.476,361649,0
2017-02-23,22.523,22.617,22.336,22.43,238673,0
2017-02-24,22.336,22.359,22.148,22.289,236770,0
2017-02-27,22.289,22.383,22.007,22.242,421924,0
2017-02-28,22.289,22.336,22.101,22.289,255763,0
2017-03-01,22.476,22.57,21.959,22.101,477233,0
2017-03-02,22.054,22.148,21.912,21.959,170752,0
2017-03-03,21.959,22.106,21.583,21.583,361991,0
2017-03-06,21.63,21.908,21.583,21.63,340564,0
2017-03-07,21.536,21.912,21.536,21.63,360786,0
2017-03-08,21.817,21.912,21.489,21.536,185582,0
2017-03-09,21.724,21.817,21.395,21.442,280342,0
2017-03-10,21.442,21.677,21.301,21.395,212105,0
2017-03-13,21.395,21.489,21.254,21.395,275818,0
2017-03-14,21.348,21.348,21.159,21.207,161519,0
2017-03-15,21.207,21.348,21.019,21.207,425936,0
2017-03-16,21.254,21.536,21.254,21.301,341109,0
2017-03-17,21.395,21.414,21.019,21.019,315693,0
2017-03-20,21.066,21.207,20.925,21.019,321753,0
2017-03-21,21.066,21.207,20.596,20.643,307766,0
2017-03-22,20.502,20.596,20.407,20.407,498581,0
2017-03-23,20.407,20.643,20.36,20.36,646240,0
2017-03-24,20.36,20.502,20.313,20.407,207006,0
2017-03-27,20.407,20.407,20.078,20.313,415393,0
2017-03-28,20.313,20.878,20.266,20.643,412987,0
2017-03-29,20.643,20.784,20.455,20.643,288028,0
2017-03-30,20.69,21.348,20.69,21.159,249300,0
2017-03-31,21.159,21.583,21.019,21.489,316953,0
2017-04-03,21.489,21.583,21.159,21.254,222844,0
2017-04-04,21.019,21.254,20.784,21.207,331880,0
2017-04-05,21.207,21.489,21.113,21.113,327568,0
2017-04-06,21.066,21.536,21.017,21.489,279045,0
2017-04-07,21.489,21.578,21.278,21.301,499082,0
2017-04-10,21.348,21.677,21.271,21.348,768631,0
2017-04-11,21.301,21.395,20.831,21.019,661617,0
2017-04-12,21.724,21.771,21.207,21.583,655418,0
2017-04-13,21.63,21.63,21.395,21.583,341531,0
2017-04-17,21.724,21.771,21.583,21.677,295587,0
2017-04-18,21.63,21.724,21.395,21.677,221559,0
2017-04-19,21.817,21.817,21.442,21.63,248180,0
2017-04-20,21.724,21.817,21.536,21.677,216551,0
2017-04-21,21.724,21.814,21.489,21.536,192241,0
2017-04-24,21.864,21.864,21.395,21.395,343545,0
2017-04-25,21.583,21.63,21.301,21.442,601056,0
2017-04-26,21.395,21.724,21.348,21.395,813284,0
2017-04-27,21.63,21.63,21.254,21.442,429899,0
2017-04-28,21.536,21.559,21.254,21.536,482417,0
2017-05-01,21.536,21.583,20.69,20.831,1434797,0
2017-05-02,20.878,20.891,20.219,20.266,1289898,0
2017-05-03,20.266,20.596,20.031,20.172,874411,0
2017-05-04,20.086,20.326,19.606,19.798,1123989,0
2017-05-05,19.894,20.23,19.75,20.086,505832,0
2017-05-08,20.134,20.182,19.99,20.038,292887,0
2017-05-09,20.086,20.326,20.038,20.23,581337,0
2017-05-10,20.182,20.23,19.942,20.038,857281,0
2017-05-11,19.99,20.422,19.99,20.278,767330,0
2017-05-12,20.422,20.47,20.086,20.326,500926,0
2017-05-15,20.326,20.566,20.23,20.422,713627,0
2017-05-16,20.518,20.518,20.278,20.422,376993,0
2017-05-17,20.374,20.518,20.038,20.182,647706,0
2017-05-18,20.182,20.23,19.798,20.182,559225,0
2017-05-19,20.278,20.326,20.086,20.134,704746,0
2017-05-22,20.038,20.303,19.942,20.134,1135604,0
2017-05-23,20.23,20.518,20.11,20.278,890904,0
2017-05-24,20.278,20.447,20.038,20.134,590633,0
2017-05-25,20.086,20.614,20.086,20.422,504339,0
2017-05-26,20.326,21.047,20.278,20.951,535308,0
2017-05-30,21.047,21.431,20.903,21.287,845669,0
2017-05-31,21.335,21.84,21.047,21.671,1002979,0
2017-06-01,21.671,22.201,21.575,22.105,987701,0
2017-06-02,21.815,22.057,21.623,21.912,732417,0
2017-06-05,21.864,22.057,21.696,21.767,544811,0
2017-06-06,21.623,22.057,21.623,21.864,341605,0
2017-06-07,21.864,22.128,21.772,22.009,376104,0
2017-06-08,21.96,22.297,21.96,22.105,317718,0
2017-06-09,22.105,22.633,22.105,22.345,516220,0
2017-06-12,22.297,22.426,22.153,22.201,349432,0
2017-06-13,22.153,22.585,22.105,22.345,546517,0
2017-06-14,22.201,22.585,22.153,22.393,315992,0
2017-06-15,22.201,22.393,22.057,22.201,327589,0
2017-06-16,22.105,22.393,22.012,22.393,204120,0
2017-06-19,22.393,22.464,22.249,22.345,321003,0
2017-06-20,22.009,22.56,21.912,22.393,441404,0
2017-06-21,22.297,22.56,22.272,22.393,322120,0
2017-06-22,22.345,22.873,22.345,22.537,321146,0
2017-06-23,22.537,22.82,22.441,22.585,243957,0
2017-06-26,22.729,23.017,22.585,22.681,337157,0
2017-06-27,22.633,22.83,22.345,22.345,280510,0
2017-06-28,22.345,22.609,22.272,22.441,264728,0
2017-06-29,22.441,22.633,22.345,22.393,250703,0
2017-06-30,22.345,22.969,22.345,22.729,240951,0
2017-07-03,22.681,23.065,22.681,22.873,256319,0
2017-07-05,22.825,23.017,22.681,22.729,182866,0
2017-07-06,22.585,22.777,22.585,22.633,156351,0
2017-07-07,22.633,23.21,22.585,23.065,320577,0
2017-07-10,22.969,23.354,22.94,23.113,327153,0
2017-07-11,23.113,23.306,22.873,23.065,220738,0
2017-07-12,23.113,23.546,23.113,23.306,253522,0
2017-07-13,23.306,23.642,23.286,23.594,221427,0
2017-07-14,23.498,23.69,23.498,23.546,210308,0
2017-07-17,23.354,23.93,23.354,23.786,292013,0
2017-07-18,23.546,23.834,23.45,23.69,187161,0
2017-07-19,23.69,23.93,23.546,23.738,183757,0
2017-07-20,23.546,23.907,23.546,23.69,203944,0
2017-07-21,23.642,23.882,23.642,23.786,131154,0
2017-07-24,23.69,23.877,23.642,23.786,242057,0
2017-07-25,23.786,24.17,23.738,24.122,271324,0
2017-07-26,24.026,24.314,23.882,23.93,321581,0
2017-07-27,24.074,25.131,23.978,24.074,344991,0
2017-07-28,23.21,23.594,22.729,23.306,558009,0
2017-07-31,23.306,23.834,23.258,23.786,290724,0
2017-08-01,23.786,24.026,23.642,23.978,275881,0
2017-08-02,23.882,23.978,23.642,23.834,278313,0
2017-08-03,23.628,24.069,23.579,23.824,348933,0
2017-08-04,23.824,23.971,23.702,23.824,219581,0
2017-08-07,23.726,24.265,23.677,24.167,331418,0
2017-08-08,24.167,24.363,24.074,24.216,303479,0
2017-08-09,24.02,24.31,23.873,23.922,218594,0
2017-08-10,23.971,23.971,22.942,23.334,441625,0
2017-08-11,23.04,23.53,22.697,23.285,258476,0
2017-08-14,23.432,23.775,23.285,23.53,197962,0
2017-08-15,23.53,23.608,23.334,23.383,206134,0
2017-08-16,23.334,23.481,23.089,23.138,162055,0
2017-08-17,22.991,23.089,22.648,22.697,152365,0
2017-08-18,22.55,22.893,22.109,22.648,261877,0
2017-08-21,22.599,23.261,22.599,22.893,291599,0
2017-08-22,22.746,23.236,22.746,23.138,247278,0
2017-08-23,22.795,23.285,22.795,23.089,230689,0
2017-08-24,23.187,23.187,22.795,22.795,152414,0
2017-08-25,22.844,23.28,22.795,22.893,188048,0
2017-08-28,22.893,23.04,22.746,22.844,156265,0
2017-08-29,22.55,22.942,22.55,22.746,160861,0
2017-08-30,22.648,22.942,22.452,22.795,127148,0
2017-08-31,22.795,23.138,22.795,22.991,152076,0
2017-09-01,22.893,23.285,22.844,23.138,177636,0
2017-09-05,22.893,23.138,22.697,22.893,250377,0
2017-09-06,22.942,23.187,22.729,23.138,269867,0
2017-09-07,23.089,23.187,22.8,22.893,158432,0
2017-09-08,22.795,23.236,22.795,22.942,159265,0
2017-09-11,23.04,23.374,23.04,23.138,236902,0
2017-09-12,23.187,23.383,23.089,23.236,185837,0
2017-09-13,23.236,23.579,23.236,23.53,251719,0
2017-09-14,23.383,23.628,23.334,23.432,188415,0
2017-09-15,23.334,23.775,23.334,23.726,317857,0
2017-09-18,23.726,24.02,23.677,23.971,177938,0
2017-09-19,23.873,24.069,23.775,23.922,249602,0
2017-09-20,23.824,24.069,23.53,23.775,216685,0
2017-09-21,23.677,23.726,23.383,23.481,130220,0
2017-09-22,23.334,24.143,23.334,24.02,190745,0
2017-09-25,23.824,24.118,23.726,23.971,251064,0
2017-09-26,23.971,24.143,23.775,23.824,188573,0
2017-09-27,23.873,24.118,23.824,23.971,392137,0
2017-09-28,23.873,24.02,23.824,23.873,155804,0
2017-09-29,23.873,23.971,23.726,23.824,169924,0
2017-10-02,23.922,23.922,23.579,23.628,209155,0
2017-10-03,23.628,24.118,23.579,24.02,255745,0
2017-10-04,23.971,24.265,23.922,24.167,188023,0
2017-10-05,24.216,24.413,24.02,24.216,172762,0
2017-10-06,24.216,24.506,24.069,24.265,129750,0
2017-10-09,24.216,24.462,24.216,24.413,98313,0
2017-10-10,24.462,24.707,24.363,24.363,139080,0
2017-10-11,24.363,24.952,24.363,24.756,202259,0
2017-10-12,24.56,25.001,24.56,24.707,233579,0
2017-10-13,24.511,24.824,24.413,24.511,98774,0
2017-10-16,24.413,24.658,24.413,24.511,109966,0
2017-10-17,24.511,24.658,24.314,24.511,153753,0
2017-10-18,24.609,24.805,24.413,24.707,243415,0
2017-10-19,24.658,24.707,24.363,24.609,130797,0
2017-10-20,24.707,24.952,24.609,24.854,282305,0
2017-10-23,24.854,24.952,24.609,24.707,163242,0
2017-10-24,24.854,25.197,24.707,25.099,286828,0
2017-10-25,25.099,25.295,24.81,25.246,243386,0
2017-10-26,25.687,25.687,25.197,25.442,339686,0
2017-10-27,25.638,26.079,25.491,25.785,370910,0
2017-10-30,25.805,26.128,25.54,25.589,499354,0
2017-10-31,25.589,25.589,25.246,25.344,273192,0
2017-11-01,25.393,25.491,25.148,25.393,138047,0
2017-11-02,25.442,25.785,25.442,25.54,239802,0
2017-11-03,25.65,25.9,25.5,25.65,159383,0
2017-11-06,25.65,25.7,25.3,25.45,132531,0
2017-11-07,25.0,25.45,25.0,25.0,230528,0
2017-11-08,24.95,25.0075,24.05,24.9,404762,0
2017-11-09,24.75,24.85,24.5,24.8,206360,0
2017-11-10,24.95,25.2,24.7,25.05,154255,0
