Date,Open,High,Low,Close,Volume,OpenInt
2014-01-02,26.413,26.607,26.123,26.219,240924,0
2014-01-03,26.209,26.551,25.967,26.394,176380,0
2014-01-06,26.488,26.615,26.256,26.3,217752,0
2014-01-07,26.366,26.524,26.228,26.413,148033,0
2014-01-08,26.375,26.589,26.153,26.256,222825,0
2014-01-09,26.356,26.524,26.2,26.413,170834,0
2014-01-10,26.441,26.533,26.191,26.356,303256,0
2014-01-13,26.256,26.283,25.737,25.837,311045,0
2014-01-14,25.893,25.986,25.7,25.903,149039,0
2014-01-15,25.817,25.976,25.69,25.799,191304,0
2014-01-16,25.772,25.857,25.708,25.781,204848,0
2014-01-17,25.718,25.866,25.67,25.807,109684,0
2014-01-21,25.903,26.172,25.791,25.967,164023,0
2014-01-22,25.976,26.219,25.817,26.191,154210,0
2014-01-23,26.041,26.143,25.817,26.079,212525,0
2014-01-24,25.893,25.949,25.336,25.437,164578,0
2014-01-27,25.317,25.524,24.984,25.047,116391,0
2014-01-28,25.112,25.217,24.975,25.161,193097,0
2014-01-29,24.946,25.171,24.78,24.852,156839,0
2014-01-30,24.992,25.224,24.788,25.102,216047,0
2014-01-31,24.732,25.142,24.677,24.751,180769,0
2014-02-03,24.751,25.031,23.867,24.148,273379,0
2014-02-04,24.221,24.471,23.925,24.417,201652,0
2014-02-05,24.269,24.388,24.129,24.249,202984,0
2014-02-06,24.259,24.388,24.185,24.325,221074,0
2014-02-07,24.407,24.639,24.407,24.602,154070,0
2014-02-10,24.52,24.546,24.194,24.51,140855,0
2014-02-11,24.619,25.161,24.566,25.132,311750,0
2014-02-12,25.188,25.466,25.171,25.289,161327,0
2014-02-13,25.142,25.642,25.132,25.541,119620,0
2014-02-14,25.567,25.567,25.122,25.475,147232,0
2014-02-18,25.437,25.708,25.161,25.623,223280,0
2014-02-19,25.541,25.837,25.373,25.409,242558,0
2014-02-20,25.419,25.68,25.326,25.614,197980,0
2014-02-21,25.763,25.847,25.466,25.718,364606,0
2014-02-24,25.727,26.133,25.651,25.866,282247,0
2014-02-25,25.929,25.959,25.661,25.753,225259,0
2014-02-26,25.847,26.023,25.7,25.967,317273,0
2014-02-27,25.967,26.162,25.847,26.106,172110,0
2014-02-28,26.172,26.291,25.967,26.209,303406,0
2014-03-03,25.929,26.228,25.807,26.209,199461,0
2014-03-04,26.488,27.387,26.432,27.322,491041,0
2014-03-05,26.748,26.757,25.651,26.123,674253,0
2014-03-06,26.2,26.329,25.967,26.256,412661,0
2014-03-07,26.291,26.551,26.096,26.403,294620,0
2014-03-10,26.432,26.515,26.247,26.515,217376,0
2014-03-11,26.551,26.561,26.07,26.228,223052,0
2014-03-12,26.07,26.329,25.976,26.247,198418,0
2014-03-13,26.384,26.394,25.967,26.133,187571,0
2014-03-14,26.015,26.348,26.015,26.247,182160,0
2014-03-17,26.413,26.597,26.3,26.46,213379,0
2014-03-18,26.441,26.81,26.413,26.81,183128,0
2014-03-19,26.73,26.926,26.533,26.674,182865,0
2014-03-20,26.712,26.801,26.57,26.722,143893,0
2014-03-21,26.73,27.025,26.693,26.839,537548,0
2014-03-24,26.926,26.96,26.348,26.561,349134,0
2014-03-25,26.739,26.782,26.441,26.597,180752,0
2014-03-26,26.693,26.712,26.162,26.172,168139,0
2014-03-27,26.162,26.266,26.05,26.191,348304,0
2014-03-28,26.228,26.394,26.023,26.123,288999,0
2014-03-31,26.309,26.748,26.191,26.683,315554,0
2014-04-01,26.659,26.932,26.64,26.912,195815,0
2014-04-02,26.95,26.95,26.659,26.864,158274,0
2014-04-03,26.95,27.059,26.797,26.976,175802,0
2014-04-04,27.172,27.172,26.387,26.416,229931,0
2014-04-07,26.322,26.378,26.125,26.276,206896,0
2014-04-08,26.285,26.883,26.202,26.669,182604,0
2014-04-09,26.752,26.761,26.445,26.688,136609,0
2014-04-10,26.61,27.022,26.09,26.359,395685,0
2014-04-11,26.061,26.303,25.408,25.435,321902,0
2014-04-14,25.632,25.65,25.184,25.323,167504,0
2014-04-15,25.353,25.522,24.884,25.176,190232,0
2014-04-16,25.333,25.512,25.23,25.464,149673,0
2014-04-17,25.426,25.94,25.417,25.847,147169,0
2014-04-21,25.893,25.94,25.717,25.781,80712,0
2014-04-22,25.837,26.211,25.791,25.977,173439,0
2014-04-23,25.977,26.183,25.717,25.717,194032,0
2014-04-24,25.913,25.913,25.473,25.531,155990,0
2014-04-25,25.38,25.473,25.157,25.157,193075,0
2014-04-28,25.333,25.445,24.884,25.296,187858,0
2014-04-29,25.454,25.641,25.222,25.286,168740,0
2014-04-30,25.138,25.398,24.923,25.286,207234,0
2014-05-01,25.296,25.296,24.765,25.071,288036,0
2014-05-02,25.128,25.632,25.08,25.371,195728,0
2014-05-05,25.296,25.398,25.062,25.353,206190,0
2014-05-06,25.23,25.315,24.838,24.933,170863,0
2014-05-07,25.007,25.204,24.622,25.108,200984,0
2014-05-08,24.997,25.296,24.67,24.717,213527,0
2014-05-09,24.613,25.071,24.613,25.007,197414,0
2014-05-12,25.138,25.753,25.108,25.669,175799,0
2014-05-13,25.613,25.699,25.343,25.363,217835,0
2014-05-14,25.248,25.296,24.661,24.726,179349,0
2014-05-15,24.632,24.68,24.158,24.512,136141,0
2014-05-16,24.456,24.765,24.336,24.746,172808,0
2014-05-19,24.632,25.043,24.632,24.989,124888,0
2014-05-20,24.866,24.866,24.306,24.447,224421,0
2014-05-21,24.589,24.67,24.25,24.464,175395,0
2014-05-22,24.569,24.707,24.336,24.632,116950,0
2014-05-23,24.652,25.707,24.549,25.435,323905,0
2014-05-27,25.613,25.94,25.558,25.65,91783,0
2014-05-28,25.622,25.745,25.353,25.389,142982,0
2014-05-29,25.549,25.65,25.222,25.512,115507,0
2014-05-30,25.584,25.603,25.258,25.454,161063,0
2014-06-02,25.445,25.817,25.071,25.558,229980,0
2014-06-03,25.454,25.699,24.717,25.099,243958,0
2014-06-04,24.111,25.128,23.727,24.746,480772,0
2014-06-05,24.717,25.204,24.456,25.194,368007,0
2014-06-06,25.38,25.613,25.184,25.482,315244,0
2014-06-09,25.238,25.323,25.062,25.267,370726,0
2014-06-10,25.118,25.267,24.913,25.194,271581,0
2014-06-11,25.062,25.194,24.765,25.108,419130,0
2014-06-12,24.997,25.128,24.755,24.933,260648,0
2014-06-13,25.052,25.052,24.652,24.7,208253,0
2014-06-16,24.69,24.82,24.483,24.54,186755,0
2014-06-17,24.503,24.717,24.428,24.613,242696,0
2014-06-18,24.54,24.717,24.473,24.69,225539,0
2014-06-19,24.707,24.997,24.613,24.847,309765,0
2014-06-20,24.933,24.961,24.784,24.941,462935,0
2014-06-23,24.866,24.923,24.613,24.755,207683,0
2014-06-24,24.613,24.894,24.483,24.503,216489,0
2014-06-25,24.363,24.82,24.296,24.792,185871,0
2014-06-26,24.784,24.802,24.483,24.707,144487,0
2014-06-27,24.522,24.961,24.493,24.933,287009,0
2014-06-30,24.847,25.204,24.707,25.184,257766,0
2014-07-01,25.179,25.771,25.075,25.538,299137,0
2014-07-02,25.451,25.715,25.133,25.208,201530,0
2014-07-03,25.243,25.62,25.199,25.538,100778,0
2014-07-07,25.442,25.461,24.841,24.849,287469,0
2014-07-08,24.787,24.868,24.541,24.748,210161,0
2014-07-09,24.813,24.859,24.58,24.596,206555,0
2014-07-10,24.202,24.624,24.052,24.494,280949,0
2014-07-11,24.484,24.777,24.287,24.56,213847,0
2014-07-14,24.682,24.701,24.457,24.465,133680,0
2014-07-15,24.513,24.644,24.202,24.221,150691,0
2014-07-16,24.419,24.644,24.118,24.371,245032,0
2014-07-17,24.221,24.409,23.921,23.95,126231,0
2014-07-18,23.883,24.296,23.838,24.128,199304,0
2014-07-21,24.024,24.137,23.883,24.006,128726,0
2014-07-22,24.09,24.336,23.988,24.061,104889,0
2014-07-23,24.061,24.166,23.873,23.997,109951,0
2014-07-24,24.061,24.23,23.828,23.921,138181,0
2014-07-25,23.696,23.883,23.583,23.612,173701,0
2014-07-28,23.641,23.65,23.348,23.453,196536,0
2014-07-29,23.517,23.65,23.367,23.443,215297,0
2014-07-30,23.563,23.583,23.328,23.463,103123,0
2014-07-31,23.208,23.348,22.972,23.105,212605,0
2014-08-01,23.029,23.208,22.832,23.066,210174,0
2014-08-04,23.142,23.275,22.737,23.198,242523,0
2014-08-05,23.133,23.603,23.133,23.328,175861,0
2014-08-06,23.189,23.668,23.189,23.433,210292,0
2014-08-07,23.534,23.534,23.216,23.348,88365,0
2014-08-08,23.338,23.714,23.255,23.696,193934,0
2014-08-11,23.828,24.043,23.641,23.921,208605,0
2014-08-12,23.864,24.202,23.668,23.828,231405,0
2014-08-13,23.901,24.184,23.818,24.052,176312,0
2014-08-14,24.1,24.184,23.968,24.052,100161,0
2014-08-15,24.296,24.296,23.771,23.997,187347,0
2014-08-18,24.624,24.644,24.287,24.316,429668,0
2014-08-19,24.39,24.513,24.345,24.474,247764,0
2014-08-20,24.437,24.504,24.23,24.345,144968,0
2014-08-21,24.345,24.474,24.09,24.419,202637,0
2014-08-22,24.371,24.804,24.23,24.757,159746,0
2014-08-25,24.832,24.859,24.465,24.532,182163,0
2014-08-26,24.644,24.877,24.541,24.877,173255,0
2014-08-27,24.877,24.955,24.748,24.777,105980,0
2014-08-28,24.748,24.823,24.55,24.787,136057,0
2014-08-29,24.787,25.011,24.682,24.974,136695,0
2014-09-02,25.02,25.162,24.849,25.113,158884,0
2014-09-03,25.243,25.471,24.868,24.945,795118,0
2014-09-04,26.286,27.209,26.061,26.251,507522,0
2014-09-05,26.269,26.682,26.156,26.522,273617,0
2014-09-08,26.429,26.614,26.251,26.606,223447,0
2014-09-09,26.568,26.568,26.118,26.212,330430,0
2014-09-10,26.174,26.296,25.95,26.099,243187,0
2014-09-11,25.912,26.399,25.912,26.222,214430,0
2014-09-12,26.296,26.314,25.856,26.061,182315,0
2014-09-15,26.051,26.071,25.734,25.921,201149,0
2014-09-16,25.892,26.034,25.581,25.96,292239,0
2014-09-17,25.93,26.042,25.648,25.912,271088,0
2014-09-18,25.968,26.016,25.715,25.94,244858,0
2014-09-19,25.912,26.042,25.538,25.563,480443,0
2014-09-22,25.461,25.611,25.179,25.509,225307,0
2014-09-23,25.349,25.499,25.038,25.056,200833,0
2014-09-24,25.152,25.404,24.936,25.368,182635,0
2014-09-25,25.253,25.32,24.748,24.767,233078,0
2014-09-26,24.767,24.907,24.606,24.624,235373,0
2014-09-29,24.409,24.606,24.269,24.513,227266,0
2014-09-30,24.602,24.792,24.262,24.262,328670,0
2014-10-01,24.31,24.384,23.761,23.781,399748,0
2014-10-02,23.752,24.15,23.723,24.026,160938,0
2014-10-03,24.348,24.602,24.215,24.479,225329,0
2014-10-06,24.499,24.668,24.358,24.384,164449,0
2014-10-07,24.205,24.462,24.053,24.063,239370,0
2014-10-08,24.092,24.784,24.017,24.774,233154,0
2014-10-09,24.784,24.784,24.14,24.16,231311,0
2014-10-10,24.053,24.33,23.884,23.912,250769,0
2014-10-13,23.819,24.073,23.696,23.714,260664,0
2014-10-14,23.97,24.15,23.781,24.063,280756,0
2014-10-15,23.771,24.489,23.582,24.348,270917,0
2014-10-16,23.951,24.545,23.951,24.413,228515,0
2014-10-17,24.602,24.875,24.233,24.348,215343,0
2014-10-20,24.348,24.65,24.281,24.65,142731,0
2014-10-21,24.688,24.999,24.555,24.792,185088,0
2014-10-22,24.884,24.963,24.555,24.602,183258,0
2014-10-23,24.838,24.982,24.715,24.82,164823,0
2014-10-24,24.914,24.99,24.715,24.99,94931,0
2014-10-27,24.914,25.112,24.734,25.092,86321,0
2014-10-28,25.142,25.613,25.132,25.593,294711,0
2014-10-29,25.65,25.801,25.452,25.718,189476,0
2014-10-30,25.66,26.199,25.583,25.916,193368,0
2014-10-31,26.396,26.445,25.737,26.104,406485,0
2014-11-03,26.086,26.266,25.737,25.745,262396,0
2014-11-04,25.641,25.934,25.632,25.669,180377,0
2014-11-05,25.755,26.01,25.539,25.689,149971,0
2014-11-06,25.65,25.934,25.65,25.839,95197,0
2014-11-07,25.809,25.809,25.65,25.727,170987,0
2014-11-10,25.737,25.809,25.593,25.745,198931,0
2014-11-11,25.745,25.869,25.632,25.801,149438,0
2014-11-12,25.679,26.029,25.679,25.896,273801,0
2014-11-13,25.972,26.02,25.819,25.829,110937,0
2014-11-14,25.916,26.19,25.641,25.708,180108,0
2014-11-17,25.66,25.809,25.529,25.539,110405,0
2014-11-18,25.539,25.809,25.539,25.557,125374,0
2014-11-19,25.557,25.565,25.074,25.217,131048,0
2014-11-20,25.188,25.329,25.064,25.273,216239,0
2014-11-21,25.573,25.783,25.443,25.641,425694,0
2014-11-24,25.679,25.924,25.641,25.886,141268,0
2014-11-25,25.896,26.056,25.718,25.745,101407,0
2014-11-26,25.727,25.839,25.583,25.708,138295,0
2014-11-28,25.783,25.991,25.548,25.583,104670,0
2014-12-01,25.548,25.765,25.292,25.471,195030,0
2014-12-02,25.471,25.896,25.452,25.708,132639,0
2014-12-03,25.679,26.038,25.613,25.869,174624,0
2014-12-04,25.793,25.916,25.548,25.679,265920,0
2014-12-05,25.632,25.962,25.632,25.801,259340,0
2014-12-08,25.718,26.076,25.386,25.539,168551,0
2014-12-09,24.555,26.632,24.499,26.594,440376,0
2014-12-10,26.416,26.436,25.708,25.708,273452,0
2014-12-11,25.924,26.227,25.783,25.944,225661,0
2014-12-12,25.593,25.924,25.593,25.765,247156,0
2014-12-15,25.906,26.257,25.679,26.151,276029,0
2014-12-16,26.086,26.445,25.991,26.32,296667,0
2014-12-17,26.34,26.632,25.944,26.474,406732,0
2014-12-18,26.738,27.01,26.528,26.538,489813,0
2014-12-19,26.556,26.652,26.416,26.445,635803,0
2014-12-22,26.445,26.955,26.445,26.908,187067,0
2014-12-23,26.982,27.426,26.908,27.417,192811,0
2014-12-24,27.398,27.577,27.201,27.417,104240,0
2014-12-26,27.475,27.721,27.465,27.586,95778,0
2014-12-29,27.614,28.001,27.53,27.738,206416,0
2014-12-30,27.673,27.872,27.378,27.51,154185,0
2014-12-31,27.52,27.643,27.178,27.208,144339,0
2015-01-02,27.244,27.454,26.768,26.987,180077,0
2015-01-05,26.855,27.3,26.796,27.035,286848,0
2015-01-06,27.261,27.434,26.646,27.168,670184,0
2015-01-07,27.444,27.663,27.188,27.613,216129,0
2015-01-08,27.852,27.984,27.633,27.957,186283,0
2015-01-09,28.031,28.452,27.673,27.794,263647,0
2015-01-12,27.712,28.336,27.492,27.947,368051,0
2015-01-13,28.248,28.741,27.872,28.336,275534,0
2015-01-14,27.977,28.185,27.746,28.109,150188,0
2015-01-15,28.079,28.185,27.52,27.633,220095,0
2015-01-16,27.585,28.137,27.444,28.099,184297,0
2015-01-20,28.205,28.205,27.537,27.595,235467,0
2015-01-21,27.52,27.812,27.368,27.633,144042,0
2015-01-22,27.633,28.176,27.454,28.147,173151,0
2015-01-23,28.109,28.298,27.812,28.003,153649,0
2015-01-26,27.928,28.022,27.604,27.947,218974,0
2015-01-27,27.721,27.928,27.556,27.852,154374,0
2015-01-28,27.967,28.05,27.32,27.547,172767,0
2015-01-29,27.547,28.012,27.529,27.993,169424,0
2015-01-30,27.746,27.928,27.368,27.416,221181,0
2015-02-02,27.482,27.891,27.188,27.832,184567,0
2015-02-03,27.957,28.781,27.957,28.699,242420,0
2015-02-04,28.525,28.68,28.224,28.288,282175,0
2015-02-05,28.452,28.671,28.365,28.487,199729,0
2015-02-06,28.572,28.821,28.307,28.612,297176,0
2015-02-09,28.535,28.791,28.24,28.307,112536,0
2015-02-10,28.506,28.506,27.774,28.147,210538,0
2015-02-11,28.147,28.167,27.891,28.05,106350,0
2015-02-12,28.117,28.278,27.928,28.24,151888,0
2015-02-13,28.224,28.385,27.977,28.079,173636,0
2015-02-17,28.099,28.741,28.031,28.602,184051,0
2015-02-18,28.562,29.087,28.544,29.087,181323,0
2015-02-19,29.03,29.163,28.831,29.143,184180,0
2015-02-20,29.049,29.173,28.791,29.077,150388,0
2015-02-23,28.962,29.381,28.724,29.371,137885,0
2015-02-24,29.371,29.789,29.333,29.551,208376,0
2015-02-25,29.629,29.829,29.153,29.183,155864,0
2015-02-26,29.228,29.639,28.915,29.551,125696,0
2015-02-27,29.485,29.658,29.237,29.522,199161,0
2015-03-02,29.56,29.839,29.294,29.59,193450,0
2015-03-03,29.6,29.629,29.2,29.541,193765,0
2015-03-04,29.96,29.96,27.52,27.891,476936,0
2015-03-05,28.012,28.346,27.803,28.298,246734,0
2015-03-06,28.05,28.307,27.822,27.891,231254,0
2015-03-09,27.901,28.117,27.794,27.92,208507,0
2015-03-10,27.633,27.812,27.482,27.643,219038,0
2015-03-11,27.633,27.967,27.537,27.901,168596,0
2015-03-12,28.127,28.671,27.928,28.496,186921,0
2015-03-13,28.515,28.515,27.852,28.224,139322,0
2015-03-16,28.403,28.851,28.127,28.671,228413,0
2015-03-17,28.99,29.769,28.99,29.503,475988,0
2015-03-18,29.467,30.169,29.247,30.017,344141,0
2015-03-19,30.017,30.463,29.931,30.112,329401,0
2015-03-20,30.292,30.624,30.151,30.605,380687,0
2015-03-23,30.644,30.861,30.444,30.55,253368,0
2015-03-24,30.55,30.852,30.397,30.748,180182,0
2015-03-25,30.881,30.881,30.007,30.007,156696,0
2015-03-26,29.969,30.34,29.667,30.132,208824,0
2015-03-27,30.036,30.644,29.799,30.388,260002,0
2015-03-30,30.52,30.796,30.151,30.701,153434,0
2015-03-31,30.414,30.519,29.957,30.405,515729,0
2015-04-01,30.433,30.644,30.195,30.462,279464,0
2015-04-02,30.558,30.73,30.443,30.558,263116,0
2015-04-06,30.509,30.806,30.414,30.652,619809,0
2015-04-07,30.652,30.662,30.319,30.368,302426,0
2015-04-08,30.319,31.034,30.232,30.959,324522,0
2015-04-09,30.978,31.236,30.844,30.95,924497,0
2015-04-10,30.978,31.034,30.405,30.433,303041,0
2015-04-13,30.31,30.748,30.224,30.529,238494,0
2015-04-14,30.509,30.662,30.29,30.577,202761,0
2015-04-15,30.644,30.748,30.462,30.644,277982,0
2015-04-16,30.529,30.529,30.241,30.358,130318,0
2015-04-17,30.129,30.241,29.643,29.824,283656,0
2015-04-20,29.966,30.148,29.584,30.003,167182,0
2015-04-21,30.089,30.652,29.937,30.558,182041,0
2015-04-22,30.539,30.558,30.175,30.414,177225,0
2015-04-23,30.405,30.788,30.261,30.652,211564,0
2015-04-24,30.758,30.758,30.3,30.489,146114,0
2015-04-27,30.691,30.94,30.377,30.489,309434,0
2015-04-28,30.499,30.815,30.499,30.788,282293,0
2015-04-29,30.758,30.91,30.509,30.644,347260,0
2015-04-30,30.539,30.691,30.185,30.587,396092,0
2015-05-01,30.691,30.844,30.577,30.701,306710,0
2015-05-04,30.778,31.091,30.701,30.844,218792,0
2015-05-05,30.778,30.94,30.558,30.681,423544,0
2015-05-06,30.73,30.778,30.549,30.758,309752,0
2015-05-07,30.73,30.94,30.624,30.834,236178,0
2015-05-08,31.111,31.111,30.662,30.671,242161,0
2015-05-11,30.662,30.758,30.539,30.558,191024,0
2015-05-12,30.433,30.577,29.908,30.558,192940,0
2015-05-13,30.605,30.662,30.138,30.414,192701,0
2015-05-14,30.549,30.891,30.443,30.815,199724,0
2015-05-15,30.788,30.853,30.453,30.529,144294,0
2015-05-18,30.443,30.671,30.271,30.549,192080,0
2015-05-19,30.644,31.054,30.558,31.034,427923,0
2015-05-20,31.178,31.521,31.026,31.455,218688,0
2015-05-21,31.493,31.568,31.091,31.149,335839,0
2015-05-22,31.054,31.217,30.73,31.006,360359,0
2015-05-26,30.844,31.026,30.587,30.768,165238,0
2015-05-27,30.93,31.359,30.691,31.292,183480,0
2015-05-28,31.178,31.359,30.987,31.217,154886,0
2015-05-29,31.227,31.33,30.862,30.959,265841,0
2015-06-01,31.111,31.292,30.834,31.016,379121,0
2015-06-02,30.95,30.996,30.739,30.91,166644,0
2015-06-03,31.054,31.779,30.587,31.645,518901,0
2015-06-04,31.493,31.493,31.034,31.217,165249,0
2015-06-05,31.217,31.502,31.034,31.217,224452,0
2015-06-08,31.198,31.437,31.044,31.063,219842,0
2015-06-09,31.016,31.437,30.844,31.407,148455,0
2015-06-10,31.511,31.894,31.493,31.723,229909,0
2015-06-11,31.741,31.922,31.473,31.797,190502,0
2015-06-12,31.675,31.675,31.35,31.521,147223,0
2015-06-15,31.32,31.447,30.72,31.388,205904,0
2015-06-16,31.33,31.463,31.063,31.455,176250,0
2015-06-17,31.511,31.568,31.253,31.34,104890,0
2015-06-18,31.447,31.865,31.417,31.759,209050,0
2015-06-19,31.807,31.95,31.493,31.817,263850,0
2015-06-22,31.97,32.151,31.817,31.894,129305,0
2015-06-23,31.932,32.103,31.779,32.075,306039,0
2015-06-24,32.036,32.131,31.665,31.827,207685,0
2015-06-25,31.875,32.131,31.741,32.008,252744,0
2015-06-26,32.027,32.103,31.626,31.797,505593,0
2015-06-29,31.626,31.922,31.33,31.35,261336,0
2015-06-30,31.809,32.125,31.417,31.522,443059,0
2015-07-01,31.695,31.858,31.32,31.447,243900,0
2015-07-02,31.522,31.56,30.928,31.301,389991,0
2015-07-06,31.11,31.388,30.957,31.081,155057,0
2015-07-07,31.1,31.1,30.573,30.775,217310,0
2015-07-08,30.61,30.957,30.545,30.708,251198,0
2015-07-09,31.024,31.12,30.418,30.467,542025,0
2015-07-10,30.745,31.024,30.505,30.85,678000,0
2015-07-13,31.071,31.417,30.86,31.138,414288,0
2015-07-14,31.1,31.378,30.976,31.32,127870,0
2015-07-15,31.359,31.359,30.967,31.09,174085,0
2015-07-16,31.301,31.484,31.253,31.388,168093,0
2015-07-17,31.437,31.474,31.197,31.282,182170,0
2015-07-20,31.282,31.282,31.138,31.235,127738,0
2015-07-21,31.226,31.398,30.87,30.976,124506,0
2015-07-22,30.938,31.484,30.938,31.464,140773,0
2015-07-23,31.464,31.503,30.994,31.253,203651,0
2015-07-24,31.253,31.272,30.918,30.928,278519,0
2015-07-27,30.889,31.12,30.785,31.042,242650,0
2015-07-28,31.177,31.311,30.785,31.244,208238,0
2015-07-29,31.187,31.647,30.985,31.589,233474,0
2015-07-30,31.464,31.839,31.369,31.637,263505,0
2015-07-31,31.734,31.944,31.464,31.609,199688,0
2015-08-03,31.609,31.781,31.167,31.522,247892,0
2015-08-04,31.493,31.878,31.34,31.579,232325,0
2015-08-05,31.781,32.099,31.378,31.878,233160,0
2015-08-06,31.915,32.453,31.725,31.849,243246,0
2015-08-07,31.677,31.849,31.484,31.677,208031,0
2015-08-10,31.839,32.185,31.839,32.155,211993,0
2015-08-11,31.906,32.001,31.79,31.953,173607,0
2015-08-12,31.725,31.849,31.206,31.705,187175,0
2015-08-13,31.705,31.888,31.447,31.647,136705,0
2015-08-14,31.761,32.356,31.359,32.288,209906,0
2015-08-17,32.145,32.499,31.925,32.415,122524,0
2015-08-18,32.318,32.605,32.269,32.376,222108,0
2015-08-19,32.135,32.318,31.925,32.079,77998,0
2015-08-20,31.799,31.897,31.609,31.609,121896,0
2015-08-21,31.09,31.734,30.61,31.579,369136,0
2015-08-24,30.448,31.407,30.103,30.545,474603,0
2015-08-25,31.407,31.456,30.199,30.218,325443,0
2015-08-26,30.717,30.821,29.883,30.775,440251,0
2015-08-27,30.957,31.042,30.255,30.755,448489,0
2015-08-28,30.573,30.727,30.324,30.61,360689,0
2015-08-31,30.487,30.85,30.353,30.698,273932,0
2015-09-01,30.315,30.467,29.746,29.836,289262,0
2015-09-02,30.064,30.074,29.413,29.893,558084,0
2015-09-03,28.289,29.393,27.485,29.009,1906055,0
2015-09-04,28.713,28.848,28.011,28.04,1152872,0
2015-09-08,28.435,28.798,28.435,28.52,575289,0
2015-09-09,28.587,28.788,28.464,28.5,643798,0
2015-09-10,28.51,28.617,28.289,28.339,924262,0
2015-09-11,28.339,28.51,28.24,28.425,734726,0
2015-09-14,28.577,28.894,28.415,28.445,586968,0
2015-09-15,28.425,28.768,28.349,28.675,397915,0
2015-09-16,28.731,28.868,28.607,28.758,530035,0
2015-09-17,28.808,29.009,28.637,28.666,345933,0
2015-09-18,28.396,28.577,28.186,28.329,718146,0
2015-09-21,28.587,28.617,28.168,28.206,424297,0
2015-09-22,28.059,28.138,27.658,27.735,329720,0
2015-09-23,27.743,27.907,27.678,27.743,402252,0
2015-09-24,27.668,27.698,27.371,27.513,348517,0
2015-09-25,27.648,27.81,27.361,27.523,699585,0
2015-09-28,27.476,27.476,26.773,26.793,541000,0
2015-09-29,26.861,27.083,26.689,26.738,589205,0
2015-09-30,26.901,26.959,25.994,26.34,1027040,0
2015-10-01,26.409,26.487,26.042,26.246,657839,0
2015-10-02,26.091,26.65,25.763,26.601,844564,0
2015-10-05,26.793,27.221,26.793,27.191,388335,0
2015-10-06,27.171,27.334,26.95,27.045,354063,0
2015-10-07,27.132,27.546,27.073,27.324,640424,0
2015-10-08,27.275,27.924,27.265,27.904,368161,0
2015-10-09,27.953,28.057,27.731,27.74,294757,0
2015-10-12,27.722,27.973,27.643,27.787,285442,0
2015-10-13,27.712,27.885,27.498,27.507,265937,0
2015-10-14,27.47,27.683,27.221,27.229,421661,0
2015-10-15,27.304,27.489,27.162,27.431,345352,0
2015-10-16,27.451,27.507,27.092,27.507,466138,0
2015-10-19,27.393,27.673,27.221,27.663,362233,0
2015-10-20,27.585,27.739,27.295,27.334,266017,0
2015-10-21,27.441,27.536,27.045,27.045,244889,0
2015-10-22,27.112,27.585,27.073,27.546,293721,0
2015-10-23,27.693,27.855,27.431,27.479,206424,0
2015-10-26,27.47,27.806,27.393,27.758,410049,0
2015-10-27,27.556,27.604,27.248,27.556,388068,0
2015-10-28,27.673,28.258,27.585,27.855,487704,0
2015-10-29,27.211,27.211,26.023,26.901,970950,0
2015-10-30,26.95,27.479,26.793,27.393,569195,0
2015-11-02,27.354,27.815,27.275,27.623,358542,0
2015-11-03,27.585,27.835,27.265,27.451,234415,0
2015-11-04,27.451,27.517,27.142,27.393,194165,0
2015-11-05,27.431,27.604,27.248,27.517,132397,0
2015-11-06,27.374,27.702,27.162,27.623,278793,0
2015-11-09,27.566,27.693,27.295,27.413,286630,0
2015-11-10,27.295,27.722,27.229,27.712,267802,0
2015-11-11,27.796,27.99,27.673,27.806,157280,0
2015-11-12,27.507,27.768,27.393,27.748,317464,0
2015-11-13,27.613,27.815,27.422,27.451,199063,0
2015-11-16,27.451,27.806,27.364,27.787,140898,0
2015-11-17,27.815,27.895,27.585,27.835,210572,0
2015-11-18,27.875,28.116,27.777,28.076,266142,0
2015-11-19,28.086,28.224,27.934,28.214,230270,0
2015-11-20,28.358,28.714,28.358,28.706,232344,0
2015-11-23,28.657,28.74,28.338,28.455,192220,0
2015-11-24,28.406,28.706,28.224,28.686,164848,0
2015-11-25,28.714,28.83,28.548,28.79,159043,0
2015-11-27,28.74,28.992,28.628,28.936,100464,0
2015-11-30,29.002,29.071,28.588,28.618,250073,0
2015-12-01,28.696,29.061,28.54,29.032,176554,0
2015-12-02,29.032,29.178,28.618,28.77,215598,0
2015-12-03,28.81,28.81,27.924,27.99,330910,0
2015-12-04,28.018,28.548,28.018,28.396,155207,0
2015-12-07,28.328,28.328,27.731,27.895,206527,0
2015-12-08,27.712,28.24,27.479,28.116,306886,0
2015-12-09,27.973,28.435,27.498,27.924,864989,0
2015-12-10,27.934,28.037,27.623,27.663,448202,0
2015-12-11,27.334,27.633,27.162,27.344,324099,0
2015-12-14,27.354,27.461,27.152,27.334,348437,0
2015-12-15,27.47,27.702,27.344,27.536,252769,0
2015-12-16,27.702,28.086,27.566,28.076,370547,0
2015-12-17,28.106,28.106,27.623,27.633,314767,0
2015-12-18,27.451,27.479,27.171,27.171,626426,0
2015-12-21,27.344,27.507,27.142,27.461,211400,0
2015-12-22,27.546,27.748,27.383,27.74,239080,0
2015-12-23,27.865,28.258,27.758,28.204,183407,0
2015-12-24,28.194,28.387,28.076,28.214,84671,0
2015-12-28,28.136,28.318,27.875,28.278,187817,0
2015-12-29,28.415,28.686,28.278,28.377,192209,0
2015-12-30,28.377,28.387,28.047,28.047,164299,0
2015-12-31,28.008,28.156,27.461,27.461,248056,0
2016-01-04,27.063,27.063,26.523,26.689,345329,0
2016-01-05,26.751,27.013,26.733,26.751,233849,0
2016-01-06,26.422,26.937,26.392,26.49,295096,0
2016-01-07,26.043,26.5,25.885,25.926,207539,0
2016-01-08,26.082,26.129,25.714,25.791,372318,0
2016-01-11,25.897,26.304,25.762,26.219,234762,0
2016-01-12,26.402,26.576,26.119,26.343,317960,0
2016-01-13,26.362,26.635,25.781,25.975,295312,0
2016-01-14,26.034,27.12,25.839,26.733,341621,0
2016-01-15,26.209,27.644,26.179,27.303,711291,0
2016-01-19,27.498,28.516,27.489,28.04,567037,0
2016-01-20,27.654,28.13,27.219,27.817,388265,0
2016-01-21,27.907,28.273,27.723,27.732,353127,0
2016-01-22,28.06,28.654,28.06,28.333,508234,0
2016-01-25,28.293,28.703,28.06,28.14,479914,0
2016-01-26,28.323,28.555,28.09,28.487,445851,0
2016-01-27,28.392,28.693,28.188,28.273,415574,0
2016-01-28,28.516,28.731,28.188,28.323,352090,0
2016-01-29,28.506,29.158,28.479,29.138,674593,0
2016-02-01,28.991,29.362,28.748,29.119,217975,0
2016-02-02,28.828,29.119,28.377,28.585,234234,0
2016-02-03,28.808,28.887,28.1,28.487,317636,0
2016-02-04,28.431,29.031,28.258,28.683,180029,0
2016-02-05,28.555,28.703,27.897,27.983,380459,0
2016-02-08,27.75,28.645,27.605,28.575,283008,0
2016-02-09,28.353,28.963,28.227,28.748,243422,0
2016-02-10,28.925,29.362,28.793,29.091,290661,0
2016-02-11,28.673,29.381,28.575,29.244,500585,0
2016-02-12,29.459,29.644,29.138,29.469,296477,0
2016-02-16,29.866,30.585,29.585,30.506,273862,0
2016-02-17,30.506,30.875,30.234,30.536,414338,0
2016-02-18,30.536,30.817,30.381,30.487,246577,0
2016-02-19,30.487,31.03,30.298,30.904,311440,0
2016-02-22,31.069,31.253,30.749,30.845,333497,0
2016-02-23,30.817,31.011,30.536,30.759,197561,0
2016-02-24,30.516,31.331,30.303,31.292,217971,0
2016-02-25,31.379,31.535,31.069,31.253,301935,0
2016-02-26,31.302,31.37,30.167,30.332,473968,0
2016-02-29,30.313,30.661,30.041,30.467,346690,0
2016-03-01,30.632,30.702,30.167,30.477,227087,0
2016-03-02,30.39,30.39,29.535,30.089,511805,0
2016-03-03,30.07,30.186,29.595,29.866,333573,0
2016-03-04,29.866,29.896,29.526,29.73,331769,0
2016-03-07,29.614,30.119,29.264,30.099,413261,0
2016-03-08,30.021,30.293,29.516,29.924,344940,0
2016-03-09,31.196,32.399,29.711,30.904,803770,0
2016-03-10,30.904,31.001,29.886,30.148,542510,0
2016-03-11,30.283,30.448,30.011,30.138,327701,0
2016-03-14,30.06,30.129,29.73,29.866,315214,0
2016-03-15,29.664,30.206,29.55,30.158,267381,0
2016-03-16,30.05,30.526,29.876,30.342,237836,0
2016-03-17,30.313,30.944,30.215,30.836,339121,0
2016-03-18,30.973,31.049,30.612,30.885,638676,0
2016-03-21,30.845,31.039,30.651,30.973,330679,0
2016-03-22,30.904,31.409,30.779,31.021,557770,0
2016-03-23,31.03,31.03,30.585,30.585,346626,0
2016-03-24,30.487,30.671,30.273,30.546,171826,0
2016-03-28,30.555,30.789,30.438,30.671,113921,0
2016-03-29,30.671,31.049,30.428,31.049,317604,0
2016-03-30,31.049,31.351,30.88,31.272,348311,0
2016-03-31,31.225,31.535,31.166,31.351,210791,0
2016-04-01,31.166,31.399,30.894,31.128,224166,0
2016-04-04,31.108,31.196,30.797,30.885,387363,0
2016-04-05,30.821,31.279,30.734,31.075,309767,0
2016-04-06,31.017,31.26,30.899,31.212,383202,0
2016-04-07,31.075,31.309,30.919,31.289,484735,0
2016-04-08,31.417,31.649,31.202,31.279,301179,0
2016-04-11,31.377,31.442,30.909,30.978,294553,0
2016-04-12,30.978,31.407,30.929,31.163,260101,0
2016-04-13,31.26,31.661,31.094,31.621,394185,0
2016-04-14,31.602,31.671,31.348,31.407,221105,0
2016-04-15,31.407,31.924,31.407,31.865,439665,0
2016-04-18,31.865,32.08,31.572,31.592,197770,0
2016-04-19,31.739,31.85,31.417,31.719,262321,0
2016-04-20,31.69,31.699,31.318,31.592,216300,0
2016-04-21,31.494,31.543,31.183,31.232,144115,0
2016-04-22,31.193,31.504,31.193,31.368,212543,0
2016-04-25,31.25,31.387,30.958,31.094,165033,0
2016-04-26,31.084,31.377,31.007,31.377,225198,0
2016-04-27,31.279,31.865,31.279,31.856,331996,0
2016-04-28,31.739,31.865,31.592,31.602,183681,0
2016-04-29,31.318,31.494,31.133,31.377,256555,0
2016-05-02,31.427,31.709,31.289,31.709,250340,0
2016-05-03,31.533,31.719,31.377,31.621,228835,0
2016-05-04,31.427,32.138,31.427,31.943,360800,0
2016-05-05,31.973,32.09,31.661,31.982,461575,0
2016-05-06,31.767,32.011,31.242,31.719,409304,0
2016-05-09,31.661,32.138,31.612,32.06,195877,0
2016-05-10,32.158,32.528,32.06,32.508,252608,0
2016-05-11,32.451,32.513,31.973,32.138,167735,0
2016-05-12,32.178,32.392,31.914,32.178,181345,0
2016-05-13,32.178,32.323,31.914,32.178,220769,0
2016-05-16,32.187,32.333,32.06,32.246,175490,0
2016-05-17,32.187,32.412,31.865,32.08,394562,0
2016-05-18,32.021,32.021,31.592,31.777,277681,0
2016-05-19,31.709,31.992,31.494,31.953,164177,0
2016-05-20,32.108,32.333,31.914,32.323,203122,0
2016-05-23,32.284,32.402,32.173,32.187,169225,0
2016-05-24,32.294,32.761,32.08,32.694,235389,0
2016-05-25,32.606,32.694,32.48,32.557,172466,0
2016-05-26,32.606,32.91,32.432,32.84,301403,0
2016-05-27,32.821,33.289,32.666,33.181,303710,0
2016-05-31,33.124,33.358,32.958,33.328,265292,0
2016-06-01,33.24,33.416,33.074,33.358,222517,0
2016-06-02,33.23,33.728,33.191,33.572,215580,0
2016-06-03,33.523,33.523,33.154,33.318,213829,0
2016-06-06,33.358,33.445,33.201,33.269,254224,0
2016-06-07,33.269,33.513,33.201,33.397,193094,0
2016-06-08,33.407,34.128,33.289,33.904,352688,0
2016-06-09,34.85,36.664,34.293,36.352,1386096,0
2016-06-10,36.167,36.923,35.963,36.381,616163,0
2016-06-13,36.225,36.556,35.785,35.805,567022,0
2016-06-14,35.669,36.039,35.504,35.884,399591,0
2016-06-15,35.981,36.034,35.53,35.59,205603,0
2016-06-16,35.513,35.805,35.309,35.766,180960,0
2016-06-17,36.157,36.273,35.181,35.366,491090,0
2016-06-20,35.776,36.001,35.346,35.386,630565,0
2016-06-21,35.425,35.795,35.186,35.64,264249,0
2016-06-22,35.64,35.805,35.405,35.465,246668,0
2016-06-23,35.748,36.02,35.63,35.874,406796,0
2016-06-24,34.967,35.156,34.664,34.86,545342,0
2016-06-27,34.683,34.729,34.166,34.362,358605,0
2016-06-28,34.469,34.84,34.323,34.372,437676,0
2016-06-29,34.654,35.035,34.654,34.86,214436,0
2016-06-30,34.791,35.59,34.791,35.58,390372,0
2016-07-01,35.59,35.776,35.366,35.435,189910,0
2016-07-05,35.361,35.989,35.235,35.744,250978,0
2016-07-06,35.606,35.861,35.47,35.685,180427,0
2016-07-07,35.616,35.783,35.322,35.538,142206,0
2016-07-08,35.802,36.321,35.802,36.076,245868,0
2016-07-11,36.116,36.39,36.018,36.321,161154,0
2016-07-12,36.498,36.781,36.116,36.498,218517,0
2016-07-13,36.566,36.645,36.371,36.489,191048,0
2016-07-14,36.616,36.714,36.185,36.291,222508,0
2016-07-15,36.41,36.508,36.027,36.498,269456,0
2016-07-18,36.526,36.65,36.259,36.301,136626,0
2016-07-19,36.145,36.355,35.881,36.027,252679,0
2016-07-20,36.106,36.576,35.965,36.341,164835,0
2016-07-21,36.361,36.526,36.195,36.4,172515,0
2016-07-22,36.321,36.91,36.155,36.762,124739,0
2016-07-25,36.685,36.685,36.351,36.536,200553,0
2016-07-26,36.321,36.861,36.321,36.762,181398,0
2016-07-27,36.743,36.861,36.41,36.851,182619,0
2016-07-28,36.695,36.781,36.331,36.489,151273,0
2016-07-29,36.479,36.616,36.205,36.46,228804,0
2016-08-01,36.41,36.655,36.155,36.517,198515,0
2016-08-02,36.43,36.665,36.009,36.106,242704,0
2016-08-03,36.116,36.517,35.89,36.517,289384,0
2016-08-04,36.536,36.586,36.272,36.371,117055,0
2016-08-05,36.44,36.714,36.272,36.508,128950,0
2016-08-08,36.508,36.546,36.224,36.351,82541,0
2016-08-09,36.311,36.479,36.234,36.45,183105,0
2016-08-10,36.45,36.851,36.45,36.851,136942,0
2016-08-11,36.9,37.242,36.88,37.242,193673,0
2016-08-12,37.232,37.232,36.714,36.969,118036,0
2016-08-15,36.89,37.351,36.89,37.351,111399,0
2016-08-16,37.4,37.556,37.135,37.223,175737,0
2016-08-17,37.321,37.321,36.959,37.125,214853,0
2016-08-18,37.185,37.281,36.978,37.155,173360,0
2016-08-19,37.155,37.175,36.949,37.076,219865,0
2016-08-22,36.949,37.497,36.949,37.439,203577,0
2016-08-23,37.497,37.811,37.463,37.576,171518,0
2016-08-24,37.586,37.606,37.321,37.38,170637,0
2016-08-25,37.41,37.615,37.232,37.477,212813,0
2016-08-26,37.439,37.762,37.007,37.262,167309,0
2016-08-29,37.291,37.516,37.106,37.262,138129,0
2016-08-30,37.37,37.791,37.351,37.625,200355,0
2016-08-31,37.635,37.712,37.223,37.655,204577,0
2016-09-01,37.516,37.88,37.311,37.88,151265,0
2016-09-02,38.115,38.37,37.821,38.125,227086,0
2016-09-06,38.182,38.271,37.684,38.202,238949,0
2016-09-07,38.135,38.271,37.655,37.87,422114,0
2016-09-08,39.192,39.652,37.91,39.603,795719,0
2016-09-09,39.387,39.387,37.771,37.801,357994,0
2016-09-12,37.556,37.997,37.291,37.977,259470,0
2016-09-13,37.38,38.076,37.38,37.987,330387,0
2016-09-14,38.007,38.291,37.87,38.222,279269,0
2016-09-15,38.212,38.662,38.12,38.625,157258,0
2016-09-16,38.652,38.652,38.135,38.321,385181,0
2016-09-19,38.291,38.457,38.066,38.163,257285,0
2016-09-20,38.408,38.467,37.801,37.821,415432,0
2016-09-21,38.115,38.605,37.967,38.566,264583,0
2016-09-22,38.702,39.222,38.566,39.192,264359,0
2016-09-23,39.192,39.242,38.821,38.917,191770,0
2016-09-26,38.662,39.123,38.408,38.752,210126,0
2016-09-27,38.615,38.86,38.581,38.605,387422,0
2016-09-28,38.811,38.907,38.576,38.887,181929,0
2016-09-29,38.841,38.917,38.477,38.536,151456,0
2016-09-30,38.497,39.095,38.4,38.897,272904,0
2016-10-03,38.831,39.34,38.831,39.232,358786,0
2016-10-04,39.187,39.433,38.469,38.598,209029,0
2016-10-05,38.784,38.921,38.409,38.469,199273,0
2016-10-06,38.352,38.765,38.133,38.627,152518,0
2016-10-07,38.627,38.665,37.909,38.155,225956,0
2016-10-10,38.342,38.665,38.164,38.173,156009,0
2016-10-11,38.213,38.213,37.456,37.594,224590,0
2016-10-12,37.633,37.78,37.338,37.456,358574,0
2016-10-13,37.161,37.82,37.112,37.465,492334,0
2016-10-14,37.465,37.85,37.181,37.21,205382,0
2016-10-17,37.171,37.328,36.993,37.259,331406,0
2016-10-18,37.584,37.721,37.446,37.505,177554,0
2016-10-19,37.495,37.495,37.171,37.249,211556,0
2016-10-20,37.22,37.505,37.062,37.397,146239,0
2016-10-21,37.141,37.604,37.082,37.367,199318,0
2016-10-24,37.623,38.115,37.623,38.115,201751,0
2016-10-25,37.997,37.997,37.701,37.85,114513,0
2016-10-26,37.682,38.046,37.633,37.731,124984,0
2016-10-27,37.83,37.84,37.554,37.673,123155,0
2016-10-28,37.711,38.233,37.682,37.967,150318,0
2016-10-31,37.928,38.519,37.83,38.449,287816,0
2016-11-01,38.449,38.675,37.879,37.957,357720,0
2016-11-02,37.85,38.193,37.584,37.604,195937,0
2016-11-03,37.534,37.946,37.427,37.682,158262,0
2016-11-04,37.711,38.007,37.609,37.673,151695,0
2016-11-07,38.017,38.598,37.84,38.371,172126,0
2016-11-08,38.332,38.901,38.332,38.745,160900,0
2016-11-09,38.439,39.669,38.253,39.629,355664,0
2016-11-10,39.669,40.889,39.433,40.773,473635,0
2016-11-11,40.743,41.341,40.517,41.264,637704,0
2016-11-14,41.225,42.305,41.105,42.238,458234,0
2016-11-15,42.208,43.005,41.973,42.887,238453,0
2016-11-16,42.277,42.631,41.481,41.833,383202,0
2016-11-17,41.746,42.345,41.5,42.315,282513,0
2016-11-18,42.415,43.213,42.059,43.172,303633,0
2016-11-21,43.388,43.801,43.015,43.614,255868,0
2016-11-22,43.811,44.206,43.202,43.704,312614,0
2016-11-23,43.378,43.674,43.123,43.319,382320,0
2016-11-25,43.192,43.811,43.192,43.624,167371,0
2016-11-28,43.791,43.905,43.369,43.595,291257,0
2016-11-29,43.674,44.215,43.664,44.057,297292,0
2016-11-30,43.989,44.3,43.281,43.289,333535,0
2016-12-01,43.113,43.202,42.218,42.345,517093,0
2016-12-02,42.238,42.906,42.022,42.867,235509,0
2016-12-05,42.867,43.545,42.454,43.507,279726,0
2016-12-06,42.464,42.779,41.946,42.169,528876,0
2016-12-07,42.305,42.571,41.972,42.315,411181,0
2016-12-08,42.228,42.425,42.032,42.258,611429,0
2016-12-09,42.305,42.454,41.884,42.315,672062,0
2016-12-12,42.335,42.76,41.992,42.189,576176,0
2016-12-13,42.514,42.67,41.843,42.228,734860,0
2016-12-14,40.82,41.262,37.899,38.873,2711894,0
2016-12-15,38.617,39.276,37.918,39.06,1153814,0
2016-12-16,39.09,39.669,38.834,39.403,1539690,0
2016-12-19,39.778,40.092,39.177,39.619,543381,0
2016-12-20,39.552,40.477,39.552,40.121,559531,0
2016-12-21,40.28,40.517,39.818,39.818,333307,0
2016-12-22,39.59,39.836,39.443,39.759,374271,0
2016-12-23,39.709,39.769,39.294,39.493,363028,0
2016-12-27,39.523,40.073,39.468,39.925,367207,0
2016-12-28,39.945,40.044,39.729,39.769,425596,0
2016-12-29,39.827,40.141,39.6,40.121,477042,0
2016-12-30,40.131,40.28,39.965,40.181,361727,0
2017-01-03,40.082,40.59,39.717,40.31,555368,0
2017-01-04,40.557,41.041,40.261,40.942,438927,0
2017-01-05,40.912,40.912,40.073,40.082,462651,0
2017-01-06,39.974,40.024,39.292,39.332,543692,0
2017-01-09,39.598,39.598,38.926,38.936,336640,0
2017-01-10,38.986,39.48,38.857,39.094,324479,0
2017-01-11,39.163,39.762,39.055,39.727,317451,0
2017-01-12,39.5,39.687,38.926,39.292,221023,0
2017-01-13,39.539,40.508,39.539,39.984,318566,0
2017-01-17,39.864,39.939,39.255,39.312,303992,0
2017-01-18,39.292,39.845,39.282,39.37,392557,0
2017-01-19,39.292,39.332,38.61,38.906,451867,0
2017-01-20,38.798,39.292,38.788,39.163,369261,0
2017-01-23,39.203,39.51,38.729,38.986,342006,0
2017-01-24,38.926,40.181,38.921,39.994,410864,0
2017-01-25,39.984,40.842,39.984,40.191,1005909,0
2017-01-26,40.329,40.822,40.191,40.468,780697,0
2017-01-27,40.498,40.872,40.28,40.872,566180,0
2017-01-30,40.715,40.832,40.024,40.101,669205,0
2017-01-31,39.944,40.211,39.529,39.904,3844482,0
2017-02-01,39.924,40.378,39.569,39.657,473678,0
2017-02-02,39.687,39.717,39.203,39.549,298324,0
2017-02-03,39.864,40.468,39.717,40.368,307059,0
2017-02-06,40.101,40.338,39.845,39.914,311819,0
2017-02-07,39.964,40.151,39.677,39.707,440979,0
2017-02-08,39.549,39.549,38.936,39.42,358546,0
2017-02-09,39.549,40.043,39.179,39.806,356811,0
2017-02-10,39.796,40.31,39.757,40.073,252735,0
2017-02-13,40.3,40.645,40.073,40.329,310419,0
2017-02-14,40.151,40.241,39.767,39.864,232860,0
2017-02-15,39.747,40.211,39.667,39.924,342161,0
2017-02-16,39.767,40.378,39.727,40.378,370608,0
2017-02-17,40.251,40.251,39.786,39.904,228948,0
2017-02-21,39.944,40.338,39.826,40.31,172060,0
2017-02-22,40.271,40.562,40.131,40.547,161402,0
2017-02-23,40.595,40.842,40.338,40.605,182413,0
2017-02-24,40.448,40.665,40.231,40.595,180440,0
2017-02-27,40.567,41.079,40.557,41.079,243915,0
2017-02-28,40.972,41.093,40.254,40.3,349622,0
2017-03-01,40.655,41.109,40.504,40.655,720923,0
2017-03-02,40.508,40.952,40.388,40.695,444755,0
2017-03-03,40.537,40.862,40.131,40.32,299042,0
2017-03-06,39.914,40.32,39.667,39.984,487805,0
2017-03-07,39.944,40.063,39.657,39.737,563761,0
2017-03-08,40.508,42.324,40.488,41.99,944614,0
2017-03-09,42.197,43.292,41.663,41.84,674579,0
2017-03-10,42.207,42.838,41.98,42.731,507036,0
2017-03-13,42.721,43.185,42.561,43.095,313508,0
2017-03-14,43.017,43.065,42.394,42.988,304126,0
2017-03-15,43.225,43.936,43.105,43.768,350115,0
2017-03-16,43.866,44.043,43.619,43.896,215378,0
2017-03-17,44.083,44.143,43.599,44.015,595134,0
2017-03-20,43.946,44.113,43.432,43.491,232322,0
2017-03-21,43.649,43.738,42.868,42.918,284817,0
2017-03-22,42.918,43.1,42.551,42.78,243208,0
2017-03-23,42.741,43.155,42.601,42.888,295269,0
2017-03-24,42.928,43.215,42.711,42.741,292667,0
2017-03-27,42.454,42.888,42.077,42.789,269499,0
2017-03-28,42.671,42.798,42.354,42.631,356593,0
2017-03-29,42.474,42.591,42.252,42.484,230787,0
2017-03-30,42.474,42.978,42.474,42.928,333067,0
2017-03-31,42.789,43.342,42.789,43.075,256148,0
2017-04-03,43.065,43.205,41.845,41.93,345575,0
2017-04-04,42.02,42.268,41.95,42.198,229043,0
2017-04-05,42.296,42.366,41.562,41.572,286740,0
2017-04-06,41.562,41.8,41.305,41.762,239685,0
2017-04-07,41.533,41.747,41.334,41.562,363366,0
2017-04-10,41.543,41.84,41.285,41.524,327662,0
2017-04-11,41.454,42.02,41.334,41.98,190609,0
2017-04-12,41.98,42.506,41.82,42.108,573951,0
2017-04-13,42.03,42.118,41.632,41.632,472089,0
2017-04-17,41.652,41.87,41.562,41.87,253333,0
2017-04-18,41.782,42.326,41.782,42.306,229888,0
2017-04-19,42.306,42.574,42.188,42.306,233225,0
2017-04-20,42.376,42.714,42.208,42.684,217730,0
2017-04-21,42.574,42.922,42.446,42.724,239220,0
2017-04-24,43.24,43.298,42.952,43.19,229152,0
2017-04-25,43.468,43.804,43.249,43.279,218156,0
2017-04-26,43.298,43.636,43.075,43.24,310183,0
2017-04-27,43.378,43.586,43.07,43.15,241101,0
2017-04-28,43.21,43.21,42.634,42.842,748735,0
2017-05-01,43.07,43.07,42.516,43.04,260854,0
2017-05-02,43.13,43.348,43.021,43.18,172589,0
2017-05-03,42.942,43.24,42.902,43.06,157355,0
2017-05-04,43.16,43.19,42.724,43.16,150579,0
2017-05-05,43.19,43.269,42.952,43.259,229013,0
2017-05-08,43.11,43.279,42.599,42.734,170728,0
2017-05-09,42.754,42.882,42.466,42.852,207633,0
2017-05-10,42.754,42.802,42.406,42.684,385729,0
2017-05-11,42.396,42.486,42.118,42.158,290953,0
2017-05-12,42.138,42.188,41.582,41.9,186882,0
2017-05-15,41.94,42.277,41.94,42.158,145953,0
2017-05-16,42.326,42.416,41.622,41.672,215793,0
2017-05-17,41.344,41.434,40.789,41.096,199288,0
2017-05-18,41.106,41.414,40.68,41.086,163254,0
2017-05-19,41.057,41.404,40.77,40.958,240996,0
2017-05-22,40.998,41.474,40.66,41.394,155511,0
2017-05-23,41.582,41.87,41.028,41.732,158429,0
2017-05-24,41.82,42.02,41.642,41.762,158339,0
2017-05-25,42.038,42.098,41.652,41.96,317496,0
2017-05-26,41.96,42.038,41.682,41.85,191273,0
2017-05-30,41.692,42.058,41.484,42.03,161174,0
2017-05-31,42.258,42.802,42.068,42.694,331245,0
2017-06-01,42.783,43.488,42.476,43.478,253357,0
2017-06-02,43.606,44.568,43.606,43.924,211290,0
2017-06-05,43.864,43.864,43.22,43.328,268419,0
2017-06-06,43.04,43.269,42.516,42.604,267013,0
2017-06-07,42.644,42.872,42.078,42.554,383462,0
2017-06-08,43.527,44.102,41.126,43.636,760386,0
2017-06-09,43.596,43.632,42.208,42.704,519867,0
2017-06-12,42.654,42.763,40.194,40.352,643130,0
2017-06-13,40.442,41.096,40.194,41.066,452104,0
2017-06-14,41.057,41.057,40.264,40.561,331506,0
2017-06-15,40.104,40.858,40.035,40.838,327609,0
2017-06-16,40.958,41.504,40.789,41.434,741526,0
2017-06-19,41.464,41.752,41.136,41.295,236902,0
2017-06-20,41.394,41.394,40.988,41.126,237201,0
2017-06-21,41.186,41.216,41.008,41.106,215107,0
2017-06-22,41.076,41.256,40.998,41.186,219555,0
2017-06-23,41.236,41.514,41.166,41.344,1020855,0
2017-06-26,41.314,41.612,41.276,41.424,242899,0
2017-06-27,41.464,41.97,41.309,41.464,264523,0
2017-06-28,41.672,41.96,41.494,41.83,238599,0
2017-06-29,41.87,41.87,40.75,41.256,248987,0
2017-06-30,41.266,41.533,41.086,41.186,165723,0
2017-07-03,41.325,41.574,41.076,41.455,84710,0
2017-07-05,41.405,41.405,40.997,41.007,189805,0
2017-07-06,40.807,40.897,40.299,40.379,313599,0
2017-07-07,40.489,41.086,40.489,40.987,133783,0
2017-07-10,40.758,41.036,40.519,40.519,186639,0
2017-07-11,40.558,40.827,40.289,40.528,225883,0
2017-07-12,41.415,42.73,41.066,41.714,627214,0
2017-07-13,42.74,42.77,41.943,42.56,285297,0
2017-07-14,42.531,43.078,42.476,42.73,247573,0
2017-07-17,42.809,43.108,42.63,42.989,361569,0
2017-07-18,42.929,43.108,42.531,42.839,206132,0
2017-07-19,42.949,43.457,42.899,43.337,234291,0
2017-07-20,43.198,44.044,43.063,43.795,457940,0
2017-07-21,44.054,44.067,43.537,43.776,220483,0
2017-07-24,43.756,43.805,43.134,43.736,243932,0
2017-07-25,43.835,44.423,43.636,44.164,210781,0
2017-07-26,44.264,44.513,44.074,44.403,211254,0
2017-07-27,44.433,44.712,43.84,44.612,237877,0
2017-07-28,44.542,44.672,44.284,44.562,190948,0
2017-07-31,44.672,44.672,44.274,44.443,339856,0
2017-08-01,44.811,44.811,44.164,44.572,153086,0
2017-08-02,44.612,44.831,44.124,44.313,196654,0
2017-08-03,44.264,44.652,44.044,44.572,194914,0
2017-08-04,44.612,44.722,44.493,44.582,324409,0
2017-08-07,44.572,44.687,44.214,44.523,166522,0
2017-08-08,44.363,44.941,44.064,44.333,273648,0
2017-08-09,44.204,44.353,43.935,44.084,234747,0
2017-08-10,43.965,44.005,43.507,43.507,264168,0
2017-08-11,43.019,43.716,42.809,43.088,241321,0
2017-08-14,43.447,43.995,43.397,43.985,124755,0
2017-08-15,43.935,43.985,43.507,43.576,82329,0
2017-08-16,43.666,43.965,43.387,43.865,213905,0
2017-08-17,43.766,43.98,42.999,43.009,195891,0
2017-08-18,42.62,42.979,42.431,42.77,165932,0
2017-08-21,42.76,42.999,42.55,42.869,105897,0
2017-08-22,42.919,43.686,42.919,43.596,128615,0
2017-08-23,43.278,43.706,43.278,43.546,117854,0
2017-08-24,43.686,43.786,43.417,43.606,109158,0
2017-08-25,43.766,44.025,43.537,43.815,183737,0
2017-08-28,43.985,44.284,43.766,43.905,125125,0
2017-08-29,43.537,43.865,43.517,43.636,155649,0
2017-08-30,43.656,43.805,43.407,43.786,184553,0
2017-08-31,43.845,44.423,43.722,44.254,145907,0
2017-09-01,44.363,44.652,44.234,44.453,133375,0
2017-09-05,44.383,44.572,43.766,43.855,166945,0
2017-09-06,43.925,44.403,43.895,43.965,225330,0
2017-09-07,40.519,40.708,36.973,39.881,1123528,0
2017-09-08,39.184,40.329,39.044,40.05,502863,0
2017-09-11,41.584,41.584,39.851,40.807,555563,0
2017-09-12,40.867,41.017,40.18,40.369,450279,0
2017-09-13,40.07,40.24,39.592,39.851,391888,0
2017-09-14,39.811,39.811,39.333,39.602,302873,0
2017-09-15,39.752,39.752,39.064,39.403,546515,0
2017-09-18,39.463,39.463,38.746,39.015,320723,0
2017-09-19,38.795,39.044,38.656,38.905,390288,0
2017-09-20,38.875,39.483,38.875,39.134,386773,0
2017-09-21,39.283,39.283,38.766,38.775,356972,0
2017-09-22,38.785,39.343,38.785,39.154,408970,0
2017-09-25,39.154,39.772,39.154,39.712,199031,0
2017-09-26,39.831,40.409,39.612,40.15,255299,0
2017-09-27,40.27,41.246,40.21,40.987,342808,0
2017-09-28,40.847,41.485,40.588,41.375,234376,0
2017-09-29,41.485,41.574,41.256,41.544,252307,0
2017-10-02,41.554,42.242,41.458,42.212,352400,0
2017-10-03,42.202,42.73,42.102,42.66,379092,0
2017-10-04,42.49,43.01,42.455,43.01,295973,0
2017-10-05,43.0,43.27,42.79,42.8,351418,0
2017-10-06,42.63,42.81,42.44,42.62,298833,0
2017-10-09,42.57,42.8056,42.375,42.77,351584,0
2017-10-10,43.03,43.3,42.7675,42.97,271550,0
2017-10-11,42.98,43.2,42.8666,43.07,195271,0
2017-10-12,42.93,43.43,42.82,43.3,423284,0
2017-10-13,43.4,43.59,43.22,43.33,210056,0
2017-10-16,42.89,43.23,42.7,42.7,176013,0
2017-10-17,42.81,42.86,42.36,42.48,167171,0
2017-10-18,42.67,42.89,42.54,42.64,131399,0
2017-10-19,42.47,42.69,42.24,42.52,161873,0
2017-10-20,42.77,42.91,42.6,42.63,190486,0
2017-10-23,42.63,42.88,42.31,42.39,168117,0
2017-10-24,42.42,42.65,42.231,42.36,286215,0
2017-10-25,42.25,42.45,41.86,42.22,304380,0
2017-10-26,42.44,42.82,42.29,42.34,222896,0
2017-10-27,42.3,42.71,42.18,42.29,222660,0
2017-10-30,42.12,42.268,41.72,41.99,200277,0
2017-10-31,42.15,42.15,41.73,41.97,515648,0
2017-11-01,42.08,42.195,41.0,41.13,226837,0
2017-11-02,40.93,41.23,40.8966,41.1,220930,0
2017-11-03,41.2,41.38,40.86,41.06,123290,0
2017-11-06,41.04,41.18,40.52,40.63,130110,0
2017-11-07,40.63,40.85,40.25,40.44,212172,0
2017-11-08,40.3,40.465,39.98,40.2,196685,0
2017-11-09,39.85,40.26,39.3628,40.01,179986,0
2017-11-10,39.86,40.31,39.76,40.26,173288,0
