Date,Open,High,Low,Close,Volume,OpenInt
2014-01-02,26.66,27.25,26.27,26.85,232832,0
2014-01-03,26.84,27.15,26.5,27.06,209528,0
2014-01-06,27.23,27.94,27.06,27.3,241600,0
2014-01-07,27.36,27.69,27.22,27.62,304100,0
2014-01-08,27.54,28.34,27.25,28.23,404500,0
2014-01-09,28.25,29.72,27.84,29.55,433200,0
2014-01-10,29.67,30.77,29.32,30.03,434200,0
2014-01-13,29.67,30.03,28.84,29.25,326100,0
2014-01-14,29.4,29.74,29.25,29.55,192700,0
2014-01-15,29.42,29.55,27.91,28.42,517600,0
2014-01-16,28.29,28.48,27.9,27.99,318403,0
2014-01-17,27.82,28.0,27.51,27.76,2005800,0
2014-01-21,28.17,28.17,27.57,27.69,327500,0
2014-01-22,27.8,27.89,27.52,27.57,197000,0
2014-01-23,27.4,27.57,26.84,27.25,256300,0
2014-01-24,27.04,27.53,26.02,26.42,348600,0
2014-01-27,26.54,27.01,26.34,26.55,300600,0
2014-01-28,26.5,27.08,26.26,26.56,321700,0
2014-01-29,26.35,26.53,25.92,26.21,325000,0
2014-01-30,29.49,29.49,26.57,26.93,585100,0
2014-01-31,26.7,28.02,25.77,27.49,604200,0
2014-02-03,27.1,27.15,25.96,26.43,761889,0
2014-02-04,26.59,26.59,25.97,26.32,444410,0
2014-02-05,26.3,26.7,25.32,26.08,392904,0
2014-02-06,26.2,26.58,26.0,26.51,279131,0
2014-02-07,26.56,27.21,26.41,27.09,273832,0
2014-02-10,27.0,27.1,26.51,26.97,241473,0
2014-02-11,27.23,27.33,26.58,27.18,245337,0
2014-02-12,27.12,27.36,26.85,27.35,203937,0
2014-02-13,27.24,28.37,26.76,28.19,521213,0
2014-02-14,28.13,28.65,27.89,28.14,302166,0
2014-02-18,28.18,28.98,28.018,28.77,450955,0
2014-02-19,28.74,29.0,28.6,28.7,332131,0
2014-02-20,28.4,28.85,27.79,28.58,544838,0
2014-02-21,28.73,28.894,28.05,28.72,348342,0
2014-02-24,28.68,28.84,28.22,28.71,357443,0
2014-02-25,28.66,29.18,28.481,28.94,261403,0
2014-02-26,28.77,29.11,28.72,28.93,142258,0
2014-02-27,28.8,29.11,28.74,29.11,395575,0
2014-02-28,29.19,29.2,28.13,28.19,394692,0
2014-03-03,28.0,28.234,27.41,27.73,365017,0
2014-03-04,27.96,28.48,27.65,28.45,424260,0
2014-03-05,28.47,29.24,28.145,29.15,348347,0
2014-03-06,29.02,29.75,29.02,29.62,308865,0
2014-03-07,29.69,30.75,29.08,29.46,195834,0
2014-03-10,29.4,29.89,29.26,29.7,336890,0
2014-03-11,29.71,30.46,29.5,29.96,283664,0
2014-03-12,29.76,29.99,29.65,29.83,153614,0
2014-03-13,29.4,29.4,26.69,26.9,1509900,0
2014-03-14,26.72,27.016,25.889,26.01,582009,0
2014-03-17,26.03,26.34,25.42,25.6,552396,0
2014-03-18,25.72,25.93,25.26,25.74,1561571,0
2014-03-19,25.63,27.1,25.57,26.76,1135918,0
2014-03-20,26.79,27.16,25.77,26.2,580289,0
2014-03-21,27.47,27.48,26.68,26.84,790665,0
2014-03-24,27.78,27.88,26.75,27.4,600339,0
2014-03-25,27.59,27.72,26.99,27.18,553389,0
2014-03-26,27.29,27.55,26.29,26.34,310000,0
2014-03-27,26.43,26.58,25.4,25.77,411012,0
2014-03-28,25.78,26.32,25.41,25.7,374939,0
2014-03-31,25.9,26.26,25.64,26.04,354553,0
2014-04-01,26.15,26.57,25.93,26.2,1353195,0
2014-04-02,26.55,26.55,25.78,26.0,265731,0
2014-04-03,26.01,26.26,25.57,25.97,417339,0
2014-04-04,26.18,26.21,24.85,25.11,351526,0
2014-04-07,25.11,25.11,23.87,24.12,564712,0
2014-04-08,24.7,24.7,23.56,23.81,503732,0
2014-04-09,23.85,24.61,23.84,24.58,398354,0
2014-04-10,24.86,24.885,23.51,23.94,484358,0
2014-04-11,23.53,24.18,23.24,23.66,361177,0
2014-04-14,23.81,24.2,23.56,23.98,346665,0
2014-04-15,24.32,24.53,23.7,24.27,416074,0
2014-04-16,24.54,24.9,24.15,24.48,249497,0
2014-04-17,24.25,24.86,24.25,24.64,235776,0
2014-04-21,24.98,25.06,24.34,24.945,169462,0
2014-04-22,25.06,25.56,24.85,25.46,273413,0
2014-04-23,25.35,25.53,25.2,25.3,195024,0
2014-04-24,25.51,25.63,25.04,25.08,219548,0
2014-04-25,24.94,25.13,24.54,24.69,254980,0
2014-04-28,24.8,24.8,23.639,24.0,416478,0
2014-04-29,24.03,24.39,23.45,23.97,229388,0
2014-04-30,23.91,23.91,23.25,23.69,624440,0
2014-05-01,22.98,23.135,21.61,22.66,1587562,0
2014-05-02,22.64,23.03,22.28,22.71,787902,0
2014-05-05,22.7,22.94,22.11,22.23,654579,0
2014-05-06,22.11,22.48,21.86,21.99,503064,0
2014-05-07,22.0,22.15,21.07,21.469,370720,0
2014-05-08,21.12,21.69,20.29,20.87,414255,0
2014-05-09,20.76,21.75,20.51,21.59,344644,0
2014-05-12,21.74,22.07,21.54,21.92,252187,0
2014-05-13,21.93,22.03,21.5,21.55,235199,0
2014-05-14,21.55,21.66,21.241,21.55,260756,0
2014-05-15,21.36,21.41,20.51,21.2,401241,0
2014-05-16,21.18,21.5,21.01,21.5,234583,0
2014-05-19,21.23,22.1,21.23,21.95,250981,0
2014-05-20,21.95,21.95,20.83,21.05,426256,0
2014-05-21,21.09,21.26,20.81,20.88,233536,0
2014-05-22,20.99,21.49,20.85,21.4,235040,0
2014-05-23,21.45,21.54,20.85,21.1,314685,0
2014-05-27,21.41,21.72,20.99,21.53,461841,0
2014-05-28,21.46,21.96,21.41,21.71,311856,0
2014-05-29,21.88,22.35,21.62,21.97,292511,0
2014-05-30,22.05,22.86,21.99,22.8,581606,0
2014-06-02,22.92,23.05,22.4,22.89,642235,0
2014-06-03,22.482,23.086,22.25,23.0,478380,0
2014-06-04,22.86,23.18,22.67,22.91,226164,0
2014-06-05,22.99,23.36,22.76,23.33,177687,0
2014-06-06,23.51,23.51,23.04,23.39,214605,0
2014-06-09,23.62,23.62,23.14,23.4,129641,0
2014-06-10,23.4,23.4,22.71,23.14,169600,0
2014-06-11,22.8,23.16,22.68,22.92,223714,0
2014-06-12,22.84,23.12,22.62,23.03,160815,0
2014-06-13,22.85,23.2,22.82,22.95,129825,0
2014-06-16,23.02,23.38,22.85,23.27,240951,0
2014-06-17,23.24,23.48,23.068,23.43,188355,0
2014-06-18,23.4,23.42,23.0,23.37,195340,0
2014-06-19,23.45,23.45,23.02,23.38,105600,0
2014-06-20,23.52,23.78,23.16,23.39,367499,0
2014-06-23,23.63,23.67,22.89,23.26,146771,0
2014-06-24,23.15,23.77,23.008,23.35,259989,0
2014-06-25,23.3,24.13,23.23,24.1,226494,0
2014-06-26,24.0,24.55,23.853,24.52,265307,0
2014-06-27,24.31,24.6,24.25,24.6,211395,0
2014-06-30,24.68,25.24,24.65,25.14,407321,0
2014-07-01,25.24,25.92,25.24,25.41,344360,0
2014-07-02,25.5,25.8,25.2,25.51,463100,0
2014-07-03,25.66,25.86,25.21,25.67,166693,0
2014-07-07,25.53,25.832,24.95,25.36,449454,0
2014-07-08,25.23,25.23,24.67,24.78,690626,0
2014-07-09,24.91,25.2,24.65,25.01,320932,0
2014-07-10,24.5,25.25,24.5,24.97,275035,0
2014-07-11,25.45,25.45,24.82,24.92,115214,0
2014-07-14,25.09,25.27,24.89,25.08,97190,0
2014-07-15,24.85,25.01,24.64,24.94,240263,0
2014-07-16,25.02,25.09,24.55,24.56,122933,0
2014-07-17,24.43,24.68,24.19,24.49,255850,0
2014-07-18,24.64,25.27,24.45,24.94,318996,0
2014-07-21,24.658,25.4,24.478,25.28,168380,0
2014-07-22,25.39,26.07,25.26,25.77,198072,0
2014-07-23,25.76,25.96,25.58,25.82,185690,0
2014-07-24,25.8,26.31,25.59,26.25,235166,0
2014-07-25,25.98,26.31,25.86,26.29,263730,0
2014-07-28,26.21,26.33,25.72,26.31,449155,0
2014-07-29,26.46,26.46,26.06,26.3,214585,0
2014-07-30,26.54,26.94,26.37,26.74,381724,0
2014-07-31,25.155,25.98,24.82,25.6,722034,0
2014-08-01,25.59,25.87,25.34,25.68,253839,0
2014-08-04,25.54,25.734,24.68,25.3,360129,0
2014-08-05,25.26,25.52,25.07,25.41,206388,0
2014-08-06,25.36,25.64,25.2,25.35,268313,0
2014-08-07,25.35,25.89,25.24,25.42,219850,0
2014-08-08,25.23,25.72,25.22,25.33,220827,0
2014-08-11,25.41,25.8,25.19,25.67,159769,0
2014-08-12,25.49,25.82,25.28,25.51,204793,0
2014-08-13,26.12,26.12,25.48,25.61,274433,0
2014-08-14,25.63,25.71,25.06,25.13,238362,0
2014-08-15,25.37,25.4,24.67,24.88,279495,0
2014-08-18,25.17,25.37,24.89,25.33,166263,0
2014-08-19,25.43,25.71,25.24,25.67,152617,0
2014-08-20,25.58,25.625,25.0,25.13,261998,0
2014-08-21,25.0,25.32,24.76,24.82,175229,0
2014-08-22,24.86,25.09,24.61,24.885,154303,0
2014-08-25,25.07,25.28,24.75,25.11,162524,0
2014-08-26,25.15,25.88,25.02,25.79,277499,0
2014-08-27,25.9,26.1,25.563,26.03,248424,0
2014-08-28,26.1,26.13,25.79,26.07,180707,0
2014-08-29,26.08,26.33,25.89,26.05,162736,0
2014-09-02,26.1,26.24,25.72,25.91,141893,0
2014-09-03,25.96,26.09,25.26,25.38,162141,0
2014-09-04,25.52,25.67,24.92,25.06,163772,0
2014-09-05,24.89,25.15,24.8,24.97,149224,0
2014-09-08,24.89,25.3,24.69,25.25,94620,0
2014-09-09,25.3,25.37,24.84,24.94,109506,0
2014-09-10,25.0,25.11,24.69,24.83,238895,0
2014-09-11,24.76,25.33,24.73,25.28,379137,0
2014-09-12,25.22,25.42,24.99,25.13,193186,0
2014-09-15,25.07,25.16,24.48,24.67,310913,0
2014-09-16,24.82,24.89,24.5,24.85,295763,0
2014-09-17,24.93,25.84,24.8,25.18,208423,0
2014-09-18,25.31,25.46,25.11,25.43,134287,0
2014-09-19,25.52,25.83,25.34,25.35,372811,0
2014-09-22,25.19,25.265,24.82,24.99,199389,0
2014-09-23,24.85,25.24,24.85,24.94,139543,0
2014-09-24,25.03,25.15,24.76,25.09,104895,0
2014-09-25,24.98,25.075,24.7,24.9,213438,0
2014-09-26,24.94,25.17,24.786,24.93,125055,0
2014-09-29,24.76,25.32,24.76,25.03,159822,0
2014-09-30,25.09,25.15,24.75,24.83,295456,0
2014-10-01,24.85,24.92,24.23,24.29,254414,0
2014-10-02,24.46,24.46,24.06,24.33,218609,0
2014-10-03,24.59,24.92,24.35,24.71,173444,0
2014-10-06,24.69,24.99,24.16,24.18,153150,0
2014-10-07,24.07,24.26,23.5,23.6,309290,0
2014-10-08,23.53,23.95,23.268,23.88,239725,0
2014-10-09,23.8,23.8,23.03,23.08,178686,0
2014-10-10,22.91,23.25,22.19,22.22,327144,0
2014-10-13,22.23,22.555,21.84,22.44,232188,0
2014-10-14,22.68,23.18,22.34,22.91,349566,0
2014-10-15,22.33,23.06,22.33,22.9,163880,0
2014-10-16,22.64,23.09,22.54,22.88,197239,0
2014-10-17,23.336,23.336,22.83,22.98,160998,0
2014-10-20,22.89,23.56,22.84,23.55,182735,0
2014-10-21,24.03,24.03,23.34,23.97,146404,0
2014-10-22,23.87,24.12,23.6,23.64,78492,0
2014-10-23,23.91,24.17,23.85,24.1,111233,0
2014-10-24,24.14,24.61,24.07,24.18,145417,0
2014-10-27,24.1,24.68,23.976,24.55,265270,0
2014-10-28,24.73,24.94,24.4,24.93,204120,0
2014-10-29,24.95,25.35,24.77,25.35,216881,0
2014-10-30,26.5,31.42,26.5,31.35,1881012,0
2014-10-31,31.7,32.99,31.58,32.79,1316153,0
2014-11-03,30.86,32.77,29.95,32.52,888836,0
2014-11-04,32.33,32.4,31.25,31.85,519425,0
2014-11-05,32.17,32.31,31.29,31.71,462085,0
2014-11-06,31.84,32.12,31.36,31.66,272543,0
2014-11-07,31.66,32.49,31.38,32.13,216752,0
2014-11-10,32.05,33.0,32.02,32.99,288427,0
2014-11-11,33.0,33.18,32.76,33.09,282497,0
2014-11-12,32.59,34.0,32.59,33.6,656300,0
2014-11-13,33.74,33.74,32.95,33.48,343172,0
2014-11-14,33.21,33.754,32.965,33.25,586025,0
2014-11-17,33.1,34.05,32.95,33.76,784665,0
2014-11-18,33.94,34.98,33.4,34.88,589487,0
2014-11-19,34.96,34.98,34.45,34.62,310318,0
2014-11-20,34.34,35.13,34.09,35.05,630424,0
2014-11-21,35.56,35.74,34.7,35.1,383410,0
2014-11-24,35.04,35.54,34.93,35.5,248154,0
2014-11-25,35.7,35.72,35.2,35.49,302488,0
2014-11-26,35.58,36.37,35.31,35.78,372755,0
2014-11-28,35.76,36.09,35.41,35.52,140656,0
2014-12-01,35.28,35.45,34.92,35.0,348494,0
2014-12-02,34.596,35.48,34.53,35.275,323569,0
2014-12-03,35.47,35.733,35.1,35.43,353672,0
2014-12-04,35.5,35.84,35.25,35.65,465268,0
2014-12-05,35.62,36.85,35.6,36.6,300812,0
2014-12-08,36.41,37.0,36.25,36.51,335017,0
2014-12-09,36.11,37.84,35.755,37.8,394688,0
2014-12-10,37.76,37.92,36.73,36.78,360361,0
2014-12-11,37.03,37.57,36.63,36.91,309333,0
2014-12-12,36.39,36.74,35.96,36.34,678886,0
2014-12-15,36.69,36.8,35.9,36.25,407509,0
2014-12-16,36.07,36.58,35.69,35.85,415546,0
2014-12-17,36.0,37.05,35.705,36.92,418200,0
2014-12-18,37.39,37.76,36.8,37.06,389225,0
2014-12-19,37.38,37.47,36.41,36.71,517456,0
2014-12-22,36.31,38.455,36.31,38.4,339205,0
2014-12-23,38.73,38.94,36.92,38.33,591634,0
2014-12-24,38.6,39.02,38.06,38.46,115264,0
2014-12-26,38.8,38.98,38.31,38.64,148036,0
2014-12-29,38.54,39.01,38.02,38.48,227326,0
2014-12-30,38.23,38.75,37.86,38.36,173141,0
2014-12-31,38.57,39.0,38.0,38.06,232475,0
2015-01-02,38.27,38.51,36.86,37.31,249003,0
2015-01-05,37.26,38.14,36.89,37.07,375751,0
2015-01-06,37.09,37.6,35.96,36.13,414974,0
2015-01-07,36.42,37.37,35.75,37.28,345489,0
2015-01-08,37.69,39.05,37.5,38.96,458716,0
2015-01-09,38.97,39.21,38.13,38.41,201914,0
2015-01-12,38.26,38.97,38.02,38.56,243402,0
2015-01-13,38.94,40.44,37.85,38.81,339485,0
2015-01-14,38.37,38.7,37.94,38.25,234504,0
2015-01-15,38.27,38.5,36.89,37.11,300101,0
2015-01-16,36.99,37.96,36.87,37.92,236679,0
2015-01-20,37.93,38.45,37.5,37.87,243310,0
2015-01-21,37.69,38.45,37.45,37.81,284015,0
2015-01-22,37.69,39.0,37.48,38.94,302327,0
2015-01-23,39.37,39.95,38.849,39.48,455844,0
2015-01-26,39.6,40.21,38.87,39.57,409316,0
2015-01-27,38.89,39.86,38.54,38.63,399813,0
2015-01-28,53.48,53.89,49.19,49.94,3617287,0
2015-01-29,49.65,53.6,49.63,52.25,1277479,0
2015-01-30,51.83,52.98,51.13,51.74,772490,0
2015-02-02,51.73,52.36,50.9,51.86,628088,0
2015-02-03,52.55,52.93,51.18,52.89,482802,0
2015-02-04,52.86,55.01,52.8,54.15,581074,0
2015-02-05,54.57,55.89,54.2,55.52,361766,0
2015-02-06,55.74,57.95,55.402,57.94,668657,0
2015-02-09,58.0,58.43,56.36,56.81,447601,0
2015-02-10,56.96,57.72,56.81,57.69,303290,0
2015-02-11,57.8,59.385,57.71,58.9,473152,0
2015-02-12,59.48,61.11,58.06,59.93,812549,0
2015-02-13,60.25,61.74,59.8,60.39,556347,0
2015-02-17,60.98,61.5,60.21,60.62,517796,0
2015-02-18,60.71,61.45,59.5,60.57,657449,0
2015-02-19,60.5,60.95,60.25,60.52,373937,0
2015-02-20,60.62,60.65,59.72,60.35,451951,0
2015-02-23,60.32,61.43,60.32,61.12,471453,0
2015-02-24,61.02,61.2,60.07,60.92,295550,0
2015-02-25,61.07,61.23,59.66,60.17,294828,0
2015-02-26,60.24,61.94,60.03,61.0,701916,0
2015-02-27,60.53,61.53,60.36,60.79,542997,0
2015-03-02,61.58,62.65,60.67,62.19,664900,0
2015-03-03,62.48,62.82,59.96,60.15,666000,0
2015-03-04,60.02,61.53,59.69,61.24,305700,0
2015-03-05,61.55,62.0,61.19,61.38,254000,0
2015-03-06,61.26,61.86,60.22,60.35,252300,0
2015-03-09,60.26,60.91,59.88,59.91,364800,0
2015-03-10,59.57,59.64,58.35,59.09,330000,0
2015-03-11,59.13,59.45,58.31,58.7,423700,0
2015-03-12,59.29,61.63,58.93,61.26,520300,0
2015-03-13,61.29,62.35,60.18,60.86,362800,0
2015-03-16,61.36,62.28,61.0,61.24,333000,0
2015-03-17,61.27,61.63,59.14,60.12,495100,0
2015-03-18,59.55,60.83,59.17,60.44,369900,0
2015-03-19,60.27,61.43,60.15,61.1,232300,0
2015-03-20,61.49,61.57,59.91,60.0,588400,0
2015-03-23,59.69,61.48,59.54,61.43,604700,0
2015-03-24,66.66,74.7,66.6,72.48,3202600,0
2015-03-25,72.12,73.48,69.62,70.52,967500,0
2015-03-26,71.0,71.01,68.67,69.03,523600,0
2015-03-27,68.78,70.75,68.51,70.31,337200,0
2015-03-30,71.13,74.32,71.0,73.47,549500,0
2015-03-31,73.31,73.31,70.68,71.58,502380,0
2015-04-01,71.03,71.27,68.55,69.92,460900,0
2015-04-02,70.27,70.89,69.56,70.72,408400,0
2015-04-06,70.04,71.54,69.71,70.87,302200,0
2015-04-07,70.5,71.73,69.34,69.73,388385,0
2015-04-08,70.08,71.08,69.33,69.63,580900,0
2015-04-09,69.7,70.57,68.63,69.8,653680,0
2015-04-10,70.15,70.36,69.04,69.35,406900,0
2015-04-13,69.45,69.94,67.67,67.99,505800,0
2015-04-14,68.0,68.42,66.98,67.49,445200,0
2015-04-15,67.16,67.99,67.13,67.45,429082,0
2015-04-16,67.11,68.523,66.97,68.3,454812,0
2015-04-17,67.5,67.88,66.24,67.29,359000,0
2015-04-20,67.67,69.34,67.43,69.33,397264,0
2015-04-21,69.21,69.91,69.112,69.71,241638,0
2015-04-22,69.45,69.69,68.21,69.31,234607,0
2015-04-23,68.91,69.77,68.78,69.57,287500,0
2015-04-24,69.65,69.72,68.63,68.83,398349,0
2015-04-27,68.86,69.45,65.75,66.0,444200,0
2015-04-28,66.0,67.7,63.79,66.93,591902,0
2015-04-29,66.62,66.78,63.62,65.49,443400,0
2015-04-30,64.9,65.45,63.04,63.22,422600,0
2015-05-01,63.25,64.6,63.25,63.79,484500,0
2015-05-04,64.15,65.5,63.58,65.14,519200,0
2015-05-05,74.57,76.9,71.58,75.47,2845900,0
2015-05-06,76.08,76.42,72.0,73.84,1082340,0
2015-05-07,73.82,74.0,69.307,69.72,1525818,0
2015-05-08,69.03,70.0,63.56,67.37,1860400,0
2015-05-11,67.09,67.88,66.52,66.56,487200,0
2015-05-12,66.04,68.61,65.13,68.56,705856,0
2015-05-13,68.27,68.68,65.95,66.25,542355,0
2015-05-14,66.42,68.51,66.11,68.31,487300,0
2015-05-15,68.76,68.78,66.45,67.45,357572,0
2015-05-18,67.03,69.08,67.03,68.66,417050,0
2015-05-19,68.08,69.74,67.97,68.01,332530,0
2015-05-20,67.75,68.08,64.28,66.85,635354,0
2015-05-21,66.67,67.24,64.48,65.07,601600,0
2015-05-22,64.77,65.2,63.2,63.45,739800,0
2015-05-26,62.51,63.07,59.5,60.74,1615143,0
2015-05-27,61.07,62.15,60.11,61.85,1072400,0
2015-05-28,61.32,61.94,60.06,60.57,678471,0
2015-05-29,60.5,60.88,59.6,59.72,758200,0
2015-06-01,61.03,61.07,59.43,60.34,723644,0
2015-06-02,59.59,59.96,59.04,59.66,526734,0
2015-06-03,61.02,62.08,59.73,62.05,778100,0
2015-06-04,61.76,64.22,61.4,63.31,1446700,0
2015-06-05,62.91,63.98,62.09,63.82,689000,0
2015-06-08,64.49,64.49,63.04,63.1,538900,0
2015-06-09,63.17,63.67,60.88,61.51,501402,0
2015-06-10,61.51,63.19,61.09,63.0,586342,0
2015-06-11,63.06,63.55,62.48,63.44,327306,0
2015-06-12,63.22,63.7,62.74,63.65,312000,0
2015-06-15,63.46,65.12,62.71,65.02,610900,0
2015-06-16,65.0,66.18,64.44,65.71,529300,0
2015-06-17,65.98,66.44,65.47,65.65,488900,0
2015-06-18,65.59,67.46,65.51,67.16,450800,0
2015-06-19,67.73,68.5,67.01,67.73,688100,0
2015-06-22,68.34,69.33,67.45,68.36,385900,0
2015-06-23,68.23,69.02,67.0,67.4,501796,0
2015-06-24,66.9,67.38,66.3,66.65,460000,0
2015-06-25,66.79,66.99,65.37,66.05,295200,0
2015-06-26,66.09,66.91,65.72,66.75,488200,0
2015-06-29,66.01,67.11,65.29,65.33,468400,0
2015-06-30,66.0,66.15,64.77,65.73,522570,0
2015-07-01,66.42,66.6,65.25,66.16,515900,0
2015-07-02,66.16,66.19,64.08,65.21,336400,0
2015-07-06,64.73,65.95,64.16,65.7,488400,0
2015-07-07,65.69,65.84,64.26,65.68,615800,0
2015-07-08,65.1,65.49,64.03,64.39,513400,0
2015-07-09,65.09,66.65,65.0,65.72,743800,0
2015-07-10,66.72,68.12,66.0,68.04,583600,0
2015-07-13,68.93,68.99,67.37,67.91,330200,0
2015-07-14,67.97,69.58,67.97,69.02,620031,0
2015-07-15,69.0,69.21,67.0,67.55,820599,0
2015-07-16,69.24,69.24,67.82,68.84,288000,0
2015-07-17,69.09,72.9,69.01,72.33,814400,0
2015-07-20,72.96,72.99,71.11,72.12,413600,0
2015-07-21,71.92,76.6,71.7,75.58,1083600,0
2015-07-22,75.5,76.03,72.25,75.18,710400,0
2015-07-23,75.33,75.8,73.0,73.19,530300,0
2015-07-24,73.6,74.29,72.91,73.1,581300,0
2015-07-27,72.72,73.27,71.09,72.72,525500,0
2015-07-28,73.18,74.2,72.24,74.12,562000,0
2015-07-29,74.7,76.05,73.6,75.62,694100,0
2015-07-30,75.45,78.69,74.51,77.26,918400,0
2015-07-31,77.46,79.37,76.75,77.46,922300,0
2015-08-03,77.95,79.4,76.23,77.4,926042,0
2015-08-04,85.73,92.29,84.28,88.8,2864100,0
2015-08-05,89.09,93.29,89.02,92.89,1440600,0
2015-08-06,92.5,97.72,92.49,94.32,1637289,0
2015-08-07,93.15,95.84,93.0,95.68,1020900,0
2015-08-10,97.69,100.24,95.02,95.57,1374600,0
2015-08-11,97.01,101.24,95.6,100.95,1371603,0
2015-08-12,100.0,102.15,98.02,100.65,1218500,0
2015-08-13,100.5,110.68,99.8,105.75,1890000,0
2015-08-14,105.27,105.74,101.76,103.92,1033600,0
2015-08-17,103.91,107.88,103.29,106.45,723700,0
2015-08-18,107.48,107.76,104.28,104.93,689600,0
2015-08-19,103.88,105.9,102.02,104.55,805300,0
2015-08-20,104.03,104.44,101.63,102.19,702300,0
2015-08-21,99.74,99.74,93.15,97.08,1388700,0
2015-08-24,89.2,95.38,86.16,94.57,1409991,0
2015-08-25,97.11,98.49,93.59,93.88,732700,0
2015-08-26,96.26,97.5,94.03,97.29,613700,0
2015-08-27,99.02,100.0,96.84,98.2,624300,0
2015-08-28,97.41,98.71,95.76,98.23,498400,0
2015-08-31,97.5,100.0,95.76,95.9,500800,0
2015-09-01,94.06,96.17,92.01,92.78,651500,0
2015-09-02,94.04,95.71,93.02,95.61,700000,0
2015-09-03,96.05,97.98,93.8,94.16,563800,0
2015-09-04,92.87,94.57,92.55,93.82,438500,0
2015-09-08,95.61,96.64,94.15,96.2,522400,0
2015-09-09,97.14,98.9,93.87,94.17,476000,0
2015-09-10,93.68,96.25,93.68,95.37,301046,0
2015-09-11,94.51,96.38,94.37,95.57,345000,0
2015-09-14,96.09,98.0,95.3,96.68,449100,0
2015-09-15,96.68,101.2,96.01,100.29,648000,0
2015-09-16,100.26,100.26,97.0,98.4,543500,0
2015-09-17,98.58,107.88,98.4,104.08,865043,0
2015-09-18,102.56,105.63,101.56,104.18,790100,0
2015-09-21,105.44,106.42,101.32,103.02,755400,0
2015-09-22,101.22,103.48,100.02,102.72,436300,0
2015-09-23,103.5,104.98,102.02,102.4,580811,0
2015-09-24,101.61,102.71,95.0,97.49,832052,0
2015-09-25,99.16,99.26,93.38,95.11,777300,0
2015-09-28,94.4,94.98,88.01,93.16,1624059,0
2015-09-29,92.98,94.1,87.78,89.03,801200,0
2015-09-30,90.3,93.2,89.84,92.76,764900,0
2015-10-01,92.75,92.75,88.24,89.21,613600,0
2015-10-02,88.33,90.3,85.33,90.3,702300,0
2015-10-05,91.54,92.95,90.29,91.84,533561,0
2015-10-06,91.8,92.76,82.15,83.71,943900,0
2015-10-07,84.0,85.645,82.8,84.96,739585,0
2015-10-08,84.19,84.76,77.7,82.51,1143700,0
2015-10-09,82.21,84.66,80.46,83.63,588800,0
2015-10-12,83.21,84.05,82.197,82.98,513154,0
2015-10-13,82.5,84.87,81.97,82.73,465700,0
2015-10-14,82.96,86.93,81.0,85.59,1026000,0
2015-10-15,85.83,93.0,84.55,92.83,1449700,0
2015-10-16,93.0,94.96,92.04,93.11,574800,0
2015-10-19,93.25,96.58,93.143,94.96,567533,0
2015-10-20,95.09,95.59,93.74,94.42,530100,0
2015-10-21,95.06,96.5,91.61,93.54,663200,0
2015-10-22,93.9,93.9,86.05,87.76,738800,0
2015-10-23,88.27,93.64,87.14,92.76,507500,0
2015-10-26,93.01,94.54,91.69,92.92,328900,0
2015-10-27,92.5,95.49,92.5,94.13,461800,0
2015-10-28,94.75,99.22,92.58,98.58,776100,0
2015-10-29,84.96,85.99,68.25,70.4,6311100,0
2015-10-30,72.99,75.64,72.0,73.66,1884600,0
2015-11-02,73.76,76.81,72.21,76.5,1018711,0
2015-11-03,76.5,80.37,75.05,79.82,1193835,0
2015-11-04,79.72,80.96,78.97,80.28,930646,0
2015-11-05,80.46,82.2,79.69,81.61,744500,0
2015-11-06,81.16,82.8,80.35,81.09,770600,0
2015-11-09,80.88,80.98,78.57,79.65,466861,0
2015-11-10,79.68,82.25,79.06,81.87,579300,0
2015-11-11,82.51,82.51,79.66,79.73,368000,0
2015-11-12,79.11,79.99,77.4,79.36,412600,0
2015-11-13,79.16,81.35,78.0,80.12,322500,0
2015-11-16,79.65,80.72,78.02,78.77,493200,0
2015-11-17,79.17,80.39,78.4,79.01,434000,0
2015-11-18,79.02,79.15,77.9,78.79,428300,0
2015-11-19,78.51,78.74,77.02,78.19,351400,0
2015-11-20,78.65,81.75,78.27,81.24,511100,0
2015-11-23,80.96,82.7,80.12,81.73,305900,0
2015-11-24,81.05,81.73,80.19,81.5,182400,0
2015-11-25,81.34,83.02,81.09,82.08,263200,0
2015-11-27,82.38,84.45,82.38,83.49,170400,0
2015-11-30,83.28,84.65,81.45,81.57,339900,0
2015-12-01,81.75,84.24,81.01,83.84,276002,0
2015-12-02,84.1,85.8,83.51,84.72,601737,0
2015-12-03,85.35,85.77,78.7,79.0,572760,0
2015-12-04,78.92,80.75,77.72,80.5,356300,0
2015-12-07,80.0,81.15,78.53,79.82,346300,0
2015-12-08,79.33,86.73,78.765,86.4,901529,0
2015-12-09,86.36,87.99,82.37,82.78,522600,0
2015-12-10,82.95,84.93,82.2,84.63,352400,0
2015-12-11,83.3,84.5,81.86,82.98,448800,0
2015-12-14,82.68,82.99,80.213,80.7,349493,0
2015-12-15,81.42,84.93,81.06,84.43,374400,0
2015-12-16,85.38,86.99,84.01,86.54,357100,0
2015-12-17,87.0,87.7,84.8,85.67,278100,0
2015-12-18,85.8,88.88,85.8,87.6,638700,0
2015-12-21,87.6,89.19,86.94,88.32,424200,0
2015-12-22,88.21,88.45,85.05,87.68,313115,0
2015-12-23,87.73,89.85,87.23,88.25,303000,0
2015-12-24,88.47,91.38,88.2,90.33,203628,0
2015-12-28,89.81,90.475,88.22,88.97,288400,0
2015-12-29,89.46,92.99,88.797,92.83,321827,0
2015-12-30,92.41,92.94,91.01,92.12,185759,0
2015-12-31,91.55,92.07,90.19,90.28,434682,0
2016-01-04,88.8,89.42,84.77,85.24,531790,0
2016-01-05,85.2,87.2999,83.74,85.0,415663,0
2016-01-06,84.01,87.129,83.75,85.3,479812,0
2016-01-07,83.71,84.875,81.92,81.92,469144,0
2016-01-08,82.66,85.71,82.66,84.58,554399,0
2016-01-11,85.13,86.46,83.02,85.0,654871,0
2016-01-12,87.56,90.82,86.275,88.32,849744,0
2016-01-13,88.96,90.71,85.52,85.81,472114,0
2016-01-14,86.1,88.41,83.21,87.88,484771,0
2016-01-15,85.16,87.82,84.5501,87.41,515766,0
2016-01-19,88.6,88.96,84.28,86.25,426100,0
2016-01-20,84.75,84.785,79.19,83.17,781735,0
2016-01-21,83.42,84.0,81.46,82.94,526147,0
2016-01-22,84.23,86.76,83.63,86.68,477920,0
2016-01-25,86.66,90.46,86.52,89.29,567985,0
2016-01-26,89.52,90.23,85.98,86.62,507568,0
2016-01-27,86.53,87.1,83.02,83.35,333607,0
2016-01-28,83.79,84.75,80.22,81.77,420914,0
2016-01-29,81.96,85.49,81.34,85.33,417500,0
2016-02-01,84.13,86.12,82.01,85.46,307531,0
2016-02-02,84.87,85.25,83.74,84.48,329641,0
2016-02-03,84.89,87.0,83.731,84.81,832850,0
2016-02-04,89.52,92.57,87.26,92.0,2060938,0
2016-02-05,92.0,92.5,81.09,81.53,1324285,0
2016-02-08,80.59,81.375,67.805,71.16,2465633,0
2016-02-09,70.5,72.935,68.54,71.0,712206,0
2016-02-10,71.98,73.98,71.55,72.38,489958,0
2016-02-11,70.84,73.2161,69.3,72.77,517929,0
2016-02-12,73.44,74.37,70.75,73.03,769720,0
2016-02-16,74.0,78.78,73.72,78.36,633721,0
2016-02-17,78.68,79.98,77.0,77.45,598878,0
2016-02-18,77.77,80.41,77.77,79.51,790999,0
2016-02-19,79.1,81.68,78.46,81.32,362523,0
2016-02-22,81.89,82.99,80.5,82.45,316821,0
2016-02-23,82.52,83.73,81.59,82.07,340875,0
2016-02-24,80.54,81.42,79.23,80.89,871812,0
2016-02-25,81.2,82.38,81.0,82.0,453836,0
2016-02-26,82.33,82.55,80.35,80.65,385001,0
2016-02-29,80.4,81.33,79.87,80.01,382358,0
2016-03-01,80.75,84.18,79.62,84.02,511342,0
2016-03-02,84.15,84.15,81.79,82.21,409593,0
2016-03-03,82.04,83.19,81.3801,83.06,282293,0
2016-03-04,82.71,84.96,81.76,83.98,414588,0
2016-03-07,84.09,85.74,82.86,85.18,312447,0
2016-03-08,84.86,86.13,83.9,84.25,309085,0
2016-03-09,84.55,87.9,84.17,87.4,536664,0
2016-03-10,87.97,89.0,85.8,85.98,597752,0
2016-03-11,86.7,87.82,85.36,87.66,376539,0
2016-03-14,87.2,88.57,86.84,88.21,284789,0
2016-03-15,88.03,88.67,85.6758,87.34,406672,0
2016-03-16,86.88,87.83,84.62,85.67,242540,0
2016-03-17,85.6,86.15,83.36,85.57,426480,0
2016-03-18,86.0,88.65,85.68,87.53,414956,0
2016-03-21,87.11,89.3862,87.11,88.88,340536,0
2016-03-22,88.4,93.67,87.87,93.5,824631,0
2016-03-23,93.2,93.79,91.51,91.54,470236,0
2016-03-24,90.7,90.74,89.02,90.6,356452,0
2016-03-28,91.36,92.48,90.27,90.48,789570,0
2016-03-29,89.99,93.17,89.74,93.11,2598557,0
2016-03-30,93.74,94.21,92.93,93.03,760517,0
2016-03-31,92.79,95.2099,92.05,94.81,647865,0
2016-04-01,94.62,97.0,93.74,96.58,537055,0
2016-04-04,96.64,97.49,95.49,95.7,400980,0
2016-04-05,95.06,96.0,94.03,95.14,448664,0
2016-04-06,94.92,97.7599,94.28,97.22,581884,0
2016-04-07,96.97,97.0058,94.54,95.64,407535,0
2016-04-08,99.0,99.0,93.9,96.25,543301,0
2016-04-11,96.45,96.74,94.89,95.1,303715,0
2016-04-12,95.02,96.41,94.86,96.18,528342,0
2016-04-13,96.63,98.98,95.91,98.57,436888,0
2016-04-14,98.75,98.92,97.004,97.37,300556,0
2016-04-15,96.86,98.4,95.81,98.22,435474,0
2016-04-18,97.66,101.385,97.6259,101.17,554163,0
2016-04-19,101.77,103.17,100.04,100.38,677808,0
2016-04-20,100.77,102.62,100.3,101.64,527834,0
2016-04-21,101.38,102.78,101.013,102.11,286417,0
2016-04-22,100.64,103.12,100.64,101.83,331332,0
2016-04-25,101.5,102.34,101.07,102.3,251702,0
2016-04-26,102.37,102.57,100.84,102.02,270549,0
2016-04-27,101.73,102.41,100.55,102.06,199798,0
2016-04-28,99.5,102.43,98.6,99.94,476252,0
2016-04-29,99.38,100.0,95.93,97.14,771732,0
2016-05-02,97.61,100.77,97.61,99.26,770989,0
2016-05-03,101.06,101.4,96.39,98.9,1486824,0
2016-05-04,98.92,99.35,94.41,94.89,693759,0
2016-05-05,94.88,96.29,93.45,94.77,530386,0
2016-05-06,93.82,95.95,93.0,94.94,403988,0
2016-05-09,94.58,96.86,93.92,96.41,340038,0
2016-05-10,97.1,97.84,95.5,96.75,419243,0
2016-05-11,96.28,97.8,96.0033,96.1,353359,0
2016-05-12,96.18,96.635,92.85,94.27,362498,0
2016-05-13,94.0,95.39,93.52,94.08,243136,0
2016-05-16,94.44,97.22,93.28,96.42,385698,0
2016-05-17,95.69,96.42,93.49,94.13,409767,0
2016-05-18,93.75,95.35,92.03,95.06,477637,0
2016-05-19,94.32,96.09,93.11,95.37,362218,0
2016-05-20,96.0,97.32,94.81,97.28,324503,0
2016-05-23,96.88,97.53,95.815,96.99,267842,0
2016-05-24,97.6,99.82,97.4001,99.62,350356,0
2016-05-25,99.81,99.95,98.8,98.94,323371,0
2016-05-26,99.43,99.61,98.51,98.8,244565,0
2016-05-27,98.81,99.85,98.38,99.74,266197,0
2016-05-31,99.22,100.71,98.83,99.31,380438,0
2016-06-01,98.98,102.03,98.69,101.59,320181,0
2016-06-02,101.5,101.97,100.83,101.87,346864,0
2016-06-03,101.75,102.13,100.9,101.81,427329,0
2016-06-06,101.64,102.14,100.76,101.89,284517,0
2016-06-07,101.92,104.95,101.63,104.31,498584,0
2016-06-08,104.54,104.91,104.13,104.37,346621,0
2016-06-09,104.23,104.917,103.255,104.31,322015,0
2016-06-10,103.31,103.635,101.93,102.53,267282,0
2016-06-13,101.93,103.48,101.59,101.77,341755,0
2016-06-14,101.56,102.45,100.91,102.03,244775,0
2016-06-15,102.34,103.418,101.62,103.09,400120,0
2016-06-16,102.56,103.0,99.4,100.72,512145,0
2016-06-17,100.33,100.46,98.07,99.23,661717,0
2016-06-20,100.0,102.84,99.61,101.72,533027,0
2016-06-21,101.57,103.144,100.51,101.75,378944,0
2016-06-22,101.49,103.11,101.037,101.74,327618,0
2016-06-23,102.69,104.27,101.52,104.25,436046,0
2016-06-24,99.0,103.98,99.0,100.37,2604508,0
2016-06-27,99.57,101.45,99.4,101.23,931212,0
2016-06-28,101.94,105.35,101.25,105.09,569544,0
2016-06-29,105.98,108.48,105.66,108.16,630631,0
2016-06-30,109.21,109.66,108.11,109.29,558678,0
2016-07-01,109.71,110.2,108.89,110.17,314529,0
2016-07-05,109.91,110.78,108.77,109.83,402879,0
2016-07-06,109.46,111.55,109.46,111.44,724597,0
2016-07-07,111.96,114.5,111.14,113.53,522344,0
2016-07-08,114.08,115.89,112.86,114.15,574958,0
2016-07-11,115.0,116.71,114.63,115.94,782616,0
2016-07-12,116.17,118.207,116.0,117.76,694238,0
2016-07-13,118.53,119.72,116.82,117.51,499273,0
2016-07-14,118.39,118.69,116.935,117.8,396231,0
2016-07-15,117.92,118.55,116.6,117.14,254648,0
2016-07-18,117.91,118.26,116.661,117.47,303788,0
2016-07-19,117.32,118.88,116.155,116.59,291275,0
2016-07-20,117.28,119.899,117.25,118.24,523399,0
2016-07-21,118.45,118.89,115.31,116.01,402231,0
2016-07-22,116.07,116.47,115.07,116.25,385550,0
2016-07-25,116.35,116.41,114.26,114.62,596940,0
2016-07-26,114.2,114.96,114.05,114.27,730011,0
2016-07-27,114.93,116.45,114.12,116.03,779613,0
2016-07-28,116.0,116.0,112.05,115.03,714636,0
2016-07-29,115.24,119.93,115.24,117.97,756748,0
2016-08-01,118.12,119.54,118.12,119.5,487028,0
2016-08-02,119.5,119.899,117.5,118.91,506180,0
2016-08-03,119.05,119.85,118.32,118.58,285573,0
2016-08-04,118.73,121.57,118.46,121.41,468081,0
2016-08-05,121.62,122.98,120.0,120.25,417400,0
2016-08-08,120.0,120.312,118.33,120.26,304739,0
2016-08-09,120.81,124.06,120.81,123.33,460873,0
2016-08-10,123.7,124.26,121.46,123.46,299439,0
2016-08-11,123.28,124.718,122.99,124.09,234150,0
2016-08-12,123.81,123.96,122.24,123.69,163351,0
2016-08-15,123.81,124.43,123.22,123.39,261457,0
2016-08-16,122.8,123.26,121.83,122.46,197395,0
2016-08-17,122.9,122.9,120.49,121.76,214630,0
2016-08-18,122.23,123.91,121.05,121.52,211437,0
2016-08-19,121.0,122.06,120.35,121.43,285172,0
2016-08-22,121.02,121.61,120.09,120.67,272521,0
2016-08-23,121.01,121.48,120.57,121.07,300609,0
2016-08-24,121.49,121.93,117.035,117.4,262484,0
2016-08-25,117.0,119.19,116.21,116.94,244368,0
2016-08-26,117.28,118.99,116.36,118.76,213528,0
2016-08-29,119.03,121.44,118.9,120.71,260843,0
2016-08-30,120.57,120.96,119.03,119.34,183135,0
2016-08-31,119.5,119.5,117.6,117.94,262765,0
2016-09-01,117.98,118.57,117.05,117.63,251936,0
2016-09-02,118.0,118.0,116.717,117.43,270610,0
2016-09-06,117.15,118.33,117.15,117.98,255740,0
2016-09-07,118.39,119.06,117.73,119.05,317126,0
2016-09-08,118.65,120.09,118.65,119.87,211706,0
2016-09-09,119.11,120.1,116.31,116.37,313105,0
2016-09-12,115.56,119.48,114.57,119.34,278221,0
2016-09-13,118.8,119.14,116.79,117.38,226741,0
2016-09-14,117.37,119.26,117.37,118.52,176196,0
2016-09-15,118.79,123.94,118.09,123.15,314080,0
2016-09-16,122.91,125.04,122.298,124.93,443425,0
2016-09-19,125.14,127.1,123.65,125.1,442473,0
2016-09-20,126.07,126.45,124.89,125.12,184670,0
2016-09-21,125.63,127.19,124.43,126.9,241896,0
2016-09-22,127.86,127.86,126.17,126.37,276391,0
2016-09-23,126.03,126.09,123.06,123.54,219432,0
2016-09-26,123.25,127.219,122.26,126.72,361950,0
2016-09-27,127.2,131.11,126.08,129.19,504287,0
2016-09-28,129.12,130.22,127.74,129.89,248561,0
2016-09-29,130.27,131.16,126.18,128.42,403664,0
2016-09-30,128.63,129.84,127.81,128.58,282611,0
2016-10-03,127.94,128.7,126.18,127.8,287353,0
2016-10-04,128.48,129.1,126.36,127.37,290239,0
2016-10-05,127.49,128.5,126.7,127.45,344731,0
2016-10-06,127.5,128.79,126.02,128.5,332854,0
2016-10-07,128.58,129.54,126.53,128.47,284061,0
2016-10-10,128.9,132.95,128.7,131.74,226945,0
2016-10-11,131.73,131.73,126.53,127.58,256505,0
2016-10-12,127.88,128.28,126.93,127.4,158163,0
2016-10-13,126.75,128.5,126.05,127.733,135002,0
2016-10-14,128.01,128.5,126.61,127.06,149079,0
2016-10-17,127.0,129.37,126.391,127.95,281591,0
2016-10-18,128.97,131.39,127.99,129.03,150149,0
2016-10-19,129.5,129.67,127.12,127.87,155095,0
2016-10-20,126.5,127.58,123.354,125.27,522250,0
2016-10-21,124.91,126.055,123.73,124.85,223474,0
2016-10-24,125.88,127.5,125.31,125.61,258668,0
2016-10-25,125.62,126.492,121.61,121.97,380585,0
2016-10-26,119.9,120.25,109.38,111.53,2614124,0
2016-10-27,101.51,104.4,95.1364,103.32,3938195,0
2016-10-28,103.01,106.29,101.28,105.13,1530160,0
2016-10-31,104.34,105.23,102.17,104.99,891429,0
2016-11-01,106.03,106.15,104.34,105.75,736411,0
2016-11-02,104.97,104.97,103.01,104.17,865116,0
2016-11-03,104.31,104.68,101.79,102.51,574575,0
2016-11-04,102.52,105.32,102.283,104.7,612556,0
2016-11-07,106.29,107.85,104.81,107.34,641041,0
2016-11-08,106.47,108.64,105.7,107.91,356161,0
2016-11-09,107.07,107.559,104.16,106.02,398471,0
2016-11-10,107.03,107.71,105.271,107.25,550816,0
2016-11-11,106.72,110.24,106.55,110.01,625670,0
2016-11-14,111.08,111.9,108.81,110.01,767034,0
2016-11-15,110.02,112.04,109.56,111.59,657252,0
2016-11-16,111.42,112.52,110.01,111.55,642227,0
2016-11-17,111.98,113.95,110.96,113.6,424778,0
2016-11-18,113.51,114.7,113.04,113.41,786170,0
2016-11-21,113.12,116.11,112.92,115.81,587164,0
2016-11-22,116.04,116.827,110.51,111.02,515433,0
2016-11-23,110.21,113.34,109.75,112.85,426425,0
2016-11-25,113.36,113.98,111.423,113.65,85423,0
2016-11-28,113.66,114.68,111.805,112.22,267784,0
2016-11-29,112.47,113.23,111.47,112.08,255283,0
2016-11-30,112.67,112.95,110.01,112.24,445911,0
2016-12-01,112.08,112.96,106.59,107.39,730679,0
2016-12-02,107.03,109.83,106.8,108.87,454678,0
2016-12-05,109.26,110.82,108.82,109.95,259414,0
2016-12-06,109.62,114.68,109.53,112.94,626055,0
2016-12-07,114.07,117.94,111.79,116.65,696350,0
2016-12-08,116.82,118.79,115.25,118.08,443975,0
2016-12-09,118.76,118.76,116.42,116.92,320991,0
2016-12-12,116.4,119.15,115.6,119.06,434930,0
2016-12-13,119.61,120.89,118.04,118.66,383078,0
2016-12-14,118.23,120.36,118.02,119.2,383158,0
2016-12-15,119.02,120.79,118.18,118.67,288839,0
2016-12-16,118.65,119.44,117.31,117.54,512000,0
2016-12-19,117.54,118.36,116.33,116.74,448932,0
2016-12-20,116.5,117.69,112.12,113.1,672912,0
2016-12-21,112.77,114.73,112.77,113.56,348401,0
2016-12-22,113.3,113.3,110.37,111.55,341601,0
2016-12-23,111.76,113.08,110.496,112.38,142063,0
2016-12-27,112.37,113.95,112.05,113.74,193184,0
2016-12-28,113.7,114.3,112.53,112.78,158778,0
2016-12-29,112.74,114.36,110.82,113.58,178427,0
2016-12-30,113.6,113.99,112.26,112.68,166052,0
2017-01-03,112.56,114.408,111.48,112.36,280874,0
2017-01-04,113.02,115.97,112.32,115.74,333833,0
2017-01-05,115.9,116.05,113.7,114.81,363346,0
2017-01-06,115.05,115.918,114.77,115.42,262108,0
2017-01-09,115.62,117.71,114.67,117.11,319337,0
2017-01-10,112.48,114.71,110.0,112.24,828617,0
2017-01-11,112.35,112.95,109.83,111.27,489735,0
2017-01-12,110.99,112.5,110.205,112.37,276332,0
2017-01-13,112.87,115.73,112.22,115.67,365453,0
2017-01-17,114.69,115.4,113.92,114.02,269491,0
2017-01-18,114.82,114.82,112.91,113.27,222993,0
2017-01-19,113.47,113.64,111.62,112.21,382006,0
2017-01-20,112.0,112.3,110.831,111.84,384399,0
2017-01-23,111.6,112.6,110.26,111.58,348688,0
2017-01-24,111.82,112.6,110.45,112.3,300803,0
2017-01-25,113.43,115.68,113.2,114.82,390976,0
2017-01-26,116.49,116.49,105.13,106.09,1231474,0
2017-01-27,105.75,110.46,105.75,108.81,723487,0
2017-01-30,108.0,108.01,105.38,106.15,538138,0
2017-01-31,106.3,107.0,105.16,106.37,448183,0
2017-02-01,106.28,106.76,104.9,105.58,444941,0
2017-02-02,104.55,105.08,103.53,104.1,664103,0
2017-02-03,104.85,105.93,103.82,104.96,734225,0
2017-02-06,105.11,111.22,105.11,110.5,1232202,0
2017-02-07,111.21,111.82,109.35,109.94,440790,0
2017-02-08,109.9,110.38,108.42,108.73,268947,0
2017-02-09,109.0,109.44,107.33,108.45,360900,0
2017-02-10,108.36,109.0,107.65,108.64,572557,0
2017-02-13,108.04,108.83,107.33,107.38,231285,0
2017-02-14,107.6,109.48,107.6,108.96,360456,0
2017-02-15,108.7,110.7,108.215,110.62,445484,0
2017-02-16,110.98,114.4,110.61,114.25,722592,0
2017-02-17,114.01,116.92,112.2,116.57,546604,0
2017-02-21,117.15,118.16,116.29,117.81,426609,0
2017-02-22,117.98,118.15,116.92,117.0,167065,0
2017-02-23,117.03,117.22,114.36,116.89,288488,0
2017-02-24,116.0,117.5,114.284,117.11,189844,0
2017-02-27,117.36,118.84,116.545,117.94,706744,0
2017-02-28,117.92,118.71,116.83,117.99,259547,0
2017-03-01,119.16,121.83,118.02,121.29,405436,0
2017-03-02,121.75,122.176,119.8,120.05,317698,0
2017-03-03,119.93,121.72,119.41,120.75,170696,0
2017-03-06,119.28,120.29,118.04,119.79,252873,0
2017-03-07,119.08,120.75,118.663,120.03,313497,0
2017-03-08,120.28,121.06,119.55,120.13,201789,0
2017-03-09,120.23,120.83,119.8,120.17,174537,0
2017-03-10,120.51,121.34,119.77,121.21,222138,0
2017-03-13,121.43,121.86,120.39,121.69,250883,0
2017-03-14,122.22,122.22,120.25,120.53,164237,0
2017-03-15,120.77,123.385,120.43,122.97,234999,0
2017-03-16,123.0,123.2,121.84,122.91,138641,0
2017-03-17,123.17,124.68,122.757,123.97,361454,0
2017-03-20,123.97,124.41,122.52,123.59,172062,0
2017-03-21,124.18,124.83,122.21,122.27,249388,0
2017-03-22,122.36,123.66,121.86,123.47,232773,0
2017-03-23,123.11,125.49,122.13,123.75,331623,0
2017-03-24,124.17,125.995,124.17,124.89,178338,0
2017-03-27,123.7,125.665,122.93,125.26,236330,0
2017-03-28,124.82,125.55,124.07,125.05,344131,0
2017-03-29,124.79,125.85,124.21,124.88,278862,0
2017-03-30,125.0,126.035,124.57,125.0,249409,0
2017-03-31,124.75,125.915,124.45,125.2,431942,0
2017-04-03,125.23,125.58,123.71,125.05,320809,0
2017-04-04,125.15,126.26,123.6,124.08,307357,0
2017-04-05,124.75,125.31,123.28,123.4,285999,0
2017-04-06,125.5,125.9,124.095,125.54,263836,0
2017-04-07,124.97,126.06,124.69,125.49,156290,0
2017-04-10,125.4,126.39,124.76,125.16,167081,0
2017-04-11,124.89,125.99,124.298,125.87,167840,0
2017-04-12,125.87,126.17,125.27,125.48,146263,0
2017-04-13,125.16,125.81,124.27,124.61,143291,0
2017-04-17,122.0,122.0,119.13,120.73,584292,0
2017-04-18,120.44,121.44,117.365,121.17,227785,0
2017-04-19,121.26,123.67,121.26,123.12,269200,0
2017-04-20,123.43,125.9,122.6,125.21,231160,0
2017-04-21,125.07,125.17,124.05,125.03,176728,0
2017-04-24,126.19,130.43,126.19,129.25,384484,0
2017-04-25,129.66,130.26,128.51,129.16,246519,0
2017-04-26,130.04,130.785,129.4,130.08,177923,0
2017-04-27,130.47,131.68,128.23,130.92,231913,0
2017-04-28,131.26,131.68,129.8,130.32,221717,0
2017-05-01,130.5,133.7,130.09,133.57,330386,0
2017-05-02,134.3,134.82,133.695,134.28,280309,0
2017-05-03,134.15,134.15,129.68,129.89,552012,0
2017-05-04,127.71,130.89,123.6,130.81,846979,0
2017-05-05,132.13,134.81,131.63,133.03,329944,0
2017-05-08,132.3,133.97,130.02,130.78,350418,0
2017-05-09,130.65,132.039,129.81,130.88,246945,0
2017-05-10,130.63,131.825,129.83,131.8,166914,0
2017-05-11,131.33,131.59,129.55,130.85,181572,0
2017-05-12,130.28,131.97,130.28,131.42,181400,0
2017-05-15,131.5,134.71,131.06,134.51,346432,0
2017-05-16,133.64,133.99,132.03,133.84,332922,0
2017-05-17,132.29,132.84,130.47,130.54,316260,0
2017-05-18,129.96,133.88,129.8,133.24,508081,0
2017-05-19,134.0,134.91,132.63,134.43,236498,0
2017-05-22,134.5,137.0,134.5,135.8,384683,0
2017-05-23,136.62,136.625,134.55,134.74,224818,0
2017-05-24,135.0,135.44,134.105,134.9,422290,0
2017-05-25,135.33,136.735,134.39,135.88,282062,0
2017-05-26,135.69,139.021,135.69,138.56,461131,0
2017-05-30,138.2,140.62,138.2,139.72,400178,0
2017-05-31,139.74,141.24,137.34,137.43,335913,0
2017-06-01,137.45,141.86,137.45,141.0,318574,0
2017-06-02,141.12,142.49,140.61,141.55,300771,0
2017-06-05,141.98,142.95,140.85,141.79,153727,0
2017-06-06,141.46,143.0,140.0,142.15,488723,0
2017-06-07,142.63,142.999,141.52,142.06,291161,0
2017-06-08,143.0,143.75,141.59,142.84,609693,0
2017-06-09,143.28,145.58,139.79,141.23,346231,0
2017-06-12,139.94,141.085,134.8,139.97,534058,0
2017-06-13,140.43,141.79,139.62,140.65,352094,0
2017-06-14,141.48,143.71,140.67,142.3,241812,0
2017-06-15,141.01,143.29,140.288,142.88,215161,0
2017-06-16,142.75,143.49,142.14,143.39,293856,0
2017-06-19,144.17,146.32,143.85,145.94,175870,0
2017-06-20,146.24,147.45,144.13,144.46,245271,0
2017-06-21,144.49,146.0,143.541,145.5,170028,0
2017-06-22,145.06,145.75,143.62,144.73,282957,0
2017-06-23,144.98,145.58,144.29,144.49,259200,0
2017-06-26,144.49,145.4,142.59,142.78,277174,0
2017-06-27,142.72,142.72,139.65,140.47,318361,0
2017-06-28,141.25,143.1,140.92,142.41,278714,0
2017-06-29,142.39,142.39,139.49,140.24,218000,0
2017-06-30,140.86,144.07,139.99,143.3,460511,0
2017-07-03,144.82,145.5,141.48,142.29,140464,0
2017-07-05,142.84,143.5,141.765,142.31,201400,0
2017-07-06,141.37,143.19,139.55,139.96,248553,0
2017-07-07,140.22,142.6,139.77,142.05,139908,0
2017-07-10,142.12,142.47,140.0,141.15,298932,0
2017-07-11,141.44,142.9,141.06,142.06,320387,0
2017-07-12,143.21,145.28,142.85,144.08,183436,0
2017-07-13,144.5,144.5,142.22,142.99,218618,0
2017-07-14,143.3,146.06,142.7,145.07,195051,0
2017-07-17,145.5,145.955,142.82,144.04,168029,0
2017-07-18,143.71,145.25,143.19,144.34,218568,0
2017-07-19,144.92,145.69,143.995,144.55,279274,0
2017-07-20,144.8,145.21,144.06,144.19,236995,0
2017-07-21,144.08,145.2,142.91,144.17,290682,0
2017-07-24,144.1,147.39,143.93,147.3,217200,0
2017-07-25,147.82,149.34,147.46,148.3,580889,0
2017-07-26,148.56,149.11,145.02,145.08,731351,0
2017-07-27,144.02,145.23,141.56,142.97,687232,0
2017-07-28,143.01,147.54,142.221,146.25,374644,0
2017-07-31,147.02,148.42,146.01,148.09,339028,0
2017-08-01,148.85,148.91,146.61,146.78,263206,0
2017-08-02,146.8,146.8,144.63,146.44,318116,0
2017-08-03,146.32,147.9,144.515,147.89,284485,0
2017-08-04,148.63,151.22,148.33,151.04,396093,0
2017-08-07,151.67,153.44,151.169,153.35,249455,0
2017-08-08,153.3,157.41,152.74,155.87,417593,0
2017-08-09,155.1,156.89,154.71,155.85,368956,0
2017-08-10,155.35,156.2,149.94,150.01,381460,0
2017-08-11,150.66,152.31,149.88,151.37,218394,0
2017-08-14,152.6,154.4,152.41,154.26,165916,0
2017-08-15,154.73,155.29,153.55,154.51,174102,0
2017-08-16,155.27,155.68,154.095,155.16,254386,0
2017-08-17,155.16,156.24,153.63,153.7,125036,0
2017-08-18,153.58,153.58,151.95,152.16,253696,0
2017-08-21,152.15,153.69,151.93,153.32,307721,0
2017-08-22,153.0,155.59,152.64,154.99,281986,0
2017-08-23,154.76,154.925,152.75,152.9,215339,0
2017-08-24,153.31,153.81,148.76,148.93,518920,0
2017-08-25,149.67,149.67,147.133,147.67,241826,0
2017-08-28,147.8,149.12,147.67,147.9,295334,0
2017-08-29,145.98,147.1,144.64,145.39,491437,0
2017-08-30,145.78,147.54,144.01,147.48,441172,0
2017-08-31,147.68,150.89,147.65,150.8,237878,0
2017-09-01,150.85,151.59,150.1,151.06,231401,0
2017-09-05,150.57,151.61,148.8,150.51,566240,0
2017-09-06,150.92,152.16,150.14,151.61,283977,0
2017-09-07,152.08,153.88,151.43,153.85,244534,0
2017-09-08,153.64,157.88,153.64,156.9,218161,0
2017-09-11,157.17,158.13,157.07,157.81,316973,0
2017-09-12,158.28,158.28,156.5,157.91,170037,0
2017-09-13,157.38,159.25,154.64,158.46,263722,0
2017-09-14,158.75,159.8,157.64,158.87,257595,0
2017-09-15,158.85,158.85,157.87,158.58,571192,0
2017-09-18,157.93,158.83,157.23,157.9,273081,0
2017-09-19,158.54,158.605,155.57,157.1,234455,0
2017-09-20,157.32,157.92,156.53,157.42,191690,0
2017-09-21,158.91,160.1,158.36,159.79,287225,0
2017-09-22,160.01,164.6,159.51,163.96,355780,0
2017-09-25,164.2,164.517,158.71,160.31,280781,0
2017-09-26,160.53,161.05,159.77,160.61,194646,0
2017-09-27,161.41,163.88,161.05,163.72,253371,0
2017-09-28,163.96,163.96,161.6,162.34,273790,0
2017-09-29,164.68,171.0,164.42,168.64,570036,0
2017-10-02,168.93,171.39,168.7,169.86,361109,0
2017-10-03,170.12,170.825,167.825,168.78,334561,0
2017-10-04,169.74,171.95,168.71,171.8,249462,0
2017-10-05,172.31,174.14,170.75,173.65,278254,0
2017-10-06,173.37,175.6,173.1,174.88,208368,0
2017-10-09,175.59,175.715,173.63,173.99,219501,0
2017-10-10,173.87,173.87,171.49,172.1,293859,0
2017-10-11,172.39,172.93,171.655,172.66,284881,0
2017-10-12,173.59,173.595,170.6,173.0,364130,0
2017-10-13,173.8,175.48,172.12,173.85,141223,0
2017-10-16,171.66,172.92,170.1,170.55,295837,0
2017-10-17,171.0,172.64,170.938,172.47,167995,0
2017-10-18,172.791,173.75,171.91,172.95,174769,0
2017-10-19,173.0,173.37,170.57,172.21,225788,0
2017-10-20,173.4,175.79,172.27,174.62,209566,0
2017-10-23,174.98,177.755,174.53,176.0,264493,0
2017-10-24,175.8,177.11,174.49,176.71,279675,0
2017-10-25,176.72,176.72,164.8,171.37,861692,0
2017-10-26,177.0,180.15,170.3,179.59,1151118,0
2017-10-27,182.02,183.96,180.04,181.07,676567,0
2017-10-30,179.545,180.12,177.4,179.48,394338,0
2017-10-31,180.12,193.95,180.12,192.92,800012,0
2017-11-01,192.98,194.42,188.12,188.89,386670,0
2017-11-02,189.82,193.29,189.77,190.05,365074,0
2017-11-03,190.33,195.02,190.33,194.9,320979,0
2017-11-06,195.18,198.29,195.14,196.455,348991,0
2017-11-07,197.11,197.21,194.95,197.21,176487,0
2017-11-08,193.9,197.791,192.615,196.97,379927,0
2017-11-09,196.93,197.28,194.83,195.57,213486,0
2017-11-10,195.53,196.2,193.59,195.21,176495,0
