Date,Open,High,Low,Close,Volume,OpenInt
2014-01-02,4.8774,4.9281,4.8259,4.9137,86903,0
2014-01-03,4.899,4.9721,4.8917,4.9355,92120,0
2014-01-06,4.943,5.0669,4.943,5.0669,112771,0
2014-01-07,5.0378,5.0887,5.0158,5.0887,99866,0
2014-01-08,5.0743,5.0743,4.9573,4.9721,112909,0
2014-01-09,4.9721,5.0158,4.9281,4.9355,56998,0
2014-01-10,4.9794,5.0158,4.9355,4.9573,87154,0
2014-01-13,4.9794,5.0378,4.9573,4.9941,98797,0
2014-01-14,5.0232,5.045,4.9649,5.0306,123002,0
2014-01-15,5.0232,5.1035,4.9868,5.1035,392459,0
2014-01-16,5.1035,5.1181,5.0232,5.0378,252718,0
2014-01-17,5.0378,5.045,5.0012,5.0232,40822,0
2014-01-21,5.0524,5.0669,5.0012,5.0158,98770,0
2014-01-22,5.0232,5.1107,5.0087,5.0306,156668,0
2014-01-23,5.045,5.1327,5.0378,5.1327,206335,0
2014-01-24,5.1254,5.1475,5.0306,5.0524,147407,0
2014-01-27,5.0012,5.0598,4.9501,4.9794,212610,0
2014-01-28,4.9941,5.0378,4.9501,5.0158,94946,0
2014-01-29,4.9649,5.0087,4.9573,4.9794,57575,0
2014-01-30,5.0158,5.0669,4.9794,5.0012,131133,0
2014-01-31,5.0013,5.1107,5.0013,5.0158,127132,0
2014-02-03,5.0087,5.0232,4.9281,4.9721,185055,0
2014-02-04,4.9649,5.0524,4.9501,4.9649,197810,0
2014-02-05,4.9649,5.0378,4.9573,4.9649,159686,0
2014-02-06,4.9501,5.1181,4.9501,5.0743,256503,0
2014-02-07,5.0743,5.0887,5.045,5.0743,79946,0
2014-02-10,5.0743,5.1107,5.045,5.0669,114716,0
2014-02-11,5.045,5.1545,5.045,5.1254,288085,0
2014-02-12,5.1107,5.14,5.0743,5.14,239531,0
2014-02-13,5.1107,5.1545,5.0887,5.1475,381206,0
2014-02-14,5.1545,5.1545,5.0816,5.14,194734,0
2014-02-18,5.1181,5.3006,5.1107,5.2788,276314,0
2014-02-19,5.2568,5.2641,5.1545,5.1765,211867,0
2014-02-20,5.14,5.1475,5.0816,5.0887,319196,0
2014-02-21,5.1856,5.2226,5.0742,5.0742,141653,0
2014-02-24,5.0517,5.1633,5.0442,5.0442,133089,0
2014-02-25,5.0442,5.1409,5.0368,5.059,64867,0
2014-02-26,5.1038,5.1038,5.0442,5.0517,60420,0
2014-02-27,5.0368,5.0887,4.9996,5.0742,76352,0
2014-02-28,5.1112,5.1112,5.0517,5.1038,186555,0
2014-03-03,5.1038,5.1186,5.0145,5.1186,93000,0
2014-03-04,5.1186,5.1335,5.0665,5.1038,85032,0
2014-03-05,5.1112,5.1186,5.0071,5.0887,1520258,0
2014-03-06,5.0742,5.0887,4.9773,5.0368,175603,0
2014-03-07,5.022,5.1931,4.9698,5.0963,195051,0
2014-03-10,5.1186,5.1409,5.0071,5.059,87023,0
2014-03-11,5.0293,5.059,4.9477,4.9996,128182,0
2014-03-12,5.0145,5.0145,4.9623,5.0071,115971,0
2014-03-13,5.0071,5.022,4.955,4.9773,89711,0
2014-03-14,4.9921,5.0145,4.955,5.0145,54306,0
2014-03-17,5.0145,5.0442,4.9846,5.0293,201109,0
2014-03-18,5.0071,5.0442,4.9846,5.0145,129141,0
2014-03-19,5.0293,5.0815,4.9846,4.9921,197635,0
2014-03-20,4.9846,5.0145,4.9623,5.0071,106742,0
2014-03-21,4.9921,5.1706,4.9921,5.1706,257691,0
2014-03-24,5.1335,5.1335,5.0145,5.022,114541,0
2014-03-25,5.0071,5.0742,4.9623,4.9698,302796,0
2014-03-26,4.9846,5.0368,4.9623,4.9623,141398,0
2014-03-27,4.9921,5.0517,4.955,5.0517,128175,0
2014-03-28,5.0517,5.1263,5.0442,5.0815,170359,0
2014-03-31,5.0963,5.1633,5.0517,5.1485,156263,0
2014-04-01,5.1186,5.2226,5.1186,5.2226,180044,0
2014-04-02,5.2304,5.2378,5.1263,5.1856,214740,0
2014-04-03,5.1706,5.3194,5.156,5.2972,158249,0
2014-04-04,5.3418,5.4757,5.2972,5.3418,560505,0
2014-04-07,5.3345,5.4461,5.3345,5.3791,243033,0
2014-04-08,5.4013,5.4164,5.2304,5.2378,161051,0
2014-04-09,5.3046,5.3046,5.208,5.2748,139158,0
2014-04-10,5.3121,5.3567,5.1633,5.1706,138825,0
2014-04-11,5.2005,5.2304,5.1409,5.1782,138170,0
2014-04-14,5.156,5.1706,5.0368,5.0815,157143,0
2014-04-15,5.0963,5.1633,5.0368,5.0963,106894,0
2014-04-16,5.1038,5.1856,5.0815,5.1856,70575,0
2014-04-17,5.1931,5.2378,5.1782,5.2153,108379,0
2014-04-21,5.208,5.26,5.1485,5.1782,107195,0
2014-04-22,5.208,5.2304,5.1038,5.2153,193491,0
2014-04-23,5.2304,5.2304,5.208,5.2304,96315,0
2014-04-24,5.2304,5.2304,5.1856,5.2304,77461,0
2014-04-25,5.208,5.2226,5.1931,5.2226,140995,0
2014-04-28,5.208,5.2304,5.1782,5.1931,151175,0
2014-04-29,5.2226,5.2304,5.1633,5.1931,154605,0
2014-04-30,5.1782,5.2304,5.1706,5.2153,68581,0
2014-05-01,5.2153,5.2304,5.1633,5.208,111442,0
2014-05-02,5.2452,5.3491,5.2304,5.327,133078,0
2014-05-05,5.3491,5.3491,5.2674,5.2824,115824,0
2014-05-06,5.3121,5.3121,5.2452,5.2526,80806,0
2014-05-07,5.2304,5.2674,5.2153,5.26,66350,0
2014-05-08,5.2748,5.2748,5.208,5.2226,107729,0
2014-05-09,5.2226,5.2748,5.2153,5.2526,55476,0
2014-05-12,5.2526,5.3418,5.2526,5.327,214543,0
2014-05-13,5.38,5.4256,5.3648,5.4027,162653,0
2014-05-14,5.4102,5.4332,5.3347,5.3876,211903,0
2014-05-15,5.3573,5.4027,5.3192,5.3192,88227,0
2014-05-16,5.3192,5.3648,5.274,5.3119,136732,0
2014-05-19,5.3192,5.3573,5.2891,5.3573,72893,0
2014-05-20,5.4027,5.4027,5.3192,5.327,70131,0
2014-05-21,5.3648,5.4027,5.3043,5.3347,75262,0
2014-05-22,5.327,5.38,5.3192,5.3724,70297,0
2014-05-23,5.4027,5.4102,5.3347,5.38,83883,0
2014-05-27,5.4102,5.4179,5.3724,5.3953,130674,0
2014-05-28,5.4102,5.4256,5.3724,5.4256,241844,0
2014-05-29,5.4102,5.5316,5.3953,5.5316,87368,0
2014-05-30,5.5469,5.5469,5.4708,5.5089,173139,0
2014-06-02,5.5469,5.5469,5.4557,5.5011,77850,0
2014-06-03,5.5089,5.5316,5.4786,5.524,112692,0
2014-06-04,5.5316,5.5316,5.4406,5.4786,74377,0
2014-06-05,5.4861,5.5316,5.4708,5.4936,64889,0
2014-06-06,5.4708,5.5164,5.4708,5.4936,65174,0
2014-06-09,5.4786,5.5089,5.4332,5.4557,207004,0
2014-06-10,5.4708,5.4936,5.4406,5.4557,111117,0
2014-06-11,5.4936,5.5011,5.4406,5.4482,521188,0
2014-06-12,5.4332,5.4633,5.3724,5.4102,207671,0
2014-06-13,5.3648,5.4406,5.3648,5.4179,144492,0
2014-06-16,5.3495,5.3724,5.3043,5.3495,163831,0
2014-06-17,5.3495,5.3573,5.3119,5.3119,107515,0
2014-06-18,5.3192,5.3648,5.3043,5.3421,101270,0
2014-06-19,5.3724,5.4027,5.3421,5.3724,412653,0
2014-06-20,5.3648,5.4179,5.3192,5.3192,310456,0
2014-06-23,5.3573,5.3876,5.3347,5.3648,149564,0
2014-06-24,5.3876,5.4027,5.274,5.274,202502,0
2014-06-25,5.274,5.3119,5.2587,5.274,87369,0
2014-06-26,5.2966,5.3421,5.2815,5.3192,63396,0
2014-06-27,5.3119,5.3495,5.1301,5.1301,751068,0
2014-06-30,5.3043,5.3421,5.2587,5.2662,134219,0
2014-07-01,5.3043,5.3347,5.2662,5.3043,102390,0
2014-07-02,5.3192,5.3648,5.274,5.327,190171,0
2014-07-03,5.3192,5.3192,5.2662,5.2662,47307,0
2014-07-07,5.2662,5.2891,5.2057,5.2587,308001,0
2014-07-08,5.2359,5.2587,5.2132,5.2435,104471,0
2014-07-09,5.2208,5.2587,5.2208,5.2359,67184,0
2014-07-10,5.2208,5.2359,5.1981,5.2285,85040,0
2014-07-11,5.2208,5.2435,5.1906,5.2208,139141,0
2014-07-14,5.2132,5.3043,5.2132,5.2511,126644,0
2014-07-15,5.2511,5.2587,5.2132,5.2132,39975,0
2014-07-16,5.2057,5.2662,5.1906,5.2057,94838,0
2014-07-17,5.2285,5.2285,5.1754,5.2057,164306,0
2014-07-18,5.1906,5.2435,5.1906,5.2132,51792,0
2014-07-21,5.3648,5.4179,5.3421,5.38,299283,0
2014-07-22,5.3953,5.4482,5.3724,5.4332,231646,0
2014-07-23,5.5316,5.5316,5.4557,5.4861,177279,0
2014-07-24,5.4936,5.4936,5.4708,5.4861,124318,0
2014-07-25,5.4936,5.4936,5.4406,5.4482,67554,0
2014-07-28,5.4406,5.4708,5.3421,5.3724,129399,0
2014-07-29,5.3724,5.3953,5.3421,5.3573,54122,0
2014-07-30,5.3876,5.3953,5.3495,5.38,79800,0
2014-07-31,5.38,5.4102,5.3421,5.3573,92138,0
2014-08-01,5.3876,5.3876,5.3043,5.3192,135829,0
2014-08-04,5.3876,5.3876,5.2587,5.3043,402598,0
2014-08-05,5.2662,5.3119,5.2435,5.2966,154150,0
2014-08-06,5.3043,5.3495,5.2662,5.2966,73445,0
2014-08-07,5.2815,5.3043,5.2435,5.2511,72021,0
2014-08-08,5.2435,5.2891,5.2435,5.2815,58395,0
2014-08-11,5.3648,5.38,5.3119,5.3495,239450,0
2014-08-12,5.3648,5.3648,5.2815,5.2815,245500,0
2014-08-13,5.3201,5.382,5.2891,5.3433,206544,0
2014-08-14,5.3356,5.3664,5.3277,5.3277,121124,0
2014-08-15,5.382,5.382,5.3356,5.3356,101360,0
2014-08-18,5.382,5.3895,5.3356,5.3587,112130,0
2014-08-19,5.3895,5.3895,5.3433,5.3587,47893,0
2014-08-20,5.3587,5.382,5.3433,5.3511,133815,0
2014-08-21,5.3277,5.3895,5.3201,5.3895,196910,0
2014-08-22,5.3972,5.3972,5.3587,5.3895,205202,0
2014-08-25,5.3664,5.4205,5.3356,5.3895,237713,0
2014-08-26,5.4129,5.4205,5.3664,5.3743,222726,0
2014-08-27,5.3972,5.4052,5.3587,5.3895,72487,0
2014-08-28,5.3511,5.4052,5.3511,5.382,107295,0
2014-08-29,5.3895,5.4052,5.3743,5.3972,67103,0
2014-09-02,5.4052,5.4129,5.3895,5.3972,79416,0
2014-09-03,5.4052,5.4359,5.3664,5.3664,268244,0
2014-09-04,5.3664,5.382,5.3125,5.3125,103936,0
2014-09-05,5.3433,5.382,5.3356,5.3587,69803,0
2014-09-08,5.382,5.382,5.3277,5.3277,31654,0
2014-09-09,5.3511,5.3511,5.3047,5.3047,74325,0
2014-09-10,5.2969,5.2969,5.2198,5.2274,158718,0
2014-09-11,5.2429,5.3125,5.2352,5.3047,140989,0
2014-09-12,5.2507,5.3125,5.2507,5.2739,514235,0
2014-09-15,5.2507,5.2969,5.2507,5.2661,123279,0
2014-09-16,5.2815,5.3277,5.2583,5.2583,81646,0
2014-09-17,5.2661,5.2891,5.2121,5.2198,104658,0
2014-09-18,5.2121,5.2121,5.0961,5.1501,171653,0
2014-09-19,5.1501,5.4052,5.135,5.4052,442493,0
2014-09-22,5.3433,5.3433,5.135,5.1735,86226,0
2014-09-23,5.1426,5.2583,5.1426,5.2198,233280,0
2014-09-24,5.2429,5.2661,5.1735,5.2198,95898,0
2014-09-25,5.2121,5.2507,5.135,5.135,63061,0
2014-09-26,5.135,5.2121,5.1039,5.1811,153864,0
2014-09-29,5.1501,5.1888,5.1269,5.1735,182584,0
2014-09-30,5.1657,5.2274,5.1039,5.2043,246032,0
2014-10-01,5.1811,5.2043,5.1039,5.1501,121834,0
2014-10-02,5.1657,5.1965,5.1039,5.1269,58199,0
2014-10-03,5.1269,5.1426,5.0575,5.0884,92194,0
2014-10-06,5.1269,5.135,5.0655,5.1039,51639,0
2014-10-07,5.1116,5.1116,5.0655,5.0884,67124,0
2014-10-08,5.1039,5.1888,5.019,5.135,171862,0
2014-10-09,5.1192,5.1735,5.0655,5.0884,50390,0
2014-10-10,5.0884,5.1039,5.0267,5.0498,68949,0
2014-10-13,5.019,5.1269,5.019,5.0421,98884,0
2014-10-14,5.0498,5.0961,5.0267,5.0498,57890,0
2014-10-15,5.019,5.0655,4.8798,4.9728,142907,0
2014-10-16,4.8798,5.0732,4.8798,5.0345,79463,0
2014-10-17,5.0267,5.0961,4.965,4.988,111482,0
2014-10-20,4.9728,5.0808,4.9728,5.0575,95542,0
2014-10-21,5.1039,5.1116,5.0575,5.0655,84557,0
2014-10-22,5.0732,5.1657,5.0732,5.1192,97172,0
2014-10-23,5.1269,5.1735,5.1039,5.1578,57000,0
2014-10-24,5.135,5.1657,5.0884,5.0884,58440,0
2014-10-27,5.1039,5.135,5.0575,5.0808,56530,0
2014-10-28,5.1192,5.1657,5.0884,5.135,63973,0
2014-10-29,5.1192,5.135,5.019,5.0732,75083,0
2014-10-30,5.0421,5.2891,5.019,5.2739,164418,0
2014-10-31,5.2969,5.2969,5.1269,5.1965,71938,0
2014-11-03,5.2352,5.2352,5.1269,5.1269,34264,0
2014-11-04,5.1269,5.135,5.0267,5.0961,51949,0
2014-11-05,5.1269,5.1269,5.0345,5.0575,54131,0
2014-11-06,5.0961,5.135,5.0655,5.1116,71603,0
2014-11-07,5.1811,5.3664,5.1116,5.3125,102378,0
2014-11-10,5.3277,5.4205,5.2815,5.4205,180395,0
2014-11-11,5.4282,5.5441,5.382,5.4052,410876,0
2014-11-12,5.4052,5.5209,5.3356,5.4052,114477,0
2014-11-13,5.4052,5.4667,5.3433,5.4435,128993,0
2014-11-14,5.4513,5.4822,5.4052,5.4359,105130,0
2014-11-17,5.4674,5.4674,5.3337,5.3573,104879,0
2014-11-18,5.3414,5.4359,5.326,5.3807,72709,0
2014-11-19,5.4202,5.4202,5.3337,5.3337,33483,0
2014-11-20,5.318,5.3573,5.2866,5.2866,96107,0
2014-11-21,5.318,5.3337,5.2866,5.2943,33340,0
2014-11-24,5.3337,5.3573,5.2943,5.3021,33523,0
2014-11-25,5.3492,5.3807,5.326,5.326,58645,0
2014-11-26,5.3337,5.4437,5.3021,5.428,98990,0
2014-11-28,5.4125,5.4516,5.4125,5.4359,64440,0
2014-12-01,5.4596,5.4674,5.4125,5.4437,143824,0
2014-12-02,5.4437,5.4674,5.3807,5.4596,94762,0
2014-12-03,5.4202,5.4359,5.326,5.3492,157394,0
2014-12-04,5.3888,5.4202,5.3492,5.373,126779,0
2014-12-05,5.3492,5.373,5.2785,5.3021,162118,0
2014-12-08,5.2866,5.2943,5.2,5.2235,97481,0
2014-12-09,5.2156,5.318,5.2,5.31,69331,0
2014-12-10,5.31,5.326,5.2235,5.2235,91224,0
2014-12-11,5.2628,5.3492,5.2,5.326,184357,0
2014-12-12,5.31,5.3573,5.2705,5.2943,172368,0
2014-12-15,5.326,5.326,5.2235,5.247,145571,0
2014-12-16,5.2393,5.3492,5.2393,5.247,96720,0
2014-12-17,5.255,5.3337,5.2235,5.255,99739,0
2014-12-18,5.2785,5.31,5.2313,5.2785,145496,0
2014-12-19,5.2705,5.4202,5.1842,5.2313,799762,0
2014-12-22,5.2628,5.3492,5.2628,5.3492,140176,0
2014-12-23,5.318,5.3573,5.2943,5.326,80906,0
2014-12-24,5.3414,5.3807,5.2705,5.2785,43237,0
2014-12-26,5.2943,5.318,5.1527,5.2628,230187,0
2014-12-29,5.2785,5.3414,5.2785,5.318,145870,0
2014-12-30,5.3414,5.3651,5.318,5.3492,137266,0
2014-12-31,5.326,5.3651,5.31,5.326,121689,0
2015-01-02,5.326,5.3807,5.318,5.373,86175,0
2015-01-05,5.373,5.5145,5.3573,5.5145,165602,0
2015-01-06,5.5145,5.5697,5.4437,5.5068,195084,0
2015-01-07,5.5068,5.6169,5.4831,5.6012,208032,0
2015-01-08,5.6012,5.6404,5.4516,5.5068,311095,0
2015-01-09,5.5068,5.5383,5.4674,5.4831,115910,0
2015-01-12,5.5224,5.5224,5.428,5.4359,132250,0
2015-01-13,5.428,5.4752,5.3414,5.3492,186962,0
2015-01-14,5.3492,5.428,5.3337,5.4202,78850,0
2015-01-15,5.3967,5.428,5.3651,5.3807,33360,0
2015-01-16,5.3651,5.4596,5.3492,5.4437,583712,0
2015-01-20,5.428,5.4752,5.3651,5.4125,456414,0
2015-01-21,5.3967,5.4202,5.3807,5.3807,93892,0
2015-01-22,5.3888,5.4674,5.3807,5.4359,131957,0
2015-01-23,5.4359,5.4516,5.3651,5.3651,85480,0
2015-01-26,5.4202,5.4359,5.3651,5.4359,191684,0
2015-01-27,5.3807,5.4752,5.3807,5.4516,81172,0
2015-01-28,5.4202,5.5224,5.4202,5.4831,99989,0
2015-01-29,5.499,5.5068,5.4437,5.5068,84799,0
2015-01-30,5.4752,5.5224,5.4596,5.4674,88601,0
2015-02-02,5.4911,5.5224,5.4674,5.5068,123777,0
2015-02-03,5.5224,5.6799,5.4674,5.6799,161137,0
2015-02-04,5.6404,5.6719,5.5776,5.6404,68290,0
2015-02-05,5.6169,5.8372,5.6169,5.8293,186747,0
2015-02-06,5.7743,5.8136,5.7034,5.7427,136578,0
2015-02-09,5.7427,5.7665,5.6326,5.6642,261413,0
2015-02-10,5.6404,5.7427,5.6248,5.7427,84564,0
2015-02-11,5.727,5.8214,5.6404,5.8214,120618,0
2015-02-12,5.8214,5.8214,5.7585,5.8136,112572,0
2015-02-13,5.8214,5.8214,5.5776,5.6091,281713,0
2015-02-17,5.7114,5.7978,5.6642,5.7192,138764,0
2015-02-18,5.7585,5.7743,5.6719,5.6955,94654,0
2015-02-19,5.7192,5.7506,5.5932,5.6169,128713,0
2015-02-20,5.6091,5.6799,5.5854,5.6404,203488,0
2015-02-23,5.5683,5.6646,5.4082,5.6404,144038,0
2015-02-24,5.6404,5.7445,5.6006,5.7366,95081,0
2015-02-25,5.7527,5.8167,5.7445,5.7687,68426,0
2015-02-26,5.7928,5.8088,5.7366,5.7527,49507,0
2015-02-27,5.7766,5.7766,5.7366,5.7445,70894,0
2015-03-02,5.8088,5.8088,5.7286,5.7845,141163,0
2015-03-03,5.7766,5.8009,5.7527,5.7845,61657,0
2015-03-04,5.8009,5.8009,5.7445,5.7845,52670,0
2015-03-05,5.7687,5.8009,5.7286,5.7766,150899,0
2015-03-06,5.7286,5.7445,5.6085,5.6164,100347,0
2015-03-09,5.6164,5.6565,5.6006,5.6164,114953,0
2015-03-10,5.6404,5.6485,5.5843,5.6006,50801,0
2015-03-11,5.6085,5.6085,5.5762,5.5843,87868,0
2015-03-12,5.5925,5.6485,5.5762,5.5925,62032,0
2015-03-13,5.5925,5.6164,5.5683,5.6164,56291,0
2015-03-16,5.6164,5.6324,5.6006,5.6006,53545,0
2015-03-17,5.6006,5.6006,5.5683,5.5843,88991,0
2015-03-18,5.5925,5.6485,5.5843,5.6324,41688,0
2015-03-19,5.6244,5.6324,5.5925,5.6006,88369,0
2015-03-20,5.6006,5.6324,5.5762,5.6006,203320,0
2015-03-23,5.5925,5.6565,5.5925,5.6006,70769,0
2015-03-24,5.6085,5.6324,5.5925,5.5925,50801,0
2015-03-25,5.6244,5.6324,5.5683,5.5683,89990,0
2015-03-26,5.5762,5.6164,5.5762,5.5925,56790,0
2015-03-27,5.6485,5.6485,5.5683,5.5925,110584,0
2015-03-30,5.5843,5.6646,5.5843,5.6006,86620,0
2015-03-31,5.6085,5.6485,5.5843,5.5925,66298,0
2015-04-01,5.5762,5.6804,5.5762,5.6804,174113,0
2015-04-02,5.6485,5.6804,5.6085,5.6485,94235,0
2015-04-06,5.6324,5.6565,5.6244,5.6324,80754,0
2015-04-07,5.6164,5.6565,5.5762,5.5762,95146,0
2015-04-08,5.6006,5.6085,5.5762,5.6006,68524,0
2015-04-09,5.6006,5.6006,5.5683,5.6006,55039,0
2015-04-10,5.6164,5.6164,5.5362,5.5444,169371,0
2015-04-13,5.5683,5.5843,5.5282,5.5683,91737,0
2015-04-14,5.5683,5.5762,5.5524,5.5603,68524,0
2015-04-15,5.5603,5.5762,5.5524,5.5524,96421,0
2015-04-16,5.5683,5.5762,5.5524,5.5524,75638,0
2015-04-17,5.5524,5.5603,5.5362,5.5524,33576,0
2015-04-20,5.5683,5.5843,5.5524,5.5524,25166,0
2015-04-21,5.5282,5.5925,5.5282,5.5524,86646,0
2015-04-22,5.5683,5.5762,5.5524,5.5603,40339,0
2015-04-23,5.5683,5.5683,5.5603,5.5603,50300,0
2015-04-24,5.5603,5.6085,5.5282,5.6085,96075,0
2015-04-27,5.6085,5.6085,5.5524,5.5683,57537,0
2015-04-28,5.5762,5.5843,5.5282,5.5444,52796,0
2015-04-29,5.5524,5.5603,5.5043,5.5444,86246,0
2015-04-30,5.5444,5.5762,5.4883,5.4963,85870,0
2015-05-01,5.7607,5.7687,5.6085,5.6164,363454,0
2015-05-04,5.7445,5.7607,5.5925,5.6085,267223,0
2015-05-05,5.5925,5.6485,5.5603,5.5683,367697,0
2015-05-06,5.6006,5.6244,5.5524,5.5603,278927,0
2015-05-07,5.6006,5.6006,5.5282,5.5362,298361,0
2015-05-08,5.6244,5.6244,5.5282,5.6006,493134,0
2015-05-11,5.6244,5.6244,5.5203,5.5203,747501,0
2015-05-12,5.5524,5.5603,5.4002,5.4002,1915350,0
2015-05-13,5.4902,5.4984,5.3674,5.3674,525847,0
2015-05-14,5.3837,5.4984,5.3837,5.4656,4214592,0
2015-05-15,5.4902,5.5639,5.4821,5.5558,733488,0
2015-05-18,5.5802,5.687,5.5396,5.6623,1038546,0
2015-05-19,5.6623,5.7444,5.6623,5.7116,401102,0
2015-05-20,5.7116,5.777,5.6952,5.777,513035,0
2015-05-21,5.7607,5.8181,5.7525,5.777,279582,0
2015-05-22,5.777,5.8017,5.7361,5.7361,347187,0
2015-05-26,5.7525,5.8017,5.7197,5.7852,478573,0
2015-05-27,5.8099,5.8836,5.777,5.8753,541345,0
2015-05-28,5.8917,5.9082,5.8507,5.8753,320455,0
2015-05-29,5.8753,5.9082,5.8099,5.8099,219540,0
2015-06-01,5.8589,5.8671,5.8017,5.8099,273538,0
2015-06-02,5.8262,5.8262,5.7852,5.8099,338907,0
2015-06-03,5.777,5.7933,5.7361,5.7525,209655,0
2015-06-04,5.7279,5.7852,5.687,5.687,198062,0
2015-06-05,5.687,5.7279,5.6541,5.6952,224178,0
2015-06-08,5.6623,5.6788,5.6215,5.6378,158890,0
2015-06-09,5.6378,5.6378,5.6133,5.6215,254992,0
2015-06-10,5.6215,5.6623,5.5968,5.6133,223142,0
2015-06-11,5.6623,5.7361,5.6541,5.7116,181737,0
2015-06-12,5.7116,5.7444,5.6378,5.7361,425413,0
2015-06-15,5.7607,5.7689,5.7116,5.7197,278849,0
2015-06-16,5.7361,5.7361,5.6623,5.6706,125331,0
2015-06-17,5.6706,5.6706,5.5968,5.6541,135703,0
2015-06-18,5.6297,5.7116,5.6133,5.7034,139484,0
2015-06-19,5.6952,5.7197,5.6052,5.646,228571,0
2015-06-22,5.6133,5.6788,5.6133,5.6378,225886,0
2015-06-23,5.6378,5.6706,5.6133,5.646,162169,0
2015-06-24,5.6706,5.6706,5.5802,5.5968,120326,0
2015-06-25,5.6133,5.6215,5.5802,5.5802,253954,0
2015-06-26,5.5639,5.5968,5.5313,5.5885,243947,0
2015-06-29,5.5558,5.5639,5.3837,5.4166,334987,0
2015-06-30,5.4084,5.5396,5.392,5.5396,204670,0
2015-07-01,5.523,5.572,5.5067,5.5396,169994,0
2015-07-02,5.5147,5.5477,5.4493,5.4738,110928,0
2015-07-06,5.4902,5.523,5.4493,5.5147,105560,0
2015-07-07,5.5147,5.6052,5.4984,5.5802,116786,0
2015-07-08,5.5477,5.6052,5.5067,5.5147,122645,0
2015-07-09,5.5147,5.5396,5.4493,5.4821,155594,0
2015-07-10,5.4821,5.5313,5.4656,5.4984,175242,0
2015-07-13,5.5477,5.6297,5.5477,5.6297,134238,0
2015-07-14,5.6378,5.687,5.6133,5.6623,204982,0
2015-07-15,5.6541,5.6788,5.6215,5.6788,65368,0
2015-07-16,5.6706,5.6706,5.5802,5.5968,82373,0
2015-07-17,5.572,5.6297,5.572,5.6297,100434,0
2015-07-20,5.6378,5.6541,5.5802,5.6378,212585,0
2015-07-21,5.6052,5.6133,5.5477,5.5968,191839,0
2015-07-22,5.6133,5.6133,5.5067,5.5885,140340,0
2015-07-23,5.572,5.572,5.4656,5.523,166089,0
2015-07-24,5.5147,5.5147,5.4576,5.4821,128258,0
2015-07-27,5.4821,5.5067,5.4329,5.4576,256760,0
2015-07-28,5.4821,5.5147,5.4166,5.4247,276408,0
2015-07-29,5.4247,5.4984,5.392,5.4902,166211,0
2015-07-30,5.4902,5.5313,5.4656,5.5313,156205,0
2015-07-31,5.5313,5.6788,5.4656,5.6052,219905,0
2015-08-03,5.5885,5.6133,5.5313,5.5885,165982,0
2015-08-04,5.6052,5.6052,5.4821,5.5313,150836,0
2015-08-05,5.572,5.572,5.4411,5.4656,170481,0
2015-08-06,5.4493,5.4493,5.351,5.351,267685,0
2015-08-07,5.3428,5.3755,5.3099,5.3592,142292,0
2015-08-10,5.3755,5.4084,5.3674,5.3755,210755,0
2015-08-11,5.3837,5.4002,5.351,5.3837,179678,0
2015-08-12,5.3837,5.4844,5.3501,5.4508,239571,0
2015-08-13,5.4173,5.5095,5.3669,5.5011,161583,0
2015-08-14,5.476,5.5179,5.4424,5.5011,40068,0
2015-08-17,5.5011,5.5849,5.4844,5.5431,62846,0
2015-08-18,5.5263,5.5431,5.476,5.4844,63677,0
2015-08-19,5.5011,5.5515,5.476,5.5347,107324,0
2015-08-20,5.5095,5.5179,5.4257,5.4676,115910,0
2015-08-21,5.4508,5.4676,5.3669,5.4508,234563,0
2015-08-24,5.3669,5.3669,5.0567,5.0651,344706,0
2015-08-25,5.1152,5.2831,5.1152,5.1488,307423,0
2015-08-26,5.2412,5.2661,5.1657,5.258,87410,0
2015-08-27,5.3083,5.409,5.2412,5.2831,275225,0
2015-08-28,5.2831,5.3417,5.2496,5.2747,157766,0
2015-08-31,5.3083,5.3837,5.2747,5.3585,103984,0
2015-09-01,5.3585,5.3753,5.2831,5.2915,121752,0
2015-09-02,5.3334,5.3669,5.2747,5.2831,140952,0
2015-09-03,5.3167,5.3334,5.2915,5.3083,65348,0
2015-09-04,5.2496,5.2999,5.2076,5.258,48892,0
2015-09-08,5.3083,5.3334,5.2661,5.3083,87052,0
2015-09-09,5.3417,5.3417,5.1993,5.1993,70476,0
2015-09-10,5.2328,5.2412,5.1825,5.1993,114716,0
2015-09-11,5.1909,5.2328,5.1741,5.2076,62606,0
2015-09-14,5.2412,5.3585,5.2244,5.3083,88602,0
2015-09-15,5.2999,5.3167,5.2831,5.2831,43884,0
2015-09-16,5.2999,5.3334,5.2915,5.3167,62723,0
2015-09-17,5.3167,5.3334,5.2915,5.3083,96248,0
2015-09-18,5.2747,5.4592,5.2661,5.4592,200935,0
2015-09-21,5.4844,5.5179,5.4424,5.476,134275,0
2015-09-22,5.4592,5.5347,5.4341,5.4927,76439,0
2015-09-23,5.5515,5.5515,5.4844,5.5347,115856,0
2015-09-24,5.5347,5.5347,5.4508,5.5011,59702,0
2015-09-25,5.5011,5.5179,5.3669,5.3669,133678,0
2015-09-28,5.3922,5.4006,5.2244,5.2999,130914,0
2015-09-29,5.3334,5.3669,5.2747,5.3585,137612,0
2015-09-30,5.3922,5.3922,5.2661,5.3334,131769,0
2015-10-01,5.3669,5.3669,5.258,5.3669,73576,0
2015-10-02,5.3167,5.4173,5.2496,5.3083,62606,0
2015-10-05,5.3167,5.4508,5.3167,5.4257,43729,0
2015-10-06,5.409,5.4341,5.3083,5.3922,75245,0
2015-10-07,5.3922,5.4508,5.3669,5.3837,99453,0
2015-10-08,5.3922,5.4508,5.3753,5.4173,57952,0
2015-10-09,5.409,5.4508,5.3669,5.409,70117,0
2015-10-12,5.4173,5.4341,5.3922,5.4257,42168,0
2015-10-13,5.3837,5.409,5.3501,5.3837,91106,0
2015-10-14,5.325,5.4173,5.325,5.3501,52708,0
2015-10-15,5.3669,5.4006,5.325,5.3922,67971,0
2015-10-16,5.3585,5.409,5.3501,5.3501,104344,0
2015-10-19,5.3669,5.3922,5.3501,5.3669,35107,0
2015-10-20,5.3669,5.3753,5.325,5.3753,65871,0
2015-10-21,5.3501,5.4173,5.3501,5.409,89199,0
2015-10-22,5.4508,5.4508,5.3837,5.4173,45911,0
2015-10-23,5.4173,5.4173,5.3669,5.409,56405,0
2015-10-26,5.4257,5.4592,5.409,5.4257,95995,0
2015-10-27,5.409,5.4257,5.258,5.325,134036,0
2015-10-28,5.3417,5.3753,5.2496,5.3753,136183,0
2015-10-29,5.3753,5.3837,5.2831,5.325,73457,0
2015-10-30,5.3083,5.3669,5.2412,5.2412,243624,0
2015-11-02,5.2747,5.3417,5.258,5.325,187038,0
2015-11-03,5.325,5.3922,5.3083,5.3669,55571,0
2015-11-04,5.3922,5.409,5.3669,5.3922,54767,0
2015-11-05,5.409,5.409,5.3167,5.3167,120798,0
2015-11-06,5.4508,5.5347,5.3669,5.5011,151327,0
2015-11-09,5.5179,5.7276,5.5179,5.7024,236827,0
2015-11-10,5.7024,5.7695,5.6269,5.7024,237066,0
2015-11-11,5.6605,5.7611,5.6605,5.7107,136659,0
2015-11-12,5.694,5.7276,5.6436,5.7024,127716,0
2015-11-13,5.7107,5.7276,5.6436,5.6521,103508,0
2015-11-16,5.7035,5.7806,5.6263,5.7292,123008,0
2015-11-17,5.7806,5.7892,5.7035,5.7378,128604,0
2015-11-18,5.7292,5.7806,5.7206,5.7292,69841,0
2015-11-19,5.7463,5.7978,5.7292,5.772,97241,0
2015-11-20,5.7806,5.8064,5.7378,5.7463,59347,0
2015-11-23,5.7463,5.772,5.695,5.7206,88494,0
2015-11-24,5.7806,5.7975,5.6607,5.7206,85567,0
2015-11-25,5.7206,5.7463,5.6864,5.7463,65176,0
2015-11-27,5.7463,5.8236,5.7463,5.815,45238,0
2015-11-30,5.815,5.9179,5.815,5.9007,147957,0
2015-12-01,5.9007,5.9609,5.8836,5.9093,79927,0
2015-12-02,5.8921,5.9179,5.7978,5.8064,57502,0
2015-12-03,5.7978,5.8236,5.7292,5.7463,51233,0
2015-12-04,5.7463,5.8322,5.7378,5.7806,71589,0
2015-12-07,5.8236,5.9266,5.772,5.815,138164,0
2015-12-08,5.815,5.8921,5.772,5.8579,139146,0
2015-12-09,5.815,5.8752,5.7463,5.7892,56548,0
2015-12-10,5.7892,5.7978,5.7035,5.7463,90127,0
2015-12-11,5.7463,5.8236,5.7035,5.7892,213368,0
2015-12-14,5.8236,5.8493,5.6094,5.7378,177932,0
2015-12-15,5.7463,5.7549,5.6178,5.6263,176175,0
2015-12-16,5.6435,5.9007,5.6435,5.8921,217683,0
2015-12-17,5.8921,5.9093,5.8236,5.8579,197044,0
2015-12-18,5.815,6.2696,5.7892,6.2267,1233922,0
2015-12-21,6.1238,6.1238,5.8921,6.0809,214416,0
2015-12-22,6.0293,6.2353,6.0037,6.201,425881,0
2015-12-23,6.1753,6.2096,6.0722,6.1067,123939,0
2015-12-24,6.0722,6.1067,6.0466,6.0466,55893,0
2015-12-28,6.0637,6.1067,6.0123,6.1067,96363,0
2015-12-29,6.1067,6.158,6.0722,6.0895,99772,0
2015-12-30,6.0895,6.1753,6.0551,6.1753,142743,0
2015-12-31,6.1495,6.1753,6.1067,6.1324,91474,0
2016-01-04,6.1324,6.2096,6.0379,6.2096,174413,0
2016-01-05,6.2096,6.3038,6.1495,6.2096,197228,0
2016-01-06,6.2267,6.3039,6.2096,6.2524,163633,0
2016-01-07,6.1667,6.1839,6.0895,6.0981,157718,0
2016-01-08,6.0981,6.1212,6.0123,6.0379,161650,0
2016-01-11,6.0466,6.1067,5.8665,5.9694,243993,0
2016-01-12,5.9951,6.0037,5.7892,5.7892,138457,0
2016-01-13,5.772,5.8227,5.5665,5.6435,255662,0
2016-01-14,5.6607,5.695,5.5062,5.6607,109438,0
2016-01-15,5.5836,5.6008,5.4462,5.5578,126511,0
2016-01-19,5.5836,5.5836,5.4205,5.472,160318,0
2016-01-20,5.4033,5.4634,5.2146,5.2919,406980,0
2016-01-21,5.2919,5.4033,5.2446,5.3434,113623,0
2016-01-22,5.3776,5.489,5.3604,5.472,113376,0
2016-01-25,5.472,5.489,5.369,5.369,56303,0
2016-01-26,5.4033,5.4634,5.352,5.4462,117114,0
2016-01-27,5.4548,5.489,5.2919,5.369,110575,0
2016-01-28,5.4033,5.489,5.3605,5.4033,101577,0
2016-01-29,5.4634,5.6094,5.4205,5.6094,99589,0
2016-02-01,5.6094,5.6349,5.5234,5.5922,50713,0
2016-02-02,5.5665,5.6008,5.489,5.5062,41187,0
2016-02-03,5.5148,5.5661,5.4462,5.5062,60687,0
2016-02-04,5.4976,5.5922,5.4462,5.4805,88388,0
2016-02-05,5.4976,5.6435,5.4805,5.5578,129119,0
2016-02-08,5.5405,5.5405,5.4033,5.4634,173661,0
2016-02-09,5.4805,5.4805,5.3604,5.3604,146844,0
2016-02-10,5.3948,5.4359,5.1632,5.2231,138938,0
2016-02-11,5.2231,5.2919,5.1546,5.1803,122187,0
2016-02-12,5.1803,5.3176,5.1803,5.1889,130500,0
2016-02-16,5.3263,5.3263,5.1889,5.3177,160509,0
2016-02-17,5.3604,5.4626,5.2489,5.4291,119715,0
2016-02-18,5.4205,5.4462,5.3177,5.352,68062,0
2016-02-19,5.3177,5.3776,5.3177,5.369,92720,0
2016-02-22,5.3776,5.4805,5.369,5.4462,103853,0
2016-02-23,5.4634,5.4805,5.4119,5.4634,89490,0
2016-02-24,5.4378,5.4548,5.3177,5.3349,121527,0
2016-02-25,5.3349,5.5148,5.3349,5.4976,83897,0
2016-02-26,5.5319,5.7018,5.5234,5.6692,328938,0
2016-02-29,5.6607,5.8836,5.6521,5.8322,210458,0
2016-03-01,5.8322,5.8828,5.6692,5.712,140717,0
2016-03-02,5.712,5.7258,5.6607,5.6607,112244,0
2016-03-03,5.6435,5.9609,5.6435,5.9093,191505,0
2016-03-04,5.9179,5.935,5.7978,5.8408,130456,0
2016-03-07,5.8665,5.9008,5.8322,5.8665,125322,0
2016-03-08,5.8402,5.8927,5.7701,5.849,86482,0
2016-03-09,5.8665,5.8665,5.7877,5.8052,63435,0
2016-03-10,5.849,5.849,5.7174,5.735,64835,0
2016-03-11,5.8402,5.9191,5.7613,5.8927,75865,0
2016-03-14,5.7438,5.8927,5.735,5.814,122546,0
2016-03-15,5.8665,5.9059,5.7438,5.7964,105877,0
2016-03-16,5.8227,5.8839,5.7877,5.849,142571,0
2016-03-17,5.9191,6.0156,5.8315,5.9366,101215,0
2016-03-18,5.8927,5.9191,5.849,5.8927,274576,0
2016-03-21,5.8927,5.9893,5.8402,5.9805,101581,0
2016-03-22,5.9191,5.9893,5.884,5.9717,75683,0
2016-03-23,5.9805,5.9805,5.9103,5.9191,69732,0
2016-03-24,5.8927,5.9717,5.814,5.9629,150304,0
2016-03-28,5.9629,5.9805,5.7613,5.9015,145418,0
2016-03-29,5.849,5.9717,5.849,5.9629,72285,0
2016-03-30,6.0067,6.0506,5.9191,5.9454,84903,0
2016-03-31,5.9542,5.9893,5.8927,5.9366,97390,0
2016-04-01,5.9103,5.9542,5.849,5.9366,89124,0
2016-04-04,5.9366,5.9366,5.8227,5.8839,175421,0
2016-04-05,5.8578,5.8839,5.7964,5.8315,70307,0
2016-04-06,5.8052,5.8752,5.7789,5.849,81078,0
2016-04-07,5.8402,5.8927,5.7964,5.8578,92761,0
2016-04-08,5.8752,5.9103,5.8578,5.8578,76390,0
2016-04-11,5.8752,5.9542,5.8752,5.8927,115206,0
2016-04-12,5.9191,5.9629,5.8754,5.9191,83401,0
2016-04-13,5.9191,5.9629,5.9103,5.9103,85873,0
2016-04-14,5.9366,5.9454,5.8578,5.9103,51841,0
2016-04-15,5.8665,5.9454,5.8665,5.8839,70513,0
2016-04-18,5.8752,5.9542,5.8748,5.9015,76186,0
2016-04-19,5.9629,5.9629,5.9015,5.9103,76299,0
2016-04-20,5.9191,5.9542,5.9015,5.9015,96975,0
2016-04-21,5.9103,5.9542,5.8839,5.9279,70810,0
2016-04-22,5.9191,5.9191,5.8752,5.9015,68342,0
2016-04-25,5.9191,5.9805,5.8578,5.8665,169413,0
2016-04-26,5.849,5.9353,5.8227,5.9279,78810,0
2016-04-27,5.9191,5.9542,5.8752,5.9454,81464,0
2016-04-28,5.9191,5.9191,5.8839,5.9103,37041,0
2016-04-29,5.8927,5.9191,5.814,5.8578,144604,0
2016-05-02,5.8839,5.9279,5.8839,5.9103,62968,0
2016-05-03,5.9103,5.9103,5.7964,5.8402,43822,0
2016-05-04,5.849,5.849,5.8227,5.8315,65329,0
2016-05-05,5.8052,5.9542,5.8052,5.9191,107739,0
2016-05-06,5.9103,6.0857,5.849,6.0593,149187,0
2016-05-09,6.0331,6.1383,6.0331,6.1383,113106,0
2016-05-10,6.1383,6.226,6.0331,6.226,133103,0
2016-05-11,6.226,6.2348,6.1526,6.1734,81011,0
2016-05-12,6.1821,6.3049,6.0945,6.2435,168641,0
2016-05-13,6.2523,6.2611,6.182,6.2348,108986,0
2016-05-16,6.2527,6.2707,6.1273,6.1811,106193,0
2016-05-17,6.1811,6.1852,5.9796,6.0556,82958,0
2016-05-18,6.002,6.1092,5.9482,6.002,115063,0
2016-05-19,6.0109,6.0336,5.9661,6.002,64495,0
2016-05-20,6.0198,6.0515,5.9662,6.0377,32415,0
2016-05-23,6.0825,6.0915,6.0109,6.0198,49116,0
2016-05-24,6.0645,6.0825,6.0265,6.0377,36171,0
2016-05-25,6.0735,6.1721,6.0556,6.1362,59351,0
2016-05-26,6.1362,6.1631,6.1183,6.1183,29979,0
2016-05-27,6.1362,6.1899,6.1004,6.1811,45777,0
2016-05-31,6.2348,6.3512,6.1996,6.2527,220302,0
2016-06-01,6.2797,6.3064,6.2078,6.2885,75643,0
2016-06-02,6.2974,6.3064,6.2437,6.2974,43093,0
2016-06-03,6.2797,6.3154,6.2348,6.2617,55660,0
2016-06-06,6.2348,6.2797,6.2168,6.2707,81236,0
2016-06-07,6.2617,6.2707,6.2168,6.2348,47975,0
2016-06-08,6.2437,6.3423,6.2244,6.3244,139431,0
2016-06-09,6.2885,6.3512,6.2437,6.3064,235317,0
2016-06-10,6.2707,6.3154,6.2259,6.2617,32857,0
2016-06-13,6.2617,6.2617,6.1721,6.1899,44994,0
2016-06-14,6.1631,6.1721,6.1362,6.1362,43128,0
2016-06-15,6.1093,6.1721,6.0915,6.1183,108613,0
2016-06-16,6.0915,6.1362,6.0556,6.0825,81790,0
2016-06-17,6.0825,6.1183,6.078,6.0915,398750,0
2016-06-20,6.1273,6.2168,6.1273,6.1273,73175,0
2016-06-21,6.1451,6.1451,6.0735,6.0825,93259,0
2016-06-22,6.0645,6.1273,6.0645,6.0915,79694,0
2016-06-23,6.1093,6.1093,6.0735,6.0915,54078,0
2016-06-24,5.9751,6.1721,5.9302,6.1631,185308,0
2016-06-27,6.1183,6.1811,6.002,6.0109,159639,0
2016-06-28,6.0109,6.1811,6.0109,6.1721,163956,0
2016-06-29,6.2348,6.396,6.1899,6.3512,177836,0
2016-06-30,6.387,6.4498,6.3029,6.4408,117007,0
2016-07-01,6.4229,6.4498,6.3244,6.3512,72190,0
2016-07-05,6.3602,6.3781,6.2707,6.3692,70434,0
2016-07-06,6.3602,6.405,6.2707,6.3781,33056,0
2016-07-07,6.3244,6.3781,6.2974,6.3064,43147,0
2016-07-08,6.3602,6.414,6.3145,6.396,41784,0
2016-07-11,6.4319,6.4319,6.3602,6.414,44288,0
2016-07-12,6.4319,6.4946,6.405,6.4946,139076,0
2016-07-13,6.4498,6.4946,6.4498,6.4946,73053,0
2016-07-14,6.4946,6.5394,6.4408,6.5304,112525,0
2016-07-15,6.4946,6.5214,6.4408,6.4498,104997,0
2016-07-18,6.4229,6.4766,6.3692,6.405,136067,0
2016-07-19,6.4408,6.4498,6.3781,6.4319,58955,0
2016-07-20,6.4498,6.4946,6.387,6.4229,99880,0
2016-07-21,6.4229,6.4678,6.3692,6.3781,103942,0
2016-07-22,6.387,6.414,6.2974,6.396,59044,0
2016-07-25,6.414,6.422,6.3512,6.405,63669,0
2016-07-26,6.3692,6.405,6.3244,6.3333,45188,0
2016-07-27,6.3244,6.4229,6.3064,6.414,87843,0
2016-07-28,6.405,6.4498,6.3643,6.4319,32943,0
2016-07-29,6.405,6.4946,6.3692,6.405,92941,0
2016-08-01,6.3692,6.4498,6.3692,6.4229,70030,0
2016-08-02,6.4408,6.4498,6.387,6.4498,59877,0
2016-08-03,6.414,6.4946,6.396,6.4946,74173,0
2016-08-04,6.4946,6.5394,6.4766,6.5394,91675,0
2016-08-05,6.6289,6.6289,6.5484,6.5842,154614,0
2016-08-08,6.5394,6.611,6.4766,6.5394,129895,0
2016-08-09,6.611,6.611,6.4946,6.5574,141410,0
2016-08-10,6.6021,6.611,6.5214,6.5304,104539,0
2016-08-11,6.5752,6.5752,6.4946,6.5125,106028,0
2016-08-12,6.5394,6.5842,6.5214,6.5394,244180,0
2016-08-15,6.6401,6.7133,6.5486,6.7133,243659,0
2016-08-16,6.6951,6.6997,6.6493,6.6768,59003,0
2016-08-17,6.7133,6.7133,6.6309,6.6676,55009,0
2016-08-18,6.7042,6.7042,6.6584,6.7042,157987,0
2016-08-19,6.6951,6.6951,6.6494,6.6859,61049,0
2016-08-22,6.6951,6.8984,6.6584,6.8782,209458,0
2016-08-23,6.9423,6.9515,6.8692,6.9057,146495,0
2016-08-24,6.9149,7.0523,6.8691,6.9699,166814,0
2016-08-25,6.979,7.1163,6.9643,7.0705,98731,0
2016-08-26,7.0889,7.1439,7.0156,7.0431,100280,0
2016-08-29,7.1072,7.2263,7.0523,7.0614,94858,0
2016-08-30,7.098,7.1987,7.098,7.1439,147949,0
2016-08-31,7.1072,7.1987,7.0614,7.1347,178689,0
2016-09-01,7.1895,7.1895,7.0659,7.0705,77791,0
2016-09-02,7.0705,7.1622,7.0705,7.1347,111293,0
2016-09-06,7.1713,7.3178,7.1439,7.2904,173420,0
2016-09-07,7.2996,7.3178,7.2172,7.2537,159795,0
2016-09-08,7.2629,7.2904,7.2355,7.2355,89246,0
2016-09-09,7.2263,7.2263,6.9149,6.9149,198867,0
2016-09-12,6.9057,7.0064,6.8324,6.9699,118275,0
2016-09-13,6.9699,6.979,6.7317,6.7409,108813,0
2016-09-14,6.7591,6.9882,6.7591,6.9423,133816,0
2016-09-15,6.9607,6.9607,6.8416,6.8873,45572,0
2016-09-16,6.8691,6.8691,6.7591,6.7591,234913,0
2016-09-19,6.7775,6.9332,6.7775,6.8873,93089,0
2016-09-20,6.9149,6.9515,6.8416,6.8782,40677,0
2016-09-21,6.8965,6.9423,6.7591,6.9057,110310,0
2016-09-22,6.8691,7.0156,6.8691,6.9607,78210,0
2016-09-23,6.8873,6.9974,6.8782,6.9699,119977,0
2016-09-26,6.8691,6.9882,6.8324,6.8324,102697,0
2016-09-27,6.8233,6.9607,6.8233,6.9515,86800,0
2016-09-28,6.8965,7.0339,6.8965,7.0156,81785,0
2016-09-29,7.0339,7.0339,6.924,6.979,37792,0
2016-09-30,6.9423,6.9423,6.6584,6.7958,550099,0
2016-10-03,6.7133,6.8095,6.6859,6.7042,123172,0
2016-10-04,6.7409,6.7409,6.6584,6.6859,160079,0
2016-10-05,6.7317,6.7317,6.5302,6.5486,312213,0
2016-10-06,6.5668,6.6584,6.4569,6.6035,108000,0
2016-10-07,6.6584,6.7867,6.5943,6.7317,158046,0
2016-10-10,6.7317,6.805,6.6814,6.7683,72582,0
2016-10-11,6.7867,6.7867,6.6859,6.7225,67858,0
2016-10-12,6.7683,6.8416,6.7042,6.7225,96669,0
2016-10-13,6.7409,6.7867,6.7031,6.7591,77758,0
2016-10-14,6.7958,6.7958,6.6705,6.7409,65363,0
2016-10-17,6.7133,6.7958,6.6951,6.7409,49210,0
2016-10-18,6.7317,6.7637,6.6951,6.7225,57907,0
2016-10-19,6.7042,6.7775,6.6768,6.6951,43387,0
2016-10-20,6.6951,6.7341,6.5989,6.6676,100442,0
2016-10-21,6.6309,6.9423,6.6309,6.8873,334036,0
2016-10-24,6.7591,6.8645,6.7042,6.7867,151156,0
2016-10-25,6.7867,6.8599,6.7867,6.7958,89398,0
2016-10-26,6.7591,6.7782,6.7225,6.7591,69471,0
2016-10-27,6.7317,6.8508,6.6584,6.7225,181006,0
2016-10-28,6.7042,6.7591,6.6859,6.6951,34190,0
2016-10-31,6.7317,6.7499,6.6768,6.7133,44131,0
2016-11-01,6.7042,6.7683,6.5943,6.6859,77444,0
2016-11-02,6.7133,6.7133,6.6035,6.6493,59330,0
2016-11-03,6.6768,6.6768,6.6035,6.6126,58709,0
2016-11-04,6.6951,6.7042,6.6035,6.6126,84215,0
2016-11-07,6.6951,6.7409,6.6126,6.6584,95133,0
2016-11-08,6.6584,6.6768,6.6309,6.6309,61413,0
2016-11-09,6.7317,6.7317,6.5943,6.6768,96477,0
2016-11-10,6.6768,6.6859,6.5943,6.6217,121006,0
2016-11-11,6.5943,6.7042,6.5851,6.6676,352020,0
2016-11-14,6.7042,6.86,6.6676,6.86,151573,0
2016-11-15,6.8873,7.2171,6.8233,7.0064,219186,0
2016-11-16,6.8691,7.1001,6.8691,6.9607,251363,0
2016-11-17,6.998,7.0168,6.9218,6.97,76995,0
2016-11-18,6.9888,6.9888,6.8859,6.9326,81501,0
2016-11-21,6.9232,6.998,6.9232,6.9419,49656,0
2016-11-22,6.998,7.0168,6.9607,6.998,65144,0
2016-11-23,7.0168,7.0168,6.7923,6.8391,149453,0
2016-11-25,6.8391,7.0168,6.8391,6.9794,47319,0
2016-11-28,6.9888,7.0168,6.8671,6.9513,165678,0
2016-11-29,6.9513,7.0262,6.9138,6.998,150725,0
2016-11-30,7.0168,7.0168,6.9607,6.97,63901,0
2016-12-01,6.97,7.0168,6.8671,6.9794,184510,0
2016-12-02,6.97,7.0168,6.9419,6.9888,129674,0
2016-12-05,6.998,7.0168,6.9513,7.0168,105085,0
2016-12-06,6.97,7.1852,6.9232,7.0542,228222,0
2016-12-07,6.9232,7.1384,6.9232,7.0448,135639,0
2016-12-08,6.9794,7.0916,6.9232,6.9419,143766,0
2016-12-09,6.97,7.0823,6.9232,7.0355,147804,0
2016-12-12,6.9607,6.9888,6.8391,6.97,208983,0
2016-12-13,6.9326,6.9888,6.8016,6.8203,189654,0
2016-12-14,6.8203,6.8952,6.7174,6.7267,222914,0
2016-12-15,6.7548,6.8297,6.6518,6.6894,198432,0
2016-12-16,6.68,6.8391,6.4741,6.4835,1331088,0
2016-12-19,6.5022,6.8671,6.5022,6.8671,206827,0
2016-12-20,6.8391,6.8671,6.811,6.811,130550,0
2016-12-21,6.8297,6.8952,6.8297,6.8297,113664,0
2016-12-22,6.8483,6.9326,6.811,6.9138,80880,0
2016-12-23,6.8765,7.0168,6.8671,6.9888,118663,0
2016-12-27,6.9888,7.0355,6.9044,6.9419,110026,0
2016-12-28,6.9326,7.0355,6.9044,6.9794,125716,0
2016-12-29,6.97,7.0262,6.97,6.998,61157,0
2016-12-30,7.0168,7.0448,6.9606,6.9794,63652,0
2017-01-03,7.0168,7.1384,6.9513,7.1291,131083,0
2017-01-04,7.0916,7.1572,7.0872,7.1572,166378,0
2017-01-05,7.1384,7.1572,7.0074,7.1572,129311,0
2017-01-06,7.1572,7.1945,7.0874,7.1478,179620,0
2017-01-09,7.1384,7.1852,7.0542,7.1103,131398,0
2017-01-10,7.1103,7.1572,7.0916,7.1572,65151,0
2017-01-11,7.1197,7.1572,7.0777,7.0823,111373,0
2017-01-12,7.1197,7.1288,7.0168,7.073,65965,0
2017-01-13,7.0448,7.1009,7.0448,7.073,62154,0
2017-01-17,7.0916,7.1009,7.0262,7.0448,62182,0
2017-01-18,7.0542,7.0636,6.9242,7.0542,97570,0
2017-01-19,7.0355,7.0355,6.9232,6.998,119072,0
2017-01-20,6.9607,7.0448,6.9326,7.0262,87869,0
2017-01-23,7.0168,7.0542,6.9933,7.0448,92763,0
2017-01-24,7.0542,7.0751,6.998,7.0074,59038,0
2017-01-25,7.0448,7.0448,6.9326,6.9607,108985,0
2017-01-26,6.9794,7.0448,6.9608,7.0262,81318,0
2017-01-27,7.073,7.073,6.998,7.0168,74528,0
2017-01-30,6.9888,6.998,6.8859,6.9138,69312,0
2017-01-31,6.9513,6.9513,6.6518,6.9044,164766,0
2017-02-01,6.8765,6.9878,6.8391,6.9419,98705,0
2017-02-02,6.9232,6.97,6.8952,6.9138,82147,0
2017-02-03,6.9513,6.9513,6.9138,6.9232,104160,0
2017-02-06,6.9232,6.9511,6.8886,6.9044,81814,0
2017-02-07,6.9232,6.9232,6.8858,6.8859,63264,0
2017-02-08,6.9138,6.9138,6.8297,6.8577,100509,0
2017-02-09,6.8859,6.8859,6.7923,6.8297,109883,0
2017-02-10,6.8203,6.8688,6.8119,6.8483,94955,0
2017-02-13,6.8577,6.9044,6.8297,6.8577,84041,0
2017-02-14,6.8391,6.9044,6.8297,6.8859,93416,0
2017-02-15,6.8859,6.9607,6.8203,6.8297,156132,0
2017-02-16,6.8483,6.9419,6.8483,6.9419,72192,0
2017-02-17,6.9326,6.9326,6.8391,6.8483,103515,0
2017-02-21,6.8577,6.9607,6.8576,6.9044,89732,0
2017-02-22,6.8952,6.92,6.8765,6.9044,57677,0
2017-02-23,6.9138,6.9607,6.8765,6.9513,66414,0
2017-02-24,6.998,7.0168,6.8859,6.8859,80348,0
2017-02-27,6.8952,6.998,6.8952,6.9138,63930,0
2017-02-28,6.9232,6.9232,6.8765,6.9044,73850,0
2017-03-01,6.9138,6.998,6.8765,6.8952,99368,0
2017-03-02,6.9138,6.9513,6.9044,6.9419,81503,0
2017-03-03,6.9794,7.1572,6.9794,7.1478,319354,0
2017-03-06,7.1572,7.2039,7.0636,7.1665,214399,0
2017-03-07,7.1758,7.3443,7.0823,7.2226,254738,0
2017-03-08,7.232,7.2974,7.1009,7.1009,145744,0
2017-03-09,7.1291,7.2788,7.1277,7.1665,169029,0
2017-03-10,7.2133,7.2872,7.1992,7.26,173742,0
2017-03-13,7.3461,7.3557,7.26,7.3175,154911,0
2017-03-14,7.3175,7.3365,7.1978,7.327,64254,0
2017-03-15,7.3175,7.4992,7.3175,7.4418,166187,0
2017-03-16,7.48,7.6522,7.3844,7.614,156381,0
2017-03-17,7.6235,7.6857,7.5566,7.6235,232756,0
2017-03-20,7.6522,7.6714,7.5278,7.6618,202421,0
2017-03-21,7.6714,7.6867,7.5948,7.6522,204377,0
2017-03-22,7.5948,7.6522,7.5278,7.547,177851,0
2017-03-23,7.6044,7.7287,7.5673,7.6905,237904,0
2017-03-24,7.7287,7.8339,7.6905,7.6905,310544,0
2017-03-27,7.7287,7.8244,7.6905,7.8149,350980,0
2017-03-28,7.8149,7.8435,7.7353,7.8339,427374,0
2017-03-29,7.8339,7.8913,7.8244,7.8531,293518,0
2017-03-30,7.8913,7.9678,7.8531,7.9678,270672,0
2017-03-31,7.987,8.0348,7.92,8.0156,344373,0
2017-04-03,8.0348,8.1496,8.0156,8.0922,477403,0
2017-04-04,8.0922,8.1975,8.0922,8.1879,363523,0
2017-04-05,8.1975,8.2357,8.0826,8.0922,298153,0
2017-04-06,8.0826,8.1257,7.9678,8.0636,287314,0
2017-04-07,8.0731,8.1879,8.0636,8.0826,259506,0
2017-04-10,8.0826,8.2261,8.0386,8.1687,214048,0
2017-04-11,8.1975,8.2835,8.1209,8.2739,225977,0
2017-04-12,8.2739,8.2811,8.1783,8.2357,168740,0
2017-04-13,8.2357,8.2357,8.0922,8.1305,203566,0
2017-04-17,8.14,8.3027,8.1305,8.2931,218502,0
2017-04-18,8.2931,8.3218,8.1975,8.3122,232722,0
2017-04-19,8.3027,8.36,8.2463,8.2835,250900,0
2017-04-20,8.3218,8.3218,8.2261,8.2549,135182,0
2017-04-21,8.2549,8.3122,8.2356,8.2739,146364,0
2017-04-24,8.2835,8.3039,8.14,8.2835,215841,0
2017-04-25,8.2739,8.3409,8.2644,8.2739,101491,0
2017-04-26,8.3027,8.4078,8.2262,8.3696,284605,0
2017-04-27,8.3696,8.3792,8.2835,8.3027,124698,0
2017-04-28,8.3313,8.3313,8.1305,8.2549,178075,0
2017-05-01,8.2739,8.4078,8.2357,8.3313,221507,0
2017-05-02,8.3313,8.36,8.1592,8.1592,271111,0
2017-05-03,8.1496,8.1879,8.1114,8.1209,120845,0
2017-05-04,8.1114,8.1687,8.0348,8.0444,192749,0
2017-05-05,8.2357,8.4174,8.163,8.2549,533645,0
2017-05-08,8.5131,8.5992,8.3792,8.4174,880807,0
2017-05-09,8.4844,8.5361,8.3122,8.3218,559298,0
2017-05-10,8.3027,8.3696,8.2549,8.36,276908,0
2017-05-11,7.8339,8.0348,7.7479,7.8818,5332753,0
2017-05-12,7.8818,8.0348,7.8435,7.8435,1412908,0
2017-05-15,7.8533,7.9707,7.8044,7.8435,1172277,0
2017-05-16,7.8337,7.8729,7.6577,7.7751,1181615,0
2017-05-17,7.7262,7.8142,7.7164,7.7555,450209,0
2017-05-18,7.7555,8.0196,7.7262,7.9902,811827,0
2017-05-19,8.0,8.088,7.9609,7.9902,780923,0
2017-05-22,7.9707,8.0587,7.9511,8.0293,342309,0
2017-05-23,8.0293,8.1076,8.0293,8.0685,319778,0
2017-05-24,8.0685,8.1076,7.9804,8.0098,502981,0
2017-05-25,8.0293,8.0685,7.9902,8.0196,451434,0
2017-05-26,8.0196,8.0782,8.0098,8.0098,238796,0
2017-05-30,8.0196,8.0489,7.9902,8.0098,431638,0
2017-05-31,8.0489,8.088,7.9609,8.0196,695842,0
2017-06-01,8.0489,8.0587,7.9902,8.0196,368008,0
2017-06-02,8.0391,8.1565,8.0098,8.0685,685692,0
2017-06-05,8.1369,8.1369,8.0049,8.0196,490990,0
2017-06-06,7.9804,8.0,7.9315,7.9707,545272,0
2017-06-07,7.9707,8.1076,7.9609,8.0978,352480,0
2017-06-08,8.1174,8.2543,8.0587,8.2249,377251,0
2017-06-09,8.2152,8.3961,8.1565,8.3032,622547,0
2017-06-12,8.313,8.3521,8.2054,8.2641,449939,0
2017-06-13,8.313,8.313,8.1956,8.2152,415052,0
2017-06-14,8.1858,8.2641,8.0929,8.1467,353062,0
2017-06-15,8.1565,8.176,8.0685,8.176,258433,0
2017-06-16,8.176,8.2689,8.1174,8.2249,358318,0
2017-06-19,8.2152,8.3032,8.176,8.2249,219255,0
2017-06-20,8.2445,8.2641,8.1467,8.2152,162606,0
2017-06-21,8.176,8.2836,8.1076,8.1174,204173,0
2017-06-22,8.1369,8.1956,8.0685,8.1174,211743,0
2017-06-23,8.1565,8.2347,8.1076,8.2249,245010,0
2017-06-26,8.2249,8.2445,8.1565,8.2054,254042,0
2017-06-27,8.2249,8.3619,8.2054,8.2543,510791,0
2017-06-28,8.2738,8.313,8.22,8.2738,327195,0
2017-06-29,8.2738,8.2934,8.1271,8.2152,498878,0
2017-06-30,8.2445,8.2934,8.1271,8.1565,150207,0
2017-07-03,8.1858,8.2445,8.1663,8.2249,90238,0
2017-07-05,8.2249,8.2738,8.1565,8.2249,281926,0
2017-07-06,8.2249,8.2249,8.1271,8.1369,184959,0
2017-07-07,8.1467,8.1565,7.9413,8.0,322622,0
2017-07-10,8.0,8.0685,7.9315,7.9315,214555,0
2017-07-11,7.9609,8.0489,7.9413,8.0,465795,0
2017-07-12,8.0391,8.1369,7.9902,8.1271,427153,0
2017-07-13,8.1565,8.1663,8.0,8.0293,131646,0
2017-07-14,8.0685,8.0685,8.0,8.0489,157348,0
2017-07-17,8.0685,8.0978,8.0293,8.0489,173268,0
2017-07-18,8.088,8.0978,7.9804,8.0098,249068,0
2017-07-19,8.0293,8.1663,8.0,8.1271,238528,0
2017-07-20,8.1467,8.1663,8.0782,8.0978,187521,0
2017-07-21,8.1271,8.2054,8.1076,8.1858,261288,0
2017-07-24,8.176,8.313,8.088,8.1174,524026,0
2017-07-25,8.1956,8.2054,8.0098,8.0489,438335,0
2017-07-26,8.0782,8.0978,8.0196,8.0587,264720,0
2017-07-27,8.0587,8.176,8.049,8.1467,230086,0
2017-07-28,8.1369,8.1663,8.0391,8.0685,237777,0
2017-07-31,8.0685,8.1369,8.0196,8.0685,516202,0
2017-08-01,8.088,8.1809,8.0196,8.1271,274306,0
2017-08-02,8.1467,8.1467,8.0587,8.1271,235688,0
2017-08-03,8.1369,8.1467,8.0196,8.0391,278871,0
2017-08-04,8.1174,8.2543,8.0489,8.1076,501797,0
2017-08-07,8.1369,8.1663,8.0,8.0782,404307,0
2017-08-08,8.0782,8.1174,8.0196,8.0391,334112,0
2017-08-09,8.0391,8.1369,8.0,8.1271,425373,0
2017-08-10,8.1076,8.1076,7.9119,8.0293,551079,0
2017-08-11,7.9902,8.0685,7.912,8.0,429027,0
2017-08-14,8.0,8.16,7.96,8.08,307700,0
2017-08-15,8.06,8.1,7.977,8.06,254366,0
2017-08-16,8.11,8.17,8.07,8.1,304520,0
2017-08-17,8.1,8.15,8.0,8.02,369719,0
2017-08-18,8.03,8.08,7.97,8.03,287890,0
2017-08-21,8.05,8.06,7.96,8.01,331520,0
2017-08-22,8.04,8.0809,8.0,8.01,109632,0
2017-08-23,8.0,8.08,8.0,8.02,214882,0
2017-08-24,8.02,8.055,7.99,8.0,248519,0
2017-08-25,8.04,8.06,7.97,7.99,270214,0
2017-08-28,8.04,8.06,8.0,8.03,180097,0
2017-08-29,8.01,8.079,8.0,8.0,111552,0
2017-08-30,8.01,8.06,7.97,8.05,187468,0
2017-08-31,8.09,8.23,8.08,8.2,288829,0
2017-09-01,8.22,8.27,8.16,8.24,160089,0
2017-09-05,8.25,8.2558,8.05,8.1,296744,0
2017-09-06,8.14,8.14,8.0394,8.07,193049,0
2017-09-07,8.04,8.14,8.0,8.03,299132,0
2017-09-08,8.02,8.055,7.98,8.0,340753,0
2017-09-11,8.0,8.13,8.0,8.1,209603,0
2017-09-12,8.08,8.13,8.04,8.06,227801,0
2017-09-13,8.04,8.1,7.99,8.04,250777,0
2017-09-14,8.05,8.05,8.01,8.03,95661,0
2017-09-15,8.03,8.09,7.9934,8.04,342216,0
2017-09-18,8.05,8.06,7.98,8.01,253892,0
2017-09-19,7.99,8.03,7.97,8.0,188523,0
2017-09-20,8.0,8.06,7.98,8.01,152290,0
2017-09-21,8.01,8.0548,8.0,8.02,128829,0
2017-09-22,8.03,8.06,7.95,8.0,301441,0
2017-09-25,8.02,8.03,7.97,7.98,1130626,0
2017-09-26,8.0,8.07,7.97,8.03,303330,0
2017-09-27,8.02,8.055,7.88,7.93,459337,0
2017-09-28,7.94,8.12,7.92,8.12,421557,0
2017-09-29,8.08,8.21,8.08,8.2,305178,0
2017-10-02,8.2,8.41,8.2,8.34,878882,0
2017-10-03,8.34,8.42,8.3,8.39,257673,0
2017-10-04,8.39,8.44,8.35,8.4,158175,0
2017-10-05,8.4,8.5,8.4,8.45,245476,0
2017-10-06,8.45,8.45,8.37,8.41,162957,0
2017-10-09,8.41,8.4449,8.39,8.41,134180,0
2017-10-10,8.43,8.45,8.39,8.42,169312,0
2017-10-11,8.41,8.41,8.34,8.34,487333,0
2017-10-12,8.33,8.36,8.3,8.32,539800,0
2017-10-13,8.35,8.36,8.305,8.32,295740,0
2017-10-16,8.35,8.42,8.33,8.35,508077,0
2017-10-17,8.35,8.53,8.35,8.45,516186,0
2017-10-18,8.44,8.47,8.39,8.45,236947,0
2017-10-19,8.44,8.45,8.36,8.42,442942,0
2017-10-20,8.42,8.43,8.38,8.39,236165,0
2017-10-23,8.4,8.4115,8.31,8.36,304498,0
2017-10-24,8.37,8.39,8.33,8.34,526677,0
2017-10-25,8.32,8.38,8.25,8.28,229959,0
2017-10-26,8.31,8.37,8.24,8.26,348644,0
2017-10-27,8.2447,8.29,8.12,8.28,205266,0
2017-10-30,8.27,8.2931,8.152,8.19,216143,0
2017-10-31,8.2,8.29,8.1836,8.27,367420,0
2017-11-01,8.25,8.31,8.17,8.21,253862,0
2017-11-02,8.2,8.27,8.16,8.25,289733,0
2017-11-03,8.48,8.69,8.44,8.55,728846,0
2017-11-06,8.61,8.61,8.44,8.51,447888,0
2017-11-07,8.51,8.51,8.38,8.44,465016,0
2017-11-08,8.35,8.405,8.25,8.34,588239,0
2017-11-09,8.36,8.47,8.3,8.47,606223,0
2017-11-10,8.45,8.59,8.43,8.49,620114,0
