Date,Open,High,Low,Close,Volume,OpenInt
2014-01-02,24.85,25.44,24.3,25.15,1260231,0
2014-01-03,25.18,25.39,24.61,25.26,809879,0
2014-01-06,25.39,25.69,24.25,24.7,1571800,0
2014-01-07,24.79,25.23,23.35,23.61,2213600,0
2014-01-08,23.5,23.92,22.95,23.91,1318500,0
2014-01-09,24.08,24.6,23.56,23.78,1073200,0
2014-01-10,23.78,24.21,23.36,24.13,1274825,0
2014-01-13,23.94,24.68,22.92,23.32,1624200,0
2014-01-14,23.38,24.4,23.19,24.31,1221800,0
2014-01-15,24.32,24.72,23.66,23.99,1065700,0
2014-01-16,23.98,24.39,23.65,24.26,949666,0
2014-01-17,24.28,24.98,23.93,24.04,1124600,0
2014-01-21,24.33,24.7,23.51,23.92,1100000,0
2014-01-22,23.81,24.33,23.37,24.31,931000,0
2014-01-23,24.21,24.39,23.8,24.23,839600,0
2014-01-24,23.98,24.02,22.81,23.11,1109000,0
2014-01-27,23.31,23.31,21.26,22.45,2042900,0
2014-01-28,22.49,23.8,22.43,23.66,1471800,0
2014-01-29,23.27,24.95,22.81,23.22,1344730,0
2014-01-30,23.57,24.18,23.51,23.81,1335200,0
2014-01-31,23.27,23.71,23.04,23.3,979300,0
2014-02-03,23.32,23.34,22.05,22.31,1731260,0
2014-02-04,22.4,23.01,22.38,22.71,1093144,0
2014-02-05,22.6,22.67,21.2,21.87,1798367,0
2014-02-06,21.85,22.93,21.64,22.69,1745783,0
2014-02-07,22.8,23.78,22.43,23.47,1461506,0
2014-02-10,23.1,24.24,23.1,23.96,1517770,0
2014-02-11,23.97,25.0,23.93,24.78,1697712,0
2014-02-12,24.88,25.8,24.41,24.65,1557791,0
2014-02-13,24.24,24.59,23.8,24.51,1042654,0
2014-02-14,24.51,24.85,23.87,23.93,770588,0
2014-02-18,23.91,24.748,23.85,24.4,1408901,0
2014-02-19,24.21,24.49,23.88,24.0,862462,0
2014-02-20,24.17,24.75,23.85,24.58,662702,0
2014-02-21,24.79,29.5,24.6,28.84,6794667,0
2014-02-24,28.95,30.31,27.83,28.14,3049556,0
2014-02-25,28.07,29.3,27.6,29.06,2118762,0
2014-02-26,29.18,31.45,29.06,29.72,3267082,0
2014-02-27,29.7,30.16,28.41,30.1,2354480,0
2014-02-28,29.24,32.0,27.0,28.3,3780998,0
2014-03-03,27.3,28.91,26.89,28.19,1665392,0
2014-03-04,28.85,30.38,28.63,30.04,2359265,0
2014-03-05,29.24,29.5,28.49,28.55,7314652,0
2014-03-06,28.76,29.01,27.15,27.17,3007351,0
2014-03-07,27.79,28.32,26.71,27.2,2961972,0
2014-03-10,27.72,28.5,27.35,28.24,1622275,0
2014-03-11,28.44,28.74,27.18,27.53,1745208,0
2014-03-12,27.55,28.74,27.35,28.54,2206340,0
2014-03-13,28.78,29.39,26.01,26.78,3132768,0
2014-03-14,26.75,27.21,25.86,26.88,1339723,0
2014-03-17,27.03,28.18,27.03,27.64,1676011,0
2014-03-18,27.78,28.95,27.55,28.67,2004278,0
2014-03-19,28.76,28.93,27.92,28.4,1157058,0
2014-03-20,28.1,28.36,27.58,27.85,1182493,0
2014-03-21,27.89,28.25,25.6,26.01,3368373,0
2014-03-24,26.11,26.47,23.71,24.24,3585166,0
2014-03-25,24.41,24.67,22.8,23.81,2601834,0
2014-03-26,23.97,24.33,22.8,22.9,2257600,0
2014-03-27,22.84,23.37,21.84,23.01,1977377,0
2014-03-28,22.99,23.69,22.23,22.65,1963613,0
2014-03-31,22.83,24.45,22.52,24.33,3705486,0
2014-04-01,24.22,25.5,24.2,25.09,1931697,0
2014-04-02,25.3,25.489,23.81,24.38,1483458,0
2014-04-03,24.38,24.42,22.39,23.06,2410247,0
2014-04-04,22.92,23.43,21.05,21.35,3638542,0
2014-04-07,21.03,21.98,20.07,20.69,2893612,0
2014-04-08,20.75,21.36,20.1,20.99,1823368,0
2014-04-09,21.01,22.22,20.87,21.95,1570586,0
2014-04-10,22.0,22.14,19.7,20.04,2744328,0
2014-04-11,19.56,20.05,18.5,19.04,2667442,0
2014-04-14,19.33,19.71,16.95,17.82,3941324,0
2014-04-15,17.87,18.36,15.64,18.36,6313942,0
2014-04-16,18.72,19.4,18.4,19.28,2670881,0
2014-04-17,19.11,19.97,18.39,19.44,2154396,0
2014-04-21,19.42,20.11,19.25,19.92,2129101,0
2014-04-22,20.09,21.69,20.09,21.05,2067804,0
2014-04-23,20.97,21.12,19.9,20.14,2383447,0
2014-04-24,20.35,21.04,19.2,20.55,2293188,0
2014-04-25,20.22,20.49,19.26,19.32,2673357,0
2014-04-28,19.49,19.86,18.19,19.15,2207291,0
2014-04-29,19.19,20.11,18.98,19.91,1613393,0
2014-04-30,19.91,20.17,19.24,20.13,1217390,0
2014-05-01,20.01,20.67,19.56,20.12,1613510,0
2014-05-02,20.21,20.27,19.32,19.59,1676107,0
2014-05-05,19.32,20.44,18.86,20.21,1773128,0
2014-05-06,20.0,20.29,19.04,19.16,1273431,0
2014-05-07,18.93,19.14,17.15,18.51,3517175,0
2014-05-08,18.51,19.99,17.94,18.06,2239376,0
2014-05-09,17.93,18.55,17.72,18.52,1251414,0
2014-05-12,18.57,19.59,18.57,19.42,1194966,0
2014-05-13,19.28,19.51,18.81,18.84,1378147,0
2014-05-14,18.75,19.56,18.45,18.87,1131635,0
2014-05-15,19.85,20.22,18.85,19.7,2020721,0
2014-05-16,19.61,19.68,18.49,19.05,1868855,0
2014-05-19,18.99,19.45,18.93,19.205,966073,0
2014-05-20,19.13,19.49,18.87,19.04,1244578,0
2014-05-21,19.15,19.47,18.963,19.22,1056901,0
2014-05-22,19.27,20.0,19.15,19.57,1193776,0
2014-05-23,19.58,19.98,19.47,19.8,685179,0
2014-05-27,20.06,20.9,20.0,20.7,1109220,0
2014-05-28,20.82,21.255,20.54,20.92,1338806,0
2014-05-29,21.07,21.5,21.03,21.25,735006,0
2014-05-30,21.33,21.45,20.28,20.65,995513,0
2014-06-02,20.22,20.718,19.68,20.45,857213,0
2014-06-03,20.25,20.36,19.66,20.16,907926,0
2014-06-04,20.05,21.32,19.72,21.2,1083016,0
2014-06-05,21.19,22.22,21.15,21.7,1266591,0
2014-06-06,21.85,22.18,21.47,21.99,808322,0
2014-06-09,21.99,23.38,21.8,22.93,1365669,0
2014-06-10,22.77,23.19,22.33,23.1,1025100,0
2014-06-11,22.73,23.38,22.53,22.8,1106868,0
2014-06-12,23.04,23.89,22.4,23.03,1115577,0
2014-06-13,23.16,23.46,22.57,23.05,820150,0
2014-06-16,22.95,23.26,22.65,23.04,1023483,0
2014-06-17,23.02,23.57,22.8,23.22,771892,0
2014-06-18,23.19,23.7,22.85,23.67,649948,0
2014-06-19,23.75,23.91,22.8,23.16,1373342,0
2014-06-20,23.24,23.3,22.7,23.06,1340174,0
2014-06-23,23.09,23.36,22.87,22.97,671249,0
2014-06-24,22.93,23.6,22.69,22.82,1367423,0
2014-06-25,22.7,23.17,22.34,23.04,1020462,0
2014-06-26,23.13,23.13,22.61,22.81,686471,0
2014-06-27,22.65,23.0,21.9,22.41,1436856,0
2014-06-30,22.41,23.01,22.2,22.59,1800574,0
2014-07-01,22.66,23.5,22.64,23.42,1174584,0
2014-07-02,23.36,23.87,23.22,23.49,687100,0
2014-07-03,23.57,23.89,23.16,23.64,486823,0
2014-07-07,23.63,24.72,23.32,23.42,1722726,0
2014-07-08,23.32,23.32,21.34,21.56,2732164,0
2014-07-09,21.58,22.03,21.2,21.78,939492,0
2014-07-10,20.96,21.78,20.75,21.44,910810,0
2014-07-11,21.45,22.429,21.27,22.3,843061,0
2014-07-14,22.45,22.63,21.97,22.09,826986,0
2014-07-15,22.15,22.3,20.73,20.77,1247865,0
2014-07-16,20.91,20.91,19.9,20.25,1537251,0
2014-07-17,19.97,20.37,19.21,19.4,1445157,0
2014-07-18,19.39,20.35,19.28,20.25,979891,0
2014-07-21,20.15,20.55,19.81,20.31,691016,0
2014-07-22,20.43,20.63,20.0,20.16,769108,0
2014-07-23,20.34,20.87,20.34,20.73,1079604,0
2014-07-24,20.77,21.3,20.37,20.83,1088313,0
2014-07-25,20.68,20.91,20.33,20.62,653913,0
2014-07-28,20.62,20.62,20.02,20.26,652081,0
2014-07-29,20.02,20.98,20.02,20.74,563656,0
2014-07-30,21.13,21.49,20.84,21.21,808836,0
2014-07-31,20.79,21.23,20.13,20.27,908922,0
2014-08-01,20.4,20.82,19.8,20.62,1054982,0
2014-08-04,20.74,20.88,19.67,20.7,1379296,0
2014-08-05,20.44,20.99,20.0,20.77,850357,0
2014-08-06,20.27,21.4,19.9,21.34,1259049,0
2014-08-07,21.42,21.62,20.84,20.94,1027643,0
2014-08-08,20.8,21.22,20.46,21.17,880321,0
2014-08-11,21.39,21.93,21.02,21.41,709590,0
2014-08-12,21.31,21.62,21.09,21.41,650928,0
2014-08-13,21.52,22.5,21.43,22.37,1108742,0
2014-08-14,22.47,22.94,22.27,22.9,728124,0
2014-08-15,23.16,23.24,22.15,22.59,974585,0
2014-08-18,22.98,23.15,22.33,22.43,832944,0
2014-08-19,22.52,22.76,22.123,22.57,597982,0
2014-08-20,22.43,22.84,22.26,22.69,787497,0
2014-08-21,22.69,22.8,21.92,22.02,778194,0
2014-08-22,22.03,22.28,21.84,22.17,582731,0
2014-08-25,22.53,23.24,22.16,23.15,805301,0
2014-08-26,23.2,24.4,23.13,23.81,1161602,0
2014-08-27,23.89,24.2,23.47,23.58,683446,0
2014-08-28,23.41,24.02,23.33,23.61,560211,0
2014-08-29,23.64,24.14,23.58,23.98,636507,0
2014-09-02,26.76,27.12,25.2,26.61,5953826,0
2014-09-03,26.72,27.67,26.5,26.9,2482463,0
2014-09-04,27.0,27.28,26.64,26.69,1392528,0
2014-09-05,26.74,27.18,26.22,26.96,1217720,0
2014-09-08,26.97,28.48,26.92,27.93,2149861,0
2014-09-09,27.9,27.9,26.85,26.98,1040898,0
2014-09-10,27.07,27.55,26.89,27.31,976608,0
2014-09-11,27.15,27.59,27.04,27.47,816579,0
2014-09-12,29.16,29.31,28.1,28.24,3598289,0
2014-09-15,28.52,28.72,26.16,26.79,2215977,0
2014-09-16,26.75,27.21,26.42,27.04,1034969,0
2014-09-17,27.09,27.78,27.09,27.45,984516,0
2014-09-18,27.56,27.69,26.924,27.57,828744,0
2014-09-19,27.72,27.75,26.36,26.64,1948911,0
2014-09-22,26.42,26.54,25.61,26.15,1028555,0
2014-09-23,25.94,26.58,25.75,26.0,845965,0
2014-09-24,26.1,27.2,26.1,26.83,812425,0
2014-09-25,26.71,26.99,25.56,25.71,1312442,0
2014-09-26,25.96,26.16,25.69,25.89,754235,0
2014-09-29,25.29,26.21,25.14,25.67,1000578,0
2014-09-30,25.71,25.78,24.46,24.76,1344219,0
2014-10-01,24.72,24.76,24.01,24.46,1253564,0
2014-10-02,24.42,25.37,24.05,25.15,1171736,0
2014-10-03,25.52,25.93,25.02,25.47,999428,0
2014-10-06,25.49,25.68,24.51,24.88,731116,0
2014-10-07,24.62,24.73,23.76,23.98,1172848,0
2014-10-08,23.93,25.58,23.81,25.25,1660324,0
2014-10-09,25.24,25.42,23.81,24.16,1152919,0
2014-10-10,23.82,24.69,23.17,23.4,951429,0
2014-10-13,23.57,24.09,22.04,22.98,1360576,0
2014-10-14,23.42,23.9,22.54,22.88,1708147,0
2014-10-15,22.34,25.22,22.25,25.11,2055018,0
2014-10-16,25.18,25.77,24.04,25.29,1555804,0
2014-10-17,25.95,26.87,25.7,26.06,1592142,0
2014-10-20,25.93,26.83,25.84,26.58,893272,0
2014-10-21,26.88,26.99,26.19,26.77,929693,0
2014-10-22,26.82,27.14,25.87,25.92,1035321,0
2014-10-23,26.25,26.59,25.9,26.25,782742,0
2014-10-24,26.23,26.95,26.055,26.92,1007772,0
2014-10-27,26.65,27.32,26.347,27.04,741631,0
2014-10-28,27.29,28.03,27.23,27.89,1041403,0
2014-10-29,27.89,28.08,27.29,27.63,884350,0
2014-10-30,27.51,28.64,27.42,28.05,1285033,0
2014-10-31,28.75,28.95,27.68,27.7,1286828,0
2014-11-03,27.68,28.12,27.32,27.9,1192815,0
2014-11-04,27.67,28.06,27.37,27.66,877641,0
2014-11-05,28.05,28.05,27.05,27.19,871472,0
2014-11-06,27.36,27.96,27.28,27.94,551740,0
2014-11-07,27.87,27.99,27.03,27.69,984771,0
2014-11-10,27.6,28.48,27.4,28.21,1117664,0
2014-11-11,26.57,28.19,26.57,27.5,1555283,0
2014-11-12,27.38,27.471,27.0,27.27,1367940,0
2014-11-13,27.0,28.3,27.0,27.9,1650481,0
2014-11-14,27.9,27.9,26.7,27.14,1032737,0
2014-11-17,27.04,27.79,26.774,27.08,603017,0
2014-11-18,27.14,28.4,27.11,27.79,847350,0
2014-11-19,27.64,27.87,27.3,27.33,619172,0
2014-11-20,27.26,28.25,27.24,27.74,854035,0
2014-11-21,28.77,29.55,28.23,28.43,2205700,0
2014-11-24,28.7,29.73,28.68,29.53,1390020,0
2014-11-25,29.623,29.8,29.07,29.53,842128,0
2014-11-26,29.66,30.2,29.31,29.95,1124904,0
2014-11-28,30.14,30.87,29.57,29.87,837548,0
2014-12-01,29.75,29.75,28.6,28.68,1307577,0
2014-12-02,29.18,30.45,29.18,30.11,1529580,0
2014-12-03,30.17,30.57,29.58,30.41,940133,0
2014-12-04,30.35,30.63,30.02,30.46,852268,0
2014-12-05,30.47,31.16,30.33,31.16,1169801,0
2014-12-08,31.24,32.72,31.22,32.19,2110220,0
2014-12-09,31.84,33.1,31.4,32.78,1707711,0
2014-12-10,32.78,33.43,32.15,32.3,1407017,0
2014-12-11,32.64,33.34,32.46,32.63,1202900,0
2014-12-12,32.12,33.11,32.0,32.525,1093307,0
2014-12-15,32.86,32.86,30.25,30.34,2247073,0
2014-12-16,29.0,30.97,29.0,30.02,1222991,0
2014-12-17,30.07,31.56,29.81,31.5,1153546,0
2014-12-18,32.15,33.02,31.75,32.845,1341537,0
2014-12-19,32.86,33.49,32.54,32.98,2097764,0
2014-12-22,32.85,32.89,31.77,32.24,1283706,0
2014-12-23,32.32,32.54,29.41,30.17,2103973,0
2014-12-24,30.15,31.5,30.01,30.95,675954,0
2014-12-26,31.23,32.05,31.123,31.73,627891,0
2014-12-29,31.7,32.18,31.61,31.96,623970,0
2014-12-30,31.81,32.24,31.57,31.69,686550,0
2014-12-31,31.78,32.7,31.693,31.75,848813,0
2015-01-02,32.17,32.75,31.1,31.15,1261212,0
2015-01-05,31.014,31.59,30.582,31.1,1016760,0
2015-01-06,31.32,31.49,30.84,30.98,1541290,0
2015-01-07,31.34,32.16,31.2,32.16,1572431,0
2015-01-08,32.41,32.62,32.01,32.5,1054085,0
2015-01-09,32.5,33.73,31.86,33.37,1601742,0
2015-01-12,33.69,34.64,33.55,34.25,1699274,0
2015-01-13,34.76,35.01,33.95,34.46,2353114,0
2015-01-14,33.96,34.356,33.58,33.76,1354072,0
2015-01-15,33.89,34.14,32.16,32.17,1744656,0
2015-01-16,32.07,32.898,31.5,32.68,1038115,0
2015-01-20,32.83,33.225,31.33,33.11,1497226,0
2015-01-21,32.51,33.21,31.85,32.48,1179512,0
2015-01-22,32.56,32.73,31.4,32.57,1112856,0
2015-01-23,32.43,32.45,31.305,31.88,1590235,0
2015-01-26,31.92,32.615,31.63,32.28,1581115,0
2015-01-27,31.62,32.165,31.61,31.7,1647464,0
2015-01-28,32.66,32.69,30.84,31.22,2728288,0
2015-01-29,31.42,31.51,30.26,31.05,1244234,0
2015-01-30,30.61,31.73,30.36,30.43,1129749,0
2015-02-02,31.5,31.85,30.4,31.105,1312352,0
2015-02-03,31.12,31.79,30.26,31.76,1527630,0
2015-02-04,31.51,31.74,30.32,31.36,1497726,0
2015-02-05,31.54,32.53,31.14,32.51,1042678,0
2015-02-06,33.01,33.61,32.179,32.48,1217820,0
2015-02-09,32.06,32.74,31.937,32.12,847706,0
2015-02-10,32.49,33.65,32.2,33.47,1043861,0
2015-02-11,33.64,34.32,33.0,33.33,850693,0
2015-02-12,33.59,33.93,33.05,33.84,836477,0
2015-02-13,33.98,34.24,33.321,34.21,774739,0
2015-02-17,34.2,35.39,34.14,35.03,1649581,0
2015-02-18,35.0,35.78,34.67,35.72,1434153,0
2015-02-19,35.67,37.21,35.67,36.795,1511099,0
2015-02-20,36.9,37.97,36.8,37.45,1217270,0
2015-02-23,37.51,38.34,37.28,37.62,1498099,0
2015-02-24,38.29,38.43,36.64,37.44,1518779,0
2015-02-25,37.4,37.88,36.8,37.4,1056382,0
2015-02-26,37.48,38.0,36.73,37.78,1040114,0
2015-02-27,37.06,38.48,36.87,37.97,1406121,0
2015-03-02,38.25,38.5,37.82,38.23,1645900,0
2015-03-03,38.22,38.54,37.94,38.14,861500,0
2015-03-04,37.88,38.27,37.26,38.14,1167600,0
2015-03-05,38.33,40.25,38.31,39.26,1910300,0
2015-03-06,39.0,39.7,38.82,38.94,1322600,0
2015-03-09,39.06,39.3,38.2,38.93,1204500,0
2015-03-10,38.66,46.48,38.35,45.88,8234400,0
2015-03-11,45.75,45.86,42.29,44.76,8625200,0
2015-03-12,34.6,36.73,33.33,34.56,15280900,0
2015-03-13,34.75,35.66,33.83,33.905,3721600,0
2015-03-16,33.9,35.2,32.8,35.18,5047100,0
2015-03-17,34.71,35.47,34.01,34.31,1985600,0
2015-03-18,33.81,34.64,33.47,34.46,1869500,0
2015-03-19,34.43,35.45,34.08,34.99,2196600,0
2015-03-20,35.24,35.75,33.95,34.45,2359900,0
2015-03-23,34.1,34.29,33.29,33.99,1570400,0
2015-03-24,33.97,34.5,33.3,33.65,1387000,0
2015-03-25,33.82,34.0,30.27,31.2,4134300,0
2015-03-26,30.52,31.24,29.45,30.37,3248100,0
2015-03-27,30.41,32.12,30.41,31.96,2174100,0
2015-03-30,32.06,33.38,32.01,33.35,2483200,0
2015-03-31,32.85,33.4,32.5,32.59,1512321,0
2015-04-01,32.68,32.68,31.16,32.04,1727100,0
2015-04-02,31.87,32.18,31.37,31.49,1233600,0
2015-04-06,31.0,32.55,31.0,31.96,1329000,0
2015-04-07,32.09,33.6,32.04,32.84,1428447,0
2015-04-08,32.9,34.35,32.81,34.17,1641800,0
2015-04-09,34.09,35.37,34.0,35.11,2044962,0
2015-04-10,35.39,37.93,34.72,37.53,3398800,0
2015-04-13,37.43,38.43,37.05,37.46,1684500,0
2015-04-14,37.5,38.0,36.52,36.81,1269300,0
2015-04-15,37.49,38.13,37.02,37.5,1721001,0
2015-04-16,38.49,38.68,37.639,38.67,2432135,0
2015-04-17,38.05,39.33,37.88,38.03,1755300,0
2015-04-20,38.53,38.77,37.62,38.12,1184239,0
2015-04-21,38.37,39.07,38.11,38.75,1017003,0
2015-04-22,39.05,39.46,38.36,38.55,1484496,0
2015-04-23,38.44,39.46,38.25,38.9,1478700,0
2015-04-24,38.79,39.0,38.02,38.36,1214754,0
2015-04-27,38.34,38.79,35.72,36.04,2107800,0
2015-04-28,36.23,37.0,34.78,36.02,1585024,0
2015-04-29,35.86,36.61,35.36,35.86,1161100,0
2015-04-30,35.68,36.35,33.43,34.17,2227200,0
2015-05-01,34.26,35.74,34.24,35.67,1345400,0
2015-05-04,35.59,37.19,35.54,36.56,1538700,0
2015-05-05,36.3,36.48,35.4,35.69,1097300,0
2015-05-06,36.4,37.37,36.16,36.77,1411424,0
2015-05-07,36.65,37.35,36.08,36.56,1110768,0
2015-05-08,37.27,38.49,36.6,37.94,1352000,0
2015-05-11,38.01,38.64,37.81,38.37,731000,0
2015-05-12,38.01,39.15,37.73,38.86,940542,0
2015-05-13,38.88,39.38,38.39,38.92,905144,0
2015-05-14,39.02,39.64,38.56,39.05,1163100,0
2015-05-15,38.97,39.41,38.67,39.17,712578,0
2015-05-18,39.01,40.69,38.85,40.31,1485671,0
2015-05-19,40.39,40.83,39.87,40.24,934430,0
2015-05-20,40.23,40.3,39.43,39.83,1446357,0
2015-05-21,39.69,40.44,39.69,40.22,1134700,0
2015-05-22,40.29,40.8,40.19,40.55,802600,0
2015-05-26,40.47,40.99,39.74,40.1,1047092,0
2015-05-27,40.13,40.87,39.51,40.82,904200,0
2015-05-28,40.67,40.79,39.55,40.19,837458,0
2015-05-29,40.18,41.84,40.16,41.2,1255900,0
2015-06-01,41.4,41.68,40.516,41.29,794937,0
2015-06-02,41.13,42.13,40.75,41.55,678721,0
2015-06-03,41.96,42.09,41.28,41.7,776800,0
2015-06-04,41.51,41.87,40.45,41.14,712800,0
2015-06-05,41.14,42.38,40.82,42.16,803200,0
2015-06-08,42.16,42.44,40.83,40.89,1167800,0
2015-06-09,40.64,40.95,38.6,39.13,1492489,0
2015-06-10,39.36,39.55,38.17,39.19,1388595,0
2015-06-11,39.39,39.8,39.14,39.78,790685,0
2015-06-12,39.55,39.92,39.23,39.4,534400,0
2015-06-15,39.24,39.53,38.8,39.06,706500,0
2015-06-16,40.11,40.81,39.47,39.56,1025000,0
2015-06-17,39.6,40.76,39.56,40.16,924600,0
2015-06-18,40.16,41.96,40.15,41.57,1377700,0
2015-06-19,41.69,42.03,41.07,41.75,1084100,0
2015-06-22,42.11,42.61,41.62,42.58,803300,0
2015-06-23,43.0,43.0,42.29,42.92,643288,0
2015-06-24,42.9,43.24,42.38,42.7,922400,0
2015-06-25,43.04,43.15,42.4,42.76,618400,0
2015-06-26,42.97,43.0,41.47,41.93,1047700,0
2015-06-29,41.26,42.0,39.83,39.86,1109000,0
2015-06-30,40.57,42.02,40.54,41.88,1097832,0
2015-07-01,42.42,42.48,41.22,41.67,775200,0
2015-07-02,41.95,42.02,41.16,41.69,433900,0
2015-07-06,41.3,42.0,40.77,41.57,750600,0
2015-07-07,41.6,42.0,40.64,41.98,594500,0
2015-07-08,41.62,41.85,40.16,40.59,828400,0
2015-07-09,41.02,42.43,40.76,42.18,908400,0
2015-07-10,42.8,44.09,42.29,43.94,1228700,0
2015-07-13,44.45,45.1,44.0,44.79,989300,0
2015-07-14,44.98,49.24,44.85,48.69,2393425,0
2015-07-15,49.18,51.99,47.74,48.91,2723876,0
2015-07-16,49.69,50.34,49.01,49.99,1394200,0
2015-07-17,50.2,50.56,49.43,50.1,1008300,0
2015-07-20,50.76,51.24,49.7,49.79,992200,0
2015-07-21,49.6,50.0,48.1,48.9,1024100,0
2015-07-22,48.27,49.81,47.75,49.76,758300,0
2015-07-23,49.79,49.85,48.77,49.32,684100,0
2015-07-24,48.78,50.4,48.4,48.75,1182400,0
2015-07-27,48.27,48.67,47.29,47.56,1290300,0
2015-07-28,48.07,49.67,47.79,49.3,1161100,0
2015-07-29,49.35,49.82,47.91,48.6,1130700,0
2015-07-30,48.6,48.83,47.01,47.82,1054100,0
2015-07-31,48.25,49.7,47.76,48.81,697400,0
2015-08-03,48.8,49.24,47.35,48.19,629604,0
2015-08-04,48.35,48.5,47.32,47.7,682500,0
2015-08-05,48.28,48.58,47.02,47.6,1037900,0
2015-08-06,47.91,47.96,42.76,45.15,2130855,0
2015-08-07,43.02,43.42,37.27,39.14,4794800,0
2015-08-10,39.15,39.8,38.31,39.43,1865000,0
2015-08-11,38.64,39.93,37.38,38.05,1558789,0
2015-08-12,37.4,39.7,36.52,39.31,1747600,0
2015-08-13,39.22,40.0,37.69,38.0,929200,0
2015-08-14,37.91,38.18,36.61,37.88,916800,0
2015-08-17,37.47,39.48,37.0,39.44,1027100,0
2015-08-18,39.07,39.35,38.38,38.8,987300,0
2015-08-19,38.8,38.91,37.49,38.14,743100,0
2015-08-20,37.03,38.0,35.96,35.99,1259000,0
2015-08-21,34.87,36.54,34.37,35.65,1431200,0
2015-08-24,33.65,35.83,32.23,33.6,1480614,0
2015-08-25,35.45,35.74,34.02,34.14,1219300,0
2015-08-26,35.36,36.45,33.78,36.38,1105400,0
2015-08-27,38.5,38.87,36.87,37.91,1360800,0
2015-08-28,37.53,38.41,37.02,38.17,777300,0
2015-08-31,37.66,39.1,36.55,36.63,876600,0
2015-09-01,35.84,37.19,35.5,35.91,865800,0
2015-09-02,36.58,38.11,35.85,38.07,993500,0
2015-09-03,42.18,43.5,38.4,39.13,3619000,0
2015-09-04,38.77,40.95,37.95,39.46,1511900,0
2015-09-08,40.39,41.92,39.5,41.79,1255100,0
2015-09-09,42.56,42.71,40.07,40.23,1021300,0
2015-09-10,40.31,41.4,40.03,41.17,753844,0
2015-09-11,41.06,41.72,40.4,41.69,1323700,0
2015-09-14,41.91,42.79,40.79,42.33,1117100,0
2015-09-15,42.59,42.71,41.69,42.21,964100,0
2015-09-16,42.45,42.99,41.44,42.66,864000,0
2015-09-17,42.48,43.6,42.19,43.16,1256365,0
2015-09-18,42.68,43.6,42.26,43.33,1429900,0
2015-09-21,43.89,43.89,38.78,39.09,1997100,0
2015-09-22,38.54,39.52,37.44,38.12,1216500,0
2015-09-23,38.37,38.904,36.88,37.85,1068674,0
2015-09-24,37.51,37.71,35.96,36.96,1326928,0
2015-09-25,37.69,37.74,33.42,34.15,1830700,0
2015-09-28,33.97,34.13,30.41,31.83,2086222,0
2015-09-29,31.95,33.21,30.03,30.61,1750700,0
2015-09-30,31.25,33.41,31.25,33.07,1765700,0
2015-10-01,32.86,33.38,31.66,33.2,1244900,0
2015-10-02,32.69,35.24,32.13,35.12,1880400,0
2015-10-05,35.55,36.45,34.08,34.47,1377285,0
2015-10-06,34.13,34.53,31.28,32.36,1213900,0
2015-10-07,32.57,33.59,31.35,32.78,1330715,0
2015-10-08,32.52,32.64,30.51,32.08,1148100,0
2015-10-09,32.21,33.14,31.34,32.43,852400,0
2015-10-12,32.74,33.075,31.44,32.81,842245,0
2015-10-13,32.46,33.68,31.77,31.83,883500,0
2015-10-14,32.0,33.19,31.48,32.08,1043000,0
2015-10-15,31.97,34.4,31.61,34.35,1513900,0
2015-10-16,34.48,35.21,33.06,33.69,1139800,0
2015-10-19,33.64,35.14,32.78,33.97,898606,0
2015-10-20,33.79,33.93,32.07,32.35,884000,0
2015-10-21,32.87,33.09,30.58,32.22,1009200,0
2015-10-22,32.48,33.09,31.16,32.55,1169700,0
2015-10-23,32.95,34.3,32.72,33.8,1087000,0
2015-10-26,33.66,34.62,32.9,33.46,991500,0
2015-10-27,33.22,34.17,33.03,34.09,957800,0
2015-10-28,34.17,36.49,33.05,36.44,1128100,0
2015-10-29,36.48,38.05,35.82,35.97,1307500,0
2015-10-30,35.93,36.85,34.72,34.82,1072200,0
2015-11-02,37.09,40.84,36.34,40.18,3753166,0
2015-11-03,40.12,43.065,39.423,42.28,2641546,0
2015-11-04,42.25,43.3,41.6,42.29,1751005,0
2015-11-05,42.07,42.41,40.33,41.54,1410500,0
2015-11-06,41.15,41.73,34.97,36.75,4266000,0
2015-11-09,36.54,36.8,35.02,35.21,2223724,0
2015-11-10,35.0,36.18,34.82,35.97,1256700,0
2015-11-11,36.22,36.89,35.61,35.66,889800,0
2015-11-12,35.22,36.38,34.87,34.97,858000,0
2015-11-13,34.88,35.96,34.51,35.05,1110900,0
2015-11-16,34.79,35.47,33.7,34.89,997300,0
2015-11-17,35.09,35.4,34.25,34.57,1122700,0
2015-11-18,34.64,36.33,34.33,36.31,1190300,0
2015-11-19,36.39,36.98,35.59,35.87,832500,0
2015-11-20,36.05,36.76,35.77,36.0,707800,0
2015-11-23,35.78,37.56,35.78,37.07,891400,0
2015-11-24,36.91,37.93,36.51,37.62,968900,0
2015-11-25,37.51,39.15,37.51,38.28,1144900,0
2015-11-27,38.51,39.36,38.33,39.2,577300,0
2015-11-30,39.25,39.41,37.77,37.95,966200,0
2015-12-01,38.3,38.3,36.3,37.51,799356,0
2015-12-02,37.5,38.55,37.21,37.48,954555,0
2015-12-03,37.64,37.64,34.84,35.24,1050015,0
2015-12-04,35.29,36.28,34.57,36.15,934200,0
2015-12-07,36.0,36.06,34.28,34.43,943500,0
2015-12-08,34.03,35.48,33.36,35.28,787494,0
2015-12-09,35.02,35.27,34.11,34.29,674900,0
2015-12-10,34.28,35.05,33.99,34.65,635900,0
2015-12-11,33.92,34.8,32.38,32.5,959500,0
2015-12-14,32.46,33.97,32.33,33.48,1284979,0
2015-12-15,34.82,37.9,34.24,34.6,2291800,0
2015-12-16,35.04,35.98,33.99,35.97,1259500,0
2015-12-17,36.08,36.15,34.44,34.48,890800,0
2015-12-18,34.34,35.12,33.7,33.7,2204800,0
2015-12-21,34.04,34.33,33.21,33.68,755700,0
2015-12-22,33.7,34.39,33.32,34.27,781903,0
2015-12-23,34.51,34.99,34.04,34.91,690700,0
2015-12-24,34.89,35.31,34.89,35.06,356863,0
2015-12-28,35.0,35.31,34.48,35.1,708644,0
2015-12-29,35.46,36.37,35.3,36.05,807804,0
2015-12-30,36.0,36.48,35.82,35.89,380419,0
2015-12-31,35.61,36.35,35.26,35.66,417958,0
2016-01-04,34.84,35.2,34.02,34.62,970393,0
2016-01-05,34.69,34.81,33.936,34.46,881778,0
2016-01-06,32.5,32.5,28.52,29.24,4169213,0
2016-01-07,28.35,29.03,27.51,28.73,5090537,0
2016-01-08,29.0,29.33,27.98,28.04,1540247,0
2016-01-11,28.46,28.8,26.1,27.11,1964535,0
2016-01-12,27.5,28.5193,25.69,27.04,1689311,0
2016-01-13,27.43,27.43,22.74,23.13,3479075,0
2016-01-14,23.24,24.7199,20.42,23.94,3999184,0
2016-01-15,22.88,23.86,22.41,23.78,2191064,0
2016-01-19,24.49,24.97,22.07,22.66,2950100,0
2016-01-20,22.22,24.3399,20.8001,23.78,2220069,0
2016-01-21,23.82,24.65,22.53,22.66,1711225,0
2016-01-22,24.1,25.08,23.96,24.52,2654909,0
2016-01-25,24.11,25.26,24.08,24.16,1268641,0
2016-01-26,24.25,24.75,22.53,23.72,1547696,0
2016-01-27,23.62,24.3,21.73,21.96,1914128,0
2016-01-28,22.38,22.42,19.95,20.52,2778171,0
2016-01-29,20.38,21.58,19.2056,20.71,3818661,0
2016-02-01,21.47,21.79,20.13,20.86,2438896,0
2016-02-02,20.42,20.66,18.9,19.04,2112645,0
2016-02-03,19.22,19.42,17.52,18.89,2744072,0
2016-02-04,18.8,20.75,18.6,20.29,2667539,0
2016-02-05,19.9,20.6199,19.23,19.36,2443171,0
2016-02-08,19.09,19.14,17.4,17.74,2103411,0
2016-02-09,17.38,19.29,16.64,18.48,1943482,0
2016-02-10,18.6,19.6499,18.08,18.23,1371416,0
2016-02-11,17.85,17.86,16.65,17.55,1964167,0
2016-02-12,18.1,18.49,17.28,18.26,2248439,0
2016-02-16,18.7,19.15,18.25,18.82,2001714,0
2016-02-17,18.93,20.65,18.69,20.62,2392780,0
2016-02-18,20.81,21.04,19.15,19.22,1730456,0
2016-02-19,19.13,19.87,18.64,19.76,1514303,0
2016-02-22,20.35,20.5,19.61,20.12,1552680,0
2016-02-23,19.92,20.93,19.17,19.19,1303506,0
2016-02-24,18.93,19.15,17.6,19.12,1694465,0
2016-02-25,19.14,19.76,18.141,18.48,1464421,0
2016-02-26,18.72,18.96,18.22,18.73,1597746,0
2016-02-29,18.71,19.24,17.25,17.26,2013193,0
2016-03-01,17.5,19.18,17.02,19.15,2546254,0
2016-03-02,19.21,21.14,18.85,20.36,2251344,0
2016-03-03,20.48,21.46,20.0201,21.46,2400796,0
2016-03-04,21.53,22.09,20.56,21.2,2006324,0
2016-03-07,21.04,22.265,20.6,21.76,1913337,0
2016-03-08,21.53,21.99,19.55,19.6,1778874,0
2016-03-09,19.79,19.87,18.65,19.35,1820449,0
2016-03-10,19.61,20.06,18.6,19.26,1573677,0
2016-03-11,19.48,20.22,19.13,20.19,1582503,0
2016-03-14,20.18,20.53,19.8,20.32,1951119,0
2016-03-15,20.14,20.69,19.45,19.65,1644446,0
2016-03-16,19.5,20.07,18.9,19.39,1664292,0
2016-03-17,19.23,19.85,18.4,19.53,1974878,0
2016-03-18,19.57,19.88,18.99,19.79,3040513,0
2016-03-21,19.73,21.8,19.68,21.53,2925808,0
2016-03-22,21.23,22.86,21.2,22.64,3147496,0
2016-03-23,22.61,23.3,20.03,20.25,4008521,0
2016-03-24,20.28,21.04,19.32,20.31,2319031,0
2016-03-28,24.48,25.49,23.55,23.81,13347841,0
2016-03-30,28.57,28.85,25.33,26.01,17539059,0
2016-03-31,25.97,28.5,25.53,27.96,7935534,0
2016-04-01,27.87,29.03,27.46,28.66,5745984,0
2016-04-04,29.55,31.79,29.01,30.06,6801932,0
2016-04-05,29.95,31.27,29.54,29.9,2980527,0
2016-04-06,30.39,32.89,30.043,32.86,4554829,0
2016-04-07,32.7,34.06,31.8,32.26,3580211,0
2016-04-08,32.9,33.1,31.29,31.78,2141925,0
2016-04-11,32.18,32.3,30.9,31.11,2141380,0
2016-04-12,31.07,32.34,30.43,32.24,2483976,0
2016-04-13,32.56,33.31,31.82,33.22,2466098,0
2016-04-14,33.34,35.14,33.24,33.79,3481413,0
2016-04-15,33.68,33.97,32.92,33.52,3477677,0
2016-04-18,33.42,33.86,32.85,33.47,2079555,0
2016-04-19,33.5,34.43,33.1501,33.66,2181652,0
2016-04-20,33.7,34.28,32.95,33.35,1657148,0
2016-04-21,33.35,34.22,33.0,33.69,2039574,0
2016-04-22,33.6,34.19,32.35,34.02,2127010,0
2016-04-25,33.94,35.18,33.75,34.18,1800287,0
2016-04-26,34.17,34.5,31.77,32.62,2645670,0
2016-04-27,32.18,33.05,31.0,32.63,2419924,0
2016-04-28,32.48,33.5699,32.08,32.4,1838455,0
2016-04-29,33.04,33.15,31.74,32.3,1915177,0
2016-05-02,34.16,34.25,30.58,33.0,8017652,0
2016-05-03,31.81,32.206,29.75,30.0,3969423,0
2016-05-04,29.03,29.65,27.19,27.53,4284314,0
2016-05-05,27.89,27.95,26.56,27.06,3211587,0
2016-05-06,28.03,28.5,26.5,27.65,2732644,0
2016-05-09,27.66,29.51,27.25,29.25,2635749,0
2016-05-10,29.56,29.94,28.46,29.81,1810125,0
2016-05-11,29.55,30.29,28.41,28.49,1927424,0
2016-05-12,28.7,28.82,27.17,27.81,1759948,0
2016-05-13,27.63,28.8,27.63,28.11,1404941,0
2016-05-16,28.16,30.18,28.16,30.03,2260633,0
2016-05-17,29.93,32.72,29.9,31.72,3819650,0
2016-05-18,31.44,32.95,31.44,32.51,2939824,0
2016-05-19,32.27,33.48,32.0,32.84,2038425,0
2016-05-20,32.98,34.1336,32.88,34.04,2830790,0
2016-05-23,33.98,34.8,33.56,34.25,1887817,0
2016-05-24,34.53,35.43,34.26,34.9,2134397,0
2016-05-25,35.28,35.7,34.47,35.27,2463710,0
2016-05-26,35.05,35.22,34.35,34.9,1496591,0
2016-05-27,34.9,35.62,34.36,35.61,1352118,0
2016-05-31,36.21,36.4,35.225,35.43,2585313,0
2016-06-01,35.83,35.89,35.08,35.51,1517327,0
2016-06-02,35.4,36.88,35.4,36.81,2473365,0
2016-06-03,36.77,36.83,34.63,36.07,2552872,0
2016-06-06,36.94,40.73,36.48,40.68,5337188,0
2016-06-07,40.68,41.375,39.5,40.58,2369956,0
2016-06-08,40.8,42.29,40.5,41.55,2171415,0
2016-06-09,41.33,42.49,40.08,40.21,2493205,0
2016-06-10,39.49,39.67,38.2,39.61,2423055,0
2016-06-13,39.13,39.419,37.28,38.1,2847765,0
2016-06-14,37.84,39.4492,37.3031,39.21,1944154,0
2016-06-15,39.3,39.4899,38.13,38.17,1878423,0
2016-06-16,37.9,38.5125,37.15,38.35,1530177,0
2016-06-17,38.53,38.69,37.34,37.41,2629582,0
2016-06-20,38.28,38.402,37.26,37.4,1690490,0
2016-06-21,37.5,37.52,34.32,35.01,3134668,0
2016-06-22,33.89,35.26,32.79,33.51,3044499,0
2016-06-23,33.5,33.96,32.52,33.49,2281538,0
2016-06-24,30.88,32.9,30.09,31.43,6550369,0
2016-06-27,31.03,31.625,29.45,30.3,2528810,0
2016-06-28,30.98,31.87,30.6842,31.65,1777810,0
2016-06-29,32.04,32.72,31.61,32.37,1637411,0
2016-06-30,31.21,32.849,31.21,32.46,1489077,0
2016-07-01,32.32,34.38,32.28,34.25,1700524,0
2016-07-05,33.9,33.9,32.1986,32.64,1795398,0
2016-07-06,32.32,33.64,32.14,33.61,1112133,0
2016-07-07,33.72,34.34,32.9495,33.51,991092,0
2016-07-08,33.59,34.84,33.05,34.63,1619379,0
2016-07-11,34.99,35.18,33.87,33.91,1185276,0
2016-07-12,34.37,35.06,34.29,34.68,1021713,0
2016-07-13,35.02,35.02,32.8,32.92,1341840,0
2016-07-14,33.31,33.3814,32.01,32.6,1040532,0
2016-07-15,32.72,33.239,32.36,33.0,926703,0
2016-07-18,33.0,33.71,32.77,33.25,1184024,0
2016-07-19,33.16,33.29,32.6,32.74,756635,0
2016-07-20,33.18,35.65,33.13,34.65,3141175,0
2016-07-21,35.6,37.65,35.46,36.06,2894933,0
2016-07-22,36.35,37.06,35.65,36.55,1381970,0
2016-07-25,36.63,36.75,35.53,36.31,1314443,0
2016-07-26,36.13,37.05,35.58,36.79,1220752,0
2016-07-27,36.92,37.5894,36.72,37.44,1225251,0
2016-07-28,37.41,37.99,36.34,36.74,1193310,0
2016-07-29,36.62,37.2,35.91,37.03,1029302,0
2016-08-01,36.99,37.94,36.65,37.23,1289098,0
2016-08-02,37.0,37.1,35.32,36.59,1484726,0
2016-08-03,36.44,37.38,36.0,37.17,1212324,0
2016-08-04,37.12,38.08,36.3199,36.48,1672115,0
2016-08-05,35.55,37.11,34.56,36.49,2755680,0
2016-08-08,36.39,36.7,34.95,35.23,1900713,0
2016-08-09,33.7,34.45,32.5,33.335,4107806,0
2016-08-10,34.08,34.17,31.0,31.08,6306240,0
2016-08-11,31.3,32.31,31.01,31.87,1912185,0
2016-08-12,31.71,31.8,31.27,31.37,991931,0
2016-08-15,31.75,33.23,31.7124,32.82,2157102,0
2016-08-16,32.82,33.42,32.3,32.37,1810567,0
2016-08-17,32.49,32.96,32.02,32.56,1165386,0
2016-08-18,32.64,33.55,32.27,33.27,1249699,0
2016-08-19,33.14,33.9,33.03,33.64,1195074,0
2016-08-22,34.32,34.85,33.91,34.32,1835102,0
2016-08-23,34.6,34.675,34.024,34.36,1123352,0
2016-08-24,34.36,35.34,32.33,32.46,2051181,0
2016-08-25,32.74,33.82,31.66,32.3,1519682,0
2016-08-26,32.37,33.27,32.17,32.86,1296054,0
2016-08-29,32.86,32.99,32.14,32.62,1302041,0
2016-08-30,32.7,33.18,32.16,32.54,1214594,0
2016-08-31,32.45,32.8171,31.85,32.13,1135066,0
2016-09-01,32.19,32.69,31.525,32.1,1307535,0
2016-09-02,32.2,32.4,31.02,31.59,1388191,0
2016-09-06,31.79,31.9182,30.96,31.41,1460481,0
2016-09-07,31.39,32.0,30.68,31.99,1664811,0
2016-09-08,31.77,33.42,31.55,33.09,1601724,0
2016-09-09,32.55,32.68,30.86,30.87,1845492,0
2016-09-12,30.56,32.57,30.5,32.47,1306206,0
2016-09-13,32.0,32.47,31.33,32.07,1084145,0
2016-09-14,31.81,34.34,31.81,33.41,2071238,0
2016-09-15,33.43,34.35,32.77,34.17,1148382,0
2016-09-16,33.73,34.35,33.53,34.15,1989709,0
2016-09-19,34.3,35.21,33.98,34.82,1932026,0
2016-09-20,35.0,36.59,34.61,35.98,3228788,0
2016-09-21,36.2,36.59,34.47,35.62,2531825,0
2016-09-22,35.81,36.0,34.55,34.98,1785126,0
2016-09-23,34.79,35.51,34.26,34.98,1269692,0
2016-09-26,34.18,34.9297,33.86,34.3,1106667,0
2016-09-27,34.15,35.57,34.0,35.23,1167461,0
2016-09-28,34.95,35.0,33.25,33.68,3067224,0
2016-09-29,33.5,33.8897,31.9201,32.64,2805860,0
2016-09-30,32.71,32.77,31.25,31.81,2109292,0
2016-10-03,31.6,31.7,30.4,30.71,2492236,0
2016-10-04,30.69,30.93,28.4,29.1,4939912,0
2016-10-05,28.98,29.47,28.61,28.81,1801321,0
2016-10-06,28.51,28.71,27.36,27.39,2669755,0
2016-10-07,27.94,27.94,26.435,26.86,3331555,0
2016-10-10,27.03,27.42,26.89,27.21,1581794,0
2016-10-11,27.04,27.97,26.35,26.88,2573035,0
2016-10-12,26.79,27.11,25.37,25.78,2329943,0
2016-10-13,25.08,26.15,25.031,25.19,2242626,0
2016-10-14,25.51,25.79,23.58,23.67,3531582,0
2016-10-17,23.77,24.97,23.5,24.325,2517449,0
2016-10-18,24.72,25.14,24.03,24.33,1797966,0
2016-10-19,24.18,24.29,23.1801,23.41,2061695,0
2016-10-20,23.35,24.1,23.27,23.95,1741840,0
2016-10-21,23.87,25.88,23.53,25.34,6419390,0
2016-10-24,25.67,25.79,23.71,23.72,4079791,0
2016-10-25,23.62,24.27,23.32,23.61,1834829,0
2016-10-26,23.6,24.265,22.89,23.18,1944512,0
2016-10-27,23.4,23.75,22.42,22.56,2435791,0
2016-10-28,22.54,22.75,21.78,22.57,1988034,0
2016-10-31,22.83,23.3825,22.22,23.31,2154676,0
2016-11-01,23.36,23.5,22.24,22.93,2184116,0
2016-11-02,22.79,23.25,21.87,22.0,2022158,0
2016-11-03,22.18,22.32,20.68,20.87,2950279,0
2016-11-04,20.93,22.16,20.9,21.69,1625631,0
2016-11-07,22.33,23.189,21.925,22.99,2804251,0
2016-11-08,25.96,27.68,24.91,26.84,8489778,0
2016-11-09,28.09,29.2,27.37,28.87,5612658,0
2016-11-10,29.71,30.2299,28.7287,29.74,3915568,0
2016-11-11,29.0,29.93,28.33,28.81,2553477,0
2016-11-14,29.0,29.27,27.6,29.06,2294160,0
2016-11-15,28.88,28.88,27.75,28.47,1832104,0
2016-11-16,28.76,29.97,27.91,28.5699,1905909,0
2016-11-17,28.72,29.39,28.31,29.1,1241808,0
2016-11-18,29.3,30.0,29.25,29.53,1882430,0
2016-11-21,29.6,29.81,28.15,28.63,2092121,0
2016-11-22,28.75,28.83,26.57,26.72,2386142,0
2016-11-23,25.97,28.28,25.55,28.22,1704737,0
2016-11-25,28.31,28.4,27.14,28.04,709082,0
2016-11-28,27.92,28.0,27.2,27.33,1098734,0
2016-11-29,27.41,28.13,27.03,27.65,1119238,0
2016-11-30,27.74,28.27,26.97,26.99,1450624,0
2016-12-01,27.09,27.48,26.46,26.48,1688895,0
2016-12-02,26.63,27.66,26.0801,27.15,1465330,0
2016-12-05,27.68,28.78,27.3338,27.79,1801173,0
2016-12-06,27.77,28.34,27.17,28.24,975672,0
2016-12-07,27.61,27.8477,26.27,27.08,1918774,0
2016-12-08,26.88,27.47,26.47,27.24,1382210,0
2016-12-09,27.22,27.84,26.61,26.76,1332008,0
2016-12-12,26.6,26.8,25.045,25.28,2031158,0
2016-12-13,25.3,25.64,24.713,24.87,1464237,0
2016-12-14,24.79,25.23,24.31,24.94,1597520,0
2016-12-15,24.96,26.07,24.82,26.01,1813221,0
2016-12-16,25.72,26.51,25.65,25.98,1864916,0
2016-12-19,26.15,26.46,25.3,25.43,1115502,0
2016-12-20,29.26,30.14,27.26,28.57,18313182,0
2016-12-21,28.46,28.95,27.42,27.46,3914633,0
2016-12-22,27.44,28.4,27.09,27.74,1944710,0
2016-12-23,27.63,29.98,27.51,29.75,3396730,0
2016-12-27,30.41,30.98,28.89,28.95,2793696,0
2016-12-28,28.88,29.29,28.42,28.52,1252873,0
2016-12-29,28.47,29.76,28.4,28.79,1620103,0
2016-12-30,28.92,29.66,28.54,28.84,1440668,0
2017-01-03,29.13,29.54,28.53,28.77,1311929,0
2017-01-04,28.91,32.93,28.69,31.94,6984152,0
2017-01-05,32.1,32.39,30.88,31.66,2470448,0
2017-01-06,31.7,32.93,31.7,32.61,2104800,0
2017-01-09,32.98,33.3294,32.35,32.69,1932835,0
2017-01-10,32.56,32.79,31.17,31.47,2500076,0
2017-01-11,31.45,31.68,29.3756,29.87,3208938,0
2017-01-12,29.56,32.05,29.1355,31.78,3153665,0
2017-01-13,31.8,32.35,31.1,31.77,1850634,0
2017-01-17,31.35,31.65,30.0467,31.35,1902871,0
2017-01-18,31.38,32.4,31.26,32.31,1572083,0
2017-01-19,32.21,32.3,31.31,31.43,1223523,0
2017-01-20,31.46,31.65,30.93,31.02,1269614,0
2017-01-23,31.02,31.04,29.8756,30.36,1223896,0
2017-01-24,30.18,30.23,29.12,30.14,1518923,0
2017-01-25,30.14,31.3,30.14,31.13,1607053,0
2017-01-26,31.28,32.1,31.085,31.37,1511072,0
2017-01-27,31.39,31.97,31.0,31.93,1284203,0
2017-01-30,31.46,32.67,31.43,32.6,1718573,0
2017-01-31,32.37,34.8546,31.82,34.59,3297184,0
2017-02-01,34.65,35.38,34.06,34.49,2673112,0
2017-02-02,34.57,35.35,34.16,35.23,1320994,0
2017-02-03,35.55,38.25,34.9,36.61,7113624,0
2017-02-06,36.32,37.95,35.8228,37.85,2815248,0
2017-02-07,37.97,38.67,37.6497,38.19,2804582,0
2017-02-08,37.89,38.72,37.37,38.54,2246404,0
2017-02-09,38.84,39.04,37.86,37.95,1671359,0
2017-02-10,37.95,38.19,37.06,37.09,1877095,0
2017-02-13,37.09,37.92,36.98,37.24,1903650,0
2017-02-14,36.96,39.75,36.2702,39.69,4802616,0
2017-02-15,39.58,39.65,38.59,39.47,2221167,0
2017-02-16,39.4,40.49,38.7,39.22,2114615,0
2017-02-17,39.03,39.32,38.56,39.28,1660258,0
2017-02-21,39.54,40.02,38.6814,39.2,1778671,0
2017-02-22,39.0,39.63,38.79,39.14,1203564,0
2017-02-23,39.26,40.83,38.86,39.56,2283787,0
2017-02-24,39.08,39.3244,38.16,38.88,1961209,0
2017-02-27,38.78,40.09,38.75,39.85,2104120,0
2017-02-28,40.0,40.0674,38.02,38.11,2966507,0
2017-03-01,38.1,38.66,36.2,36.63,4191230,0
2017-03-02,36.82,37.92,35.69,35.8,4333583,0
2017-03-03,35.69,37.12,35.52,36.89,2175495,0
2017-03-06,36.89,37.19,36.24,36.79,2318152,0
2017-03-07,36.21,37.0,35.99,36.21,1203935,0
2017-03-08,36.21,37.07,36.055,36.54,1614230,0
2017-03-09,36.53,36.99,35.96,36.47,910225,0
2017-03-10,36.54,36.8399,36.17,36.83,1250215,0
2017-03-13,36.82,37.575,36.64,37.47,1578701,0
2017-03-14,37.4,37.65,36.68,37.53,1145930,0
2017-03-15,37.68,38.32,37.53,38.2,1119536,0
2017-03-16,38.36,38.36,37.31,37.5,988142,0
2017-03-17,37.33,37.75,36.95,37.13,1292636,0
2017-03-20,37.11,37.6,36.51,37.19,1262051,0
2017-03-21,37.34,37.34,34.93,35.01,1948875,0
2017-03-22,34.92,35.15,34.15,34.93,1388196,0
2017-03-23,34.96,35.07,34.42,34.45,960079,0
2017-03-24,34.58,35.0,34.19,34.83,1201771,0
2017-03-27,34.4,35.69,33.85,35.65,1119788,0
2017-03-28,35.7,36.27,35.4,35.71,954288,0
2017-03-29,35.84,36.55,35.71,35.86,906835,0
2017-03-30,35.63,35.6999,33.89,34.1,1941139,0
2017-03-31,34.1,34.84,33.788,34.38,891462,0
2017-04-03,34.43,34.89,34.03,34.05,909285,0
2017-04-04,34.05,34.49,33.16,33.53,1349359,0
2017-04-05,33.65,34.0449,32.48,32.67,1786785,0
2017-04-06,32.65,32.77,32.02,32.41,1642580,0
2017-04-07,32.4,32.45,31.7495,32.36,996201,0
2017-04-10,32.56,33.46,32.3,33.07,948342,0
2017-04-11,33.0,33.38,32.49,32.9,926825,0
2017-04-12,33.06,33.58,32.87,33.09,801243,0
2017-04-13,33.01,34.1,32.89,33.48,1037253,0
2017-04-17,33.46,34.14,33.325,33.37,744617,0
2017-04-18,33.01,33.2968,32.15,32.44,973593,0
2017-04-19,32.47,32.98,32.19,32.35,1178485,0
2017-04-20,32.45,32.93,32.28,32.59,782537,0
2017-04-21,32.52,32.81,32.13,32.21,986881,0
2017-04-24,32.66,33.83,32.41,33.72,1441520,0
2017-04-25,33.98,36.2,33.93,34.71,2401963,0
2017-04-26,34.77,35.22,33.61,33.66,1394437,0
2017-04-27,33.68,33.92,33.08,33.83,1044746,0
2017-04-28,33.87,34.39,33.5,34.33,1127295,0
2017-05-01,34.32,34.98,34.11,34.41,1199127,0
2017-05-02,34.34,34.45,32.51,32.77,1612771,0
2017-05-03,32.76,32.88,32.36,32.45,881390,0
2017-05-04,32.61,32.61,32.06,32.35,1157496,0
2017-05-05,32.25,32.8,31.81,32.74,865958,0
2017-05-08,32.56,32.65,31.44,31.79,1171989,0
2017-05-09,32.01,32.31,31.43,32.26,1520778,0
2017-05-10,30.0,30.36,28.01,29.06,7492581,0
2017-05-11,28.77,29.83,28.715,28.8,2142450,0
2017-05-12,28.86,29.46,28.79,29.01,1774812,0
2017-05-15,29.25,29.39,28.16,28.53,2245278,0
2017-05-16,28.52,28.76,28.02,28.4,1682415,0
2017-05-17,27.8,28.22,26.81,27.06,2627371,0
2017-05-18,27.16,27.58,26.65,27.31,1549041,0
2017-05-19,27.4,28.24,27.26,27.85,2024689,0
2017-05-22,27.99,28.21,27.55,28.01,1259120,0
2017-05-23,28.09,28.3,27.28,27.55,1220181,0
2017-05-24,27.35,27.6,26.93,27.36,1402676,0
2017-05-25,27.5,27.63,26.05,26.27,2276758,0
2017-05-26,26.28,26.69,25.86,26.02,1153788,0
2017-05-30,25.99,26.17,25.35,25.65,1289192,0
2017-05-31,25.85,26.17,25.28,25.71,1999363,0
2017-06-01,25.85,27.05,25.665,26.82,1522794,0
2017-06-02,26.95,27.1,26.59,26.93,1062624,0
2017-06-05,27.04,27.04,25.97,26.51,1282457,0
2017-06-06,26.42,26.78,26.09,26.16,1038033,0
2017-06-07,26.27,26.27,25.32,25.45,1259198,0
2017-06-08,25.42,26.19,25.06,26.14,1698029,0
2017-06-09,26.15,27.43,25.97,27.4,1751181,0
2017-06-12,27.4,28.01,26.67,27.08,1582415,0
2017-06-13,27.3,27.5,27.01,27.25,769365,0
2017-06-14,27.25,27.93,27.12,27.38,993328,0
2017-06-15,27.14,27.32,26.14,26.28,1144000,0
2017-06-16,26.41,27.2,26.16,27.1,2018217,0
2017-06-19,27.34,28.42,27.02,27.99,1523168,0
2017-06-20,28.07,28.95,27.84,28.22,1491287,0
2017-06-21,28.14,30.22,28.14,29.27,3078135,0
2017-06-22,29.53,30.09,28.48,28.68,2026905,0
2017-06-23,28.68,29.315,28.14,29.24,1428555,0
2017-06-26,29.39,29.7,28.8101,29.01,1045386,0
2017-06-27,29.03,29.03,27.44,27.64,1780536,0
2017-06-28,27.77,28.45,27.42,28.26,1103900,0
2017-06-29,28.15,28.82,27.85,28.68,1203416,0
2017-06-30,28.63,28.79,27.83,27.89,1255132,0
2017-07-03,28.1,28.54,27.8,28.47,489495,0
2017-07-05,28.4,29.66,28.35,29.64,1617023,0
2017-07-06,29.47,29.64,28.57,28.69,2072665,0
2017-07-07,28.82,29.79,28.78,29.18,1171476,0
2017-07-10,29.2,29.26,27.48,27.6,1613577,0
2017-07-11,28.2,28.25,26.41,26.76,1880506,0
2017-07-12,26.85,28.16,26.66,27.95,1411993,0
2017-07-13,27.99,28.513,26.91,28.17,1641024,0
2017-07-14,28.16,29.36,27.81,28.59,1609282,0
2017-07-17,28.65,29.4,28.46,28.85,1248224,0
2017-07-18,28.9,28.97,28.39,28.96,790577,0
2017-07-19,29.15,29.7072,28.88,29.0,1497444,0
2017-07-20,29.03,30.4598,28.99,30.09,1588394,0
2017-07-21,29.98,30.58,29.78,30.43,1204332,0
2017-07-24,30.41,30.625,29.93,30.47,1055292,0
2017-07-25,30.6,30.7518,29.8514,30.04,1666482,0
2017-07-26,30.1,30.43,29.9,30.13,635224,0
2017-07-27,30.23,30.39,29.2,29.47,1064617,0
2017-07-28,29.28,30.26,29.16,30.13,748174,0
2017-07-31,30.14,30.26,29.46,29.77,780308,0
2017-08-01,29.94,30.03,29.3,29.55,1079947,0
2017-08-02,29.51,29.79,29.21,29.49,854086,0
2017-08-03,29.55,29.754,29.0564,29.59,651976,0
2017-08-04,29.59,30.78,29.44,30.69,1250872,0
2017-08-07,30.5,30.97,30.2799,30.57,995959,0
2017-08-08,30.53,30.97,29.3301,29.54,1863169,0
2017-08-09,32.75,34.95,32.6,33.21,7900386,0
2017-08-10,33.02,33.29,30.19,30.23,3469861,0
2017-08-11,30.47,31.56,30.25,31.21,2092147,0
2017-08-14,31.5,32.075,31.4,31.89,1359726,0
2017-08-15,32.01,32.63,31.71,32.11,951878,0
2017-08-16,32.18,32.4383,31.09,31.38,1419711,0
2017-08-17,31.33,32.11,31.0,31.03,1387568,0
2017-08-18,31.04,31.4,30.87,31.08,908919,0
2017-08-21,31.08,31.41,30.59,30.94,590597,0
2017-08-22,31.04,31.48,30.68,31.44,797879,0
2017-08-23,31.28,32.31,31.14,31.91,855438,0
2017-08-24,31.99,32.88,31.98,32.82,1013120,0
2017-08-25,32.87,32.97,32.43,32.45,919034,0
2017-08-28,32.94,33.48,32.55,33.44,979866,0
2017-08-29,32.0,34.0,31.8,33.91,1539781,0
2017-08-30,33.9,35.07,33.56,34.72,1510728,0
2017-08-31,34.92,35.95,34.824,35.61,1925011,0
2017-09-01,35.69,36.57,35.13,36.16,1400040,0
2017-09-05,36.0,36.31,34.62,35.2,1435306,0
2017-09-06,35.19,35.93,34.05,35.69,1513313,0
2017-09-07,35.29,35.8962,35.0958,35.8,885208,0
2017-09-08,36.1,37.68,36.1,36.97,2275350,0
2017-09-11,37.05,37.18,36.34,37.08,1344960,0
2017-09-12,37.03,37.64,36.9,37.17,1231650,0
2017-09-13,37.19,37.19,36.37,36.46,1081832,0
2017-09-14,36.33,36.7,36.18,36.35,884298,0
2017-09-15,36.29,37.0,35.8,36.83,2352235,0
2017-09-18,36.79,37.2,36.495,36.98,1225936,0
2017-09-19,37.17,37.18,36.45,36.55,836869,0
2017-09-20,36.67,37.33,36.41,36.85,775182,0
2017-09-21,36.78,38.03,36.54,37.63,1202671,0
2017-09-22,37.66,37.89,37.3,37.59,867543,0
2017-09-25,37.41,38.0,37.141,37.67,1002097,0
2017-09-26,37.67,37.98,37.11,37.43,805317,0
2017-09-27,37.63,38.26,37.3942,37.9,1044410,0
2017-09-28,38.0,38.42,37.659,38.37,796312,0
2017-09-29,38.44,38.54,36.501,37.67,1946203,0
2017-10-02,37.5,38.64,37.45,38.43,1322231,0
2017-10-03,38.59,39.0,38.21,38.86,1467700,0
2017-10-04,38.74,39.35,38.49,39.14,1774299,0
2017-10-05,40.6,41.2,37.82,38.29,3937046,0
2017-10-06,38.13,39.01,37.01,38.54,2005632,0
2017-10-09,38.54,38.79,37.31,37.59,1193646,0
2017-10-10,37.64,37.99,36.66,36.91,1068365,0
2017-10-11,36.73,36.9,35.65,35.76,1638948,0
2017-10-12,35.38,36.0605,35.28,35.5,1375335,0
2017-10-13,35.82,36.18,35.1,35.4,1368558,0
2017-10-16,35.6,36.7785,35.435,36.1,1068927,0
2017-10-17,36.06,37.23,36.04,36.99,1239188,0
2017-10-18,37.15,37.78,36.2,36.73,1364585,0
2017-10-19,36.07,36.08,34.8501,35.83,1770464,0
2017-10-20,35.85,36.54,35.33,36.32,1331706,0
2017-10-23,36.49,36.88,35.77,35.78,969597,0
2017-10-24,35.82,36.13,35.25,35.64,1000354,0
2017-10-25,35.65,35.85,34.35,34.89,996927,0
2017-10-26,34.52,35.085,33.88,34.65,991439,0
2017-10-27,34.53,35.43,34.0,35.04,1226952,0
2017-10-30,34.98,35.8699,34.82,35.18,592860,0
2017-10-31,35.24,35.529,34.81,34.83,727189,0
2017-11-01,35.06,35.1992,34.08,34.36,685977,0
2017-11-02,34.47,35.72,33.999,35.11,1368153,0
2017-11-03,35.21,38.0,35.07,35.85,2652586,0
2017-11-06,35.26,35.44,32.15,32.55,3349102,0
2017-11-07,32.6,32.95,31.925,32.46,2385528,0
2017-11-08,33.52,33.52,28.985,29.41,6030111,0
2017-11-09,29.45,30.01,29.0,29.16,2096270,0
2017-11-10,29.2,29.88,28.55,28.59,1805907,0
