Date,Open,High,Low,Close,Volume,OpenInt
2014-01-02,6.75,6.86,6.59,6.69,754959,0
2014-01-03,6.69,6.8,6.57,6.58,839971,0
2014-01-06,6.59,6.64,6.42,6.43,769407,0
2014-01-07,6.47,6.53,6.41,6.52,446298,0
2014-01-08,6.52,6.52,6.36,6.45,373332,0
2014-01-09,6.45,6.45,6.23,6.43,716562,0
2014-01-10,6.41,6.47,6.32,6.44,355147,0
2014-01-13,6.41,6.45,6.2,6.27,462841,0
2014-01-14,6.47,7.25,6.38,6.78,1992865,0
2014-01-15,6.76,6.95,6.76,6.88,892380,0
2014-01-16,6.86,6.92,6.61,6.7,926797,0
2014-01-17,6.7,6.73,6.59,6.66,493362,0
2014-01-21,6.7,6.82,6.62,6.82,489986,0
2014-01-22,6.85,6.88,6.68,6.77,476085,0
2014-01-23,6.77,6.79,6.49,6.57,638189,0
2014-01-24,6.55,6.56,6.28,6.36,553021,0
2014-01-27,6.01,6.22,5.76,5.84,1820033,0
2014-01-28,5.83,5.93,5.77,5.92,943900,0
2014-01-29,5.86,5.92,5.82,5.85,810022,0
2014-01-30,5.91,6.0,5.83,5.89,586995,0
2014-01-31,5.81,5.9,5.76,5.81,1014725,0
2014-02-03,5.82,5.88,5.47,5.64,1211997,0
2014-02-04,5.67,5.83,5.53,5.81,859212,0
2014-02-05,5.8,5.82,5.68,5.68,616586,0
2014-02-06,5.7,5.9,5.69,5.78,464992,0
2014-02-07,5.78,5.85,5.7,5.74,441776,0
2014-02-10,5.73,5.82,5.66,5.75,502428,0
2014-02-11,5.78,5.9,5.73,5.84,618070,0
2014-02-12,5.87,6.48,5.87,6.13,2495266,0
2014-02-13,6.06,6.06,5.94,5.98,862522,0
2014-02-14,5.99,6.0,5.87,5.99,575638,0
2014-02-18,6.01,6.17,6.0,6.07,631377,0
2014-02-19,6.03,6.18,6.03,6.06,652710,0
2014-02-20,6.09,6.16,6.07,6.11,521484,0
2014-02-21,6.12,6.15,5.97,6.01,505566,0
2014-02-24,6.0,6.05,5.95,6.0,363470,0
2014-02-25,5.98,5.98,5.77,5.81,525945,0
2014-02-26,5.8,5.95,5.76,5.77,893961,0
2014-02-27,5.75,5.94,5.75,5.91,538312,0
2014-02-28,5.94,6.01,5.89,5.92,662544,0
2014-03-03,5.88,6.0,5.8,5.96,327690,0
2014-03-04,6.05,6.18,6.04,6.09,1245406,0
2014-03-05,6.07,6.18,6.05,6.14,1202190,0
2014-03-06,6.09,6.2,5.98,6.19,2207561,0
2014-03-07,6.21,6.26,6.06,6.08,944419,0
2014-03-10,6.08,6.21,5.99,6.17,1008109,0
2014-03-11,6.13,6.26,6.06,6.08,731622,0
2014-03-12,6.04,6.2,5.99,6.14,1126700,0
2014-03-13,6.15,6.19,5.94,5.97,558033,0
2014-03-14,5.95,5.95,5.85,5.89,491560,0
2014-03-17,5.88,6.1,5.82,5.86,595445,0
2014-03-18,5.88,6.05,5.85,5.99,578869,0
2014-03-19,5.98,6.17,5.96,6.09,644953,0
2014-03-20,6.05,6.19,6.02,6.06,561829,0
2014-03-21,6.06,6.2,6.06,6.2,1257073,0
2014-03-24,6.21,6.39,6.16,6.29,1076295,0
2014-03-25,6.3,6.36,6.23,6.3,525974,0
2014-03-26,6.31,6.33,6.1,6.11,489100,0
2014-03-27,6.13,6.19,6.05,6.06,335421,0
2014-03-28,6.06,6.13,5.99,6.0,443060,0
2014-03-31,6.02,6.19,5.96,6.16,729845,0
2014-04-01,6.16,6.43,6.16,6.38,693646,0
2014-04-02,6.37,6.56,6.37,6.53,474592,0
2014-04-03,6.54,6.55,6.36,6.36,313539,0
2014-04-04,6.38,6.44,6.06,6.14,486336,0
2014-04-07,6.13,6.22,6.01,6.16,444841,0
2014-04-08,6.15,6.28,6.14,6.22,332903,0
2014-04-09,6.22,6.33,6.13,6.29,347144,0
2014-04-10,6.27,6.35,6.0,6.0,491065,0
2014-04-11,5.97,6.09,5.88,5.96,491804,0
2014-04-14,6.05,6.15,5.96,6.0,328645,0
2014-04-15,6.0,6.08,5.9,6.06,403080,0
2014-04-16,6.12,6.12,5.93,6.01,248559,0
2014-04-17,5.99,6.15,5.98,6.14,222926,0
2014-04-21,6.16,6.2,6.09,6.14,205464,0
2014-04-22,6.13,6.37,6.13,6.33,507342,0
2014-04-23,6.32,6.37,6.24,6.31,330995,0
2014-04-24,6.37,6.37,6.1,6.14,348494,0
2014-04-25,6.09,6.12,5.91,5.94,528967,0
2014-04-28,5.95,6.0,5.77,5.95,548782,0
2014-04-29,6.0,6.0,5.85,5.88,442065,0
2014-04-30,5.9,6.24,5.78,6.13,913350,0
2014-05-01,6.09,6.18,5.85,6.01,803581,0
2014-05-02,6.04,6.2,6.01,6.03,453948,0
2014-05-05,5.97,6.05,5.93,6.03,477061,0
2014-05-06,5.99,6.07,5.92,5.96,573203,0
2014-05-07,5.97,6.16,5.85,6.14,601789,0
2014-05-08,6.1,6.24,6.0,6.02,453880,0
2014-05-09,5.98,6.14,5.98,6.12,377687,0
2014-05-12,6.15,6.34,6.14,6.31,571533,0
2014-05-13,6.28,6.34,6.2,6.2,578222,0
2014-05-14,6.2,6.2,5.92,5.96,518320,0
2014-05-15,5.94,5.97,5.88,5.93,466470,0
2014-05-16,5.91,5.96,5.86,5.96,294081,0
2014-05-19,5.9,6.06,5.9,6.03,280931,0
2014-05-20,5.99,6.0,5.87,5.89,751701,0
2014-05-21,5.92,6.01,5.85,5.99,531286,0
2014-05-22,5.98,6.03,5.97,5.98,255619,0
2014-05-23,6.0,6.07,5.98,6.04,431667,0
2014-05-27,6.1,6.14,6.04,6.08,872452,0
2014-05-28,6.09,6.24,6.05,6.2,462329,0
2014-05-29,6.21,6.21,6.0,6.06,549348,0
2014-05-30,6.08,6.14,5.98,6.02,782778,0
2014-06-02,6.08,6.08,5.86,5.92,515905,0
2014-06-03,5.87,5.93,5.83,5.86,535513,0
2014-06-04,5.85,5.97,5.84,5.91,397317,0
2014-06-05,5.94,6.15,5.92,6.06,627441,0
2014-06-06,6.12,6.2,6.09,6.16,623094,0
2014-06-09,6.15,6.28,6.13,6.26,580330,0
2014-06-10,6.25,6.36,6.2,6.32,578700,0
2014-06-11,6.28,6.35,6.28,6.29,403884,0
2014-06-12,6.28,6.34,6.18,6.22,259646,0
2014-06-13,6.22,6.23,6.08,6.15,287786,0
2014-06-16,6.11,6.13,6.0,6.04,361063,0
2014-06-17,6.03,6.19,6.03,6.18,470145,0
2014-06-18,6.2,6.34,6.15,6.32,476252,0
2014-06-19,6.37,6.37,6.12,6.24,487018,0
2014-06-20,6.26,6.3,6.06,6.19,1014161,0
2014-06-23,6.15,6.18,6.01,6.1,483003,0
2014-06-24,6.08,6.18,6.02,6.04,489787,0
2014-06-25,6.0,6.15,6.0,6.13,300585,0
2014-06-26,6.16,6.27,6.02,6.26,489222,0
2014-06-27,6.17,6.35,6.15,6.35,1000989,0
2014-06-30,6.33,6.42,6.28,6.41,633839,0
2014-07-01,6.42,6.83,6.41,6.58,1144701,0
2014-07-02,6.6,6.68,6.56,6.61,393400,0
2014-07-03,6.65,6.74,6.6,6.68,268477,0
2014-07-07,6.66,6.67,6.54,6.65,389075,0
2014-07-08,6.6,6.64,6.48,6.51,584495,0
2014-07-09,6.55,6.6,6.48,6.53,242252,0
2014-07-10,6.38,6.5,6.35,6.42,405415,0
2014-07-11,6.4,6.49,6.37,6.38,350609,0
2014-07-14,6.47,6.48,6.32,6.4,446460,0
2014-07-15,6.38,6.46,6.3,6.36,398834,0
2014-07-16,6.41,6.41,6.28,6.3,527707,0
2014-07-17,6.23,6.36,6.21,6.25,543857,0
2014-07-18,6.23,6.38,6.23,6.34,378782,0
2014-07-21,6.31,6.33,6.17,6.23,266588,0
2014-07-22,6.25,6.3,6.22,6.25,323227,0
2014-07-23,6.25,6.32,6.22,6.26,407820,0
2014-07-24,6.29,6.34,6.16,6.21,425350,0
2014-07-25,6.17,6.22,6.12,6.13,312727,0
2014-07-28,6.13,6.15,5.99,6.06,573078,0
2014-07-29,6.1,6.13,6.02,6.03,318160,0
2014-07-30,6.25,6.72,6.24,6.5,1870528,0
2014-07-31,6.51,6.73,6.44,6.62,994979,0
2014-08-01,6.65,6.66,6.52,6.59,1115147,0
2014-08-04,6.6,6.63,6.46,6.52,1080323,0
2014-08-05,6.51,6.68,6.45,6.67,557867,0
2014-08-06,6.65,6.83,6.56,6.7,773680,0
2014-08-07,6.74,6.78,6.59,6.62,358915,0
2014-08-08,6.6,6.74,6.6,6.7,683693,0
2014-08-11,6.77,6.85,6.73,6.81,742433,0
2014-08-12,6.8,6.89,6.73,6.74,818948,0
2014-08-13,6.77,6.94,6.77,6.94,588417,0
2014-08-14,6.95,7.02,6.89,7.0,1041932,0
2014-08-15,7.1,7.11,6.9,7.0,1035732,0
2014-08-18,7.12,7.37,7.11,7.34,1205370,0
2014-08-19,7.35,7.43,7.27,7.34,1233704,0
2014-08-20,7.33,7.41,7.24,7.24,986263,0
2014-08-21,7.4,7.48,7.31,7.42,3641589,0
2014-08-22,7.44,7.87,7.37,7.65,3607410,0
2014-08-25,7.68,7.77,7.59,7.64,3052484,0
2014-08-26,7.66,7.72,7.59,7.68,570572,0
2014-08-27,7.66,7.74,7.57,7.66,536420,0
2014-08-28,7.66,7.75,7.57,7.72,636378,0
2014-08-29,7.77,7.8,7.62,7.73,702925,0
2014-09-02,7.78,7.97,7.7,7.86,869184,0
2014-09-03,7.93,7.96,7.76,7.79,871802,0
2014-09-04,7.82,7.88,7.77,7.8,618834,0
2014-09-05,7.78,7.9,7.74,7.87,510792,0
2014-09-08,7.88,7.92,7.82,7.91,841380,0
2014-09-09,7.92,7.94,7.72,7.79,1096827,0
2014-09-10,7.81,7.9,7.78,7.81,1336146,0
2014-09-11,7.74,7.85,7.74,7.75,1874684,0
2014-09-12,7.73,7.77,7.53,7.6,1401115,0
2014-09-15,7.61,7.63,7.55,7.55,1157230,0
2014-09-16,7.54,7.61,7.49,7.59,1221993,0
2014-09-17,7.61,7.67,7.54,7.56,1900688,0
2014-09-18,7.59,7.65,7.58,7.61,628085,0
2014-09-19,7.6,7.66,7.44,7.49,1450783,0
2014-09-22,7.42,7.51,7.27,7.37,934042,0
2014-09-23,7.36,7.42,7.29,7.29,735693,0
2014-09-24,7.33,7.33,7.24,7.28,829483,0
2014-09-25,7.29,7.32,6.98,7.03,1276040,0
2014-09-26,7.03,7.14,7.03,7.05,1480766,0
2014-09-29,6.96,7.05,6.93,7.0,1023812,0
2014-09-30,7.0,7.07,6.89,6.9,1404419,0
2014-10-01,6.87,6.97,6.76,6.78,1337945,0
2014-10-02,6.76,6.9,6.61,6.73,2031614,0
2014-10-03,6.82,6.92,6.75,6.88,554781,0
2014-10-06,6.88,6.91,6.79,6.85,723505,0
2014-10-07,6.84,6.92,6.73,6.74,881658,0
2014-10-08,6.7,6.92,6.65,6.9,984869,0
2014-10-09,6.88,6.89,6.63,6.64,1751676,0
2014-10-10,6.6,6.71,6.57,6.62,1021204,0
2014-10-13,6.6,6.72,6.57,6.59,677982,0
2014-10-14,6.64,6.75,6.59,6.68,1040541,0
2014-10-15,6.56,6.73,6.48,6.68,1400003,0
2014-10-16,6.53,6.92,6.51,6.88,2013592,0
2014-10-17,6.94,6.95,6.82,6.86,873857,0
2014-10-20,6.85,6.98,6.78,6.89,1067772,0
2014-10-21,6.92,7.15,6.92,7.09,1667566,0
2014-10-22,7.11,7.25,7.06,7.08,1852026,0
2014-10-23,7.18,7.3,7.01,7.2,1705107,0
2014-10-24,7.22,7.24,7.13,7.2,593315,0
2014-10-27,7.15,7.25,7.05,7.22,631831,0
2014-10-28,7.26,7.48,7.23,7.34,1376153,0
2014-10-29,7.95,8.7,7.9,8.44,6319062,0
2014-10-30,8.17,8.2,7.89,7.9,2830072,0
2014-10-31,8.1,8.23,7.99,8.23,2102365,0
2014-11-03,8.3,8.48,8.23,8.33,1999643,0
2014-11-04,8.31,8.47,8.24,8.41,1239354,0
2014-11-05,8.45,8.62,8.44,8.54,1591487,0
2014-11-06,8.57,8.61,8.42,8.55,1329573,0
2014-11-07,8.5,8.65,8.45,8.55,1927827,0
2014-11-10,8.57,8.99,8.56,8.85,2380794,0
2014-11-11,8.83,8.88,8.62,8.63,1068649,0
2014-11-12,8.61,8.9,8.61,8.86,1342586,0
2014-11-13,8.92,8.96,8.8,8.8,1127216,0
2014-11-14,8.82,9.01,8.81,8.99,1484556,0
2014-11-17,8.93,9.05,8.82,8.97,1058423,0
2014-11-18,9.0,9.02,8.88,8.89,850754,0
2014-11-19,8.89,9.0,8.75,8.95,879814,0
2014-11-20,8.92,9.02,8.9,9.01,1252726,0
2014-11-21,9.06,9.09,8.78,8.85,1136036,0
2014-11-24,8.9,9.03,8.85,9.01,810912,0
2014-11-25,9.0,9.0,8.93,8.95,794779,0
2014-11-26,8.99,9.1,8.98,9.09,688697,0
2014-11-28,9.06,9.11,8.76,8.76,955206,0
2014-12-01,8.73,8.75,8.6,8.67,1200790,0
2014-12-02,8.71,9.04,8.67,8.9,1320077,0
2014-12-03,8.91,9.25,8.86,9.24,879451,0
2014-12-04,9.21,9.34,9.15,9.19,1174402,0
2014-12-05,9.2,9.44,9.19,9.4,930457,0
2014-12-08,9.38,9.41,9.19,9.19,1170170,0
2014-12-09,9.06,9.42,8.89,9.4,1433506,0
2014-12-10,9.33,9.45,9.21,9.24,1106324,0
2014-12-11,9.26,9.4,8.88,8.91,3388605,0
2014-12-12,8.76,9.0,8.76,8.81,1069390,0
2014-12-15,8.85,8.96,8.69,8.73,972474,0
2014-12-16,8.69,8.91,8.57,8.57,1740593,0
2014-12-17,8.57,8.86,8.54,8.84,1181787,0
2014-12-18,8.98,9.0,8.72,8.87,1262734,0
2014-12-19,8.84,8.95,8.79,8.9,1459110,0
2014-12-22,8.9,9.03,8.87,8.96,842309,0
2014-12-23,9.04,9.05,8.91,8.99,636878,0
2014-12-24,9.02,9.14,8.96,9.12,399532,0
2014-12-26,9.15,9.2,9.06,9.1,705969,0
2014-12-29,9.1,9.19,9.08,9.14,708031,0
2014-12-30,9.1,9.2,8.91,9.05,1084970,0
2014-12-31,9.07,9.12,8.99,9.01,641694,0
2015-01-02,9.07,9.2,8.71,8.79,785350,0
2015-01-05,8.75,8.75,8.5,8.62,827064,0
2015-01-06,8.61,8.7,8.25,8.4,1401285,0
2015-01-07,8.46,8.51,8.27,8.33,1104082,0
2015-01-08,8.38,8.71,8.37,8.69,1125433,0
2015-01-09,8.69,8.71,8.56,8.56,624509,0
2015-01-12,8.55,8.55,8.27,8.34,708311,0
2015-01-13,8.38,8.66,8.25,8.3,908353,0
2015-01-14,8.19,8.31,8.08,8.3,618606,0
2015-01-15,8.3,8.3,8.11,8.19,975192,0
2015-01-16,8.13,8.41,8.07,8.4,949816,0
2015-01-20,8.43,8.45,8.21,8.22,628098,0
2015-01-21,8.21,8.42,8.16,8.29,782619,0
2015-01-22,8.33,8.51,8.17,8.5,501723,0
2015-01-23,8.51,8.58,8.44,8.51,511330,0
2015-01-26,8.5,8.5,8.38,8.46,441125,0
2015-01-27,8.4,8.53,8.3,8.31,511277,0
2015-01-28,8.38,8.46,8.19,8.24,476966,0
2015-01-29,8.24,8.32,8.07,8.29,476339,0
2015-01-30,8.21,8.29,7.9,7.92,685422,0
2015-02-02,7.94,8.13,7.86,8.13,767871,0
2015-02-03,8.16,8.28,7.95,8.14,1265309,0
2015-02-04,8.07,8.1,7.69,7.76,1171389,0
2015-02-05,7.82,7.98,7.73,7.89,941312,0
2015-02-06,7.94,8.03,7.85,7.93,524004,0
2015-02-09,7.93,8.06,7.86,7.87,542387,0
2015-02-10,7.95,8.07,7.83,8.07,915349,0
2015-02-11,7.46,7.78,7.05,7.51,3081484,0
2015-02-12,7.52,7.62,7.47,7.57,1325535,0
2015-02-13,7.57,7.82,7.5,7.8,1072603,0
2015-02-17,7.8,7.83,7.7,7.82,1024251,0
2015-02-18,7.81,7.9,7.62,7.71,907863,0
2015-02-19,7.67,7.91,7.67,7.77,893974,0
2015-02-20,7.78,7.79,7.55,7.69,596824,0
2015-02-23,7.7,7.74,7.56,7.66,542651,0
2015-02-24,7.67,7.7,7.49,7.57,1044461,0
2015-02-25,7.55,7.62,7.44,7.53,689599,0
2015-02-26,7.53,7.58,7.46,7.48,894424,0
2015-02-27,7.48,7.68,7.47,7.61,925363,0
2015-03-02,7.61,7.66,7.53,7.63,712000,0
2015-03-03,7.62,7.67,7.53,7.58,1042200,0
2015-03-04,7.55,7.59,7.43,7.46,772300,0
2015-03-05,7.45,7.56,7.37,7.55,844900,0
2015-03-06,7.49,7.65,7.48,7.56,628200,0
2015-03-09,7.58,7.6,7.47,7.47,456500,0
2015-03-10,7.39,7.47,7.23,7.23,895900,0
2015-03-11,7.23,7.36,7.19,7.33,772000,0
2015-03-12,7.4,7.54,7.38,7.52,585600,0
2015-03-13,7.52,7.62,7.44,7.49,898100,0
2015-03-16,7.51,7.55,7.46,7.47,710800,0
2015-03-17,7.42,7.51,7.4,7.42,787900,0
2015-03-18,7.41,7.6,7.36,7.51,998900,0
2015-03-19,7.47,7.58,7.39,7.46,533200,0
2015-03-20,7.52,7.81,7.5,7.79,914200,0
2015-03-23,7.79,8.01,7.73,7.9,1083700,0
2015-03-24,7.88,8.05,7.86,8.04,590800,0
2015-03-25,8.06,8.08,7.94,7.96,736800,0
2015-03-26,7.96,8.0,7.85,7.87,977700,0
2015-03-27,7.89,8.07,7.89,8.07,834600,0
2015-03-30,8.09,8.3,8.09,8.3,790600,0
2015-03-31,8.24,8.34,8.06,8.31,949342,0
2015-04-01,8.24,8.35,8.01,8.09,1093700,0
2015-04-02,8.1,8.22,8.1,8.17,783900,0
2015-04-06,8.1,8.28,8.1,8.21,782600,0
2015-04-07,8.23,8.28,8.04,8.06,783816,0
2015-04-08,8.08,8.18,7.98,8.18,756500,0
2015-04-09,8.16,8.37,8.12,8.36,741127,0
2015-04-10,8.4,8.5,8.35,8.48,730200,0
2015-04-13,8.51,8.65,8.45,8.59,760100,0
2015-04-14,8.62,8.75,8.57,8.69,934000,0
2015-04-15,8.7,8.75,8.57,8.61,523505,0
2015-04-16,8.59,8.6,8.41,8.45,491035,0
2015-04-17,8.37,8.39,8.2,8.27,526600,0
2015-04-20,8.32,8.48,8.32,8.47,499152,0
2015-04-21,8.48,8.5,8.3,8.34,436490,0
2015-04-22,8.35,8.57,8.29,8.47,523868,0
2015-04-23,8.4,8.44,8.26,8.32,397900,0
2015-04-24,8.31,8.41,8.2,8.36,567919,0
2015-04-27,8.35,8.48,8.16,8.19,490700,0
2015-04-28,8.19,8.54,8.19,8.43,683000,0
2015-04-29,8.55,8.66,7.98,8.06,1046000,0
2015-04-30,8.01,8.05,7.83,7.87,1315800,0
2015-05-01,7.89,8.03,7.87,8.0,790300,0
2015-05-04,8.0,8.07,7.91,7.95,564100,0
2015-05-05,7.91,8.0,7.63,7.71,728900,0
2015-05-06,7.67,7.76,7.52,7.57,817477,0
2015-05-07,7.56,7.78,7.55,7.7,612613,0
2015-05-08,7.72,7.92,7.72,7.89,611500,0
2015-05-11,7.89,8.06,7.89,7.92,838300,0
2015-05-12,7.88,7.91,7.7,7.82,585889,0
2015-05-13,7.87,7.96,7.8,7.82,567300,0
2015-05-14,7.85,8.0,7.83,8.0,723700,0
2015-05-15,7.98,8.02,7.86,7.93,648899,0
2015-05-18,7.93,8.0,7.87,7.95,717187,0
2015-05-19,7.94,7.96,7.84,7.94,563257,0
2015-05-20,7.96,7.98,7.88,7.92,440300,0
2015-05-21,7.9,8.02,7.71,7.75,845700,0
2015-05-22,7.73,7.87,7.73,7.74,768400,0
2015-05-26,7.72,7.74,7.49,7.55,540031,0
2015-05-27,7.59,7.65,7.51,7.63,672200,0
2015-05-28,7.6,7.66,7.57,7.6,273938,0
2015-05-29,7.57,7.6,7.27,7.35,968300,0
2015-06-01,7.41,7.5,7.29,7.39,377155,0
2015-06-02,7.33,7.49,7.32,7.43,478508,0
2015-06-03,7.46,7.56,7.41,7.42,640300,0
2015-06-04,7.35,7.41,7.17,7.23,614000,0
2015-06-05,7.21,7.4,7.15,7.4,508600,0
2015-06-08,7.36,7.41,7.26,7.28,356800,0
2015-06-09,7.29,7.42,7.24,7.35,349288,0
2015-06-10,7.37,7.55,7.37,7.44,439185,0
2015-06-11,7.45,7.5,7.42,7.48,288563,0
2015-06-12,7.46,7.5,7.4,7.48,385600,0
2015-06-15,7.41,7.49,7.3,7.45,655800,0
2015-06-16,7.45,7.61,7.4,7.57,667100,0
2015-06-17,7.61,7.62,7.5,7.52,507000,0
2015-06-18,7.56,7.61,7.49,7.55,527100,0
2015-06-19,7.57,7.64,7.51,7.6,648500,0
2015-06-22,7.65,7.65,7.35,7.45,587800,0
2015-06-23,7.44,7.51,7.41,7.5,464455,0
2015-06-24,7.5,7.54,7.44,7.46,477400,0
2015-06-25,7.51,7.56,7.42,7.52,636800,0
2015-06-26,7.56,7.97,7.52,7.92,1691700,0
2015-06-29,7.84,7.97,7.76,7.9,746500,0
2015-06-30,7.91,7.97,7.76,7.77,834235,0
2015-07-01,7.86,7.93,7.78,7.87,574800,0
2015-07-02,7.91,7.95,7.75,7.79,408400,0
2015-07-06,7.71,7.84,7.62,7.72,401900,0
2015-07-07,7.68,7.74,7.5,7.71,468900,0
2015-07-08,7.65,7.69,7.42,7.5,293900,0
2015-07-09,7.6,7.68,7.38,7.43,456800,0
2015-07-10,7.52,7.75,7.49,7.72,502200,0
2015-07-13,7.76,7.86,7.71,7.85,321600,0
2015-07-14,7.83,7.91,7.8,7.86,321548,0
2015-07-15,7.87,7.89,7.63,7.68,283749,0
2015-07-16,7.69,7.86,7.66,7.68,438700,0
2015-07-17,7.7,7.73,7.55,7.63,407300,0
2015-07-20,7.61,7.64,7.41,7.47,297200,0
2015-07-21,7.44,7.55,7.33,7.43,268500,0
2015-07-22,7.39,7.47,7.3,7.34,311300,0
2015-07-23,7.35,7.4,7.3,7.39,548600,0
2015-07-24,7.37,7.41,7.05,7.05,411900,0
2015-07-27,7.0,7.17,6.91,7.13,600400,0
2015-07-28,7.16,7.2,6.95,7.19,571300,0
2015-07-29,8.4,8.4,7.81,8.04,1494600,0
2015-07-30,8.0,8.11,7.9,8.08,1356400,0
2015-07-31,8.11,8.2,8.02,8.18,1172100,0
2015-08-03,8.17,8.28,7.78,7.79,819451,0
2015-08-04,7.68,7.84,7.54,7.8,697900,0
2015-08-05,7.92,7.97,7.76,7.91,550500,0
2015-08-06,7.94,7.97,7.81,7.93,599630,0
2015-08-07,7.87,7.93,7.61,7.61,769100,0
2015-08-10,7.64,7.97,7.61,7.94,578100,0
2015-08-11,7.91,7.92,7.73,7.79,455446,0
2015-08-12,7.73,7.95,7.61,7.86,660100,0
2015-08-13,7.86,7.94,7.68,7.71,476600,0
2015-08-14,7.7,7.78,7.65,7.74,397000,0
2015-08-17,7.71,7.83,7.66,7.82,458600,0
2015-08-18,7.82,7.82,7.61,7.7,721100,0
2015-08-19,7.64,7.8,7.46,7.74,623200,0
2015-08-20,7.67,7.76,7.56,7.57,525800,0
2015-08-21,7.42,7.67,7.27,7.47,714800,0
2015-08-24,7.0,7.28,6.93,6.94,1141278,0
2015-08-25,7.16,7.23,6.89,7.19,1230800,0
2015-08-26,7.35,7.48,7.12,7.4,1386400,0
2015-08-27,7.45,7.54,7.33,7.4,551000,0
2015-08-28,7.38,7.61,7.3,7.6,543600,0
2015-08-31,7.55,7.61,7.51,7.6,522600,0
2015-09-01,7.41,7.53,7.26,7.28,587000,0
2015-09-02,7.39,7.41,7.24,7.38,626800,0
2015-09-03,7.39,7.44,7.24,7.28,584900,0
2015-09-04,7.21,7.37,7.15,7.22,429800,0
2015-09-08,7.35,7.47,7.3,7.36,414800,0
2015-09-09,7.47,7.48,7.26,7.26,399000,0
2015-09-10,7.24,7.35,7.2,7.23,248745,0
2015-09-11,7.17,7.23,7.11,7.17,315700,0
2015-09-14,7.19,7.19,7.04,7.04,372000,0
2015-09-15,7.07,7.13,7.03,7.1,614800,0
2015-09-16,7.14,7.41,7.14,7.36,494700,0
2015-09-17,7.33,7.46,7.3,7.36,387738,0
2015-09-18,7.27,7.39,7.17,7.24,868200,0
2015-09-21,7.3,7.48,7.25,7.41,518900,0
2015-09-22,7.28,7.36,7.17,7.22,695800,0
2015-09-23,7.24,7.25,7.05,7.18,683566,0
2015-09-24,7.12,7.37,7.09,7.35,527731,0
2015-09-25,7.43,7.43,7.15,7.15,654600,0
2015-09-28,7.11,7.14,7.0,7.01,486868,0
2015-09-29,7.0,7.04,6.8,6.85,1243300,0
2015-09-30,6.92,7.15,6.91,7.07,1021200,0
2015-10-01,7.05,7.13,7.03,7.05,613500,0
2015-10-02,6.99,7.09,6.91,7.06,741800,0
2015-10-05,7.15,7.34,7.08,7.34,1406951,0
2015-10-06,7.33,7.69,7.31,7.51,892400,0
2015-10-07,7.57,7.9,7.46,7.81,842300,0
2015-10-08,7.78,8.05,7.78,7.96,645300,0
2015-10-09,8.02,8.11,7.99,8.06,324600,0
2015-10-12,8.07,8.09,7.99,8.08,391512,0
2015-10-13,8.0,8.15,7.95,7.97,539100,0
2015-10-14,7.97,8.1,7.96,7.96,424900,0
2015-10-15,7.99,8.22,7.91,8.22,520500,0
2015-10-16,8.25,8.25,8.07,8.16,378500,0
2015-10-19,8.12,8.28,8.1,8.19,410138,0
2015-10-20,8.18,8.37,8.15,8.27,491100,0
2015-10-21,8.27,8.37,8.03,8.04,695700,0
2015-10-22,8.1,8.32,8.08,8.21,481700,0
2015-10-23,8.32,8.34,8.18,8.24,469600,0
2015-10-26,8.21,8.29,8.08,8.12,684400,0
2015-10-27,8.08,8.11,7.91,8.03,578000,0
2015-10-28,7.93,8.48,7.7,8.26,1121800,0
2015-10-29,8.09,8.32,7.95,8.0,917200,0
2015-10-30,8.01,8.13,7.94,8.07,661400,0
2015-11-02,8.03,8.27,8.01,8.17,690753,0
2015-11-03,8.15,8.29,8.12,8.18,570700,0
2015-11-04,8.21,8.28,8.1,8.15,580630,0
2015-11-05,8.15,8.21,8.03,8.15,453500,0
2015-11-06,8.11,8.38,8.08,8.37,620500,0
2015-11-09,8.32,8.36,8.16,8.2,564066,0
2015-11-10,8.16,8.24,8.07,8.18,505400,0
2015-11-11,8.22,8.24,7.99,8.02,407400,0
2015-11-12,7.9,7.99,7.74,7.75,494200,0
2015-11-13,7.69,7.75,7.63,7.66,451100,0
2015-11-16,7.62,7.81,7.59,7.77,366800,0
2015-11-17,7.79,7.85,7.66,7.67,400300,0
2015-11-18,7.67,7.72,7.51,7.65,636300,0
2015-11-19,7.64,7.69,7.54,7.58,436200,0
2015-11-20,7.63,7.77,7.53,7.65,562000,0
2015-11-23,7.55,7.78,7.55,7.65,338900,0
2015-11-24,7.59,7.7,7.56,7.64,334700,0
2015-11-25,7.63,7.66,7.6,7.62,370300,0
2015-11-27,7.58,7.78,7.58,7.71,176600,0
2015-11-30,7.7,7.76,7.65,7.72,599000,0
2015-12-01,7.76,7.88,7.7,7.88,360158,0
2015-12-02,7.83,7.94,7.71,7.74,422982,0
2015-12-03,7.78,7.79,7.51,7.55,395146,0
2015-12-04,7.54,7.7,7.5,7.64,381400,0
2015-12-07,7.6,7.61,7.44,7.52,744800,0
2015-12-08,7.44,7.73,7.38,7.68,909719,0
2015-12-09,7.65,7.69,7.53,7.57,691300,0
2015-12-10,7.53,7.84,7.53,7.82,665000,0
2015-12-11,7.65,7.7,7.43,7.52,860600,0
2015-12-14,7.49,7.52,7.2,7.24,550624,0
2015-12-15,7.26,7.41,7.23,7.35,467400,0
2015-12-16,7.39,7.5,7.38,7.46,438300,0
2015-12-17,7.49,7.73,7.47,7.71,657300,0
2015-12-18,7.65,7.65,7.27,7.4,1363600,0
2015-12-21,7.42,7.55,7.31,7.52,786700,0
2015-12-22,7.53,7.57,7.34,7.5,499486,0
2015-12-23,7.52,7.55,7.45,7.48,374500,0
2015-12-24,7.52,7.55,7.435,7.51,220413,0
2015-12-28,7.46,7.48,7.26,7.41,310659,0
2015-12-29,7.44,7.51,7.35,7.45,223803,0
2015-12-30,7.39,7.47,7.29,7.3,368910,0
2015-12-31,7.28,7.31,7.13,7.13,492655,0
2016-01-04,6.97,6.99,6.645,6.84,1112475,0
2016-01-05,6.82,6.89,6.71,6.84,551158,0
2016-01-06,6.75,6.81,6.48,6.5,771264,0
2016-01-07,6.36,6.475,6.22,6.23,1065246,0
2016-01-08,6.21,6.33,6.16,6.16,812377,0
2016-01-11,6.18,6.21,6.02,6.16,591764,0
2016-01-12,6.24,6.3,6.06,6.09,909195,0
2016-01-13,6.12,6.18,5.79,5.86,752604,0
2016-01-14,5.92,6.105,5.86,6.01,776489,0
2016-01-15,5.84,5.92,5.71,5.8,564360,0
2016-01-19,5.86,5.88,5.6,5.65,456400,0
2016-01-20,5.52,5.86,5.47,5.85,1183398,0
2016-01-21,5.82,5.99,5.735,5.81,1053453,0
2016-01-22,5.91,6.07,5.9,6.0,534960,0
2016-01-25,5.91,5.98,5.69,5.75,636025,0
2016-01-26,5.77,6.01,5.75,5.87,706260,0
2016-01-27,5.85,6.0,5.795,5.9,676324,0
2016-01-28,5.94,6.11,5.87,5.9,486199,0
2016-01-29,5.91,6.07,5.91,6.07,846643,0
2016-02-01,6.04,6.205,5.99,6.16,631477,0
2016-02-02,6.03,6.03,5.83,5.84,483678,0
2016-02-03,5.95,5.95,5.79,5.91,336300,0
2016-02-04,5.89,6.08,5.89,6.07,486795,0
2016-02-05,6.03,6.1,5.97,5.97,629647,0
2016-02-08,5.89,6.075,5.86,5.99,710358,0
2016-02-09,5.87,6.135,5.85,5.86,480877,0
2016-02-10,6.18,6.885,6.1,6.7,1317417,0
2016-02-11,6.49,6.73,6.245,6.41,1060567,0
2016-02-12,6.47,6.83,6.44,6.72,540997,0
2016-02-16,6.8,6.97,6.68,6.94,646900,0
2016-02-17,6.97,7.285,6.96,7.15,719980,0
2016-02-18,7.17,7.315,7.1,7.16,460082,0
2016-02-19,7.14,7.17,6.94,6.97,809749,0
2016-02-22,7.07,7.19,7.05,7.08,558879,0
2016-02-23,7.08,7.13,6.99,7.09,483207,0
2016-02-24,7.04,7.21,6.95,7.21,406680,0
2016-02-25,7.24,7.24,7.09,7.19,577363,0
2016-02-26,7.24,7.4,7.17,7.28,483996,0
2016-02-29,7.27,7.47,7.27,7.31,706763,0
2016-03-01,7.38,7.69,7.32,7.57,589258,0
2016-03-02,7.54,7.74,7.53,7.69,570645,0
2016-03-03,7.65,7.84,7.6,7.81,600384,0
2016-03-04,7.81,7.91,7.7,7.75,545041,0
2016-03-07,7.72,8.12,7.66,8.06,836921,0
2016-03-08,8.03,8.05,7.55,7.65,848172,0
2016-03-09,7.66,7.91,7.64,7.85,484705,0
2016-03-10,7.86,7.97,7.74,7.8,522961,0
2016-03-11,7.84,7.94,7.78,7.84,529636,0
2016-03-14,7.79,7.85,7.645,7.7,658108,0
2016-03-15,7.64,7.69,7.56,7.64,494052,0
2016-03-16,7.6,7.74,7.57,7.71,427121,0
2016-03-17,7.7,8.03,7.64,7.98,401699,0
2016-03-18,8.03,8.18,7.97,8.15,824103,0
2016-03-21,8.13,8.21,7.95,7.99,417071,0
2016-03-22,8.07,8.9,8.07,8.74,1408732,0
2016-03-23,8.64,8.72,8.495,8.5,436841,0
2016-03-24,8.47,8.63,8.4157,8.56,342990,0
2016-03-28,8.61,8.82,8.495,8.52,726958,0
2016-03-29,8.5,8.98,8.46,8.96,920828,0
2016-03-30,8.92,9.02,8.705,8.84,686939,0
2016-03-31,8.84,9.05,8.81,8.98,566751,0
2016-04-01,8.89,9.07,8.74,9.03,600558,0
2016-04-04,9.03,9.03,8.81,8.82,452955,0
2016-04-05,8.8,8.89,8.66,8.66,683611,0
2016-04-06,8.69,8.89,8.63,8.86,457475,0
2016-04-07,8.78,8.84,8.63,8.66,464260,0
2016-04-08,8.79,8.83,8.58,8.63,455268,0
2016-04-11,8.67,8.88,8.6,8.6,543490,0
2016-04-12,8.62,8.77,8.6,8.69,567954,0
2016-04-13,8.77,9.03,8.72,9.02,673732,0
2016-04-14,9.01,9.02,8.82,8.85,360880,0
2016-04-15,8.84,9.01,8.77,8.94,407311,0
2016-04-18,8.9,9.01,8.89,8.96,295332,0
2016-04-19,8.97,9.09,8.93,8.94,411636,0
2016-04-20,8.95,9.0,8.86,8.92,421138,0
2016-04-21,8.88,8.91,8.7,8.71,301411,0
2016-04-22,8.74,8.85,8.65,8.78,567482,0
2016-04-25,8.78,8.78,8.65,8.71,433256,0
2016-04-26,8.74,8.955,8.69,8.9,614029,0
2016-04-27,9.75,10.5,9.36,9.78,1791730,0
2016-04-28,9.11,9.79,9.1,9.54,1362977,0
2016-04-29,9.54,9.745,9.41,9.54,1040007,0
2016-05-02,9.6,9.895,9.5,9.85,1138926,0
2016-05-03,9.75,9.85,9.56,9.77,633508,0
2016-05-04,9.74,9.93,9.71,9.79,592915,0
2016-05-05,9.87,9.88,9.68,9.73,598410,0
2016-05-06,9.71,9.8,9.65,9.77,347114,0
2016-05-09,9.7,9.9,9.64,9.78,632607,0
2016-05-10,9.79,9.95,9.755,9.84,565689,0
2016-05-11,9.85,9.99,9.76,9.93,671304,0
2016-05-12,9.93,10.09,9.73,9.86,725128,0
2016-05-13,9.85,10.0,9.76,9.81,869432,0
2016-05-16,9.8,10.055,9.8,9.94,514538,0
2016-05-17,9.86,9.9,9.5601,9.65,648810,0
2016-05-18,9.62,9.7,9.485,9.54,485932,0
2016-05-19,9.49,9.58,9.42,9.54,469268,0
2016-05-20,9.6,9.705,9.57,9.66,592870,0
2016-05-23,9.65,9.66,9.5,9.55,656779,0
2016-05-24,9.66,9.95,9.57,9.86,557942,0
2016-05-25,9.86,9.93,9.78,9.82,362125,0
2016-05-26,9.84,9.9,9.77,9.81,217251,0
2016-05-27,9.84,9.96,9.79,9.85,432060,0
2016-05-31,9.86,10.04,9.815,9.94,685345,0
2016-06-01,9.93,10.25,9.9,10.19,827223,0
2016-06-02,10.17,10.335,10.14,10.3,519645,0
2016-06-03,10.3,10.36,10.21,10.26,435792,0
2016-06-06,10.25,10.37,10.22,10.32,513927,0
2016-06-07,10.3,10.47,10.26,10.4,686890,0
2016-06-08,10.42,10.53,10.335,10.49,457456,0
2016-06-09,10.39,10.62,10.37,10.6,732452,0
2016-06-10,10.43,10.565,10.39,10.42,551157,0
2016-06-13,10.34,10.49,10.25,10.25,403006,0
2016-06-14,10.25,10.39,10.16,10.21,359929,0
2016-06-15,10.29,10.38,10.25,10.25,394633,0
2016-06-16,10.2,10.46,10.15,10.44,631493,0
2016-06-17,10.47,10.66,10.33,10.37,1044091,0
2016-06-20,10.51,10.72,10.38,10.52,387046,0
2016-06-21,10.54,10.56,10.385,10.48,987880,0
2016-06-22,10.47,10.66,10.47,10.47,505182,0
2016-06-23,10.64,10.75,10.58,10.68,561015,0
2016-06-24,10.12,10.28,10.01,10.2,1010077,0
2016-06-27,10.02,10.03,9.66,9.77,869465,0
2016-06-28,9.9,10.1,9.76,9.79,1032235,0
2016-06-29,9.94,10.03,9.85,9.95,797131,0
2016-06-30,10.03,10.34,9.97,10.33,1155595,0
2016-07-01,10.29,10.53,10.245,10.33,835904,0
2016-07-05,10.3,10.43,10.23,10.25,586373,0
2016-07-06,10.21,10.33,10.12,10.26,455819,0
2016-07-07,10.27,10.45,10.16,10.2,450136,0
2016-07-08,10.29,10.65,10.26,10.64,697788,0
2016-07-11,10.71,10.885,10.69,10.8,403805,0
2016-07-12,10.92,11.16,10.87,11.1,698782,0
2016-07-13,11.16,11.16,11.02,11.11,882902,0
2016-07-14,11.23,11.25,11.04,11.04,326303,0
2016-07-15,11.12,11.13,10.95,10.99,432444,0
2016-07-18,11.0,11.18,11.0,11.14,543182,0
2016-07-19,11.14,11.17,11.04,11.07,367282,0
2016-07-20,11.13,11.23,11.08,11.14,360730,0
2016-07-21,11.14,11.29,11.01,11.02,569826,0
2016-07-22,11.03,11.28,10.96,11.19,374221,0
2016-07-25,11.11,11.16,11.0,11.08,398458,0
2016-07-26,11.08,11.28,11.05,11.09,842162,0
2016-07-27,11.09,11.28,11.09,11.22,574639,0
2016-07-28,11.22,11.27,11.16,11.16,381941,0
2016-07-29,11.17,11.3,11.1,11.24,790759,0
2016-08-01,11.24,11.4,11.13,11.26,991835,0
2016-08-02,11.65,11.75,10.12,10.24,2153205,0
2016-08-03,10.24,10.24,9.83,10.06,1323991,0
2016-08-04,10.11,10.16,9.76,9.83,1296537,0
2016-08-05,9.94,10.0,9.84,10.0,980221,0
2016-08-08,10.01,10.11,9.915,10.11,730643,0
2016-08-09,10.08,10.17,10.05,10.17,704516,0
2016-08-10,10.19,10.23,10.05,10.16,541047,0
2016-08-11,10.19,10.23,9.98,10.09,600512,0
2016-08-12,10.09,10.29,10.09,10.21,595830,0
2016-08-15,10.21,10.37,10.21,10.29,427305,0
2016-08-16,10.28,10.28,10.14,10.18,365297,0
2016-08-17,10.22,10.22,9.99,10.04,572733,0
2016-08-18,10.07,10.225,10.04,10.21,629883,0
2016-08-19,10.2,10.2,10.02,10.02,597583,0
2016-08-22,9.96,9.99,9.85,9.94,535958,0
2016-08-23,9.96,10.12,9.93,10.1,420167,0
2016-08-24,10.11,10.13,10.01,10.06,424824,0
2016-08-25,10.01,10.13,9.96,10.07,426999,0
2016-08-26,10.12,10.17,9.96,10.05,255853,0
2016-08-29,10.11,10.15,9.94,10.05,452592,0
2016-08-30,10.1,10.1,9.95,10.01,312031,0
2016-08-31,10.0,10.02,9.835,10.0,609608,0
2016-09-01,10.01,10.12,9.89,10.12,554199,0
2016-09-02,10.14,10.35,10.11,10.34,420881,0
2016-09-06,10.4,10.43,10.335,10.4,461531,0
2016-09-07,10.4,10.65,10.39,10.47,544212,0
2016-09-08,10.44,10.495,10.38,10.43,410021,0
2016-09-09,10.29,10.37,9.89,9.89,560370,0
2016-09-12,9.89,10.0,9.8,9.95,395734,0
2016-09-13,9.8,9.89,9.47,9.56,680241,0
2016-09-14,9.6,9.6197,9.39,9.43,616101,0
2016-09-15,9.4,9.61,9.39,9.54,428515,0
2016-09-16,9.54,9.71,9.4,9.64,937967,0
2016-09-19,9.7,9.81,9.63,9.74,334824,0
2016-09-20,9.8,9.81,9.55,9.65,516054,0
2016-09-21,9.71,9.79,9.59,9.76,249005,0
2016-09-22,9.85,9.9,9.76,9.88,854609,0
2016-09-23,9.82,9.88,9.74,9.77,347575,0
2016-09-26,9.72,9.72,9.52,9.52,457532,0
2016-09-27,9.52,9.54,9.445,9.49,433263,0
2016-09-28,9.5,9.66,9.46,9.66,637340,0
2016-09-29,9.63,9.67,9.5,9.51,518917,0
2016-09-30,9.6,9.67,9.35,9.64,1940182,0
2016-10-03,9.58,9.58,9.4,9.41,420455,0
2016-10-04,9.42,9.5,9.34,9.36,523470,0
2016-10-05,9.39,9.63,9.3,9.59,868841,0
2016-10-06,9.52,9.75,9.5,9.69,326806,0
2016-10-07,9.72,9.75,9.48,9.52,476504,0
2016-10-10,9.56,9.691,9.56,9.6,297304,0
2016-10-11,9.58,9.62,9.3,9.35,315474,0
2016-10-12,9.33,9.46,9.31,9.42,471911,0
2016-10-13,9.32,9.348,9.19,9.21,305701,0
2016-10-14,9.25,9.32,9.11,9.17,221288,0
2016-10-17,9.19,9.23,9.11,9.11,305872,0
2016-10-18,9.24,9.31,9.14,9.21,395826,0
2016-10-19,9.22,9.277,9.14,9.19,452284,0
2016-10-20,9.19,9.27,9.06,9.21,320151,0
2016-10-21,9.1,9.18,9.09,9.11,445399,0
2016-10-24,9.9,11.25,9.9,10.95,2399265,0
2016-10-25,10.8,11.6,10.755,11.5,1040626,0
2016-10-26,11.5,11.55,11.2,11.25,694462,0
2016-10-27,11.25,11.425,11.025,11.1,423787,0
2016-10-28,11.1,11.25,10.95,11.1,633926,0
2016-10-31,11.1,11.275,11.0,11.1,806998,0
2016-11-01,11.0,11.15,10.85,11.05,705246,0
2016-11-02,10.95,11.1,10.85,10.95,324241,0
2016-11-03,11.0,11.1,10.7,10.8,414856,0
2016-11-04,10.9,11.05,10.7,10.7,497096,0
2016-11-07,10.95,11.1,10.825,10.95,1545688,0
2016-11-08,11.0,11.45,10.9,11.05,1094515,0
2016-11-09,10.9,11.75,10.9,11.75,748372,0
2016-11-10,11.85,12.15,11.6,11.8,1089077,0
2016-11-11,11.8,12.05,11.65,12.05,982039,0
2016-11-14,12.1,12.55,12.1,12.35,1012010,0
2016-11-15,12.35,12.4277,12.1,12.2,551692,0
2016-11-16,12.2,12.425,12.15,12.25,668479,0
2016-11-17,12.35,12.75,12.3,12.6,1482649,0
2016-11-18,12.5,12.5,11.9,12.35,1243231,0
2016-11-21,12.55,12.6,12.2,12.4,723710,0
2016-11-22,12.6,12.85,12.5,12.75,866510,0
2016-11-23,12.7,12.95,12.605,12.7,525498,0
2016-11-25,12.7,13.0,12.7,12.85,248528,0
2016-11-28,12.9,13.0,12.675,12.75,707398,0
2016-11-29,12.75,13.0,12.6,12.75,962638,0
2016-11-30,12.85,12.95,12.35,12.45,679227,0
2016-12-01,12.45,12.65,12.3,12.65,667481,0
2016-12-02,12.6,12.85,12.5,12.6,751966,0
2016-12-05,12.75,13.1,12.75,12.75,780160,0
2016-12-06,12.75,13.2,12.55,13.2,858539,0
2016-12-07,13.1,13.425,13.05,13.3,604707,0
2016-12-08,13.1,13.525,13.1,13.35,566410,0
2016-12-09,13.45,13.45,13.075,13.1,597374,0
2016-12-12,13.1,13.1,12.85,13.1,487044,0
2016-12-13,13.15,13.25,12.8,12.85,795834,0
2016-12-14,12.9,13.54,12.9,13.25,1018600,0
2016-12-15,13.3,13.7,13.175,13.6,979694,0
2016-12-16,13.7,13.995,13.375,13.4,1121741,0
2016-12-19,13.5,13.7,13.3,13.55,693622,0
2016-12-20,13.7,13.775,13.45,13.6,572695,0
2016-12-21,13.55,13.8,13.45,13.7,324056,0
2016-12-22,13.7,13.9,13.45,13.65,489590,0
2016-12-23,13.65,13.75,13.4,13.4,349901,0
2016-12-27,13.35,13.525,13.25,13.5,321617,0
2016-12-28,13.55,13.55,13.15,13.25,262383,0
2016-12-29,13.3,13.375,13.2,13.25,242040,0
2016-12-30,13.25,13.3,13.0,13.05,503502,0
2017-01-03,13.3,13.45,13.05,13.2,499615,0
2017-01-04,13.25,13.55,13.2,13.5,411842,0
2017-01-05,13.45,13.5,13.25,13.3,457084,0
2017-01-06,13.25,13.3,13.0,13.15,597813,0
2017-01-09,13.15,13.2,12.65,12.75,628408,0
2017-01-10,12.8,13.0,12.65,13.0,572942,0
2017-01-11,12.95,13.0,12.7,12.8,374378,0
2017-01-12,12.7,12.75,12.4,12.5,470209,0
2017-01-13,12.65,12.85,12.5,12.7,503686,0
2017-01-17,12.6,12.7,12.45,12.45,351040,0
2017-01-18,12.45,12.55,12.35,12.5,520042,0
2017-01-19,12.5,12.5,12.175,12.25,503922,0
2017-01-20,12.25,12.4,12.0,12.15,536968,0
2017-01-23,12.2,12.35,12.1,12.3,470016,0
2017-01-24,12.4,12.75,12.35,12.75,436933,0
2017-01-25,12.85,13.25,12.7,13.2,631116,0
2017-01-26,13.1,13.3,12.85,13.2,884939,0
2017-01-27,13.2,13.2,12.85,12.9,357292,0
2017-01-30,12.85,13.0,12.5,12.9,481784,0
2017-01-31,12.85,12.875,12.575,12.75,598414,0
2017-02-01,12.85,13.05,12.575,12.8,409009,0
2017-02-02,12.8,12.85,12.6,12.65,316069,0
2017-02-03,12.85,12.95,12.7,12.85,317965,0
2017-02-06,12.8,12.9,12.55,12.55,219128,0
2017-02-07,12.6,12.75,12.5,12.75,378599,0
2017-02-08,12.65,12.75,12.475,12.7,691006,0
2017-02-09,12.65,13.1,12.605,12.85,419059,0
2017-02-10,12.95,13.05,12.75,13.05,282633,0
2017-02-13,13.1,13.25,12.8,12.9,244173,0
2017-02-14,12.8,13.325,12.7,13.05,622585,0
2017-02-15,12.95,13.15,12.65,13.0,1121545,0
2017-02-16,13.0,13.1,12.675,12.75,731159,0
2017-02-17,12.75,12.9,12.575,12.7,683855,0
2017-02-21,12.7,13.075,12.65,12.9,744309,0
2017-02-22,13.5,14.2,13.45,14.15,1707585,0
2017-02-23,14.3,14.4,13.95,14.05,950121,0
2017-02-24,13.85,14.25,13.8,14.1,652600,0
2017-02-27,14.2,14.45,13.8,13.9,1155811,0
2017-02-28,13.9,13.95,13.4,13.4,943087,0
2017-03-01,13.65,13.9857,13.55,13.9,642769,0
2017-03-02,13.85,13.95,13.4,13.75,548480,0
2017-03-03,13.75,13.85,13.25,13.3,597826,0
2017-03-06,13.2,13.3,13.0,13.1,475187,0
2017-03-07,13.05,13.175,12.85,12.85,436418,0
2017-03-08,12.85,12.95,12.55,12.55,572444,0
2017-03-09,12.5,12.65,12.2,12.25,482476,0
2017-03-10,12.4,12.925,12.4,12.85,729168,0
2017-03-13,12.9,13.0,12.71,12.95,460430,0
2017-03-14,12.9,13.0,12.65,12.9,376972,0
2017-03-15,12.9,13.2,12.8,13.2,563864,0
2017-03-16,13.2,13.25,13.1,13.2,442889,0
2017-03-17,13.25,13.45,13.15,13.35,793872,0
2017-03-20,13.3,13.65,13.0,13.5,1514302,0
2017-03-21,13.65,13.75,13.25,13.25,748801,0
2017-03-22,13.3,13.4,12.75,12.8,682996,0
2017-03-23,12.75,13.225,12.65,13.1,687874,0
2017-03-24,13.15,13.275,12.825,13.0,402987,0
2017-03-27,12.85,13.0,12.6,12.95,444685,0
2017-03-28,12.85,13.0,12.7,12.9,337392,0
2017-03-29,12.85,13.05,12.79,12.95,324737,0
2017-03-30,12.9,13.0,12.75,12.9,461898,0
2017-03-31,12.95,13.2,12.9,13.15,472592,0
2017-04-03,13.2,13.2,12.75,13.0,515726,0
2017-04-04,13.0,13.65,12.95,13.6,1183001,0
2017-04-05,13.7,13.7,13.225,13.5,1399033,0
2017-04-06,13.5,13.6,13.275,13.55,679110,0
2017-04-07,13.45,13.65,13.375,13.55,781980,0
2017-04-10,13.55,13.7,13.5,13.55,465986,0
2017-04-11,13.45,13.75,13.45,13.6,435339,0
2017-04-12,13.65,13.65,13.3,13.5,791221,0
2017-04-13,13.5,13.6,13.25,13.45,582107,0
2017-04-17,13.45,13.6,13.3,13.55,275572,0
2017-04-18,13.5,13.725,13.5,13.55,573319,0
2017-04-19,13.65,13.9,13.55,13.6,421629,0
2017-04-20,13.7,14.05,13.65,14.0,358857,0
2017-04-21,13.95,14.0,13.7,13.75,398201,0
2017-04-24,14.05,14.2,13.95,14.1,367350,0
2017-04-25,14.25,14.4,14.15,14.3,408948,0
2017-04-26,14.25,14.7,14.225,14.5,630841,0
2017-04-27,14.6,14.7,14.35,14.7,480505,0
2017-04-28,14.7,14.7,14.2,14.25,616892,0
2017-05-01,14.35,14.4,14.1,14.2,366903,0
2017-05-02,14.2,14.35,14.05,14.2,735712,0
2017-05-03,14.55,14.75,13.7,13.85,685241,0
2017-05-04,13.8,13.825,13.05,13.45,1630561,0
2017-05-05,13.5,13.65,13.0,13.1,1151735,0
2017-05-08,13.1,13.15,12.55,12.55,864846,0
2017-05-09,12.55,12.55,12.295,12.45,797676,0
2017-05-10,12.4,12.65,12.3,12.65,646725,0
2017-05-11,12.65,12.7,12.4,12.45,561498,0
2017-05-12,12.35,12.4,12.15,12.25,560427,0
2017-05-15,12.25,12.35,12.1,12.2,405509,0
2017-05-16,12.2,12.25,11.94,12.0,405651,0
2017-05-17,11.9,11.9,11.6,11.6,591897,0
2017-05-18,11.6,11.65,11.45,11.6,623850,0
2017-05-19,11.55,11.65,11.275,11.45,1250234,0
2017-05-22,11.4,11.55,11.225,11.25,824560,0
2017-05-23,11.3,11.4,11.15,11.25,517328,0
2017-05-24,11.25,11.4,11.175,11.35,645038,0
2017-05-25,11.35,11.45,11.2,11.25,569501,0
2017-05-26,11.2,11.325,11.06,11.25,563602,0
2017-05-30,11.2,11.425,11.2,11.25,485193,0
2017-05-31,11.25,11.5,11.15,11.35,691576,0
2017-06-01,11.35,11.75,11.3,11.75,636021,0
2017-06-02,11.75,11.925,11.65,11.75,541572,0
2017-06-05,11.75,11.75,11.35,11.35,488076,0
2017-06-06,11.35,11.55,11.245,11.4,378481,0
2017-06-07,11.4,11.45,11.2,11.25,446068,0
2017-06-08,11.2,11.825,11.175,11.8,496000,0
2017-06-09,11.8,11.825,11.6,11.65,664669,0
2017-06-12,11.5,11.85,11.5,11.75,401789,0
2017-06-13,11.7,11.75,11.4,11.65,466955,0
2017-06-14,11.65,11.7,11.475,11.55,279975,0
2017-06-15,11.45,11.65,11.35,11.6,337273,0
2017-06-16,11.3,11.45,11.2,11.35,705247,0
2017-06-19,11.45,11.6,11.2,11.6,357443,0
2017-06-20,11.45,11.475,11.2,11.2,477789,0
2017-06-21,11.3,11.4,11.15,11.2,371553,0
2017-06-22,11.15,11.35,11.15,11.2,202370,0
2017-06-23,11.2,11.45,11.15,11.35,428033,0
2017-06-26,11.4,11.55,11.25,11.45,639808,0
2017-06-27,11.45,11.575,11.25,11.45,551525,0
2017-06-28,11.55,11.75,11.475,11.7,394458,0
2017-06-29,11.7,11.7,11.45,11.45,398369,0
2017-06-30,11.45,11.75,11.45,11.65,508146,0
2017-07-03,11.6,11.7,11.55,11.65,194556,0
2017-07-05,11.6,11.7,11.525,11.7,420327,0
2017-07-06,11.6,11.75,11.5,11.65,587642,0
2017-07-07,11.65,12.075,11.55,12.0,488317,0
2017-07-10,11.95,11.975,11.75,11.9,537936,0
2017-07-11,11.9,12.025,11.75,11.85,450902,0
2017-07-12,11.95,12.1,11.8,11.9,709660,0
2017-07-13,11.9,12.0,11.8,12.0,347821,0
2017-07-14,11.9,11.98,11.8,11.8,313155,0
2017-07-17,11.85,12.1,11.85,12.0,354654,0
2017-07-18,11.9,12.05,11.8,11.95,314076,0
2017-07-19,12.0,12.15,11.9641,12.0,329559,0
2017-07-20,12.0,12.1,11.95,12.05,621138,0
2017-07-21,12.15,12.15,11.85,11.9,429924,0
2017-07-24,11.9,11.9,11.75,11.85,641228,0
2017-07-25,11.85,12.2,11.85,12.0,736325,0
2017-07-26,12.05,12.2,11.95,12.0,518337,0
2017-07-27,12.0,12.1,11.8,11.8,379385,0
2017-07-28,11.8,11.95,11.7,11.85,345425,0
2017-07-31,11.85,11.9,11.65,11.65,1175343,0
2017-08-01,11.8,11.9,11.2,11.35,1219318,0
2017-08-02,11.4,11.4,10.35,10.55,1099583,0
2017-08-03,10.6,10.9,10.6,10.75,795674,0
2017-08-04,10.75,11.025,10.75,10.9,663973,0
2017-08-07,10.9,11.325,10.9,11.2,787700,0
2017-08-08,11.2,11.326,11.1,11.15,822647,0
2017-08-09,11.05,11.2,10.9,10.9,940348,0
2017-08-10,10.9,11.05,10.8,10.9,759138,0
2017-08-11,10.8,11.15,10.8,10.9,815330,0
2017-08-14,10.9,11.3,10.9,11.2,603048,0
2017-08-15,11.15,11.175,10.85,10.95,677690,0
2017-08-16,11.0,11.2,10.9,10.95,352425,0
2017-08-17,10.95,11.15,10.75,10.75,665662,0
2017-08-18,10.65,11.0,10.65,10.75,499413,0
2017-08-21,10.8,11.0,10.7,10.9,412127,0
2017-08-22,10.9,11.0,10.8,10.9,402818,0
2017-08-23,10.9,11.1278,10.85,10.85,695342,0
2017-08-24,10.95,11.075,10.85,10.85,414544,0
2017-08-25,10.85,11.05,10.8,10.9,314784,0
2017-08-28,10.9,11.0,10.8,10.85,611195,0
2017-08-29,10.7,11.1,10.7,10.9,499931,0
2017-08-30,10.85,11.025,10.85,10.9,585857,0
2017-08-31,10.95,11.175,10.95,10.95,542041,0
2017-09-01,11.05,11.2,11.025,11.1,340486,0
2017-09-05,11.05,11.15,10.85,10.95,546820,0
2017-09-06,10.95,11.1,10.85,11.0,440511,0
2017-09-07,10.95,11.05,10.8,10.95,441181,0
2017-09-08,10.9,10.95,10.675,10.75,604519,0
2017-09-11,10.85,11.05,10.7815,11.0,579371,0
2017-09-12,11.05,11.35,11.0,11.2,408127,0
2017-09-13,11.15,11.275,11.15,11.15,551247,0
2017-09-14,11.15,11.4,11.15,11.25,295153,0
2017-09-15,11.25,11.4,11.2,11.35,706273,0
2017-09-18,11.35,11.8,11.35,11.75,586492,0
2017-09-19,11.7,11.8,11.675,11.75,326837,0
2017-09-20,11.75,11.875,11.65,11.65,404136,0
2017-09-21,11.6,11.7,11.425,11.5,266068,0
2017-09-22,11.5,11.65,11.475,11.6,485754,0
2017-09-25,11.55,11.775,11.55,11.65,309621,0
2017-09-26,11.65,12.0,11.65,11.85,484032,0
2017-09-27,11.9,12.275,11.8,12.25,490726,0
2017-09-28,12.2,12.35,12.025,12.15,344329,0
2017-09-29,12.1,12.2,11.9,11.9,459403,0
2017-10-02,11.95,12.55,11.9,12.5,632693,0
2017-10-03,12.5,12.7,12.425,12.7,521189,0
2017-10-04,12.6,12.75,12.55,12.6,470430,0
2017-10-05,12.65,12.75,12.55,12.6,493055,0
2017-10-06,12.5,12.65,12.45,12.65,459598,0
2017-10-09,12.65,12.725,12.275,12.3,803676,0
2017-10-10,12.45,12.65,12.35,12.6,836624,0
2017-10-11,12.65,12.85,12.55,12.7,661225,0
2017-10-12,12.7,13.0,12.55,12.9,706257,0
2017-10-13,12.95,13.275,12.75,13.15,664989,0
2017-10-16,13.1,13.15,12.9,13.0,698721,0
2017-10-17,13.0,13.05,12.6,12.85,595492,0
2017-10-18,12.9,13.0,12.65,12.9,713634,0
2017-10-19,12.85,12.85,12.65,12.75,284626,0
2017-10-20,12.8,12.95,12.75,12.85,293725,0
2017-10-23,12.9,12.9,12.6,12.65,368237,0
2017-10-24,12.65,12.85,12.625,12.75,439357,0
2017-10-25,12.7,13.0,12.65,12.95,565755,0
2017-10-26,13.0,13.05,12.85,13.0,424313,0
2017-10-27,12.925,13.15,12.725,13.05,602557,0
2017-10-30,13.45,13.625,12.725,12.95,1173424,0
2017-10-31,12.8,13.35,12.8,13.05,922353,0
2017-11-01,13.1,13.25,12.7,12.7,693354,0
2017-11-02,12.6,12.9,12.55,12.8,797393,0
2017-11-03,12.8,13.0,12.75,12.85,405280,0
2017-11-06,12.9,13.125,12.76,13.05,527717,0
2017-11-07,12.85,13.075,12.85,12.85,580517,0
2017-11-08,12.8,12.9,12.65,12.8,422951,0
2017-11-09,12.75,13.05,12.75,12.75,700103,0
2017-11-10,12.75,13.05,12.75,12.85,611093,0
