Date,Open,High,Low,Close,Volume,OpenInt
2014-01-02,73.964,74.345,73.592,73.627,2650466,0
2014-01-03,73.7,74.254,73.592,73.873,1997246,0
2014-01-06,73.791,73.964,73.001,73.091,2547880,0
2014-01-07,73.364,74.365,73.202,73.982,3711588,0
2014-01-08,73.772,74.599,73.737,74.555,4647159,0
2014-01-09,74.436,75.369,74.416,75.279,4467324,0
2014-01-10,75.099,75.525,74.772,75.507,4814520,0
2014-01-13,75.062,75.089,73.33,73.564,4343121,0
2014-01-14,73.311,74.645,73.247,74.374,3623725,0
2014-01-15,74.499,76.514,74.064,76.433,4721492,0
2014-01-16,75.815,76.469,75.452,76.341,4609794,0
2014-01-17,75.905,77.049,75.898,76.622,4145528,0
2014-01-21,77.178,77.178,76.105,77.077,3340102,0
2014-01-22,76.651,77.939,76.651,77.503,3927195,0
2014-01-23,76.903,77.202,75.779,76.16,4570055,0
2014-01-24,75.59,75.598,73.665,73.674,3729111,0
2014-01-27,73.82,74.325,72.767,73.646,2909282,0
2014-01-28,74.174,74.335,73.447,73.781,3300889,0
2014-01-29,73.756,74.209,72.72,72.891,2978975,0
2014-01-30,73.555,73.82,72.776,73.255,2473363,0
2014-01-31,72.603,72.947,71.533,72.495,4073472,0
2014-02-03,72.62,73.221,70.478,70.869,4126657,0
2014-02-04,71.142,71.251,70.696,70.86,2873898,0
2014-02-05,70.671,71.269,70.26,70.399,3485453,0
2014-02-06,70.671,71.46,70.596,71.26,2451511,0
2014-02-07,71.523,73.265,71.394,73.131,3826277,0
2014-02-10,72.776,73.131,72.404,72.576,2644468,0
2014-02-11,73.081,73.412,72.738,73.101,2487945,0
2014-02-12,73.364,74.274,73.364,73.7,2742882,0
2014-02-13,73.382,74.398,73.173,74.183,2088133,0
2014-02-14,74.174,74.808,73.854,74.517,2231661,0
2014-02-18,74.509,75.099,74.218,74.953,2219093,0
2014-02-19,74.799,75.997,74.636,75.56,4188895,0
2014-02-20,75.498,75.861,75.272,75.671,2716502,0
2014-02-21,75.871,76.405,75.807,76.051,2607737,0
2014-02-24,75.969,76.913,75.879,76.187,2030912,0
2014-02-25,76.233,76.233,75.298,75.698,2412773,0
2014-02-26,76.015,76.051,75.425,75.688,2190091,0
2014-02-27,74.781,75.952,74.365,75.652,2322820,0
2014-02-28,75.607,76.059,75.081,75.642,2666565,0
2014-03-03,74.934,75.099,74.218,74.871,2171360,0
2014-03-04,75.706,76.804,75.652,76.215,2443772,0
2014-03-05,76.178,76.424,75.76,76.333,1976700,0
2014-03-06,76.45,76.56,75.861,76.051,2177773,0
2014-03-07,76.522,76.859,75.871,76.168,2150685,0
2014-03-10,76.069,76.478,75.724,76.269,1675802,0
2014-03-11,76.522,76.778,75.671,75.824,1859265,0
2014-03-12,75.47,75.607,74.953,75.099,2912607,0
2014-03-13,75.335,75.343,74.3,74.499,2977585,0
2014-03-14,74.398,74.843,73.801,73.854,2257560,0
2014-03-17,74.39,75.716,74.174,75.68,2519552,0
2014-03-18,75.952,76.341,75.624,76.042,2403331,0
2014-03-19,75.842,76.069,74.325,74.99,2186731,0
2014-03-20,74.871,75.416,74.244,75.379,1826121,0
2014-03-21,75.724,75.952,74.99,75.172,5288068,0
2014-03-24,75.616,76.069,74.064,74.416,3303983,0
2014-03-25,74.972,76.005,74.953,75.798,3168972,0
2014-03-26,76.233,76.341,75.298,75.298,4378026,0
2014-03-27,72.702,72.867,69.199,71.513,16331473,0
2014-03-28,72.194,72.566,71.213,71.523,7832966,0
2014-03-31,71.848,72.475,71.014,72.348,4758098,0
2014-04-01,72.239,72.305,71.666,72.185,4272501,0
2014-04-02,71.957,72.738,71.748,72.595,3406821,0
2014-04-03,72.412,72.603,70.833,72.013,3954236,0
2014-04-04,72.23,72.322,70.843,70.914,4541256,0
2014-04-07,70.424,71.686,70.326,71.585,5033600,0
2014-04-08,71.213,71.741,70.951,71.051,4156954,0
2014-04-09,71.326,72.142,70.978,72.08,3778946,0
2014-04-10,72.162,72.311,70.508,70.564,3830810,0
2014-04-11,70.225,71.297,70.133,70.803,5184765,0
2014-04-14,71.153,72.226,70.609,71.473,3999067,0
2014-04-15,71.704,72.512,71.105,72.484,3629453,0
2014-04-16,73.054,73.465,72.531,72.658,4106381,0
2014-04-17,72.311,73.016,71.64,72.464,4821342,0
2014-04-21,72.445,73.219,72.311,73.21,2639192,0
2014-04-22,73.088,73.475,72.474,73.147,2382067,0
2014-04-23,72.861,73.229,72.648,72.658,2192867,0
2014-04-24,72.971,72.979,71.602,71.969,3678892,0
2014-04-25,72.638,72.759,71.887,72.033,2903411,0
2014-04-28,72.142,72.861,71.572,72.621,3868468,0
2014-04-29,72.586,73.264,72.41,73.18,2521497,0
2014-04-30,71.316,73.833,71.041,73.677,3752637,0
2014-05-01,73.641,74.118,73.154,73.33,2599066,0
2014-05-02,73.475,73.659,72.871,72.887,1957365,0
2014-05-05,72.319,72.722,71.988,72.556,2082955,0
2014-05-06,72.556,72.556,72.172,72.311,2383286,0
2014-05-07,72.319,72.438,71.373,71.832,3725674,0
2014-05-08,71.795,72.595,71.648,72.402,2839139,0
2014-05-09,72.383,72.402,71.712,72.319,1961119,0
2014-05-12,72.291,73.016,72.291,72.732,3087310,0
2014-05-13,72.779,73.457,72.739,73.18,1503431,0
2014-05-14,72.464,73.118,72.18,72.419,1857237,0
2014-05-15,72.402,73.383,71.897,72.025,3037928,0
2014-05-16,72.281,73.246,72.142,73.045,2803776,0
2014-05-19,72.722,73.088,72.494,73.071,1880959,0
2014-05-20,72.879,73.071,71.814,72.006,1956839,0
2014-05-21,71.795,72.997,71.795,72.895,1718324,0
2014-05-22,72.934,73.054,72.445,72.971,1425442,0
2014-05-23,73.18,73.438,72.997,73.282,1306352,0
2014-05-27,73.301,73.677,73.19,73.566,1996989,0
2014-05-28,73.53,73.614,72.979,73.088,2115719,0
2014-05-29,73.413,73.899,72.971,73.861,1438086,0
2014-05-30,73.899,74.843,73.724,74.807,2697396,0
2014-06-02,74.486,75.074,74.477,74.643,1718264,0
2014-06-03,74.587,75.312,74.486,75.193,2482886,0
2014-06-04,75.193,76.901,74.843,76.645,4970964,0
2014-06-05,76.716,76.828,76.157,76.764,2518829,0
2014-06-06,76.783,77.039,76.562,76.716,2644747,0
2014-06-09,76.681,77.664,76.598,77.387,2278852,0
2014-06-10,77.213,77.599,76.746,76.818,2057111,0
2014-06-11,76.553,76.8,75.891,76.175,2615599,0
2014-06-12,76.267,76.341,75.396,75.699,2099979,0
2014-06-13,76.194,76.598,75.781,75.983,1769252,0
2014-06-16,75.716,76.277,75.579,76.065,1967436,0
2014-06-17,75.891,76.223,75.55,75.781,1889596,0
2014-06-18,75.8,76.038,75.524,75.946,2942489,0
2014-06-19,76.231,76.571,75.964,76.286,2561188,0
2014-06-20,76.165,76.589,75.689,76.35,4523459,0
2014-06-23,76.131,76.213,75.459,75.928,3227191,0
2014-06-24,75.956,76.213,75.55,75.716,3044023,0
2014-06-25,75.598,76.716,75.468,76.286,4067688,0
2014-06-26,76.185,76.369,73.264,74.881,8063631,0
2014-06-27,74.477,75.128,74.368,74.715,4364634,0
2014-06-30,74.486,74.944,74.165,74.246,3781271,0
2014-07-01,74.477,74.963,74.311,74.623,2331756,0
2014-07-02,74.393,74.843,74.073,74.45,2613554,0
2014-07-03,74.633,75.027,74.596,74.9,1135464,0
2014-07-07,74.504,74.688,74.184,74.44,2268559,0
2014-07-08,74.385,74.633,74.219,74.494,1976845,0
2014-07-09,74.531,74.835,73.962,74.063,3140109,0
2014-07-10,73.549,73.861,73.2,73.264,3228268,0
2014-07-11,73.364,73.576,73.062,73.264,2816356,0
2014-07-14,73.623,73.769,72.795,72.979,2826254,0
2014-07-15,72.887,73.347,72.648,72.887,3478717,0
2014-07-16,73.347,73.576,72.971,73.237,3727465,0
2014-07-17,73.154,73.566,72.722,72.779,2294867,0
2014-07-18,73.007,73.282,72.419,73.237,3069187,0
2014-07-21,73.338,73.659,72.915,73.291,2162121,0
2014-07-22,73.475,74.091,73.465,73.742,2292633,0
2014-07-23,73.842,74.192,73.65,74.019,2704288,0
2014-07-24,73.777,74.302,73.686,74.11,2249057,0
2014-07-25,73.769,74.237,73.586,73.825,1619698,0
2014-07-28,73.641,74.318,73.448,74.073,1959016,0
2014-07-29,74.019,74.358,73.899,73.999,2631517,0
2014-07-30,74.027,74.276,73.614,73.926,1875482,0
2014-07-31,73.393,74.082,72.759,72.813,2989624,0
2014-08-01,72.419,72.997,71.959,72.281,2616035,0
2014-08-04,72.531,73.007,72.098,72.879,2352807,0
2014-08-05,72.521,72.803,71.674,72.05,2355345,0
2014-08-06,70.958,71.766,70.6,71.491,3368316,0
2014-08-07,71.923,72.18,71.032,71.18,2327920,0
2014-08-08,71.381,72.484,71.07,72.438,2747090,0
2014-08-11,72.521,73.035,72.199,72.521,3191893,0
2014-08-12,72.455,72.788,71.941,72.162,2245670,0
2014-08-13,72.546,72.788,72.118,72.546,2290473,0
2014-08-14,72.732,72.803,72.445,72.803,1831841,0
2014-08-15,72.997,73.413,72.189,72.566,2758814,0
2014-08-18,72.934,73.457,72.861,73.301,2091213,0
2014-08-19,73.421,73.935,73.154,73.769,1810678,0
2014-08-20,73.769,73.926,73.364,73.842,1322304,0
2014-08-21,74.082,74.42,73.861,74.227,1480928,0
2014-08-22,74.027,74.227,73.842,73.943,1970921,0
2014-08-25,74.43,74.944,74.285,74.377,1888759,0
2014-08-26,74.669,75.304,74.578,74.963,2652011,0
2014-08-27,74.816,74.926,74.175,74.377,1881456,0
2014-08-28,74.019,75.128,73.777,74.412,2010032,0
2014-08-29,74.688,74.688,73.952,74.45,1542414,0
2014-09-02,74.348,74.843,74.311,74.504,1909710,0
2014-09-03,74.9,75.275,74.669,75.184,2222548,0
2014-09-04,75.376,75.459,74.871,75.092,3028074,0
2014-09-05,75.036,75.376,74.825,75.156,2478870,0
2014-09-08,75.083,75.358,74.891,75.065,2047056,0
2014-09-09,75.036,75.074,74.118,74.348,2366779,0
2014-09-10,74.348,74.715,74.118,74.587,2093316,0
2014-09-11,74.45,74.881,74.227,74.862,2020991,0
2014-09-12,74.669,74.908,74.009,74.368,3050556,0
2014-09-15,74.385,74.531,73.889,74.027,2122302,0
2014-09-16,73.338,73.907,72.722,73.558,4560368,0
2014-09-17,73.54,73.668,72.879,73.18,3396227,0
2014-09-18,73.549,74.126,73.282,73.899,3303870,0
2014-09-19,74.063,74.246,73.147,73.413,4753161,0
2014-09-22,73.403,73.403,72.621,72.759,4026941,0
2014-09-23,72.759,73.118,72.464,73.108,4696400,0
2014-09-24,71.592,73.87,71.234,73.659,7485844,0
2014-09-25,73.448,73.576,72.134,72.537,6040265,0
2014-09-26,72.769,72.895,72.326,72.823,3170643,0
2014-09-29,71.877,73.457,71.712,73.403,3230811,0
2014-09-30,73.291,75.101,72.41,74.688,5932928,0
2014-10-01,74.56,74.623,73.054,73.219,4121871,0
2014-10-02,73.007,73.301,72.326,72.952,3316637,0
2014-10-03,73.475,74.053,73.475,73.769,2818045,0
2014-10-06,73.842,74.348,73.686,74.145,2694939,0
2014-10-07,73.943,73.99,72.373,72.383,3257085,0
2014-10-08,72.016,73.549,71.998,73.33,5334721,0
2014-10-09,73.421,73.485,71.748,71.814,4299732,0
2014-10-10,72.016,72.393,70.536,70.573,3690405,0
2014-10-13,70.573,71.014,70.032,70.066,3628073,0
2014-10-14,70.39,70.858,69.783,69.959,7422147,0
2014-10-15,69.12,70.926,68.869,70.609,5168198,0
2014-10-16,69.753,71.306,69.446,70.888,4993207,0
2014-10-17,71.522,71.66,71.047,71.326,2941180,0
2014-10-20,70.451,71.439,70.126,71.159,2640066,0
2014-10-21,71.522,72.815,71.289,72.544,2559631,0
2014-10-22,72.704,73.439,72.071,72.109,2601347,0
2014-10-23,72.815,73.059,72.323,72.686,2123419,0
2014-10-24,72.704,73.607,72.677,72.937,2485708,0
2014-10-27,72.637,73.933,72.554,73.56,3634425,0
2014-10-28,73.803,73.989,73.542,73.979,2648421,0
2014-10-29,73.979,74.425,73.542,74.053,2613380,0
2014-10-30,73.867,75.079,73.867,75.05,2981433,0
2014-10-31,75.478,75.795,75.347,75.516,3319022,0
2014-11-03,75.432,75.748,75.097,75.375,2477966,0
2014-11-04,75.302,75.674,75.199,75.543,2547327,0
2014-11-05,75.87,76.8,75.729,76.782,3439341,0
2014-11-06,76.512,77.555,76.436,77.488,2800399,0
2014-11-07,77.488,77.964,77.004,77.712,2690854,0
2014-11-10,77.413,78.521,77.413,78.345,2625887,0
2014-11-11,78.317,78.662,77.991,78.14,1772802,0
2014-11-12,78.038,78.402,77.796,78.309,2072842,0
2014-11-13,78.224,78.922,78.01,78.606,2510629,0
2014-11-14,78.448,78.885,78.243,78.792,2983328,0
2014-11-17,78.597,78.932,78.317,78.802,2030453,0
2014-11-18,78.802,78.913,78.271,78.475,2917089,0
2014-11-19,78.252,78.382,77.694,77.861,2274517,0
2014-11-20,77.712,78.112,77.413,77.675,1690222,0
2014-11-21,78.495,78.541,77.927,78.271,2367950,0
2014-11-24,78.187,79.128,78.187,79.062,2151861,0
2014-11-25,78.941,79.481,78.922,79.426,3733089,0
2014-11-26,79.388,79.396,78.951,79.266,2073391,0
2014-11-28,79.396,80.515,79.304,80.365,1853101,0
2014-12-01,80.057,81.064,79.695,80.057,2947212,0
2014-12-02,79.983,80.263,79.36,80.041,2690159,0
2014-12-03,80.43,80.617,79.855,80.542,1856726,0
2014-12-04,80.44,80.58,79.993,80.374,1852413,0
2014-12-05,80.347,80.515,80.134,80.236,2395421,0
2014-12-08,80.207,80.207,78.913,79.099,2340814,0
2014-12-09,78.411,79.333,78.187,79.295,1776131,0
2014-12-10,79.313,79.416,77.843,77.945,2119640,0
2014-12-11,78.485,79.528,77.898,78.084,2545164,0
2014-12-12,77.648,77.702,76.204,76.242,2991459,0
2014-12-15,76.455,77.126,76.046,76.224,3396266,0
2014-12-16,76.335,78.402,76.018,77.144,4712112,0
2014-12-17,77.144,79.416,77.126,79.406,5458088,0
2014-12-18,82.031,84.703,81.725,83.539,9580307,0
2014-12-19,83.921,85.047,83.446,84.256,6961558,0
2014-12-22,83.857,84.945,83.568,84.88,3215822,0
2014-12-23,85.038,85.411,84.433,85.104,2307907,0
2014-12-24,85.159,85.588,85.002,85.011,982766,0
2014-12-26,85.086,85.383,84.88,84.954,1282571,0
2014-12-29,84.619,84.76,84.006,84.266,2142873,0
2014-12-30,84.247,84.565,83.773,83.959,1849693,0
2014-12-31,83.95,84.228,83.12,83.14,1891971,0
2015-01-02,83.475,83.865,82.321,82.703,2171604,0
2015-01-05,81.956,82.218,81.156,81.306,3221502,0
2015-01-06,81.455,81.706,80.067,80.718,3080378,0
2015-01-07,81.362,82.62,81.138,82.414,3078219,0
2015-01-08,82.851,83.921,82.703,83.671,3016288,0
2015-01-09,83.735,83.921,83.204,83.578,2578039,0
2015-01-12,82.954,83.8,82.767,83.326,2598025,0
2015-01-13,83.568,85.028,82.991,83.623,4307089,0
2015-01-14,83.353,83.353,81.921,82.646,2554400,0
2015-01-15,82.86,82.944,81.613,82.078,1959840,0
2015-01-16,81.799,82.86,81.501,82.748,2854622,0
2015-01-20,82.748,83.243,81.845,82.498,2508662,0
2015-01-21,82.245,82.507,81.669,82.237,2192214,0
2015-01-22,82.591,83.372,81.872,83.317,2854045,0
2015-01-23,83.326,83.707,82.981,83.057,2084769,0
2015-01-26,82.889,83.037,82.143,82.924,2145963,0
2015-01-27,81.872,82.218,80.057,80.207,3962835,0
2015-01-28,80.924,81.101,78.504,78.531,3643425,0
2015-01-29,79.081,79.778,78.14,79.723,3857078,0
2015-01-30,79.24,79.537,78.067,78.224,4122369,0
2015-02-02,78.457,79.919,77.702,79.9,3317743,0
2015-02-03,80.29,81.882,80.031,81.845,3761170,0
2015-02-04,83.018,83.018,81.138,81.306,2969241,0
2015-02-05,82.024,82.424,81.306,82.357,2258578,0
2015-02-06,82.478,82.944,81.77,82.058,2563632,0
2015-02-09,81.464,82.134,81.083,81.324,2868655,0
2015-02-10,81.678,81.836,80.691,81.473,2764806,0
2015-02-11,81.473,82.078,81.221,81.882,1965595,0
2015-02-12,81.975,83.057,81.902,82.934,2074667,0
2015-02-13,82.934,83.596,82.924,83.586,1906092,0
2015-02-17,83.438,83.586,82.693,83.13,2058192,0
2015-02-18,82.851,83.326,82.72,83.252,1621499,0
2015-02-19,83.345,84.135,83.195,84.033,1881669,0
2015-02-20,83.8,84.694,83.14,84.237,3169623,0
2015-02-23,84.34,84.516,83.903,84.311,1696240,0
2015-02-24,83.94,84.713,83.68,84.574,1710191,0
2015-02-25,84.379,85.122,84.09,84.34,1861531,0
2015-02-26,84.545,84.926,83.782,84.06,2316867,0
2015-02-27,83.828,84.49,83.652,83.81,1811190,0
2015-03-02,83.558,84.935,83.53,84.88,2121476,0
2015-03-03,84.601,84.963,84.295,84.565,3102668,0
2015-03-04,84.555,84.9,83.838,84.628,2931331,0
2015-03-05,85.002,85.81,84.88,85.691,3243605,0
2015-03-06,85.29,85.597,84.237,84.405,4012210,0
2015-03-09,84.462,84.675,83.912,84.516,1572873,0
2015-03-10,83.745,83.977,81.965,81.975,3470697,0
2015-03-11,82.19,82.757,80.765,80.858,4641058,0
2015-03-12,81.017,82.2,80.858,82.107,2325899,0
2015-03-13,82.088,82.117,80.43,81.799,3885560,0
2015-03-16,82.218,82.944,82.05,82.767,2412589,0
2015-03-17,82.245,82.738,82.117,82.703,2374993,0
2015-03-18,82.664,85.038,82.264,84.648,2862581,0
2015-03-19,84.61,85.028,83.773,83.959,2855704,0
2015-03-20,84.61,85.318,84.256,85.159,3822180,0
2015-03-23,85.066,85.438,84.909,85.215,2058418,0
2015-03-24,85.169,85.169,83.111,83.233,3167337,0
2015-03-25,83.233,83.735,82.088,82.117,3874817,0
2015-03-26,85.189,88.419,84.658,87.665,7688080,0
2015-03-27,87.43,87.636,86.251,87.45,4675002,0
2015-03-30,87.646,88.287,87.45,87.896,3580374,0
2015-03-31,87.513,87.963,87.087,87.216,2909673,0
2015-04-01,87.096,87.44,86.275,87.096,2940246,0
2015-04-02,87.225,87.896,86.668,87.673,2304844,0
2015-04-06,87.003,89.367,86.695,89.079,2753977,0
2015-04-07,89.032,90.093,88.565,89.731,4547189,0
2015-04-08,89.815,90.474,89.062,89.495,2818790,0
2015-04-09,89.758,90.003,89.082,89.825,2074910,0
2015-04-10,89.805,89.825,88.94,89.09,2293634,0
2015-04-13,88.978,89.269,87.915,87.963,2597398,0
2015-04-14,88.112,88.647,87.707,88.261,2218172,0
2015-04-15,88.696,88.911,88.45,88.592,2226396,0
2015-04-16,88.356,88.647,88.131,88.498,2056431,0
2015-04-17,87.774,87.885,86.71,86.927,2814220,0
2015-04-20,87.736,88.027,87.142,87.756,3501448,0
2015-04-21,88.356,88.441,87.379,87.499,2072342,0
2015-04-22,87.82,88.093,87.275,87.859,2015406,0
2015-04-23,87.859,88.696,87.36,88.29,2301499,0
2015-04-24,87.774,88.271,87.162,87.875,2392297,0
2015-04-27,88.468,88.818,87.999,88.216,2291828,0
2015-04-28,88.064,88.903,87.256,88.836,2100508,0
2015-04-29,88.676,88.827,87.414,88.112,1808763,0
2015-04-30,87.716,88.31,86.681,87.172,1918129,0
2015-05-01,87.801,88.131,87.217,87.84,1968615,0
2015-05-04,88.29,89.346,88.216,88.854,2116351,0
2015-05-05,88.854,89.138,87.915,88.112,1880186,0
2015-05-06,88.122,88.414,87.115,87.499,2536609,0
2015-05-07,87.434,89.222,87.256,88.903,2621620,0
2015-05-08,89.919,90.596,89.372,90.22,2563174,0
2015-05-11,89.852,90.737,89.768,90.332,3016800,0
2015-05-12,89.673,89.966,88.864,89.777,2194879,0
2015-05-13,89.946,90.416,89.458,90.023,1897309,0
2015-05-14,90.454,91.264,90.38,91.244,1599061,0
2015-05-15,91.105,91.49,90.756,91.283,2740678,0
2015-05-18,90.897,91.96,90.897,91.697,2243534,0
2015-05-19,91.931,92.158,91.189,91.432,1777977,0
2015-05-20,91.574,91.998,90.972,91.312,1532486,0
2015-05-21,91.056,91.312,90.596,91.105,1783147,0
2015-05-22,90.737,90.972,90.238,90.69,2213920,0
2015-05-26,91.141,91.425,90.078,90.408,2548056,0
2015-05-27,90.614,91.217,90.266,91.047,1608626,0
2015-05-28,90.982,91.283,90.399,91.179,1278247,0
2015-05-29,91.056,91.235,90.135,90.36,1821409,0
2015-06-01,90.494,90.888,89.956,90.501,1511516,0
2015-06-02,90.286,91.122,89.966,90.634,1224752,0
2015-06-03,91.115,91.519,90.652,91.244,1406048,0
2015-06-04,90.399,91.066,90.032,90.257,1631478,0
2015-06-05,90.238,90.38,89.232,89.758,1864030,0
2015-06-08,89.533,89.758,89.072,89.166,1541666,0
2015-06-09,89.627,89.758,88.676,89.326,1365580,0
2015-06-10,89.664,91.189,89.561,90.812,2265039,0
2015-06-11,90.943,91.432,90.84,91.189,1974351,0
2015-06-12,90.614,90.982,90.257,90.416,2162479,0
2015-06-15,89.466,90.276,89.09,90.126,2084784,0
2015-06-16,90.211,91.199,89.956,90.982,1780595,0
2015-06-17,91.254,91.555,90.351,91.199,1955436,0
2015-06-18,91.321,91.922,91.066,91.555,2129956,0
2015-06-19,91.244,91.885,91.066,91.283,2501741,0
2015-06-22,91.856,93.203,91.772,92.76,3276558,0
2015-06-23,93.183,93.56,91.95,92.441,2671617,0
2015-06-24,92.214,92.581,91.066,91.989,2692098,0
2015-06-25,94.284,94.528,93.297,93.598,5423946,0
2015-06-26,94.058,94.416,92.694,93.146,5304055,0
2015-06-29,92.337,93.212,90.832,90.963,3215127,0
2015-06-30,91.914,91.914,90.859,91.056,2734246,0
2015-07-01,91.96,92.948,91.555,92.262,2401410,0
2015-07-02,92.477,92.882,90.803,91.574,2611108,0
2015-07-06,90.737,91.81,90.614,91.584,1932158,0
2015-07-07,92.017,93.24,90.934,92.844,3284213,0
2015-07-08,93.57,93.57,91.217,91.846,2788180,0
2015-07-09,92.958,93.23,91.876,91.97,2906687,0
2015-07-10,92.891,93.409,92.233,92.938,2695499,0
2015-07-13,93.476,94.812,93.23,94.604,3708079,0
2015-07-14,94.096,94.907,93.832,94.784,2545456,0
2015-07-15,94.614,94.754,93.758,94.04,1975351,0
2015-07-16,94.604,95.607,94.604,95.45,1975949,0
2015-07-17,95.551,95.551,94.246,94.538,1641788,0
2015-07-20,94.746,95.202,94.396,94.764,1678562,0
2015-07-21,94.434,95.23,94.275,94.454,1630734,0
2015-07-22,94.378,96.434,94.321,96.279,2950263,0
2015-07-23,96.434,97.2,96.126,96.367,2453170,0
2015-07-24,96.097,96.724,94.917,95.183,2247826,0
2015-07-27,94.708,95.04,94.124,94.454,1989129,0
2015-07-28,94.944,95.743,94.51,95.675,1815777,0
2015-07-29,95.675,96.636,95.515,96.395,2201930,0
2015-07-30,96.03,96.908,95.599,96.588,1539010,0
2015-07-31,96.918,97.837,96.849,97.005,2553077,0
2015-08-03,97.063,97.641,96.328,97.103,2315329,0
2015-08-04,97.103,98.416,97.005,97.306,2275780,0
2015-08-05,98.793,99.1,97.965,98.328,2731318,0
2015-08-06,98.132,98.664,96.918,97.005,1747511,0
2015-08-07,96.937,97.691,96.559,97.603,1872214,0
2015-08-10,98.141,99.14,97.975,98.971,1874660,0
2015-08-11,98.595,98.744,97.296,97.451,2061951,0
2015-08-12,96.704,97.71,96.289,97.631,2536071,0
2015-08-13,97.887,97.935,96.597,97.277,2506417,0
2015-08-14,96.918,97.413,96.367,97.334,2184693,0
2015-08-17,97.218,97.413,96.376,97.364,1993273,0
2015-08-18,97.51,97.935,97.005,97.72,2075646,0
2015-08-19,97.877,97.994,96.453,96.792,2212965,0
2015-08-20,96.136,97.528,93.964,94.058,3677255,0
2015-08-21,93.494,93.862,91.348,91.387,3571715,0
2015-08-24,85.939,90.229,83.2,87.191,5544184,0
2015-08-25,89.485,90.097,86.607,86.691,4584294,0
2015-08-26,88.751,89.637,86.935,89.42,4250131,0
2015-08-27,90.52,90.793,88.404,90.069,4244074,0
2015-08-28,89.721,90.454,89.306,90.182,3425360,0
2015-08-31,89.579,90.003,88.621,88.696,2896591,0
2015-09-01,86.457,87.97,86.259,86.833,4112599,0
2015-09-02,88.057,88.864,86.861,88.845,2698795,0
2015-09-03,89.391,90.266,89.062,89.956,2993098,0
2015-09-04,88.733,89.495,88.141,88.864,3636335,0
2015-09-08,90.578,91.584,90.332,91.377,2665739,0
2015-09-09,91.658,92.064,89.692,89.872,2231670,0
2015-09-10,89.749,91.603,89.721,91.085,3552126,0
2015-09-11,90.878,91.688,90.323,91.594,2107955,0
2015-09-14,91.649,91.735,90.699,90.803,2128254,0
2015-09-15,91.264,92.788,90.454,92.431,2222211,0
2015-09-16,92.412,93.476,92.262,93.108,1851489,0
2015-09-17,93.108,94.03,92.535,92.704,2548213,0
2015-09-18,89.184,92.684,89.184,91.762,3857621,0
2015-09-21,92.252,93.268,91.885,92.61,2494195,0
2015-09-22,91.387,92.045,90.464,91.895,3104061,0
2015-09-23,92.035,92.544,91.564,92.074,2993483,0
2015-09-24,90.107,92.205,90.013,91.989,4309398,0
2015-09-25,92.544,92.59,90.672,91.209,3627940,0
2015-09-28,90.822,91.564,90.135,90.276,3215650,0
2015-09-29,90.408,91.056,89.88,90.888,3583406,0
2015-09-30,91.866,92.562,91.594,92.45,3936910,0
2015-10-01,92.648,93.146,91.312,92.619,3425254,0
2015-10-02,91.338,93.54,90.614,93.511,2774150,0
2015-10-05,94.058,95.79,94.03,95.607,2368276,0
2015-10-06,95.497,95.925,94.927,95.497,2615467,0
2015-10-07,95.973,96.559,95.287,96.549,2078728,0
2015-10-08,96.444,99.041,96.146,98.803,3667690,0
2015-10-09,98.882,100.19,98.474,98.585,4076781,0
2015-10-12,98.494,98.991,98.426,98.833,2504853,0
2015-10-13,96.918,98.436,96.656,97.364,2748109,0
2015-10-14,97.208,97.906,96.242,97.413,2545917,0
2015-10-15,97.994,97.994,97.14,97.287,2879470,0
2015-10-16,97.945,97.955,97.17,97.955,2303324,0
2015-10-19,97.739,98.259,97.553,98.043,2127043,0
2015-10-20,98.279,98.555,97.799,98.406,2963141,0
2015-10-21,98.872,99.308,97.384,97.49,2065881,0
2015-10-22,97.857,101.38,97.857,101.25,2611429,0
2015-10-23,102.04,102.92,101.06,102.69,3125849,0
2015-10-26,102.59,103.13,102.14,102.67,1556300,0
2015-10-27,102.28,102.9,102.03,102.59,1885015,0
2015-10-28,102.61,104.48,102.14,104.35,3060863,0
2015-10-29,103.72,104.02,102.22,102.65,2612376,0
2015-10-30,102.74,103.08,101.94,101.94,2659485,0
2015-11-02,101.82,102.63,101.82,102.33,2612692,0
2015-11-03,101.77,102.41,101.65,102.05,2569229,0
2015-11-04,102.07,102.07,101.25,101.3,2761174,0
2015-11-05,101.3,101.7,100.71,100.88,1937172,0
2015-11-06,100.16,101.04,99.93,100.79,2319412,0
2015-11-09,100.07,100.55,99.417,99.74,2286226,0
2015-11-10,99.447,100.04,99.387,99.91,1662297,0
2015-11-11,100.14,100.43,99.88,99.94,1903523,0
2015-11-12,99.68,100.07,99.051,99.209,1924973,0
2015-11-13,98.892,99.387,97.965,98.092,2144433,0
2015-11-16,98.605,101.21,98.474,101.12,4361740,0
2015-11-17,101.19,101.7,100.22,101.08,3048244,0
2015-11-18,101.67,102.7,101.08,102.6,2564635,0
2015-11-19,102.6,103.12,101.78,102.02,2658118,0
2015-11-20,102.31,103.0,102.31,102.67,3580856,0
2015-11-23,102.67,103.1,102.28,102.56,2354219,0
2015-11-24,102.13,102.46,101.48,102.09,2678939,0
2015-11-25,102.41,102.46,101.76,101.84,1881440,0
2015-11-27,101.8,102.48,101.69,102.2,1047032,0
2015-11-30,102.31,102.51,101.84,101.96,3016593,0
2015-12-01,102.03,102.94,101.96,102.82,2559400,0
2015-12-02,102.63,103.33,102.24,102.32,1872059,0
2015-12-03,102.27,102.86,100.21,100.73,2721754,0
2015-12-04,101.08,103.9,101.04,103.75,2071876,0
2015-12-07,103.77,104.28,102.93,103.59,1702150,0
2015-12-08,102.21,103.88,102.13,103.58,2411726,0
2015-12-09,103.24,104.26,101.51,102.03,2097955,0
2015-12-10,102.03,103.18,101.61,102.33,2432349,0
2015-12-11,101.25,101.49,99.86,100.14,3224905,0
2015-12-14,100.51,101.85,100.21,101.15,3229924,0
2015-12-15,102.02,102.69,101.26,101.49,3006918,0
2015-12-16,102.06,103.86,101.61,103.73,3309030,0
2015-12-17,101.74,101.89,98.181,98.2,7551418,0
2015-12-18,98.073,98.073,96.918,96.937,5755889,0
2015-12-21,97.877,98.269,97.18,97.945,2288286,0
2015-12-22,98.23,98.843,97.701,98.674,1908649,0
2015-12-23,98.952,99.52,98.664,99.308,1568603,0
2015-12-24,99.11,99.65,99.08,99.12,721627,0
2015-12-28,98.555,99.09,98.357,98.971,1473108,0
2015-12-29,99.387,100.42,99.387,100.16,1643595,0
2015-12-30,100.14,101.17,99.76,100.67,2152993,0
2015-12-31,100.24,100.73,99.269,99.387,2090174,0
2016-01-04,97.583,97.612,96.021,96.84,2962251,0
2016-01-05,96.976,97.828,96.491,97.344,2533152,0
2016-01-06,95.867,98.004,95.607,97.15,3295784,0
2016-01-07,94.859,95.895,93.995,94.298,3359418,0
2016-01-08,94.603,94.917,93.196,93.387,2450341,0
2016-01-11,93.652,94.832,93.267,94.366,2875411,0
2016-01-12,95.059,96.328,94.56,96.06,2955966,0
2016-01-13,96.424,96.762,93.899,94.393,3323069,0
2016-01-14,94.261,97.441,94.061,96.889,4506390,0
2016-01-15,93.899,96.06,93.622,94.403,5451159,0
2016-01-19,95.249,96.956,94.888,96.414,3657410,0
2016-01-20,94.374,95.278,92.377,94.203,5515420,0
2016-01-21,94.185,95.012,93.196,93.472,4731221,0
2016-01-22,94.898,97.344,94.679,97.228,3795761,0
2016-01-25,97.2,98.092,96.279,96.762,3114753,0
2016-01-26,96.801,98.073,96.472,97.5,3076427,0
2016-01-27,97.631,98.514,96.367,96.966,3201241,0
2016-01-28,97.799,98.504,96.607,98.024,3553032,0
2016-01-29,98.308,100.47,98.181,100.37,5130009,0
2016-02-01,99.62,101.57,99.6,101.07,3884241,0
2016-02-02,100.11,100.44,98.386,98.734,3147222,0
2016-02-03,99.338,99.55,95.685,97.093,4769773,0
2016-02-04,97.208,97.965,96.414,97.691,4075186,0
2016-02-05,97.403,97.553,93.747,94.117,4095234,0
2016-02-08,91.912,91.912,88.773,90.409,7026198,0
2016-02-09,89.401,90.418,86.92,88.744,7023844,0
2016-02-10,89.8,91.046,89.516,89.591,4888797,0
2016-02-11,88.003,89.315,87.727,88.849,4419463,0
2016-02-12,89.8,90.342,89.381,90.057,3283474,0
2016-02-16,91.523,92.33,90.799,92.159,4004601,0
2016-02-17,92.948,95.012,92.938,94.156,3934570,0
2016-02-18,94.736,96.165,93.491,93.691,2881756,0
2016-02-19,93.491,94.166,93.128,94.098,3395914,0
2016-02-22,95.247,95.656,94.698,95.43,2235895,0
2016-02-23,95.42,95.743,94.669,94.764,2480680,0
2016-02-24,93.812,94.736,93.119,94.669,2700220,0
2016-02-25,95.059,95.982,94.298,95.964,2938594,0
2016-02-26,96.5,97.093,96.001,96.165,2216677,0
2016-02-29,95.743,96.743,95.23,95.345,2512468,0
2016-03-01,96.414,98.386,96.05,98.386,2227705,0
2016-03-02,98.406,98.406,96.986,97.621,2561593,0
2016-03-03,97.421,97.808,96.222,97.759,2141213,0
2016-03-04,98.034,98.474,97.533,98.122,1663424,0
2016-03-07,97.413,97.528,96.52,97.384,1930258,0
2016-03-08,96.762,97.897,96.395,97.583,2450750,0
2016-03-09,97.887,98.357,97.583,98.338,2415147,0
2016-03-10,98.555,99.288,97.093,98.494,2530981,0
2016-03-11,99.377,100.62,99.051,100.5,3104935,0
2016-03-14,99.94,101.47,99.81,101.11,2900033,0
2016-03-15,100.85,102.03,100.24,101.81,2514234,0
2016-03-16,101.98,102.63,101.05,102.32,2453089,0
2016-03-17,102.32,103.35,101.93,103.24,3025026,0
2016-03-18,103.4,103.4,101.93,102.49,9068648,0
2016-03-21,102.07,103.52,101.88,102.85,3651206,0
2016-03-22,102.44,103.12,102.03,102.55,2246298,0
2016-03-23,102.12,103.05,101.95,102.38,3357890,0
2016-03-24,103.46,108.83,103.35,108.7,6806329,0
2016-03-28,108.83,109.8,108.11,108.57,4432029,0
2016-03-29,107.93,109.81,107.89,109.61,4241682,0
2016-03-30,109.75,110.8,109.38,109.72,3346360,0
2016-03-31,109.45,110.3,109.35,109.75,2881836,0
2016-04-01,109.14,110.81,109.08,110.65,2123295,0
2016-04-04,110.38,110.5,109.28,109.84,2346960,0
2016-04-05,108.88,109.5,108.31,108.53,2176377,0
2016-04-06,108.39,109.3,108.17,109.05,3069335,0
2016-04-07,108.16,108.42,106.32,106.6,3234486,0
2016-04-08,107.38,107.68,106.37,107.31,1711241,0
2016-04-11,107.4,108.4,107.28,107.55,2592207,0
2016-04-12,107.78,108.89,107.38,108.79,2855394,0
2016-04-13,109.33,110.44,108.95,110.38,4572406,0
2016-04-14,110.42,110.69,109.6,110.18,2147698,0
2016-04-15,110.19,110.73,109.79,110.25,2394990,0
2016-04-18,109.73,111.07,109.41,110.99,2330268,0
2016-04-19,111.01,111.21,109.83,110.52,1898547,0
2016-04-20,110.91,111.56,110.51,110.95,2312950,0
2016-04-21,110.74,111.55,109.89,109.93,2423732,0
2016-04-22,109.46,110.39,109.12,109.41,2743750,0
2016-04-25,109.32,109.71,108.74,109.56,1880624,0
2016-04-26,109.86,110.48,109.3,110.05,2267753,0
2016-04-27,109.6,111.06,109.6,110.89,2073268,0
2016-04-28,110.41,111.42,109.44,109.78,2112205,0
2016-04-29,109.65,109.65,107.83,108.42,2553102,0
2016-05-02,108.4,110.13,107.85,109.85,2388911,0
2016-05-03,108.96,109.34,107.79,108.8,2115850,0
2016-05-04,107.8,109.37,107.8,109.03,1897649,0
2016-05-05,109.13,109.88,108.95,109.54,1775266,0
2016-05-06,109.29,111.06,108.84,110.96,1997072,0
2016-05-09,110.7,111.61,110.42,110.88,1513071,0
2016-05-10,110.99,112.29,110.89,112.28,1689391,0
2016-05-11,112.33,112.33,111.25,111.36,1648512,0
2016-05-12,111.79,112.0,110.88,111.73,2201911,0
2016-05-13,111.6,112.0,110.56,110.85,1878099,0
2016-05-16,111.02,112.92,110.43,112.49,2717777,0
2016-05-17,112.64,112.83,111.25,111.6,2224966,0
2016-05-18,111.44,112.68,110.87,111.89,1423979,0
2016-05-19,111.65,111.65,110.03,111.41,1825156,0
2016-05-20,111.48,112.25,111.48,111.84,1592906,0
2016-05-23,112.04,112.04,111.22,111.56,1308244,0
2016-05-24,111.95,114.47,111.95,114.38,2152050,0
2016-05-25,114.49,114.96,113.76,113.84,2211617,0
2016-05-26,113.88,114.46,113.35,113.7,1495356,0
2016-05-27,114.1,114.2,113.08,114.2,1371994,0
2016-05-31,114.15,114.41,113.39,114.23,2036573,0
2016-06-01,113.51,114.38,113.41,114.27,1252738,0
2016-06-02,113.98,114.52,113.3,114.49,1672273,0
2016-06-03,114.14,114.26,113.21,114.16,1246273,0
2016-06-06,114.26,115.0,113.81,114.84,1252778,0
2016-06-07,115.16,115.37,114.49,114.89,1371888,0
2016-06-08,114.83,115.17,113.83,114.57,2158079,0
2016-06-09,113.64,114.78,113.11,114.69,1246826,0
2016-06-10,113.79,114.15,113.24,113.56,1512268,0
2016-06-13,113.16,114.2,112.37,112.42,2074831,0
2016-06-14,112.42,113.61,112.1,113.39,1484165,0
2016-06-15,113.59,113.68,112.66,112.78,1513450,0
2016-06-16,112.17,113.81,112.0,113.59,1634655,0
2016-06-17,113.39,113.41,112.14,112.9,2308354,0
2016-06-20,114.36,115.54,114.16,114.31,2179273,0
2016-06-21,114.85,115.07,114.46,114.68,2124535,0
2016-06-22,115.16,115.98,114.18,114.29,3408055,0
2016-06-23,113.83,114.17,111.87,114.17,2977230,0
2016-06-24,108.28,110.32,106.51,107.01,7096392,0
2016-06-27,105.95,106.35,104.34,104.94,3799243,0
2016-06-28,106.2,106.58,105.22,106.16,2992064,0
2016-06-29,107.23,107.56,106.48,107.32,3752337,0
2016-06-30,107.86,108.81,107.65,108.79,3835150,0
2016-07-01,109.14,109.69,108.79,109.0,2286475,0
2016-07-05,108.99,109.04,108.14,108.6,2125657,0
2016-07-06,108.15,109.0,107.5,109.0,2777782,0
2016-07-07,108.99,109.36,108.03,108.22,2135500,0
2016-07-08,109.2,110.66,108.67,110.53,2042383,0
2016-07-11,111.09,111.36,110.55,110.87,1586175,0
2016-07-12,111.28,112.75,111.0,111.87,2536629,0
2016-07-13,112.34,112.5,111.67,112.17,1600859,0
2016-07-14,112.83,113.3,112.02,112.12,1564326,0
2016-07-15,111.85,112.01,109.71,110.51,2862966,0
2016-07-18,110.6,110.73,109.37,109.6,2487986,0
2016-07-19,109.13,109.5,108.54,108.86,1902680,0
2016-07-20,109.33,111.43,109.33,110.86,2776126,0
2016-07-21,110.49,110.7,107.51,107.89,2585315,0
2016-07-22,108.29,108.63,107.4,108.36,2064934,0
2016-07-25,108.29,108.61,107.6,108.57,1909852,0
2016-07-26,108.89,109.87,108.46,109.72,2911957,0
2016-07-27,109.9,109.9,108.71,109.19,2370152,0
2016-07-28,109.39,109.39,107.46,107.62,2316808,0
2016-07-29,107.92,108.62,106.9,108.32,2789746,0
2016-08-01,108.1,109.03,107.84,108.38,2327919,0
2016-08-02,108.16,108.49,107.62,108.34,2207964,0
2016-08-03,108.32,109.09,108.11,109.09,1667978,0
2016-08-04,108.67,109.45,108.21,109.19,2301147,0
2016-08-05,108.7,110.17,108.06,110.04,2860508,0
2016-08-08,110.04,110.18,108.97,109.16,1543334,0
2016-08-09,108.95,109.28,108.26,108.38,1895560,0
2016-08-10,108.69,108.96,108.28,108.72,1557285,0
2016-08-11,109.01,109.45,108.87,108.88,1351378,0
2016-08-12,108.7,109.03,108.19,108.53,1473336,0
2016-08-15,108.5,109.57,108.26,109.08,2379068,0
2016-08-16,108.6,108.76,107.88,108.48,2081284,0
2016-08-17,108.59,109.19,107.93,108.43,1631861,0
2016-08-18,108.26,108.63,107.46,107.89,2506159,0
2016-08-19,107.75,108.65,107.29,108.55,1581993,0
2016-08-22,108.25,109.31,107.89,109.23,1519657,0
2016-08-23,109.4,111.28,109.12,110.89,2483929,0
2016-08-24,110.88,111.11,109.73,110.01,2360713,0
2016-08-25,109.7,110.68,109.15,110.46,1946719,0
2016-08-26,110.59,111.58,109.98,110.62,1478160,0
2016-08-29,110.5,110.97,109.8,110.27,1424420,0
2016-08-30,110.4,110.96,110.16,110.76,1373684,0
2016-08-31,110.35,110.79,109.93,110.42,2082276,0
2016-09-01,110.18,110.91,109.5,110.48,1637860,0
2016-09-02,110.91,111.64,110.66,111.06,1603369,0
2016-09-06,111.21,111.38,110.26,110.77,1540451,0
2016-09-07,110.78,111.24,110.36,110.54,1546644,0
2016-09-08,109.88,110.0,107.79,107.84,3205861,0
2016-09-09,107.27,107.63,105.94,106.0,3418690,0
2016-09-12,105.83,108.46,105.73,108.27,2469109,0
2016-09-13,107.14,107.5,105.79,106.13,2586111,0
2016-09-14,106.35,107.1,104.94,105.44,2424561,0
2016-09-15,105.28,106.98,104.51,106.32,3026243,0
2016-09-16,105.94,106.09,104.78,105.5,2712855,0
2016-09-19,106.21,106.86,105.76,106.1,1859646,0
2016-09-20,106.76,107.31,106.3,106.3,2078552,0
2016-09-21,107.05,107.43,106.35,107.26,2532691,0
2016-09-22,107.52,109.73,107.45,109.14,2703744,0
2016-09-23,106.11,109.26,105.14,108.59,2359052,0
2016-09-26,107.97,109.41,107.97,109.2,3357764,0
2016-09-27,109.22,111.6,109.22,111.51,3260973,0
2016-09-28,111.07,112.4,110.78,112.01,3791063,0
2016-09-29,115.76,119.99,115.56,116.8,7959383,0
2016-09-30,116.94,118.14,116.94,117.31,5015370,0
2016-10-03,116.75,117.6,115.84,116.05,3819511,0
2016-10-04,116.36,116.61,113.07,113.54,4138231,0
2016-10-05,113.78,113.99,112.84,113.51,2994298,0
2016-10-06,113.51,114.08,113.0,113.81,2608115,0
2016-10-07,113.81,113.92,111.31,111.38,3160050,0
2016-10-10,111.75,113.28,111.75,112.79,2246966,0
2016-10-11,112.71,112.77,111.59,112.31,2820458,0
2016-10-12,112.74,113.27,112.06,112.95,2464538,0
2016-10-13,112.42,113.79,111.41,113.41,3231216,0
2016-10-14,114.93,115.6,114.34,114.72,2585677,0
2016-10-17,114.72,114.72,113.26,113.36,1963535,0
2016-10-18,114.18,114.73,113.85,114.03,2548999,0
2016-10-19,114.4,115.18,113.84,114.51,2308867,0
2016-10-20,114.29,114.83,113.67,113.76,2293156,0
2016-10-21,113.66,113.71,112.64,113.3,2018522,0
2016-10-24,113.73,114.19,113.19,113.51,1570828,0
2016-10-25,113.25,113.58,112.68,113.0,1486206,0
2016-10-26,112.52,113.61,112.24,113.16,1867809,0
2016-10-27,113.36,113.82,112.93,113.17,1909345,0
2016-10-28,113.56,114.27,112.76,113.38,1689627,0
2016-10-31,113.34,114.25,113.18,113.95,1915625,0
2016-11-01,114.19,114.39,113.17,113.85,2493666,0
2016-11-02,113.85,116.85,113.71,116.26,5469225,0
2016-11-03,115.8,116.15,114.35,114.64,2128469,0
2016-11-04,114.73,115.79,114.13,114.92,2110031,0
2016-11-07,115.78,117.63,115.78,117.6,2357662,0
2016-11-08,117.53,118.61,117.15,117.44,2161493,0
2016-11-09,113.59,115.67,112.39,114.9,5914508,0
2016-11-10,115.03,118.41,114.98,117.95,4445318,0
2016-11-11,117.29,118.61,116.36,116.83,3266324,0
2016-11-14,116.82,117.22,113.91,114.94,3695530,0
2016-11-15,115.22,115.51,113.1,113.7,3182849,0
2016-11-16,113.9,115.7,113.47,115.01,2190383,0
2016-11-17,115.17,116.19,114.9,116.03,1340119,0
2016-11-18,115.92,116.21,115.54,116.09,2166289,0
2016-11-21,116.35,117.51,116.09,117.31,1728747,0
2016-11-22,117.55,118.01,116.96,117.12,2297226,0
2016-11-23,117.0,117.91,116.72,117.45,2006035,0
2016-11-25,117.53,118.39,117.22,118.35,799471,0
2016-11-28,118.15,118.99,117.72,118.37,2094744,0
2016-11-29,118.35,119.13,117.99,118.55,1513935,0
2016-11-30,118.62,118.75,117.07,117.07,2688623,0
2016-12-01,117.14,117.68,114.81,115.33,2305968,0
2016-12-02,115.3,115.92,113.88,114.98,1961600,0
2016-12-05,115.53,116.23,114.98,115.39,2093672,0
2016-12-06,115.8,116.54,115.4,116.07,2013391,0
2016-12-07,116.3,119.25,116.11,119.17,2064897,0
2016-12-08,119.26,119.97,118.87,119.33,1478728,0
2016-12-09,118.93,121.02,118.47,120.87,2272235,0
2016-12-12,120.43,121.34,120.18,121.17,1641131,0
2016-12-13,121.35,123.24,121.24,122.92,2335023,0
2016-12-14,122.77,123.17,120.99,121.21,2082469,0
2016-12-15,121.01,122.8,120.82,122.09,1796950,0
2016-12-16,122.12,122.68,120.02,120.57,4604966,0
2016-12-19,120.79,121.98,120.73,121.21,2805886,0
2016-12-20,121.59,121.81,120.58,121.65,3355193,0
2016-12-21,116.2,117.61,115.27,115.57,6150452,0
2016-12-22,115.73,116.28,114.7,115.46,2814102,0
2016-12-23,115.08,115.88,114.8,115.15,1731529,0
2016-12-27,115.04,116.14,114.9,115.22,1577778,0
2016-12-28,115.67,115.67,113.8,114.3,1809217,0
2016-12-29,114.67,115.65,114.2,114.7,1666832,0
2016-12-30,115.23,115.62,114.28,114.82,1774824,0
2017-01-03,115.06,115.48,113.53,114.15,2400102,0
2017-01-04,114.6,115.47,114.12,114.43,2692975,0
2017-01-05,114.67,114.83,112.68,112.72,3759680,0
2017-01-06,112.72,114.43,112.08,114.01,4208398,0
2017-01-09,113.85,114.05,112.65,112.73,2602296,0
2017-01-10,112.67,113.7,112.37,112.79,2601484,0
2017-01-11,113.12,113.97,112.64,113.83,2903218,0
2017-01-12,113.33,113.67,112.57,113.49,2153336,0
2017-01-13,113.07,115.12,113.07,114.64,2720122,0
2017-01-17,113.63,114.07,113.18,113.74,2422185,0
2017-01-18,114.23,114.64,113.45,113.66,2307768,0
2017-01-19,113.31,113.71,113.0,113.21,1680317,0
2017-01-20,113.59,113.96,112.54,112.8,2837461,0
2017-01-23,112.51,113.0,112.34,112.55,2366724,0
2017-01-24,112.93,114.33,112.57,114.17,2866355,0
2017-01-25,114.59,116.02,114.39,115.24,2964431,0
2017-01-26,114.68,115.12,113.34,113.64,2922832,0
2017-01-27,113.91,114.13,112.8,113.07,2596492,0
2017-01-30,113.05,113.06,111.17,112.36,2580716,0
2017-01-31,111.72,111.77,110.38,111.62,2386099,0
2017-02-01,111.55,112.5,110.09,110.98,2521467,0
2017-02-02,110.92,111.52,110.48,111.39,2499866,0
2017-02-03,111.75,112.56,111.1,112.22,1697763,0
2017-02-06,111.82,112.95,111.13,111.93,2060125,0
2017-02-07,112.73,113.88,112.68,113.63,2589400,0
2017-02-08,113.86,113.86,112.65,113.14,2421589,0
2017-02-09,113.22,115.13,113.18,114.67,2159750,0
2017-02-10,114.39,116.49,114.21,115.27,2227027,0
2017-02-13,115.57,116.6,115.4,116.24,2028529,0
2017-02-14,116.13,117.63,116.07,117.63,2611298,0
2017-02-15,117.24,117.79,116.95,117.56,1990467,0
2017-02-16,117.56,118.6,117.17,118.33,2006628,0
2017-02-17,118.13,118.89,117.73,118.84,1943335,0
2017-02-21,118.24,119.81,118.19,119.69,2159817,0
2017-02-22,119.25,120.45,119.18,119.8,1588429,0
2017-02-23,120.17,120.28,119.32,120.06,1468578,0
2017-02-24,119.59,120.99,119.2,120.99,1476849,0
2017-02-27,120.58,120.99,120.06,120.36,1713699,0
2017-02-28,120.32,120.66,119.52,120.08,1780559,0
2017-03-01,120.8,121.83,120.04,121.62,1917603,0
2017-03-02,121.54,121.97,121.12,121.89,1934955,0
2017-03-03,121.79,121.79,120.55,121.2,2165755,0
2017-03-06,120.56,120.99,120.11,120.8,1850655,0
2017-03-07,121.19,121.92,120.69,121.69,2759774,0
2017-03-08,121.66,122.33,121.33,122.0,2212332,0
2017-03-09,121.91,121.91,120.23,120.75,2385263,0
2017-03-10,121.21,121.87,120.64,121.48,1885357,0
2017-03-13,121.77,122.29,121.03,121.59,2278770,0
2017-03-14,121.72,122.27,121.19,121.46,1660673,0
2017-03-15,120.97,122.52,120.6,122.34,2129764,0
2017-03-16,122.42,122.71,121.17,121.65,2226032,0
2017-03-17,122.25,122.97,121.38,122.74,4696449,0
2017-03-20,122.74,122.91,121.72,121.93,2302953,0
2017-03-21,122.61,122.93,121.19,122.18,3285143,0
2017-03-22,122.56,124.03,122.01,123.98,4374318,0
2017-03-23,120.28,120.58,118.16,118.37,7259016,0
2017-03-24,118.39,118.91,116.41,116.63,4029208,0
2017-03-27,116.38,117.43,115.97,117.03,3179728,0
2017-03-28,117.45,119.92,116.66,118.95,5627089,0
2017-03-29,119.25,119.3,117.78,118.59,2488048,0
2017-03-30,118.5,118.61,117.68,118.14,2071581,0
2017-03-31,118.32,118.82,117.47,117.51,2145123,0
2017-04-03,115.67,115.84,114.69,115.31,3997090,0
2017-04-04,114.97,115.74,114.97,115.71,1724769,0
2017-04-05,115.91,116.74,115.16,115.31,1940453,0
2017-04-06,115.35,115.6,114.45,114.5,2090923,0
2017-04-07,114.69,115.41,114.19,115.12,2456576,0
2017-04-10,115.17,116.21,115.05,115.51,2354790,0
2017-04-11,115.07,115.68,114.68,114.97,2317501,0
2017-04-12,114.94,115.28,114.36,114.47,2108054,0
2017-04-13,114.25,114.78,113.72,113.76,1856759,0
2017-04-17,113.78,114.62,113.78,114.61,1179577,0
2017-04-18,114.39,115.24,114.28,115.12,1997855,0
2017-04-19,115.25,116.23,114.89,115.83,2206529,0
2017-04-20,116.52,118.71,116.25,118.07,3779781,0
2017-04-21,118.59,118.83,117.89,118.09,2664608,0
2017-04-24,118.79,119.35,117.97,118.22,2127166,0
2017-04-25,118.23,118.79,117.54,117.55,1966090,0
2017-04-26,117.59,118.31,117.26,117.84,1596738,0
2017-04-27,117.98,119.46,117.98,119.33,2027624,0
2017-04-28,119.04,120.19,118.88,120.14,2500564,0
2017-05-01,120.21,120.52,119.94,120.09,1950663,0
2017-05-02,120.13,120.54,119.06,119.52,2723576,0
2017-05-03,119.27,119.71,118.52,119.15,1779214,0
2017-05-04,119.59,119.83,119.07,119.66,1572580,0
2017-05-05,119.75,120.35,119.61,120.35,1733519,0
2017-05-08,119.94,120.35,119.6,119.95,1537144,0
2017-05-09,120.14,120.46,119.75,119.91,1104992,0
2017-05-10,119.91,120.21,119.4,120.04,1356602,0
2017-05-11,119.59,119.74,118.52,119.64,1852999,0
2017-05-12,119.23,120.33,119.23,119.8,2385069,0
2017-05-15,119.8,121.36,119.6,121.08,1789347,0
2017-05-16,121.51,122.13,121.05,121.96,2201737,0
2017-05-17,121.03,121.89,119.19,119.28,2299956,0
2017-05-18,119.7,119.87,118.26,119.25,1987854,0
2017-05-19,119.85,120.05,119.04,119.82,2211306,0
2017-05-22,120.43,121.66,120.06,121.53,1931013,0
2017-05-23,121.68,121.89,120.63,120.98,1486995,0
2017-05-24,119.27,120.98,119.15,120.78,2049312,0
2017-05-25,121.57,122.37,121.03,121.92,1439387,0
2017-05-26,121.76,121.93,121.34,121.71,1428788,0
2017-05-30,121.43,122.78,121.18,122.58,1386328,0
2017-05-31,122.81,123.4,122.34,123.28,2681349,0
2017-06-01,123.73,124.09,122.67,124.09,1920985,0
2017-06-02,124.17,124.77,123.69,124.53,1783071,0
2017-06-05,124.79,125.76,124.24,125.37,1968838,0
2017-06-06,124.98,125.78,124.8,125.12,1528211,0
2017-06-07,124.87,125.55,124.33,125.34,1656286,0
2017-06-08,125.75,125.78,124.32,124.96,2139742,0
2017-06-09,124.79,125.52,123.78,124.61,1947891,0
2017-06-12,124.33,125.25,123.53,125.09,2378686,0
2017-06-13,125.23,126.34,124.87,125.85,2457644,0
2017-06-14,126.57,126.77,125.48,126.03,1879240,0
2017-06-15,125.07,126.14,123.31,125.81,2214000,0
2017-06-16,126.3,126.77,125.32,126.34,2993942,0
2017-06-19,127.24,127.24,126.17,126.54,2005119,0
2017-06-20,126.11,126.42,125.17,125.32,2379253,0
2017-06-21,125.85,125.96,124.82,125.89,3286744,0
2017-06-22,121.79,122.71,117.96,120.91,8774917,0
2017-06-23,120.97,122.43,120.55,121.56,3853983,0
2017-06-26,121.97,122.86,121.11,121.17,2644572,0
2017-06-27,121.32,121.66,120.83,121.02,2236711,0
2017-06-28,121.6,122.64,121.02,122.55,1744235,0
2017-06-29,122.32,122.32,121.43,121.81,2713038,0
2017-06-30,122.12,123.21,121.97,122.49,2312529,0
2017-07-03,122.63,123.68,122.6,122.74,1248126,0
2017-07-05,122.81,123.58,122.8,122.86,1341451,0
2017-07-06,122.17,122.44,120.86,121.76,1956880,0
2017-07-07,122.36,123.55,121.89,123.02,1851995,0
2017-07-10,122.86,123.18,122.4,122.87,1314137,0
2017-07-11,122.87,122.91,122.02,122.66,1393117,0
2017-07-12,123.11,124.28,122.93,124.27,2037400,0
2017-07-13,124.49,125.14,124.24,124.52,1730296,0
2017-07-14,124.98,125.74,124.52,125.48,1769881,0
2017-07-17,125.55,125.83,124.94,125.21,2025050,0
2017-07-18,125.04,126.35,124.28,126.15,1657247,0
2017-07-19,126.28,126.77,125.5,126.55,2297335,0
2017-07-20,126.67,127.52,126.43,127.31,1656001,0
2017-07-21,127.31,127.72,126.78,127.61,1782481,0
2017-07-24,127.04,127.27,126.37,126.78,1780320,0
2017-07-25,127.02,128.07,126.46,127.71,1615248,0
2017-07-26,127.76,128.37,127.5,128.27,1630956,0
2017-07-27,128.46,128.46,126.2,126.93,2117280,0
2017-07-28,126.75,127.3,126.09,127.17,1144832,0
2017-07-31,127.27,127.92,126.96,127.58,1565380,0
2017-08-01,127.86,128.64,127.71,128.61,3499249,0
2017-08-02,128.46,128.59,127.3,127.39,1331002,0
2017-08-03,127.98,129.03,126.76,128.77,3594900,0
2017-08-04,128.81,129.42,128.3,128.95,1295613,0
2017-08-07,128.58,129.1,128.14,128.44,962146,0
2017-08-08,128.08,128.64,127.7,127.89,1110035,0
2017-08-09,127.77,128.54,127.68,128.38,1228669,0
2017-08-10,127.98,128.54,126.96,127.01,1818307,0
2017-08-11,127.44,127.48,126.89,126.97,1116254,0
2017-08-14,127.64,128.62,127.4,128.45,1435325,0
2017-08-15,128.17,128.55,127.51,128.14,1163626,0
2017-08-16,128.42,129.24,128.16,128.78,1954200,0
2017-08-17,128.63,128.78,126.34,126.37,1537639,0
2017-08-18,126.5,127.06,126.05,126.22,1275772,0
2017-08-21,126.27,127.08,126.04,126.94,1295227,0
2017-08-22,127.33,128.23,126.76,128.07,968785,0
2017-08-23,127.45,127.9,127.05,127.13,1558222,0
2017-08-24,127.36,127.84,127.04,127.44,1109651,0
2017-08-25,128.08,128.54,127.94,128.15,1264543,0
2017-08-28,128.47,128.65,127.78,128.0,1009558,0
2017-08-29,127.24,128.74,127.06,128.42,1182070,0
2017-08-30,128.41,128.71,127.85,128.54,1160259,0
2017-08-31,128.75,129.66,128.58,129.51,2022892,0
2017-09-01,129.69,129.69,128.62,128.85,1543084,0
2017-09-05,128.85,129.14,127.86,128.53,2466900,0
2017-09-06,128.96,130.12,128.8,129.86,1564939,0
2017-09-07,130.24,133.54,130.1,132.95,2115099,0
2017-09-08,133.12,133.68,132.36,132.44,2199900,0
2017-09-11,133.33,134.95,132.33,134.92,1683395,0
2017-09-12,135.25,135.64,134.71,134.91,1675687,0
2017-09-13,134.61,134.86,132.92,133.49,3108462,0
2017-09-14,133.21,133.94,132.71,133.57,3322359,0
2017-09-15,133.71,134.35,132.75,134.05,3729445,0
2017-09-18,134.19,136.03,134.19,135.63,2520711,0
2017-09-19,135.69,136.47,135.4,135.4,2402602,0
2017-09-20,134.71,136.82,134.71,136.69,2005549,0
2017-09-21,136.63,136.8,135.26,135.35,1982202,0
2017-09-22,135.37,136.68,135.19,136.58,1937091,0
2017-09-25,136.62,136.94,135.94,136.83,2487056,0
2017-09-26,137.17,137.37,135.44,135.53,2930833,0
2017-09-27,136.0,136.22,134.81,135.33,3903628,0
2017-09-28,131.52,136.36,131.0,135.01,4284829,0
2017-09-29,135.6,136.25,133.55,133.77,3343321,0
2017-10-02,133.93,134.54,133.33,134.14,2690272,0
2017-10-03,133.55,134.67,132.38,132.96,2560051,0
2017-10-04,133.23,134.38,133.17,133.86,2214202,0
2017-10-05,134.2,135.06,133.97,134.91,1682204,0
2017-10-06,134.85,135.66,134.42,134.94,1288065,0
2017-10-09,134.94,135.69,134.73,135.68,1021937,0
2017-10-10,135.69,136.68,135.53,136.2,1821564,0
2017-10-11,135.87,136.2,135.1,135.6,2515853,0
2017-10-12,135.67,138.31,134.83,137.86,2888496,0
2017-10-13,138.24,138.66,136.87,137.86,1703521,0
2017-10-16,138.09,138.23,136.8,137.76,1467393,0
2017-10-17,137.58,137.94,136.95,137.32,1460720,0
2017-10-18,138.23,138.63,137.36,137.42,1585082,0
2017-10-19,137.45,138.67,136.84,138.62,1305567,0
2017-10-20,139.19,139.5,138.51,139.49,1368886,0
2017-10-23,139.75,140.171,139.05,139.33,1518189,0
2017-10-24,139.34,139.43,138.05,138.91,1203050,0
2017-10-25,139.0,141.24,138.66,141.16,2354737,0
2017-10-26,141.58,142.91,141.34,141.97,1965835,0
2017-10-27,142.64,143.61,141.99,143.28,2327769,0
2017-10-30,143.49,143.78,142.13,143.29,2145253,0
2017-10-31,143.25,143.29,142.155,142.36,2255297,0
2017-11-01,142.26,143.19,141.47,142.96,2060109,0
2017-11-02,142.5,143.78,141.93,143.43,1585225,0
2017-11-03,143.43,144.69,143.1,144.04,1336018,0
2017-11-06,143.12,144.21,142.29,143.93,1488755,0
2017-11-07,144.48,144.48,142.94,143.5,1284406,0
2017-11-08,143.76,145.0,143.0,144.89,1208312,0
2017-11-09,143.83,144.73,143.83,143.83,1288788,0
2017-11-10,143.52,144.07,142.695,143.89,922492,0
