Date,Open,High,Low,Close,Volume,OpenInt
2014-01-02,15.841,16.665,15.841,16.665,11642,0
2014-01-03,16.665,16.973,16.227,16.604,10498,0
2014-01-06,16.857,16.857,16.095,16.227,3876,0
2014-01-07,16.287,16.665,16.245,16.447,9008,0
2014-01-08,16.543,16.665,16.157,16.157,4105,0
2014-01-09,16.526,16.526,16.086,16.489,912,0
2014-01-10,16.489,16.665,16.489,16.665,912,0
2014-01-14,16.263,16.771,16.086,16.499,4105,0
2014-01-15,16.006,16.412,16.006,16.412,569,0
2014-01-16,16.393,16.393,16.355,16.355,1098,0
2014-01-17,16.341,16.341,16.227,16.227,2965,0
2014-01-21,16.227,16.227,16.199,16.227,3307,0
2014-01-22,16.227,16.315,16.167,16.315,4788,0
2014-01-23,16.227,16.394,16.227,16.394,12313,0
2014-01-24,16.227,16.576,16.227,16.576,569,0
2014-01-27,16.365,16.576,16.227,16.576,2394,0
2014-01-28,16.56,16.725,16.526,16.674,5131,0
2014-01-29,16.822,17.245,16.674,16.683,14252,0
2014-01-30,16.674,17.104,16.674,17.104,1025,0
2014-02-03,16.148,16.752,16.006,16.489,4592,0
2014-02-04,17.138,17.138,16.708,16.708,519,0
2014-02-05,16.499,16.499,16.499,16.499,115,0
2014-02-06,16.576,16.576,16.227,16.263,6307,0
2014-02-07,16.447,16.576,16.394,16.507,3794,0
2014-02-10,16.622,16.752,16.315,16.315,3687,0
2014-02-11,16.576,16.887,16.447,16.882,3069,0
2014-02-12,16.955,16.955,16.174,16.174,6384,0
2014-02-13,16.438,16.998,16.201,16.201,2772,0
2014-02-14,16.447,16.447,16.271,16.271,1618,0
2014-02-18,16.665,16.665,16.324,16.324,773,0
2014-02-19,16.394,16.832,16.394,16.402,1286,0
2014-02-20,16.489,16.665,16.271,16.536,7995,0
2014-02-21,16.998,16.998,16.324,16.604,2805,0
2014-02-24,16.665,16.665,16.384,16.536,8982,0
2014-02-25,16.489,16.489,16.332,16.358,25286,0
2014-02-26,16.481,16.57,16.253,16.57,6879,0
2014-02-27,16.451,16.738,16.451,16.729,1330,0
2014-02-28,16.827,16.827,16.394,16.496,6231,0
2014-03-03,16.616,16.835,16.351,16.439,10298,0
2014-03-04,16.439,16.439,16.181,16.262,26764,0
2014-03-05,16.092,16.598,16.092,16.189,7686,0
2014-03-06,16.314,16.314,16.295,16.304,3605,0
2014-03-07,16.172,16.43,16.172,16.172,8820,0
2014-03-10,16.412,16.412,16.047,16.165,7500,0
2014-03-11,16.365,16.365,16.053,16.172,7693,0
2014-03-12,16.172,16.343,16.172,16.172,5282,0
2014-03-13,16.262,16.394,16.181,16.206,2645,0
2014-03-14,16.365,16.369,16.031,16.031,8841,0
2014-03-17,16.083,16.394,15.97,15.97,3011,0
2014-03-18,16.361,16.361,16.004,16.012,6466,0
2014-03-19,16.004,16.181,15.951,15.951,4542,0
2014-03-20,16.04,16.206,15.941,16.047,8455,0
2014-03-21,16.172,16.206,16.172,16.206,3547,0
2014-03-24,16.206,16.375,16.206,16.343,1265,0
2014-03-25,16.012,16.365,16.012,16.04,2872,0
2014-03-26,16.351,16.351,16.351,16.351,114,0
2014-03-27,16.04,16.286,16.04,16.286,236,0
2014-03-28,16.365,16.375,16.083,16.216,1719,0
2014-03-31,16.216,16.616,16.08,16.616,13910,0
2014-04-01,16.394,16.42,16.1,16.278,26394,0
2014-04-02,16.606,16.606,16.197,16.588,2786,0
2014-04-03,16.5,16.57,16.181,16.57,8656,0
2014-04-04,16.606,16.659,16.564,16.659,3528,0
2014-04-07,16.447,16.827,16.147,16.561,3840,0
2014-04-08,16.738,17.119,16.738,17.119,6083,0
2014-04-10,17.137,17.413,17.027,17.413,7081,0
2014-04-11,17.051,17.279,16.747,16.888,4092,0
2014-04-15,16.827,17.279,16.827,17.255,4212,0
2014-04-16,16.757,17.279,16.747,17.271,5047,0
2014-04-17,16.873,16.916,16.873,16.883,632,0
2014-04-21,17.724,17.724,16.889,17.609,1476,0
2014-04-22,16.952,18.61,16.952,16.996,4327,0
2014-04-23,17.103,17.103,17.103,17.103,450,0
2014-04-25,16.853,17.167,16.853,17.167,802,0
2014-04-28,17.213,17.245,17.213,17.213,467,0
2014-04-29,16.901,17.051,16.901,17.014,1044,0
2014-04-30,17.511,17.715,17.359,17.367,3146,0
2014-05-01,17.068,17.068,17.068,17.068,501,0
2014-05-05,17.263,17.483,17.06,17.103,8849,0
2014-05-06,17.228,17.26,17.103,17.103,1704,0
2014-05-07,17.263,17.263,17.119,17.12,2674,0
2014-05-08,17.014,17.103,16.937,16.97,2040,0
2014-05-09,17.102,17.271,17.102,17.271,1357,0
2014-05-12,17.23,17.456,17.23,17.456,2185,0
2014-05-13,17.279,17.491,16.933,17.465,8097,0
2014-05-14,17.279,17.279,17.279,17.279,542,0
2014-05-15,16.988,17.06,16.988,17.06,597,0
2014-05-16,17.263,17.724,16.933,17.715,1563,0
2014-05-19,17.678,17.678,17.121,17.501,757,0
2014-05-20,17.279,17.377,17.279,17.279,751,0
2014-05-21,17.279,17.279,16.98,16.998,1709,0
2014-05-22,17.021,17.405,17.021,17.405,792,0
2014-05-27,17.714,17.724,17.714,17.715,2271,0
2014-05-28,17.447,17.588,17.357,17.357,3628,0
2014-05-29,17.314,17.715,17.314,17.477,1124,0
2014-06-02,17.32,17.715,17.32,17.715,1108,0
2014-06-03,17.447,17.447,17.294,17.339,3137,0
2014-06-04,17.32,17.626,17.312,17.49,1330,0
2014-06-05,17.355,17.355,17.355,17.355,611,0
2014-06-09,17.659,17.659,17.437,17.447,3625,0
2014-06-10,17.373,17.668,17.373,17.537,8383,0
2014-06-11,17.48,17.48,17.383,17.437,3941,0
2014-06-12,17.284,17.447,17.267,17.357,8355,0
2014-06-13,17.618,17.618,17.447,17.447,1376,0
2014-06-17,17.267,17.312,17.267,17.312,478,0
2014-06-18,17.267,17.267,17.267,17.267,740,0
2014-06-19,17.389,17.389,17.389,17.389,666,0
2014-06-20,17.447,17.447,17.447,17.447,454,0
2014-06-23,17.447,17.519,17.447,17.519,778,0
2014-06-24,17.606,17.606,17.49,17.49,2049,0
2014-06-25,17.588,17.588,17.588,17.588,144,0
2014-06-26,17.626,17.626,17.598,17.626,824,0
2014-06-27,17.23,17.23,17.23,17.23,885,0
2014-06-30,17.222,17.357,17.18,17.26,2309,0
2014-07-01,17.598,17.668,17.267,17.626,3477,0
2014-07-02,17.626,17.668,17.608,17.668,1563,0
2014-07-03,17.635,17.635,17.294,17.294,254,0
2014-07-07,17.122,17.41,17.016,17.204,6771,0
2014-07-08,17.222,17.736,17.222,17.274,3483,0
2014-07-09,17.267,17.424,17.23,17.267,1577,0
2014-07-10,17.222,17.437,17.204,17.357,5153,0
2014-07-11,17.419,17.618,17.274,17.428,5713,0
2014-07-14,17.856,17.856,17.494,17.772,1792,0
2014-07-15,17.767,17.776,17.767,17.776,326,0
2014-07-16,17.805,17.805,17.284,17.472,5810,0
2014-07-17,17.54,17.712,17.482,17.641,11566,0
2014-07-18,17.626,17.626,17.329,17.373,5985,0
2014-07-21,17.447,17.49,17.222,17.294,1933,0
2014-07-22,17.437,17.437,17.274,17.32,1672,0
2014-07-23,17.274,17.32,17.222,17.222,5868,0
2014-07-24,17.519,17.519,17.222,17.428,2070,0
2014-07-25,17.437,17.437,17.071,17.092,3557,0
2014-07-28,17.18,17.329,17.131,17.131,5904,0
2014-07-29,17.089,17.312,17.089,17.284,6916,0
2014-07-30,17.113,17.195,16.998,16.998,10628,0
2014-07-31,17.089,17.09,16.265,16.72,7950,0
2014-08-01,16.776,17.537,16.776,16.811,2314,0
2014-08-04,17.089,17.089,16.72,17.078,12940,0
2014-08-05,17.089,17.089,16.719,16.818,7542,0
2014-08-06,16.776,17.062,16.776,17.062,515,0
2014-08-07,17.08,17.08,16.776,16.884,4365,0
2014-08-08,16.908,16.908,16.908,16.908,252,0
2014-08-11,16.864,17.071,16.776,16.776,2669,0
2014-08-13,16.818,16.818,16.776,16.776,5951,0
2014-08-14,16.776,17.071,16.728,16.816,3189,0
2014-08-15,17.016,17.071,16.64,17.071,1552,0
2014-08-18,17.089,17.089,16.728,16.864,4716,0
2014-08-19,16.777,16.795,16.771,16.776,3616,0
2014-08-20,16.776,16.776,16.772,16.776,1414,0
2014-08-21,17.089,17.089,16.776,16.998,4880,0
2014-08-22,16.795,17.071,16.795,16.998,2861,0
2014-08-25,16.787,17.089,16.787,17.053,2546,0
2014-08-26,17.089,17.131,17.061,17.131,3480,0
2014-08-27,17.231,17.276,17.17,17.276,2255,0
2014-08-28,17.221,17.226,17.213,17.226,1654,0
2014-08-29,17.26,17.701,17.213,17.386,2835,0
2014-09-02,17.304,17.417,17.213,17.256,2343,0
2014-09-03,17.484,17.565,17.223,17.262,24101,0
2014-09-04,17.213,17.523,17.213,17.213,12359,0
2014-09-05,17.611,17.613,17.241,17.384,6669,0
2014-09-08,17.213,17.395,17.213,17.248,2212,0
2014-09-09,17.213,17.324,17.122,17.156,3368,0
2014-09-10,17.35,17.394,17.213,17.276,5158,0
2014-09-11,17.35,17.366,17.141,17.141,8510,0
2014-09-12,17.151,17.365,17.151,17.35,1668,0
2014-09-15,17.376,17.376,17.151,17.34,6310,0
2014-09-16,17.079,17.551,17.079,17.523,3811,0
2014-09-17,17.033,17.574,17.033,17.231,5678,0
2014-09-18,17.386,17.484,17.286,17.484,4311,0
2014-09-19,17.405,17.712,17.405,17.712,2665,0
2014-09-22,17.613,17.622,17.418,17.418,1684,0
2014-09-23,17.395,17.449,17.395,17.395,2739,0
2014-09-24,17.622,17.622,17.556,17.556,895,0
2014-09-25,17.533,17.533,17.231,17.523,1695,0
2014-09-26,17.44,17.543,17.187,17.395,19148,0
2014-09-29,17.395,17.44,17.171,17.322,3449,0
2014-09-30,17.314,17.61,17.18,17.218,3561,0
2014-10-01,17.304,17.556,17.26,17.556,3733,0
2014-10-02,17.366,17.556,17.366,17.386,1106,0
2014-10-03,17.374,17.457,17.296,17.304,3551,0
2014-10-06,17.523,17.56,17.395,17.523,1311,0
2014-10-07,17.34,17.35,17.304,17.314,2172,0
2014-10-08,17.54,17.556,17.241,17.241,1069,0
2014-10-09,17.513,17.513,17.26,17.26,2199,0
2014-10-10,17.304,17.304,17.236,17.236,2436,0
2014-10-13,17.366,17.555,17.366,17.413,1535,0
2014-10-14,17.413,17.413,17.314,17.314,3478,0
2014-10-15,17.331,17.331,17.299,17.331,1929,0
2014-10-16,17.613,17.613,17.289,17.322,1934,0
2014-10-20,17.613,17.613,17.336,17.422,1384,0
2014-10-21,17.419,17.457,17.304,17.457,3655,0
2014-10-22,17.314,17.466,17.314,17.466,1240,0
2014-10-23,17.665,17.665,17.484,17.484,1089,0
2014-10-24,17.646,17.646,17.574,17.574,843,0
2014-10-27,17.583,17.665,17.583,17.665,1297,0
2014-10-28,17.712,17.712,17.358,17.638,4123,0
2014-10-29,17.712,17.712,17.712,17.712,1248,0
2014-10-30,17.712,17.712,17.405,17.613,1284,0
2014-10-31,17.622,17.712,17.622,17.622,2071,0
2014-11-03,17.574,17.574,17.413,17.565,3097,0
2014-11-04,17.622,17.665,17.622,17.622,2617,0
2014-11-05,17.622,17.838,17.622,17.712,5402,0
2014-11-06,17.669,17.669,17.603,17.669,683,0
2014-11-07,17.802,17.802,17.715,17.715,732,0
2014-11-10,17.503,17.613,17.44,17.613,4915,0
2014-11-11,17.449,17.622,17.449,17.574,7249,0
2014-11-12,17.622,17.712,17.622,17.712,6058,0
2014-11-13,17.822,17.838,17.822,17.838,2312,0
2014-11-14,17.838,17.838,17.783,17.822,2422,0
2014-11-17,17.846,17.846,17.802,17.802,4273,0
2014-11-18,17.846,17.982,17.846,17.982,9133,0
2014-11-19,17.952,17.993,17.952,17.982,2574,0
2014-11-20,17.992,18.063,17.982,18.026,2111,0
2014-11-21,18.072,18.072,17.892,18.011,1302,0
2014-11-24,18.072,18.975,17.983,18.914,5526,0
2014-11-25,18.975,18.975,18.217,18.325,4828,0
2014-11-26,18.526,18.79,18.38,18.79,1099,0
2014-11-28,18.388,18.481,18.388,18.481,285,0
2014-12-01,18.435,18.435,18.388,18.388,1842,0
2014-12-02,18.125,19.155,18.053,18.125,3266,0
2014-12-04,18.297,18.297,18.253,18.253,719,0
2014-12-05,18.708,18.708,18.708,18.708,689,0
2014-12-08,18.837,18.925,18.755,18.919,4933,0
2014-12-10,20.033,20.051,18.617,19.444,3016,0
2014-12-11,19.76,19.76,18.315,19.384,1769,0
2014-12-12,18.937,19.457,18.937,19.439,4332,0
2014-12-15,19.859,19.859,18.945,19.803,2974,0
2014-12-16,18.945,19.85,18.481,18.817,6851,0
2014-12-17,18.891,18.891,18.581,18.846,560,0
2014-12-18,18.8,19.165,18.527,19.083,1830,0
2014-12-19,19.092,19.1,18.617,18.617,834,0
2014-12-22,18.955,19.985,18.297,19.675,6252,0
2014-12-23,18.59,18.63,18.59,18.63,485,0
2014-12-24,19.066,19.347,19.066,19.347,661,0
2014-12-26,19.375,19.985,18.851,18.851,3393,0
2014-12-29,19.165,19.165,18.755,19.066,5624,0
2014-12-30,19.038,19.985,19.038,19.923,3334,0
2014-12-31,20.899,20.899,19.812,19.85,1707,0
2015-01-02,19.074,19.985,19.074,19.486,2476,0
2015-01-05,19.155,19.194,19.083,19.083,1447,0
2015-01-06,19.274,19.274,18.982,18.982,2721,0
2015-01-07,18.846,18.864,18.846,18.864,548,0
2015-01-08,19.237,19.245,18.933,19.11,3705,0
2015-01-09,18.718,19.274,18.718,19.119,2826,0
2015-01-12,18.755,18.81,18.718,18.737,3505,0
2015-01-13,18.496,18.989,18.475,18.526,3198,0
2015-01-15,18.773,18.982,18.773,18.955,356,0
2015-01-16,18.535,18.545,18.535,18.545,875,0
2015-01-20,18.253,18.645,18.069,18.069,19174,0
2015-01-21,18.345,19.165,18.069,19.165,4528,0
2015-01-22,18.253,19.145,18.253,18.817,9288,0
2015-01-23,18.59,18.937,18.481,18.481,3595,0
2015-01-26,19.219,19.219,18.817,18.937,1853,0
2015-01-27,18.891,18.891,18.864,18.891,625,0
2015-01-28,18.891,18.891,18.891,18.891,220,0
2015-01-29,18.398,18.873,18.397,18.873,1445,0
2015-01-30,18.891,18.891,18.069,18.271,3146,0
2015-02-02,18.335,18.345,18.253,18.345,1329,0
2015-02-03,18.435,18.455,18.435,18.455,580,0
2015-02-04,18.609,18.617,18.023,18.253,9360,0
2015-02-05,18.152,18.38,18.152,18.28,1861,0
2015-02-06,18.261,18.261,18.253,18.253,986,0
2015-02-09,18.388,18.481,18.388,18.481,438,0
2015-02-10,18.599,18.699,18.28,18.49,1487,0
2015-02-11,18.415,18.415,18.206,18.271,12119,0
2015-02-12,18.345,18.345,18.216,18.257,1023,0
2015-02-13,18.261,18.564,18.261,18.302,940,0
2015-02-17,18.335,18.362,18.335,18.362,479,0
2015-02-18,18.307,18.563,18.253,18.554,5196,0
2015-02-20,18.635,18.708,18.481,18.481,1052,0
2015-02-23,18.481,18.481,18.481,18.481,436,0
2015-02-24,18.673,18.673,18.425,18.425,1462,0
2015-02-25,18.896,18.896,18.601,18.657,3012,0
2015-02-26,18.666,18.851,18.666,18.759,2847,0
2015-02-27,18.877,19.097,18.812,18.942,6939,0
2015-03-02,19.127,19.127,18.759,19.006,2063,0
2015-03-03,18.916,18.916,18.916,18.916,543,0
2015-03-04,18.906,18.906,18.702,18.702,1301,0
2015-03-05,19.016,19.016,18.702,18.711,3037,0
2015-03-06,18.692,18.692,18.666,18.666,434,0
2015-03-09,18.682,18.682,18.666,18.666,1627,0
2015-03-10,18.859,19.063,18.759,18.951,3796,0
2015-03-11,18.896,18.896,18.702,18.841,1301,0
2015-03-12,18.877,18.916,18.618,18.759,1845,0
2015-03-13,18.886,18.923,18.886,18.896,1193,0
2015-03-16,19.08,19.127,18.666,19.127,3582,0
2015-03-17,18.923,18.942,18.821,18.933,4557,0
2015-03-18,18.906,18.906,18.251,18.906,5751,0
2015-03-19,18.877,19.127,18.877,18.896,1410,0
2015-03-20,19.117,19.117,18.906,18.923,2172,0
2015-03-23,18.951,18.951,18.896,18.896,1084,0
2015-03-24,19.127,19.127,18.896,18.896,2387,0
2015-03-25,18.896,19.153,18.896,19.127,1627,0
2015-03-26,19.183,19.356,18.674,18.692,6944,0
2015-03-27,18.841,18.841,18.455,18.666,976,0
2015-03-30,19.117,19.117,18.711,18.896,759,0
2015-03-31,18.711,18.896,18.473,18.504,3158,0
2015-04-01,18.674,19.117,18.49,18.49,2712,0
2015-04-02,18.682,18.711,18.666,18.711,1519,0
2015-04-06,18.759,18.851,18.759,18.759,759,0
2015-04-07,18.949,18.949,18.666,18.666,814,0
2015-04-08,18.628,18.942,18.592,18.768,4124,0
2015-04-09,18.958,18.987,18.958,18.987,325,0
2015-04-10,18.877,18.987,18.868,18.877,1301,0
2015-04-13,18.674,18.804,18.674,18.804,759,0
2015-04-14,18.628,18.804,18.628,18.628,1954,0
2015-04-15,18.868,18.868,18.647,18.666,2984,0
2015-04-16,18.666,18.666,18.497,18.666,3066,0
2015-04-17,18.682,18.969,18.682,18.877,1410,0
2015-04-20,18.916,18.923,18.601,18.812,2948,0
2015-04-21,19.232,19.232,19.232,19.232,110,0
2015-04-22,18.784,19.153,18.546,18.674,4371,0
2015-04-23,18.886,19.264,18.666,18.896,1301,0
2015-04-24,19.244,19.254,19.244,19.254,1084,0
2015-04-27,18.896,19.264,18.896,18.951,2278,0
2015-04-28,18.942,19.312,18.942,19.127,2930,0
2015-04-29,19.035,19.302,18.978,19.163,2063,0
2015-04-30,19.163,19.254,18.711,19.254,7703,0
2015-05-01,19.254,19.254,19.254,19.254,218,0
2015-05-04,19.219,19.219,18.74,18.74,1627,0
2015-05-05,18.804,19.071,18.776,18.776,3363,0
2015-05-06,18.821,19.21,18.759,18.759,1607,0
2015-05-07,19.356,19.356,18.759,19.124,2250,0
2015-05-08,19.183,19.183,18.851,18.851,1084,0
2015-05-11,18.776,19.219,18.666,18.682,1301,0
2015-05-12,20.058,20.058,18.637,18.637,4318,0
2015-05-13,18.759,18.759,18.546,18.546,1519,0
2015-05-14,18.731,18.759,18.527,18.527,3256,0
2015-05-15,18.657,18.666,18.435,18.637,7061,0
2015-05-18,18.682,18.682,18.536,18.536,2104,0
2015-05-19,18.445,18.759,18.445,18.759,4992,0
2015-05-20,18.759,19.347,18.692,19.025,2496,0
2015-05-21,19.312,19.312,19.135,19.135,434,0
2015-05-22,19.219,19.219,18.711,18.711,325,0
2015-05-26,19.08,19.254,18.497,18.517,1763,0
2015-05-27,18.536,19.173,18.536,18.711,2821,0
2015-05-28,18.972,18.99,18.805,18.856,2678,0
2015-05-29,18.852,19.028,18.759,18.776,2471,0
2015-06-01,18.852,18.852,18.627,18.776,1869,0
2015-06-02,18.759,19.197,18.711,18.711,16179,0
2015-06-03,18.617,18.852,18.617,18.721,3546,0
2015-06-04,19.093,19.093,18.617,18.711,5370,0
2015-06-05,18.842,18.852,18.776,18.776,430,0
2015-06-08,18.656,18.656,18.656,18.656,430,0
2015-06-09,18.852,18.852,18.759,18.759,1123,0
2015-06-10,19.111,19.245,19.084,19.168,3984,0
2015-06-11,19.084,19.178,19.084,19.101,1519,0
2015-06-12,19.178,19.308,19.093,19.308,1181,0
2015-06-15,19.372,19.372,19.206,19.206,1397,0
2015-06-16,19.084,19.215,19.084,19.178,2149,0
2015-06-17,19.223,19.409,19.158,19.158,1181,0
2015-06-18,19.336,19.336,19.084,19.318,2362,0
2015-06-19,19.269,19.318,19.269,19.318,538,0
2015-06-22,19.13,19.328,19.13,19.139,1181,0
2015-06-23,19.13,19.168,19.084,19.084,4329,0
2015-06-24,19.24,19.24,19.24,19.24,215,0
2015-06-25,19.24,19.25,18.759,18.962,6552,0
2015-06-26,19.048,19.197,18.646,19.197,5479,0
2015-06-29,18.972,19.13,18.944,18.944,1933,0
2015-06-30,18.944,19.503,18.944,19.372,7014,0
2015-07-01,19.485,19.503,18.852,19.019,2254,0
2015-07-02,18.925,19.503,18.925,19.503,430,0
2015-07-06,19.485,19.495,19.485,19.485,644,0
2015-07-07,19.019,19.353,18.721,19.353,8809,0
2015-07-08,19.308,19.308,18.749,18.972,1397,0
2015-07-09,18.813,19.223,18.813,19.074,2577,0
2015-07-10,18.898,19.233,18.898,19.066,2577,0
2015-07-13,18.962,19.24,18.944,18.954,2362,0
2015-07-14,18.898,19.418,18.898,19.188,3006,0
2015-07-15,18.918,19.066,18.918,19.066,832,0
2015-07-16,18.954,19.038,18.898,18.908,1611,0
2015-07-17,18.898,19.074,18.721,19.009,6230,0
2015-07-20,19.074,19.074,18.795,18.852,2362,0
2015-07-21,18.813,18.813,18.674,18.702,6338,0
2015-07-22,18.87,19.084,18.861,19.009,1181,0
2015-07-23,19.038,19.038,18.832,18.861,2685,0
2015-07-27,19.0,19.0,19.0,19.0,538,0
2015-07-28,19.038,19.038,18.674,18.795,858,0
2015-07-29,19.009,19.009,19.009,19.009,109,0
2015-07-30,19.038,19.074,19.038,19.074,1611,0
2015-07-31,19.038,19.503,18.918,19.101,3651,0
2015-08-04,19.101,19.336,19.101,19.318,2041,0
2015-08-05,19.456,19.456,19.289,19.289,2900,0
2015-08-10,19.148,19.503,19.101,19.438,2471,0
2015-08-11,19.221,19.348,19.217,19.348,1292,0
2015-08-12,19.084,19.084,19.038,19.038,2149,0
2015-08-13,18.944,19.048,18.944,19.048,751,0
2015-08-14,19.028,19.028,18.617,18.646,15792,0
2015-08-17,18.822,18.822,18.805,18.813,644,0
2015-08-18,18.908,18.962,18.888,18.962,1397,0
2015-08-19,18.832,18.842,18.822,18.822,1289,0
2015-08-20,18.674,18.795,18.674,18.795,1073,0
2015-08-21,18.617,18.935,18.617,18.842,2041,0
2015-08-24,18.496,18.72,18.385,18.617,22185,0
2015-08-25,18.617,18.944,18.525,18.666,3976,0
2015-08-26,18.656,18.656,18.385,18.452,7843,0
2015-08-27,18.768,18.918,18.452,18.452,2900,0
2015-08-28,18.583,18.836,18.583,18.668,4678,0
2015-08-31,19.278,19.278,18.809,18.809,2445,0
2015-09-01,19.186,19.186,18.573,19.156,8612,0
2015-09-02,19.136,19.136,18.619,18.826,1277,0
2015-09-04,18.826,18.893,18.809,18.893,1596,0
2015-09-08,19.186,19.186,18.638,18.638,3296,0
2015-09-09,18.619,18.619,18.197,18.48,8189,0
2015-09-10,18.856,18.949,17.858,18.949,3048,0
2015-09-11,18.996,18.996,18.771,18.771,533,0
2015-09-14,18.996,19.054,18.799,19.034,2125,0
2015-09-15,19.186,19.186,18.968,19.044,2552,0
2015-09-16,19.09,19.336,19.09,19.336,533,0
2015-09-17,19.457,19.486,19.09,19.486,2636,0
2015-09-18,19.278,19.646,19.278,19.646,3190,0
2015-09-21,19.88,19.91,19.439,19.467,5210,0
2015-09-22,20.041,20.041,19.655,19.663,1383,0
2015-09-23,19.467,19.467,19.176,19.176,1488,0
2015-09-24,19.241,19.381,19.241,19.381,866,0
2015-09-25,19.832,20.925,19.832,20.453,3403,0
2015-09-28,20.506,20.511,19.024,20.174,1108,0
2015-09-29,19.993,20.087,19.064,20.041,4255,0
2015-09-30,19.655,19.655,19.655,19.655,638,0
2015-10-01,19.278,19.832,19.156,19.832,1383,0
2015-10-02,19.832,20.453,19.278,20.453,1702,0
2015-10-05,20.114,20.124,19.568,19.805,3193,0
2015-10-06,19.476,19.476,19.476,19.476,426,0
2015-10-07,20.634,20.634,19.749,20.133,1914,0
2015-10-08,19.91,20.425,19.91,20.425,1063,0
2015-10-12,20.219,20.511,20.219,20.453,7326,0
2015-10-13,20.237,20.389,20.227,20.389,3190,0
2015-10-14,20.312,20.312,20.312,20.312,318,0
2015-10-15,20.651,20.689,20.566,20.643,1383,0
2015-10-16,20.503,20.503,20.341,20.389,1488,0
2015-10-19,20.313,20.566,20.312,20.566,1729,0
2015-10-20,20.294,20.312,20.266,20.294,906,0
2015-10-21,20.124,20.124,19.288,19.439,1808,0
2015-10-22,19.637,19.637,19.399,19.399,213,0
2015-10-23,19.749,20.689,19.749,20.689,7443,0
2015-10-26,20.689,20.689,20.689,20.689,533,0
2015-10-27,20.689,20.689,20.303,20.433,533,0
2015-10-30,21.159,21.159,19.607,20.351,2340,0
2015-11-03,20.791,20.791,20.078,20.153,2871,0
2015-11-04,19.327,19.955,19.278,19.749,19943,0
2015-11-05,19.918,19.983,19.769,19.769,6273,0
2015-11-06,19.749,20.021,19.749,19.749,1063,0
2015-11-09,20.689,20.689,19.871,20.133,1462,0
2015-11-10,20.106,20.106,20.012,20.012,638,0
2015-11-11,20.408,20.408,20.227,20.227,533,0
2015-11-12,20.537,20.537,20.227,20.227,318,0
2015-11-13,20.566,20.566,20.453,20.453,3190,0
2015-11-16,20.219,20.679,20.219,20.227,2340,0
2015-11-17,20.312,20.634,20.312,20.634,213,0
2015-11-18,20.868,21.159,20.416,20.416,5848,0
2015-11-19,20.511,20.511,20.511,20.511,956,0
2015-11-20,20.595,20.643,20.566,20.624,426,0
2015-11-23,20.643,20.821,20.643,20.643,1169,0
2015-11-24,20.83,20.83,20.595,20.595,2340,0
2015-11-25,20.689,20.689,20.576,20.689,1808,0
2015-11-27,21.012,21.012,20.983,20.983,211,0
2015-11-30,21.059,21.059,20.501,20.509,1159,0
2015-12-01,20.785,21.258,20.509,20.766,17817,0
2015-12-02,20.736,20.879,20.736,20.785,1054,0
2015-12-03,20.879,20.973,20.785,20.944,2338,0
2015-12-07,20.812,20.908,20.812,20.908,738,0
2015-12-08,20.879,20.879,20.708,20.708,1859,0
2015-12-09,20.879,20.944,20.509,20.509,5058,0
2015-12-10,21.003,21.022,20.643,21.012,6005,0
2015-12-11,20.659,20.736,20.253,20.518,3584,0
2015-12-14,21.022,21.022,20.291,20.366,2495,0
2015-12-15,20.633,20.633,20.224,20.358,6323,0
2015-12-16,20.812,20.812,20.405,20.405,2213,0
2015-12-17,20.272,20.272,20.272,20.272,315,0
2015-12-18,20.281,20.614,20.262,20.614,2001,0
2015-12-21,20.272,20.272,20.272,20.272,107,0
2015-12-22,20.973,20.973,20.575,20.575,421,0
2015-12-28,20.594,20.594,20.432,20.432,829,0
2015-12-30,20.889,20.889,20.889,20.889,107,0
2015-12-31,20.944,20.944,20.215,20.215,11071,0
2016-01-04,20.509,20.509,20.243,20.243,213,0
2016-01-05,20.307,20.599,20.215,20.215,2150,0
2016-01-06,20.236,20.358,20.215,20.215,1372,0
2016-01-07,20.215,20.389,20.215,20.389,1997,0
2016-01-08,20.318,20.365,19.939,20.338,1981,0
2016-01-11,20.348,20.348,20.348,20.348,211,0
2016-01-12,20.11,20.158,20.082,20.082,2258,0
2016-01-13,19.952,20.243,19.929,20.233,940,0
2016-01-14,20.164,20.233,19.987,20.186,1815,0
2016-01-15,20.168,20.186,19.986,20.025,5746,0
2016-01-19,20.168,20.168,20.168,20.168,0,0
2016-01-20,19.986,20.148,19.854,20.073,2942,0
2016-01-21,19.892,20.073,19.76,20.063,8376,0
2016-01-22,20.073,20.376,19.772,20.376,4089,0
2016-01-25,19.815,20.405,19.598,20.168,4239,0
2016-01-26,20.366,20.366,20.168,20.328,315,0
2016-01-27,20.328,20.395,20.025,20.386,4138,0
2016-01-28,20.366,20.405,19.958,20.386,2213,0
2016-01-29,20.253,20.689,20.253,20.432,6638,0
2016-02-01,20.449,20.879,20.405,20.812,2734,0
2016-02-02,20.812,20.812,20.614,20.614,211,0
2016-02-03,20.643,20.812,20.366,20.746,4542,0
2016-02-04,20.541,20.785,20.309,20.633,2029,0
2016-02-05,20.792,20.792,20.718,20.718,212,0
2016-02-08,20.718,20.93,20.689,20.689,1429,0
2016-02-09,20.689,20.689,20.245,20.491,1723,0
2016-02-10,20.679,20.718,20.262,20.633,2888,0
2016-02-11,20.246,20.451,20.246,20.451,445,0
2016-02-12,20.718,20.718,20.272,20.604,1929,0
2016-02-16,20.594,20.643,20.556,20.643,3568,0
2016-02-17,20.405,20.405,20.097,20.097,4239,0
2016-02-18,20.105,20.262,20.105,20.262,315,0
2016-02-19,20.262,20.308,20.259,20.308,2107,0
2016-02-22,20.308,20.879,20.308,20.736,5539,0
2016-02-23,20.501,20.879,20.501,20.879,1884,0
2016-02-24,20.689,21.344,20.689,21.116,10148,0
2016-02-25,21.277,21.353,21.239,21.317,7524,0
2016-02-26,21.506,21.506,20.836,21.371,2422,0
2016-02-29,21.545,21.545,20.444,21.173,5599,0
2016-03-01,20.491,21.173,20.491,21.173,1091,0
2016-03-02,20.549,21.545,20.549,21.545,4700,0
2016-03-03,20.406,21.545,20.406,21.257,2786,0
2016-03-04,21.45,21.535,20.587,20.731,6195,0
2016-03-07,20.856,21.307,20.78,21.038,5458,0
2016-03-08,20.771,21.057,20.771,20.771,3559,0
2016-03-09,20.885,21.511,20.647,20.836,4181,0
2016-03-10,21.297,21.441,20.826,21.114,9084,0
2016-03-11,20.923,21.506,20.597,21.163,5337,0
2016-03-14,21.124,21.545,21.124,21.525,4556,0
2016-03-15,21.201,21.792,21.114,21.114,4590,0
2016-03-16,21.784,21.784,21.114,21.163,2765,0
2016-03-17,21.133,21.153,21.114,21.153,920,0
2016-03-18,21.067,21.401,20.78,21.401,6409,0
2016-03-21,21.401,21.766,21.401,21.47,4427,0
2016-03-22,21.21,21.307,21.082,21.292,3812,0
2016-03-23,21.238,21.766,21.238,21.689,3750,0
2016-03-24,21.603,21.766,20.453,21.21,4248,0
2016-03-28,21.441,21.441,21.315,21.326,724,0
2016-03-29,21.038,21.603,20.817,21.067,12748,0
2016-03-30,21.719,21.719,21.007,21.515,2518,0
2016-03-31,21.46,21.56,21.421,21.431,2687,0
2016-04-01,21.718,21.718,21.076,21.257,1828,0
2016-04-04,21.21,21.699,21.21,21.535,1729,0
2016-04-05,21.307,21.535,21.137,21.535,3545,0
2016-04-06,21.525,21.967,21.525,21.679,5390,0
2016-04-07,21.555,21.89,21.555,21.766,5744,0
2016-04-08,21.736,21.833,21.513,21.736,5412,0
2016-04-11,21.339,21.784,21.339,21.545,4501,0
2016-04-12,21.851,21.929,21.535,21.594,4003,0
2016-04-13,21.488,21.803,21.488,21.659,7103,0
2016-04-15,21.421,21.976,21.421,21.784,4785,0
2016-04-18,21.784,22.024,21.496,21.496,1888,0
2016-04-19,21.545,21.584,21.421,21.45,4749,0
2016-04-20,21.496,21.496,21.124,21.401,6109,0
2016-04-21,21.257,21.257,21.067,21.21,5874,0
2016-04-22,21.267,21.794,21.267,21.575,4344,0
2016-04-25,21.64,21.736,21.228,21.736,5144,0
2016-04-26,21.784,21.784,21.612,21.679,3134,0
2016-04-27,21.622,21.784,21.594,21.594,4280,0
2016-04-28,21.689,21.793,21.163,21.163,1198,0
2016-04-29,21.966,21.966,21.133,21.133,618,0
2016-05-02,21.048,21.371,20.885,20.96,10097,0
2016-05-03,21.104,21.201,21.0,21.067,4264,0
2016-05-04,21.067,21.067,20.923,20.923,7655,0
2016-05-05,20.98,21.176,20.836,20.885,1577,0
2016-05-06,20.826,21.307,20.826,21.067,1994,0
2016-05-09,21.076,21.114,20.97,21.067,2784,0
2016-05-10,21.034,21.335,20.96,21.335,4417,0
2016-05-11,21.381,21.545,20.97,20.98,5837,0
2016-05-12,21.545,21.91,21.545,21.728,10822,0
2016-05-13,21.843,21.843,21.555,21.632,1974,0
2016-05-16,21.555,21.833,21.182,21.446,2505,0
2016-05-17,21.637,21.699,21.104,21.21,3648,0
2016-05-18,21.344,22.024,21.317,22.024,30800,0
2016-05-19,21.39,22.024,21.287,22.014,6520,0
2016-05-20,22.024,22.877,21.575,22.34,8332,0
2016-05-23,22.867,22.887,22.312,22.79,31329,0
2016-05-24,22.887,24.026,22.685,23.747,42071,0
2016-05-25,23.694,24.647,23.694,24.274,16409,0
2016-05-26,24.513,24.515,23.843,23.944,13693,0
2016-05-27,24.035,24.036,23.389,23.862,10059,0
2016-05-31,23.678,23.957,22.783,23.254,18375,0
2016-06-01,23.185,23.64,22.443,23.114,10639,0
2016-06-02,23.195,23.409,22.78,23.225,9992,0
2016-06-03,23.264,23.264,22.684,22.79,7846,0
2016-06-06,22.912,23.409,22.684,22.858,18716,0
2016-06-07,22.78,23.36,22.655,22.898,10650,0
2016-06-08,22.733,23.35,22.723,23.124,5484,0
2016-06-09,23.063,23.07,22.713,22.925,5105,0
2016-06-10,23.07,23.36,22.858,23.185,15211,0
2016-06-13,23.166,23.166,22.974,23.166,7875,0
2016-06-14,23.158,23.166,22.703,22.974,5750,0
2016-06-15,23.099,23.166,22.684,23.158,87083,0
2016-06-16,22.796,23.166,22.79,23.166,13799,0
2016-06-17,23.109,23.166,22.878,23.013,18401,0
2016-06-20,23.292,23.292,22.684,22.915,9071,0
2016-06-21,23.05,24.084,22.915,23.775,20329,0
2016-06-22,24.007,24.007,23.38,23.534,18583,0
2016-06-23,23.562,24.392,23.515,23.832,33322,0
2016-06-24,23.62,24.653,23.418,23.65,43830,0
2016-06-27,23.475,23.62,22.829,22.915,14987,0
2016-06-28,22.925,24.228,22.925,24.093,26836,0
2016-06-29,24.181,24.228,23.842,24.181,8432,0
2016-06-30,23.94,24.238,23.94,24.238,11466,0
2016-07-01,24.228,24.228,24.085,24.228,2797,0
2016-07-05,24.162,24.228,24.093,24.191,9183,0
2016-07-06,24.287,24.287,24.084,24.181,3260,0
2016-07-07,24.152,24.152,23.842,24.112,1689,0
2016-07-08,24.228,24.228,23.891,24.219,12334,0
2016-07-11,24.228,24.228,23.891,24.228,7427,0
2016-07-12,24.432,24.432,24.152,24.162,11338,0
2016-07-13,24.152,25.099,23.9,24.644,11687,0
2016-07-14,24.818,24.818,24.459,24.595,7690,0
2016-07-15,24.789,24.789,24.384,24.615,7733,0
2016-07-18,24.967,25.099,24.742,25.049,7931,0
2016-07-19,24.75,24.75,24.325,24.422,3549,0
2016-07-20,24.432,24.702,24.257,24.702,5861,0
2016-07-21,24.586,24.588,24.017,24.228,4138,0
2016-07-22,24.181,24.624,24.138,24.624,8627,0
2016-07-25,24.247,24.712,24.247,24.702,10361,0
2016-07-26,24.712,24.712,24.489,24.682,14464,0
2016-07-27,24.547,25.079,24.363,25.059,6868,0
2016-07-28,25.001,25.001,24.808,25.001,4499,0
2016-07-29,24.721,24.953,24.721,24.953,4330,0
2016-08-01,24.997,25.001,24.779,24.894,5273,0
2016-08-02,24.62,24.856,24.506,24.528,6581,0
2016-08-03,24.577,24.577,23.997,24.383,3717,0
2016-08-04,24.837,24.837,24.325,24.489,4276,0
2016-08-05,24.789,24.789,24.443,24.644,23070,0
2016-08-08,24.721,25.252,24.518,25.194,17924,0
2016-08-09,25.194,25.831,24.866,25.261,15591,0
2016-08-10,25.194,25.474,25.136,25.164,7559,0
2016-08-11,25.329,25.753,25.074,25.753,10356,0
2016-08-12,26.863,26.863,25.822,26.112,9260,0
2016-08-15,26.313,26.622,24.609,26.323,12418,0
2016-08-16,26.409,26.409,25.773,26.004,6599,0
2016-08-17,25.938,26.546,25.289,26.168,10691,0
2016-08-18,25.773,26.382,25.773,25.996,4752,0
2016-08-19,26.112,26.42,25.902,26.237,17288,0
2016-08-22,25.178,26.439,25.178,26.266,4210,0
2016-08-23,26.352,26.546,26.092,26.352,11071,0
2016-08-24,26.275,26.603,25.841,26.217,16094,0
2016-08-25,26.063,26.565,26.053,26.257,4517,0
2016-08-26,26.318,26.318,25.682,26.158,2335,0
2016-08-29,25.715,26.063,25.589,25.947,2757,0
2016-08-30,25.868,26.589,25.772,25.888,2956,0
2016-08-31,25.748,26.89,25.344,26.453,11750,0
2016-09-01,26.024,26.259,25.782,26.259,5497,0
2016-09-02,26.259,26.744,25.908,26.725,8633,0
2016-09-06,26.589,26.744,26.306,26.696,3797,0
2016-09-07,26.491,26.744,26.268,26.347,11198,0
2016-09-08,26.462,26.725,25.967,26.569,1193,0
2016-09-09,26.404,26.589,25.859,25.928,6068,0
2016-09-12,26.103,26.365,25.918,26.365,7731,0
2016-09-13,26.004,26.501,26.004,26.113,5959,0
2016-09-14,26.19,26.501,25.996,26.249,4618,0
2016-09-15,26.375,26.725,26.2,26.375,11917,0
2016-09-16,26.501,26.501,25.83,26.004,27363,0
2016-09-19,25.921,26.2,25.921,26.034,5620,0
2016-09-20,26.064,26.064,25.967,25.967,1153,0
2016-09-21,25.976,25.976,25.704,25.928,5189,0
2016-09-22,26.122,26.569,26.122,26.404,3292,0
2016-09-23,26.297,26.55,26.17,26.17,7170,0
2016-09-26,26.142,26.355,25.772,26.355,1275,0
2016-09-27,25.788,26.16,25.742,25.928,3369,0
2016-09-28,25.908,26.249,25.821,25.821,2889,0
2016-09-29,26.034,26.034,24.75,25.656,9742,0
2016-09-30,25.128,25.888,24.984,25.859,4039,0
2016-10-03,25.772,25.782,24.781,25.567,3992,0
2016-10-04,24.943,25.557,24.943,25.557,1453,0
2016-10-05,25.723,25.957,25.403,25.596,10075,0
2016-10-06,25.772,25.938,25.577,25.666,1328,0
2016-10-07,25.042,25.859,25.042,25.51,2671,0
2016-10-10,25.762,25.967,25.48,25.967,1917,0
2016-10-11,25.772,25.772,25.431,25.44,2144,0
2016-10-12,25.374,25.675,25.364,25.586,10201,0
2016-10-13,25.354,25.48,25.188,25.276,7087,0
2016-10-14,25.49,25.51,25.092,25.12,2676,0
2016-10-17,25.238,25.238,24.946,25.042,1647,0
2016-10-18,24.896,25.41,24.896,25.384,1594,0
2016-10-19,24.946,25.577,24.946,25.431,1557,0
2016-10-20,25.14,25.431,24.946,25.431,3798,0
2016-10-21,25.285,25.431,25.222,25.431,966,0
2016-10-24,24.994,25.285,24.946,25.285,905,0
2016-10-25,25.431,26.16,25.431,25.821,5418,0
2016-10-26,26.113,26.16,26.064,26.064,7549,0
2016-10-27,25.967,26.16,25.967,25.967,2075,0
2016-10-28,26.039,26.209,26.039,26.209,970,0
2016-10-31,26.093,26.404,26.014,26.16,5110,0
2016-11-01,25.868,26.355,25.868,26.16,3225,0
2016-11-02,26.259,26.453,26.064,26.064,3738,0
2016-11-03,26.004,26.55,26.004,26.259,3063,0
2016-11-04,26.404,26.404,26.16,26.16,3928,0
2016-11-07,26.306,26.598,25.384,26.598,5031,0
2016-11-08,26.453,26.89,26.453,26.842,3005,0
2016-11-09,26.939,27.231,25.577,27.231,18768,0
2016-11-10,27.231,29.175,26.827,28.203,12496,0
2016-11-11,28.3,30.683,28.203,29.905,27280,0
2016-11-14,29.662,30.388,28.591,29.419,24328,0
2016-11-15,29.029,30.635,27.231,28.883,9281,0
2016-11-16,28.69,28.69,25.967,28.446,6036,0
2016-11-17,28.544,28.544,27.474,27.862,4868,0
2016-11-18,27.961,29.807,27.716,29.273,19641,0
2016-11-21,30.105,30.585,29.273,29.76,9832,0
2016-11-22,29.905,31.363,29.225,30.439,12811,0
2016-11-23,30.294,31.947,29.463,31.363,4696,0
2016-11-25,30.076,31.023,30.076,31.023,1321,0
2016-11-28,30.683,30.828,30.148,30.148,21375,0
2016-11-29,31.032,31.032,30.099,30.785,5736,0
2016-11-30,30.687,31.568,30.197,30.441,15504,0
2016-12-01,30.641,31.249,30.294,30.294,5828,0
2016-12-02,30.491,30.641,30.148,30.148,2015,0
2016-12-05,30.687,30.687,29.659,30.148,11744,0
2016-12-06,30.246,30.833,30.05,30.54,8524,0
2016-12-07,30.785,30.98,30.246,30.491,6822,0
2016-12-08,30.687,31.763,30.34,30.882,17578,0
2016-12-09,31.47,31.715,30.687,31.421,35086,0
2016-12-12,31.812,31.862,30.882,30.882,8849,0
2016-12-13,31.127,31.371,31.028,31.127,6421,0
2016-12-14,31.562,31.91,31.224,31.47,5634,0
2016-12-15,31.421,32.009,30.98,31.224,16707,0
2016-12-16,31.47,31.812,31.371,31.47,23966,0
2016-12-19,31.323,31.763,30.932,31.323,11797,0
2016-12-20,31.763,31.959,31.323,31.763,13524,0
2016-12-21,31.812,31.937,31.763,31.812,3612,0
2016-12-22,32.009,32.057,31.47,31.47,10338,0
2016-12-23,31.518,31.616,31.323,31.323,4272,0
2016-12-27,31.518,31.715,31.224,31.518,7229,0
2016-12-28,31.176,31.616,31.176,31.224,4801,0
2016-12-29,31.127,31.127,30.05,30.344,11622,0
2016-12-30,30.099,30.638,30.099,30.588,5802,0
2017-01-03,30.588,30.932,30.122,30.785,4620,0
2017-01-04,30.735,30.785,30.393,30.638,4891,0
2017-01-05,30.687,30.687,30.197,30.197,7160,0
2017-01-06,30.246,30.785,30.246,30.294,3304,0
2017-01-09,30.164,30.441,30.001,30.393,5354,0
2017-01-10,30.294,30.294,29.879,30.099,4568,0
2017-01-11,30.197,30.588,29.952,30.197,3016,0
2017-01-12,30.294,30.294,29.512,29.512,3791,0
2017-01-13,29.61,30.05,29.414,29.855,7693,0
2017-01-17,29.903,29.903,28.875,28.925,7981,0
2017-01-18,29.022,29.366,28.803,28.925,2071,0
2017-01-19,28.875,29.12,28.875,29.12,3398,0
2017-01-20,28.974,29.267,28.875,29.022,5285,0
2017-01-23,29.366,29.366,28.974,29.169,2797,0
2017-01-24,29.267,29.316,28.778,29.316,1525,0
2017-01-25,29.855,29.855,29.267,29.806,1186,0
2017-01-26,29.366,29.463,29.366,29.463,606,0
2017-01-27,29.308,29.316,28.875,29.219,5670,0
2017-01-30,29.219,29.254,29.169,29.254,4695,0
2017-01-31,28.875,29.366,28.875,29.366,4186,0
2017-02-01,29.806,29.806,29.366,29.366,1259,0
2017-02-02,29.855,29.855,29.291,29.291,2183,0
2017-02-03,29.127,29.366,29.127,29.267,3981,0
2017-02-06,29.072,29.267,28.534,28.581,10039,0
2017-02-07,29.12,29.12,27.847,27.847,2517,0
2017-02-08,27.75,28.288,27.7,27.994,4864,0
2017-02-09,28.076,28.778,27.994,28.19,2092,0
2017-02-10,28.705,29.022,28.435,29.022,6709,0
2017-02-13,28.974,29.12,28.435,28.875,3117,0
2017-02-14,28.387,28.974,28.19,28.925,11924,0
2017-02-15,28.827,29.072,28.435,28.875,4748,0
2017-02-16,28.68,29.022,28.631,28.68,4386,0
2017-02-17,28.827,28.875,28.524,28.827,6830,0
2017-02-21,28.863,29.072,28.778,28.875,3295,0
2017-02-22,28.827,29.067,28.584,28.728,5967,0
2017-02-23,28.778,29.022,28.778,28.827,3729,0
2017-02-24,28.947,28.947,28.631,28.778,2274,0
2017-02-27,28.63,29.172,28.63,28.827,5864,0
2017-02-28,28.68,28.827,28.482,28.58,7416,0
2017-03-01,28.827,29.074,28.68,28.876,4367,0
2017-03-02,28.876,29.32,28.876,29.222,6860,0
2017-03-03,29.222,29.32,29.147,29.27,3420,0
2017-03-06,29.27,29.566,29.074,29.418,11032,0
2017-03-07,29.024,29.566,29.024,29.418,8565,0
2017-03-08,29.074,30.059,28.876,29.468,12347,0
2017-03-09,28.58,30.01,28.58,29.468,12622,0
2017-03-10,29.862,30.256,29.172,29.862,14771,0
2017-03-13,30.207,31.341,29.812,30.749,20589,0
2017-03-14,30.847,30.847,29.616,30.601,14253,0
2017-03-15,30.749,32.03,29.764,30.256,27649,0
2017-03-16,30.207,30.749,29.812,30.651,10155,0
2017-03-17,30.503,31.291,30.01,30.503,123678,0
2017-03-20,30.158,31.537,30.108,30.158,10268,0
2017-03-21,30.576,30.897,28.876,29.122,24177,0
2017-03-22,28.827,28.827,27.768,28.137,21956,0
2017-03-23,28.482,29.074,28.482,28.926,5131,0
2017-03-24,28.876,29.024,28.334,28.482,4052,0
2017-03-27,28.088,28.58,28.088,28.58,5109,0
2017-03-28,28.827,29.418,28.63,28.926,8799,0
2017-03-29,29.074,29.074,28.63,28.827,5128,0
2017-03-30,28.728,28.974,28.088,28.482,18135,0
2017-03-31,28.532,28.876,28.433,28.433,6003,0
2017-04-03,28.827,28.926,28.137,28.68,4820,0
2017-04-04,28.58,29.517,28.58,29.024,8021,0
2017-04-05,29.074,29.37,28.827,28.827,5296,0
2017-04-06,29.32,29.32,28.778,28.974,4820,0
2017-04-07,29.468,29.468,29.172,29.32,5211,0
2017-04-10,29.468,29.468,29.099,29.172,3254,0
2017-04-11,29.024,29.566,29.024,29.37,5343,0
2017-04-12,29.351,29.96,29.32,29.714,4893,0
2017-04-13,28.876,29.122,28.876,28.876,2527,0
2017-04-17,28.876,29.122,28.63,29.024,7756,0
2017-04-18,29.122,30.256,28.876,29.96,4814,0
2017-04-19,29.812,30.059,29.393,29.764,8868,0
2017-04-20,29.665,30.059,29.517,29.566,4131,0
2017-04-21,29.517,29.911,29.517,29.812,8634,0
2017-04-24,29.96,30.946,29.812,30.651,13063,0
2017-04-25,30.108,30.601,29.616,30.059,8899,0
2017-04-26,29.566,31.143,29.517,30.601,10350,0
2017-04-27,30.01,30.946,29.911,30.355,8234,0
2017-05-01,30.453,30.798,29.911,30.601,8926,0
2017-05-02,30.404,30.847,30.158,30.552,6631,0
2017-05-03,30.552,30.847,30.158,30.207,8242,0
2017-05-04,30.552,30.946,30.552,30.897,4747,0
2017-05-05,30.922,30.922,30.699,30.749,3564,0
2017-05-08,30.897,31.143,30.789,30.798,3630,0
2017-05-09,31.143,31.143,30.256,30.503,3972,0
2017-05-10,30.847,30.897,30.158,30.256,4123,0
2017-05-11,30.207,30.478,30.158,30.207,6540,0
2017-05-12,30.207,30.404,30.158,30.158,7584,0
2017-05-15,30.231,30.404,30.158,30.305,2559,0
2017-05-16,30.158,30.355,30.158,30.355,3160,0
2017-05-17,30.158,30.263,29.27,29.27,8229,0
2017-05-18,29.172,30.158,29.172,29.517,9605,0
2017-05-19,29.37,30.355,28.876,29.074,7915,0
2017-05-22,29.172,29.172,28.68,28.728,8732,0
2017-05-23,28.974,28.974,27.989,28.384,8296,0
2017-05-24,28.186,28.26,27.94,28.186,3139,0
2017-05-25,28.039,28.353,28.039,28.334,3630,0
2017-05-26,28.214,28.285,27.989,28.186,5235,0
2017-05-30,28.236,28.286,27.938,27.938,4493,0
2017-05-31,27.839,28.038,27.789,28.038,4762,0
2017-06-01,28.041,28.683,27.975,28.534,4952,0
2017-06-02,28.583,28.98,28.435,28.435,10069,0
2017-06-05,29.204,29.204,28.385,28.484,2546,0
2017-06-06,28.484,28.484,27.988,27.988,6106,0
2017-06-07,27.988,28.435,27.839,27.889,4006,0
2017-06-08,28.207,28.534,27.938,28.038,7486,0
2017-06-09,28.087,28.286,27.789,28.186,14568,0
2017-06-12,28.484,29.377,28.087,29.179,10892,0
2017-06-13,29.08,29.129,28.514,28.931,4757,0
2017-06-14,28.782,29.129,28.683,28.98,4777,0
2017-06-15,29.08,29.204,28.385,28.98,3219,0
2017-06-16,28.534,29.129,28.534,28.881,17216,0
2017-06-19,29.626,29.626,29.011,29.03,5028,0
2017-06-20,28.931,29.179,28.881,28.881,4942,0
2017-06-21,28.881,29.129,28.832,28.881,4724,0
2017-06-22,29.119,29.278,28.832,28.931,4471,0
2017-06-23,28.832,29.824,28.781,29.774,33754,0
2017-06-26,29.427,29.973,29.278,29.626,3533,0
2017-06-27,29.129,29.675,29.129,29.477,6294,0
2017-06-28,29.526,29.874,29.477,29.774,4728,0
2017-06-29,29.774,30.965,29.774,30.32,7515,0
2017-06-30,30.964,30.964,30.221,30.271,4421,0
2017-07-03,30.965,30.965,29.328,30.42,1365,0
2017-07-05,30.42,30.668,29.576,29.774,9355,0
2017-07-06,30.271,30.469,29.526,29.973,7424,0
2017-07-07,29.973,30.221,29.675,29.675,3399,0
2017-07-10,29.673,29.673,29.377,29.526,3479,0
2017-07-11,29.278,29.675,29.278,29.377,7495,0
2017-07-12,29.477,30.271,29.477,30.122,6768,0
2017-07-13,30.023,30.023,29.278,29.675,10285,0
2017-07-14,29.427,29.802,29.366,29.626,2671,0
2017-07-17,29.774,29.774,28.782,29.229,7814,0
2017-07-18,29.229,29.328,28.335,28.583,4027,0
2017-07-19,28.534,28.782,28.087,28.286,7553,0
2017-07-20,28.385,29.08,28.286,28.534,3262,0
2017-07-21,28.633,30.271,28.385,28.385,13065,0
2017-07-24,28.376,28.732,27.889,28.236,9726,0
2017-07-25,28.236,29.253,28.236,28.683,8732,0
2017-07-26,28.186,29.179,28.186,28.286,7661,0
2017-07-27,28.156,28.98,28.156,28.186,4043,0
2017-07-28,28.789,28.789,28.335,28.385,4099,0
2017-07-31,28.045,28.583,28.045,28.236,2633,0
2017-08-01,28.236,28.469,28.236,28.335,11877,0
2017-08-02,28.699,28.699,28.236,28.236,3695,0
2017-08-03,28.286,28.484,28.038,28.236,6085,0
2017-08-04,28.087,28.087,28.038,28.038,1522,0
2017-08-07,28.038,28.038,27.344,27.392,7036,0
2017-08-08,27.492,27.988,27.492,27.591,5197,0
2017-08-09,27.541,27.541,24.266,26.003,25841,0
2017-08-10,26.102,27.194,25.556,26.549,13346,0
2017-08-11,26.648,27.045,26.509,26.797,10252,0
2017-08-14,27.144,27.988,27.144,27.541,12711,0
2017-08-15,27.641,27.938,26.896,27.293,7059,0
2017-08-16,27.426,27.426,26.698,26.747,7404,0
2017-08-17,26.549,26.673,26.053,26.152,8011,0
2017-08-18,25.854,26.598,25.854,26.003,11983,0
2017-08-21,26.037,26.251,25.904,25.953,4188,0
2017-08-22,26.102,26.35,26.053,26.35,4922,0
2017-08-23,26.35,26.35,25.953,26.053,3956,0
2017-08-24,26.152,26.4,26.053,26.251,4639,0
2017-08-25,26.251,26.797,26.251,26.499,7337,0
2017-08-28,26.4,27.541,26.4,26.549,8733,0
2017-08-29,26.499,26.698,26.35,26.4,5620,0
2017-08-30,26.45,26.9,26.0,26.0,6824,0
2017-08-31,26.2,27.0,26.1,26.15,6169,0
2017-09-01,26.1,26.95,26.1,26.75,4687,0
2017-09-05,26.65,26.9,26.2,26.3,5090,0
2017-09-06,26.45,26.95,26.35,26.75,8686,0
2017-09-07,26.85,26.9469,26.4,26.9,8320,0
2017-09-08,26.35,26.95,26.35,26.85,3281,0
2017-09-11,26.85,27.35,26.8,27.1,6966,0
2017-09-12,27.25,28.35,26.65,26.8,5059,0
2017-09-13,26.9,27.3,26.7501,26.85,10313,0
2017-09-14,27.25,27.25,26.45,26.9,10505,0
2017-09-15,26.95,27.05,26.75,27.05,26886,0
2017-09-18,27.05,27.9,27.05,27.7,12646,0
2017-09-19,27.0,28.05,27.0,27.85,9528,0
2017-09-20,27.8,28.0,27.75,27.85,9650,0
2017-09-21,27.9,28.0,27.6,27.95,14327,0
2017-09-22,27.95,28.0,27.85,28.0,3865,0
2017-09-25,27.85,27.9999,27.75,27.9,4100,0
2017-09-26,27.9,28.35,27.5,28.2,18967,0
2017-09-27,28.2,28.45,28.05,28.3,21384,0
2017-09-28,27.9,28.2001,27.9,28.15,7429,0
2017-09-29,28.05,28.3,27.55,27.7,6301,0
2017-10-02,27.752,28.25,27.752,28.15,6708,0
2017-10-03,28.1,28.35,27.9,28.2,5677,0
2017-10-04,27.95,28.1555,27.95,27.95,2380,0
2017-10-05,27.95,28.35,27.95,28.15,6896,0
2017-10-06,28.05,28.25,27.9,28.05,2289,0
2017-10-09,27.75,28.05,27.7,27.85,5114,0
2017-10-10,27.85,28.35,27.85,28.35,4002,0
2017-10-11,28.25,28.35,28.15,28.2,4643,0
2017-10-12,28.3,28.95,28.3,28.35,3923,0
2017-10-13,28.45,28.45,28.35,28.35,1173,0
2017-10-16,28.45,28.45,27.88,28.45,2593,0
2017-10-17,28.0305,28.35,27.95,28.25,6068,0
2017-10-18,28.2,28.4,28.0407,28.2,4671,0
2017-10-19,27.95,28.356,27.86,28.05,8040,0
2017-10-20,28.1,28.45,28.1,28.3,2799,0
2017-10-23,28.1,28.25,28.1,28.1,2378,0
2017-10-24,28.0,28.1999,28.0,28.0,3617,0
2017-10-25,28.0,28.15,27.75,28.0,5097,0
2017-10-26,28.25,28.25,27.95,28.1,3758,0
2017-10-27,27.95,28.45,27.95,28.45,6506,0
2017-10-30,28.0902,28.45,27.8,27.8,2244,0
2017-10-31,27.95,28.15,27.7501,27.9,10531,0
2017-11-01,27.9,28.05,27.5,27.6,4181,0
2017-11-02,27.6334,28.0,27.5,28.0,3455,0
2017-11-03,27.6257,27.9808,27.6257,27.8,7318,0
2017-11-06,28.0,28.0,27.9992,27.9992,1439,0
2017-11-07,28.0,28.0,27.75,27.75,9998,0
2017-11-08,27.75,27.75,27.125,27.4,6511,0
2017-11-09,26.8,27.1,26.8,27.1,8119,0
2017-11-10,27.5183,28.15,27.5,28.0333,9983,0
