Date,Open,High,Low,Close,Volume,OpenInt
2014-01-02,259.46,259.7,255.85,259.36,554090,0
2014-01-03,260.12,262.34,259.38,260.71,503663,0
2014-01-06,261.06,261.09,255.15,255.36,676573,0
2014-01-07,252.1,252.38,248.82,252.3,1305075,0
2014-01-08,253.12,255.32,252.11,255.06,842481,0
2014-01-09,256.21,260.32,255.9,256.03,618637,0
2014-01-10,256.0,257.59,254.23,255.33,1032095,0
2014-01-13,254.04,255.44,246.79,248.17,665118,0
2014-01-14,249.49,252.94,247.33,252.93,475009,0
2014-01-15,253.44,255.64,250.42,250.63,641262,0
2014-01-16,250.03,253.51,249.68,252.07,529935,0
2014-01-17,252.44,254.56,250.56,253.98,536516,0
2014-01-21,255.24,256.07,251.13,251.84,605241,0
2014-01-22,251.71,259.67,251.35,258.97,703297,0
2014-01-23,260.37,260.37,251.98,253.05,800500,0
2014-01-24,250.57,252.0,246.29,246.89,711931,0
2014-01-27,248.5,248.5,237.76,239.22,1256783,0
2014-01-28,239.57,243.58,239.57,243.1,684079,0
2014-01-29,238.88,245.74,238.63,242.18,742792,0
2014-01-30,245.48,247.07,243.24,246.13,666577,0
2014-01-31,242.75,244.58,236.28,236.94,1215931,0
2014-02-03,237.28,240.96,231.12,233.06,1739269,0
2014-02-04,234.44,235.49,232.76,234.0,608308,0
2014-02-05,234.11,234.76,227.91,231.53,1081843,0
2014-02-06,235.8,255.84,234.94,255.62,1959475,0
2014-02-07,257.09,267.53,256.11,262.07,1333307,0
2014-02-10,263.63,265.03,260.07,264.96,931544,0
2014-02-11,264.48,272.32,263.6,270.78,746254,0
2014-02-12,270.77,275.16,270.01,273.38,728728,0
2014-02-13,272.39,276.47,269.82,276.23,694801,0
2014-02-14,276.22,278.61,273.48,276.94,472489,0
2014-02-18,276.42,280.81,276.34,280.71,494188,0
2014-02-19,280.02,282.3,276.81,277.52,406621,0
2014-02-20,279.42,281.21,276.09,281.01,889983,0
2014-02-21,281.79,282.47,279.13,279.73,696709,0
2014-02-24,276.83,284.95,275.43,283.06,656443,0
2014-02-25,282.31,286.5,281.07,282.25,596614,0
2014-02-26,283.92,285.18,280.92,282.05,686970,0
2014-02-27,279.38,283.04,277.54,281.05,640473,0
2014-02-28,281.5,284.12,278.83,281.88,657027,0
2014-03-03,278.13,278.14,270.93,275.03,767362,0
2014-03-04,278.77,284.26,278.41,283.87,531932,0
2014-03-05,282.27,283.12,278.82,280.78,402952,0
2014-03-06,282.3,283.51,278.84,282.9,491288,0
2014-03-07,284.02,285.26,281.75,284.51,420238,0
2014-03-10,284.79,286.01,279.77,280.98,495087,0
2014-03-11,282.09,284.31,279.9,282.15,492659,0
2014-03-12,280.11,282.83,276.23,282.64,412841,0
2014-03-13,283.76,284.03,272.72,274.97,518032,0
2014-03-14,274.6,277.89,271.93,275.42,708594,0
2014-03-17,276.16,284.03,275.74,278.6,1092704,0
2014-03-18,280.43,284.85,279.07,284.76,1025116,0
2014-03-19,285.22,288.69,278.8,281.19,943812,0
2014-03-20,280.97,291.16,280.76,290.94,962953,0
2014-03-21,293.72,297.08,283.26,283.26,2063646,0
2014-03-24,284.83,286.62,276.28,277.48,1036697,0
2014-03-25,279.55,280.99,272.63,275.33,1105681,0
2014-03-26,276.02,278.46,269.26,269.44,1088439,0
2014-03-27,267.96,270.35,264.88,270.14,1033870,0
2014-03-28,270.44,274.73,269.27,271.11,882211,0
2014-03-31,272.74,274.54,265.93,269.36,1104156,0
2014-04-01,271.46,271.81,266.37,269.47,1082741,0
2014-04-02,270.69,271.73,266.97,268.81,779736,0
2014-04-03,270.18,271.02,262.4,263.31,1251816,0
2014-04-04,265.57,266.16,259.36,259.71,1127204,0
2014-04-07,258.53,260.1,245.89,253.52,2160009,0
2014-04-08,253.1,256.1,249.22,253.31,1165602,0
2014-04-09,255.18,262.42,254.29,262.07,1210413,0
2014-04-10,261.99,263.19,250.37,250.88,1177623,0
2014-04-11,247.53,250.75,242.49,243.59,1249709,0
2014-04-14,245.91,249.77,244.14,248.91,1653582,0
2014-04-15,248.83,255.97,248.67,254.44,1613513,0
2014-04-16,256.28,261.51,255.76,261.08,1258345,0
2014-04-17,250.57,254.8,242.03,242.29,2142743,0
2014-04-21,242.84,243.38,239.28,241.44,1931069,0
2014-04-22,242.86,245.24,237.33,239.03,1486083,0
2014-04-23,239.26,242.81,238.22,239.34,1925172,0
2014-04-24,240.24,241.07,234.18,238.57,1671115,0
2014-04-25,238.27,238.44,233.11,233.45,1503681,0
2014-04-28,234.45,235.34,228.9,232.27,1364782,0
2014-04-29,232.76,237.23,231.58,237.14,1031067,0
2014-04-30,236.87,239.45,235.3,239.16,1301366,0
2014-05-01,239.69,241.89,235.21,236.96,1095248,0
2014-05-02,237.69,239.39,235.65,236.17,858131,0
2014-05-05,234.05,237.74,232.62,237.45,899018,0
2014-05-06,237.17,237.82,234.36,236.29,1037758,0
2014-05-07,236.53,237.83,228.17,231.03,1400908,0
2014-05-08,231.35,235.84,230.7,232.84,876396,0
2014-05-09,231.98,233.74,230.34,233.74,811886,0
2014-05-12,235.49,240.08,233.98,239.87,1074041,0
2014-05-13,239.09,243.35,237.12,241.23,810858,0
2014-05-14,240.99,241.57,237.55,238.31,406548,0
2014-05-15,238.07,238.29,231.78,232.31,856830,0
2014-05-16,232.77,237.44,230.51,237.19,480777,0
2014-05-19,235.75,237.65,235.15,237.05,415074,0
2014-05-20,236.13,237.86,234.91,235.33,432245,0
2014-05-21,236.19,240.07,235.05,239.64,551088,0
2014-05-22,239.45,242.55,237.42,241.17,519357,0
2014-05-23,241.3,246.23,239.46,246.06,715688,0
2014-05-27,247.16,250.48,246.54,250.02,883945,0
2014-05-28,250.02,254.49,250.02,250.43,942549,0
2014-05-29,250.75,253.97,249.08,253.92,408432,0
2014-05-30,253.83,253.83,250.95,253.15,590166,0
2014-06-02,256.45,258.61,254.13,257.87,533784,0
2014-06-03,257.71,258.41,253.32,254.55,570598,0
2014-06-04,253.16,254.99,252.07,254.76,367259,0
2014-06-05,254.64,255.64,252.06,255.41,347413,0
2014-06-06,255.76,263.34,255.18,263.18,490485,0
2014-06-09,263.19,264.88,261.9,264.23,473609,0
2014-06-10,262.84,264.36,260.88,262.91,393258,0
2014-06-11,261.57,264.35,260.79,264.02,320462,0
2014-06-12,261.8,264.07,259.18,260.22,312954,0
2014-06-13,261.51,266.82,260.27,266.75,398783,0
2014-06-16,267.49,271.33,266.34,270.53,568604,0
2014-06-17,269.87,272.42,269.23,269.4,460436,0
2014-06-18,268.64,270.04,266.15,269.66,427621,0
2014-06-19,269.65,271.39,266.55,268.16,583451,0
2014-06-20,268.09,272.43,268.09,272.28,789982,0
2014-06-23,272.0,277.25,272.0,276.51,660174,0
2014-06-24,276.01,279.1,272.57,276.85,724142,0
2014-06-25,276.86,278.21,274.14,277.58,466763,0
2014-06-26,277.81,278.33,275.24,275.79,529707,0
2014-06-27,276.22,279.18,274.15,278.72,548927,0
2014-06-30,278.33,281.18,277.56,278.07,613005,0
2014-07-01,279.71,282.43,278.18,281.67,437012,0
2014-07-02,280.42,283.45,277.4,277.78,631965,0
2014-07-03,279.13,281.79,277.57,281.58,347276,0
2014-07-07,279.86,281.45,275.76,276.12,602786,0
2014-07-08,274.38,276.42,270.15,273.77,742470,0
2014-07-09,273.67,276.14,272.63,273.45,358387,0
2014-07-10,270.3,273.74,269.58,270.87,586419,0
2014-07-11,270.9,273.22,270.08,272.24,429961,0
2014-07-14,274.17,276.43,273.77,275.41,372206,0
2014-07-15,275.38,276.57,270.16,272.62,675157,0
2014-07-16,273.52,275.44,271.37,272.05,657629,0
2014-07-17,272.05,285.4,266.28,271.9,1189421,0
2014-07-18,269.27,271.24,267.03,267.6,704154,0
2014-07-21,266.32,268.02,262.68,267.96,686370,0
2014-07-22,268.58,272.35,268.56,269.22,509575,0
2014-07-23,268.42,270.98,267.52,268.93,345815,0
2014-07-24,270.85,270.93,267.78,268.64,508672,0
2014-07-25,267.4,268.17,265.79,267.5,258177,0
2014-07-28,266.32,266.92,262.69,263.68,357246,0
2014-07-29,263.81,267.0,263.81,264.99,471053,0
2014-07-30,265.54,267.96,264.89,267.39,295057,0
2014-07-31,265.76,266.25,259.06,259.32,577661,0
2014-08-01,257.68,259.52,255.3,256.37,556318,0
2014-08-04,257.93,259.32,255.52,258.59,432345,0
2014-08-05,256.19,259.66,254.33,255.82,342352,0
2014-08-06,254.36,258.29,253.05,255.18,1498255,0
2014-08-07,257.34,257.86,252.99,253.46,361895,0
2014-08-08,253.7,259.4,253.11,259.22,483330,0
2014-08-11,260.84,262.53,259.5,259.8,313483,0
2014-08-12,258.67,260.6,252.36,254.72,401156,0
2014-08-13,256.0,258.93,254.68,258.14,633150,0
2014-08-14,258.38,260.27,258.22,259.82,791535,0
2014-08-15,260.01,260.48,254.17,256.57,560771,0
2014-08-18,259.34,261.67,258.39,261.47,285881,0
2014-08-19,261.87,262.9,260.6,262.28,207948,0
2014-08-20,262.29,264.66,260.73,263.92,303247,0
2014-08-21,264.08,266.29,262.52,265.18,391930,0
2014-08-22,263.92,265.16,262.37,263.0,378155,0
2014-08-25,263.68,263.77,261.53,262.34,351083,0
2014-08-26,263.06,264.59,262.3,263.33,525806,0
2014-08-27,263.64,264.45,261.46,262.56,452719,0
2014-08-28,261.01,262.89,260.44,261.7,181737,0
2014-08-29,262.12,262.4,260.76,261.65,358452,0
2014-09-02,261.42,263.91,260.07,261.32,563488,0
2014-09-03,261.96,263.57,260.24,260.48,410027,0
2014-09-04,261.67,263.59,258.1,258.76,471784,0
2014-09-05,258.54,260.99,257.97,259.0,521198,0
2014-09-08,258.06,258.84,252.81,253.54,631545,0
2014-09-09,252.65,253.81,241.77,242.86,1309147,0
2014-09-10,242.72,257.57,242.09,256.27,1549929,0
2014-09-11,255.52,256.3,249.07,250.0,884695,0
2014-09-12,256.92,261.18,252.65,254.98,1528678,0
2014-09-15,253.98,253.98,247.39,248.19,648034,0
2014-09-16,246.82,249.51,246.1,247.43,446153,0
2014-09-17,248.32,249.35,242.51,245.22,541943,0
2014-09-18,246.89,248.3,245.2,246.5,522496,0
2014-09-19,247.1,247.84,242.26,243.46,1171165,0
2014-09-22,242.26,242.26,237.11,238.75,718625,0
2014-09-23,238.51,242.72,238.51,241.69,783179,0
2014-09-24,241.69,246.49,240.43,245.23,782853,0
2014-09-25,244.28,244.28,239.5,240.32,553329,0
2014-09-26,240.92,245.78,240.43,245.54,542323,0
2014-09-29,241.98,248.4,241.92,248.12,774412,0
2014-09-30,248.83,250.35,245.3,245.45,787734,0
2014-10-01,245.45,246.44,239.27,239.89,581411,0
2014-10-02,238.47,241.43,236.92,240.9,472107,0
2014-10-03,242.66,249.34,242.19,249.0,530271,0
2014-10-06,249.42,250.5,245.15,246.65,502434,0
2014-10-07,244.78,245.77,240.44,240.44,565371,0
2014-10-08,241.26,246.46,237.53,246.16,496793,0
2014-10-09,246.66,246.7,238.06,239.26,770082,0
2014-10-10,238.11,240.71,234.17,234.29,898868,0
2014-10-13,235.06,237.35,231.52,231.95,620034,0
2014-10-14,231.73,239.49,230.78,236.55,813416,0
2014-10-15,234.64,237.86,227.92,235.96,1055651,0
2014-10-16,235.3,251.89,232.29,249.29,1356870,0
2014-10-17,252.99,261.67,251.34,256.78,1169169,0
2014-10-20,256.42,259.11,254.29,258.09,717459,0
2014-10-21,261.01,265.23,259.71,265.1,765455,0
2014-10-22,267.11,272.75,264.35,265.71,1154121,0
2014-10-23,267.65,273.5,266.88,270.15,593293,0
2014-10-24,270.63,271.59,268.38,270.39,377650,0
2014-10-27,269.91,270.59,266.28,269.97,441757,0
2014-10-28,270.85,277.69,270.01,277.31,448428,0
2014-10-29,277.14,277.66,271.78,273.48,450242,0
2014-10-30,271.55,280.05,271.29,279.75,527850,0
2014-10-31,281.69,283.54,278.44,280.13,636254,0
2014-11-03,280.24,281.67,277.78,278.66,481260,0
2014-11-04,276.81,278.56,272.79,274.94,543198,0
2014-11-05,276.43,280.95,275.67,280.8,510349,0
2014-11-06,280.37,281.84,279.07,281.76,312594,0
2014-11-07,281.99,282.37,279.05,280.39,357057,0
2014-11-10,279.63,282.36,278.11,281.77,571564,0
2014-11-11,281.37,282.7,279.44,281.06,366666,0
2014-11-12,279.18,281.69,278.21,280.01,355140,0
2014-11-13,281.24,281.58,278.08,281.01,387247,0
2014-11-14,280.98,283.32,280.06,282.23,914845,0
2014-11-17,282.23,282.76,276.33,277.71,506995,0
2014-11-18,278.41,279.82,277.37,278.81,360629,0
2014-11-19,277.79,278.57,275.56,277.45,415323,0
2014-11-20,276.6,281.72,275.11,281.61,389712,0
2014-11-21,285.01,286.05,281.18,281.87,507347,0
2014-11-24,283.25,284.26,282.02,282.96,337546,0
2014-11-25,283.91,285.73,281.03,281.36,472598,0
2014-11-26,282.43,282.43,279.91,281.15,316193,0
2014-11-28,282.88,283.41,280.25,282.63,208628,0
2014-12-01,279.54,281.23,277.93,278.42,502812,0
2014-12-02,279.43,280.95,275.9,279.77,439036,0
2014-12-03,279.49,281.75,277.52,278.26,461326,0
2014-12-04,278.18,278.18,274.1,275.49,464787,0
2014-12-05,275.68,276.9,274.16,275.07,325527,0
2014-12-08,275.19,278.24,273.53,275.15,571702,0
2014-12-09,273.27,275.12,269.08,273.96,1902061,0
2014-12-10,274.83,277.02,271.11,274.15,803581,0
2014-12-11,275.18,281.09,274.47,274.84,622222,0
2014-12-12,272.77,275.26,270.96,271.2,688366,0
2014-12-15,272.88,280.8,272.2,279.27,872273,0
2014-12-16,278.96,280.35,275.31,275.41,919498,0
2014-12-17,277.03,280.5,276.19,279.66,728260,0
2014-12-18,282.77,286.95,279.96,286.9,648251,0
2014-12-19,288.81,289.63,284.17,286.22,822062,0
2014-12-22,287.5,288.27,284.59,286.17,359877,0
2014-12-23,287.49,288.75,285.49,286.45,338709,0
2014-12-24,286.62,287.45,285.37,286.92,110130,0
2014-12-26,287.21,289.38,286.24,287.81,200044,0
2014-12-29,287.46,288.81,284.57,288.04,408146,0
2014-12-30,286.82,288.73,283.07,283.62,308075,0
2014-12-31,284.14,287.28,282.76,282.81,260265,0
2015-01-02,285.35,285.66,279.19,282.14,361424,0
2015-01-05,283.33,284.91,276.82,278.21,296824,0
2015-01-06,278.81,279.82,270.02,274.67,488693,0
2015-01-07,277.66,278.58,275.23,276.78,305548,0
2015-01-08,283.44,284.86,279.76,284.66,366028,0
2015-01-09,284.66,287.94,283.26,287.46,388874,0
2015-01-12,287.37,288.45,286.34,288.05,605735,0
2015-01-13,289.86,293.55,281.61,284.28,492060,0
2015-01-14,282.68,284.55,276.09,278.18,622551,0
2015-01-15,278.76,283.72,276.08,276.48,349049,0
2015-01-16,276.89,286.72,275.87,286.27,445198,0
2015-01-20,286.33,290.51,282.97,289.95,379392,0
2015-01-21,289.94,293.72,288.9,291.58,548951,0
2015-01-22,291.66,292.13,286.63,291.1,492763,0
2015-01-23,291.02,296.59,288.92,295.16,435636,0
2015-01-26,293.98,297.76,292.1,297.24,437856,0
2015-01-27,294.58,296.06,290.48,291.42,355191,0
2015-01-28,294.27,294.3,286.6,286.82,301066,0
2015-01-29,286.43,289.61,282.91,289.61,331867,0
2015-01-30,287.32,289.47,284.76,285.56,402085,0
2015-02-02,286.06,288.44,278.3,288.21,512966,0
2015-02-03,289.53,292.19,287.33,291.94,369213,0
2015-02-04,290.46,292.23,284.63,289.0,864504,0
2015-02-05,285.58,286.45,265.89,276.56,1874470,0
2015-02-06,276.01,276.7,270.19,271.29,742432,0
2015-02-09,270.81,272.85,268.6,270.03,692856,0
2015-02-10,273.33,277.05,272.2,276.27,613360,0
2015-02-11,276.18,278.23,274.64,276.48,476454,0
2015-02-12,277.22,281.79,276.92,281.69,379138,0
2015-02-13,282.58,285.5,280.87,283.36,355165,0
2015-02-17,284.77,286.79,278.71,281.01,448702,0
2015-02-18,280.6,282.4,278.88,279.65,419377,0
2015-02-19,278.73,280.12,277.73,278.74,497377,0
2015-02-20,278.73,279.94,277.86,279.18,464680,0
2015-02-23,278.51,281.05,275.63,276.45,468158,0
2015-02-24,275.06,276.24,271.75,273.07,663538,0
2015-02-25,273.52,274.97,272.24,273.34,341928,0
2015-02-26,272.88,276.52,271.94,276.23,349145,0
2015-02-27,276.26,277.25,273.97,275.34,435538,0
2015-03-02,276.04,279.93,275.59,279.09,639349,0
2015-03-03,276.88,277.77,272.79,276.03,407924,0
2015-03-04,275.8,278.55,274.81,275.07,519692,0
2015-03-05,276.1,280.07,274.84,279.49,339550,0
2015-03-06,278.96,280.2,274.9,275.99,413083,0
2015-03-09,275.57,278.5,275.36,277.01,308599,0
2015-03-10,273.48,275.05,270.94,271.2,369388,0
2015-03-11,270.94,274.36,270.77,273.9,283110,0
2015-03-12,274.31,281.25,274.31,280.23,338335,0
2015-03-13,280.16,283.39,278.26,280.95,308599,0
2015-03-16,281.31,286.94,280.85,286.04,474278,0
2015-03-17,284.19,286.49,280.68,285.64,317602,0
2015-03-18,285.09,290.71,284.53,289.34,434526,0
2015-03-19,288.11,290.03,285.64,289.08,382639,0
2015-03-20,289.86,292.19,288.32,291.12,518275,0
2015-03-23,290.46,292.83,288.18,291.32,461532,0
2015-03-24,291.01,292.36,289.52,290.88,425321,0
2015-03-25,290.84,291.8,286.92,286.98,520299,0
2015-03-26,286.51,289.42,283.38,288.35,318307,0
2015-03-27,288.17,292.6,287.62,292.39,353306,0
2015-03-30,293.34,298.32,293.34,296.59,667568,0
2015-03-31,294.8,297.57,292.75,292.89,548356,0
2015-04-01,293.07,293.98,287.16,291.25,542551,0
2015-04-02,291.66,294.46,287.26,290.35,466893,0
2015-04-06,287.58,293.65,287.26,293.34,238402,0
2015-04-07,293.34,296.32,292.25,294.86,434970,0
2015-04-08,294.75,297.56,293.53,295.62,581189,0
2015-04-09,296.49,297.23,294.38,296.01,368251,0
2015-04-10,295.76,297.57,294.3,297.4,298990,0
2015-04-13,296.13,299.04,295.63,297.29,393158,0
2015-04-14,297.62,298.55,293.87,297.65,449800,0
2015-04-15,297.8,299.96,295.51,298.78,416240,0
2015-04-16,302.43,304.5,295.41,296.52,746231,0
2015-04-17,294.94,297.27,288.96,291.34,531425,0
2015-04-20,292.3,297.0,291.51,296.23,567868,0
2015-04-21,296.86,302.22,295.58,301.39,545897,0
2015-04-22,301.28,305.59,299.29,304.84,433669,0
2015-04-23,303.13,308.48,302.18,306.39,439382,0
2015-04-24,306.41,306.41,302.47,303.96,261623,0
2015-04-27,304.73,305.26,300.58,301.23,342786,0
2015-04-28,299.57,302.74,297.57,298.95,382941,0
2015-04-29,297.85,299.69,292.15,297.22,367264,0
2015-04-30,296.15,300.63,291.81,293.93,413589,0
2015-05-01,296.65,297.84,294.16,295.21,315780,0
2015-05-04,296.37,298.96,293.99,297.15,449396,0
2015-05-05,296.59,297.86,294.6,297.28,336920,0
2015-05-06,298.58,298.58,291.55,293.3,406612,0
2015-05-07,294.34,297.26,291.28,294.73,331492,0
2015-05-08,298.2,302.21,297.58,299.87,509375,0
2015-05-11,298.91,301.74,297.74,297.96,383345,0
2015-05-12,296.12,296.12,290.54,293.31,402923,0
2015-05-13,295.16,297.9,293.58,294.36,361398,0
2015-05-14,295.85,297.58,294.41,295.42,317903,0
2015-05-15,296.3,297.94,293.12,294.1,299874,0
2015-05-18,293.63,297.65,293.17,297.07,330329,0
2015-05-19,297.58,299.6,295.46,297.49,228973,0
2015-05-20,297.97,297.97,295.01,296.59,305867,0
2015-05-21,295.81,297.55,292.82,293.83,466994,0
2015-05-22,293.61,298.27,293.18,296.9,343495,0
2015-05-26,296.8,296.99,292.74,294.37,410953,0
2015-05-27,294.6,299.03,293.66,298.86,571479,0
2015-05-28,297.59,300.58,296.04,296.66,410840,0
2015-05-29,296.06,297.85,293.92,294.65,416723,0
2015-06-01,295.45,296.16,292.69,293.77,354605,0
2015-06-02,293.63,296.37,291.04,294.84,425782,0
2015-06-03,296.22,297.84,293.49,295.62,531930,0
2015-06-04,294.02,295.72,291.34,291.85,329232,0
2015-06-05,291.38,294.29,290.74,292.07,206440,0
2015-06-08,292.45,293.86,289.12,292.15,505430,0
2015-06-09,292.11,294.2,287.58,290.2,486457,0
2015-06-10,290.9,298.18,290.15,296.31,404975,0
2015-06-11,297.56,299.39,296.01,297.22,289081,0
2015-06-12,296.59,299.57,296.08,298.13,328322,0
2015-06-15,295.21,297.39,292.28,296.07,274815,0
2015-06-16,296.27,297.6,293.79,294.04,318916,0
2015-06-17,294.16,296.35,293.25,294.32,284222,0
2015-06-18,295.47,298.53,293.91,297.85,410149,0
2015-06-19,297.21,299.84,295.43,299.28,426737,0
2015-06-22,300.52,303.63,298.26,302.03,421276,0
2015-06-23,302.79,303.4,299.25,300.73,328013,0
2015-06-24,300.75,302.03,297.82,299.96,341167,0
2015-06-25,300.51,302.63,298.97,300.53,464466,0
2015-06-26,300.79,300.79,298.07,299.52,770434,0
2015-06-29,298.33,298.33,288.02,288.14,488842,0
2015-06-30,290.72,291.37,286.1,288.63,474846,0
2015-07-01,290.74,292.14,287.97,289.54,332267,0
2015-07-02,291.47,292.91,288.56,292.36,279975,0
2015-07-06,290.35,294.33,287.79,292.54,378391,0
2015-07-07,292.72,296.33,289.48,295.58,398518,0
2015-07-08,292.67,295.1,289.82,290.36,485705,0
2015-07-09,293.42,294.79,291.46,292.09,477210,0
2015-07-10,297.05,298.96,293.22,298.51,412273,0
2015-07-13,301.48,302.03,298.79,300.71,234761,0
2015-07-14,301.14,304.3,299.96,301.43,239638,0
2015-07-15,301.75,301.75,295.84,296.62,472999,0
2015-07-16,298.99,302.79,297.03,298.73,481660,0
2015-07-17,298.28,300.92,296.52,298.94,345214,0
2015-07-20,298.82,301.29,298.4,299.23,278053,0
2015-07-21,300.51,301.52,295.33,296.18,300405,0
2015-07-22,295.32,299.43,295.32,298.27,461532,0
2015-07-23,295.29,295.6,280.5,281.12,1425966,0
2015-07-24,281.43,281.78,265.67,270.99,1576169,0
2015-07-27,269.98,270.54,263.26,263.98,610521,0
2015-07-28,264.49,269.48,261.95,267.74,664230,0
2015-07-29,268.98,272.1,268.43,269.76,959275,0
2015-07-30,268.13,270.24,264.13,269.42,478525,0
2015-07-31,270.22,272.12,267.24,271.92,434526,0
2015-08-03,272.16,273.6,268.24,270.3,425083,0
2015-08-04,270.45,272.9,268.58,272.68,442820,0
2015-08-05,274.52,277.63,272.1,272.44,268848,0
2015-08-06,272.48,272.48,265.67,266.4,309576,0
2015-08-07,266.09,269.52,264.13,267.09,376468,0
2015-08-10,269.63,271.0,267.04,267.17,419658,0
2015-08-11,265.35,267.96,261.99,264.95,647444,0
2015-08-12,264.05,267.29,261.75,266.46,536179,0
2015-08-13,267.05,267.81,265.05,265.88,301317,0
2015-08-14,267.46,272.09,266.24,270.66,495618,0
2015-08-17,269.17,270.1,266.39,268.25,460826,0
2015-08-18,267.87,272.01,267.68,270.38,299798,0
2015-08-19,268.54,270.19,265.12,265.53,298483,0
2015-08-20,265.46,267.76,263.52,263.61,382132,0
2015-08-21,261.64,263.06,256.03,256.28,554992,0
2015-08-24,242.79,254.1,239.17,244.26,801604,0
2015-08-25,250.22,255.55,244.27,244.58,679807,0
2015-08-26,250.28,255.2,246.21,254.88,618715,0
2015-08-27,257.26,261.99,256.14,260.84,628525,0
2015-08-28,259.75,260.62,256.42,259.28,410251,0
2015-08-31,258.43,259.03,254.1,254.28,485100,0
2015-09-01,248.29,254.22,247.78,249.53,517265,0
2015-09-02,253.39,253.39,249.31,252.62,435336,0
2015-09-03,254.01,257.0,253.1,253.85,355935,0
2015-09-04,250.22,252.0,246.65,247.66,441202,0
2015-09-08,252.71,254.75,250.81,254.6,534358,0
2015-09-09,255.8,256.56,248.39,248.84,349866,0
2015-09-10,247.23,251.1,246.89,248.88,387379,0
2015-09-11,248.32,250.77,246.2,250.75,369995,0
2015-09-14,250.84,252.59,247.99,249.05,317499,0
2015-09-15,250.19,255.36,248.3,253.52,357048,0
2015-09-16,253.7,254.63,250.72,251.51,321747,0
2015-09-17,251.46,255.36,248.61,252.46,381660,0
2015-09-18,252.1,252.1,248.05,248.81,579367,0
2015-09-21,250.6,254.07,249.23,253.09,287055,0
2015-09-22,250.29,251.73,246.01,249.51,442517,0
2015-09-23,249.9,252.78,247.58,251.95,300531,0
2015-09-24,249.48,251.66,247.38,251.14,589242,0
2015-09-25,254.03,258.4,252.4,256.36,613049,0
2015-09-28,253.64,254.06,246.45,246.65,644131,0
2015-09-29,246.49,249.25,244.7,248.36,558329,0
2015-09-30,251.55,256.9,251.55,256.04,610724,0
2015-10-01,257.49,260.7,255.47,259.37,642584,0
2015-10-02,255.83,266.68,253.33,266.28,620534,0
2015-10-05,267.9,273.06,266.98,272.65,488904,0
2015-10-06,271.78,274.11,270.98,272.49,494507,0
2015-10-07,274.32,277.82,272.66,275.1,463050,0
2015-10-08,274.14,277.31,271.97,276.24,365139,0
2015-10-09,276.2,278.66,274.83,276.95,241539,0
2015-10-12,276.68,277.73,274.26,275.83,338606,0
2015-10-13,274.14,277.1,272.41,272.69,322657,0
2015-10-14,272.78,276.97,271.57,273.54,425221,0
2015-10-15,275.83,276.64,271.79,275.01,328221,0
2015-10-16,275.88,276.22,273.18,274.99,267533,0
2015-10-19,273.7,277.55,272.95,276.9,319614,0
2015-10-20,276.93,278.43,274.58,277.82,274600,0
2015-10-21,279.14,279.14,270.63,272.81,551552,0
2015-10-22,281.92,294.68,280.13,291.16,961196,0
2015-10-23,292.75,293.99,288.6,292.51,767399,0
2015-10-26,291.69,293.26,290.53,291.58,476198,0
2015-10-27,289.8,292.63,288.69,290.22,301013,0
2015-10-28,290.68,294.99,288.88,294.89,307789,0
2015-10-29,294.51,295.73,292.24,294.47,420163,0
2015-10-30,295.15,297.15,293.65,293.93,312239,0
2015-11-02,292.83,297.69,292.83,295.04,336649,0
2015-11-03,294.27,298.82,290.54,297.18,408328,0
2015-11-04,297.72,300.32,296.25,298.45,453722,0
2015-11-05,297.41,298.43,295.08,295.73,444135,0
2015-11-06,297.54,298.36,291.69,294.57,351081,0
2015-11-09,293.68,295.59,289.2,293.37,427467,0
2015-11-10,292.41,295.35,291.41,294.19,347136,0
2015-11-11,295.54,295.54,290.42,291.4,338943,0
2015-11-12,289.8,291.22,287.53,287.53,428558,0
2015-11-13,286.72,287.38,282.08,283.11,454452,0
2015-11-16,282.47,285.17,281.48,283.88,443123,0
2015-11-17,284.48,285.3,280.58,281.27,531223,0
2015-11-18,281.62,284.77,280.91,284.43,306778,0
2015-11-19,284.01,285.5,281.28,282.83,279367,0
2015-11-20,284.24,284.68,282.04,283.36,252665,0
2015-11-23,283.48,283.87,281.78,282.43,193493,0
2015-11-24,279.8,282.69,277.84,282.22,243966,0
2015-11-25,285.1,285.32,280.37,283.16,164869,0
2015-11-27,283.09,284.17,280.78,282.3,95887,0
2015-11-30,283.46,284.52,280.97,283.59,289887,0
2015-12-01,284.11,287.01,283.12,285.88,276635,0
2015-12-02,284.84,286.46,281.59,282.14,349136,0
2015-12-03,283.15,284.81,276.64,278.07,307882,0
2015-12-04,278.07,281.24,276.35,281.0,473873,0
2015-12-07,279.37,281.17,277.91,279.64,286750,0
2015-12-08,277.13,280.39,276.37,278.96,359890,0
2015-12-09,277.21,281.74,274.92,276.92,326197,0
2015-12-10,277.85,279.78,275.74,276.99,261363,0
2015-12-11,272.31,274.99,263.35,265.06,722187,0
2015-12-14,264.84,267.2,262.07,266.92,472596,0
2015-12-15,268.48,269.58,263.1,264.95,481055,0
2015-12-16,267.33,270.79,265.41,270.2,333683,0
2015-12-17,272.11,274.44,265.73,266.02,336718,0
2015-12-18,264.88,266.95,262.25,263.92,623670,0
2015-12-21,266.54,267.58,264.22,267.46,267533,0
2015-12-22,267.55,272.81,266.51,270.58,256911,0
2015-12-23,272.79,275.89,271.28,275.18,354925,0
2015-12-24,275.05,276.81,273.38,275.03,99581,0
2015-12-28,273.85,275.36,272.29,274.97,135526,0
2015-12-29,276.83,277.78,274.25,277.13,165067,0
2015-12-30,276.56,276.56,273.06,273.65,198290,0
2015-12-31,272.3,276.72,271.88,273.45,270111,0
2016-01-04,268.09,269.08,265.95,268.64,482895,0
2016-01-05,269.36,272.82,268.33,270.93,367113,0
2016-01-06,268.25,271.48,266.13,267.11,520994,0
2016-01-07,263.92,266.91,258.57,259.06,612001,0
2016-01-08,260.04,261.38,253.84,254.1,590345,0
2016-01-11,254.36,255.09,248.14,250.25,834371,0
2016-01-12,252.75,255.26,248.82,254.38,462809,0
2016-01-13,255.76,255.76,244.89,245.77,501744,0
2016-01-14,246.23,255.1,244.41,253.33,834474,0
2016-01-15,244.41,253.32,244.41,248.44,756269,0
2016-01-19,252.32,254.14,245.67,249.11,786819,0
2016-01-20,244.42,246.26,234.42,244.18,727475,0
2016-01-21,244.22,250.09,242.93,245.99,515762,0
2016-01-22,249.73,251.52,244.88,246.4,654456,0
2016-01-25,245.76,246.85,241.83,242.61,494157,0
2016-01-26,243.26,247.98,240.85,246.78,941567,0
2016-01-27,246.32,250.2,242.86,244.01,766439,0
2016-01-28,223.53,228.78,195.59,196.75,3419638,0
2016-01-29,197.28,213.35,196.83,197.52,2692313,0
2016-02-01,197.73,206.96,196.61,204.22,1520042,0
2016-02-02,201.41,201.51,190.59,192.1,1677130,0
2016-02-03,194.0,194.61,187.93,192.49,1445639,0
2016-02-04,191.29,196.71,189.82,195.17,1177604,0
2016-02-05,194.67,196.51,182.58,185.09,1865335,0
2016-02-08,179.4,182.97,178.37,181.65,1812800,0
2016-02-09,179.17,180.76,174.64,175.13,1705140,0
2016-02-10,176.9,183.32,176.32,180.04,978456,0
2016-02-11,176.19,180.78,175.26,178.41,786490,0
2016-02-12,181.04,182.64,179.29,180.57,682621,0
2016-02-16,181.75,187.74,181.43,185.35,1158248,0
2016-02-17,186.71,192.2,185.68,190.22,798429,0
2016-02-18,192.83,199.35,192.78,195.19,873807,0
2016-02-19,195.11,202.17,192.78,202.04,1030555,0
2016-02-22,203.24,212.06,203.24,208.5,979818,0
2016-02-23,206.63,211.35,204.04,204.12,780132,0
2016-02-24,203.09,209.07,200.7,208.37,568432,0
2016-02-25,208.95,210.28,206.32,210.18,582193,0
2016-02-26,210.63,213.5,209.6,210.27,623081,0
2016-02-29,210.95,212.07,207.63,207.75,730112,0
2016-03-01,209.83,211.24,206.64,211.09,997596,0
2016-03-02,210.14,212.85,208.36,211.91,840894,0
2016-03-03,212.78,216.2,211.29,214.42,603663,0
2016-03-04,215.67,216.36,212.21,213.78,648755,0
2016-03-07,211.98,217.82,211.98,217.47,911060,0
2016-03-08,215.79,217.24,209.88,210.22,798997,0
2016-03-09,211.52,211.52,207.51,210.77,653031,0
2016-03-10,210.84,212.25,204.39,205.69,769563,0
2016-03-11,208.92,209.48,205.63,209.21,951815,0
2016-03-14,213.18,214.19,208.09,212.43,768078,0
2016-03-15,210.3,214.65,206.37,208.31,830391,0
2016-03-16,206.54,207.48,202.43,205.0,1240371,0
2016-03-17,205.62,206.51,202.53,203.23,1377347,0
2016-03-18,203.67,206.95,200.74,206.33,1783967,0
2016-03-21,206.71,209.62,204.98,207.92,636488,0
2016-03-22,206.33,208.23,205.08,207.94,665502,0
2016-03-23,208.17,210.67,207.07,207.42,608897,0
2016-03-24,207.04,209.94,204.77,209.38,556617,0
2016-03-28,210.22,210.67,207.07,208.65,448299,0
2016-03-29,207.72,210.94,206.91,210.35,630978,0
2016-03-30,211.98,215.53,211.82,213.52,685336,0
2016-03-31,212.88,218.14,211.45,217.51,905068,0
2016-04-01,216.2,219.31,214.06,218.61,512778,0
2016-04-04,218.69,219.07,212.1,212.27,617736,0
2016-04-05,209.69,209.77,205.29,207.62,1014377,0
2016-04-06,208.59,212.22,206.91,212.02,651939,0
2016-04-07,209.83,213.56,208.19,210.01,822034,0
2016-04-08,211.01,213.34,210.08,212.83,641323,0
2016-04-11,212.86,213.98,204.06,204.36,846235,0
2016-04-12,204.71,206.79,197.51,202.08,1173278,0
2016-04-13,203.83,213.08,202.51,212.7,961435,0
2016-04-14,211.08,214.07,209.89,212.04,898385,0
2016-04-15,212.67,213.5,211.29,212.33,452526,0
2016-04-18,211.08,213.14,210.23,212.56,600752,0
2016-04-19,212.57,214.02,205.86,209.23,874775,0
2016-04-20,210.54,216.35,208.91,215.45,1218925,0
2016-04-21,199.81,203.54,195.72,200.3,2997068,0
2016-04-22,200.05,204.73,199.33,203.66,1226647,0
2016-04-25,202.34,202.97,200.25,201.58,815571,0
2016-04-26,200.2,201.92,198.74,199.4,676052,0
2016-04-27,198.9,201.46,198.47,200.62,1106959,0
2016-04-28,200.62,201.14,197.81,198.92,1279754,0
2016-04-29,198.67,201.33,197.87,201.01,784826,0
2016-05-02,201.32,202.17,198.76,200.52,678751,0
2016-05-03,199.53,200.02,198.14,198.82,793463,0
2016-05-04,197.73,198.87,196.81,198.47,984894,0
2016-05-05,198.72,200.22,197.69,197.97,642129,0
2016-05-06,197.6,201.72,197.51,201.54,764738,0
2016-05-09,201.6,202.03,200.12,201.0,721871,0
2016-05-10,201.24,204.37,201.24,202.07,490301,0
2016-05-11,201.94,203.78,200.7,202.28,973497,0
2016-05-12,202.77,203.2,198.09,199.8,1231291,0
2016-05-13,200.21,201.89,198.38,199.29,600011,0
2016-05-16,198.8,203.15,198.55,202.71,487677,0
2016-05-17,202.63,210.58,201.65,208.45,1144125,0
2016-05-18,208.45,212.26,206.28,210.21,903282,0
2016-05-19,208.63,209.13,202.88,203.11,895587,0
2016-05-20,204.36,204.95,202.91,204.08,544449,0
2016-05-23,203.21,204.73,201.32,202.95,432439,0
2016-05-24,203.85,207.57,203.71,207.3,315150,0
2016-05-25,207.72,211.36,207.72,210.42,536102,0
2016-05-26,210.24,211.68,207.85,209.66,427337,0
2016-05-27,209.59,214.4,209.11,212.62,423234,0
2016-05-31,213.47,220.49,211.19,219.67,1114826,0
2016-06-01,219.19,221.17,216.43,220.09,602255,0
2016-06-02,219.93,222.28,218.52,221.95,712242,0
2016-06-03,220.94,221.85,218.54,221.06,542378,0
2016-06-06,221.07,224.76,218.88,223.88,375248,0
2016-06-07,224.03,224.18,221.21,223.05,382834,0
2016-06-08,223.17,224.43,219.99,221.25,488179,0
2016-06-09,220.88,221.7,219.54,220.08,441740,0
2016-06-10,218.24,218.79,212.42,213.16,674373,0
2016-06-13,212.77,215.68,210.4,210.51,608074,0
2016-06-14,208.1,208.61,200.92,206.61,1468049,0
2016-06-15,206.61,207.46,200.7,205.58,931979,0
2016-06-16,205.01,205.39,199.71,204.21,608908,0
2016-06-17,204.7,205.76,203.12,204.88,1251753,0
2016-06-20,207.64,208.06,198.1,198.52,1470356,0
2016-06-21,197.89,199.36,191.96,197.74,2084225,0
2016-06-22,197.44,199.3,197.06,197.73,812032,0
2016-06-23,199.18,200.12,198.41,199.33,556053,0
2016-06-24,190.52,195.23,189.82,190.95,1124405,0
2016-06-27,189.43,191.03,182.93,184.29,1788439,0
2016-06-28,185.82,187.62,184.46,185.32,1137000,0
2016-06-29,186.77,191.99,186.47,191.63,918903,0
2016-06-30,192.21,193.73,187.88,193.69,1091608,0
2016-07-01,193.78,194.88,192.09,193.57,698262,0
2016-07-05,191.57,192.0,189.98,191.49,845061,0
2016-07-06,190.51,194.88,189.41,193.39,1150243,0
2016-07-07,193.46,197.64,193.19,195.0,980081,0
2016-07-08,197.02,200.83,196.58,198.68,892703,0
2016-07-11,204.96,214.74,204.71,208.0,1502662,0
2016-07-12,210.22,213.13,209.59,210.75,678952,0
2016-07-13,211.81,212.25,206.34,207.05,709649,0
2016-07-14,208.65,210.81,207.68,210.09,562823,0
2016-07-15,210.88,211.22,207.71,210.75,661163,0
2016-07-18,209.06,210.29,206.66,208.91,783090,0
2016-07-19,208.86,212.33,207.46,211.97,706419,0
2016-07-20,212.56,213.04,208.14,212.58,1089368,0
2016-07-21,226.42,237.0,217.21,226.26,1862175,0
2016-07-22,225.61,231.71,222.91,228.46,752340,0
2016-07-25,228.57,230.71,226.8,227.76,642928,0
2016-07-26,228.03,231.06,226.96,230.36,649223,0
2016-07-27,230.82,232.9,229.29,230.83,748727,0
2016-07-28,230.86,232.16,228.54,231.2,608690,0
2016-07-29,230.46,231.33,226.45,229.0,662715,0
2016-08-01,229.26,229.35,224.0,225.54,840941,0
2016-08-02,223.58,225.48,218.4,220.06,868686,0
2016-08-03,219.17,220.56,218.1,219.8,513515,0
2016-08-04,219.46,220.3,214.15,216.81,684344,0
2016-08-05,218.82,222.72,218.64,219.84,460216,0
2016-08-08,220.26,221.98,219.33,220.37,466091,0
2016-08-09,220.37,221.37,216.57,217.91,374271,0
2016-08-10,219.25,219.25,214.57,216.25,352158,0
2016-08-11,216.61,219.21,216.16,217.45,336461,0
2016-08-12,216.18,218.32,214.95,216.54,373313,0
2016-08-15,214.39,214.64,209.66,212.63,887728,0
2016-08-16,211.29,213.18,208.03,209.46,559167,0
2016-08-17,206.33,206.63,198.5,201.39,1511121,0
2016-08-18,200.7,201.98,197.65,200.03,1612815,0
2016-08-19,198.67,198.67,191.48,197.87,3218333,0
2016-08-22,196.41,199.03,195.44,198.26,1070238,0
2016-08-23,199.32,199.71,197.21,199.25,845720,0
2016-08-24,199.03,199.47,195.46,195.98,840828,0
2016-08-25,197.13,199.7,196.77,198.08,686681,0
2016-08-26,197.92,199.76,194.17,196.4,861903,0
2016-08-29,196.87,198.27,195.27,196.56,451279,0
2016-08-30,196.91,198.57,195.68,198.42,619738,0
2016-08-31,197.69,202.61,196.83,202.26,899742,0
2016-09-01,202.32,207.81,200.9,207.81,1381794,0
2016-09-02,208.57,211.34,205.95,207.52,595567,0
2016-09-06,207.62,211.66,207.11,210.66,857570,0
2016-09-07,210.41,213.64,209.95,213.26,718503,0
2016-09-08,212.9,216.73,212.32,214.8,772672,0
2016-09-09,212.05,213.45,206.25,206.29,738488,0
2016-09-12,204.93,214.88,204.49,214.05,894467,0
2016-09-13,213.54,217.5,209.53,210.99,901441,0
2016-09-14,211.1,214.26,209.79,210.79,560589,0
2016-09-15,209.94,214.39,209.13,212.96,506687,0
2016-09-16,211.36,213.0,209.28,212.04,640982,0
2016-09-19,213.32,216.15,212.77,213.6,419280,0
2016-09-20,214.4,215.25,209.46,211.32,600791,0
2016-09-21,212.6,214.4,210.6,213.19,477273,0
2016-09-22,213.82,216.12,212.82,215.59,443772,0
2016-09-23,213.84,216.0,213.6,214.53,309881,0
2016-09-26,210.95,210.95,206.45,209.05,757314,0
2016-09-27,209.66,212.17,207.72,211.05,490641,0
2016-09-28,210.67,213.63,210.33,211.78,630936,0
2016-09-29,211.36,213.63,209.76,210.53,528973,0
2016-09-30,210.58,213.45,208.47,212.09,667433,0
2016-10-03,212.09,216.67,211.08,214.44,537666,0
2016-10-04,215.15,216.34,209.46,210.29,463819,0
2016-10-05,212.12,214.88,210.72,213.84,458353,0
2016-10-06,212.68,213.24,209.77,211.62,424371,0
2016-10-07,212.31,212.51,205.57,206.56,617398,0
2016-10-10,206.95,209.64,205.84,206.41,494633,0
2016-10-11,206.81,207.58,203.4,205.88,488933,0
2016-10-12,206.76,207.5,205.14,205.9,344281,0
2016-10-13,204.62,205.6,202.27,204.5,336661,0
2016-10-14,205.79,207.95,204.16,207.39,441534,0
2016-10-17,208.41,210.95,203.89,204.11,512615,0
2016-10-18,204.77,209.25,204.49,208.68,466455,0
2016-10-19,210.03,213.17,208.62,212.34,811923,0
2016-10-20,213.3,213.3,199.52,202.45,1719124,0
2016-10-21,201.09,202.39,195.45,197.68,1256301,0
2016-10-24,200.12,204.76,199.51,204.15,841246,0
2016-10-25,203.43,204.07,199.05,201.58,664475,0
2016-10-26,200.98,203.24,200.22,200.58,422812,0
2016-10-27,202.07,202.07,198.44,200.26,539085,0
2016-10-28,201.19,202.82,199.51,201.51,475921,0
2016-10-31,202.32,202.69,200.18,202.15,813890,0
2016-11-01,202.93,203.81,198.06,199.97,465565,0
2016-11-02,200.28,200.28,197.59,198.26,462113,0
2016-11-03,198.51,199.9,197.93,198.28,379206,0
2016-11-04,197.74,200.16,197.12,198.03,475828,0
2016-11-07,200.2,203.02,198.35,201.99,306743,0
2016-11-08,200.8,201.92,197.17,199.78,478331,0
2016-11-09,197.79,207.99,196.32,205.49,800696,0
2016-11-10,207.01,208.93,203.04,207.94,786600,0
2016-11-11,207.38,211.64,206.74,209.86,788531,0
2016-11-14,211.63,211.69,204.6,208.95,763085,0
2016-11-15,209.34,210.12,205.45,208.29,585250,0
2016-11-16,207.26,209.69,206.85,208.86,373167,0
2016-11-17,210.16,215.92,209.18,215.63,712297,0
2016-11-18,215.99,216.95,212.88,215.68,625330,0
2016-11-21,215.83,226.98,215.83,226.65,1275026,0
2016-11-22,226.51,231.56,225.11,231.07,953314,0
2016-11-23,230.72,233.23,228.68,232.98,732524,0
2016-11-25,233.23,233.78,231.0,232.62,194608,0
2016-11-28,232.65,232.8,227.97,229.99,752267,0
2016-11-29,230.79,231.16,226.39,226.7,487075,0
2016-11-30,227.56,229.43,225.52,226.77,683981,0
2016-12-01,227.08,227.35,224.22,226.17,641156,0
2016-12-02,217.81,222.99,213.92,216.78,965907,0
2016-12-05,218.02,223.31,217.32,221.42,687566,0
2016-12-06,222.0,225.25,219.82,225.15,559163,0
2016-12-07,225.09,231.95,223.93,231.44,641826,0
2016-12-08,232.1,239.57,229.76,237.76,745212,0
2016-12-09,235.03,235.23,224.57,230.15,941047,0
2016-12-12,230.2,232.53,226.95,228.57,435575,0
2016-12-13,230.27,230.95,226.53,230.63,431442,0
2016-12-14,230.87,232.82,226.36,227.96,579132,0
2016-12-15,227.78,231.49,225.0,229.34,512948,0
2016-12-16,229.45,229.86,225.82,226.82,821196,0
2016-12-19,226.95,231.39,226.82,228.93,466471,0
2016-12-20,230.32,230.72,227.12,229.3,280242,0
2016-12-21,230.12,233.7,228.61,231.61,335985,0
2016-12-22,232.48,232.48,227.67,229.62,385713,0
2016-12-23,229.95,231.87,229.78,231.57,290121,0
2016-12-27,231.38,233.61,230.98,231.64,228635,0
2016-12-28,231.93,231.93,225.46,226.56,620258,0
2016-12-29,227.65,229.16,225.81,227.22,421934,0
2016-12-30,227.8,228.43,225.38,226.49,341736,0
2017-01-03,229.16,231.09,227.46,230.96,473560,0
2017-01-04,233.21,236.2,230.06,235.69,516398,0
2017-01-05,234.2,236.19,231.96,233.74,436905,0
2017-01-06,233.48,235.63,231.94,234.24,511716,0
2017-01-09,234.76,236.3,233.03,235.5,465287,0
2017-01-10,235.41,236.55,232.37,233.19,572620,0
2017-01-11,233.32,233.97,229.89,232.53,660275,0
2017-01-12,231.32,233.96,230.27,233.6,304129,0
2017-01-13,233.75,236.18,233.4,235.46,416021,0
2017-01-17,234.21,234.52,226.52,227.97,967120,0
2017-01-18,228.04,230.43,227.86,229.58,431428,0
2017-01-19,230.36,230.81,227.66,228.19,377893,0
2017-01-20,229.56,229.56,227.19,228.52,556634,0
2017-01-23,228.55,228.96,225.6,226.54,673683,0
2017-01-24,225.6,226.08,221.51,224.22,701424,0
2017-01-25,225.48,228.51,224.06,225.25,728339,0
2017-01-26,218.07,224.75,212.79,219.75,1878141,0
2017-01-27,221.54,223.56,218.23,220.38,644499,0
2017-01-30,219.82,226.52,219.5,226.17,705736,0
2017-01-31,225.25,228.48,224.44,226.37,662824,0
2017-02-01,227.15,228.37,226.14,228.36,600075,0
2017-02-02,227.27,227.88,223.53,223.99,674903,0
2017-02-03,225.37,227.55,225.37,226.13,468410,0
2017-02-06,226.09,227.71,223.68,224.5,480162,0
2017-02-07,224.12,225.65,222.74,223.12,599805,0
2017-02-08,223.16,226.1,222.85,223.77,614747,0
2017-02-09,223.9,227.91,223.9,226.63,500716,0
2017-02-10,226.63,226.63,222.41,225.02,468221,0
2017-02-13,226.45,227.77,226.05,226.32,396038,0
2017-02-14,225.3,229.04,224.99,227.89,665057,0
2017-02-15,227.3,229.82,226.07,229.07,327037,0
2017-02-16,229.97,230.44,228.43,229.89,365696,0
2017-02-17,229.67,233.61,228.74,233.51,718816,0
2017-02-21,232.95,238.34,232.41,237.9,644935,0
2017-02-22,236.6,239.83,234.83,238.3,443561,0
2017-02-23,239.02,241.93,237.72,240.83,657676,0
2017-02-24,240.41,243.51,238.25,243.21,767325,0
2017-02-27,243.21,245.86,242.25,245.15,740921,0
2017-02-28,245.51,245.54,240.57,241.39,928786,0
2017-03-01,243.06,247.59,241.8,246.0,626063,0
2017-03-02,246.12,247.13,242.1,242.35,471443,0
2017-03-03,241.8,243.82,240.43,243.03,783891,0
2017-03-06,240.99,245.0,239.07,243.85,517742,0
2017-03-07,244.2,244.33,241.95,243.45,345738,0
2017-03-08,244.48,247.18,242.99,244.57,394396,0
2017-03-09,244.78,246.98,243.7,246.31,384505,0
2017-03-10,247.37,249.54,245.49,246.58,498538,0
2017-03-13,247.15,248.31,245.82,246.2,300148,0
2017-03-14,244.92,245.35,242.58,243.93,597422,0
2017-03-15,244.77,245.24,239.91,243.95,779238,0
2017-03-16,244.56,245.17,242.01,243.49,392101,0
2017-03-17,244.0,245.05,242.77,243.41,690403,0
2017-03-20,243.92,244.41,241.81,242.94,507409,0
2017-03-21,243.26,244.43,237.45,237.73,698158,0
2017-03-22,237.89,240.65,237.45,239.3,335262,0
2017-03-23,239.33,243.18,239.08,241.33,374605,0
2017-03-24,242.62,244.1,240.46,242.2,343614,0
2017-03-27,239.83,242.73,237.04,241.84,621644,0
2017-03-28,241.4,243.94,240.98,243.1,505518,0
2017-03-29,242.98,244.04,241.9,243.73,274055,0
2017-03-30,243.73,247.8,243.11,247.25,458951,0
2017-03-31,247.13,248.37,246.31,247.37,503527,0
2017-04-03,248.12,249.61,245.61,248.7,737496,0
2017-04-04,247.57,251.64,247.33,249.33,974768,0
2017-04-05,250.34,253.27,248.15,248.63,634066,0
2017-04-06,249.32,253.05,248.47,251.7,424945,0
2017-04-07,250.55,252.54,249.22,249.4,554653,0
2017-04-10,248.68,250.51,245.73,246.04,611483,0
2017-04-11,243.41,244.81,233.56,236.78,1840452,0
2017-04-12,236.78,239.85,236.71,237.34,681506,0
2017-04-13,237.06,237.42,233.25,233.38,487723,0
2017-04-17,235.03,238.29,233.93,236.95,595655,0
2017-04-18,236.4,238.41,235.16,236.44,500612,0
2017-04-19,237.16,239.64,234.67,239.07,804812,0
2017-04-20,250.3,261.68,246.8,258.92,1409003,0
2017-04-21,259.3,264.51,256.79,257.81,1097622,0
2017-04-24,261.92,262.22,258.91,259.17,761354,0
2017-04-25,259.74,262.5,259.57,261.29,481118,0
2017-04-26,261.2,261.99,259.88,260.61,361115,0
2017-04-27,261.12,261.12,258.36,258.84,411417,0
2017-04-28,257.53,257.8,242.05,248.0,1848738,0
2017-05-01,248.34,252.5,246.9,251.82,696349,0
2017-05-02,251.52,254.31,250.11,254.23,617221,0
2017-05-03,253.97,254.0,249.74,252.61,1053616,0
2017-05-04,254.65,255.45,251.61,252.02,503526,0
2017-05-05,252.93,253.85,250.42,253.82,362795,0
2017-05-08,253.26,256.22,252.12,255.68,505230,0
2017-05-09,255.99,259.52,255.77,258.51,402283,0
2017-05-10,257.27,259.26,256.74,256.87,421730,0
2017-05-11,255.45,255.59,247.95,249.96,725561,0
2017-05-12,249.11,250.01,241.63,242.37,908888,0
2017-05-15,241.8,244.98,237.75,243.74,882026,0
2017-05-16,244.59,246.6,243.18,243.95,490876,0
2017-05-17,240.64,241.53,235.59,237.11,650621,0
2017-05-18,235.97,237.45,231.75,233.6,756765,0
2017-05-19,234.22,235.07,233.37,234.1,591445,0
2017-05-22,235.22,237.53,234.04,237.19,432725,0
2017-05-23,236.91,236.91,232.29,235.14,544522,0
2017-05-24,235.14,237.35,232.95,236.63,435765,0
2017-05-25,242.4,248.04,241.73,244.5,1077485,0
2017-05-26,244.3,244.31,240.14,242.93,441073,0
2017-05-30,242.89,243.89,240.19,241.05,611883,0
2017-05-31,241.2,241.85,235.78,240.04,717140,0
2017-06-01,239.7,242.28,236.0,240.55,663767,0
2017-06-02,240.16,240.25,234.18,236.76,972448,0
2017-06-05,236.76,237.42,233.98,235.44,944883,0
2017-06-06,234.44,240.51,232.72,239.17,756968,0
2017-06-07,240.56,241.39,236.84,237.16,539689,0
2017-06-08,237.02,241.0,236.01,240.91,614503,0
2017-06-09,240.36,245.31,238.49,240.26,579309,0
2017-06-12,239.91,244.8,239.45,243.28,762558,0
2017-06-13,244.39,247.94,244.39,245.17,631531,0
2017-06-14,245.17,245.53,237.39,242.21,844885,0
2017-06-15,240.21,250.46,239.96,248.9,856717,0
2017-06-16,249.24,253.78,247.28,253.74,1095001,0
2017-06-19,254.6,258.58,253.25,256.24,806488,0
2017-06-20,255.02,258.46,255.02,256.93,539182,0
2017-06-21,257.82,259.11,255.05,257.76,602455,0
2017-06-22,257.18,259.02,255.47,258.49,343593,0
2017-06-23,259.34,262.37,256.93,260.07,888587,0
2017-06-26,259.82,262.85,258.21,259.73,693780,0
2017-06-27,259.85,263.26,258.4,258.78,403103,0
2017-06-28,260.26,262.47,258.84,261.41,439330,0
2017-06-29,262.02,262.96,255.69,256.95,529256,0
2017-06-30,258.58,258.95,255.47,255.53,566553,0
2017-07-03,256.09,257.42,254.93,257.06,308762,0
2017-07-05,257.5,258.91,256.43,258.1,351404,0
2017-07-06,255.86,256.49,252.07,253.17,425798,0
2017-07-07,253.58,256.94,253.33,255.01,344437,0
2017-07-10,254.34,255.88,252.16,254.88,565459,0
2017-07-11,255.44,260.03,254.11,258.14,570782,0
2017-07-12,259.38,262.4,258.53,259.09,459285,0
2017-07-13,260.46,264.08,259.84,263.37,499999,0
2017-07-14,263.35,264.07,260.24,262.94,587743,0
2017-07-17,263.9,264.48,259.2,260.88,594523,0
2017-07-18,260.17,261.86,258.32,260.81,397334,0
2017-07-19,261.05,262.59,259.82,262.33,759065,0
2017-07-20,242.77,251.3,234.82,237.54,2104134,0
2017-07-21,234.91,237.0,231.49,235.47,1573997,0
2017-07-24,235.56,239.17,234.9,239.06,952425,0
2017-07-25,239.8,243.76,238.78,240.97,629517,0
2017-07-26,241.57,241.57,237.48,237.68,510461,0
2017-07-27,241.9,242.03,236.47,239.62,635581,0
2017-07-28,239.09,240.42,237.83,239.96,533580,0
2017-07-31,240.2,241.46,239.46,240.33,351136,0
2017-08-01,240.92,241.38,238.74,238.78,370694,0
2017-08-02,238.79,240.21,237.93,239.35,483501,0
2017-08-03,239.12,240.24,237.92,238.9,380430,0
2017-08-04,239.92,240.3,237.91,238.18,296687,0
2017-08-07,237.46,239.48,237.37,237.89,274728,0
2017-08-08,236.94,238.14,233.98,234.38,501037,0
2017-08-09,233.93,233.93,230.32,231.39,493611,0
2017-08-10,228.8,229.05,220.65,221.7,1263772,0
2017-08-11,220.91,222.89,220.26,222.13,549672,0
2017-08-14,224.15,225.87,220.53,221.9,761294,0
2017-08-15,222.49,227.59,220.53,225.93,901484,0
2017-08-16,226.59,229.92,225.99,228.09,558754,0
2017-08-17,227.44,228.97,222.33,222.51,510835,0
2017-08-18,222.05,223.22,220.53,220.76,394529,0
2017-08-21,220.57,221.86,219.81,220.64,463491,0
2017-08-22,221.49,223.72,221.12,222.37,441812,0
2017-08-23,221.17,221.75,218.54,220.32,556383,0
2017-08-24,220.87,224.48,220.87,222.39,332890,0
2017-08-25,222.82,223.98,220.9,221.51,395576,0
2017-08-28,222.87,223.83,221.39,223.16,278944,0
2017-08-29,221.14,223.4,220.63,223.12,322581,0
2017-08-30,222.81,224.75,221.16,224.57,315571,0
2017-08-31,225.48,226.38,223.2,224.98,387236,0
2017-09-01,225.43,225.61,223.25,224.66,270601,0
2017-09-05,223.61,224.33,216.81,218.99,563909,0
2017-09-06,220.12,221.74,218.64,219.87,448002,0
2017-09-07,220.04,221.16,215.49,215.55,518384,0
2017-09-08,214.46,215.5,213.1,213.83,594838,0
2017-09-11,216.6,219.49,215.5,218.68,543568,0
2017-09-12,218.63,221.35,217.0,221.1,578269,0
2017-09-13,220.55,222.83,219.47,221.95,590315,0
2017-09-14,221.45,221.5,217.61,218.37,662551,0
2017-09-15,217.93,218.71,212.95,215.5,2224875,0
2017-09-18,215.95,219.26,215.59,216.59,722525,0
2017-09-19,217.32,217.39,214.41,214.55,518837,0
2017-09-20,214.55,214.59,208.52,209.94,1006451,0
2017-09-21,210.81,215.7,210.08,215.31,523848,0
2017-09-22,214.6,217.37,214.6,216.26,305914,0
2017-09-25,216.78,217.64,214.98,216.89,455032,0
2017-09-26,218.15,220.28,217.25,218.43,675626,0
2017-09-27,219.95,220.47,217.43,219.35,459006,0
2017-09-28,219.33,220.35,216.64,220.1,430152,0
2017-09-29,220.5,225.49,220.47,221.04,602262,0
2017-10-02,221.49,223.47,219.52,223.18,414025,0
2017-10-03,223.48,225.52,221.47,225.23,532311,0
2017-10-04,226.24,226.31,224.01,225.19,366019,0
2017-10-05,225.44,226.77,223.91,226.18,414130,0
2017-10-06,225.74,226.42,224.83,225.7,287020,0
2017-10-09,225.73,227.5,225.47,225.7,188268,0
2017-10-10,226.49,227.72,225.71,226.07,267978,0
2017-10-11,225.96,226.65,223.59,224.28,601035,0
2017-10-12,223.45,223.45,219.38,219.63,593684,0
2017-10-13,221.03,233.64,220.34,230.33,955307,0
2017-10-16,231.72,231.72,225.73,228.24,628675,0
2017-10-17,228.22,229.42,226.0,226.42,412354,0
2017-10-18,226.98,230.92,226.98,227.85,582800,0
2017-10-19,228.47,232.39,214.87,232.26,1325798,0
2017-10-20,234.82,242.43,234.82,238.82,902921,0
2017-10-23,239.84,243.87,238.46,238.78,597304,0
2017-10-24,239.39,240.39,238.36,239.25,531541,0
2017-10-25,239.47,239.47,233.44,235.28,378283,0
2017-10-26,235.5,237.25,232.02,232.05,335440,0
2017-10-27,233.59,234.64,228.76,231.3,390086,0
2017-10-30,229.51,230.71,223.95,223.95,550609,0
2017-10-31,224.24,227.38,222.9,223.21,745402,0
2017-11-01,223.94,226.12,220.08,225.68,482828,0
2017-11-02,226.37,227.21,222.38,225.72,353685,0
2017-11-03,225.73,225.87,224.25,225.07,276611,0
2017-11-06,230.16,231.94,230.16,230.16,444649,0
2017-11-07,229.87,231.13,228.36,229.19,440252,0
2017-11-08,229.19,230.14,227.65,229.08,413716,0
2017-11-09,227.35,228.41,225.48,227.38,319788,0
2017-11-10,227.15,228.38,224.1,224.93,343723,0
