Date,Open,High,Low,Close,Volume,OpenInt
2014-01-02,49.33,49.74,48.88,49.25,2488043,0
2014-01-03,49.11,49.5,48.78,48.9,1934150,0
2014-01-06,48.98,49.29,48.29,48.55,1856400,0
2014-01-07,48.89,50.1,48.63,49.68,2002400,0
2014-01-08,49.5,50.55,49.05,50.24,2047300,0
2014-01-09,50.82,51.68,50.74,51.08,3716300,0
2014-01-10,51.14,51.48,50.64,51.47,2182700,0
2014-01-13,51.98,52.7,51.31,51.57,4561600,0
2014-01-14,51.65,52.74,51.29,52.64,2876400,0
2014-01-15,52.83,53.62,52.8,53.29,3241200,0
2014-01-16,53.22,53.73,52.98,53.6,2403308,0
2014-01-17,53.58,53.73,53.04,53.24,2123200,0
2014-01-21,53.38,54.18,53.03,53.3,2153200,0
2014-01-22,53.18,53.5,52.31,52.37,3108200,0
2014-01-23,52.68,52.68,51.71,51.86,3593200,0
2014-01-24,51.65,51.65,50.25,50.44,4254000,0
2014-01-27,50.63,50.95,49.33,50.59,3640900,0
2014-01-28,50.48,51.28,50.46,51.24,1818750,0
2014-01-29,50.76,51.0,49.61,49.65,2728900,0
2014-01-30,51.55,51.9,50.71,51.52,4046000,0
2014-01-31,50.77,51.63,50.7,51.25,2155200,0
2014-02-03,51.44,51.49,48.93,49.33,4320396,0
2014-02-04,49.79,50.38,49.63,50.12,2032323,0
2014-02-05,49.99,50.11,49.37,49.96,1699151,0
2014-02-06,49.89,51.108,49.7,50.96,1827250,0
2014-02-07,51.05,52.19,50.82,51.99,2650430,0
2014-02-10,51.84,52.49,51.75,52.28,2340651,0
2014-02-11,52.55,53.09,52.3,52.92,1961023,0
2014-02-12,52.93,53.88,52.76,53.77,3001462,0
2014-02-13,53.51,54.49,53.39,54.13,3033103,0
2014-02-14,53.94,54.97,53.94,54.17,3346484,0
2014-02-18,54.17,54.86,53.8,54.52,2750807,0
2014-02-19,54.52,55.17,54.37,54.47,2310664,0
2014-02-20,54.41,54.98,53.6,54.9,1847406,0
2014-02-21,55.1,55.55,54.62,55.4,2534750,0
2014-02-24,55.4,55.98,54.45,54.47,4212883,0
2014-02-25,54.45,54.77,54.03,54.66,2484406,0
2014-02-26,54.56,55.03,53.89,54.72,3838147,0
2014-02-27,57.2,58.68,53.72,54.28,11609922,0
2014-02-28,54.1,54.16,51.89,52.48,6954041,0
2014-03-03,51.71,51.72,50.59,51.67,6328677,0
2014-03-04,52.32,53.53,52.05,53.5,3841406,0
2014-03-05,53.15,53.7,52.99,53.44,2133827,0
2014-03-06,53.6,53.94,53.42,53.74,2273916,0
2014-03-07,53.77,53.92,53.25,53.61,1477894,0
2014-03-10,53.61,53.65,52.57,52.59,1839293,0
2014-03-11,52.57,53.26,52.52,52.81,2126520,0
2014-03-12,52.59,52.61,51.63,52.34,1982479,0
2014-03-13,52.62,52.73,50.131,50.47,4004655,0
2014-03-14,50.48,51.03,50.32,50.47,2811716,0
2014-03-17,50.88,51.74,50.69,51.28,1957440,0
2014-03-18,51.38,52.47,51.3,52.43,1683209,0
2014-03-19,52.66,52.9,50.86,51.05,3825323,0
2014-03-20,50.9,51.79,50.78,51.61,2717365,0
2014-03-21,52.07,52.07,50.037,50.04,3862729,0
2014-03-24,50.11,50.49,49.14,49.74,2705461,0
2014-03-25,49.87,50.75,49.46,49.78,2555776,0
2014-03-26,49.85,50.37,48.63,48.68,2973600,0
2014-03-27,48.6,48.6,47.91,48.28,4610761,0
2014-03-28,48.44,48.96,47.92,48.34,2210582,0
2014-03-31,48.78,49.695,48.69,49.18,2895775,0
2014-04-01,48.86,50.12,48.48,50.07,2833768,0
2014-04-02,50.1,50.29,49.43,49.58,2068969,0
2014-04-03,49.43,49.9,48.18,48.31,2877822,0
2014-04-04,48.85,49.14,46.54,47.32,5314457,0
2014-04-07,47.07,47.5,46.19,46.59,2269682,0
2014-04-08,46.68,47.44,46.27,47.15,3128200,0
2014-04-09,47.48,48.59,47.22,48.49,3074663,0
2014-04-10,48.44,48.44,45.89,45.97,4297797,0
2014-04-11,45.3,45.85,44.76,45.19,8206720,0
2014-04-14,45.85,46.34,45.27,45.83,2463303,0
2014-04-15,46.03,46.88,45.221,46.82,3221762,0
2014-04-16,47.26,47.635,46.63,47.55,2050687,0
2014-04-17,47.39,48.89,47.13,48.49,3302876,0
2014-04-21,48.64,48.87,48.06,48.4,3048501,0
2014-04-22,48.4,49.38,48.23,49.01,1742650,0
2014-04-23,48.92,48.95,47.93,48.23,1624583,0
2014-04-24,48.73,48.9,47.22,47.72,2241537,0
2014-04-25,47.31,48.08,46.93,47.0,2368758,0
2014-04-28,48.11,48.22,46.07,46.62,3470607,0
2014-04-29,46.8,47.59,46.5,47.57,1883672,0
2014-04-30,47.4,48.02,47.11,48.02,1624629,0
2014-05-01,47.84,48.94,47.81,48.42,2323577,0
2014-05-02,48.47,48.7,47.54,47.68,2144163,0
2014-05-05,47.54,47.86,47.08,47.52,1389059,0
2014-05-06,47.31,47.61,46.97,47.03,1690682,0
2014-05-07,47.07,47.23,46.09,46.76,2014675,0
2014-05-08,46.68,47.79,46.24,46.82,1936955,0
2014-05-09,46.77,47.0,46.11,46.85,961685,0
2014-05-12,47.04,48.93,47.0,48.61,3270362,0
2014-05-13,48.79,49.05,48.17,48.32,2172270,0
2014-05-14,48.55,48.95,48.03,48.07,1749877,0
2014-05-15,48.05,48.23,47.07,47.82,3484298,0
2014-05-16,50.45,52.07,49.61,51.67,7928673,0
2014-05-19,51.22,52.5,51.22,51.55,2841625,0
2014-05-20,51.35,51.72,50.53,51.07,2182051,0
2014-05-21,51.24,51.629,50.58,50.93,2374757,0
2014-05-22,50.99,51.7,50.76,51.51,1588605,0
2014-05-23,51.68,52.06,51.15,52.0,1152756,0
2014-05-27,52.05,52.745,51.89,52.47,1590948,0
2014-05-28,52.58,52.65,51.56,51.72,1957186,0
2014-05-29,51.88,52.77,51.74,52.69,2476967,0
2014-05-30,52.79,52.79,52.07,52.37,1826820,0
2014-06-02,52.45,52.75,51.73,52.52,1596820,0
2014-06-03,52.5,53.18,52.25,53.15,2434409,0
2014-06-04,52.88,53.24,52.74,53.03,1242592,0
2014-06-05,53.06,53.74,52.83,53.72,1422683,0
2014-06-06,54.0,55.43,53.92,54.87,2313535,0
2014-06-09,54.66,54.87,54.17,54.51,2130214,0
2014-06-10,54.27,54.58,53.95,54.08,1162759,0
2014-06-11,53.8,54.11,53.54,54.09,991833,0
2014-06-12,53.86,54.41,53.67,53.85,1147572,0
2014-06-13,54.12,54.45,53.77,54.25,1766029,0
2014-06-16,53.87,54.88,53.87,54.58,1584907,0
2014-06-17,54.15,55.0,54.15,54.63,1942531,0
2014-06-18,55.0,57.17,54.99,56.96,4853960,0
2014-06-19,56.78,57.17,55.67,56.31,1977733,0
2014-06-20,56.37,56.37,55.86,56.19,1870342,0
2014-06-23,56.12,56.43,55.84,56.17,885609,0
2014-06-24,56.11,56.49,55.71,55.8,1066927,0
2014-06-25,55.8,56.0,55.45,55.62,1579377,0
2014-06-26,55.88,56.26,55.44,56.25,1069215,0
2014-06-27,56.07,56.43,55.63,56.4,1131708,0
2014-06-30,56.19,56.69,55.82,56.38,2252751,0
2014-07-01,56.07,57.3,55.97,57.13,2329946,0
2014-07-02,56.87,57.59,56.76,56.83,1361800,0
2014-07-03,57.03,57.28,56.84,56.88,842211,0
2014-07-07,56.77,56.8,55.84,55.93,1376395,0
2014-07-08,56.03,56.2,54.54,55.64,2106985,0
2014-07-09,55.89,55.98,55.25,55.63,1097776,0
2014-07-10,55.37,55.99,54.78,55.435,1708942,0
2014-07-11,55.55,55.71,55.0,55.57,1226931,0
2014-07-14,55.81,56.17,55.7,56.04,1241562,0
2014-07-15,55.96,56.11,55.17,55.48,1147179,0
2014-07-16,55.72,55.79,55.24,55.42,1064570,0
2014-07-17,55.3,55.98,55.17,55.42,2873540,0
2014-07-18,55.78,57.39,55.47,57.36,2613703,0
2014-07-21,56.91,57.2,55.95,56.2,2022664,0
2014-07-22,56.34,56.93,56.34,56.39,1754309,0
2014-07-23,56.77,56.87,55.85,55.88,2008979,0
2014-07-24,56.12,56.47,55.87,56.0,1641966,0
2014-07-25,55.82,55.955,55.14,55.23,1964709,0
2014-07-28,55.26,55.52,54.51,55.19,1460003,0
2014-07-29,55.32,55.84,55.23,55.47,1371700,0
2014-07-30,55.79,55.95,55.29,55.61,1067699,0
2014-07-31,54.98,55.19,53.17,53.35,2805773,0
2014-08-01,53.36,53.82,52.48,53.34,2439803,0
2014-08-04,53.37,54.31,53.3,54.15,1905264,0
2014-08-05,53.79,54.68,53.73,54.15,1575029,0
2014-08-06,53.87,54.9,53.4,54.23,2095914,0
2014-08-07,54.58,54.81,53.44,53.63,1334436,0
2014-08-08,54.02,54.24,53.48,53.91,1897775,0
2014-08-11,54.17,54.39,53.81,54.34,1920332,0
2014-08-12,53.95,54.77,53.95,54.62,1520472,0
2014-08-13,54.64,55.82,54.64,55.79,1223733,0
2014-08-14,55.35,56.92,55.35,56.28,3598795,0
2014-08-15,58.44,58.53,51.88,52.66,14280609,0
2014-08-18,53.04,53.9,52.88,53.79,4700616,0
2014-08-19,53.95,54.03,53.55,53.75,2290894,0
2014-08-20,53.66,53.91,53.17,53.59,3147130,0
2014-08-21,53.68,53.93,53.5,53.78,1751673,0
2014-08-22,53.89,53.89,53.39,53.46,2312454,0
2014-08-25,53.7,53.83,53.2,53.54,1052591,0
2014-08-26,53.54,54.59,53.52,54.24,1947676,0
2014-08-27,54.34,54.5,53.73,53.78,1161333,0
2014-08-28,53.57,54.27,53.31,54.0,1250666,0
2014-08-29,54.28,54.39,53.445,53.64,1774866,0
2014-09-02,53.55,53.955,52.88,53.46,1793306,0
2014-09-03,53.8,54.41,53.46,54.36,1940591,0
2014-09-04,54.65,55.25,53.95,54.18,2137483,0
2014-09-05,54.09,54.37,53.83,54.18,2099302,0
2014-09-08,54.17,54.93,54.11,54.37,1175212,0
2014-09-09,54.2,54.38,53.53,53.64,1372955,0
2014-09-10,53.61,53.88,53.27,53.37,1418441,0
2014-09-11,53.19,54.15,52.81,54.13,1862396,0
2014-09-12,54.07,54.25,52.69,53.54,3253038,0
2014-09-15,52.99,53.91,52.99,53.73,4057962,0
2014-09-16,53.55,54.76,53.48,54.75,3440688,0
2014-09-17,54.32,55.21,54.05,54.89,3410028,0
2014-09-18,55.1,55.91,55.0,55.73,2960357,0
2014-09-19,55.85,55.98,54.845,55.61,4684280,0
2014-09-22,55.24,55.42,54.12,54.88,4380307,0
2014-09-23,54.7,55.15,54.7,54.95,2227312,0
2014-09-24,54.91,55.715,54.25,55.66,3608035,0
2014-09-25,55.57,55.65,54.4,54.43,3394533,0
2014-09-26,54.4,54.66,53.8,54.28,3518377,0
2014-09-29,53.68,55.08,53.52,55.04,1784708,0
2014-09-30,55.11,55.37,54.19,55.1,2384588,0
2014-10-01,53.48,56.0,53.0,55.66,9834098,0
2014-10-02,56.78,58.75,56.42,57.74,10205237,0
2014-10-03,57.83,58.49,57.81,58.12,3592743,0
2014-10-06,58.38,58.68,58.12,58.18,2691122,0
2014-10-07,57.87,57.97,56.54,56.59,3293033,0
2014-10-08,56.54,57.18,55.59,57.08,2846529,0
2014-10-09,57.01,57.64,55.72,56.07,3988842,0
2014-10-10,55.96,56.34,53.57,53.72,5370811,0
2014-10-13,53.45,53.68,51.89,51.94,3838301,0
2014-10-14,52.53,52.53,49.58,50.13,5947448,0
2014-10-15,49.01,50.67,48.38,50.52,4815777,0
2014-10-16,49.34,50.24,49.28,49.89,2944470,0
2014-10-17,50.35,51.21,50.14,50.79,2390484,0
2014-10-20,50.38,51.84,50.15,51.82,2905272,0
2014-10-21,52.31,53.105,52.06,52.8,1784404,0
2014-10-22,52.87,53.11,52.08,52.25,2794322,0
2014-10-23,52.63,54.15,52.46,53.55,2292038,0
2014-10-24,53.8,54.49,53.53,54.45,1882087,0
2014-10-27,54.25,54.97,54.07,54.77,1235968,0
2014-10-28,54.97,56.1,54.85,56.1,2073353,0
2014-10-29,56.03,56.7,55.58,55.96,1205254,0
2014-10-30,55.87,57.477,55.81,57.37,1626996,0
2014-10-31,58.44,58.74,57.47,57.54,2370288,0
2014-11-03,57.77,58.37,57.37,57.77,2541235,0
2014-11-04,57.58,58.37,57.53,58.24,2154083,0
2014-11-05,58.46,58.7,57.74,58.32,1748494,0
2014-11-06,58.56,59.33,58.45,59.2,1809234,0
2014-11-07,59.29,59.54,58.55,59.42,1700746,0
2014-11-10,59.32,59.79,59.06,59.4,1773166,0
2014-11-11,59.66,59.67,58.83,58.99,1762144,0
2014-11-12,58.86,59.47,58.83,58.98,1674001,0
2014-11-13,59.35,59.66,58.91,59.31,1779833,0
2014-11-14,59.37,59.89,59.26,59.66,1329724,0
2014-11-17,59.52,59.88,58.79,58.99,1474652,0
2014-11-18,59.48,60.2,59.17,59.23,2378881,0
2014-11-19,59.42,59.44,58.84,59.1,2121594,0
2014-11-20,58.66,59.14,58.29,58.41,3484538,0
2014-11-21,60.98,63.0,60.65,61.95,7463746,0
2014-11-24,61.68,61.8,60.92,61.28,4942227,0
2014-11-25,61.47,62.05,60.8,61.03,2232587,0
2014-11-26,61.04,61.55,60.93,61.35,1074771,0
2014-11-28,61.8,62.49,61.4,62.0,989322,0
2014-12-01,61.55,61.97,60.5,60.51,1543321,0
2014-12-02,60.5,61.13,60.22,60.74,1793984,0
2014-12-03,60.6,61.48,60.54,61.45,1514466,0
2014-12-04,61.14,61.53,60.83,61.09,1020387,0
2014-12-05,61.13,61.42,60.65,60.9,1190695,0
2014-12-08,60.27,61.08,59.92,60.1,1465306,0
2014-12-09,59.48,60.33,59.13,60.17,1111392,0
2014-12-10,59.68,60.14,58.81,58.91,1355815,0
2014-12-11,59.66,60.14,58.68,58.82,922713,0
2014-12-12,58.49,59.6,58.45,58.88,1543016,0
2014-12-15,59.12,59.73,58.21,58.21,1977140,0
2014-12-16,57.07,57.85,56.47,56.63,2655961,0
2014-12-17,56.5,57.17,56.12,57.01,1507323,0
2014-12-18,57.92,59.47,57.38,59.46,2267091,0
2014-12-19,59.49,60.34,59.36,59.9,3121258,0
2014-12-22,60.08,60.66,59.7,60.19,849502,0
2014-12-23,60.34,60.98,59.99,60.65,1055936,0
2014-12-24,60.77,61.34,60.53,60.99,355479,0
2014-12-26,60.92,61.51,60.89,61.03,680016,0
2014-12-29,60.83,60.98,60.324,60.755,650143,0
2014-12-30,60.24,60.92,60.18,60.51,1226083,0
2014-12-31,60.31,61.23,60.01,60.06,1899167,0
2015-01-02,60.06,60.49,58.95,59.53,901928,0
2015-01-05,59.15,59.44,58.46,58.66,2130647,0
2015-01-06,58.89,59.22,57.31,57.5,1941688,0
2015-01-07,58.52,58.52,57.1,57.38,1218693,0
2015-01-08,57.87,59.13,57.74,58.8,1307198,0
2015-01-09,58.78,59.17,57.6,58.27,1348655,0
2015-01-12,58.38,58.55,57.14,57.29,1506466,0
2015-01-13,57.68,58.99,56.86,57.34,1589305,0
2015-01-14,56.59,57.12,55.9,56.41,1324320,0
2015-01-15,56.38,56.62,55.57,55.71,1129475,0
2015-01-16,55.59,56.95,55.514,56.85,1012944,0
2015-01-20,57.27,57.44,56.33,57.13,1143937,0
2015-01-21,56.76,58.19,56.475,57.55,1701929,0
2015-01-22,57.89,58.63,56.973,58.27,1649312,0
2015-01-23,58.02,58.85,58.01,58.19,1204327,0
2015-01-26,58.28,58.51,57.43,58.23,855927,0
2015-01-27,57.56,57.762,55.54,56.15,1963334,0
2015-01-28,56.34,56.69,54.49,54.57,2009908,0
2015-01-29,54.58,55.47,54.08,55.36,1114333,0
2015-01-30,54.78,55.32,53.89,54.005,1477952,0
2015-02-02,54.34,54.34,53.02,54.115,1980920,0
2015-02-03,54.5,55.01,53.92,54.92,1601412,0
2015-02-04,55.1,56.99,55.09,56.44,2350773,0
2015-02-05,56.45,56.57,55.86,56.23,1672455,0
2015-02-06,56.49,57.75,56.29,57.07,1514228,0
2015-02-09,56.83,57.76,56.82,57.34,1435309,0
2015-02-10,57.63,58.74,57.63,58.5,1958692,0
2015-02-11,58.35,58.84,58.14,58.3,1344626,0
2015-02-12,58.69,59.1,58.43,59.07,855517,0
2015-02-13,59.24,60.76,59.1,60.67,2028496,0
2015-02-17,60.58,61.14,60.3,61.13,1464177,0
2015-02-18,60.8,61.5,60.5,61.11,2517144,0
2015-02-19,61.15,61.9,61.08,61.46,2167425,0
2015-02-20,61.16,62.41,60.96,62.37,1797997,0
2015-02-23,62.34,62.42,61.38,61.95,1858232,0
2015-02-24,61.89,62.25,61.51,62.07,1479590,0
2015-02-25,62.15,62.57,61.82,62.01,1788106,0
2015-02-26,62.09,62.95,60.69,61.01,3910429,0
2015-02-27,63.05,65.0,62.59,64.24,5326364,0
2015-03-02,64.05,64.72,63.65,64.0,2927500,0
2015-03-03,63.47,63.96,62.67,62.7,3196900,0
2015-03-04,62.48,62.69,61.13,62.52,2588800,0
2015-03-05,62.5,63.15,61.99,62.95,2201300,0
2015-03-06,62.26,62.68,61.36,61.74,1716400,0
2015-03-09,61.65,62.24,61.51,61.76,1226500,0
2015-03-10,61.17,61.19,59.52,59.64,2789300,0
2015-03-11,59.73,60.67,59.7,59.88,2505500,0
2015-03-12,60.02,60.44,59.81,60.14,1841000,0
2015-03-13,59.88,60.57,59.41,60.48,1952700,0
2015-03-16,60.68,61.64,60.68,61.5,1421300,0
2015-03-17,61.2,61.62,61.17,61.43,1184800,0
2015-03-18,60.93,61.97,60.63,61.63,3138400,0
2015-03-19,61.6,61.83,60.94,61.0,1786300,0
2015-03-20,61.45,61.49,60.87,60.98,3533800,0
2015-03-23,60.95,61.38,60.75,60.83,1200400,0
2015-03-24,60.75,61.44,60.43,61.07,1314500,0
2015-03-25,60.95,61.03,59.35,59.35,1932300,0
2015-03-26,58.7,59.38,58.46,58.72,1902900,0
2015-03-27,58.65,59.32,58.48,58.72,2385000,0
2015-03-30,58.75,59.37,58.72,59.3,4320700,0
2015-03-31,58.43,59.4,58.36,58.64,2882630,0
2015-04-01,57.67,59.06,57.21,58.74,3445100,0
2015-04-02,58.79,60.07,58.49,59.82,2533800,0
2015-04-06,59.26,60.03,58.87,59.71,2329400,0
2015-04-07,59.81,61.14,59.47,60.685,2002681,0
2015-04-08,60.89,61.96,60.78,61.83,2249500,0
2015-04-09,62.19,62.87,61.8,62.81,2030412,0
2015-04-10,62.49,63.09,62.04,62.74,961300,0
2015-04-13,62.57,63.0,61.75,61.77,1220900,0
2015-04-14,61.95,62.33,61.42,62.01,2309200,0
2015-04-15,62.12,62.42,61.26,61.505,2257972,0
2015-04-16,61.15,61.76,60.86,61.66,1067141,0
2015-04-17,60.94,61.12,59.68,60.35,1911300,0
2015-04-20,60.82,61.33,60.62,61.04,1322813,0
2015-04-21,61.38,61.82,61.19,61.61,1399593,0
2015-04-22,61.87,62.23,61.36,62.13,1097147,0
2015-04-23,61.87,63.21,61.84,62.75,1384400,0
2015-04-24,62.91,62.95,62.11,62.64,1082904,0
2015-04-27,62.0,62.17,60.35,60.6,3421500,0
2015-04-28,60.64,61.22,60.2,60.66,1789293,0
2015-04-29,60.37,60.97,59.05,59.54,2293000,0
2015-04-30,58.9,58.92,56.38,56.83,5330000,0
2015-05-01,57.11,57.68,56.75,57.58,2042800,0
2015-05-04,57.65,58.17,57.42,57.76,1755300,0
2015-05-05,57.38,57.67,56.54,56.74,1183600,0
2015-05-06,57.11,57.37,55.77,56.19,1187041,0
2015-05-07,56.14,56.69,55.92,56.35,1146069,0
2015-05-08,57.01,57.76,56.73,57.26,1560000,0
2015-05-11,57.23,57.97,57.14,57.45,1270600,0
2015-05-12,57.24,57.42,56.53,56.8,2599346,0
2015-05-13,56.94,58.72,56.8,58.69,2561918,0
2015-05-14,59.03,59.37,58.47,58.98,2662700,0
2015-05-15,59.23,59.42,58.67,58.8,1240076,0
2015-05-18,58.61,58.76,58.14,58.4,1871271,0
2015-05-19,58.56,58.65,57.37,57.52,5439723,0
2015-05-20,56.8,58.47,56.2,57.58,7858564,0
2015-05-21,57.39,57.73,56.9,57.51,3407300,0
2015-05-22,57.44,57.78,56.38,56.39,2515600,0
2015-05-26,56.23,56.23,54.51,55.085,3738253,0
2015-05-27,54.94,55.81,54.81,55.49,2235100,0
2015-05-28,55.31,55.69,54.5,54.55,2568238,0
2015-05-29,54.44,54.75,54.14,54.15,3208900,0
2015-06-01,54.39,54.697,53.75,54.39,2718323,0
2015-06-02,54.18,54.88,53.92,54.35,1927902,0
2015-06-03,54.68,55.33,54.4,54.94,2867800,0
2015-06-04,54.35,54.76,53.65,53.73,2744700,0
2015-06-05,53.82,54.64,53.44,54.61,2850700,0
2015-06-08,54.61,54.77,54.2,54.24,2681400,0
2015-06-09,54.21,54.3,53.865,53.92,2296122,0
2015-06-10,54.24,55.02,54.01,54.97,2381035,0
2015-06-11,54.2,54.56,53.99,54.48,1979876,0
2015-06-12,54.29,54.41,53.91,54.06,1473500,0
2015-06-15,52.96,53.72,52.69,53.56,1920500,0
2015-06-16,53.23,53.77,53.17,53.44,1798700,0
2015-06-17,53.36,53.84,53.19,53.58,1244300,0
2015-06-18,53.73,54.31,53.51,54.17,1497000,0
2015-06-19,54.2,54.25,53.48,53.57,2216100,0
2015-06-22,53.87,54.77,53.86,54.55,2714900,0
2015-06-23,54.54,54.7,53.85,54.09,1795214,0
2015-06-24,53.99,54.65,53.73,53.91,1607400,0
2015-06-25,53.98,54.09,53.26,53.3,1693600,0
2015-06-26,53.39,53.44,51.81,52.2,3871100,0
2015-06-29,51.43,51.62,50.35,50.41,2425300,0
2015-06-30,51.09,51.09,49.84,50.075,3551563,0
2015-07-01,50.59,50.73,50.1,50.38,2854700,0
2015-07-02,50.43,50.94,50.3,50.83,2770300,0
2015-07-06,50.41,51.1,50.2,50.95,2441600,0
2015-07-07,51.35,53.77,51.25,53.29,6125600,0
2015-07-08,52.72,53.07,52.23,52.47,3808000,0
2015-07-09,53.07,53.53,52.46,52.46,2746300,0
2015-07-10,52.99,53.01,51.66,52.51,6029000,0
2015-07-13,52.93,53.26,52.55,52.84,1962300,0
2015-07-14,52.79,53.56,52.65,53.3,1665772,0
2015-07-15,53.2,53.48,52.46,52.58,2128489,0
2015-07-16,53.23,53.24,52.49,52.5,1795100,0
2015-07-17,52.4,52.4,51.84,52.19,1968900,0
2015-07-20,52.19,52.41,51.81,51.85,1461400,0
2015-07-21,52.24,52.77,51.93,52.12,1509000,0
2015-07-22,52.68,52.68,51.8,52.0,1207600,0
2015-07-23,52.0,52.95,51.88,52.35,1699400,0
2015-07-24,52.32,52.61,51.52,51.78,1335900,0
2015-07-27,51.44,51.5,50.95,51.05,1392900,0
2015-07-28,50.83,51.06,49.88,50.89,2407500,0
2015-07-29,50.85,51.11,49.885,50.09,2568278,0
2015-07-30,50.04,50.68,49.5,50.6,1893300,0
2015-07-31,50.92,51.1,50.38,50.58,1671900,0
2015-08-03,52.99,53.33,51.75,53.3,4625718,0
2015-08-04,53.72,54.26,53.27,54.15,3043000,0
2015-08-05,53.99,54.73,53.87,54.11,1867200,0
2015-08-06,54.2,54.3,52.8,52.94,1616271,0
2015-08-07,52.78,53.09,52.19,53.03,1063700,0
2015-08-10,53.59,54.38,53.39,54.38,1394400,0
2015-08-11,54.04,54.56,53.62,54.06,1641043,0
2015-08-12,53.57,54.96,53.08,54.82,2339200,0
2015-08-13,54.24,55.06,54.03,54.61,1873700,0
2015-08-14,54.55,55.0,54.35,54.86,1091100,0
2015-08-17,54.79,55.41,54.33,55.4,1047500,0
2015-08-18,55.28,55.41,54.44,54.59,1215900,0
2015-08-19,54.47,54.72,53.72,54.32,1366400,0
2015-08-20,53.71,54.1,53.1,53.1,2646400,0
2015-08-21,52.55,53.07,51.75,51.76,3370900,0
2015-08-24,48.87,50.65,46.77,49.39,5094255,0
2015-08-25,50.59,50.89,48.11,48.17,4101800,0
2015-08-26,49.51,49.56,48.2,49.13,4923400,0
2015-08-27,49.62,50.58,49.09,50.0,7302000,0
2015-08-28,47.76,49.0,46.26,47.52,12496700,0
2015-08-31,47.33,47.33,46.43,46.75,5038300,0
2015-09-01,45.72,46.54,45.34,45.49,4605800,0
2015-09-02,46.11,46.31,44.46,45.99,6797300,0
2015-09-03,46.19,46.35,45.67,45.94,4776600,0
2015-09-04,45.2,45.94,45.12,45.37,2552700,0
2015-09-08,46.12,46.85,46.01,46.81,3951100,0
2015-09-09,47.21,47.45,46.03,46.16,9429400,0
2015-09-10,45.97,46.72,45.82,46.23,6143521,0
2015-09-11,46.01,46.38,45.76,46.3,1933900,0
2015-09-14,45.39,46.35,45.38,46.15,2163800,0
2015-09-15,46.16,47.02,46.13,46.62,2525400,0
2015-09-16,46.57,46.99,46.5,46.9,2517400,0
2015-09-17,46.79,47.385,46.44,46.78,2839424,0
2015-09-18,46.17,47.3,46.06,46.48,3875400,0
2015-09-21,46.58,47.6,46.5,47.41,3194800,0
2015-09-22,46.89,47.45,46.34,46.93,3505700,0
2015-09-23,46.85,47.57,46.665,46.92,2715101,0
2015-09-24,46.59,47.29,46.22,47.05,2323713,0
2015-09-25,47.09,47.93,46.74,46.97,2169100,0
2015-09-28,47.05,47.27,45.96,46.14,2297855,0
2015-09-29,46.13,46.37,45.01,45.24,3901900,0
2015-09-30,45.39,45.98,43.9,44.14,6357900,0
2015-10-01,43.68,44.35,42.78,43.14,7593800,0
2015-10-02,42.6,44.04,42.06,44.0,4404500,0
2015-10-05,44.3,44.57,43.99,44.29,2982057,0
2015-10-06,44.21,44.84,43.77,44.8,4756400,0
2015-10-07,44.83,45.96,44.8,45.9,3918588,0
2015-10-08,45.88,47.4,45.87,47.31,3120600,0
2015-10-09,47.41,51.67,47.39,51.57,9182500,0
2015-10-12,51.38,51.77,50.78,51.55,4496355,0
2015-10-13,51.42,52.53,51.02,52.08,4986400,0
2015-10-14,52.1,52.15,51.24,51.37,2647867,0
2015-10-15,51.53,52.38,51.53,52.16,1869700,0
2015-10-16,52.37,52.54,51.57,52.04,3564600,0
2015-10-19,51.91,52.743,51.66,52.44,3104103,0
2015-10-20,51.99,52.34,51.69,52.0,2466624,0
2015-10-21,52.34,52.39,51.08,51.13,1692500,0
2015-10-22,51.5,53.32,51.5,52.59,2456500,0
2015-10-23,52.8,52.84,51.86,52.39,2569000,0
2015-10-26,53.24,53.67,52.94,53.61,3245600,0
2015-10-27,53.44,54.13,53.18,54.1,3133600,0
2015-10-28,54.24,55.82,53.95,55.5,3951300,0
2015-10-29,55.21,55.31,54.82,55.06,2054900,0
2015-10-30,53.07,55.6,53.0,55.19,3081900,0
2015-11-02,55.51,57.03,55.16,56.89,3198017,0
2015-11-03,56.9,58.56,56.63,57.93,2857284,0
2015-11-04,57.9,58.11,57.48,57.83,2243356,0
2015-11-05,61.0,63.72,60.14,63.49,12562500,0
2015-11-06,62.8,63.92,62.24,63.88,4828100,0
2015-11-09,62.54,63.63,62.39,63.51,3820182,0
2015-11-10,61.88,63.37,61.82,63.36,3786600,0
2015-11-11,63.51,63.64,62.1,62.12,4474400,0
2015-11-12,62.0,62.42,61.38,61.75,3752600,0
2015-11-13,61.6,61.71,60.18,60.45,3337900,0
2015-11-16,60.78,61.72,60.07,60.93,4054600,0
2015-11-17,61.17,62.4,60.87,61.25,2976500,0
2015-11-18,61.28,61.61,60.1,61.25,3014300,0
2015-11-19,61.47,62.65,61.04,62.39,3594327,0
2015-11-20,60.55,60.88,58.55,60.55,7665500,0
2015-11-23,60.42,63.27,60.42,62.71,2903700,0
2015-11-24,62.24,63.35,62.04,63.08,1882900,0
2015-11-25,63.17,63.3,62.72,62.92,1220400,0
2015-11-27,63.04,63.26,62.69,63.05,674300,0
2015-11-30,63.02,63.89,62.78,63.47,2137000,0
2015-12-01,63.58,64.77,63.58,64.72,1927122,0
2015-12-02,64.53,64.99,64.17,64.55,3217391,0
2015-12-03,64.86,64.99,64.19,64.41,4277062,0
2015-12-04,64.66,65.78,64.26,65.29,1885900,0
2015-12-07,65.5,65.73,63.37,63.75,1987100,0
2015-12-08,63.25,64.27,62.64,63.96,1488371,0
2015-12-09,63.82,64.51,62.8,63.25,1364900,0
2015-12-10,63.23,63.92,63.03,63.24,1211800,0
2015-12-11,62.78,63.1,60.83,61.1,1840900,0
2015-12-14,60.87,61.25,59.84,60.74,2311996,0
2015-12-15,61.21,62.27,60.82,61.09,1740300,0
2015-12-16,61.36,62.03,60.95,61.93,1666200,0
2015-12-17,61.94,62.1,60.74,60.74,1702400,0
2015-12-18,60.45,60.9,59.48,59.52,4337800,0
2015-12-21,59.66,60.63,59.53,60.16,1554600,0
2015-12-22,60.64,61.235,59.84,60.985,1107167,0
2015-12-23,61.23,62.19,60.84,62.04,1045200,0
2015-12-24,62.03,62.34,60.65,61.85,417286,0
2015-12-28,61.68,61.963,61.2,61.86,989124,0
2015-12-29,62.11,62.81,61.95,62.22,1004250,0
2015-12-30,62.26,63.16,61.93,62.25,736651,0
2015-12-31,62.13,62.85,60.91,60.93,1202537,0
2016-01-04,60.01,60.54,59.24,60.31,1810778,0
2016-01-05,60.39,60.8,60.01,60.39,1188134,0
2016-01-06,59.46,59.8,58.95,59.54,3074806,0
2016-01-07,58.36,58.69,55.97,55.98,3637786,0
2016-01-08,56.17,56.46,54.6,55.06,2150435,0
2016-01-11,55.3,55.55,54.07,55.23,2020662,0
2016-01-12,55.51,56.5,54.55,54.79,2165158,0
2016-01-13,55.07,55.07,49.85,50.87,8705072,0
2016-01-14,51.04,52.86,50.15,52.65,3749001,0
2016-01-15,50.99,51.36,48.95,49.4,5164185,0
2016-01-19,49.4,49.89,47.08,47.59,3473000,0
2016-01-20,46.81,48.45,45.12,47.9,3186526,0
2016-01-21,47.98,48.55,46.94,47.87,2111829,0
2016-01-22,48.64,49.34,48.355,49.03,1624244,0
2016-01-25,48.81,49.19,47.86,47.97,1521502,0
2016-01-26,48.29,48.67,47.3935,48.42,1865559,0
2016-01-27,48.34,48.9,46.242,46.49,2934437,0
2016-01-28,46.95,47.4,45.035,45.27,2847892,0
2016-01-29,45.72,46.83,45.34,46.82,1704049,0
2016-02-01,46.65,47.98,46.04,47.65,1887156,0
2016-02-02,47.0,47.47,45.63,45.89,1599790,0
2016-02-03,49.9,50.9,47.47,49.56,6367445,0
2016-02-04,49.46,50.74,48.615,49.51,1989551,0
2016-02-05,48.98,49.24,45.82,46.17,3098378,0
2016-02-08,45.58,45.76,42.24,43.45,2600085,0
2016-02-09,42.45,44.55,41.6,42.64,2735421,0
2016-02-10,43.27,44.44,42.89,43.72,2227434,0
2016-02-11,42.8,43.69,41.85,43.26,2137028,0
2016-02-12,43.73,45.04,43.01,44.92,1630177,0
2016-02-16,44.98,45.92,44.22,44.89,2294479,0
2016-02-17,45.34,47.07,45.34,46.67,1715733,0
2016-02-18,46.79,48.2,46.77,47.75,2549926,0
2016-02-19,47.58,50.34,47.4,49.91,3314173,0
2016-02-22,49.9,50.766,49.47,50.35,1804676,0
2016-02-23,49.92,50.63,49.28,49.69,1712650,0
2016-02-24,49.25,49.65,48.218,49.18,6216576,0
2016-02-25,49.49,50.28,48.75,49.42,8239812,0
2016-02-26,50.93,51.88,49.25,51.19,10456266,0
2016-02-29,50.98,52.58,50.95,51.77,2333502,0
2016-03-01,52.4,54.365,52.12,54.31,2546708,0
2016-03-02,54.02,54.43,53.65,54.41,1242326,0
2016-03-03,54.09,54.82,53.5,54.79,1290502,0
2016-03-04,55.25,57.12,55.02,56.25,2513227,0
2016-03-07,55.87,58.3399,55.42,58.17,2283934,0
2016-03-08,57.67,57.945,56.03,56.86,2147195,0
2016-03-09,57.13,57.42,55.85,56.69,1859735,0
2016-03-10,57.0,57.0,54.57,55.95,2404967,0
2016-03-11,56.9,57.2,56.3,56.61,2976711,0
2016-03-14,56.21,56.95,55.98,56.7,2004498,0
2016-03-15,56.45,56.46,55.54,56.32,1511331,0
2016-03-16,56.22,57.5,55.94,56.97,2281197,0
2016-03-17,56.92,57.34,56.39,57.06,1591422,0
2016-03-18,57.69,58.61,57.3,57.81,2486468,0
2016-03-21,57.69,58.225,57.07,58.17,1384741,0
2016-03-22,57.8,58.6,57.0301,57.98,1297525,0
2016-03-23,57.9,58.37,57.16,57.29,1502504,0
2016-03-24,56.96,57.53,56.18,57.37,1152559,0
2016-03-28,57.31,57.6,56.35,57.11,967024,0
2016-03-29,56.74,58.41,56.26,58.23,815017,0
2016-03-30,58.52,59.34,57.79,57.9,1163710,0
2016-03-31,57.83,58.618,57.47,58.31,1087744,0
2016-04-01,56.57,57.84,55.34,57.77,3333348,0
2016-04-04,57.8,58.57,57.01,58.19,1115291,0
2016-04-05,57.62,57.96,56.99,57.11,948045,0
2016-04-06,57.06,57.8,56.47,57.78,1368059,0
2016-04-07,57.36,57.51,56.32,56.39,1170581,0
2016-04-08,56.85,57.33,56.46,56.76,966554,0
2016-04-11,57.07,57.885,56.77,56.87,1086740,0
2016-04-12,56.98,57.13,55.072,55.92,2111745,0
2016-04-13,56.26,57.835,55.98,57.71,1337708,0
2016-04-14,57.76,58.4,57.41,58.08,820915,0
2016-04-15,58.0,58.52,57.44,58.42,1599978,0
2016-04-18,58.22,59.19,58.12,59.14,1033275,0
2016-04-19,59.18,59.44,58.68,59.13,890225,0
2016-04-20,59.17,59.84,58.86,59.39,1040581,0
2016-04-21,59.44,60.49,59.42,60.07,1361408,0
2016-04-22,60.13,60.29,59.18,59.54,840645,0
2016-04-25,59.36,60.0,59.31,59.99,1143855,0
2016-04-26,60.0,61.02,59.92,61.01,1234190,0
2016-04-27,61.0,62.42,60.84,61.41,2075945,0
2016-04-28,60.81,62.34,60.72,61.39,1739331,0
2016-04-29,60.93,61.24,59.14,59.82,1408551,0
2016-05-02,60.0,61.42,59.47,61.37,1123406,0
2016-05-03,60.87,61.2,59.7,60.34,1507238,0
2016-05-04,59.93,60.015,58.36,58.73,1609107,0
2016-05-05,59.07,59.39,58.34,58.46,1183052,0
2016-05-06,58.44,59.82,58.03,58.66,1783944,0
2016-05-09,58.67,59.34,58.49,58.79,1379647,0
2016-05-10,58.91,59.66,58.8911,59.57,2256224,0
2016-05-11,59.42,59.73,59.02,59.03,1587878,0
2016-05-12,59.26,59.58,57.23,58.06,1288818,0
2016-05-13,57.86,58.78,57.62,57.87,1258442,0
2016-05-16,57.94,59.36,57.78,59.08,2480865,0
2016-05-17,58.93,59.285,57.87,57.98,1608956,0
2016-05-18,57.84,58.35,57.31,57.76,2189490,0
2016-05-19,57.69,58.24,56.83,57.52,1800705,0
2016-05-20,57.3,57.98,55.35,56.19,4481350,0
2016-05-23,56.18,57.248,55.89,56.96,2834922,0
2016-05-24,57.25,58.55,57.17,58.46,1661937,0
2016-05-25,58.75,59.94,58.75,58.91,1747815,0
2016-05-26,58.87,59.12,57.895,58.11,1212331,0
2016-05-27,58.2,59.37,58.2,59.34,1535946,0
2016-05-31,59.6,59.67,57.74,58.27,2413570,0
2016-06-01,57.97,58.74,57.95,58.3,1296607,0
2016-06-02,58.23,58.77,57.75,58.75,782539,0
2016-06-03,58.56,58.61,57.36,58.29,992576,0
2016-06-06,58.42,58.83,58.14,58.67,1411906,0
2016-06-07,58.63,59.0,58.25,58.68,1045021,0
2016-06-08,58.64,58.825,58.21,58.53,643903,0
2016-06-09,58.23,58.45,57.66,57.79,737916,0
2016-06-10,57.12,57.44,56.1,56.18,1120885,0
2016-06-13,55.92,56.86,55.8,55.89,1102704,0
2016-06-14,55.76,55.94,55.29,55.71,1092924,0
2016-06-15,55.98,56.94,55.71,56.61,1168078,0
2016-06-16,56.16,56.87,55.71,56.78,1162082,0
2016-06-17,56.74,56.99,56.07,56.68,1146186,0
2016-06-20,57.47,58.2,57.28,57.56,851463,0
2016-06-21,57.76,58.2,57.39,58.07,908730,0
2016-06-22,57.72,58.29,57.33,57.38,737678,0
2016-06-23,58.01,59.07,57.75,59.06,1222084,0
2016-06-24,56.01,56.67,53.85,54.04,3728608,0
2016-06-27,53.34,53.5388,49.82,50.54,4200400,0
2016-06-28,51.12,51.96,50.42,51.48,1898891,0
2016-06-29,51.82,53.68,51.55,53.22,1999515,0
2016-06-30,53.3,54.14,52.99,54.14,1650120,0
2016-07-01,54.12,55.22,53.6001,54.34,1262790,0
2016-07-05,53.92,53.98,52.32,52.8,979833,0
2016-07-06,52.52,53.09,51.89,52.96,877790,0
2016-07-07,53.13,53.6,52.9375,53.53,963868,0
2016-07-08,53.9,55.28,53.73,55.14,823207,0
2016-07-11,55.62,55.9599,55.44,55.49,758442,0
2016-07-12,55.91,57.53,55.77,57.38,1388791,0
2016-07-13,57.57,58.0,56.84,56.87,1417564,0
2016-07-14,57.57,58.285,56.9,58.16,1613907,0
2016-07-15,58.4,58.44,57.44,57.98,1120860,0
2016-07-18,57.91,58.42,57.655,58.01,1039738,0
2016-07-19,57.87,58.15,57.34,57.52,708426,0
2016-07-20,57.85,58.6299,57.38,58.27,1606088,0
2016-07-21,58.12,58.885,57.54,57.58,935633,0
2016-07-22,57.83,58.91,57.46,58.78,592448,0
2016-07-25,58.75,58.99,58.11,58.22,732324,0
2016-07-26,58.18,58.93,58.06,58.75,809456,0
2016-07-27,58.75,59.78,58.501,59.62,1309899,0
2016-07-28,59.49,60.25,59.12,59.45,749572,0
2016-07-29,59.5,59.67,58.64,59.45,1002876,0
2016-08-01,59.33,59.93,59.01,59.74,1018750,0
2016-08-02,59.53,59.58,57.34,57.87,1110889,0
2016-08-03,57.78,58.4,56.7989,57.95,2297823,0
2016-08-04,58.09,58.87,57.96,58.25,1423010,0
2016-08-05,58.44,59.48,58.25,59.32,1388959,0
2016-08-08,59.46,59.88,59.26,59.37,1100101,0
2016-08-09,59.52,60.495,59.405,60.34,1299662,0
2016-08-10,60.31,60.389,59.81,60.3,759551,0
2016-08-11,60.49,61.75,58.7809,61.71,1453691,0
2016-08-12,61.36,61.96,60.95,61.82,1127881,0
2016-08-15,61.9,63.21,61.4031,62.99,1227660,0
2016-08-16,62.91,63.2592,62.61,62.65,1298138,0
2016-08-17,62.59,62.846,61.99,62.79,953815,0
2016-08-18,62.89,63.76,62.72,63.5,1147990,0
2016-08-19,63.34,63.84,62.6,63.74,1143210,0
2016-08-22,63.33,63.59,62.68,63.29,992683,0
2016-08-23,63.62,64.0,63.32,63.46,1316688,0
2016-08-24,63.31,63.79,62.96,63.17,1439812,0
2016-08-25,63.21,63.92,63.0,63.71,2599552,0
2016-08-26,66.0,69.21,65.06,68.87,5997229,0
2016-08-29,68.5,68.89,67.86,68.32,2720209,0
2016-08-30,67.8,68.75,67.52,68.03,2120197,0
2016-08-31,67.85,68.05,67.01,67.4,1810517,0
2016-09-01,67.42,67.67,66.78,67.37,1057790,0
2016-09-02,67.93,68.48,67.6,68.01,935125,0
2016-09-06,68.2,68.2,67.05,67.69,1387260,0
2016-09-07,67.58,68.76,67.57,68.6,1377372,0
2016-09-08,68.41,69.15,68.16,68.81,1234568,0
2016-09-09,68.17,68.652,66.84,66.84,1787785,0
2016-09-12,65.92,67.47,65.39,67.35,2252360,0
2016-09-13,66.31,66.9,65.36,65.78,1915484,0
2016-09-14,65.76,66.24,65.06,65.51,1549196,0
2016-09-15,65.7,67.4,65.5,67.39,1935988,0
2016-09-16,66.9,67.99,66.36,67.6,2595110,0
2016-09-19,67.95,69.2,67.65,68.13,1698166,0
2016-09-20,68.67,69.57,68.32,68.79,1415199,0
2016-09-21,68.91,71.78,68.91,71.69,2621363,0
2016-09-22,72.26,72.62,71.76,72.35,1560651,0
2016-09-23,72.19,72.42,71.53,71.67,1165779,0
2016-09-26,71.27,71.64,70.58,71.08,1238910,0
2016-09-27,70.97,71.93,70.83,71.9,1166263,0
2016-09-28,72.2,72.69,71.55,72.65,1518118,0
2016-09-29,72.59,72.8,71.41,71.59,1153644,0
2016-09-30,72.03,72.59,71.41,72.33,1203731,0
2016-10-03,71.15,72.26,70.85,71.18,1970289,0
2016-10-04,71.32,72.53,71.0,71.42,1256259,0
2016-10-05,71.57,73.24,71.57,73.21,1446161,0
2016-10-06,73.18,73.4,71.76,72.83,1073540,0
2016-10-07,72.8,72.8,71.472,72.01,1302095,0
2016-10-10,72.0,73.07,72.0,72.21,1047190,0
2016-10-11,72.31,72.77,69.86,70.17,1290327,0
2016-10-12,70.43,70.6,69.76,70.33,1203981,0
2016-10-13,69.66,69.704,68.4,69.29,1405610,0
2016-10-14,71.23,71.23,69.29,69.46,933644,0
2016-10-17,69.33,69.859,68.77,68.85,846237,0
2016-10-18,69.92,70.32,69.551,70.13,860437,0
2016-10-19,70.13,70.94,69.86,70.78,755656,0
2016-10-20,70.75,71.4,70.07,71.13,889068,0
2016-10-21,70.85,71.3425,70.0,71.18,825248,0
2016-10-24,71.73,72.75,71.2,72.22,1247948,0
2016-10-25,72.07,72.41,70.92,71.36,1728281,0
2016-10-26,71.23,72.0,70.6,70.66,1053665,0
2016-10-27,71.22,72.12,70.46,70.58,1140769,0
2016-10-28,70.71,72.44,70.59,71.86,1424400,0
2016-10-31,72.29,72.66,71.48,72.28,1397631,0
2016-11-01,72.4,72.4,69.38,70.1,1957511,0
2016-11-02,70.18,70.4,67.87,68.68,2032670,0
2016-11-03,68.91,69.21,67.52,67.61,1422980,0
2016-11-04,67.15,70.236,67.15,69.44,2714110,0
2016-11-07,70.81,72.12,70.32,72.0,2333091,0
2016-11-08,71.77,72.99,71.36,72.69,1497435,0
2016-11-09,69.54,73.93,69.51,72.63,2977951,0
2016-11-10,73.5,75.18,71.68,73.49,2820791,0
2016-11-11,73.2,74.04,72.88,73.81,2107244,0
2016-11-14,74.37,75.18,73.44,73.55,2451590,0
2016-11-15,73.86,75.75,73.7501,75.15,2192775,0
2016-11-16,74.92,78.42,74.7899,77.57,3424972,0
2016-11-17,77.54,78.58,77.08,78.46,1749971,0
2016-11-18,78.21,78.4,76.48,76.9,2124955,0
2016-11-21,77.4,77.65,75.435,75.52,2004692,0
2016-11-22,75.49,75.78,74.68,75.21,1755064,0
2016-11-23,75.04,75.45,74.005,75.15,1291004,0
2016-11-25,75.51,76.18,75.05,75.83,680447,0
2016-11-28,75.52,76.31,74.93,75.18,1567960,0
2016-11-29,75.31,75.98,75.03,75.26,2611593,0
2016-11-30,72.71,74.72,70.55,72.61,8130406,0
2016-12-01,72.77,73.24,69.0,69.22,3989862,0
2016-12-02,69.02,70.87,68.06,70.57,3093359,0
2016-12-05,70.44,72.41,70.15,71.18,2014463,0
2016-12-06,71.27,77.87,70.73,76.32,6891761,0
2016-12-07,76.26,80.915,75.42,80.34,7544449,0
2016-12-08,80.58,82.77,80.0,81.74,3729619,0
2016-12-09,82.29,83.08,80.66,81.11,2330427,0
2016-12-12,81.07,81.76,77.58,78.37,2712156,0
2016-12-13,78.99,80.34,78.8,79.67,2618317,0
2016-12-14,79.69,79.92,76.15,76.83,2970927,0
2016-12-15,76.86,79.43,75.97,78.92,3433116,0
2016-12-16,79.03,79.23,76.35,76.48,3757251,0
2016-12-19,76.76,77.08,75.42,75.7,1772156,0
2016-12-20,76.16,76.535,74.88,76.01,1590898,0
2016-12-21,76.05,76.28,75.27,75.63,1534788,0
2016-12-22,75.33,75.63,74.34,74.57,1765144,0
2016-12-23,74.6,76.05,74.45,76.0,1394708,0
2016-12-27,76.06,76.5,75.4,75.98,1118141,0
2016-12-28,75.93,76.02,74.51,75.02,821784,0
2016-12-29,74.87,75.44,74.5,74.98,984161,0
2016-12-30,75.4,75.42,73.6,74.01,1529905,0
2017-01-03,74.61,77.1,74.5,76.18,1992026,0
2017-01-04,76.19,77.96,76.09,77.52,1845778,0
2017-01-05,77.08,77.63,76.33,76.93,1293999,0
2017-01-06,77.28,79.81,76.89,79.3,1429040,0
2017-01-09,78.95,79.74,78.26,79.59,1404679,0
2017-01-10,79.29,80.37,78.56,79.98,1723942,0
2017-01-11,79.97,81.03,79.17,80.87,1723887,0
2017-01-12,80.72,80.8559,79.24,80.65,1612934,0
2017-01-13,80.72,81.41,80.44,81.32,1627655,0
2017-01-17,80.97,81.23,78.29,78.62,1971814,0
2017-01-18,79.1,80.06,78.69,79.71,1605343,0
2017-01-19,80.26,80.78,79.65,79.98,1450542,0
2017-01-20,80.7,81.89,80.24,81.67,2998997,0
2017-01-23,81.39,81.91,80.91,81.54,1069985,0
2017-01-24,81.6,82.63,81.53,82.0,1754958,0
2017-01-25,82.87,83.96,82.43,82.65,1363450,0
2017-01-26,82.77,82.935,81.48,81.64,1275825,0
2017-01-27,81.98,81.98,80.89,81.76,1474160,0
2017-01-30,81.57,81.67,79.15,81.16,1903821,0
2017-01-31,80.88,81.35,79.8,81.34,1217010,0
2017-02-01,81.09,81.96,80.38,81.28,1343236,0
2017-02-02,80.82,82.87,80.04,82.76,1078263,0
2017-02-03,83.57,84.965,83.14,84.41,1822421,0
2017-02-06,84.45,84.55,82.33,82.82,1875227,0
2017-02-07,82.29,85.11,81.8,84.5,2908285,0
2017-02-08,84.44,84.89,82.58,82.93,2119941,0
2017-02-09,83.28,84.911,83.17,83.88,1791057,0
2017-02-10,83.97,84.46,82.38,83.23,1640867,0
2017-02-13,83.65,84.72,82.94,84.28,2274856,0
2017-02-14,84.25,84.59,82.81,84.54,4003941,0
2017-02-15,84.28,84.935,83.54,84.35,2025672,0
2017-02-16,84.69,85.46,83.83,85.14,1811475,0
2017-02-17,84.72,86.49,83.75,86.4,1740675,0
2017-02-21,87.0,87.52,86.76,87.15,1764002,0
2017-02-22,86.8,87.14,86.17,86.38,1320347,0
2017-02-23,86.69,87.37,85.92,87.1,1235771,0
2017-02-24,86.56,87.69,85.69,87.55,1357076,0
2017-02-27,87.47,87.9462,86.58,87.74,1434524,0
2017-02-28,87.82,87.9,85.99,86.3,1901369,0
2017-03-01,87.38,89.18,86.46,88.93,2459038,0
2017-03-02,88.73,88.73,87.05,87.32,3944714,0
2017-03-03,87.0,88.35,84.98,85.32,4453344,0
2017-03-06,84.3,84.46,82.58,82.94,2482605,0
2017-03-07,82.39,83.44,81.75,82.07,2200954,0
2017-03-08,82.53,83.85,81.82,83.46,2146705,0
2017-03-09,83.22,84.29,82.58,84.24,1914302,0
2017-03-10,84.8,86.18,84.66,86.12,2235521,0
2017-03-13,85.92,87.32,85.31,86.69,2412588,0
2017-03-14,86.6,86.6,85.465,85.91,1396024,0
2017-03-15,86.6,88.69,85.92,88.4,2365841,0
2017-03-16,88.6,89.15,85.97,86.73,8109111,0
2017-03-17,87.13,87.72,86.05,86.22,2265494,0
2017-03-20,86.29,86.48,85.59,86.32,1194115,0
2017-03-21,86.5,86.635,83.53,83.64,2565918,0
2017-03-22,83.9,84.72,83.07,84.6,1567003,0
2017-03-23,84.61,86.07,84.24,85.69,2238329,0
2017-03-24,86.0,87.39,85.59,86.49,1928488,0
2017-03-27,85.41,86.06,83.81,85.44,1732668,0
2017-03-28,85.43,86.1,85.16,85.47,1060696,0
2017-03-29,85.31,86.47,84.9751,86.4,1595701,0
2017-03-30,86.14,87.25,85.775,86.32,934446,0
2017-03-31,86.02,86.9,85.37,86.47,1213738,0
2017-04-03,85.24,87.12,84.66,85.39,2478579,0
2017-04-04,85.16,85.97,84.58,84.95,1476633,0
2017-04-05,85.27,85.79,83.24,83.54,1848912,0
2017-04-06,83.49,84.76,82.7,84.07,1768366,0
2017-04-07,84.07,84.95,83.55,84.79,1920449,0
2017-04-10,84.91,85.88,84.62,85.66,1159742,0
2017-04-11,85.35,86.08,84.48,85.99,1362210,0
2017-04-12,85.87,86.65,84.99,85.62,2389433,0
2017-04-13,85.2,86.18,84.1,84.91,1899974,0
2017-04-17,85.37,86.25,85.29,85.99,973091,0
2017-04-18,85.39,86.53,85.08,86.41,1067262,0
2017-04-19,86.79,88.59,86.6,87.93,2336216,0
2017-04-20,88.3,88.82,87.16,88.41,1546117,0
2017-04-21,88.63,88.88,88.1,88.58,1687277,0
2017-04-24,89.7,90.94,89.64,90.14,2439751,0
2017-04-25,90.8,90.8,89.81,90.32,1761537,0
2017-04-26,90.31,90.54,89.44,90.23,1615980,0
2017-04-27,90.66,90.77,90.04,90.63,1167744,0
2017-04-28,90.77,90.77,89.2,90.07,1628866,0
2017-05-01,91.75,92.7075,91.17,91.98,1845196,0
2017-05-02,92.22,93.48,91.288,93.45,1705232,0
2017-05-03,93.42,93.94,92.85,93.35,2250591,0
2017-05-04,93.41,93.99,92.93,93.25,1494142,0
2017-05-05,92.32,93.47,92.18,93.24,2147594,0
2017-05-08,93.37,93.66,93.08,93.39,1313377,0
2017-05-09,94.41,95.3,93.99,94.7,2601891,0
2017-05-10,94.75,96.295,94.54,95.87,2030601,0
2017-05-11,95.5,95.9,93.87,95.41,1974060,0
2017-05-12,95.27,95.68,94.76,95.39,1511380,0
2017-05-15,95.73,97.195,95.69,96.63,2762291,0
2017-05-16,97.24,98.05,96.55,98.03,1800173,0
2017-05-17,96.87,97.92,93.87,93.97,3054025,0
2017-05-18,94.04,96.25,93.07,95.83,2877482,0
2017-05-19,108.0,112.18,106.87,109.91,10082489,0
2017-05-22,109.8,114.02,109.76,113.36,4151773,0
2017-05-23,113.25,114.25,112.43,112.97,2638273,0
2017-05-24,113.86,114.06,111.85,112.48,3317361,0
2017-05-25,112.97,114.68,112.97,113.89,2540209,0
2017-05-26,114.24,114.42,112.87,113.03,2108886,0
2017-05-30,112.8,113.66,112.26,113.16,2554549,0
2017-05-31,113.4,113.92,111.5,111.77,3222648,0
2017-06-01,111.72,113.12,110.94,113.03,2322426,0
2017-06-02,113.78,113.88,111.76,112.91,2214424,0
2017-06-05,112.74,113.14,110.23,110.88,4008000,0
2017-06-06,110.4,112.27,110.19,111.44,1514583,0
2017-06-07,111.38,112.08,110.6,111.17,2030080,0
2017-06-08,111.51,111.95,110.2,111.11,2025202,0
2017-06-09,111.16,111.7,103.62,105.95,3025574,0
2017-06-12,104.21,108.62,100.7,107.44,5134110,0
2017-06-13,107.6,108.24,105.17,107.55,2269520,0
2017-06-14,108.52,108.65,105.023,106.2,1968469,0
2017-06-15,104.77,106.04,103.48,105.58,1752688,0
2017-06-16,105.5,105.92,103.63,104.88,2566153,0
2017-06-19,105.6,106.7,105.16,106.16,2448779,0
2017-06-20,106.01,107.11,104.3,104.93,1955940,0
2017-06-21,105.88,106.56,104.82,105.69,2645590,0
2017-06-22,105.72,107.26,104.55,106.78,2287176,0
2017-06-23,106.4,108.76,105.3,107.75,3666203,0
2017-06-26,107.76,109.07,105.31,106.12,1873414,0
2017-06-27,105.58,106.45,102.5,102.92,2269652,0
2017-06-28,103.69,104.86,101.54,104.28,1642391,0
2017-06-29,103.57,103.811,100.0,101.39,2346826,0
2017-06-30,102.32,102.37,100.75,100.82,1671086,0
2017-07-03,101.32,101.82,99.32,99.36,1454329,0
2017-07-05,99.37,103.04,99.22,102.6,2784162,0
2017-07-06,101.59,103.11,100.794,102.05,2605449,0
2017-07-07,102.29,104.28,102.29,103.32,1678039,0
2017-07-10,103.33,104.185,102.38,103.74,1191425,0
2017-07-11,103.47,104.73,102.98,104.3,1461747,0
2017-07-12,105.61,107.08,104.76,106.68,2621915,0
2017-07-13,107.49,108.5,106.38,107.07,1427981,0
2017-07-14,107.46,108.91,107.01,108.74,1480998,0
2017-07-17,108.9,109.0,106.56,106.94,1180640,0
2017-07-18,106.67,107.85,106.23,107.7,866009,0
2017-07-19,108.5,110.5,108.47,110.22,2044357,0
2017-07-20,109.72,110.5,108.88,109.91,1260681,0
2017-07-21,109.41,110.54,109.08,109.75,1116428,0
2017-07-24,109.59,110.89,109.335,110.81,1090238,0
2017-07-25,110.91,112.4,110.2,112.26,1342429,0
2017-07-26,112.5,114.1,112.41,114.08,1891155,0
2017-07-27,114.97,115.25,109.32,111.52,2362950,0
2017-07-28,110.6,112.275,110.333,111.5,946232,0
2017-07-31,111.65,112.315,109.78,110.79,1400294,0
2017-08-01,111.27,112.59,111.1,111.38,1314826,0
2017-08-02,111.08,111.38,107.28,109.13,1757203,0
2017-08-03,107.95,108.5,105.6,107.88,2255620,0
2017-08-04,108.135,109.04,107.56,108.39,1472764,0
2017-08-07,108.67,111.0,108.4,109.82,1493121,0
2017-08-08,109.38,110.27,108.0,108.35,1223293,0
2017-08-09,107.69,107.96,106.54,107.45,1152146,0
2017-08-10,106.56,107.54,104.77,104.98,1878256,0
2017-08-11,105.75,108.758,105.1,108.01,1456340,0
2017-08-14,109.2,110.0,108.01,108.9,1637129,0
2017-08-15,109.02,110.1,108.12,109.8,1263288,0
2017-08-16,110.36,110.93,109.36,110.49,1320473,0
2017-08-17,110.07,110.82,107.73,107.89,1723434,0
2017-08-18,107.86,110.1,107.19,108.56,1164390,0
2017-08-21,108.37,110.3,108.37,109.75,1278619,0
2017-08-22,110.31,112.235,109.77,111.01,1709003,0
2017-08-23,110.91,111.34,110.05,110.65,1635137,0
2017-08-24,110.58,111.25,109.04,110.61,3111956,0
2017-08-25,115.0,119.73,113.54,114.97,7115356,0
2017-08-28,115.06,115.14,110.01,111.49,3616604,0
2017-08-29,109.65,111.895,109.25,111.27,1859022,0
2017-08-30,111.27,113.67,110.61,113.29,1459059,0
2017-08-31,113.63,114.7,112.815,114.46,1467187,0
2017-09-01,114.63,115.62,113.65,113.71,1566451,0
2017-09-05,113.46,114.81,112.52,113.77,3092938,0
2017-09-06,114.4,114.78,112.65,113.79,2339923,0
2017-09-07,114.14,114.465,113.19,114.08,1731436,0
2017-09-08,114.17,115.72,114.1,114.44,2665934,0
2017-09-11,112.98,117.125,112.22,116.48,2294704,0
2017-09-12,116.35,116.99,114.98,116.16,1607297,0
2017-09-13,116.04,116.5,115.25,116.18,1449980,0
2017-09-14,115.62,116.14,114.5,115.47,1649661,0
2017-09-15,115.62,115.62,113.88,114.13,6232568,0
2017-09-18,113.74,114.66,112.87,113.84,2029988,0
2017-09-19,113.77,114.06,112.97,113.08,1947387,0
2017-09-20,113.07,113.339,111.35,112.73,1783172,0
2017-09-21,112.82,113.0,111.37,112.29,1154468,0
2017-09-22,111.68,112.82,111.64,111.78,1084691,0
2017-09-25,111.67,111.83,108.65,109.82,2026303,0
2017-09-26,110.59,111.38,108.83,110.61,1590486,0
2017-09-27,110.21,113.47,110.21,111.96,1731396,0
2017-09-28,111.4,111.96,110.52,111.45,1341020,0
2017-09-29,111.25,112.76,111.0,112.26,2033109,0
2017-10-02,110.692,113.76,110.68,112.47,1961449,0
2017-10-03,112.39,113.73,111.67,113.63,1044820,0
2017-10-04,113.79,114.07,112.35,114.05,1122593,0
2017-10-05,114.5,116.83,113.9,116.54,1673847,0
2017-10-06,116.18,117.61,115.81,116.96,1806038,0
2017-10-09,116.8,117.52,116.64,117.13,847105,0
2017-10-10,117.22,117.53,116.32,117.05,931353,0
2017-10-11,117.02,118.66,116.93,118.57,1078416,0
2017-10-12,118.55,119.84,118.51,118.99,1248137,0
2017-10-13,119.46,119.7,118.45,119.63,1262946,0
2017-10-16,119.69,119.97,118.67,119.2,1179639,0
2017-10-17,119.35,119.76,118.06,118.72,1184546,0
2017-10-18,118.135,118.86,117.783,118.54,1010683,0
2017-10-19,119.0,119.32,117.57,119.29,1099460,0
2017-10-20,119.98,121.88,119.7,120.81,1647622,0
2017-10-23,120.99,121.72,118.73,118.99,1487630,0
2017-10-24,118.96,119.61,117.9,119.29,1333344,0
2017-10-25,119.0,120.25,118.05,119.94,1080018,0
2017-10-26,120.21,121.95,119.46,121.35,903374,0
2017-10-27,121.54,123.97,121.5,123.58,1523684,0
2017-10-30,123.31,124.28,121.9,123.91,1610478,0
2017-10-31,124.28,125.01,123.42,124.96,1840426,0
2017-11-01,125.63,126.44,123.4,124.78,1622830,0
2017-11-02,125.5,125.65,123.51,124.72,1736032,0
2017-11-03,124.5,125.5,124.11,124.85,1309792,0
2017-11-06,125.0,125.09,123.19,123.82,1003236,0
2017-11-07,124.26,124.54,122.61,123.4,828383,0
2017-11-08,123.49,124.21,123.17,123.83,892472,0
2017-11-09,122.9,123.09,120.01,122.4,1465503,0
2017-11-10,121.95,123.32,121.31,123.11,929442,0
