Date,Open,High,Low,Close,Volume,OpenInt
2014-01-02,62.869,62.923,61.912,62.561,7221,0
2014-01-03,62.255,63.981,61.996,63.286,13262,0
2014-01-06,63.952,64.419,63.416,63.638,6231,0
2014-01-07,63.397,64.723,63.397,64.261,7921,0
2014-01-08,64.076,64.509,62.756,63.302,7943,0
2014-01-09,63.861,64.0,62.654,63.302,8470,0
2014-01-10,62.663,63.35,62.191,63.117,8325,0
2014-01-13,62.977,63.805,62.058,63.629,9011,0
2014-01-14,63.861,63.861,62.933,63.666,6425,0
2014-01-15,63.629,64.409,62.719,63.498,5917,0
2014-01-16,63.006,63.87,63.006,63.117,6794,0
2014-01-17,63.249,63.258,62.219,62.672,7950,0
2014-01-21,62.888,63.581,62.171,63.581,10992,0
2014-01-22,63.526,63.526,62.795,63.331,3232,0
2014-01-23,63.073,63.073,62.199,62.561,3493,0
2014-01-24,61.68,62.376,60.583,60.881,15652,0
2014-01-27,61.169,61.169,59.098,60.386,5918,0
2014-01-28,60.102,60.677,59.831,60.346,11831,0
2014-01-29,60.193,63.025,59.732,61.948,11621,0
2014-01-30,62.199,63.536,61.354,62.245,10005,0
2014-01-31,61.363,62.376,60.965,61.743,12045,0
2014-02-03,61.624,61.977,59.608,60.503,13304,0
2014-02-04,61.233,62.553,60.66,61.968,10352,0
2014-02-05,63.341,63.852,60.703,60.918,16670,0
2014-02-06,60.769,60.955,58.952,59.813,15579,0
2014-02-07,59.441,59.813,58.82,59.813,8248,0
2014-02-10,59.583,59.776,58.207,59.378,4919,0
2014-02-11,58.988,60.092,58.942,59.907,7879,0
2014-02-12,59.406,60.901,59.406,60.703,11727,0
2014-02-13,60.632,63.016,59.963,62.45,6346,0
2014-02-14,62.043,63.111,61.902,62.284,5260,0
2014-02-18,62.191,63.073,62.014,62.681,11375,0
2014-02-19,62.245,62.71,62.05,62.097,8536,0
2014-02-20,62.469,62.719,62.068,62.561,11950,0
2014-02-21,62.869,62.869,61.922,62.497,10255,0
2014-02-24,62.209,65.642,62.171,65.336,19321,0
2014-02-25,65.662,67.955,65.012,67.518,11324,0
2014-02-26,67.167,67.758,66.505,66.924,3545,0
2014-02-27,67.015,67.787,66.738,67.787,10342,0
2014-02-28,67.352,69.143,67.22,68.316,11665,0
2014-03-03,68.437,73.216,68.437,72.578,15026,0
2014-03-04,73.961,80.513,73.951,80.095,30025,0
2014-03-05,80.253,83.297,80.253,82.408,11962,0
2014-03-06,83.799,83.799,79.909,81.692,13370,0
2014-03-07,80.765,82.379,80.765,81.672,6240,0
2014-03-10,80.661,81.357,78.061,80.727,15147,0
2014-03-11,79.919,80.827,76.587,78.175,12894,0
2014-03-12,77.97,79.233,74.953,79.233,6758,0
2014-03-13,73.699,74.024,61.299,65.438,55823,0
2014-03-14,64.266,66.036,63.52,64.239,9987,0
2014-03-17,64.982,65.97,63.185,63.428,18399,0
2014-03-18,64.249,64.249,61.062,61.641,21148,0
2014-03-19,61.891,62.096,59.573,61.446,15774,0
2014-03-20,61.455,61.455,59.489,60.866,15142,0
2014-03-21,61.258,61.258,59.489,60.597,39081,0
2014-03-24,60.754,60.754,59.254,59.397,8831,0
2014-03-25,60.252,60.252,59.032,59.116,14837,0
2014-03-26,59.415,60.039,56.816,57.282,42099,0
2014-03-27,57.711,58.456,53.251,54.044,28536,0
2014-03-28,53.967,55.251,53.967,54.469,21719,0
2014-03-31,53.791,54.825,53.305,53.931,40973,0
2014-04-01,53.539,54.479,53.305,54.404,32361,0
2014-04-02,54.825,55.486,54.376,55.141,24555,0
2014-04-03,55.234,55.429,54.422,54.62,18898,0
2014-04-04,54.835,55.634,53.659,54.024,9140,0
2014-04-07,54.004,54.442,52.217,53.37,16275,0
2014-04-08,53.167,56.098,53.167,55.681,25224,0
2014-04-09,56.276,58.8,55.681,58.465,15619,0
2014-04-10,58.724,60.176,57.793,59.282,13917,0
2014-04-11,59.246,61.249,58.724,60.438,15468,0
2014-04-14,61.473,64.062,60.448,63.456,21014,0
2014-04-15,63.605,64.442,62.46,63.036,9535,0
2014-04-16,63.698,63.698,61.436,62.058,17490,0
2014-04-17,62.141,64.249,60.065,63.614,9930,0
2014-04-21,64.153,67.756,63.223,67.272,12853,0
2014-04-22,66.835,67.877,66.323,67.46,11158,0
2014-04-23,67.384,67.478,66.107,67.226,9189,0
2014-04-24,67.226,68.716,67.125,68.326,7251,0
2014-04-25,67.992,68.316,65.745,66.781,9623,0
2014-04-28,66.463,69.695,66.463,68.269,12901,0
2014-04-29,69.182,70.327,67.179,67.498,12384,0
2014-04-30,67.226,67.598,65.663,67.097,11366,0
2014-05-01,66.416,66.416,62.776,63.52,16475,0
2014-05-02,63.361,64.2,61.92,63.745,12562,0
2014-05-05,62.841,66.016,62.673,65.085,12386,0
2014-05-06,65.18,65.448,63.112,64.249,7973,0
2014-05-07,64.629,65.17,61.92,62.302,14687,0
2014-05-08,62.106,62.711,61.314,61.455,7858,0
2014-05-09,61.882,64.656,60.726,61.368,9379,0
2014-05-12,61.268,61.92,61.033,61.863,7732,0
2014-05-13,61.863,63.428,61.715,61.715,10919,0
2014-05-14,64.19,64.61,60.347,60.783,15284,0
2014-05-15,60.048,60.793,59.59,60.131,8144,0
2014-05-16,60.048,62.812,59.684,61.844,8170,0
2014-05-19,62.394,62.655,60.905,61.544,8943,0
2014-05-20,61.015,61.082,60.075,60.085,6726,0
2014-05-21,60.736,62.012,59.704,60.726,9281,0
2014-05-22,60.522,61.165,59.369,59.369,5968,0
2014-05-23,59.193,59.742,58.733,59.742,4603,0
2014-05-27,59.742,60.522,59.06,60.104,14246,0
2014-05-28,59.59,59.599,58.23,59.229,8021,0
2014-05-29,59.22,60.363,58.857,59.955,5233,0
2014-05-30,59.506,60.176,58.863,59.074,6404,0
2014-06-02,59.396,60.816,56.769,58.87,9085,0
2014-06-03,58.244,62.861,56.189,60.816,10695,0
2014-06-04,60.524,60.816,59.074,59.832,6679,0
2014-06-05,59.841,62.524,58.889,62.292,7901,0
2014-06-06,63.019,63.86,62.178,62.459,5845,0
2014-06-09,63.326,64.364,60.357,64.263,9827,0
2014-06-10,63.775,66.69,63.636,66.11,8733,0
2014-06-11,65.793,67.548,64.691,67.269,9957,0
2014-06-12,67.223,71.044,66.98,70.092,9294,0
2014-06-13,69.597,70.942,69.336,70.083,7793,0
2014-06-16,70.083,70.306,68.989,69.538,7809,0
2014-06-17,69.092,72.473,66.335,71.594,12104,0
2014-06-18,71.661,74.522,71.016,73.836,9325,0
2014-06-19,74.745,76.145,71.267,73.483,8010,0
2014-06-20,74.172,74.966,68.54,69.149,23594,0
2014-06-23,69.495,70.083,67.736,68.289,11085,0
2014-06-24,67.496,68.839,61.205,64.307,23404,0
2014-06-25,64.934,65.719,63.533,64.344,18764,0
2014-06-26,64.431,65.683,63.037,65.683,12328,0
2014-06-27,64.663,67.746,64.663,67.439,9751,0
2014-06-30,67.794,74.632,67.794,72.997,7423,0
2014-07-01,71.213,74.38,71.213,71.737,15544,0
2014-07-02,71.933,72.316,70.363,70.886,12631,0
2014-07-03,71.67,72.782,71.016,72.334,3553,0
2014-07-07,72.316,72.316,70.446,71.23,9233,0
2014-07-08,70.521,71.277,69.633,71.277,11745,0
2014-07-09,71.11,72.316,70.912,71.466,9885,0
2014-07-10,70.28,72.858,70.28,71.923,5628,0
2014-07-11,71.943,72.886,71.391,72.072,4105,0
2014-07-14,71.661,74.034,70.644,72.933,16101,0
2014-07-15,73.39,73.81,70.774,72.213,11663,0
2014-07-16,72.513,72.513,69.231,70.661,9297,0
2014-07-17,70.28,70.531,67.007,68.13,7752,0
2014-07-18,67.548,68.736,66.073,66.373,13422,0
2014-07-21,66.709,68.177,64.394,65.279,14355,0
2014-07-22,64.644,66.41,63.533,64.823,13887,0
2014-07-23,64.934,66.767,63.711,65.14,8755,0
2014-07-24,65.327,65.86,64.552,65.01,4730,0
2014-07-25,64.97,65.402,64.467,64.644,5650,0
2014-07-28,64.364,64.582,63.533,63.73,8856,0
2014-07-29,63.925,64.245,63.57,63.794,2232,0
2014-07-30,63.878,63.878,61.422,63.441,9862,0
2014-07-31,62.318,62.786,61.046,61.046,5590,0
2014-08-01,61.282,61.282,58.778,58.778,10514,0
2014-08-04,58.488,61.0,57.459,60.657,12411,0
2014-08-05,62.599,65.878,61.693,64.879,10734,0
2014-08-06,64.774,66.802,64.476,65.232,13069,0
2014-08-07,65.674,66.056,62.561,62.561,3993,0
2014-08-08,63.009,63.121,61.114,62.842,7831,0
2014-08-11,63.169,66.737,63.169,66.737,15016,0
2014-08-12,64.934,67.477,63.513,64.494,10808,0
2014-08-13,64.336,66.224,63.721,65.197,8238,0
2014-08-14,65.448,65.953,64.01,65.542,8604,0
2014-08-15,66.308,69.121,64.148,64.467,11203,0
2014-08-18,67.269,68.203,65.457,66.439,8620,0
2014-08-19,67.269,67.269,64.235,64.924,4731,0
2014-08-20,65.869,65.869,64.138,65.279,5928,0
2014-08-21,65.189,65.765,63.384,65.765,3711,0
2014-08-22,64.653,64.709,63.533,63.73,7518,0
2014-08-25,64.748,65.477,63.533,64.467,4441,0
2014-08-26,64.503,65.074,63.542,64.99,5769,0
2014-08-27,64.307,66.551,63.86,63.917,7468,0
2014-08-28,64.307,64.307,62.439,62.822,4523,0
2014-08-29,62.917,62.917,60.312,61.484,8049,0
2014-09-02,61.501,63.188,61.501,62.241,7085,0
2014-09-03,62.29,62.29,59.991,60.187,4222,0
2014-09-04,60.442,60.442,56.843,57.593,6095,0
2014-09-05,56.11,59.326,56.11,57.18,3596,0
2014-09-08,58.117,58.784,57.836,58.735,3310,0
2014-09-09,58.258,58.407,55.877,55.971,5340,0
2014-09-10,55.68,56.1,55.314,55.418,4294,0
2014-09-11,55.193,56.514,55.193,55.22,3042,0
2014-09-12,56.018,56.018,54.828,54.828,2251,0
2014-09-15,54.64,54.64,51.65,53.14,6772,0
2014-09-16,52.962,52.962,52.493,52.493,6437,0
2014-09-17,51.744,52.493,51.555,51.555,5171,0
2014-09-18,51.088,52.183,49.654,50.881,4717,0
2014-09-19,50.881,52.249,46.595,47.261,20324,0
2014-09-22,48.689,48.742,47.619,47.619,8965,0
2014-09-23,47.562,47.881,45.932,46.561,12405,0
2014-09-24,47.029,49.371,45.978,46.692,6158,0
2014-09-25,46.624,47.198,45.557,45.576,3825,0
2014-09-26,46.016,46.016,45.538,45.63,6488,0
2014-09-29,45.538,46.157,45.538,45.576,7772,0
2014-09-30,45.566,45.649,41.489,41.515,15088,0
2014-10-01,42.144,42.557,41.246,41.966,25256,0
2014-10-02,41.918,42.313,41.3,42.21,9883,0
2014-10-03,42.491,42.772,41.346,41.459,5953,0
2014-10-06,42.096,42.812,41.246,41.281,7929,0
2014-10-07,41.246,42.125,41.246,41.246,11083,0
2014-10-08,41.908,42.464,41.423,41.891,6663,0
2014-10-09,43.251,43.251,41.685,41.713,10568,0
2014-10-10,41.713,43.663,41.713,41.882,8182,0
2014-10-13,42.435,42.435,41.61,41.61,7638,0
2014-10-14,43.672,43.672,40.981,41.6,9140,0
2014-10-15,40.307,43.092,40.307,41.676,9637,0
2014-10-16,41.246,42.725,41.246,41.827,5601,0
2014-10-17,42.914,42.914,40.466,40.466,9127,0
2014-10-20,40.466,40.466,39.371,40.326,13228,0
2014-10-21,40.794,42.173,39.932,41.515,6463,0
2014-10-22,40.776,41.31,40.118,40.869,11463,0
2014-10-23,40.822,41.048,40.504,41.038,6004,0
2014-10-24,40.607,41.591,40.448,41.179,12068,0
2014-10-27,41.629,42.342,40.504,40.926,5953,0
2014-10-28,43.072,43.644,41.272,42.015,6873,0
2014-10-29,41.6,43.56,41.15,41.15,7134,0
2014-10-30,41.236,42.969,40.457,40.58,11965,0
2014-10-31,40.804,41.29,38.91,39.415,14325,0
2014-11-03,39.455,40.86,39.415,39.566,6669,0
2014-11-04,39.52,39.557,39.137,39.246,2687,0
2014-11-05,39.182,39.371,37.539,38.131,12820,0
2014-11-06,38.151,39.361,37.747,39.361,2501,0
2014-11-07,39.032,40.617,38.583,40.118,10606,0
2014-11-10,40.381,42.005,40.381,42.005,10880,0
2014-11-11,41.667,43.082,41.018,42.979,5816,0
2014-11-12,42.183,44.89,41.629,44.459,11517,0
2014-11-13,43.858,45.425,43.139,44.573,5624,0
2014-11-14,43.973,45.698,43.973,44.234,7336,0
2014-11-17,44.197,44.807,43.12,44.375,8880,0
2014-11-18,44.178,44.798,43.475,43.896,6882,0
2014-11-19,43.7,44.036,43.12,43.12,7279,0
2014-11-20,42.933,43.231,41.29,42.049,5388,0
2014-11-21,42.643,43.786,41.255,41.769,17915,0
2014-11-24,41.346,42.634,41.346,42.087,10412,0
2014-11-25,41.713,42.802,41.713,42.256,8171,0
2014-11-26,42.024,42.969,41.713,42.772,10373,0
2014-11-28,41.943,42.651,41.718,41.718,5563,0
2014-12-01,41.764,42.556,39.607,40.061,16664,0
2014-12-02,40.389,42.472,38.307,41.408,5914,0
2014-12-03,41.671,42.472,40.606,41.793,6800,0
2014-12-04,41.764,41.764,40.606,41.247,8410,0
2014-12-05,40.814,41.923,40.352,40.606,6419,0
2014-12-08,41.124,41.604,40.709,40.973,9252,0
2014-12-09,41.302,41.408,39.231,41.408,11970,0
2014-12-10,41.238,41.322,39.391,39.675,11698,0
2014-12-11,39.089,40.333,38.298,38.712,15140,0
2014-12-12,38.336,40.371,36.708,37.393,8900,0
2014-12-15,37.562,37.678,36.34,36.593,5097,0
2014-12-16,36.734,39.974,36.734,38.375,6771,0
2014-12-17,40.671,44.514,39.138,44.468,13712,0
2014-12-18,44.468,44.468,42.613,43.592,7297,0
2014-12-19,43.346,44.863,40.042,44.034,16150,0
2014-12-22,44.43,45.57,44.213,44.458,5598,0
2014-12-23,44.562,46.541,44.562,45.031,2604,0
2014-12-24,46.434,46.434,44.77,45.504,773,0
2014-12-26,45.07,46.352,44.373,45.476,3630,0
2014-12-29,45.373,45.438,44.12,44.675,2964,0
2014-12-30,43.233,45.305,43.233,45.305,4733,0
2014-12-31,45.305,47.604,45.1,47.051,8500,0
2015-01-02,45.852,47.094,45.373,46.783,1338,0
2015-01-05,46.434,47.085,44.562,45.673,6772,0
2015-01-06,46.239,47.077,45.616,46.05,7803,0
2015-01-07,46.522,47.934,45.457,47.567,2449,0
2015-01-08,48.027,48.877,47.379,48.659,6521,0
2015-01-09,49.12,49.404,47.887,48.669,9861,0
2015-01-12,49.102,49.526,47.857,49.12,5072,0
2015-01-13,49.526,51.022,49.262,50.552,19156,0
2015-01-14,47.094,49.356,46.163,48.583,15722,0
2015-01-15,48.932,53.699,47.094,51.467,22366,0
2015-01-16,51.985,53.785,51.938,53.218,5522,0
2015-01-20,55.573,55.573,52.747,53.915,15996,0
2015-01-21,52.229,53.99,52.229,53.445,7880,0
2015-01-22,54.236,55.497,53.427,55.214,13253,0
2015-01-23,55.234,55.234,53.606,53.726,4522,0
2015-01-26,53.736,54.632,53.736,54.537,3253,0
2015-01-27,54.198,55.338,54.198,54.98,6774,0
2015-01-28,54.632,55.61,54.632,55.01,11687,0
2015-01-29,55.44,55.62,54.632,55.573,10881,0
2015-01-30,55.394,55.658,54.16,54.669,4517,0
2015-02-02,54.688,55.44,54.669,55.44,3726,0
2015-02-03,55.44,56.967,55.206,56.448,4962,0
2015-02-04,56.412,58.397,56.412,57.58,6230,0
2015-02-05,58.361,60.244,58.361,58.673,5519,0
2015-02-06,61.442,61.442,57.146,58.588,13641,0
2015-02-09,58.635,61.365,58.635,60.652,13785,0
2015-02-10,61.054,61.809,60.782,61.506,12161,0
2015-02-11,61.809,62.921,59.621,61.836,5355,0
2015-02-12,62.637,62.637,60.294,61.969,8920,0
2015-02-13,62.628,62.628,60.83,60.83,8847,0
2015-02-17,61.461,62.883,60.753,61.875,17391,0
2015-02-18,61.291,62.486,60.623,62.176,8420,0
2015-02-19,62.27,62.994,61.676,62.76,9698,0
2015-02-20,62.994,64.051,61.818,63.091,12616,0
2015-02-23,63.391,64.511,63.135,63.636,14019,0
2015-02-24,64.56,67.902,64.153,66.227,19256,0
2015-02-25,67.347,69.023,67.074,68.674,17348,0
2015-02-26,68.751,68.751,65.491,66.866,8790,0
2015-02-27,66.528,66.744,62.994,62.994,17689,0
2015-03-02,64.023,65.906,64.023,64.58,9660,0
2015-03-03,64.944,65.049,64.501,64.501,7964,0
2015-03-04,63.823,64.962,62.176,63.551,12103,0
2015-03-05,64.793,64.793,63.052,64.041,4035,0
2015-03-06,63.457,64.333,62.769,62.769,7114,0
2015-03-09,64.97,64.97,61.503,63.184,9523,0
2015-03-10,63.126,63.126,60.295,60.595,5713,0
2015-03-11,60.198,62.033,59.48,60.565,11007,0
2015-03-12,60.955,60.955,59.519,60.888,9101,0
2015-03-13,61.078,61.078,55.945,56.702,26455,0
2015-03-16,56.465,57.146,56.172,56.797,13862,0
2015-03-17,56.702,58.309,56.352,57.307,20210,0
2015-03-18,58.563,58.591,56.702,57.486,12276,0
2015-03-19,57.109,58.762,56.314,56.76,8995,0
2015-03-20,56.891,57.636,54.34,55.114,19153,0
2015-03-23,54.671,57.033,52.479,55.993,14498,0
2015-03-24,55.776,57.554,55.776,57.554,20422,0
2015-03-25,57.457,59.064,57.099,58.204,10687,0
2015-03-26,58.912,61.258,58.252,60.425,6982,0
2015-03-27,61.199,63.648,60.52,61.029,14498,0
2015-03-30,61.268,63.459,61.268,63.298,12591,0
2015-03-31,63.421,64.366,63.364,63.515,8236,0
2015-04-01,64.263,65.18,63.204,65.18,15133,0
2015-04-02,65.681,66.153,65.34,66.153,12909,0
2015-04-06,66.04,66.04,62.004,62.033,17566,0
2015-04-07,62.655,64.451,61.872,62.428,9076,0
2015-04-08,63.136,65.35,62.373,62.931,7091,0
2015-04-09,63.166,63.316,61.058,62.524,5560,0
2015-04-10,63.847,63.847,60.672,60.984,6032,0
2015-04-13,60.484,61.475,59.82,60.984,9417,0
2015-04-14,60.851,61.011,59.519,60.805,15449,0
2015-04-15,60.68,60.993,59.82,60.285,3838,0
2015-04-16,60.009,60.304,57.685,57.695,11066,0
2015-04-17,57.392,58.865,56.881,57.486,7726,0
2015-04-20,58.383,58.573,56.872,58.12,9294,0
2015-04-21,56.465,58.016,56.465,57.636,1901,0
2015-04-22,57.41,58.402,55.474,55.52,5960,0
2015-04-23,55.756,56.276,55.379,55.379,6880,0
2015-04-24,55.408,55.794,54.34,54.764,9634,0
2015-04-27,54.633,55.568,53.385,53.385,8465,0
2015-04-28,54.169,54.169,51.711,51.711,12548,0
2015-04-29,51.504,51.92,50.002,50.002,8359,0
2015-04-30,50.474,50.841,44.037,44.037,15661,0
2015-05-01,44.227,46.476,42.348,43.849,17882,0
2015-05-04,43.736,45.088,43.736,44.416,5502,0
2015-05-05,44.426,44.662,42.385,42.385,12169,0
2015-05-06,42.3,42.828,41.109,41.989,9415,0
2015-05-07,42.215,43.095,41.629,42.328,5202,0
2015-05-08,43.045,44.389,43.045,44.189,7618,0
2015-05-11,44.275,44.349,43.614,44.189,9101,0
2015-05-12,43.982,43.982,41.591,41.62,8069,0
2015-05-13,42.223,42.223,39.381,40.77,11195,0
2015-05-14,43.802,43.802,42.526,42.574,2962,0
2015-05-15,42.403,43.784,42.052,42.206,5344,0
2015-05-18,41.901,42.232,40.6,41.203,7008,0
2015-05-19,41.657,42.526,40.921,41.581,8944,0
2015-05-20,42.206,42.764,40.731,40.911,12463,0
2015-05-21,41.109,41.109,38.18,38.369,21376,0
2015-05-22,38.434,39.693,37.283,37.526,17566,0
2015-05-26,36.857,39.909,36.857,39.228,36764,0
2015-05-27,39.794,40.591,38.709,40.164,13438,0
2015-05-28,40.457,40.636,39.634,39.824,11112,0
2015-05-29,40.26,42.241,38.841,40.541,14178,0
2015-06-01,41.368,41.796,40.581,40.941,13783,0
2015-06-02,41.311,41.7,41.311,41.33,3511,0
2015-06-03,41.264,42.222,41.264,41.417,10107,0
2015-06-04,41.368,42.079,41.368,41.881,7474,0
2015-06-05,41.89,42.451,41.482,42.328,4842,0
2015-06-08,42.177,42.603,41.207,42.27,10001,0
2015-06-09,42.527,43.933,41.121,43.458,11363,0
2015-06-10,42.309,45.196,42.089,45.112,14130,0
2015-06-11,47.182,47.182,44.637,45.178,6591,0
2015-06-12,45.263,46.537,44.835,45.482,5578,0
2015-06-15,45.368,46.478,44.78,45.938,7054,0
2015-06-16,46.27,46.981,45.681,46.981,6738,0
2015-06-17,46.649,47.714,46.649,46.916,8527,0
2015-06-18,47.114,48.074,45.595,46.962,21898,0
2015-06-19,46.83,49.064,46.184,47.401,10316,0
2015-06-22,47.314,48.815,47.305,47.903,2842,0
2015-06-23,48.0,48.426,47.732,48.396,6880,0
2015-06-24,48.19,48.912,48.123,48.123,4842,0
2015-06-25,48.0,48.113,47.495,47.638,2001,0
2015-06-26,45.623,46.62,43.943,44.589,10316,0
2015-06-29,44.36,44.36,43.23,43.422,7474,0
2015-06-30,44.056,44.056,41.89,42.366,12498,0
2015-07-01,42.309,42.698,40.4,42.357,10844,0
2015-07-02,41.482,41.796,41.482,41.51,947,0
2015-07-06,40.988,42.508,40.988,41.738,3580,0
2015-07-07,41.436,42.593,41.273,41.282,5369,0
2015-07-08,41.445,41.445,40.371,41.321,1790,0
2015-07-09,40.941,42.432,40.846,40.846,4527,0
2015-07-10,41.616,42.737,41.291,42.737,6211,0
2015-07-13,42.698,42.983,42.319,42.319,3895,0
2015-07-14,42.756,42.756,41.291,41.938,5984,0
2015-07-15,41.606,41.844,40.855,41.282,7019,0
2015-07-16,41.247,42.376,41.247,41.645,2210,0
2015-07-17,41.653,42.148,41.159,41.159,3157,0
2015-07-20,41.492,41.596,41.321,41.596,2001,0
2015-07-21,41.111,43.182,41.111,41.34,2842,0
2015-07-22,41.33,41.691,41.321,41.321,3054,0
2015-07-23,40.997,41.321,40.846,40.846,2527,0
2015-07-24,40.531,40.836,40.429,40.531,2527,0
2015-07-27,40.371,40.371,39.896,39.896,1264,0
2015-07-28,40.514,40.514,39.8,39.8,1368,0
2015-07-29,39.85,43.45,39.85,43.45,20212,0
2015-07-30,43.45,44.541,43.162,44.066,5158,0
2015-07-31,44.143,46.166,44.143,45.378,11263,0
2015-08-03,45.691,45.833,45.244,45.244,1211,0
2015-08-04,43.838,44.408,42.319,42.319,21688,0
2015-08-05,43.695,44.826,42.747,44.826,8421,0
2015-08-06,41.093,45.994,41.093,42.508,3519,0
2015-08-07,43.108,44.209,41.085,43.049,15370,0
2015-08-10,42.366,44.541,42.366,44.408,3265,0
2015-08-11,44.882,44.882,43.011,43.011,5744,0
2015-08-12,43.029,43.924,42.908,43.782,7474,0
2015-08-13,43.505,43.782,43.505,43.533,947,0
2015-08-14,43.819,44.531,43.819,44.531,2001,0
2015-08-17,44.171,44.646,43.981,44.104,1790,0
2015-08-18,43.933,43.933,43.172,43.172,1053,0
2015-08-19,43.477,44.114,43.23,43.23,947,0
2015-08-20,43.43,43.695,41.918,43.152,2737,0
2015-08-21,42.821,43.343,40.846,41.73,4527,0
2015-08-24,38.736,40.362,36.932,39.43,10494,0
2015-08-25,39.659,41.273,39.659,41.273,4316,0
2015-08-26,40.191,40.884,37.045,40.884,13476,0
2015-08-27,40.884,42.947,40.884,42.947,2001,0
2015-08-28,41.663,42.888,41.663,42.035,3474,0
2015-08-31,42.376,43.685,42.27,43.324,1790,0
2015-09-01,42.0,42.857,41.578,41.578,3772,0
2015-09-02,41.483,42.245,39.909,41.722,12362,0
2015-09-03,41.588,41.789,41.417,41.789,1258,0
2015-09-04,41.473,42.533,41.092,41.33,1573,0
2015-09-08,41.33,41.617,41.282,41.57,9115,0
2015-09-09,41.759,42.781,41.57,41.769,6706,0
2015-09-10,41.646,42.599,41.646,42.191,6168,0
2015-09-11,41.731,42.0,41.044,41.866,1048,0
2015-09-14,41.33,41.33,40.824,40.824,1362,0
2015-09-15,40.567,41.417,40.52,40.719,2515,0
2015-09-16,40.967,42.285,38.878,39.792,6915,0
2015-09-17,40.328,41.024,39.42,41.024,2155,0
2015-09-18,40.567,41.911,39.345,41.874,4191,0
2015-09-21,41.712,41.74,41.196,41.196,1573,0
2015-09-22,39.707,40.328,39.707,40.089,2934,0
2015-09-23,38.964,40.195,38.964,40.099,2491,0
2015-09-24,39.136,39.621,39.136,39.621,1221,0
2015-09-25,39.621,40.567,39.621,39.909,6286,0
2015-09-28,40.195,40.759,38.801,38.905,2126,0
2015-09-29,40.557,40.557,39.602,39.602,2409,0
2015-09-30,39.136,39.136,39.136,39.136,2306,0
2015-10-01,39.517,39.517,39.05,39.05,5658,0
2015-10-02,39.001,39.44,38.896,39.44,3876,0
2015-10-05,39.059,40.547,39.059,40.537,4102,0
2015-10-06,39.527,39.527,39.527,39.527,1152,0
2015-10-07,39.375,40.156,39.375,40.156,2567,0
2015-10-08,39.355,41.417,39.355,41.417,4086,0
2015-10-09,41.712,42.0,41.712,41.99,1048,0
2015-10-12,42.353,42.935,42.353,42.935,3478,0
2015-10-13,42.857,42.857,40.768,40.911,2306,0
2015-10-14,40.662,40.853,39.737,39.737,3350,0
2015-10-15,42.916,42.916,40.366,41.57,12047,0
2015-10-16,41.702,43.784,40.7,40.93,13514,0
2015-10-19,41.463,44.193,41.092,43.019,10086,0
2015-10-20,41.731,43.143,41.731,43.143,1992,0
2015-10-21,43.143,43.333,42.255,42.255,7544,0
2015-10-22,43.362,43.362,42.619,42.619,1258,0
2015-10-23,43.784,43.784,43.784,43.784,524,0
2015-10-26,43.802,44.728,42.581,43.372,6182,0
2015-10-27,43.478,43.812,43.143,43.288,9535,0
2015-10-28,43.171,43.812,43.171,43.812,4924,0
2015-10-29,43.088,43.669,42.906,43.038,1466,0
2015-10-30,43.048,43.048,42.437,42.437,4191,0
2015-11-02,42.801,43.171,40.911,42.999,18165,0
2015-11-03,42.999,43.774,42.073,43.774,11729,0
2015-11-04,43.716,43.716,42.333,43.038,5100,0
2015-11-05,43.888,43.888,43.888,43.888,316,0
2015-11-06,42.533,43.784,42.381,43.784,4295,0
2015-11-09,42.999,43.412,41.884,41.961,3583,0
2015-11-10,42.999,43.812,42.999,42.999,2724,0
2015-11-11,41.12,42.054,41.12,42.0,943,0
2015-11-12,41.646,41.646,40.567,40.567,1048,0
2015-11-13,40.567,41.408,40.567,40.662,943,0
2015-11-16,40.642,42.467,40.642,42.467,5134,0
2015-11-17,42.476,42.791,41.961,42.046,11630,0
2015-11-18,41.148,42.0,40.759,42.0,3981,0
2015-11-19,41.426,41.866,40.089,41.398,7438,0
2015-11-20,41.759,42.837,41.53,42.837,5238,0
2015-11-23,42.333,42.666,41.102,42.0,3981,0
2015-11-24,40.127,41.196,40.127,41.167,3876,0
2015-11-25,41.102,41.282,41.102,41.282,524,0
2015-11-27,41.177,41.177,41.177,41.177,208,0
2015-11-30,41.925,41.925,40.631,41.177,3544,0
2015-12-01,40.747,40.784,40.534,40.534,3557,0
2015-12-02,40.841,40.841,40.084,40.084,3390,0
2015-12-03,39.479,40.621,39.144,39.345,23807,0
2015-12-04,40.056,40.775,39.719,40.775,8964,0
2015-12-07,40.362,40.362,37.657,37.657,12195,0
2015-12-08,37.416,37.705,37.159,37.283,7567,0
2015-12-09,37.234,37.234,36.822,36.985,6567,0
2015-12-10,36.842,37.159,36.456,36.708,9486,0
2015-12-11,36.629,37.801,36.219,36.283,7505,0
2015-12-14,36.832,36.937,32.869,33.58,13786,0
2015-12-15,33.817,35.008,33.339,34.242,16781,0
2015-12-16,34.452,35.488,33.502,33.915,10111,0
2015-12-17,37.283,37.283,33.58,33.627,8547,0
2015-12-18,33.264,33.664,32.187,32.236,18553,0
2015-12-21,32.849,34.05,32.6,33.58,10111,0
2015-12-22,32.34,35.46,32.333,34.395,14554,0
2015-12-23,34.385,36.065,34.385,35.172,6567,0
2015-12-24,34.395,35.172,34.299,35.018,4645,0
2015-12-28,34.952,34.952,33.484,33.808,4729,0
2015-12-29,34.173,35.172,33.962,35.046,8867,0
2015-12-30,34.059,35.239,33.915,34.826,13573,0
2015-12-31,34.952,37.896,33.925,36.842,22452,0
2016-01-04,36.264,37.407,35.344,36.679,14045,0
2016-01-05,36.659,38.204,36.659,37.695,9212,0
2016-01-06,37.436,38.73,37.224,37.475,5392,0
2016-01-07,37.387,37.387,36.456,36.601,4999,0
2016-01-08,37.051,37.685,35.967,37.149,9681,0
2016-01-11,37.586,37.586,36.016,36.774,6615,0
2016-01-12,36.545,37.426,35.804,36.313,10123,0
2016-01-13,36.17,36.17,33.432,33.925,9488,0
2016-01-14,34.02,34.059,32.236,32.572,9020,0
2016-01-15,31.306,33.166,30.989,31.968,7109,0
2016-01-19,32.62,34.059,32.62,33.214,9902,0
2016-01-20,32.437,32.437,28.781,30.702,17576,0
2016-01-21,31.209,32.572,30.94,31.681,4349,0
2016-01-22,31.681,33.012,30.94,32.16,2264,0
2016-01-25,32.38,32.38,31.133,31.256,3909,0
2016-01-26,31.449,31.862,30.94,31.862,4031,0
2016-01-27,32.35,32.716,31.681,31.681,1807,0
2016-01-28,32.764,32.764,31.844,31.844,1632,0
2016-01-29,31.948,32.303,30.702,32.303,3253,0
2016-02-01,31.518,32.937,31.518,32.937,2454,0
2016-02-02,32.313,34.232,31.672,32.821,13657,0
2016-02-03,33.358,33.782,32.62,33.541,2453,0
2016-02-04,34.135,34.845,33.273,34.098,2723,0
2016-02-05,34.942,34.942,33.254,33.254,6218,0
2016-02-08,33.454,33.454,31.862,33.339,8666,0
2016-02-09,33.541,34.222,32.793,32.793,4304,0
2016-02-10,33.492,33.492,32.073,32.657,2200,0
2016-02-11,31.065,31.688,30.672,31.592,5930,0
2016-02-12,31.209,32.197,31.209,32.187,1687,0
2016-02-16,32.523,32.984,30.893,32.36,2475,0
2016-02-17,32.16,32.946,31.209,32.14,4830,0
2016-02-18,30.94,31.439,30.203,30.489,3174,0
2016-02-19,30.556,32.254,30.556,31.172,4172,0
2016-02-22,32.121,38.233,32.003,33.301,8386,0
2016-02-23,33.31,33.817,32.333,32.409,10759,0
2016-02-24,32.62,32.908,31.469,32.591,3323,0
2016-02-25,32.523,33.877,31.218,32.447,4303,0
2016-02-26,32.621,34.49,31.662,31.662,3202,0
2016-02-29,32.419,32.419,30.653,31.391,4474,0
2016-03-01,31.419,32.429,31.419,32.429,2851,0
2016-03-02,32.303,33.185,31.928,32.946,2557,0
2016-03-03,32.629,33.185,31.622,33.185,6211,0
2016-03-04,33.195,34.346,33.195,33.817,4862,0
2016-03-07,34.089,35.462,33.782,35.229,7787,0
2016-03-08,34.816,35.018,33.58,33.58,5620,0
2016-03-09,34.072,35.35,33.501,33.501,2620,0
2016-03-10,33.271,33.655,31.967,33.144,6031,0
2016-03-11,33.791,35.645,33.791,35.645,3960,0
2016-03-14,35.365,36.399,33.859,36.157,4346,0
2016-03-15,35.24,36.399,35.24,35.597,3139,0
2016-03-16,35.925,36.408,35.577,36.35,2098,0
2016-03-17,36.253,39.97,36.253,39.96,32627,0
2016-03-18,40.289,41.515,37.749,37.749,20959,0
2016-03-21,38.628,38.628,36.978,37.431,5571,0
2016-03-22,37.026,38.523,37.026,38.523,4433,0
2016-03-23,38.136,38.493,36.688,36.698,3161,0
2016-03-24,36.601,37.527,35.723,37.277,7068,0
2016-03-28,37.372,38.131,36.659,37.576,4395,0
2016-03-29,37.287,38.618,36.235,37.412,7041,0
2016-03-30,38.281,38.618,36.418,38.136,6774,0
2016-03-31,38.03,38.6,37.166,38.6,3602,0
2016-04-01,37.655,38.618,36.987,37.943,7900,0
2016-04-04,37.613,37.943,37.556,37.837,2589,0
2016-04-05,37.441,38.618,36.688,37.363,5701,0
2016-04-06,37.171,37.171,34.67,35.655,10585,0
2016-04-07,35.2,35.53,34.777,34.777,3880,0
2016-04-08,34.787,34.931,34.033,34.515,8118,0
2016-04-11,34.758,35.105,34.738,35.105,1779,0
2016-04-12,34.902,36.688,34.728,36.659,3879,0
2016-04-13,36.629,37.702,35.848,37.702,6725,0
2016-04-14,37.885,38.397,36.688,37.451,8525,0
2016-04-15,37.461,37.678,35.993,35.993,8755,0
2016-04-18,37.363,37.655,36.117,36.485,2069,0
2016-04-19,36.495,37.77,36.495,37.034,3903,0
2016-04-20,37.306,37.306,35.814,36.688,996,0
2016-04-21,36.495,36.495,35.066,35.848,4160,0
2016-04-22,35.723,37.354,35.723,36.736,1378,0
2016-04-25,37.044,38.618,35.915,35.915,2519,0
2016-04-26,36.871,37.297,35.716,37.297,5361,0
2016-04-27,37.702,38.513,36.436,37.297,7291,0
2016-04-28,37.238,37.238,35.413,36.765,1608,0
2016-04-29,38.861,38.861,38.861,38.861,2682,0
2016-05-02,38.049,39.913,37.846,38.707,4074,0
2016-05-03,38.136,38.136,36.698,37.412,2727,0
2016-05-04,37.635,42.481,37.267,42.481,16549,0
2016-05-05,42.481,42.742,40.81,41.805,6280,0
2016-05-06,41.082,41.506,39.372,41.506,2069,0
2016-05-09,41.072,42.373,38.917,38.917,3924,0
2016-05-10,39.275,40.55,39.111,39.111,3295,0
2016-05-11,39.662,40.55,37.171,37.846,4935,0
2016-05-12,38.04,38.04,36.818,36.89,2840,0
2016-05-13,36.853,37.218,35.413,36.485,5788,0
2016-05-16,36.688,37.546,36.688,37.546,1150,0
2016-05-17,37.354,37.354,35.973,35.973,2157,0
2016-05-18,37.142,38.667,35.925,36.871,8800,0
2016-05-19,36.978,36.978,36.978,36.978,195,0
2016-05-20,37.402,38.107,36.296,38.107,1359,0
2016-05-23,38.107,38.107,36.253,36.688,5072,0
2016-05-24,37.162,38.214,37.162,38.214,3727,0
2016-05-25,38.214,38.214,37.074,37.635,1696,0
2016-05-26,37.267,37.267,35.723,36.688,10409,0
2016-05-27,36.784,37.382,36.495,37.382,1650,0
2016-05-31,37.527,38.618,36.301,37.451,2194,0
2016-06-01,36.772,36.772,36.771,36.771,685,0
2016-06-02,36.169,36.304,36.169,36.304,1079,0
2016-06-03,36.179,36.179,35.591,36.169,3152,0
2016-06-06,36.955,36.955,35.926,36.849,3068,0
2016-06-07,36.169,36.859,35.834,36.859,4997,0
2016-06-08,37.722,37.868,36.897,37.868,3118,0
2016-06-09,37.722,38.121,37.722,38.121,2186,0
2016-06-10,36.898,37.82,36.664,36.664,3939,0
2016-06-13,36.431,36.431,36.431,36.431,1422,0
2016-06-14,36.412,36.761,34.841,34.936,4823,0
2016-06-15,34.469,35.548,34.469,35.062,1224,0
2016-06-16,35.295,35.926,35.072,35.926,2462,0
2016-06-17,35.994,36.412,35.694,35.994,7387,0
2016-06-20,36.139,37.402,35.441,37.402,3327,0
2016-06-21,37.276,38.826,36.034,36.034,4395,0
2016-06-22,37.382,37.382,35.714,35.898,2206,0
2016-06-23,37.014,37.14,36.149,36.907,2422,0
2016-06-24,35.441,36.016,35.441,35.441,5111,0
2016-06-27,35.475,35.732,34.654,34.654,4445,0
2016-06-28,35.469,36.004,35.003,36.004,3215,0
2016-06-29,36.219,36.403,35.624,36.403,1783,0
2016-06-30,36.128,37.481,36.128,37.382,1531,0
2016-07-01,37.345,38.325,36.431,36.431,1123,0
2016-07-05,36.897,37.377,35.944,35.944,1459,0
2016-07-06,36.254,37.091,35.926,37.091,1547,0
2016-07-07,37.072,37.072,35.926,35.926,1721,0
2016-07-08,35.968,36.44,35.954,36.44,2003,0
2016-07-11,36.265,37.207,36.024,37.207,2554,0
2016-07-12,37.286,37.335,36.897,37.335,2924,0
2016-07-13,36.459,36.459,36.459,36.459,262,0
2016-07-14,36.771,36.771,36.761,36.771,698,0
2016-07-15,36.79,36.994,36.081,36.081,3165,0
2016-07-18,36.129,36.713,36.129,36.314,681,0
2016-07-19,36.354,36.489,36.354,36.489,886,0
2016-07-20,36.479,36.489,36.073,36.412,1482,0
2016-07-21,36.543,36.543,36.543,36.543,395,0
2016-07-22,35.101,35.269,35.101,35.269,450,0
2016-07-25,35.576,35.576,33.012,33.012,8125,0
2016-07-26,32.334,32.431,30.702,30.702,7041,0
2016-07-27,30.683,30.683,29.713,30.101,5600,0
2016-07-28,29.897,31.031,29.719,30.731,3496,0
2016-07-29,30.391,30.731,29.392,29.392,5647,0
2016-08-01,29.459,29.906,29.373,29.538,3991,0
2016-08-02,29.509,29.528,29.324,29.324,1369,0
2016-08-03,29.906,30.391,29.449,30.391,1374,0
2016-08-04,30.101,31.032,28.779,29.284,9090,0
2016-08-05,28.934,29.773,28.934,29.614,3511,0
2016-08-08,30.294,31.692,29.518,30.653,4228,0
2016-08-09,30.845,31.639,30.489,30.586,3869,0
2016-08-10,31.335,31.335,30.101,30.101,7398,0
2016-08-11,30.313,31.319,30.101,30.401,7248,0
2016-08-12,30.586,31.354,30.586,30.926,3638,0
2016-08-15,30.361,31.595,30.361,31.595,589,0
2016-08-16,30.985,31.073,30.373,30.829,3161,0
2016-08-17,30.683,30.717,30.683,30.717,697,0
2016-08-18,30.886,31.665,30.876,31.665,2727,0
2016-08-19,31.43,32.14,31.43,31.45,3079,0
2016-08-22,31.051,31.81,31.051,31.81,940,0
2016-08-23,31.071,32.576,30.615,32.207,2613,0
2016-08-24,32.187,34.956,31.547,33.993,6090,0
2016-08-25,34.023,34.158,33.343,34.158,1214,0
2016-08-26,33.499,34.508,33.499,34.372,2882,0
2016-08-29,34.372,34.372,33.255,33.983,1675,0
2016-08-30,35.198,35.536,34.712,34.712,4269,0
2016-08-31,35.811,36.024,35.042,36.024,4244,0
2016-09-01,36.073,36.306,34.363,36.306,1564,0
2016-09-02,35.652,36.21,35.652,36.21,1371,0
2016-09-06,36.306,36.952,35.944,36.942,3574,0
2016-09-07,36.795,37.948,36.551,36.551,1918,0
2016-09-08,36.619,37.958,36.619,36.873,1136,0
2016-09-09,36.532,36.532,35.164,35.164,3955,0
2016-09-12,34.48,36.824,34.48,36.824,1536,0
2016-09-13,34.939,35.09,34.92,34.92,1086,0
2016-09-14,34.92,36.844,34.92,35.554,1431,0
2016-09-15,34.314,36.522,34.314,36.522,591,0
2016-09-16,37.313,37.313,36.433,37.224,6774,0
2016-09-19,36.14,38.485,36.14,37.518,7218,0
2016-09-20,36.864,37.03,36.628,36.628,3061,0
2016-09-21,36.628,37.118,35.408,36.609,7840,0
2016-09-22,37.036,37.395,36.336,36.336,3692,0
2016-09-23,35.457,36.14,35.164,35.164,778,0
2016-09-26,34.187,35.189,33.699,33.699,3522,0
2016-09-27,34.157,35.164,33.631,34.598,3192,0
2016-09-28,34.869,37.068,33.709,36.14,6381,0
2016-09-29,35.848,37.802,35.848,37.385,3151,0
2016-09-30,37.703,38.524,36.736,38.407,3442,0
2016-10-03,37.45,37.45,36.282,36.628,3244,0
2016-10-04,35.935,35.935,34.48,34.48,2023,0
2016-10-05,35.359,36.424,35.311,36.073,3758,0
2016-10-06,35.848,36.336,35.398,36.1,3975,0
2016-10-07,36.22,37.118,35.164,35.164,2682,0
2016-10-10,36.14,36.814,34.979,36.14,2556,0
2016-10-11,36.239,36.326,34.86,35.076,6135,0
2016-10-12,36.609,36.609,35.545,35.984,3552,0
2016-10-13,36.971,36.971,34.949,35.076,2814,0
2016-10-14,35.682,36.14,35.183,35.183,4083,0
2016-10-17,35.232,35.642,34.89,35.017,2488,0
2016-10-18,35.652,36.678,35.652,36.628,3139,0
2016-10-19,35.702,37.802,35.702,37.802,5582,0
2016-10-20,37.118,37.802,37.118,37.802,4278,0
2016-10-21,37.536,37.977,35.939,37.977,6610,0
2016-10-24,38.094,38.289,37.016,37.556,6073,0
2016-10-25,37.118,38.084,36.385,37.47,2882,0
2016-10-26,37.176,37.176,36.648,36.804,3025,0
2016-10-27,36.542,37.752,36.044,36.044,7269,0
2016-10-28,36.882,37.118,36.492,37.108,2313,0
2016-10-31,35.247,37.596,35.247,35.692,6645,0
2016-11-01,35.798,37.118,35.457,35.739,2844,0
2016-11-02,36.316,37.137,35.593,35.858,4957,0
2016-11-03,36.14,36.542,35.222,35.554,6308,0
2016-11-04,35.164,35.457,35.164,35.164,1196,0
2016-11-07,36.054,36.492,35.164,36.492,2406,0
2016-11-08,35.311,35.898,34.358,35.898,5708,0
2016-11-09,35.164,37.41,35.164,37.41,3496,0
2016-11-10,36.433,37.118,35.652,37.0,3158,0
2016-11-11,37.556,39.618,36.961,39.559,9416,0
2016-11-14,39.481,40.39,38.465,39.901,7562,0
2016-11-15,39.462,40.145,38.28,39.218,3487,0
2016-11-16,39.002,39.296,37.38,39.296,5317,0
2016-11-17,38.856,39.511,37.419,38.876,8590,0
2016-11-18,38.114,39.012,38.103,38.778,4238,0
2016-11-21,38.788,39.921,38.611,39.745,13475,0
2016-11-22,39.559,40.234,39.462,40.234,6380,0
2016-11-23,39.999,39.999,39.061,39.657,1362,0
2016-11-25,40.771,40.771,40.634,40.682,879,0
2016-11-28,40.34,41.503,38.21,39.755,11526,0
2016-11-29,39.657,40.931,38.846,39.178,2818,0
2016-11-30,39.755,40.586,38.553,38.621,3077,0
2016-12-01,40.198,40.653,39.348,39.368,7900,0
2016-12-02,39.24,40.262,39.24,39.781,3348,0
2016-12-05,40.173,41.48,40.173,41.254,10792,0
2016-12-06,41.303,42.226,41.303,42.226,3774,0
2016-12-07,42.226,42.924,41.559,41.559,6072,0
2016-12-08,41.45,42.521,40.698,42.118,4605,0
2016-12-09,42.541,43.218,41.46,41.46,3876,0
2016-12-12,42.235,42.57,40.684,41.46,4377,0
2016-12-13,41.901,41.911,40.704,41.911,6075,0
2016-12-14,41.225,41.921,39.948,40.183,7218,0
2016-12-15,40.026,40.438,39.496,39.771,4813,0
2016-12-16,40.075,40.262,38.317,40.252,17168,0
2016-12-19,39.711,40.792,39.711,40.33,1161,0
2016-12-20,41.185,41.273,39.535,41.273,2236,0
2016-12-21,41.126,43.061,41.126,41.971,3842,0
2016-12-22,41.175,41.991,40.085,40.085,1987,0
2016-12-23,41.008,41.991,41.008,41.931,1616,0
2016-12-27,41.627,42.031,40.185,40.36,1921,0
2016-12-28,39.368,42.118,39.368,40.763,3773,0
2016-12-29,41.008,41.245,39.938,39.938,5853,0
2016-12-30,40.301,40.684,38.916,38.946,3101,0
2017-01-03,39.378,40.026,39.171,39.309,1240,0
2017-01-04,38.346,41.008,38.346,41.008,1842,0
2017-01-05,40.763,41.245,40.173,40.173,7854,0
2017-01-06,39.987,39.987,39.82,39.82,838,0
2017-01-09,40.016,40.016,38.907,39.014,8376,0
2017-01-10,38.769,39.967,37.581,39.338,11731,0
2017-01-11,39.412,39.781,38.793,38.994,6832,0
2017-01-12,39.427,39.427,38.317,38.317,4805,0
2017-01-13,38.956,39.103,38.012,38.317,1815,0
2017-01-17,39.29,39.29,37.079,37.079,12415,0
2017-01-18,37.039,38.042,36.156,36.156,7948,0
2017-01-19,36.745,37.326,35.9,36.343,20448,0
2017-01-20,36.363,38.181,36.363,37.216,4989,0
2017-01-23,36.804,38.287,36.804,38.287,3438,0
2017-01-24,38.268,39.28,37.493,37.669,10253,0
2017-01-25,38.16,39.211,38.071,39.201,3039,0
2017-01-26,39.595,39.701,38.994,38.994,6232,0
2017-01-27,38.936,39.869,38.936,39.26,3921,0
2017-01-30,38.621,39.781,38.16,39.093,8576,0
2017-01-31,38.583,38.852,37.326,38.062,13433,0
2017-02-01,38.67,38.887,37.383,38.406,3183,0
2017-02-02,38.897,39.073,37.924,38.789,1968,0
2017-02-03,39.29,40.93,38.897,39.781,15546,0
2017-02-06,39.353,39.771,38.464,38.602,2933,0
2017-02-07,39.26,39.554,38.956,39.25,6584,0
2017-02-08,39.378,39.624,38.808,38.808,1911,0
2017-02-09,37.689,39.874,37.689,39.161,5287,0
2017-02-10,40.144,40.144,39.24,39.24,1370,0
2017-02-13,39.673,41.018,39.338,40.763,10727,0
2017-02-14,40.056,40.173,39.781,39.83,3601,0
2017-02-15,39.653,41.245,39.319,40.567,16322,0
2017-02-16,40.487,41.244,40.487,40.487,1865,0
2017-02-17,41.106,41.106,39.391,40.468,3789,0
2017-02-21,40.095,40.272,40.095,40.213,2188,0
2017-02-22,39.693,40.37,39.683,39.79,5474,0
2017-02-23,39.329,40.517,39.329,39.888,3855,0
2017-02-24,40.223,40.223,39.437,39.437,3000,0
2017-02-27,39.731,40.026,39.574,40.026,5110,0
2017-02-28,39.79,40.567,39.781,39.781,2232,0
2017-03-01,40.252,40.252,38.416,39.781,5117,0
2017-03-02,39.683,39.84,38.48,38.946,3492,0
2017-03-03,39.044,39.064,36.864,36.864,4410,0
2017-03-06,36.627,36.627,35.12,35.872,6071,0
2017-03-07,36.313,36.313,35.557,35.655,2409,0
2017-03-08,34.874,34.874,34.874,34.874,741,0
2017-03-09,35.082,35.26,35.032,35.042,1496,0
2017-03-10,35.082,35.971,34.686,34.686,2375,0
2017-03-13,34.984,34.984,34.143,34.984,5390,0
2017-03-14,35.042,35.117,34.123,34.974,6492,0
2017-03-15,34.796,35.142,33.915,35.142,2424,0
2017-03-16,34.934,35.082,33.824,34.084,8929,0
2017-03-17,34.242,34.766,34.193,34.242,7253,0
2017-03-20,34.726,34.924,34.608,34.608,1690,0
2017-03-21,33.897,35.843,33.897,34.835,6803,0
2017-03-22,36.713,36.782,36.169,36.179,3666,0
2017-03-23,36.267,37.316,35.152,37.316,948,0
2017-03-24,36.564,37.078,35.438,35.438,1085,0
2017-03-27,35.062,35.803,34.608,35.803,6475,0
2017-03-28,35.448,37.042,35.161,36.139,4258,0
2017-03-29,35.715,36.594,35.715,36.219,10177,0
2017-03-30,36.031,37.78,36.031,37.78,5444,0
2017-03-31,37.849,37.849,36.91,36.91,2209,0
2017-04-03,36.367,37.622,36.367,37.444,4078,0
2017-04-04,38.511,38.511,36.475,37.562,7182,0
2017-04-05,37.424,38.155,36.453,36.88,9531,0
2017-04-06,36.347,38.145,36.169,36.229,7563,0
2017-04-07,37.038,37.8,36.94,37.8,5911,0
2017-04-10,37.345,38.027,37.098,37.098,5858,0
2017-04-11,37.552,37.552,37.009,37.128,6206,0
2017-04-12,36.92,38.521,36.88,37.898,14969,0
2017-04-13,37.454,37.661,36.485,37.354,5345,0
2017-04-17,37.286,38.047,37.153,37.513,8158,0
2017-04-18,37.226,37.532,37.048,37.048,3413,0
2017-04-19,37.454,37.454,35.971,36.219,4242,0
2017-04-20,35.428,37.987,35.221,37.562,2753,0
2017-04-21,39.381,39.381,38.293,38.293,6703,0
2017-04-24,39.124,39.51,38.699,39.48,3258,0
2017-04-25,38.172,40.705,37.562,39.163,11627,0
2017-04-26,38.689,39.628,38.689,39.628,1962,0
2017-04-27,39.292,39.796,39.292,39.302,6448,0
2017-04-28,39.618,40.231,38.689,40.142,9172,0
2017-05-01,40.478,41.219,39.033,41.219,19903,0
2017-05-02,41.496,41.515,40.498,41.061,7812,0
2017-05-03,40.023,40.991,40.023,40.26,4500,0
2017-05-04,40.32,40.616,39.45,39.628,4351,0
2017-05-05,40.221,40.221,38.343,39.193,10897,0
2017-05-08,39.361,40.004,39.361,40.004,1572,0
2017-05-09,40.172,40.775,39.341,39.341,6074,0
2017-05-10,39.4,39.658,38.541,38.541,4940,0
2017-05-11,38.985,39.371,38.985,39.193,2821,0
2017-05-12,39.035,39.134,39.035,39.134,3445,0
2017-05-15,40.28,40.28,38.827,38.827,1516,0
2017-05-16,39.242,39.242,39.242,39.242,1172,0
2017-05-17,39.628,39.628,38.739,39.035,8214,0
2017-05-18,38.709,40.991,38.709,39.588,15786,0
2017-05-19,40.369,40.823,39.548,39.558,6080,0
2017-05-22,39.529,40.26,39.529,40.004,7196,0
2017-05-23,39.568,40.715,39.568,39.865,1547,0
2017-05-24,40.517,40.517,39.183,39.183,1685,0
2017-05-25,37.552,39.994,37.552,39.045,5171,0
2017-05-26,38.897,39.377,38.897,39.302,3941,0
2017-05-30,40.468,40.468,39.06,39.786,3953,0
2017-05-31,40.611,40.611,39.617,39.617,2990,0
2017-06-01,40.253,40.432,40.233,40.233,3837,0
2017-06-02,40.68,41.604,40.432,41.406,6736,0
2017-06-05,40.74,41.55,40.74,40.74,5068,0
2017-06-06,40.64,41.386,40.437,41.147,5273,0
2017-06-07,40.71,40.819,40.71,40.819,3179,0
2017-06-08,40.809,41.599,40.649,40.75,4167,0
2017-06-09,40.939,41.217,40.859,41.098,2554,0
2017-06-12,41.346,41.346,40.044,41.217,1282,0
2017-06-13,41.604,42.181,41.048,42.181,3158,0
2017-06-14,42.23,42.23,40.859,40.859,767,0
2017-06-15,41.137,42.061,40.525,42.061,1265,0
2017-06-16,41.068,42.717,41.068,42.33,75457,0
2017-06-19,42.24,43.522,42.24,43.025,9280,0
2017-06-20,42.459,43.025,42.359,42.369,6343,0
2017-06-21,41.823,42.916,41.266,41.932,1618,0
2017-06-22,42.528,42.528,41.396,41.396,10668,0
2017-06-23,41.495,41.714,40.521,40.66,15231,0
2017-06-26,41.038,41.763,39.945,41.416,3181,0
2017-06-27,41.286,41.575,39.817,41.575,3750,0
2017-06-28,40.074,41.664,40.074,41.604,1216,0
2017-06-29,41.296,41.306,40.546,41.306,3470,0
2017-06-30,40.819,40.819,40.819,40.819,155,0
2017-07-03,41.535,41.535,41.535,41.535,221,0
2017-07-05,41.535,41.535,41.535,41.535,576,0
2017-07-06,40.266,41.932,40.266,41.177,4360,0
2017-07-07,41.435,41.962,41.336,41.336,1463,0
2017-07-10,41.376,41.376,41.376,41.376,288,0
2017-07-11,41.42,41.435,41.276,41.276,1834,0
2017-07-12,42.499,42.499,40.74,41.634,2781,0
2017-07-13,41.296,41.296,41.296,41.296,233,0
2017-07-14,41.733,42.201,39.816,41.237,1769,0
2017-07-17,39.777,42.05,39.777,41.624,955,0
2017-07-18,41.157,41.604,40.7,40.7,1492,0
2017-07-20,41.286,41.485,41.286,41.485,910,0
2017-07-21,42.34,42.34,40.339,40.76,3767,0
2017-07-24,41.535,41.535,39.746,39.746,941,0
2017-07-25,40.968,41.724,39.855,40.472,2919,0
2017-07-26,41.237,41.237,41.237,41.237,574,0
2017-07-27,39.855,40.491,39.855,40.243,1969,0
2017-07-28,39.995,40.337,37.192,37.192,2702,0
2017-07-31,38.246,38.246,37.749,37.749,2481,0
2017-08-01,37.61,37.759,37.53,37.53,5795,0
2017-08-02,36.946,37.759,36.946,37.52,6087,0
2017-08-03,37.56,37.56,36.795,36.795,1938,0
2017-08-04,37.252,37.759,36.865,37.759,1085,0
2017-08-07,37.759,38.278,37.421,37.928,4457,0
2017-08-08,37.689,37.789,37.689,37.789,1075,0
2017-08-09,36.805,38.087,36.805,37.282,6016,0
2017-08-10,37.176,37.411,37.063,37.063,1928,0
2017-08-11,36.765,36.765,34.112,34.838,12299,0
2017-08-14,35.165,35.364,34.778,35.364,2158,0
2017-08-15,35.483,35.483,34.569,34.569,8784,0
2017-08-16,34.629,34.728,34.271,34.728,6392,0
2017-08-17,34.847,34.847,34.172,34.172,3513,0
2017-08-18,33.784,34.48,33.784,34.48,3463,0
2017-08-21,34.768,34.768,33.794,33.794,1855,0
2017-08-22,34.192,34.281,33.784,34.271,2653,0
2017-08-23,33.864,33.864,32.592,32.592,12031,0
2017-08-24,33.039,33.039,32.791,32.96,4245,0
2017-08-25,33.188,33.675,33.128,33.675,2709,0
2017-08-28,33.407,33.407,32.93,33.059,3583,0
2017-08-29,33.039,33.576,32.89,33.089,5397,0
2017-08-30,33.287,34.182,33.287,34.102,5133,0
2017-08-31,33.675,35.722,33.675,34.45,5953,0
2017-09-01,35.05,35.9147,34.27,35.49,1726,0
2017-09-05,35.5,35.5,34.29,34.29,1720,0
2017-09-06,34.3,34.45,34.3,34.44,1057,0
2017-09-07,35.0,35.0,34.62,34.62,678,0
2017-09-08,34.75,35.8795,34.75,35.35,2852,0
2017-09-11,35.8,35.95,34.3696,35.95,5694,0
2017-09-12,35.1,35.56,35.1,35.31,2400,0
2017-09-13,35.58,35.83,35.31,35.71,3519,0
2017-09-14,36.34,36.5,35.83,35.83,4613,0
2017-09-15,36.35,36.987,35.895,36.42,14316,0
2017-09-18,36.42,36.6036,36.24,36.24,2535,0
2017-09-19,35.58,36.36,35.58,36.36,1101,0
2017-09-20,35.59,36.5,35.59,35.73,2653,0
2017-09-21,36.13,37.46,36.13,37.46,3757,0
2017-09-22,37.46,39.325,37.35,37.82,4896,0
2017-09-25,37.8,39.12,37.8,38.51,4200,0
2017-09-26,38.65,39.01,38.55,38.91,5351,0
2017-09-27,38.79,40.12,38.79,39.58,13141,0
2017-09-28,40.03,40.85,39.58,40.8,7323,0
2017-09-29,41.64,42.49,40.6,41.5,11516,0
2017-10-02,41.56,42.42,41.2352,41.89,2721,0
2017-10-03,41.88,42.07,41.79,41.79,1323,0
2017-10-04,42.0615,42.0615,41.3742,42.0,1281,0
2017-10-05,42.45,43.7992,42.45,43.4,7451,0
2017-10-06,42.9,46.3,42.9,46.19,13780,0
2017-10-09,46.4,46.66,44.5,44.5,10687,0
2017-10-10,44.5,45.07,44.3,45.07,5035,0
2017-10-11,45.07,45.35,44.8,45.13,2231,0
2017-10-12,45.15,45.15,44.6,44.8,2262,0
2017-10-13,45.14,45.8,44.93,45.01,12099,0
2017-10-16,45.7,45.7,44.37,45.4,7433,0
2017-10-17,45.6504,45.6504,44.43,44.51,3618,0
2017-10-18,44.9,45.15,44.0,44.0,2025,0
2017-10-19,44.15,44.47,43.033,43.033,1901,0
2017-10-20,43.37,43.73,43.3,43.3,1218,0
2017-10-23,42.97,42.97,42.06,42.1,1501,0
2017-10-24,42.0,42.45,41.45,41.77,1248,0
2017-10-25,41.05,41.06,41.05,41.06,490,0
2017-10-26,41.65,41.65,41.25,41.25,1093,0
2017-10-27,41.85,42.2,41.85,42.2,1439,0
2017-10-30,41.64,42.25,41.62,41.92,2283,0
2017-10-31,42.55,43.25,42.55,42.94,7710,0
2017-11-01,43.52,43.94,43.12,43.49,4431,0
2017-11-02,43.95,43.95,43.095,43.86,4394,0
2017-11-03,43.91,45.18,42.7965,45.18,7173,0
2017-11-06,44.57,45.67,44.57,44.95,13816,0
2017-11-07,44.6,45.01,44.35,44.35,3075,0
2017-11-08,43.91,45.3257,43.5,44.15,9019,0
2017-11-09,44.42,44.79,43.36,43.4,3125,0
2017-11-10,42.99,42.99,42.99,42.99,740,0
