Date,Open,High,Low,Close,Volume,OpenInt
2014-01-02,31.358,31.412,30.853,30.906,1602894,0
2014-01-03,30.992,31.046,30.636,30.794,1387074,0
2014-01-06,31.056,31.159,30.811,31.103,3262050,0
2014-01-07,31.15,31.532,31.15,31.507,1901178,0
2014-01-08,31.435,31.479,31.141,31.264,1860725,0
2014-01-09,31.331,31.393,31.191,31.35,1409824,0
2014-01-10,31.462,31.887,31.305,31.769,2421849,0
2014-01-13,31.694,31.809,31.35,31.515,1567736,0
2014-01-14,31.532,31.742,31.452,31.583,1632468,0
2014-01-15,31.583,31.665,31.254,31.271,1554080,0
2014-01-16,31.271,31.479,31.218,31.462,1215153,0
2014-01-17,31.488,31.532,31.384,31.444,949841,0
2014-01-21,31.593,31.887,31.524,31.869,1050716,0
2014-01-22,31.906,32.045,31.702,31.863,1940824,0
2014-01-23,31.722,31.827,31.515,31.722,1626063,0
2014-01-24,31.618,31.784,31.237,31.237,2055088,0
2014-01-27,31.305,31.681,31.208,31.532,2341858,0
2014-01-28,31.558,31.791,31.488,31.777,1284650,0
2014-01-29,31.688,31.958,31.6,31.856,1854434,0
2014-01-30,31.934,32.435,31.869,32.41,1390620,0
2014-01-31,32.244,33.001,32.053,32.915,3127100,0
2014-02-03,32.923,33.349,32.699,32.757,3771523,0
2014-02-04,32.88,32.88,32.271,32.377,4292039,0
2014-02-05,32.34,32.367,31.958,32.125,2492587,0
2014-02-06,32.125,32.367,31.992,32.33,1654660,0
2014-02-07,32.435,32.592,32.33,32.567,1411688,0
2014-02-10,32.48,32.766,32.186,32.766,1428731,0
2014-02-11,32.707,33.219,32.671,33.176,1451443,0
2014-02-12,33.142,33.271,33.029,33.088,936390,0
2014-02-13,32.991,33.402,32.923,33.392,1550856,0
2014-02-14,33.349,33.608,33.271,33.6,883191,0
2014-02-18,33.698,33.949,33.627,33.829,1407575,0
2014-02-19,33.733,33.926,33.193,33.289,2519953,0
2014-02-20,33.42,33.837,33.289,33.759,2821630,0
2014-02-21,35.665,36.741,34.722,35.559,6044390,0
2014-02-24,35.646,36.15,35.542,35.576,4017161,0
2014-02-25,35.174,35.559,35.124,35.221,2715992,0
2014-02-26,35.306,35.377,35.037,35.174,1432737,0
2014-02-27,35.151,35.401,34.819,34.923,1492843,0
2014-02-28,34.994,35.333,34.933,35.15,1318380,0
2014-03-03,35.081,35.316,34.907,35.107,1949331,0
2014-03-04,35.401,35.656,35.367,35.576,2316014,0
2014-03-05,35.524,35.559,35.212,35.306,1520015,0
2014-03-06,35.351,35.446,34.933,35.055,1233274,0
2014-03-07,35.046,35.124,34.436,34.699,4679815,0
2014-03-10,34.671,34.936,34.628,34.839,1877136,0
2014-03-11,34.846,34.917,34.531,34.839,1499380,0
2014-03-12,34.83,35.323,34.769,35.313,1560613,0
2014-03-13,35.34,35.92,35.277,35.885,2262781,0
2014-03-14,35.866,36.251,35.744,36.148,1861554,0
2014-03-17,36.203,36.298,35.92,36.148,2019464,0
2014-03-18,36.165,36.334,36.042,36.113,2012257,0
2014-03-19,36.156,36.271,35.34,35.576,1543267,0
2014-03-20,34.987,35.313,34.644,35.261,3130541,0
2014-03-21,35.409,35.823,35.357,35.569,3786071,0
2014-03-24,35.569,35.796,35.268,35.63,1816779,0
2014-03-25,35.681,35.753,35.391,35.593,1849100,0
2014-03-26,35.63,35.885,35.357,35.375,1461328,0
2014-03-27,35.349,35.621,35.137,35.593,1438921,0
2014-03-28,35.569,35.875,35.48,35.849,1514455,0
2014-03-31,36.024,36.438,35.866,36.203,1536836,0
2014-04-01,36.128,36.138,35.593,35.813,1651949,0
2014-04-02,35.866,35.901,35.532,35.647,1710079,0
2014-04-03,35.647,35.813,35.445,35.665,1663287,0
2014-04-04,35.761,35.973,35.437,35.498,2440868,0
2014-04-07,35.454,35.681,34.917,34.936,4125103,0
2014-04-08,34.936,35.427,34.628,35.391,4569967,0
2014-04-09,35.427,35.559,34.76,35.171,4076663,0
2014-04-10,35.225,35.875,35.075,35.294,3955587,0
2014-04-11,35.235,35.638,35.217,35.585,2932330,0
2014-04-14,35.709,36.068,35.559,35.998,2535718,0
2014-04-15,35.954,36.693,35.954,36.683,2893550,0
2014-04-16,36.736,36.834,36.464,36.816,2173167,0
2014-04-17,36.728,36.797,35.998,36.016,2481978,0
2014-04-21,35.92,36.184,35.524,35.726,2285169,0
2014-04-22,35.761,35.901,35.542,35.744,2081960,0
2014-04-23,35.842,36.261,35.787,36.052,2318347,0
2014-04-24,36.061,36.375,35.796,36.128,2058708,0
2014-04-25,36.21,36.516,36.138,36.482,1277425,0
2014-04-28,36.473,36.658,36.032,36.28,2548513,0
2014-04-29,36.251,36.683,36.128,36.261,2293064,0
2014-04-30,36.119,36.498,36.119,36.298,2076990,0
2014-05-01,36.394,36.569,35.963,36.28,1608500,0
2014-05-02,36.087,36.119,35.209,35.323,1740121,0
2014-05-05,35.303,35.761,35.199,35.689,1251168,0
2014-05-06,35.681,35.842,35.399,35.437,1394952,0
2014-05-07,35.357,36.087,35.357,36.007,1860133,0
2014-05-08,36.175,36.42,35.349,35.409,3252930,0
2014-05-09,35.137,35.399,34.495,34.541,3316805,0
2014-05-12,34.575,34.805,34.038,34.047,3217590,0
2014-05-13,34.231,34.355,33.987,34.101,2689062,0
2014-05-14,34.189,34.778,34.047,34.505,2413290,0
2014-05-15,34.478,34.731,34.381,34.592,2861642,0
2014-05-16,34.619,34.663,34.171,34.461,2261298,0
2014-05-19,34.399,34.418,33.855,33.862,1795940,0
2014-05-20,33.936,34.117,33.583,33.766,1850679,0
2014-05-21,33.766,33.845,33.335,33.432,2562285,0
2014-05-22,33.539,34.171,33.509,34.031,2504795,0
2014-05-23,34.109,34.189,33.936,33.949,1359450,0
2014-05-27,34.127,34.286,33.959,34.189,2182510,0
2014-05-28,34.206,34.478,34.109,34.427,2282528,0
2014-05-29,34.269,34.39,34.013,34.189,3106778,0
2014-05-30,34.206,34.592,34.161,34.575,1794668,0
2014-06-02,34.556,34.575,34.269,34.303,1774947,0
2014-06-03,34.189,34.55,34.127,34.541,1737670,0
2014-06-04,34.575,34.575,34.328,34.427,1759289,0
2014-06-05,34.468,34.82,34.39,34.805,1643284,0
2014-06-06,34.82,34.996,34.531,34.592,1620823,0
2014-06-09,34.495,34.895,34.335,34.619,1746698,0
2014-06-10,34.575,34.592,34.15,34.176,1504228,0
2014-06-11,34.218,34.316,33.793,33.823,2384716,0
2014-06-12,33.91,34.069,33.439,33.97,1277426,0
2014-06-13,33.952,34.227,33.749,34.087,1409863,0
2014-06-16,34.069,34.761,34.033,34.45,1865364,0
2014-06-17,34.29,34.459,34.166,34.325,1071340,0
2014-06-18,34.282,35.222,34.237,35.187,2043000,0
2014-06-19,35.222,35.649,35.214,35.577,2029103,0
2014-06-20,35.622,35.683,35.259,35.293,2095450,0
2014-06-23,35.356,35.48,35.036,35.168,964630,0
2014-06-24,35.143,35.454,35.045,35.311,1244240,0
2014-06-25,35.206,35.631,35.206,35.577,1789984,0
2014-06-26,35.525,35.941,35.374,35.925,1537256,0
2014-06-27,35.934,36.217,35.755,36.049,1829375,0
2014-06-30,35.978,36.386,35.915,36.289,1801706,0
2014-07-01,36.111,36.357,35.951,36.192,1595786,0
2014-07-02,36.012,36.173,35.259,35.374,1707954,0
2014-07-03,35.124,35.152,34.672,34.868,980508,0
2014-07-07,34.868,35.498,34.761,35.168,1629432,0
2014-07-08,35.116,35.437,34.956,35.339,1381008,0
2014-07-09,35.39,35.472,35.045,35.284,1462357,0
2014-07-10,35.275,35.773,35.25,35.683,1220337,0
2014-07-11,35.667,35.836,35.311,35.408,984692,0
2014-07-14,35.472,35.472,34.84,34.912,1245949,0
2014-07-15,34.904,35.25,34.868,35.045,950502,0
2014-07-16,35.177,35.275,34.849,35.25,1615187,0
2014-07-17,35.168,35.374,35.063,35.16,1504032,0
2014-07-18,35.356,35.552,35.25,35.543,1738849,0
2014-07-21,35.577,35.765,35.348,35.614,1211521,0
2014-07-22,35.675,35.915,35.552,35.692,1241690,0
2014-07-23,35.711,35.721,35.56,35.577,836073,0
2014-07-24,35.631,35.737,35.408,35.614,957246,0
2014-07-25,35.552,35.683,35.214,35.302,915989,0
2014-07-28,35.25,35.951,35.168,35.934,1248683,0
2014-07-29,35.941,36.012,35.321,35.488,1108652,0
2014-07-30,35.48,35.498,34.316,34.619,2721461,0
2014-07-31,34.193,34.724,34.122,34.13,2210308,0
2014-08-01,34.097,34.504,33.97,34.282,1304061,0
2014-08-04,34.265,34.29,33.439,34.042,3394918,0
2014-08-05,34.265,34.265,32.915,33.207,2974650,0
2014-08-06,32.993,33.003,32.532,32.826,3086706,0
2014-08-07,32.993,33.359,32.951,33.172,1591576,0
2014-08-08,33.27,33.855,33.27,33.846,1897712,0
2014-08-11,33.928,34.078,33.686,33.766,1260756,0
2014-08-12,33.686,34.015,33.671,33.91,1709582,0
2014-08-13,33.9,34.211,33.873,34.025,1513477,0
2014-08-14,34.113,34.335,34.059,34.29,1125273,0
2014-08-15,34.316,34.664,34.176,34.176,3661973,0
2014-08-18,34.227,34.815,34.185,34.556,2286526,0
2014-08-19,34.628,35.09,34.61,35.036,1295246,0
2014-08-20,34.885,35.099,34.833,35.009,1579918,0
2014-08-21,35.081,35.259,34.992,35.09,1131032,0
2014-08-22,35.045,35.232,34.815,35.072,1254372,0
2014-08-25,35.134,35.398,35.108,35.266,1335128,0
2014-08-26,35.321,35.398,34.575,34.584,1808362,0
2014-08-27,34.708,34.92,34.601,34.833,1457775,0
2014-08-28,34.797,35.266,34.717,35.242,1089151,0
2014-08-29,35.242,35.498,35.116,35.498,1064686,0
2014-09-02,35.445,35.577,34.789,34.92,1315261,0
2014-09-03,34.947,35.383,34.92,35.321,1354716,0
2014-09-04,35.206,35.383,35.063,35.266,1570747,0
2014-09-05,35.356,35.782,35.293,35.755,1996829,0
2014-09-08,35.755,35.828,35.316,35.433,1365665,0
2014-09-09,35.443,35.443,34.779,34.814,1634781,0
2014-09-10,34.761,35.002,34.634,34.796,2203432,0
2014-09-11,34.877,35.163,34.77,35.056,1284473,0
2014-09-12,34.931,34.931,34.187,34.286,1737712,0
2014-09-15,34.473,34.722,34.329,34.455,988616,0
2014-09-16,34.464,34.858,34.383,34.706,903174,0
2014-09-17,34.779,34.984,34.519,34.698,976755,0
2014-09-18,34.662,34.823,34.205,34.294,1152629,0
2014-09-19,34.421,34.751,34.249,34.643,2186415,0
2014-09-22,34.536,34.634,34.268,34.383,843553,0
2014-09-23,34.329,34.429,34.168,34.249,946857,0
2014-09-24,34.402,34.402,34.079,34.23,846780,0
2014-09-25,34.304,34.445,34.016,34.043,1063029,0
2014-09-26,33.999,34.187,33.65,34.051,815587,0
2014-09-29,33.97,34.329,33.855,34.286,1244152,0
2014-09-30,34.436,34.779,34.259,34.366,1393052,0
2014-10-01,34.356,34.904,34.356,34.5,1116226,0
2014-10-02,34.412,34.921,34.412,34.482,1045381,0
2014-10-03,34.662,34.931,34.294,34.868,1007277,0
2014-10-06,34.895,35.171,34.858,35.102,2629033,0
2014-10-07,35.065,35.568,35.038,35.226,1859799,0
2014-10-08,35.246,36.015,35.146,35.989,1743761,0
2014-10-09,35.926,36.213,34.993,35.002,2408665,0
2014-10-10,35.181,35.682,35.127,35.477,2395760,0
2014-10-13,35.452,36.418,35.452,35.891,2940635,0
2014-10-14,35.943,37.01,35.782,36.508,3152504,0
2014-10-15,36.12,36.455,35.171,35.953,2860483,0
2014-10-16,35.584,35.682,34.976,35.485,2472160,0
2014-10-17,35.639,35.682,34.993,35.568,1755638,0
2014-10-20,35.621,36.303,35.558,36.276,1679560,0
2014-10-21,36.303,36.455,36.114,36.294,1590713,0
2014-10-22,36.482,36.759,36.187,36.49,1253158,0
2014-10-23,36.716,37.01,36.473,36.768,1588576,0
2014-10-24,36.858,37.047,36.669,36.975,815327,0
2014-10-27,36.966,37.028,36.687,36.966,961351,0
2014-10-28,37.028,37.36,36.867,37.36,932982,0
2014-10-29,37.343,37.494,36.669,37.126,1163983,0
2014-10-30,37.207,38.202,37.073,38.177,2047996,0
2014-10-31,38.22,38.291,37.79,37.961,2096242,0
2014-11-03,38.05,38.804,37.924,38.588,1944645,0
2014-11-04,38.57,38.696,37.888,38.015,1227460,0
2014-11-05,38.157,38.939,38.069,38.912,2727109,0
2014-11-06,39.557,39.647,37.558,38.032,2305442,0
2014-11-07,38.032,38.867,37.943,38.83,1419122,0
2014-11-10,38.696,38.884,38.471,38.839,1519224,0
2014-11-11,38.875,39.037,38.626,38.83,1040960,0
2014-11-12,38.509,38.544,37.997,38.301,2239535,0
2014-11-13,38.257,38.544,37.888,38.006,1462585,0
2014-11-14,37.915,38.023,37.72,37.846,1693227,0
2014-11-17,37.798,38.649,37.798,38.608,1491727,0
2014-11-18,38.641,39.1,38.455,38.849,1861227,0
2014-11-19,38.659,38.75,38.347,38.588,1184825,0
2014-11-20,38.445,38.518,38.121,38.247,1395489,0
2014-11-21,38.608,38.669,38.032,38.4,1261647,0
2014-11-24,38.374,38.499,38.023,38.088,1183298,0
2014-11-25,38.167,38.167,37.71,38.006,1775304,0
2014-11-26,38.177,38.291,37.827,38.177,1221388,0
2014-11-28,38.382,38.939,38.291,38.649,683318,0
2014-12-01,38.426,39.037,38.177,38.732,1504482,0
2014-12-02,38.509,39.227,38.357,39.027,1410228,0
2014-12-03,38.983,39.386,38.867,39.316,1543311,0
2014-12-04,39.333,39.422,38.839,39.072,1747224,0
2014-12-05,38.776,39.117,38.391,38.813,1627094,0
2014-12-08,38.868,39.809,38.786,39.764,1838127,0
2014-12-09,39.646,39.961,39.329,39.709,1541352,0
2014-12-10,39.727,39.971,38.93,38.984,2289839,0
2014-12-11,39.391,39.663,38.994,39.247,1253855,0
2014-12-12,39.139,39.537,38.83,38.849,1220478,0
2014-12-15,38.949,39.193,38.271,38.432,1680037,0
2014-12-16,38.468,39.247,38.151,38.625,1748077,0
2014-12-17,38.705,39.909,38.705,39.881,2355638,0
2014-12-18,39.944,40.786,39.771,40.74,1900268,0
2014-12-19,40.749,41.24,40.659,40.839,3019694,0
2014-12-22,40.839,41.121,40.696,41.104,1878630,0
2014-12-23,41.258,41.59,40.996,41.3,1241130,0
2014-12-24,41.3,42.525,41.3,42.398,1362182,0
2014-12-26,42.497,43.248,42.497,42.995,2032119,0
2014-12-29,43.012,43.574,43.012,43.374,2241046,0
2014-12-30,43.23,43.248,42.469,42.678,1422647,0
2014-12-31,42.788,42.905,41.71,41.756,1493672,0
2015-01-02,41.9,41.972,41.174,41.628,2825036,0
2015-01-05,41.619,41.773,41.013,41.211,2802042,0
2015-01-06,41.31,41.926,40.668,40.73,3252602,0
2015-01-07,40.73,41.24,40.568,41.046,3196701,0
2015-01-08,41.4,41.528,41.156,41.193,1839437,0
2015-01-09,41.211,41.211,40.55,40.73,1275771,0
2015-01-12,40.759,40.878,40.406,40.568,1086478,0
2015-01-13,40.849,41.546,40.605,40.921,2068809,0
2015-01-14,40.805,41.374,40.706,41.3,1464712,0
2015-01-15,41.4,41.765,41.183,41.681,1489544,0
2015-01-16,41.7,42.152,41.456,42.125,1096596,0
2015-01-20,42.325,42.37,41.348,41.873,2250888,0
2015-01-21,41.756,42.118,41.392,42.053,1516351,0
2015-01-22,42.227,42.361,41.6,41.907,1381128,0
2015-01-23,42.034,42.344,41.9,41.936,1105071,0
2015-01-26,41.736,41.9,41.383,41.827,1489533,0
2015-01-27,41.71,42.243,41.655,41.827,1349282,0
2015-01-28,41.799,42.297,41.174,41.274,1507772,0
2015-01-29,41.33,42.189,41.201,42.099,1246069,0
2015-01-30,41.89,41.999,40.93,40.986,2092553,0
2015-02-02,41.201,41.33,40.515,41.104,1758404,0
2015-02-03,41.038,41.33,40.913,41.121,2468720,0
2015-02-04,40.913,41.164,40.244,40.351,2153073,0
2015-02-05,40.532,40.967,40.351,40.849,1625692,0
2015-02-06,40.632,40.632,38.625,38.822,2185017,0
2015-02-09,38.903,39.048,37.797,38.197,3505512,0
2015-02-10,38.261,39.274,38.19,39.231,2288895,0
2015-02-11,38.959,39.058,38.414,38.451,2066267,0
2015-02-12,38.451,38.723,38.089,38.616,2316494,0
2015-02-13,38.441,38.524,37.293,37.599,2398005,0
2015-02-17,37.527,38.271,37.237,37.718,2996951,0
2015-02-18,37.771,38.796,37.617,38.715,1885177,0
2015-02-19,38.776,38.959,38.261,38.477,1453722,0
2015-02-20,38.477,38.92,38.422,38.894,2967900,0
2015-02-23,38.858,39.095,38.625,39.029,2526156,0
2015-02-24,38.903,39.382,38.858,38.913,2822275,0
2015-02-25,39.129,40.035,38.894,39.039,3571612,0
2015-02-26,39.254,39.374,38.477,38.497,1797773,0
2015-02-27,38.557,38.567,38.224,38.387,2004377,0
2015-03-02,38.287,38.387,37.674,38.19,3269746,0
2015-03-03,38.279,38.279,37.68,38.19,1749882,0
2015-03-04,37.962,38.061,37.646,37.797,1854174,0
2015-03-05,37.944,38.371,37.908,38.16,1296695,0
2015-03-06,37.555,37.617,36.886,37.067,2624436,0
2015-03-09,37.304,37.715,37.038,37.595,2091870,0
2015-03-10,37.395,38.118,37.313,37.915,4419986,0
2015-03-11,37.897,37.998,37.157,37.239,3024386,0
2015-03-12,37.433,38.365,37.366,38.192,1771844,0
2015-03-13,38.053,38.246,37.139,38.246,1366836,0
2015-03-16,37.795,38.537,37.769,38.29,1502897,0
2015-03-17,38.254,38.713,38.118,38.246,1268071,0
2015-03-18,38.309,39.424,37.99,39.141,1654488,0
2015-03-19,39.031,39.397,38.427,38.623,1585256,0
2015-03-20,38.83,39.168,38.603,39.003,2295524,0
2015-03-23,39.003,39.225,38.739,38.775,1697033,0
2015-03-24,38.665,39.003,37.925,38.109,2433662,0
2015-03-25,38.162,38.464,37.878,37.907,2394398,0
2015-03-26,37.915,38.144,37.358,37.44,2184837,0
2015-03-27,37.57,37.972,37.44,37.845,1647050,0
2015-03-30,37.98,38.703,37.845,38.473,1438475,0
2015-03-31,38.473,39.041,38.317,38.583,2094572,0
2015-04-01,38.593,38.775,38.072,38.739,1294869,0
2015-04-02,38.675,38.921,38.554,38.665,1408179,0
2015-04-06,38.73,39.316,38.73,38.804,2229681,0
2015-04-07,38.795,38.795,38.192,38.217,2286833,0
2015-04-08,38.237,38.365,37.855,38.144,2092854,0
2015-04-09,38.053,38.2,37.734,38.082,1672276,0
2015-04-10,38.29,38.665,38.118,38.512,1043529,0
2015-04-13,38.401,38.574,37.998,38.007,1010172,0
2015-04-14,38.192,38.446,38.062,38.207,996937,0
2015-04-15,38.309,38.785,38.135,38.172,1568586,0
2015-04-16,38.053,38.153,37.623,37.778,1830728,0
2015-04-17,37.651,38.017,37.45,37.605,1311166,0
2015-04-20,37.715,38.593,37.715,38.082,1208499,0
2015-04-21,38.099,38.418,37.888,37.99,1635845,0
2015-04-22,38.109,38.29,37.878,38.109,1878304,0
2015-04-23,38.135,38.63,38.043,38.317,1291918,0
2015-04-24,38.3,39.069,38.182,38.693,896333,0
2015-04-27,39.069,39.168,38.29,38.327,2058841,0
2015-04-28,38.153,38.765,38.053,38.675,1295835,0
2015-04-29,38.3,38.593,38.082,38.254,1430272,0
2015-04-30,38.135,38.237,37.193,37.433,2193259,0
2015-05-01,37.532,37.769,37.185,37.671,1166136,0
2015-05-04,37.705,38.337,37.705,38.026,939953,0
2015-05-05,37.878,37.972,37.084,37.111,1545662,0
2015-05-06,37.075,37.295,36.436,36.91,1787198,0
2015-05-07,36.736,37.532,36.298,36.938,3808755,0
2015-05-08,37.366,37.671,36.711,36.928,2151588,0
2015-05-11,36.837,37.304,36.736,36.846,1981185,0
2015-05-12,36.6,36.864,36.426,36.81,1709439,0
2015-05-13,36.947,37.093,36.26,36.417,1232586,0
2015-05-14,36.634,36.864,36.508,36.81,1523132,0
2015-05-15,36.919,37.248,36.819,37.067,1044744,0
2015-05-18,36.884,37.414,36.884,37.286,1185807,0
2015-05-19,37.084,37.386,36.975,37.248,1197243,0
2015-05-20,37.258,37.679,37.176,37.414,1272574,0
2015-05-21,37.386,37.468,37.067,37.185,1264900,0
2015-05-22,37.167,37.295,36.819,37.167,813846,0
2015-05-26,37.185,37.185,36.581,36.864,1207730,0
2015-05-27,36.9,36.975,36.664,36.928,1193807,0
2015-05-28,36.938,37.103,36.691,36.975,1089494,0
2015-05-29,36.984,37.103,36.609,36.782,1300774,0
2015-06-01,36.801,37.019,36.644,36.773,1123594,0
2015-06-02,36.572,36.581,35.894,36.226,1620556,0
2015-06-03,36.122,36.298,35.529,35.941,1756313,0
2015-06-04,35.777,36.122,35.676,35.74,1253743,0
2015-06-05,35.338,35.419,34.999,35.082,1521271,0
2015-06-08,35.137,35.284,35.027,35.054,1197716,0
2015-06-09,35.017,35.284,34.962,34.998,1452562,0
2015-06-10,35.101,35.414,34.934,34.944,2370361,0
2015-06-11,35.164,35.452,35.109,35.394,1315309,0
2015-06-12,35.164,35.341,34.888,34.907,1104334,0
2015-06-15,34.888,35.092,34.738,34.869,1309382,0
2015-06-16,34.758,34.952,34.564,34.944,1366298,0
2015-06-17,34.944,35.313,34.84,35.202,1156488,0
2015-06-18,35.284,35.793,35.24,35.617,1249870,0
2015-06-19,35.617,35.821,35.35,35.359,1351583,0
2015-06-22,35.23,35.58,35.212,35.404,1215785,0
2015-06-23,35.303,35.433,34.888,34.898,1198452,0
2015-06-24,34.915,35.092,34.879,34.915,2018448,0
2015-06-25,35.092,35.109,34.657,34.666,1513132,0
2015-06-26,34.62,34.924,34.435,34.869,1072522,0
2015-06-29,34.859,35.313,34.675,34.695,1730298,0
2015-06-30,34.971,35.092,34.738,34.823,2203797,0
2015-07-01,34.888,35.128,34.703,35.101,1468228,0
2015-07-02,35.404,35.738,35.293,35.58,1451456,0
2015-07-06,35.498,35.72,35.275,35.636,1269344,0
2015-07-07,35.831,36.662,35.775,36.598,2059565,0
2015-07-08,36.413,36.671,36.182,36.302,1221519,0
2015-07-09,36.355,36.532,35.58,35.748,1284064,0
2015-07-10,35.738,36.348,35.59,36.062,1307219,0
2015-07-13,36.182,36.284,35.738,35.96,1202801,0
2015-07-14,35.988,36.153,35.801,35.913,1039952,0
2015-07-15,35.913,36.053,35.69,36.033,749856,0
2015-07-16,36.033,36.763,36.033,36.652,1168502,0
2015-07-17,36.495,36.68,36.302,36.403,1752264,0
2015-07-20,36.348,36.348,35.867,36.153,1061163,0
2015-07-21,36.09,36.153,35.58,35.767,888357,0
2015-07-22,35.793,36.08,35.682,35.729,1465845,0
2015-07-23,35.627,35.665,35.045,35.368,1518758,0
2015-07-24,35.404,35.682,35.24,35.608,1206481,0
2015-07-27,35.627,36.202,35.544,36.062,921901,0
2015-07-28,36.348,36.441,36.024,36.355,1974083,0
2015-07-29,36.292,36.671,36.053,36.642,1343311,0
2015-07-30,36.542,36.958,36.365,36.754,1445720,0
2015-07-31,37.077,38.204,36.763,37.966,2995641,0
2015-08-03,38.132,38.75,38.104,38.435,2484635,0
2015-08-04,38.298,38.344,37.827,37.9,1991827,0
2015-08-05,38.048,38.41,37.909,38.224,1423647,0
2015-08-06,38.244,38.575,37.881,38.529,1177048,0
2015-08-07,38.445,39.12,38.214,38.926,1058457,0
2015-08-10,38.936,39.185,38.555,38.647,1431761,0
2015-08-11,38.638,39.094,38.473,38.908,2340157,0
2015-08-12,39.008,39.481,38.677,39.416,3967100,0
2015-08-13,37.881,39.5,37.881,39.388,1826599,0
2015-08-14,39.295,39.574,39.102,39.5,2603397,0
2015-08-17,39.536,40.304,39.388,40.109,1924198,0
2015-08-18,39.96,40.165,39.74,39.924,2089753,0
2015-08-19,39.759,40.34,39.536,40.248,1902450,0
2015-08-20,39.998,40.525,39.916,40.026,1497981,0
2015-08-21,39.916,40.072,39.277,39.287,2381687,0
2015-08-24,37.817,38.798,37.412,37.594,3343158,0
2015-08-25,38.307,38.307,36.735,36.754,2975189,0
2015-08-26,37.236,37.569,36.652,37.475,3057209,0
2015-08-27,37.725,37.928,37.207,37.909,2648303,0
2015-08-28,37.984,38.086,37.438,37.957,1706708,0
2015-08-31,37.837,37.9,36.865,37.236,2783344,0
2015-09-01,36.403,36.93,35.941,36.153,2618765,0
2015-09-02,36.56,36.598,35.71,36.116,1903533,0
2015-09-03,36.134,36.422,36.08,36.274,1228554,0
2015-09-04,35.913,35.96,35.443,35.636,1700648,0
2015-09-08,36.14,36.436,35.94,36.412,1458504,0
2015-09-09,36.412,36.542,35.861,35.926,1797435,0
2015-09-10,35.768,36.346,35.636,35.897,1326796,0
2015-09-11,35.813,36.261,35.739,36.261,1576904,0
2015-09-14,36.281,36.634,36.232,36.412,1551318,0
2015-09-15,36.412,36.747,36.15,36.618,1477344,0
2015-09-16,36.634,37.121,36.532,37.075,1440840,0
2015-09-17,37.084,38.364,37.009,37.868,2812471,0
2015-09-18,37.578,38.046,37.514,37.71,3138714,0
2015-09-21,37.852,38.355,37.729,38.131,1824413,0
2015-09-22,37.852,38.102,37.748,37.832,1708047,0
2015-09-23,37.832,38.187,37.7,38.112,1201172,0
2015-09-24,38.018,38.476,37.766,38.345,1807938,0
2015-09-25,38.457,39.074,38.112,38.643,1837795,0
2015-09-28,38.662,39.055,38.523,38.804,1864008,0
2015-09-29,38.813,39.036,38.531,38.943,1456039,0
2015-09-30,39.139,39.504,38.886,39.484,1629575,0
2015-10-01,39.521,39.644,38.729,39.027,2110996,0
2015-10-02,39.419,39.531,38.906,39.531,1116681,0
2015-10-05,39.653,39.924,39.269,39.812,1227389,0
2015-10-06,39.737,39.859,39.307,39.521,982219,0
2015-10-07,39.644,39.709,39.297,39.429,1102054,0
2015-10-08,39.326,40.363,39.234,40.278,2109711,0
2015-10-09,40.288,40.39,39.96,40.278,2296736,0
2015-10-12,40.353,40.858,40.298,40.838,1537619,0
2015-10-13,40.736,40.914,40.466,40.774,2437940,0
2015-10-14,40.838,41.062,40.484,40.531,1615830,0
2015-10-15,40.727,41.156,40.531,41.042,993031,0
2015-10-16,41.26,41.512,41.018,41.194,1155540,0
2015-10-19,41.072,41.381,40.858,41.372,1385935,0
2015-10-20,41.242,41.585,41.072,41.399,1126432,0
2015-10-21,41.521,41.708,41.174,41.242,1010696,0
2015-10-22,41.315,41.672,41.278,41.568,1522734,0
2015-10-23,41.484,41.624,40.802,41.092,1395875,0
2015-10-26,41.156,41.502,40.838,41.484,1651414,0
2015-10-27,41.354,41.736,41.335,41.56,1421140,0
2015-10-28,41.512,41.765,40.642,41.13,1626898,0
2015-10-29,40.931,40.98,40.12,40.55,1980820,0
2015-10-30,40.709,40.96,40.484,40.802,1529479,0
2015-11-02,40.82,41.12,40.531,41.026,1531813,0
2015-11-03,40.878,41.072,40.68,40.98,1256869,0
2015-11-04,41.0,41.399,41.0,41.296,1138038,0
2015-11-05,41.242,41.53,41.042,41.12,1907380,0
2015-11-06,40.887,41.56,39.399,39.747,2617896,0
2015-11-09,39.56,40.382,39.12,40.298,2290712,0
2015-11-10,40.251,40.99,40.251,40.923,1755470,0
2015-11-11,41.009,41.475,40.99,41.305,1655695,0
2015-11-12,41.287,41.577,40.55,40.633,2212056,0
2015-11-13,40.755,41.184,40.176,40.288,2219443,0
2015-11-16,40.39,41.052,40.186,41.036,3238488,0
2015-11-17,40.931,41.408,39.924,40.036,3480859,0
2015-11-18,40.008,40.438,39.579,40.372,2554307,0
2015-11-19,40.558,41.018,40.513,40.82,2440822,0
2015-11-20,41.036,41.418,40.98,41.203,3150383,0
2015-11-23,41.13,41.26,40.41,40.484,1704512,0
2015-11-24,40.326,40.484,39.933,40.372,1557849,0
2015-11-25,40.39,40.513,40.213,40.317,1240006,0
2015-11-27,40.429,40.588,40.269,40.456,704201,0
2015-11-30,40.588,41.164,40.558,40.878,3162480,0
2015-12-01,41.102,41.184,40.588,40.94,2098974,0
2015-12-02,41.042,41.042,39.952,40.008,2064022,0
2015-12-03,39.831,39.998,39.214,39.467,3374409,0
2015-12-04,39.68,40.521,39.644,40.484,2902125,0
2015-12-07,40.376,40.584,40.188,40.536,1998283,0
2015-12-08,40.461,40.63,40.027,40.319,2479590,0
2015-12-09,40.111,40.564,39.97,40.168,2225768,0
2015-12-10,40.168,40.244,39.197,39.349,2086268,0
2015-12-11,39.168,39.697,38.989,39.358,1757865,0
2015-12-14,39.339,39.516,39.065,39.432,2273482,0
2015-12-15,39.621,39.877,39.442,39.565,1976553,0
2015-12-16,39.867,40.678,39.658,40.564,1901608,0
2015-12-17,40.621,41.565,40.564,41.536,3317612,0
2015-12-18,41.309,41.367,40.574,40.753,3701770,0
2015-12-21,40.828,41.063,40.244,40.433,1562819,0
2015-12-22,40.546,40.837,40.036,40.753,1612112,0
2015-12-23,40.904,41.461,40.886,41.367,1187352,0
2015-12-24,41.28,41.33,41.122,41.206,366541,0
2015-12-28,41.142,41.556,41.103,41.546,944518,0
2015-12-29,41.649,41.922,41.526,41.621,1135479,0
2015-12-30,41.677,41.857,41.433,41.508,1053981,0
2015-12-31,41.461,41.508,40.489,40.781,2205322,0
2016-01-04,40.687,40.772,40.168,40.594,2824359,0
2016-01-05,40.584,41.122,39.951,41.073,2433613,0
2016-01-06,40.791,41.442,40.707,41.339,2093045,0
2016-01-07,41.009,41.578,40.94,41.367,3381774,0
2016-01-08,41.395,41.556,40.97,41.043,2267702,0
2016-01-11,41.073,41.367,40.95,41.053,2372382,0
2016-01-12,41.166,41.166,40.546,40.923,1905016,0
2016-01-13,41.073,41.268,40.611,40.697,2399188,0
2016-01-14,40.621,41.479,40.433,41.235,1583626,0
2016-01-15,40.678,41.221,40.48,41.043,2130748,0
2016-01-19,41.508,41.508,40.697,40.99,4256809,0
2016-01-20,40.931,41.037,39.149,39.932,3922198,0
2016-01-21,39.932,40.106,39.394,39.744,2234017,0
2016-01-22,39.951,40.579,39.716,40.516,1984578,0
2016-01-25,40.621,40.649,40.129,40.254,1890714,0
2016-01-26,40.337,40.96,40.14,40.337,1719029,0
2016-01-27,40.357,40.996,40.131,40.753,1962563,0
2016-01-28,40.697,41.602,40.329,41.367,1629650,0
2016-01-29,41.79,42.422,41.583,42.376,2546827,0
2016-02-01,42.197,43.216,42.158,43.074,1954015,0
2016-02-02,42.95,43.867,42.763,43.754,2779561,0
2016-02-03,44.121,45.187,44.083,44.648,4786727,0
2016-02-04,44.489,44.706,43.64,43.895,3214050,0
2016-02-05,43.564,44.092,42.96,43.857,3150166,0
2016-02-08,43.98,44.283,42.969,43.555,2522412,0
2016-02-09,43.329,43.867,43.244,43.47,2422612,0
2016-02-10,43.423,43.839,42.773,43.582,2699914,0
2016-02-11,43.546,43.8,42.768,42.8,1646098,0
2016-02-12,42.743,43.121,42.3,42.686,1202255,0
2016-02-16,42.753,43.036,42.366,42.999,2300714,0
2016-02-17,42.969,42.989,42.63,42.743,1738481,0
2016-02-18,42.686,43.951,42.602,43.66,4127666,0
2016-02-19,43.216,44.045,42.545,43.018,4414028,0
2016-02-22,42.979,43.734,42.886,43.612,2539549,0
2016-02-23,43.338,43.989,43.168,43.885,1651124,0
2016-02-24,43.895,44.866,43.695,44.791,3010909,0
2016-02-25,44.961,45.489,44.838,45.405,2235268,0
2016-02-26,45.131,45.187,43.838,43.857,2825871,0
2016-02-29,43.772,44.753,43.686,44.292,2767142,0
2016-03-01,44.517,44.848,43.895,44.273,2031220,0
2016-03-02,43.989,44.318,42.979,44.3,2170498,0
2016-03-03,44.318,44.337,43.612,44.337,1580101,0
2016-03-04,44.131,44.903,43.885,44.668,1967755,0
2016-03-07,44.578,45.158,44.454,44.864,1534797,0
2016-03-08,44.882,45.587,44.682,45.549,1820134,0
2016-03-09,45.501,46.077,45.473,45.949,1391138,0
2016-03-10,45.881,46.025,45.111,45.634,3130961,0
2016-03-11,45.663,46.168,45.567,45.901,1752456,0
2016-03-14,45.701,46.082,45.587,45.995,1444251,0
2016-03-15,45.871,46.195,45.653,45.861,1751532,0
2016-03-16,45.747,46.244,45.254,46.1,1837036,0
2016-03-17,45.995,46.667,45.911,46.548,1652639,0
2016-03-18,46.672,47.045,46.09,46.624,3057826,0
2016-03-21,46.538,46.723,45.844,46.434,1352866,0
2016-03-22,46.501,46.767,46.186,46.52,1803921,0
2016-03-23,46.424,46.806,46.177,46.634,1590799,0
2016-03-24,46.472,46.906,46.373,46.881,1239566,0
2016-03-28,47.109,47.272,46.566,46.833,877603,0
2016-03-29,46.833,47.5,46.787,47.49,1426788,0
2016-03-30,47.5,47.5,47.015,47.357,1703977,0
2016-03-31,47.328,47.748,46.976,47.691,2661098,0
2016-04-01,47.691,48.147,47.357,48.109,1487480,0
2016-04-04,48.138,48.604,47.948,48.385,2778523,0
2016-04-05,48.3,48.347,47.099,47.139,2428041,0
2016-04-06,47.08,47.195,46.748,47.168,1378767,0
2016-04-07,46.911,47.357,46.652,46.796,2092281,0
2016-04-08,47.025,48.547,46.358,46.434,5222534,0
2016-04-11,46.51,46.767,46.205,46.338,2380442,0
2016-04-12,46.434,46.51,46.09,46.368,1884302,0
2016-04-13,46.452,46.452,45.811,45.975,1526474,0
2016-04-14,45.871,46.177,45.747,46.025,1025296,0
2016-04-15,46.186,46.482,45.939,46.387,1109885,0
2016-04-18,46.395,46.757,46.177,46.72,1331149,0
2016-04-19,46.738,46.901,46.434,46.757,1276592,0
2016-04-20,46.672,46.824,45.254,45.301,1510150,0
2016-04-21,45.195,45.273,44.063,44.235,1494887,0
2016-04-22,44.378,44.702,44.16,44.311,1568565,0
2016-04-25,44.245,44.711,44.169,44.711,2311004,0
2016-04-26,44.767,44.921,44.388,44.558,1829170,0
2016-04-27,44.702,45.195,44.329,44.987,1954333,0
2016-04-28,44.568,45.424,44.311,45.397,1607444,0
2016-04-29,45.168,45.747,44.816,45.692,2219437,0
2016-05-02,45.738,46.214,45.498,45.826,1991984,0
2016-05-03,45.871,46.405,45.871,46.214,1670167,0
2016-05-04,46.139,46.852,45.921,46.387,2622625,0
2016-05-05,46.301,46.901,46.1,46.529,1765542,0
2016-05-06,46.482,46.482,45.52,45.871,1679905,0
2016-05-09,45.958,46.214,45.738,46.1,1515932,0
2016-05-10,46.186,46.51,46.072,46.319,1437634,0
2016-05-11,46.291,46.643,45.634,45.834,3462854,0
2016-05-12,45.797,46.424,45.073,45.807,4048825,0
2016-05-13,45.807,46.005,45.292,45.757,1659152,0
2016-05-16,45.634,45.852,45.324,45.597,1657763,0
2016-05-17,45.501,45.648,44.739,45.044,2948073,0
2016-05-18,44.835,45.407,44.349,44.568,3431284,0
2016-05-19,44.425,45.091,44.072,45.073,2269648,0
2016-05-20,45.205,45.319,44.597,44.968,2999987,0
2016-05-23,45.015,45.082,44.406,44.444,1500291,0
2016-05-24,44.492,45.035,44.473,44.968,916079,0
2016-05-25,44.806,45.044,44.606,44.845,1209349,0
2016-05-26,44.825,45.826,44.825,45.529,1815279,0
2016-05-27,45.483,45.811,45.329,45.797,1315115,0
2016-05-31,45.881,47.347,45.663,47.168,7383799,0
2016-06-01,47.025,47.233,46.801,47.053,3065550,0
2016-06-02,46.891,47.015,46.348,46.738,2532083,0
2016-06-03,47.195,47.833,47.119,47.596,2036650,0
2016-06-06,47.494,47.792,47.302,47.562,2010270,0
2016-06-07,47.485,47.926,47.379,47.504,1846408,0
2016-06-08,47.513,47.715,47.321,47.697,842689,0
2016-06-09,47.715,48.906,47.715,48.857,2042690,0
2016-06-10,48.714,48.982,48.521,48.925,1780317,0
2016-06-13,48.925,49.088,48.695,48.732,1395746,0
2016-06-14,48.531,49.342,48.436,49.261,2286062,0
2016-06-15,49.309,49.309,48.598,48.876,1477591,0
2016-06-16,48.886,49.309,48.839,49.155,1161629,0
2016-06-17,48.982,49.261,48.646,49.222,1653207,0
2016-06-20,49.346,49.501,48.766,49.3,1912531,0
2016-06-21,49.212,49.54,48.956,49.319,1046168,0
2016-06-22,49.376,49.424,49.089,49.212,1097031,0
2016-06-23,49.212,49.444,49.011,49.444,1078655,0
2016-06-24,49.674,50.22,48.82,49.721,2225306,0
2016-06-27,49.665,50.509,49.444,50.22,2027937,0
2016-06-28,50.49,50.49,49.741,50.193,1952953,0
2016-06-29,50.183,50.589,50.039,50.404,1841433,0
2016-06-30,50.537,51.44,50.374,51.44,2490157,0
2016-07-01,51.622,51.775,51.037,51.604,1581476,0
2016-07-05,51.604,51.92,51.46,51.613,3428091,0
2016-07-06,51.613,51.756,50.971,51.622,2490006,0
2016-07-07,51.488,51.488,50.374,50.547,2753207,0
2016-07-08,50.327,51.056,49.904,51.027,1856888,0
2016-07-11,50.816,50.971,50.289,50.826,1749971,0
2016-07-12,50.413,50.74,50.22,50.365,1952260,0
2016-07-13,50.625,50.796,50.49,50.768,1209119,0
2016-07-14,50.461,50.595,48.627,50.154,1316488,0
2016-07-15,50.249,50.509,50.193,50.413,1252786,0
2016-07-18,50.423,50.625,50.355,50.413,1039647,0
2016-07-19,50.566,50.595,50.049,50.249,1057210,0
2016-07-20,50.249,50.279,49.919,50.124,861850,0
2016-07-21,49.962,50.193,49.611,50.154,2277565,0
2016-07-22,50.154,50.855,50.154,50.76,1783264,0
2016-07-25,50.721,50.826,50.327,50.595,806040,0
2016-07-26,50.74,50.74,49.875,50.134,1246370,0
2016-07-27,49.98,50.164,49.212,49.702,1600874,0
2016-07-28,49.712,50.124,49.568,50.068,962571,0
2016-07-29,50.088,50.556,50.0,50.345,1256993,0
2016-08-01,50.336,50.485,50.154,50.423,1557847,0
2016-08-02,49.894,50.327,49.818,50.088,1062721,0
2016-08-03,50.0,50.049,49.319,49.587,1845222,0
2016-08-04,49.645,50.105,49.559,49.77,1535503,0
2016-08-05,49.904,50.164,48.839,48.964,2021424,0
2016-08-08,49.06,49.453,48.834,48.906,1332912,0
2016-08-09,48.83,49.194,48.695,48.906,950513,0
2016-08-10,49.02,49.175,48.834,48.982,1014358,0
2016-08-11,48.982,49.117,48.686,48.982,911576,0
2016-08-12,49.185,49.434,48.992,49.011,1208580,0
2016-08-15,48.964,49.165,48.368,48.397,1018151,0
2016-08-16,48.262,48.301,47.812,47.83,1798370,0
2016-08-17,47.754,48.81,47.37,48.686,2088240,0
2016-08-18,48.686,49.3,48.636,49.3,1538982,0
2016-08-19,49.194,49.212,48.252,48.551,1428577,0
2016-08-22,48.676,48.866,48.561,48.627,1337422,0
2016-08-23,48.714,49.04,48.406,48.406,855072,0
2016-08-24,48.282,48.473,47.95,48.31,1615666,0
2016-08-25,48.368,48.561,48.301,48.426,970360,0
2016-08-26,48.473,48.719,47.389,47.427,1455917,0
2016-08-29,47.532,47.926,47.532,47.782,1534269,0
2016-08-30,47.763,48.041,47.284,47.331,1015305,0
2016-08-31,47.36,47.542,47.187,47.446,1509705,0
2016-09-01,47.427,47.523,47.12,47.187,1347462,0
2016-09-02,47.187,47.687,47.062,47.677,1977593,0
2016-09-06,47.952,48.388,47.72,48.262,1324357,0
2016-09-07,48.214,48.475,48.011,48.438,1109166,0
2016-09-08,48.321,48.65,48.049,48.272,1517629,0
2016-09-09,47.876,47.943,46.51,46.539,1988241,0
2016-09-12,46.559,47.381,46.481,47.314,1874199,0
2016-09-13,47.188,47.216,46.278,46.577,1831909,0
2016-09-14,46.703,47.188,46.559,46.954,1338085,0
2016-09-15,46.858,47.256,46.693,47.11,1578467,0
2016-09-16,47.004,47.886,46.713,47.817,2104979,0
2016-09-19,47.924,48.466,47.798,48.456,1902433,0
2016-09-20,48.63,49.077,48.504,48.514,1439911,0
2016-09-21,48.466,49.574,48.438,49.522,1654955,0
2016-09-22,49.714,49.84,49.25,49.783,1315354,0
2016-09-23,49.598,50.219,49.376,50.064,1627807,0
2016-09-26,50.054,50.121,49.668,49.85,1202267,0
2016-09-27,50.121,50.267,48.872,48.96,1592133,0
2016-09-28,49.125,49.203,48.2,48.766,2104391,0
2016-09-29,48.524,48.62,47.73,48.031,1540264,0
2016-09-30,48.156,48.369,47.352,47.623,2078615,0
2016-10-03,47.42,47.527,46.656,47.09,1618779,0
2016-10-04,46.974,46.984,45.542,45.88,3470713,0
2016-10-05,46.006,46.433,45.784,46.2,4207758,0
2016-10-06,45.967,46.316,45.716,46.084,1270498,0
2016-10-07,46.461,46.801,45.87,45.93,1520495,0
2016-10-10,45.996,46.278,45.91,46.19,1396485,0
2016-10-11,45.996,46.181,45.372,45.397,1491423,0
2016-10-12,45.474,46.204,45.358,46.084,2105160,0
2016-10-13,46.132,46.888,46.036,46.52,1860080,0
2016-10-14,46.307,46.772,46.162,46.51,1712405,0
2016-10-17,46.703,46.858,46.365,46.656,1063927,0
2016-10-18,46.918,47.401,46.442,47.362,1111224,0
2016-10-19,47.246,47.343,46.954,47.16,1261803,0
2016-10-20,47.16,47.44,46.964,47.08,782767,0
2016-10-21,46.829,47.09,46.636,46.936,1104033,0
2016-10-24,47.178,47.381,46.796,47.11,1030000,0
2016-10-25,46.944,47.487,46.878,47.479,1327652,0
2016-10-26,47.449,47.662,47.1,47.546,718981,0
2016-10-27,47.343,47.536,46.918,47.197,1151405,0
2016-10-28,47.275,47.682,47.16,47.323,2002627,0
2016-10-31,47.595,48.66,47.42,48.369,1517677,0
2016-11-01,48.378,48.378,47.566,47.614,1427191,0
2016-11-02,47.546,47.546,46.713,47.11,1335773,0
2016-11-03,47.004,47.687,46.829,47.517,1578577,0
2016-11-04,48.369,48.68,47.71,47.798,1789632,0
2016-11-07,48.175,49.216,47.817,49.203,1837941,0
2016-11-08,49.319,49.826,49.153,49.588,1446212,0
2016-11-09,48.224,48.408,47.42,47.497,1967719,0
2016-11-10,47.168,47.168,45.784,46.287,2397924,0
2016-11-11,46.287,46.918,46.103,46.258,2232437,0
2016-11-14,45.986,47.13,45.484,47.08,3634177,0
2016-11-15,47.333,47.904,47.11,47.71,2194095,0
2016-11-16,47.798,47.952,46.665,46.936,1696166,0
2016-11-17,46.829,47.266,46.762,46.974,1486652,0
2016-11-18,46.898,47.275,46.752,46.944,1264428,0
2016-11-21,46.994,47.566,46.936,47.294,895313,0
2016-11-22,47.372,47.962,47.226,47.866,1592851,0
2016-11-23,47.304,47.876,47.285,47.517,1392331,0
2016-11-25,47.662,48.504,47.585,48.408,636716,0
2016-11-28,48.564,49.588,48.544,49.462,1883753,0
2016-11-29,49.203,49.742,49.077,49.319,1549470,0
2016-11-30,47.904,48.741,47.566,47.566,2027050,0
2016-12-01,47.304,47.449,46.792,47.362,1512486,0
2016-12-02,47.662,48.408,47.662,48.088,1807090,0
2016-12-05,47.961,48.049,47.297,48.03,1356110,0
2016-12-06,48.186,48.431,47.991,48.205,1663230,0
2016-12-07,48.441,49.036,48.284,48.732,2088921,0
2016-12-08,48.254,48.822,47.678,48.675,1291472,0
2016-12-09,48.675,49.564,48.606,49.564,2856598,0
2016-12-12,49.407,50.218,49.193,50.16,1866619,0
2016-12-13,50.189,50.741,49.983,50.726,1569424,0
2016-12-14,50.834,51.156,49.475,49.535,1380710,0
2016-12-15,49.417,50.052,49.203,49.926,1084454,0
2016-12-16,49.955,50.657,49.955,50.413,1895960,0
2016-12-19,50.746,50.971,50.277,50.697,981185,0
2016-12-20,50.726,51.146,50.531,50.99,939906,0
2016-12-21,50.971,51.323,50.736,50.756,851240,0
2016-12-22,50.775,51.239,50.482,51.205,987751,0
2016-12-23,51.293,51.43,51.049,51.244,611691,0
2016-12-27,51.225,51.547,51.029,51.351,647816,0
2016-12-28,51.371,51.371,50.55,50.629,619867,0
2016-12-29,51.068,51.488,50.766,51.351,944514,0
2016-12-30,51.283,51.664,51.049,51.253,973476,0
2017-01-03,51.38,51.38,50.739,51.176,1133250,0
2017-01-04,51.244,51.704,51.029,51.234,1140523,0
2017-01-05,51.244,51.547,50.717,51.488,2309254,0
2017-01-06,51.263,52.167,51.205,51.879,1928127,0
2017-01-09,51.908,51.992,50.707,50.794,1625629,0
2017-01-10,50.853,51.244,50.472,50.775,1317373,0
2017-01-11,50.707,51.234,50.697,51.0,1714257,0
2017-01-12,50.99,51.186,50.619,50.766,1504790,0
2017-01-13,50.707,50.893,50.509,50.775,926863,0
2017-01-17,50.863,51.39,50.814,51.342,1077163,0
2017-01-18,51.186,51.45,51.039,51.156,901341,0
2017-01-19,50.971,51.117,50.458,50.619,937242,0
2017-01-20,50.717,51.195,50.59,50.853,825057,0
2017-01-23,50.961,51.195,50.736,50.784,681020,0
2017-01-24,50.717,51.039,50.599,50.863,1156445,0
2017-01-25,50.648,50.873,50.423,50.707,997328,0
2017-01-26,50.726,51.078,50.531,50.883,1087034,0
2017-01-27,51.039,51.098,50.482,50.629,664902,0
2017-01-30,50.814,50.814,50.17,50.492,606857,0
2017-01-31,50.531,51.45,50.453,51.44,1494498,0
2017-02-01,51.039,51.43,50.424,50.56,1102199,0
2017-02-02,50.667,51.41,50.502,51.38,1057211,0
2017-02-03,51.567,51.751,51.332,51.478,637980,0
2017-02-06,51.654,51.761,51.323,51.44,895304,0
2017-02-07,51.527,51.664,51.351,51.469,557110,0
2017-02-08,51.597,52.016,51.557,51.898,965515,0
2017-02-09,51.841,52.095,51.263,51.684,1291232,0
2017-02-10,51.507,51.831,51.371,51.714,1085453,0
2017-02-13,51.714,51.981,51.43,51.831,1437244,0
2017-02-14,51.694,51.694,51.058,51.44,1450126,0
2017-02-15,50.941,51.38,50.619,51.332,2261469,0
2017-02-16,50.814,51.859,50.804,51.724,2301111,0
2017-02-17,51.879,52.25,51.684,52.143,1890225,0
2017-02-21,51.996,52.729,51.879,52.651,1496178,0
2017-02-22,52.592,52.851,52.27,52.729,1172765,0
2017-02-23,52.983,53.022,52.455,52.827,1490347,0
2017-02-24,52.895,53.345,52.788,53.325,2158377,0
2017-02-27,53.296,53.335,52.641,53.042,1654103,0
2017-02-28,52.915,53.569,52.856,53.432,2731362,0
2017-03-01,52.788,53.799,52.631,53.501,1714274,0
2017-03-02,53.276,54.234,53.149,53.853,927688,0
2017-03-03,53.863,53.95,53.178,53.628,944998,0
2017-03-06,53.589,53.892,53.403,53.628,1165569,0
2017-03-07,53.599,53.706,53.452,53.559,1028841,0
2017-03-08,53.032,53.238,52.729,52.875,1087162,0
2017-03-09,53.012,53.276,52.865,52.875,1318278,0
2017-03-10,53.171,53.407,52.679,53.083,1919881,0
2017-03-13,53.033,53.437,52.955,53.378,1578305,0
2017-03-14,53.359,53.487,53.093,53.211,1711039,0
2017-03-15,53.417,54.196,53.324,53.969,1429177,0
2017-03-16,53.654,53.802,53.309,53.535,1409414,0
2017-03-17,53.615,54.452,53.565,54.225,2381813,0
2017-03-20,54.235,54.402,53.703,53.871,1401030,0
2017-03-21,53.792,54.776,53.792,54.658,1398229,0
2017-03-22,54.904,55.358,54.718,55.2,1803623,0
2017-03-23,55.023,55.653,54.974,55.21,1953707,0
2017-03-24,55.19,55.58,55.023,55.348,1158865,0
2017-03-27,55.575,55.723,55.132,55.21,1099806,0
2017-03-28,55.102,55.594,54.068,54.482,5143795,0
2017-03-29,54.373,54.52,54.008,54.304,2027189,0
2017-03-30,54.136,54.166,53.664,53.871,1330142,0
2017-03-31,53.743,54.082,53.683,53.772,2137259,0
2017-04-03,53.703,53.772,53.329,53.752,1450420,0
2017-04-04,53.811,54.216,53.668,53.9,992634,0
2017-04-05,53.792,54.264,53.575,54.225,2057568,0
2017-04-06,54.216,54.334,53.777,53.89,2314977,0
2017-04-07,54.008,54.136,53.654,53.703,1898519,0
2017-04-10,53.733,53.94,53.378,53.89,1174286,0
2017-04-11,53.683,54.038,53.477,53.969,1545872,0
2017-04-12,53.88,54.585,53.743,54.56,2277196,0
2017-04-13,54.53,54.53,53.91,54.166,1914451,0
2017-04-17,54.344,54.658,54.107,54.6,2105346,0
2017-04-18,54.638,54.826,54.363,54.51,1157474,0
2017-04-19,54.422,54.58,53.89,54.068,1062134,0
2017-04-20,53.496,54.048,53.221,53.723,2482804,0
2017-04-21,53.703,54.397,53.644,54.264,1281839,0
2017-04-24,54.432,54.841,53.959,54.6,1421164,0
2017-04-25,54.373,54.55,54.048,54.254,1834160,0
2017-04-26,54.117,54.683,54.008,54.334,1821654,0
2017-04-27,54.264,54.56,54.149,54.206,1264453,0
2017-04-28,54.166,54.284,53.664,53.871,1119552,0
2017-05-01,53.969,53.989,53.259,53.457,1104983,0
2017-05-02,53.634,53.811,53.131,53.437,1865051,0
2017-05-03,53.417,53.871,53.359,53.427,1616673,0
2017-05-04,53.555,54.028,52.915,53.989,1491886,0
2017-05-05,54.126,54.294,53.89,53.959,1229038,0
2017-05-08,53.979,54.126,53.624,53.811,889148,0
2017-05-09,53.811,53.866,53.329,53.397,951385,0
2017-05-10,53.427,53.733,53.339,53.634,1041042,0
2017-05-11,53.496,53.634,53.058,53.634,1238997,0
2017-05-12,53.654,54.264,53.654,54.107,1336353,0
2017-05-15,54.038,54.373,53.969,54.344,1097337,0
2017-05-16,54.274,54.492,53.782,53.841,1676591,0
2017-05-17,53.959,54.156,53.595,53.615,2421529,0
2017-05-18,53.821,54.52,53.403,54.472,3280178,0
2017-05-19,54.452,55.042,54.028,54.767,2011305,0
2017-05-22,54.648,55.683,54.648,55.575,2645388,0
2017-05-23,55.663,56.235,55.52,55.614,2474428,0
2017-05-24,55.476,55.653,55.082,55.299,3429614,0
2017-05-25,54.885,55.392,54.382,55.21,2198322,0
2017-05-26,55.151,55.368,55.042,55.309,1206313,0
2017-05-30,55.328,55.723,55.033,55.614,1208009,0
2017-05-31,55.723,56.107,55.723,55.899,2117811,0
2017-06-01,55.899,56.037,55.575,55.949,2631523,0
2017-06-02,56.175,56.353,55.703,56.313,1531237,0
2017-06-05,56.265,56.303,56.017,56.027,836100,0
2017-06-06,56.145,56.353,55.919,55.969,1107816,0
2017-06-07,56.117,56.283,55.924,56.037,1382705,0
2017-06-08,55.909,56.008,55.033,55.506,1384272,0
2017-06-09,55.289,55.575,55.18,55.447,1187280,0
2017-06-12,55.605,55.764,55.109,55.725,1474430,0
2017-06-13,55.605,55.933,55.407,55.883,1032332,0
2017-06-14,56.261,56.489,55.809,56.003,761022,0
2017-06-15,56.003,56.221,55.824,56.072,1923555,0
2017-06-16,56.102,56.668,56.102,56.668,1815289,0
2017-06-19,56.727,56.727,56.195,56.38,817095,0
2017-06-20,56.429,56.688,56.271,56.678,1095121,0
2017-06-21,56.658,56.747,55.744,56.062,1145139,0
2017-06-22,56.003,56.112,55.834,55.864,847162,0
2017-06-23,55.864,56.042,55.437,55.536,980404,0
2017-06-26,55.317,56.231,55.278,56.022,1393214,0
2017-06-27,55.784,56.082,55.298,55.486,2090799,0
2017-06-28,55.705,55.903,54.866,54.93,1090723,0
2017-06-29,54.503,54.603,54.086,54.305,1579164,0
2017-06-30,54.335,54.563,53.987,54.275,1958934,0
2017-07-03,54.454,54.523,53.739,53.739,805849,0
2017-07-05,53.729,53.808,53.163,53.471,1486236,0
2017-07-06,53.312,53.431,53.153,53.362,1090439,0
2017-07-07,53.382,53.987,53.342,53.749,1143050,0
2017-07-10,53.799,54.017,53.511,53.56,1691874,0
2017-07-11,53.62,53.65,53.203,53.421,868736,0
2017-07-12,53.908,54.126,53.759,54.007,1153863,0
2017-07-13,53.977,53.977,53.401,53.699,1441541,0
2017-07-14,54.086,54.235,53.838,54.037,725694,0
2017-07-17,54.077,54.613,53.789,54.493,2829603,0
2017-07-18,54.543,55.139,54.419,54.96,2229527,0
2017-07-19,55.03,55.278,54.821,55.258,1142525,0
2017-07-20,55.456,55.883,55.248,55.734,1190237,0
2017-07-21,55.685,56.166,55.645,56.122,1252918,0
2017-07-24,56.112,56.261,55.397,55.516,1236717,0
2017-07-25,55.566,55.576,55.193,55.397,919408,0
2017-07-26,55.367,55.993,55.258,55.933,711576,0
2017-07-27,55.784,55.973,55.452,55.864,1100151,0
2017-07-28,55.943,55.943,55.566,55.754,721513,0
2017-07-31,55.754,55.966,55.615,55.695,1196821,0
2017-08-01,55.794,56.261,55.754,56.122,1288690,0
2017-08-02,55.953,56.405,55.794,56.32,910985,0
2017-08-03,56.141,56.588,55.993,56.588,1622894,0
2017-08-04,56.588,57.234,55.851,57.085,1316547,0
2017-08-07,57.154,57.73,57.134,57.521,2418161,0
2017-08-08,57.432,58.326,57.412,58.008,1669823,0
2017-08-09,58.147,58.197,57.432,57.66,1895108,0
2017-08-10,57.68,58.187,57.422,58.117,1411810,0
2017-08-11,58.028,58.067,57.363,57.531,1114470,0
2017-08-14,57.71,58.097,57.492,58.028,903460,0
2017-08-15,57.809,58.405,57.809,58.405,1186721,0
2017-08-16,58.385,58.743,58.256,58.713,1096807,0
2017-08-17,58.693,58.901,58.415,58.484,1358537,0
2017-08-18,58.385,59.318,58.138,58.782,1771791,0
2017-08-21,58.882,58.931,58.633,58.832,1303374,0
2017-08-22,58.802,59.557,58.703,59.477,1749146,0
2017-08-23,59.438,59.825,59.338,59.815,1005748,0
2017-08-24,59.765,59.974,59.606,59.825,743672,0
2017-08-25,60.043,60.142,59.825,59.934,1097045,0
2017-08-28,60.123,60.222,59.854,60.132,592717,0
2017-08-29,60.212,60.351,59.954,59.984,848833,0
2017-08-30,59.904,60.083,59.706,59.864,717417,0
2017-08-31,59.864,60.113,59.438,59.557,2043818,0
2017-09-01,59.735,59.933,59.125,59.368,1186481,0
2017-09-05,59.408,59.567,59.199,59.428,1183491,0
2017-09-06,59.537,59.567,58.971,59.04,1468921,0
2017-09-07,59.09,59.477,58.882,59.447,1371373,0
2017-09-08,59.507,59.845,59.11,59.656,926888,0
2017-09-11,59.686,60.47,59.577,60.47,1203469,0
2017-09-12,60.28,60.305,59.23,59.45,1794982,0
2017-09-13,59.3,59.3,58.6401,58.89,2736343,0
2017-09-14,58.81,59.56,58.59,59.56,1650259,0
2017-09-15,59.85,60.06,59.39,59.81,2251573,0
2017-09-18,59.85,59.85,58.8,59.25,1027408,0
2017-09-19,59.35,59.37,58.99,59.25,1607869,0
2017-09-20,59.33,59.535,58.47,58.74,1385038,0
2017-09-21,58.82,59.18,58.63,58.81,670998,0
2017-09-22,59.04,59.04,58.34,58.51,1123570,0
2017-09-25,58.58,59.78,58.55,59.38,2353460,0
2017-09-26,59.25,59.39,58.89,59.14,1367035,0
2017-09-27,58.66,58.92,57.8,57.92,2112379,0
2017-09-28,57.76,58.68,57.56,58.36,1855628,0
2017-09-29,58.16,58.46,57.78,57.84,1838753,0
2017-10-02,58.14,58.62,57.93,58.39,1383023,0
2017-10-03,58.35,58.35,57.67,57.93,1154959,0
2017-10-04,57.98,58.61,57.87,58.55,1189481,0
2017-10-05,58.54,58.87,58.3202,58.84,1447587,0
2017-10-06,58.55,58.9,58.37,58.78,1178690,0
2017-10-09,58.88,59.15,58.8,59.15,892586,0
2017-10-10,59.27,59.89,59.04,59.86,1555493,0
2017-10-11,59.82,60.24,59.55,59.78,1362498,0
2017-10-12,59.79,60.385,59.66,60.34,1298346,0
2017-10-13,60.49,60.74,60.04,60.41,1159327,0
2017-10-16,60.3,61.04,60.13,60.64,1575079,0
2017-10-17,60.42,61.04,60.42,60.95,1130398,0
2017-10-18,60.805,61.105,60.685,61.01,882158,0
2017-10-19,61.02,61.57,61.02,61.56,832397,0
2017-10-20,61.49,61.74,61.22,61.56,896051,0
2017-10-23,61.69,61.755,61.39,61.72,923876,0
2017-10-24,61.61,61.82,61.41,61.73,833759,0
2017-10-25,61.5,61.71,60.52,61.1,1736077,0
2017-10-26,61.5,61.96,61.23,61.38,1297968,0
2017-10-27,61.38,61.805,61.17,61.8,968211,0
2017-10-30,61.8,62.0,61.58,61.83,688874,0
2017-10-31,61.71,62.14,61.63,61.99,1127701,0
2017-11-01,61.98,62.04,61.48,61.8,1253938,0
2017-11-02,61.89,62.49,61.75,62.32,2550218,0
2017-11-03,61.58,62.83,61.49,62.19,1978957,0
2017-11-06,62.41,62.69,61.95,62.12,1466025,0
2017-11-07,62.34,63.01,62.01,62.87,1450757,0
2017-11-08,62.77,63.15,62.29,62.66,1693669,0
2017-11-09,62.4,62.895,62.19,62.82,1000664,0
2017-11-10,62.46,62.77,62.17,62.48,1239766,0
