Date,Open,High,Low,Close,Volume,OpenInt
2014-01-02,7.7799,7.8048,7.73,7.7881,1312770,0
2014-01-03,7.7965,7.8215,7.7716,7.7716,848640,0
2014-01-06,7.8215,7.8463,7.7799,7.7881,864347,0
2014-01-07,7.6886,7.755,7.6803,7.7218,979596,0
2014-01-08,7.8298,7.8628,7.7881,7.8547,1065005,0
2014-01-09,7.8048,7.8463,7.7468,7.8298,1372628,0
2014-01-10,7.7468,7.755,7.6305,7.6969,1411624,0
2014-01-13,7.6969,7.7384,7.6221,7.647,1250775,0
2014-01-14,7.6719,7.7716,7.6636,7.7716,1316984,0
2014-01-15,7.6886,7.755,7.6636,7.7468,1971934,0
2014-01-16,7.73,7.7468,7.6719,7.7218,1566429,0
2014-01-17,7.6305,7.7052,7.6221,7.6554,1456137,0
2014-01-21,7.5224,7.5392,7.4479,7.5308,1279433,0
2014-01-22,7.5641,7.6057,7.5392,7.5889,2008404,0
2014-01-23,7.7218,7.7384,7.5972,7.6221,3258405,0
2014-01-24,7.5558,7.5641,7.3315,7.3315,1563267,0
2014-01-27,7.3647,7.3813,7.2486,7.2984,904787,0
2014-01-28,7.4147,7.481,7.4063,7.4728,912964,0
2014-01-29,7.2984,7.373,7.2735,7.2899,733095,0
2014-01-30,7.3149,7.373,7.2899,7.34,501784,0
2014-01-31,7.1905,7.2816,7.1488,7.1987,1232589,0
2014-02-03,7.1158,7.1405,6.9496,6.9662,1263840,0
2014-02-04,7.099,7.1239,7.0658,7.0907,1175322,0
2014-02-05,7.1073,7.1488,7.0825,7.1239,1237530,0
2014-02-06,7.2402,7.3234,7.2319,7.3149,741840,0
2014-02-07,7.3647,7.4063,7.3066,7.3896,1224328,0
2014-02-10,7.3481,7.373,7.3315,7.3647,802920,0
2014-02-11,7.4394,7.4976,7.4228,7.4892,882412,0
2014-02-12,7.4976,7.5392,7.481,7.5224,982913,0
2014-02-13,7.4976,7.5807,7.4976,7.5722,674738,0
2014-02-14,7.6139,7.6719,7.6139,7.6636,741849,0
2014-02-18,7.755,7.7799,7.7218,7.7468,677994,0
2014-02-19,7.6886,7.73,7.5972,7.6221,630794,0
2014-02-20,7.1822,7.2568,7.1158,7.2486,1790290,0
2014-02-21,7.5308,7.5474,7.4479,7.4892,1171417,0
2014-02-24,7.456,7.5059,7.4228,7.481,797436,0
2014-02-25,7.481,7.4892,7.4147,7.4479,551227,0
2014-02-26,7.4228,7.4228,7.3647,7.3981,447707,0
2014-02-27,7.3066,7.4063,7.2816,7.3813,371218,0
2014-02-28,7.4479,7.4892,7.3981,7.4311,538707,0
2014-03-03,7.1239,7.1654,7.0658,7.1572,3052485,0
2014-03-04,7.3481,7.4394,7.3234,7.4228,3097554,0
2014-03-05,7.4311,7.5059,7.4311,7.4479,2787064,0
2014-03-06,7.5142,7.5392,7.4728,7.4976,537986,0
2014-03-07,7.4479,7.4479,7.2899,7.373,1160041,0
2014-03-10,7.3149,7.3564,7.2735,7.3481,1684112,0
2014-03-11,7.2984,7.3481,7.2735,7.3149,2199164,0
2014-03-12,7.2652,7.3896,7.2319,7.3647,2100843,0
2014-03-13,7.456,7.4728,7.2652,7.2816,1302176,0
2014-03-14,7.2984,7.3481,7.2402,7.2402,1092467,0
2014-03-17,7.3315,7.373,7.2899,7.3066,696841,0
2014-03-18,7.3066,7.373,7.2899,7.3564,888796,0
2014-03-19,7.3647,7.3647,7.1572,7.207,1233750,0
2014-03-20,7.4063,7.481,7.3896,7.4728,1460344,0
2014-03-21,7.4644,7.481,7.34,7.373,853418,0
2014-03-24,7.4228,7.4228,7.3066,7.3813,585685,0
2014-03-25,7.4063,7.4728,7.373,7.4644,1210824,0
2014-03-26,7.5474,7.5558,7.4311,7.4479,1054199,0
2014-03-27,7.5308,7.5558,7.4976,7.5392,922018,0
2014-03-28,7.4728,7.5474,7.4479,7.4644,4004399,0
2014-03-31,7.6057,7.6386,7.5807,7.6386,3721898,0
2014-04-01,7.7052,7.7384,7.6719,7.73,623310,0
2014-04-02,7.73,7.755,7.6886,7.7384,1280391,0
2014-04-03,7.6636,7.6969,7.6305,7.6719,510919,0
2014-04-04,7.6803,7.6969,7.5641,7.5722,943902,0
2014-04-07,7.5641,7.5641,7.4644,7.4892,1990545,0
2014-04-08,7.4644,7.5059,7.4394,7.4644,663770,0
2014-04-09,7.5142,7.5722,7.481,7.5558,689433,0
2014-04-10,7.5059,7.5474,7.3647,7.3647,971788,0
2014-04-11,7.2652,7.3315,7.2152,7.2235,995349,0
2014-04-14,7.1905,7.2152,7.1239,7.1822,1280793,0
2014-04-15,7.1488,7.1654,6.9994,7.1073,987013,0
2014-04-16,7.1572,7.2319,7.1405,7.2319,656825,0
2014-04-17,7.2402,7.3564,7.2402,7.3234,557240,0
2014-04-21,7.34,7.3564,7.2816,7.3066,356669,0
2014-04-22,7.373,7.4311,7.3481,7.4311,3156652,0
2014-04-23,7.4311,7.4479,7.373,7.4479,1766344,0
2014-04-24,7.4147,7.4479,7.3066,7.4479,2225927,0
2014-04-25,7.3481,7.4147,7.3149,7.4063,2071362,0
2014-04-28,7.3647,7.4147,7.3149,7.373,2169952,0
2014-04-29,7.4479,7.5558,7.4479,7.5558,3544066,0
2014-04-30,7.4479,7.6719,7.4479,7.6554,2097062,0
2014-05-01,7.6386,7.6886,7.5722,7.5889,2033424,0
2014-05-02,7.5889,7.6305,7.5722,7.6057,952106,0
2014-05-05,7.4479,7.5641,7.4228,7.5474,1549105,0
2014-05-06,7.4976,7.5807,7.4728,7.5059,1020584,0
2014-05-07,7.4644,7.481,7.4063,7.4644,1010028,0
2014-05-08,7.4728,7.5558,7.456,7.4892,2647606,0
2014-05-09,7.4147,7.4394,7.373,7.4063,838469,0
2014-05-12,7.4394,7.4644,7.4228,7.456,578343,0
2014-05-13,7.4479,7.4479,7.3813,7.3896,1143409,0
2014-05-14,7.3564,7.373,7.2235,7.2235,1594713,0
2014-05-15,7.1822,7.1905,7.0577,7.1822,1632879,0
2014-05-16,7.0492,7.0577,6.9577,7.0078,1943783,0
2014-05-19,6.9912,7.1158,6.9912,7.099,2240944,0
2014-05-20,7.1905,7.207,7.1324,7.1488,2150170,0
2014-05-21,7.1905,7.2899,7.1822,7.2816,1791542,0
2014-05-22,7.1979,7.2487,7.1811,7.2401,1388279,0
2014-05-23,7.2401,7.2994,7.2232,7.2907,1217624,0
2014-05-27,7.3499,7.3585,7.3162,7.3414,1284923,0
2014-05-28,7.3585,7.3837,7.3499,7.3585,899605,0
2014-05-29,7.3585,7.3837,7.3331,7.3754,619874,0
2014-05-30,7.3585,7.4007,7.3331,7.3585,1796211,0
2014-06-02,7.3922,7.4007,7.3414,7.3754,1069313,0
2014-06-03,7.3754,7.4007,7.3585,7.3922,695554,0
2014-06-04,7.4007,7.5104,7.3922,7.5104,976671,0
2014-06-05,7.5358,7.5866,7.5021,7.578,1060880,0
2014-06-06,7.578,7.6118,7.5441,7.6118,851854,0
2014-06-09,7.5612,7.6033,7.5441,7.578,699221,0
2014-06-10,7.5104,7.5527,7.4852,7.5358,694938,0
2014-06-11,7.4852,7.519,7.4598,7.4935,616158,0
2014-06-12,7.4344,7.4513,7.3754,7.3754,1013256,0
2014-06-13,7.3585,7.3837,7.3331,7.367,1510582,0
2014-06-16,7.3245,7.3754,7.3162,7.3414,712113,0
2014-06-17,7.3331,7.4429,7.3162,7.426,624700,0
2014-06-18,7.6287,7.671,7.578,7.6625,2961890,0
2014-06-19,7.6372,7.6625,7.5866,7.595,652060,0
2014-06-20,7.595,7.6287,7.5441,7.578,934341,0
2014-06-23,7.5021,7.5021,7.4683,7.4935,425711,0
2014-06-24,7.5021,7.5274,7.4429,7.4429,886335,0
2014-06-25,7.3837,7.4683,7.3585,7.4344,762564,0
2014-06-26,7.3499,7.3922,7.2907,7.3754,1106787,0
2014-06-27,7.3499,7.367,7.3245,7.3585,577958,0
2014-06-30,7.3585,7.4175,7.3499,7.409,1233950,0
2014-07-01,7.426,7.4767,7.4175,7.4513,1174823,0
2014-07-02,7.4429,7.4683,7.409,7.409,1185808,0
2014-07-03,7.5358,7.6457,7.5358,7.6203,983567,0
2014-07-07,7.4852,7.519,7.4513,7.5104,1392313,0
2014-07-08,7.4429,7.4429,7.367,7.4007,1285952,0
2014-07-09,7.4007,7.4429,7.3837,7.4344,554987,0
2014-07-10,7.3078,7.3837,7.2656,7.367,676391,0
2014-07-11,7.2656,7.3414,7.2487,7.3245,661861,0
2014-07-14,7.367,7.409,7.3499,7.3754,617032,0
2014-07-15,7.3162,7.3499,7.2487,7.3078,940944,0
2014-07-16,7.3922,7.3922,7.3585,7.367,659145,0
2014-07-17,7.2656,7.3245,7.1641,7.1726,1059280,0
2014-07-18,7.1979,7.2487,7.1811,7.2401,596171,0
2014-07-21,7.1641,7.1641,7.1303,7.1303,743844,0
2014-07-22,7.0711,7.0881,7.0458,7.0711,1084595,0
2014-07-23,7.0543,7.0627,7.0035,7.012,764799,0
2014-07-24,7.1135,7.1472,7.0965,7.1135,899525,0
2014-07-25,7.1218,7.1303,7.0543,7.0711,889138,0
2014-07-28,7.0543,7.0797,7.012,7.0543,1720729,0
2014-07-29,7.0289,7.0374,6.9868,6.9952,1009950,0
2014-07-30,7.0711,7.0797,6.9952,7.0458,1309324,0
2014-07-31,6.9613,6.9952,6.843,6.8601,1415220,0
2014-08-01,6.9275,6.9613,6.8685,6.9021,1567980,0
2014-08-04,6.8768,6.8854,6.7924,6.8685,819057,0
2014-08-05,6.8937,6.9021,6.7501,6.7756,1448906,0
2014-08-06,6.7332,6.7756,6.7165,6.7501,2218826,0
2014-08-07,6.7165,6.7332,6.5813,6.5896,1069227,0
2014-08-08,6.5981,6.6659,6.5642,6.6572,724300,0
2014-08-11,6.6995,6.7586,6.691,6.7165,681763,0
2014-08-12,6.7165,6.7501,6.6995,6.7165,395099,0
2014-08-13,6.7248,6.7671,6.7078,6.7248,583119,0
2014-08-14,6.5981,6.615,6.5136,6.5389,1543392,0
2014-08-15,6.6233,6.6659,6.5389,6.615,1160284,0
2014-08-18,6.5813,6.6066,6.5559,6.5981,1412763,0
2014-08-19,6.6066,6.6318,6.5813,6.6233,1547677,0
2014-08-20,6.5896,6.615,6.5727,6.5981,1241795,0
2014-08-21,6.5603,6.6635,6.5431,6.6464,1180229,0
2014-08-22,6.6291,6.6464,6.5861,6.612,842702,0
2014-08-25,6.6379,6.6635,6.612,6.655,1330505,0
2014-08-26,6.7841,6.8616,6.7583,6.81,1478014,0
2014-08-27,6.8701,6.8874,6.8445,6.8874,1015438,0
2014-08-28,6.7927,6.8357,6.7756,6.8271,858706,0
2014-08-29,6.8445,6.8445,6.8014,6.8271,707297,0
2014-09-02,6.8789,6.9391,6.8701,6.9391,1018433,0
2014-09-03,7.1285,7.163,7.1027,7.1027,1372230,0
2014-09-04,7.1371,7.1716,7.0338,7.0596,1005506,0
2014-09-05,7.1201,7.1371,7.0768,7.1371,689313,0
2014-09-08,7.1371,7.1457,7.0768,7.0854,633216,0
2014-09-09,7.1112,7.1201,7.0682,7.0768,1152360,0
2014-09-10,7.1027,7.1457,7.094,7.1457,733101,0
2014-09-11,7.1027,7.1112,7.0596,7.0768,652785,0
2014-09-12,7.1027,7.163,7.1027,7.1371,968194,0
2014-09-15,7.2232,7.2661,7.206,7.249,1430680,0
2014-09-16,7.2577,7.3179,7.249,7.2835,1616009,0
2014-09-17,7.3007,7.3179,7.2318,7.2404,1049036,0
2014-09-18,7.3266,7.3781,7.3179,7.3352,1156304,0
2014-09-19,7.3781,7.3954,7.3007,7.3352,1240548,0
2014-09-22,7.3523,7.361,7.3093,7.3352,885569,0
2014-09-23,7.3523,7.3954,7.3093,7.3179,1079456,0
2014-09-24,7.2404,7.3007,7.2318,7.2922,818677,0
2014-09-25,7.2835,7.3007,7.1887,7.206,801774,0
2014-09-26,7.1975,7.2404,7.163,7.2146,574231,0
2014-09-29,7.1887,7.2146,7.1544,7.1801,799034,0
2014-09-30,7.1112,7.1371,7.0596,7.0768,743912,0
2014-10-01,7.1457,7.163,7.0166,7.0423,948098,0
2014-10-02,7.0166,7.0166,6.8874,6.9735,1308437,0
2014-10-03,6.9735,7.0166,6.9649,6.9993,1174133,0
2014-10-06,7.0596,7.0682,7.008,7.0423,597119,0
2014-10-07,6.9993,6.9993,6.8874,6.8961,825524,0
2014-10-08,6.9305,7.0166,6.8616,7.008,1010817,0
2014-10-09,6.9219,6.9477,6.7583,6.7756,927185,0
2014-10-10,6.767,6.81,6.655,6.655,853196,0
2014-10-13,6.7756,6.81,6.6809,6.6895,1041862,0
2014-10-14,6.7325,6.8014,6.7153,6.7153,980520,0
2014-10-15,6.6291,6.6379,6.4398,6.612,2100928,0
2014-10-16,6.3967,6.5172,6.3795,6.4398,1720263,0
2014-10-17,6.6291,6.6379,6.5776,6.612,954720,0
2014-10-20,6.5861,6.6379,6.569,6.6379,1001678,0
2014-10-21,6.7411,6.767,6.6895,6.7497,1117841,0
2014-10-22,6.6979,6.7583,6.6464,6.655,1316204,0
2014-10-23,6.7841,6.7927,6.7325,6.7497,766603,0
2014-10-24,6.7841,6.8187,6.7583,6.8187,616756,0
2014-10-27,6.767,6.8271,6.7239,6.767,755588,0
2014-10-28,6.8874,6.9219,6.8701,6.9132,575824,0
2014-10-29,6.8874,6.9305,6.8014,6.8357,1085422,0
2014-10-30,6.8187,6.9305,6.8187,6.9132,553546,0
2014-10-31,6.9564,7.0423,6.9477,7.0338,814867,0
2014-11-03,6.9735,6.9822,6.9132,6.9391,753018,0
2014-11-04,6.9477,6.9822,6.9132,6.9564,650791,0
2014-11-05,7.008,7.0338,6.9735,7.008,728051,0
2014-11-06,7.051,7.1112,6.9908,7.008,856396,0
2014-11-07,7.0252,7.0596,6.9822,7.051,814301,0
2014-11-10,7.1027,7.1285,7.0768,7.1201,1155089,0
2014-11-11,7.1457,7.1544,7.0854,7.1112,1107448,0
2014-11-12,6.9822,7.0166,6.9649,7.008,463260,0
2014-11-13,6.4914,6.6809,6.4741,6.5776,2183550,0
2014-11-14,6.5086,6.6034,6.5001,6.5861,1130538,0
2014-11-17,6.5344,6.5776,6.5172,6.5431,1536754,0
2014-11-18,6.6809,6.7497,6.6722,6.7153,1130706,0
2014-11-19,6.7239,6.7411,6.6722,6.6809,891658,0
2014-11-20,6.5603,6.5861,6.5258,6.5603,924010,0
2014-11-21,6.6034,6.6205,6.5431,6.569,768259,0
2014-11-24,6.6809,6.7411,6.6635,6.7325,959592,0
2014-11-25,6.7841,6.8187,6.767,6.7756,1068758,0
2014-11-26,6.7841,6.81,6.767,6.7927,1533072,0
2014-11-28,6.7927,6.8014,6.7497,6.7583,628927,0
2014-12-01,6.7239,6.7325,6.655,6.6809,896603,0
2014-12-02,6.7583,6.767,6.6979,6.7239,1026703,0
2014-12-03,6.6809,6.7067,6.655,6.6809,576633,0
2014-12-04,6.6809,6.7067,6.6205,6.6635,1427312,0
2014-12-05,6.7583,6.8187,6.7583,6.8014,1301506,0
2014-12-08,6.6979,6.7239,6.655,6.6722,766557,0
2014-12-09,6.5776,6.612,6.5431,6.5861,826311,0
2014-12-10,6.5172,6.5516,6.4398,6.4569,1451660,0
2014-12-11,6.5258,6.5603,6.4741,6.4741,911409,0
2014-12-12,6.4914,6.5258,6.3795,6.3881,1491978,0
2014-12-15,6.3967,6.414,6.2159,6.259,1377241,0
2014-12-16,6.302,6.5344,6.302,6.4054,1524638,0
2014-12-17,6.3536,6.5086,6.3536,6.4569,1520053,0
2014-12-18,6.5172,6.6034,6.5001,6.6034,1222139,0
2014-12-19,6.5603,6.6034,6.5258,6.569,1169644,0
2014-12-22,6.5776,6.5947,6.5431,6.5861,830896,0
2014-12-23,6.6034,6.6291,6.5776,6.6034,911762,0
2014-12-24,6.5947,6.612,6.5086,6.569,742203,0
2014-12-26,6.5603,6.6034,6.5516,6.5861,403579,0
2014-12-29,6.5516,6.5776,6.5172,6.5431,709628,0
2014-12-30,6.5344,6.5603,6.4741,6.4914,997502,0
2014-12-31,6.5172,6.569,6.4569,6.4569,588784,0
2015-01-02,6.4657,6.4828,6.3795,6.414,635668,0
2015-01-05,6.302,6.3279,6.1814,6.2159,920589,0
2015-01-06,6.147,6.1987,6.061,6.0782,1172929,0
2015-01-07,6.1126,6.1643,6.0696,6.1384,2867260,0
2015-01-08,6.1901,6.2848,6.1728,6.2504,977621,0
2015-01-09,6.1901,6.1987,6.0782,6.1212,734729,0
2015-01-12,6.1384,6.147,6.0525,6.0868,713942,0
2015-01-13,6.1901,6.2419,6.0696,6.1212,1222039,0
2015-01-14,6.104,6.1384,6.0351,6.104,927164,0
2015-01-15,6.1298,6.147,6.018,6.0437,1351954,0
2015-01-16,6.0351,6.104,6.0092,6.104,1073374,0
2015-01-20,6.259,6.2762,6.147,6.1814,2598160,0
2015-01-21,6.1298,6.1814,6.1126,6.1814,1091953,0
2015-01-22,6.1987,6.259,6.147,6.2331,1213157,0
2015-01-23,6.0437,6.104,6.0351,6.0351,1424420,0
2015-01-26,6.0696,6.147,6.0525,6.104,1053076,0
2015-01-27,6.0954,6.1556,6.0782,6.1126,1142485,0
2015-01-28,6.147,6.1556,6.0007,6.0007,1156120,0
2015-01-29,6.147,6.2159,6.1298,6.2073,1207357,0
2015-01-30,6.1814,6.2246,6.1298,6.147,998667,0
2015-02-02,6.2073,6.3105,6.1901,6.302,1705576,0
2015-02-03,6.4312,6.5258,6.4312,6.5258,1131606,0
2015-02-04,6.3623,6.4569,6.3623,6.3709,2166285,0
2015-02-05,6.4054,6.4484,6.3795,6.4398,825917,0
2015-02-06,6.4312,6.4657,6.3623,6.3795,930485,0
2015-02-09,6.3105,6.3795,6.302,6.3623,1038300,0
2015-02-10,6.4054,6.4312,6.3536,6.414,735557,0
2015-02-11,6.3881,6.414,6.3709,6.3967,1099141,0
2015-02-12,6.4914,6.5776,6.4828,6.569,1294229,0
2015-02-13,6.5001,6.5431,6.4741,6.5001,1037254,0
2015-02-17,6.4741,6.5001,6.3967,6.4741,1535805,0
2015-02-18,6.4741,6.5603,6.4657,6.5258,1057683,0
2015-02-19,6.4569,6.5603,6.4312,6.5172,1232063,0
2015-02-20,6.4741,6.6979,6.4741,6.6635,2290527,0
2015-02-23,6.655,6.6979,6.6379,6.6635,1199400,0
2015-02-24,6.655,6.7325,6.655,6.7239,1383191,0
2015-02-25,6.7411,6.767,6.6979,6.7583,1734173,0
2015-02-26,6.6809,6.7239,6.6722,6.6722,1139694,0
2015-02-27,6.6979,6.7325,6.6809,6.6979,706663,0
2015-03-02,6.6722,6.7067,6.6291,6.6895,1013670,0
2015-03-03,6.6034,6.6205,6.5603,6.5861,858488,0
2015-03-04,6.5344,6.569,6.4914,6.5516,1107987,0
2015-03-05,6.6034,6.6291,6.5776,6.6205,797740,0
2015-03-06,6.6809,6.8874,6.6809,6.8357,1861589,0
2015-03-09,6.7756,6.7927,6.7411,6.7756,1187550,0
2015-03-10,6.6034,6.6379,6.5516,6.5776,1537985,0
2015-03-11,6.7067,6.8874,6.6979,6.8357,1805834,0
2015-03-12,6.8789,6.9219,6.8445,6.9132,863135,0
2015-03-13,6.8701,6.8961,6.8357,6.8789,1640200,0
2015-03-16,6.9649,7.0338,6.9649,6.9993,2006315,0
2015-03-17,6.9391,6.9735,6.9219,6.9649,2859346,0
2015-03-18,6.9649,7.1544,6.9391,7.1027,3987889,0
2015-03-19,6.9046,6.9735,6.8874,6.9477,2886409,0
2015-03-20,7.0682,7.1371,7.008,7.0854,1417766,0
2015-03-23,7.0682,7.1201,7.0596,7.094,1880173,0
2015-03-24,7.1457,7.1801,7.1112,7.163,2849706,0
2015-03-25,7.163,7.1887,7.0252,7.0252,3883816,0
2015-03-26,6.8616,6.8874,6.7841,6.8445,1775751,0
2015-03-27,6.7841,6.8789,6.7756,6.8789,1040965,0
2015-03-30,6.9305,6.9822,6.9132,6.9477,589594,0
2015-03-31,6.81,6.8789,6.7927,6.8271,979064,0
2015-04-01,6.9046,6.9219,6.8357,6.8701,881951,0
2015-04-02,6.9564,6.9908,6.9391,6.9908,936776,0
2015-04-06,6.9908,7.0768,6.9822,7.0252,699707,0
2015-04-07,7.0252,7.0768,6.9735,6.9822,855023,0
2015-04-08,7.0338,7.0423,6.9391,6.9564,622930,0
2015-04-09,6.9477,6.9649,6.8874,6.9391,906317,0
2015-04-10,6.9477,6.9649,6.8961,6.9219,651852,0
2015-04-13,6.9477,6.9735,6.9132,6.9132,1313229,0
2015-04-14,6.9219,6.9391,6.8961,6.9219,631643,0
2015-04-15,7.008,7.0338,6.9305,6.9735,978625,0
2015-04-16,6.9391,6.9822,6.8789,6.9391,815200,0
2015-04-17,6.8014,6.8271,6.7497,6.81,901464,0
2015-04-20,6.6809,6.7756,6.6722,6.7325,1290392,0
2015-04-21,6.7411,6.7497,6.6464,6.6722,1169605,0
2015-04-22,6.6809,6.6979,6.6034,6.6809,963617,0
2015-04-23,6.6291,6.7325,6.6205,6.7067,672528,0
2015-04-24,6.6464,6.6635,6.5776,6.655,1083528,0
2015-04-27,6.7325,6.7927,6.7325,6.7411,1234246,0
2015-04-28,6.6895,6.7239,6.655,6.7153,1459465,0
2015-04-29,6.6722,6.7325,6.6464,6.6809,1272576,0
2015-04-30,6.7927,6.8445,6.7583,6.7841,1567255,0
2015-05-01,6.8014,6.8445,6.7756,6.8357,950482,0
2015-05-04,6.853,6.8789,6.8271,6.8357,736296,0
2015-05-05,6.6979,6.6979,6.5947,6.612,1542864,0
2015-05-06,6.7583,6.8357,6.7325,6.767,1256579,0
2015-05-07,6.8701,6.8874,6.8187,6.8357,1794853,0
2015-05-08,6.7497,6.8445,6.7239,6.8271,2452112,0
2015-05-11,6.9046,6.9993,6.9046,6.9735,1924196,0
2015-05-12,6.9219,6.9564,6.8874,6.8874,1105470,0
2015-05-13,6.7841,6.8187,6.7583,6.7756,1235987,0
2015-05-14,6.9132,6.9564,6.9046,6.9391,850358,0
2015-05-15,6.9822,7.0252,6.9735,7.0166,907999,0
2015-05-18,6.9132,6.9477,6.8616,6.9132,595233,0
2015-05-19,6.9564,7.008,6.9564,6.9822,729304,0
2015-05-20,6.9564,6.9993,6.9391,6.9822,599234,0
2015-05-21,6.9354,7.0843,6.9266,7.0492,1931975,0
2015-05-22,7.0143,7.0143,6.9529,6.9529,916539,0
2015-05-26,6.8654,6.874,6.769,6.8041,1522832,0
2015-05-27,6.7778,6.9354,6.7778,6.9004,1003901,0
2015-05-28,6.7515,6.7953,6.699,6.7865,2509212,0
2015-05-29,6.7428,6.7515,6.6552,6.7166,797547,0
2015-06-01,6.6027,6.6114,6.5413,6.594,1225675,0
2015-06-02,6.6728,6.7428,6.6728,6.7077,694439,0
2015-06-03,6.7252,6.8303,6.7166,6.7953,486934,0
2015-06-04,6.7077,6.7953,6.6815,6.699,710416,0
2015-06-05,6.6027,6.7077,6.5677,6.6552,788755,0
2015-06-08,6.5589,6.5851,6.5239,6.5589,979005,0
2015-06-09,6.4889,6.5239,6.4451,6.4975,818417,0
2015-06-10,6.594,6.7077,6.5851,6.6815,914668,0
2015-06-11,6.5851,6.6027,6.5064,6.5851,1935638,0
2015-06-12,6.4189,6.4713,6.3575,6.4713,1456004,0
2015-06-15,6.3486,6.4276,6.34,6.4013,1461143,0
2015-06-16,6.4189,6.4713,6.4013,6.4363,708931,0
2015-06-17,6.4538,6.4801,6.4013,6.4276,1206599,0
2015-06-18,6.5064,6.6201,6.4889,6.5239,1062826,0
2015-06-19,6.5151,6.5239,6.4713,6.4801,617002,0
2015-06-22,6.6289,6.7428,6.6289,6.6815,1221787,0
2015-06-23,6.6728,6.699,6.6378,6.6639,797561,0
2015-06-24,6.6552,6.6902,6.6289,6.6289,716925,0
2015-06-25,6.6902,6.699,6.6378,6.6378,844368,0
2015-06-26,6.7252,6.7515,6.6639,6.6815,790466,0
2015-06-29,6.5239,6.5589,6.41,6.4189,1283224,0
2015-06-30,6.5763,6.5763,6.4363,6.4801,1474394,0
2015-07-01,6.5502,6.5589,6.4626,6.5064,1455205,0
2015-07-02,6.4801,6.4975,6.4189,6.4626,1003901,0
2015-07-06,6.2699,6.34,6.2261,6.2611,1210140,0
2015-07-07,6.1736,6.3049,6.0947,6.2699,1309718,0
2015-07-08,6.2086,6.2611,6.1736,6.1997,940635,0
2015-07-09,6.3751,6.4013,6.3224,6.34,1846212,0
2015-07-10,6.6114,6.6289,6.5763,6.6114,1473133,0
2015-07-13,6.6815,6.6902,6.6552,6.6639,740335,0
2015-07-14,6.6639,6.6815,6.6464,6.6728,449538,0
2015-07-15,6.6728,6.6815,6.6201,6.6464,800924,0
2015-07-16,6.699,6.7515,6.6902,6.734,682667,0
2015-07-17,6.769,6.7953,6.734,6.7603,616318,0
2015-07-20,6.8216,6.8303,6.7865,6.8041,919395,0
2015-07-21,6.7953,6.839,6.7865,6.8128,762831,0
2015-07-22,6.839,6.8828,6.839,6.874,668391,0
2015-07-23,6.9266,6.9441,6.8654,6.874,875886,0
2015-07-24,6.8216,6.9091,6.7603,6.769,3415500,0
2015-07-27,6.839,6.839,6.7778,6.8041,850763,0
2015-07-28,6.8041,6.8828,6.8041,6.8654,528958,0
2015-07-29,6.7515,6.8303,6.7515,6.7778,937210,0
2015-07-30,6.7865,6.7953,6.7252,6.7778,641898,0
2015-07-31,6.7515,6.7953,6.7166,6.7428,662567,0
2015-08-03,6.7953,6.7953,6.7166,6.769,467751,0
2015-08-04,6.8128,6.8216,6.7428,6.7515,589824,0
2015-08-05,6.7778,6.8216,6.7515,6.7953,1144476,0
2015-08-06,6.8128,6.8479,6.7865,6.8128,822425,0
2015-08-07,6.7953,6.8216,6.769,6.8216,809195,0
2015-08-10,6.7953,6.9266,6.7953,6.9266,732341,0
2015-08-11,6.7166,6.7166,6.6378,6.6902,1047628,0
2015-08-12,6.5502,6.6114,6.5064,6.6114,1058258,0
2015-08-13,6.0247,6.0423,5.9547,6.0072,3137318,0
2015-08-14,5.8671,5.8934,5.8146,5.8934,2035664,0
2015-08-17,5.7883,5.8496,5.7533,5.8496,1697758,0
2015-08-18,5.9459,5.9809,5.9197,5.9809,1705865,0
2015-08-19,5.8408,5.9197,5.8233,5.8846,1923752,0
2015-08-20,5.7984,5.8161,5.6733,5.6733,2499598,0
2015-08-21,5.7001,5.709,5.566,5.575,2928061,0
2015-08-24,5.2979,5.5213,5.1998,5.3516,4610571,0
2015-08-25,5.5571,5.5571,5.3606,5.3785,2191680,0
2015-08-26,5.5035,5.5035,5.3785,5.4945,1297145,0
2015-08-27,5.5124,5.6196,5.4945,5.5839,2770690,0
2015-08-28,5.5571,5.5839,5.5035,5.5392,1397098,0
2015-08-31,5.4677,5.5392,5.4499,5.5035,979267,0
2015-09-01,5.3874,5.4052,5.3337,5.3695,1277557,0
2015-09-02,5.4141,5.423,5.3426,5.3962,1719789,0
2015-09-03,5.441,5.4857,5.3962,5.4141,1251254,0
2015-09-04,5.2444,5.2711,5.1998,5.2444,1384785,0
2015-09-08,5.441,5.4677,5.4052,5.4588,1133616,0
2015-09-09,5.6108,5.6196,5.4677,5.4677,1139774,0
2015-09-10,5.4052,5.4945,5.4052,5.4499,1278955,0
2015-09-11,5.3516,5.3874,5.3426,5.3874,768952,0
2015-09-14,5.3874,5.4141,5.3337,5.3606,2467587,0
2015-09-15,5.423,5.5482,5.4141,5.4677,2228394,0
2015-09-16,5.5035,5.5392,5.4945,5.5213,925652,0
2015-09-17,5.5571,5.6464,5.5392,5.566,2313039,0
2015-09-18,5.2711,5.3159,5.2087,5.2354,2231081,0
2015-09-21,5.2087,5.2265,5.1461,5.1819,1539470,0
2015-09-22,5.039,5.0658,5.0121,5.0658,1052692,0
2015-09-23,5.0658,5.0836,5.0032,5.039,1008158,0
2015-09-24,4.9764,5.039,4.9227,5.0121,1682316,0
2015-09-25,5.2265,5.2354,5.1103,5.1372,3250306,0
2015-09-28,5.0032,5.0299,4.9764,4.9942,1264885,0
2015-09-29,5.0032,5.0299,4.9675,5.0121,883232,0
2015-09-30,5.1103,5.1372,5.0836,5.1372,827155,0
2015-10-01,5.1103,5.1193,5.0032,5.0658,994825,0
2015-10-02,5.0568,5.1998,5.0299,5.1908,1390382,0
2015-10-05,5.2891,5.3606,5.2802,5.3337,1183514,0
2015-10-06,5.307,5.3426,5.2891,5.3159,2000842,0
2015-10-07,5.441,5.4945,5.432,5.4857,1098023,0
2015-10-08,5.4767,5.5839,5.4677,5.5839,1555253,0
2015-10-09,5.6286,5.6464,5.5839,5.6286,1477462,0
2015-10-12,5.6018,5.6375,5.5839,5.6018,1039610,0
2015-10-13,5.441,5.5392,5.441,5.4767,1075301,0
2015-10-14,5.4945,5.5303,5.4588,5.4767,1229092,0
2015-10-15,5.4767,5.5303,5.4588,5.5213,1144250,0
2015-10-16,5.5482,5.5927,5.5124,5.5839,1388366,0
2015-10-19,5.5571,5.575,5.5124,5.5303,876746,0
2015-10-20,5.3426,5.441,5.3337,5.3962,2676826,0
2015-10-21,5.3785,5.3874,5.2623,5.2623,5028074,0
2015-10-22,5.3874,5.4588,5.3785,5.423,3036074,0
2015-10-23,5.4677,5.5035,5.441,5.4857,1243419,0
2015-10-26,5.4945,5.5124,5.432,5.4767,803874,0
2015-10-27,5.3874,5.4141,5.3516,5.3606,897111,0
2015-10-28,5.4052,5.5124,5.3962,5.4857,1499737,0
2015-10-29,5.4588,5.4767,5.4141,5.4499,970200,0
2015-10-30,5.4677,5.5213,5.4588,5.4945,950054,0
2015-11-02,5.6464,5.7001,5.6286,5.6733,1361662,0
2015-11-03,5.5839,5.6375,5.5482,5.6286,1607748,0
2015-11-04,5.6196,5.6375,5.5303,5.5571,1354458,0
2015-11-05,5.4945,5.5303,5.4499,5.5124,1128357,0
2015-11-06,5.5927,5.6642,5.5482,5.6464,1219801,0
2015-11-09,5.6553,5.6733,5.575,5.6196,1016125,0
2015-11-10,5.4945,5.5035,5.4499,5.4767,1661026,0
2015-11-11,5.5124,5.5303,5.4588,5.4945,1125558,0
2015-11-12,4.9138,4.9407,4.8602,4.8691,3208780,0
2015-11-13,4.896,5.0032,4.8512,4.9764,1848061,0
2015-11-16,4.8424,4.9407,4.8334,4.9316,1944095,0
2015-11-17,4.9942,5.0299,4.9586,4.9675,1792654,0
2015-11-18,5.0925,5.1461,5.0836,5.1283,1620172,0
2015-11-19,5.2534,5.2979,5.2444,5.2711,1381875,0
2015-11-20,5.2623,5.2802,5.2176,5.2176,1174134,0
2015-11-23,5.2534,5.2711,5.2265,5.2354,2405466,0
2015-11-24,5.2354,5.2891,5.2265,5.2711,1387248,0
2015-11-25,5.3874,5.4499,5.3785,5.432,1450488,0
2015-11-27,5.4677,5.4857,5.441,5.4677,970089,0
2015-11-30,5.4857,5.4857,5.441,5.4499,1522570,0
2015-12-01,5.5124,5.5303,5.4857,5.5213,1251118,0
2015-12-02,5.441,5.4767,5.3874,5.3962,1158121,0
2015-12-03,5.3962,5.4052,5.2802,5.2979,1444718,0
2015-12-04,5.2534,5.3337,5.2534,5.3248,1158353,0
2015-12-07,5.2891,5.2891,5.2176,5.2354,1929431,0
2015-12-08,5.164,5.2265,5.1372,5.1819,1763015,0
2015-12-09,5.2176,5.3337,5.1998,5.2444,1901562,0
2015-12-10,5.2265,5.2444,5.1819,5.1908,1473991,0
2015-12-11,5.0836,5.0925,4.9853,4.9942,1391612,0
2015-12-14,4.9227,4.9495,4.8512,4.9049,3622021,0
2015-12-15,4.8871,4.9407,4.8602,4.8781,2750655,0
2015-12-16,4.9049,4.9495,4.8245,4.9407,2876686,0
2015-12-17,5.039,5.039,4.9227,4.9407,2086580,0
2015-12-18,4.896,4.9495,4.8781,4.896,1927640,0
2015-12-21,5.0299,5.0478,4.9407,4.9853,3092262,0
2015-12-22,4.9853,5.0478,4.9586,5.0121,2756974,0
2015-12-23,5.1193,5.1819,5.0925,5.164,1983494,0
2015-12-24,5.1372,5.2087,5.1372,5.1551,781979,0
2015-12-28,5.1551,5.164,5.1148,5.1551,1347276,0
2015-12-29,5.1461,5.1819,5.1283,5.1819,1372786,0
2015-12-30,5.1283,5.1461,5.0925,5.1103,1064172,0
2015-12-31,5.0568,5.1014,5.0444,5.0658,770986,0
2016-01-04,4.9407,4.9764,4.8691,4.9675,2294465,0
2016-01-05,4.8424,4.8871,4.8022,4.8781,2197429,0
2016-01-06,4.7798,4.8424,4.762,4.8066,1466017,0
2016-01-07,4.6278,4.7145,4.619,4.6278,2373531,0
2016-01-08,4.7083,4.7262,4.5923,4.6011,1987355,0
2016-01-11,4.7174,4.7441,4.6726,4.7262,1977515,0
2016-01-12,4.7977,4.8334,4.753,4.8334,2194180,0
2016-01-13,5.3426,5.3606,5.1372,5.1551,4898077,0
2016-01-14,5.2444,5.3248,5.1953,5.2979,2523069,0
2016-01-15,5.0925,5.1819,5.0746,5.1283,2108102,0
2016-01-19,5.0478,5.0658,4.9586,5.0121,2048189,0
2016-01-20,4.8781,4.9227,4.753,4.8781,3934210,0
2016-01-21,4.8602,4.9576,4.8156,4.9049,2538421,0
2016-01-22,5.1103,5.1908,5.0391,5.1103,4924935,0
2016-01-25,4.9942,5.0299,4.9586,4.9586,2146147,0
2016-01-26,5.0299,5.0971,5.0165,5.0746,1875650,0
2016-01-27,4.9942,5.079,4.9495,4.9675,1900997,0
2016-01-28,5.039,5.0568,4.9407,5.0121,1382341,0
2016-01-29,5.0032,5.0925,4.9586,5.0746,2241692,0
2016-02-01,4.9853,5.0568,4.9586,5.039,1958847,0
2016-02-02,4.8334,4.8334,4.7441,4.7709,2267413,0
2016-02-03,4.7798,4.7977,4.6548,4.7977,3110283,0
2016-02-04,4.8245,4.9094,4.8066,4.8871,2239669,0
2016-02-05,4.8602,4.8691,4.7896,4.8066,2767345,0
2016-02-08,4.6726,4.6994,4.6369,4.6726,2306670,0
2016-02-09,4.2884,4.4046,4.2795,4.3152,4056259,0
2016-02-10,4.4402,4.494,4.3777,4.3958,2641043,0
2016-02-11,4.2169,4.2437,4.1186,4.1724,2418716,0
2016-02-12,4.1276,4.1991,4.0919,4.1991,3066873,0
2016-02-16,4.2437,4.2795,4.1724,4.2527,2621318,0
2016-02-17,4.3866,4.5117,4.3823,4.494,1902707,0
2016-02-18,4.485,4.5028,4.4402,4.485,2268916,0
2016-02-19,4.2349,4.3062,4.2349,4.2795,2034398,0
2016-02-22,4.3866,4.4671,4.3866,4.4582,1785964,0
2016-02-23,4.5028,4.5028,4.3964,4.4135,2175881,0
2016-02-24,4.351,4.4225,4.2884,4.4046,3043328,0
2016-02-25,4.4225,4.4402,4.3653,4.4314,1756287,0
2016-02-26,4.5028,4.5208,4.4492,4.4671,1351386,0
2016-02-29,4.494,4.5163,4.4582,4.4671,1220386,0
2016-03-01,4.6011,4.6815,4.5654,4.6815,1816903,0
2016-03-02,4.6815,4.753,4.6637,4.753,1503304,0
2016-03-03,4.7351,4.8379,4.7262,4.8245,2190351,0
2016-03-04,4.8424,4.8871,4.8156,4.8334,1447667,0
2016-03-07,4.7887,4.8512,4.7709,4.8334,1662334,0
2016-03-08,4.8066,4.8156,4.7396,4.753,2123055,0
2016-03-09,4.8156,4.8334,4.7798,4.8066,1109449,0
2016-03-10,4.9138,4.9586,4.8245,4.9138,2710699,0
2016-03-11,5.0478,5.1193,5.039,5.1193,1518622,0
2016-03-14,5.0478,5.0925,5.0121,5.0746,1872318,0
2016-03-15,5.0032,5.021,4.9764,5.0032,1232441,0
2016-03-16,4.9764,5.1103,4.9764,5.1014,1437398,0
2016-03-17,5.1103,5.1908,5.0746,5.1728,1522176,0
2016-03-18,5.1908,5.2176,5.1461,5.1819,1660426,0
2016-03-21,5.1193,5.1728,5.1103,5.1372,1104767,0
2016-03-22,5.0478,5.1014,5.039,5.0925,879674,0
2016-03-23,5.0836,5.0971,5.0255,5.039,822558,0
2016-03-24,4.9138,4.9495,4.896,4.9407,1040366,0
2016-03-28,4.9407,4.9853,4.9316,4.9586,511952,0
2016-03-29,4.9316,5.039,4.9138,5.0299,1173884,0
2016-03-30,4.9764,5.0299,4.9494,4.9675,1503015,0
2016-03-31,4.9586,4.9853,4.9138,4.9138,1089091,0
2016-04-01,4.7977,4.8334,4.7887,4.8245,1316352,0
2016-04-04,4.896,4.9049,4.8424,4.8602,1137923,0
2016-04-05,4.7262,4.7262,4.6726,4.6815,1779833,0
2016-04-06,4.6994,4.7351,4.6637,4.7262,1049713,0
2016-04-07,4.7351,4.753,4.6459,4.6637,1511323,0
2016-04-08,4.8066,4.8512,4.7887,4.8156,1240557,0
2016-04-11,4.9853,5.021,4.9407,4.9586,1702023,0
2016-04-12,5.0299,5.0478,4.954,5.0121,1773824,0
2016-04-13,5.1461,5.2176,5.1372,5.2176,1411002,0
2016-04-14,5.2265,5.2354,5.1998,5.2176,1174529,0
2016-04-15,5.1908,5.2087,5.164,5.1728,867813,0
2016-04-18,5.1728,5.2534,5.1551,5.2265,818346,0
2016-04-19,5.2354,5.2711,5.2087,5.2354,1091353,0
2016-04-20,5.2891,5.3337,5.2802,5.2891,1565064,0
2016-04-21,5.432,5.441,5.3516,5.4052,1721352,0
2016-04-22,5.3695,5.441,5.3695,5.423,1605586,0
2016-04-25,5.2087,5.2265,5.1551,5.1998,1480448,0
2016-04-26,5.2711,5.2802,5.2444,5.2623,1473365,0
2016-04-27,5.1908,5.2489,5.1826,5.1908,3481976,0
2016-04-28,5.2176,5.2534,5.1819,5.1908,3294614,0
2016-04-29,5.1998,5.2118,5.1283,5.1461,2108287,0
2016-05-02,5.1819,5.2711,5.1461,5.2623,1514606,0
2016-05-03,5.1103,5.1193,5.021,5.039,1787506,0
2016-05-04,5.021,5.0612,4.9853,5.0121,1262458,0
2016-05-05,4.9407,4.9764,4.9049,4.9227,2065266,0
2016-05-06,4.9138,5.0077,4.9049,4.9853,1342787,0
2016-05-09,4.9853,5.0032,4.9227,4.9407,1889455,0
2016-05-10,4.9495,5.0032,4.9407,4.9942,1100704,0
2016-05-11,4.9049,4.9764,4.8781,4.9407,1167464,0
2016-05-12,4.4402,4.4492,4.3464,4.3958,2686381,0
2016-05-13,4.3688,4.3958,4.3464,4.351,2846243,0
2016-05-16,4.342,4.4135,4.342,4.3866,2448140,0
2016-05-17,4.3688,4.4046,4.3242,4.3332,5091773,0
2016-05-18,4.2974,4.4492,4.2884,4.4225,3238764,0
2016-05-19,4.4492,4.4983,4.4135,4.4671,3119381,0
2016-05-20,4.5028,4.5475,4.5028,4.5296,1989946,0
2016-05-23,4.4787,4.5063,4.4512,4.4512,2112201,0
2016-05-24,4.5799,4.6442,4.5707,4.6259,1627665,0
2016-05-25,4.6442,4.6994,4.6351,4.681,1325727,0
2016-05-26,4.6994,4.727,4.6903,4.6903,1229351,0
2016-05-27,4.6765,4.7086,4.6627,4.6903,892461,0
2016-05-31,4.7453,4.773,4.6948,4.727,1851896,0
2016-06-01,4.6166,4.6994,4.6075,4.6903,1205903,0
2016-06-02,4.6535,4.7086,4.6442,4.6994,1244557,0
2016-06-03,4.6166,4.6259,4.5523,4.6166,1475605,0
2016-06-06,4.5799,4.6535,4.5798,4.6166,1187606,0
2016-06-07,4.6351,4.6718,4.5983,4.6166,1959161,0
2016-06-08,4.5615,4.5799,4.5349,4.5707,1069874,0
2016-06-09,4.4696,4.4972,4.4557,4.4787,1335016,0
2016-06-10,4.2764,4.2856,4.2212,4.2488,2378242,0
2016-06-13,4.0649,4.1385,4.0649,4.1017,2411960,0
2016-06-14,4.0372,4.0742,3.9821,4.0189,2607139,0
2016-06-15,4.0465,4.0833,4.0189,4.0189,1870385,0
2016-06-16,3.9361,3.9913,3.8626,3.9913,2336069,0
2016-06-17,4.0649,4.143,3.9796,4.0649,2518935,0
2016-06-20,4.2856,4.3086,4.2488,4.2672,2084213,0
2016-06-21,4.3499,4.396,4.2947,4.3499,1187310,0
2016-06-22,4.4144,4.4512,4.3775,4.3775,1952259,0
2016-06-23,4.5615,4.5707,4.4972,4.5707,1950736,0
2016-06-24,3.9269,4.0649,3.9095,3.9454,3017071,0
2016-06-27,3.7247,3.7247,3.651,3.7063,4046730,0
2016-06-28,3.7063,3.7247,3.6326,3.7154,4324358,0
2016-06-29,3.605,3.6602,3.5959,3.651,3346612,0
2016-06-30,3.6142,3.7153,3.5959,3.6878,2925914,0
2016-07-01,3.651,3.6971,3.6418,3.6786,3450112,0
2016-07-05,3.3568,3.366,3.274,3.2831,4856442,0
2016-07-06,3.1268,3.182,3.0901,3.182,4838316,0
2016-07-07,3.2464,3.2647,3.2188,3.2372,2421492,0
2016-07-08,3.3935,3.3935,3.3383,3.3752,1813057,0
2016-07-11,3.4487,3.4672,3.412,3.4672,1200010,0
2016-07-12,3.5315,3.5498,3.5039,3.5407,1938630,0
2016-07-13,3.5959,3.5959,3.5417,3.5866,1853618,0
2016-07-14,3.605,3.6142,3.5683,3.5959,2435493,0
2016-07-15,3.5683,3.5683,3.5222,3.5591,1753947,0
2016-07-18,3.5498,3.6326,3.5222,3.5959,2758558,0
2016-07-19,3.5315,3.5591,3.5222,3.5407,1649060,0
2016-07-20,3.5959,3.6298,3.5774,3.5959,1327700,0
2016-07-21,3.6142,3.6418,3.5866,3.5866,1026533,0
2016-07-22,3.5774,3.5913,3.5407,3.5498,1317280,0
2016-07-25,3.5866,3.605,3.5692,3.5959,881976,0
2016-07-26,3.605,3.6418,3.5866,3.6326,2787822,0
2016-07-27,3.743,3.743,3.6694,3.7063,1754478,0
2016-07-28,3.6878,3.6971,3.6602,3.6786,1682558,0
2016-07-29,3.789,3.7965,3.7523,3.7614,1144322,0
2016-08-01,3.6971,3.7063,3.6372,3.6418,2004563,0
2016-08-02,3.5774,3.5898,3.5407,3.5683,1983300,0
2016-08-03,3.5407,3.6142,3.5262,3.6142,1570464,0
2016-08-04,3.6235,3.6326,3.5821,3.6326,1795973,0
2016-08-05,3.6786,3.7706,3.6786,3.7706,1108228,0
2016-08-08,3.8441,3.8533,3.7982,3.8441,1610980,0
2016-08-09,3.8626,3.9085,3.8579,3.8902,1164996,0
2016-08-10,3.9545,3.9913,3.9408,3.9729,1993576,0
2016-08-11,3.9821,4.0189,3.9269,3.9269,1826235,0
2016-08-12,3.8258,3.835,3.7982,3.8258,1060238,0
2016-08-15,3.8258,3.8717,3.8258,3.8626,2210105,0
2016-08-16,3.8166,3.8441,3.7982,3.835,1507640,0
2016-08-17,3.789,3.9637,3.7615,3.8717,4069012,0
2016-08-18,3.8103,3.8388,3.7914,3.8388,1552240,0
2016-08-19,3.6587,3.7155,3.6492,3.7061,1946106,0
2016-08-22,3.6966,3.7251,3.6871,3.6966,3255599,0
2016-08-23,3.8008,3.8198,3.7725,3.7819,2725269,0
2016-08-24,3.7725,3.7914,3.744,3.744,2456659,0
2016-08-25,3.6587,3.7061,3.6587,3.6966,1982796,0
2016-08-26,3.6777,3.7285,3.5733,3.6397,4059429,0
2016-08-29,3.6397,3.6966,3.6397,3.6966,1350302,0
2016-08-30,3.7155,3.7725,3.7061,3.7629,1723701,0
2016-08-31,3.9146,3.9525,3.8672,3.8767,3365418,0
2016-09-01,3.9146,3.9241,3.8245,3.8767,1091629,0
2016-09-02,3.8956,3.9396,3.8672,3.9241,1190612,0
2016-09-06,3.8862,3.9051,3.8199,3.8956,4761883,0
2016-09-07,3.8862,3.9004,3.8482,3.8482,2691400,0
2016-09-08,3.8103,3.9051,3.8008,3.8862,1133609,0
2016-09-09,3.9051,3.9525,3.8767,3.8862,1487431,0
2016-09-12,3.7629,3.8577,3.7534,3.8388,2166595,0
2016-09-13,3.7251,3.7345,3.6492,3.6681,4062045,0
2016-09-14,3.6207,3.6492,3.6018,3.6113,3032867,0
2016-09-15,3.6113,3.6587,3.6018,3.6492,3813023,0
2016-09-16,3.545,3.5544,3.507,3.545,2164970,0
2016-09-19,3.5733,3.6018,3.5639,3.5733,1941093,0
2016-09-20,3.6113,3.6303,3.6018,3.6113,895463,0
2016-09-21,3.6966,3.7345,3.6966,3.7251,1290423,0
2016-09-22,3.8103,3.8293,3.7488,3.7725,1410412,0
2016-09-23,3.8008,3.8103,3.7819,3.7914,972258,0
2016-09-26,3.7155,3.7251,3.6871,3.6966,1345962,0
2016-09-27,3.5733,3.6397,3.5733,3.6397,2501288,0
2016-09-28,3.6966,3.7061,3.6303,3.7061,1197585,0
2016-09-29,3.6871,3.7051,3.5639,3.5829,2169224,0
2016-09-30,3.6303,3.6777,3.6018,3.6587,2680174,0
2016-10-03,3.6492,3.668,3.6303,3.6492,1684103,0
2016-10-04,3.6966,3.7061,3.6587,3.6777,1579618,0
2016-10-05,3.8862,3.9051,3.8388,3.8862,2936201,0
2016-10-06,3.9904,3.9999,3.9146,3.9336,2194557,0
2016-10-07,3.9525,3.962,3.8672,3.9051,1534250,0
2016-10-10,3.8862,3.9051,3.8672,3.8672,3531761,0
2016-10-11,3.9146,3.9241,3.8577,3.8767,2165499,0
2016-10-12,4.0378,4.0663,3.9809,3.9999,5918216,0
2016-10-13,3.8293,3.8445,3.7914,3.8103,2834326,0
2016-10-14,3.9146,3.943,3.8482,3.8482,1700398,0
2016-10-17,3.9336,3.943,3.8862,3.9051,1460973,0
2016-10-18,3.9336,3.9525,3.9146,3.9336,1450154,0
2016-10-19,3.9525,3.9904,3.943,3.9715,1125029,0
2016-10-20,3.9809,4.0159,3.9715,3.9999,1231222,0
2016-10-21,3.9525,4.0189,3.943,4.0189,2598513,0
2016-10-24,4.0663,4.0946,4.0473,4.0946,2455802,0
2016-10-25,4.0568,4.1611,4.0473,4.142,8707207,0
2016-10-26,4.0946,4.1611,4.0946,4.142,3071876,0
2016-10-27,4.1516,4.1895,4.1326,4.18,2155803,0
2016-10-28,4.1611,4.18,4.1042,4.142,2862322,0
2016-10-31,4.1137,4.1231,4.0852,4.1137,2018537,0
2016-11-01,4.142,4.142,4.0757,4.1137,3044675,0
2016-11-02,4.0663,4.0852,3.9999,4.0189,2208322,0
2016-11-03,4.0852,4.1089,4.0473,4.0568,1851104,0
2016-11-04,4.0283,4.0525,3.9999,3.9999,1380750,0
2016-11-07,4.1137,4.1326,4.0946,4.1326,1192075,0
2016-11-08,4.0568,4.1794,4.0473,4.142,2187958,0
2016-11-09,4.199,4.3776,4.199,4.3317,2724524,0
2016-11-10,4.7677,4.9193,4.7677,4.8814,4735332,0
2016-11-11,4.8151,4.853,4.7866,4.8434,2466452,0
2016-11-14,4.9382,4.9857,4.9288,4.9667,3256815,0
2016-11-15,4.9098,4.9382,4.8434,4.9288,2128419,0
2016-11-16,4.8625,4.8814,4.7866,4.7961,3176783,0
2016-11-17,4.8151,4.8814,4.8056,4.853,2979213,0
2016-11-18,4.834,4.8625,4.7961,4.8056,2225721,0
2016-11-21,4.8151,4.8245,4.7771,4.8151,2102233,0
2016-11-22,4.8908,4.9193,4.8719,4.9193,1911055,0
2016-11-23,4.8245,4.8719,4.8056,4.853,1816311,0
2016-11-25,4.853,4.8814,4.834,4.8719,1131484,0
2016-11-28,4.7866,4.8056,4.7392,4.7487,2332838,0
2016-11-29,4.8056,4.834,4.7771,4.8245,1824795,0
2016-11-30,4.8245,4.8814,4.8151,4.834,2028268,0
2016-12-01,4.8245,4.8814,4.7961,4.8434,3619895,0
2016-12-02,4.834,4.8719,4.8151,4.834,1155534,0
2016-12-05,4.9952,5.09,4.9857,5.09,2103865,0
2016-12-06,5.0615,5.1847,5.052,5.1563,2689839,0
2016-12-07,5.2701,5.4217,5.2701,5.4122,3061289,0
2016-12-08,5.2984,5.4217,5.2984,5.3838,3831331,0
2016-12-09,5.2321,5.2795,5.2131,5.2795,2698373,0
2016-12-12,5.289,5.2984,5.251,5.2605,1507214,0
2016-12-13,5.289,5.3079,5.2606,5.2984,1812737,0
2016-12-14,5.2701,5.3175,5.2131,5.2321,2063178,0
2016-12-15,5.2037,5.2227,5.1657,5.1847,1754892,0
2016-12-16,5.2368,5.2653,5.2131,5.2321,1585426,0
2016-12-19,5.1753,5.199,5.1563,5.1657,2244195,0
2016-12-20,5.1753,5.2131,5.1753,5.1847,2701163,0
2016-12-21,5.2321,5.2605,5.2167,5.2416,1396640,0
2016-12-22,5.251,5.2795,5.2227,5.251,1689290,0
2016-12-23,5.2413,5.2795,5.2227,5.2701,924195,0
2016-12-27,5.251,5.2701,5.2227,5.2605,1019680,0
2016-12-28,5.2037,5.2098,5.1657,5.1753,855709,0
2016-12-29,5.1847,5.2131,5.1705,5.1847,947847,0
2016-12-30,5.251,5.2795,5.2131,5.2416,1745193,0
2017-01-03,5.2984,5.3458,5.2701,5.3458,1875755,0
2017-01-04,5.3269,5.4122,5.3269,5.3932,1877157,0
2017-01-05,5.3932,5.4027,5.3364,5.3648,1922410,0
2017-01-06,5.3175,5.3838,5.3079,5.3458,3337182,0
2017-01-09,5.2321,5.2321,5.1563,5.1563,2823176,0
2017-01-10,5.1753,5.2179,5.1657,5.1847,1220739,0
2017-01-11,5.1847,5.289,5.1657,5.289,1784776,0
2017-01-12,5.2416,5.2416,5.1563,5.1847,1974993,0
2017-01-13,5.2701,5.3079,5.2227,5.2321,2054615,0
2017-01-17,5.2321,5.2368,5.1279,5.1468,1924777,0
2017-01-18,5.052,5.0709,5.0141,5.0426,2270853,0
2017-01-19,5.1279,5.142,5.052,5.1089,1687081,0
2017-01-20,5.0709,5.1089,5.0709,5.0994,1367452,0
2017-01-23,5.0994,5.1042,5.0235,5.052,958306,0
2017-01-24,5.1183,5.1753,5.1183,5.1563,1484579,0
2017-01-25,5.289,5.3553,5.2795,5.3553,1965261,0
2017-01-26,5.3175,5.3316,5.2653,5.2984,1307901,0
2017-01-27,5.289,5.2984,5.2464,5.2701,1432858,0
2017-01-30,5.1753,5.1847,5.1279,5.1753,1567017,0
2017-01-31,5.2605,5.2605,5.1468,5.1942,1581818,0
2017-02-01,5.2984,5.2984,5.2321,5.2605,1525297,0
2017-02-02,5.2037,5.2321,5.18,5.2037,1209364,0
2017-02-03,5.3269,5.3544,5.3174,5.3269,1255391,0
2017-02-06,5.2131,5.2495,5.1894,5.2037,1100079,0
2017-02-07,5.1847,5.2037,5.1657,5.1847,2535961,0
2017-02-08,5.0805,5.155,5.0331,5.1468,2386377,0
2017-02-09,5.1753,5.2605,5.1753,5.251,2871473,0
2017-02-10,5.2227,5.251,5.2037,5.251,2497730,0
2017-02-13,5.2795,5.3269,5.2701,5.289,1194581,0
2017-02-14,5.289,5.3458,5.2707,5.3364,2012207,0
2017-02-15,5.3458,5.4027,5.3458,5.3838,2366621,0
2017-02-16,5.3743,5.3932,5.3364,5.3932,1645355,0
2017-02-17,5.0994,5.161,5.0709,5.0994,5175741,0
2017-02-21,5.1373,5.1942,5.1373,5.1942,1933227,0
2017-02-22,5.1089,5.1847,5.1089,5.1753,2035108,0
2017-02-23,5.1089,5.1183,5.0426,5.0709,2443441,0
2017-02-24,4.9478,5.0235,4.9478,5.0046,1881234,0
2017-02-27,5.0331,5.0615,5.0141,5.0615,857907,0
2017-02-28,5.0235,5.09,5.0235,5.0615,1439275,0
2017-03-01,5.1942,5.232,5.1657,5.1942,1692846,0
2017-03-02,5.1942,5.2227,5.1705,5.1847,3441235,0
2017-03-03,5.3175,5.3885,5.2985,5.3743,3112423,0
2017-03-06,5.3458,5.3553,5.289,5.3269,3361323,0
2017-03-07,5.3175,5.3553,5.289,5.3364,2013899,0
2017-03-08,5.3743,5.3838,5.3175,5.3175,1566053,0
2017-03-09,5.3932,5.4122,5.3553,5.3743,1599731,0
2017-03-10,5.4501,5.4785,5.4122,5.4596,1770802,0
2017-03-13,5.488,5.5165,5.4501,5.4691,1005226,0
2017-03-14,5.3932,5.4027,5.3553,5.3932,1463447,0
2017-03-15,5.4122,5.4406,5.3932,5.4027,1778385,0
2017-03-16,5.4691,5.5354,5.4501,5.5354,2332753,0
2017-03-17,5.5165,5.5165,5.4406,5.4501,1486854,0
2017-03-20,5.4122,5.4406,5.3838,5.3932,842802,0
2017-03-21,5.5259,5.5259,5.3364,5.3458,1782114,0
2017-03-22,5.2605,5.289,5.2227,5.2605,1494691,0
2017-03-23,5.2227,5.289,5.2131,5.251,1130379,0
2017-03-24,5.0426,5.052,4.9762,5.0046,3562590,0
2017-03-27,4.9288,4.9572,4.9004,4.9572,2208725,0
2017-03-28,4.9478,4.9952,4.9288,4.9667,2015896,0
2017-03-29,4.8719,4.9004,4.8293,4.8908,1533850,0
2017-03-30,4.9004,4.9193,4.8719,4.9193,2546498,0
2017-03-31,4.8625,4.8908,4.8457,4.8625,1158071,0
2017-04-03,4.853,4.853,4.7677,4.8245,1421538,0
2017-04-04,4.7866,4.8056,4.7487,4.8056,1182098,0
2017-04-05,4.7866,4.7961,4.6918,4.7013,3799889,0
2017-04-06,4.6918,4.7487,4.6729,4.7392,1517998,0
2017-04-07,4.6634,4.6729,4.5876,4.635,3373057,0
2017-04-10,4.6255,4.6729,4.6255,4.6539,1394012,0
2017-04-11,4.6539,4.6824,4.597,4.6729,3003572,0
2017-04-12,4.6444,4.6539,4.597,4.635,1519273,0
2017-04-13,4.5591,4.6065,4.5496,4.5781,1646227,0
2017-04-17,4.6065,4.6539,4.5876,4.6444,1180886,0
2017-04-18,4.5307,4.5496,4.4833,4.5402,2224081,0
2017-04-19,4.597,4.635,4.5876,4.6065,2959067,0
2017-04-20,4.6539,4.6918,4.6397,4.6634,2688784,0
2017-04-21,4.7582,4.7866,4.7013,4.7013,2104567,0
2017-04-24,4.9193,4.9382,4.8862,4.9193,2041115,0
2017-04-25,4.9193,4.9572,4.9098,4.9288,1666548,0
2017-04-26,4.8719,4.9288,4.8719,4.8908,1052293,0
2017-04-27,4.8434,4.8625,4.7876,4.8434,1386112,0
2017-04-28,4.8719,4.8814,4.8478,4.8814,1667407,0
2017-05-01,4.9004,4.9857,4.8862,4.9667,2228975,0
2017-05-02,4.9193,4.9288,4.8908,4.9004,1978439,0
2017-05-03,4.8814,4.9382,4.8719,4.9098,1370342,0
2017-05-04,5.0331,5.0615,4.9857,5.0235,1618975,0
2017-05-05,5.1183,5.1183,5.0805,5.1183,1884165,0
2017-05-08,5.0805,5.1089,5.0615,5.0709,2535517,0
2017-05-09,5.09,5.0994,5.0331,5.052,1452168,0
2017-05-10,5.0426,5.0994,5.0331,5.0615,1636182,0
2017-05-11,4.7677,4.7866,4.7013,4.7013,3959451,0
2017-05-12,4.7297,4.7487,4.6919,4.7392,2136586,0
2017-05-15,4.7203,4.7866,4.7108,4.7582,1746895,0
2017-05-16,4.7771,4.8056,4.744,4.7582,2820639,0
2017-05-17,4.616,4.6444,4.5781,4.5876,3875964,0
2017-05-18,4.5781,4.6634,4.5781,4.6539,2560302,0
2017-05-19,4.7013,4.7203,4.6634,4.6729,3121394,0
2017-05-22,4.9536,5.0219,4.9439,5.0024,3380903,0
2017-05-23,4.8951,4.9049,4.8366,4.8756,2729453,0
2017-05-24,4.8561,4.8756,4.8366,4.8464,1545623,0
2017-05-25,4.8269,4.8464,4.8074,4.8269,1354216,0
2017-05-26,4.7976,4.8074,4.7684,4.7879,1616562,0
2017-05-30,4.8366,4.8366,4.7879,4.8074,2102074,0
2017-05-31,4.8269,4.8464,4.7976,4.8269,1949304,0
2017-06-01,4.8756,4.9536,4.8659,4.9244,1692936,0
2017-06-02,4.8951,4.9146,4.8366,4.8366,1143392,0
2017-06-05,4.8074,4.8366,4.7781,4.8269,2075245,0
2017-06-06,4.7001,4.7489,4.6903,4.7391,4248769,0
2017-06-07,4.7781,4.7976,4.7294,4.7489,1186460,0
2017-06-08,4.7781,4.8269,4.7732,4.8074,1242186,0
2017-06-09,4.8659,4.9536,4.8659,4.9341,2211206,0
2017-06-12,4.9829,5.0024,4.9439,4.9731,1741520,0
2017-06-13,5.0121,5.0219,4.9926,4.9926,1013518,0
2017-06-14,4.9926,4.9926,4.9341,4.9634,1418539,0
2017-06-15,4.8366,4.8756,4.8171,4.8561,1397759,0
2017-06-16,4.8464,4.9049,4.8366,4.9049,827522,0
2017-06-19,4.9146,4.9244,4.8854,4.9049,4128535,0
2017-06-20,4.8756,4.8854,4.8074,4.8171,1249064,0
2017-06-21,4.7489,4.8074,4.7391,4.7879,1707031,0
2017-06-22,4.7586,4.7879,4.7391,4.7781,1169980,0
2017-06-23,4.7196,4.7684,4.7001,4.7489,1301305,0
2017-06-26,4.8269,4.8269,4.7684,4.7781,1784743,0
2017-06-27,4.7489,4.7976,4.744,4.7976,1144900,0
2017-06-28,4.7879,4.8561,4.7732,4.8464,2810922,0
2017-06-29,5.0511,5.0804,4.9926,5.0609,3418185,0
2017-06-30,5.0219,5.0316,4.9536,4.9829,2230560,0
2017-07-03,5.0901,5.1292,5.0706,5.0706,1028936,0
2017-07-05,5.1487,5.1487,5.0999,5.1194,1480147,0
2017-07-06,5.1682,5.2169,5.1522,5.1682,2172859,0
2017-07-07,5.2949,5.3339,5.2852,5.3047,2255031,0
2017-07-10,5.3534,5.3827,5.3242,5.3242,1611779,0
2017-07-11,5.3729,5.3827,5.3242,5.3632,2020322,0
2017-07-12,5.3437,5.3437,5.2754,5.2852,1504812,0
2017-07-13,5.3144,5.3437,5.3047,5.3242,1420072,0
2017-07-14,5.2754,5.3291,5.2657,5.3144,1130828,0
2017-07-17,5.3047,5.3144,5.29,5.2949,1055484,0
2017-07-18,5.1877,5.2169,5.1682,5.1974,1186617,0
2017-07-19,5.1584,5.2072,5.1584,5.2072,908933,0
2017-07-20,5.2852,5.3047,5.2462,5.2559,1154030,0
2017-07-21,5.2364,5.2559,5.1974,5.2364,943248,0
2017-07-24,5.2852,5.3047,5.2657,5.2949,840340,0
2017-07-25,5.3827,5.4119,5.3729,5.3729,1266146,0
2017-07-26,5.3924,5.3924,5.3632,5.3729,1375252,0
2017-07-27,5.3924,5.4022,5.3534,5.3729,1241837,0
2017-07-28,5.3632,5.4119,5.3534,5.4119,764753,0
2017-07-31,5.3924,5.4412,5.3924,5.4314,1003611,0
2017-08-01,5.4607,5.4802,5.4412,5.4412,1529449,0
2017-08-02,5.49,5.5095,5.4607,5.4704,1882654,0
2017-08-03,5.4802,5.4997,5.4607,5.4802,1198881,0
2017-08-04,5.4802,5.5192,5.4704,5.4997,1487216,0
2017-08-07,5.529,5.5387,5.5192,5.529,820865,0
2017-08-08,5.5875,5.607,5.5582,5.568,1205783,0
2017-08-09,5.4802,5.5387,5.4727,5.529,1630726,0
2017-08-10,5.8702,5.88,5.7825,5.7922,3947858,0
2017-08-11,5.7142,5.7337,5.6557,5.7045,2717161,0
2017-08-14,5.763,5.7727,5.7045,5.724,1630986,0
2017-08-15,5.7532,5.8117,5.724,5.7825,2549334,0
2017-08-16,5.88,5.9093,5.8605,5.88,1933928,0
2017-08-17,5.8,5.82,5.73,5.74,2417659,0
2017-08-18,5.76,5.82,5.74,5.79,1843516,0
2017-08-21,5.76,5.76,5.6919,5.73,4476415,0
2017-08-22,5.76,5.81,5.76,5.79,2237215,0
2017-08-23,5.72,5.77,5.71,5.75,1380770,0
2017-08-24,5.82,5.84,5.7938,5.81,943792,0
2017-08-25,5.85,5.89,5.85,5.87,1087452,0
2017-08-28,5.85,5.86,5.81,5.84,782039,0
2017-08-29,5.62,5.68,5.61,5.67,1714992,0
2017-08-30,5.64,5.67,5.63,5.65,969140,0
2017-08-31,5.67,5.7,5.6613,5.7,838965,0
2017-09-01,5.69,5.74,5.69,5.73,946837,0
2017-09-05,5.61,5.625,5.49,5.53,1988630,0
2017-09-06,5.555,5.6,5.54,5.58,1713483,0
2017-09-07,5.61,5.615,5.55,5.56,1558820,0
2017-09-08,5.59,5.62,5.585,5.6,1379219,0
2017-09-11,5.67,5.715,5.67,5.7,2981278,0
2017-09-12,5.87,5.92,5.86,5.87,3942621,0
2017-09-13,5.88,5.91,5.8,5.8,2270811,0
2017-09-14,5.74,5.75,5.7,5.72,1445110,0
2017-09-15,5.68,5.71,5.67,5.69,923298,0
2017-09-18,5.77,5.81,5.77,5.79,1304525,0
2017-09-19,5.78,5.82,5.77,5.81,743293,0
2017-09-20,5.81,5.84,5.78,5.81,1459459,0
2017-09-21,5.87,5.91,5.87,5.88,1409114,0
2017-09-22,5.88,5.945,5.87,5.94,1028774,0
2017-09-25,5.83,5.85,5.76,5.79,1512059,0
2017-09-26,5.78,5.8,5.75,5.77,1025900,0
2017-09-27,5.86,5.88,5.835,5.85,2982211,0
2017-09-28,5.84,5.89,5.8147,5.85,2876082,0
2017-09-29,5.84,5.85,5.77,5.79,7367719,0
2017-10-02,5.77,5.78,5.74,5.76,13095309,0
2017-10-03,5.74,5.75,5.685,5.69,15068827,0
2017-10-04,5.66,5.67,5.625,5.64,5187789,0
2017-10-05,5.59,5.6,5.52,5.52,14856666,0
2017-10-06,5.53,5.56,5.51,5.52,13592531,0
2017-10-09,5.57,5.6,5.5,5.56,7185402,0
2017-10-10,5.63,5.66,5.61,5.66,3619655,0
2017-10-11,5.69,5.7,5.64,5.68,4296541,0
2017-10-12,5.68,5.69,5.66,5.67,3503991,0
2017-10-13,5.72,5.74,5.71,5.72,1848939,0
2017-10-16,5.75,5.78,5.74,5.75,2085465,0
2017-10-17,5.77,5.79,5.76,5.77,2305977,0
2017-10-18,5.82,5.84,5.82,5.82,1338611,0
2017-10-19,5.84,5.91,5.84,5.9,2522333,0
2017-10-20,5.95,6.13,5.81,5.82,7016170,0
2017-10-23,5.91,5.92,5.8401,5.86,2181195,0
2017-10-24,5.94,5.97,5.92,5.94,2223480,0
2017-10-25,5.96,5.98,5.895,5.95,1929201,0
2017-10-26,5.97,5.99,5.93,5.94,1126127,0
2017-10-27,5.89,5.8999,5.85,5.85,1179211,0
2017-10-30,5.86,5.88,5.83,5.83,1136817,0
2017-10-31,5.87,5.91,5.85,5.87,1610195,0
2017-11-01,5.92,5.9688,5.91,5.95,1764803,0
2017-11-02,5.99,6.02,5.98,6.0,2444604,0
2017-11-03,5.88,5.91,5.86,5.89,2119712,0
2017-11-06,5.89,5.92,5.89,5.91,1332220,0
2017-11-07,5.94,5.96,5.86,5.89,2801984,0
2017-11-08,5.835,5.875,5.83,5.85,2365377,0
2017-11-09,6.06,6.21,6.06,6.21,3787101,0
2017-11-10,6.09,6.12,6.04,6.07,2785020,0
