Date,Open,High,Low,Close,Volume,OpenInt
2014-01-02,40.6,40.669,39.791,39.865,3184340,0
2014-01-03,39.969,40.118,39.58,39.849,2799205,0
2014-01-06,39.875,40.066,39.686,39.824,2572941,0
2014-01-07,39.855,40.178,39.807,40.082,2070689,0
2014-01-08,40.041,40.118,39.703,39.841,2953026,0
2014-01-09,39.927,40.023,39.752,39.996,2227235,0
2014-01-10,40.266,41.126,40.256,40.79,3461476,0
2014-01-13,40.654,40.765,40.153,40.333,3185205,0
2014-01-14,40.36,40.464,40.082,40.194,2536308,0
2014-01-15,40.194,40.256,39.989,40.144,2016697,0
2014-01-16,40.144,40.333,40.048,40.256,1844119,0
2014-01-17,40.343,40.437,40.126,40.419,2522340,0
2014-01-21,40.56,40.929,40.56,40.912,2138090,0
2014-01-22,40.92,41.126,40.818,41.069,2479003,0
2014-01-23,41.007,41.183,40.751,41.163,3859196,0
2014-01-24,41.015,41.216,40.419,40.419,4337078,0
2014-01-27,40.455,40.956,40.283,40.773,3974116,0
2014-01-28,40.836,41.069,40.669,41.06,2683646,0
2014-01-29,40.902,41.458,40.853,41.126,3821873,0
2014-01-30,41.208,41.846,41.199,41.691,3232226,0
2014-01-31,41.439,42.331,41.328,42.185,4888001,0
2014-02-03,42.289,42.684,41.664,41.751,5787344,0
2014-02-04,41.977,42.009,41.525,41.914,4936608,0
2014-02-05,41.777,41.804,41.302,41.439,3912803,0
2014-02-06,41.422,41.59,41.246,41.572,4174735,0
2014-02-07,41.703,41.974,41.581,41.947,2917101,0
2014-02-10,41.86,42.165,41.507,42.138,3566144,0
2014-02-11,42.088,42.61,42.051,42.48,2517783,0
2014-02-12,42.392,42.777,42.279,42.777,3099797,0
2014-02-13,42.627,43.439,42.575,43.406,3208030,0
2014-02-14,43.282,43.772,43.152,43.762,2666347,0
2014-02-18,43.807,44.105,43.745,44.009,3524046,0
2014-02-19,43.885,44.332,43.737,43.799,2684992,0
2014-02-20,43.737,44.332,43.493,43.964,3608791,0
2014-02-21,43.989,44.444,43.982,44.155,3411967,0
2014-02-24,44.192,44.427,43.71,43.728,3232473,0
2014-02-25,43.823,44.164,43.607,43.719,2746635,0
2014-02-26,43.919,44.148,43.685,43.904,2329218,0
2014-02-27,43.858,43.999,43.327,43.493,3397158,0
2014-02-28,43.589,44.042,43.57,43.842,3053397,0
2014-03-03,43.64,43.842,43.352,43.423,2317089,0
2014-03-04,43.754,43.956,43.56,43.71,2871216,0
2014-03-05,43.762,43.927,43.337,43.387,2341386,0
2014-03-06,43.465,43.57,42.96,43.012,2409320,0
2014-03-07,42.863,43.127,42.47,43.079,2844296,0
2014-03-10,43.072,43.3,42.767,42.975,2860112,0
2014-03-11,43.066,43.107,42.41,42.532,4033343,0
2014-03-12,42.47,43.242,42.419,43.232,2333002,0
2014-03-13,43.273,43.754,43.152,43.589,2742353,0
2014-03-14,43.58,43.999,43.456,43.762,2282303,0
2014-03-17,43.851,44.015,43.519,43.919,2661083,0
2014-03-18,44.024,44.095,43.719,43.807,2438512,0
2014-03-19,43.814,43.895,42.689,42.741,4794285,0
2014-03-20,42.645,42.751,42.191,42.575,4301333,0
2014-03-21,42.751,43.327,42.523,42.698,6223100,0
2014-03-24,42.671,43.048,42.557,42.584,4911565,0
2014-03-25,42.663,43.203,42.384,43.117,5385127,0
2014-03-26,43.17,43.361,42.96,43.072,3362046,0
2014-03-27,43.038,43.623,42.786,43.493,4873984,0
2014-03-28,43.51,43.814,43.361,43.666,3055108,0
2014-03-31,43.823,44.497,43.666,44.243,3751883,0
2014-04-01,44.338,44.375,43.814,44.015,3442153,0
2014-04-02,43.989,44.155,43.657,44.024,3159726,0
2014-04-03,44.105,44.313,43.937,44.164,2248428,0
2014-04-04,44.347,44.889,44.2,44.347,3181154,0
2014-04-07,44.452,44.812,44.262,44.269,3190041,0
2014-04-08,44.347,44.976,43.974,44.899,3330959,0
2014-04-09,44.916,45.081,44.497,45.013,3586521,0
2014-04-10,45.062,45.325,44.506,44.532,4508196,0
2014-04-11,44.636,44.95,44.418,44.452,3495122,0
2014-04-14,44.767,44.916,44.366,44.784,3278687,0
2014-04-15,44.82,45.718,44.758,45.694,4483803,0
2014-04-16,45.648,45.849,45.43,45.849,2892379,0
2014-04-17,45.718,45.937,45.09,45.176,2479338,0
2014-04-21,45.047,45.554,44.916,45.109,2684164,0
2014-04-22,45.099,45.256,44.732,45.126,3186847,0
2014-04-23,45.194,45.727,45.152,45.325,3498404,0
2014-04-24,45.468,46.078,45.099,45.703,5243159,0
2014-04-25,46.365,46.794,45.972,46.621,5206232,0
2014-04-28,46.812,47.615,46.812,47.546,5442514,0
2014-04-29,47.553,47.72,46.993,47.055,5107558,0
2014-04-30,47.152,47.538,46.941,46.993,4267429,0
2014-05-01,47.152,47.212,46.434,47.047,3783916,0
2014-05-02,46.845,46.845,45.782,46.137,4377325,0
2014-05-05,46.112,46.627,46.023,46.601,3421490,0
2014-05-06,46.488,46.592,46.146,46.155,3404868,0
2014-05-07,46.261,47.187,46.165,47.17,3818626,0
2014-05-08,47.161,47.232,46.616,46.782,3527875,0
2014-05-09,46.791,46.957,46.096,46.127,3949772,0
2014-05-12,46.281,46.299,45.495,45.634,4080555,0
2014-05-13,45.829,46.087,45.681,46.05,3334438,0
2014-05-14,46.05,46.624,46.006,46.165,3086500,0
2014-05-15,46.175,46.349,45.804,45.865,2611337,0
2014-05-16,45.962,46.483,45.723,46.465,3534048,0
2014-05-19,46.367,46.387,44.973,44.983,4649409,0
2014-05-20,45.053,45.432,44.808,44.931,3846565,0
2014-05-21,45.02,45.175,44.859,45.06,1888467,0
2014-05-22,45.117,45.601,45.06,45.397,2056748,0
2014-05-23,45.355,45.593,45.249,45.326,1812024,0
2014-05-27,45.962,46.658,45.883,46.465,5856417,0
2014-05-28,46.427,46.721,46.155,46.677,4145687,0
2014-05-29,46.782,46.827,46.202,46.542,3658790,0
2014-05-30,46.525,47.081,46.52,47.038,3127066,0
2014-06-02,46.906,47.258,46.763,47.153,2654216,0
2014-06-03,47.204,47.786,47.047,47.557,5084759,0
2014-06-04,47.379,47.648,47.311,47.601,3123112,0
2014-06-05,47.204,47.983,47.204,47.762,3151372,0
2014-06-06,48.051,48.079,47.64,47.67,1817425,0
2014-06-09,47.543,47.601,47.055,47.161,2541103,0
2014-06-10,47.153,47.427,46.967,47.135,2845111,0
2014-06-11,47.081,47.153,46.291,46.314,3109396,0
2014-06-12,46.252,46.52,45.486,46.367,2686827,0
2014-06-13,46.306,46.677,45.998,46.532,1826233,0
2014-06-16,46.5,47.355,46.483,46.809,2739473,0
2014-06-17,46.571,46.721,46.103,46.562,2065674,0
2014-06-18,46.658,47.736,46.596,47.717,4063574,0
2014-06-19,47.839,48.484,47.743,48.404,3491563,0
2014-06-20,48.404,48.448,48.0,48.031,2842900,0
2014-06-23,48.079,48.113,47.67,48.007,2034724,0
2014-06-24,47.831,48.334,47.831,48.185,2222909,0
2014-06-25,48.089,48.705,48.007,48.598,2476749,0
2014-06-26,48.608,48.608,48.342,48.493,2874932,0
2014-06-27,48.475,48.855,48.271,48.783,2999307,0
2014-06-30,48.871,49.323,48.633,49.171,2657659,0
2014-07-01,49.226,49.294,48.66,48.677,2049480,0
2014-07-02,48.59,48.66,47.379,47.762,3097844,0
2014-07-03,47.435,47.468,46.897,47.399,2291804,0
2014-07-07,47.204,47.707,47.204,47.409,2906876,0
2014-07-08,47.468,48.13,47.468,48.098,3539322,0
2014-07-09,48.308,48.44,47.877,48.236,3007735,0
2014-07-10,48.051,48.395,48.051,48.316,2442191,0
2014-07-11,48.271,48.448,47.726,47.885,2252983,0
2014-07-14,47.955,48.106,47.196,47.258,3554812,0
2014-07-15,47.241,47.779,47.241,47.549,3063746,0
2014-07-16,47.648,47.849,47.389,47.793,2319146,0
2014-07-17,47.753,47.839,47.153,47.153,2317205,0
2014-07-18,47.338,48.007,47.204,47.955,2196079,0
2014-07-21,47.894,47.926,47.266,47.648,2309086,0
2014-07-22,47.823,47.894,47.557,47.656,1376742,0
2014-07-23,47.664,47.813,47.525,47.581,2024954,0
2014-07-24,47.573,47.656,47.371,47.621,2487267,0
2014-07-25,47.831,48.245,46.658,46.924,3472488,0
2014-07-28,46.851,48.194,46.753,48.185,3298118,0
2014-07-29,48.316,48.395,47.67,47.687,2351832,0
2014-07-30,47.707,47.813,46.349,46.729,3277870,0
2014-07-31,46.52,46.667,45.812,45.838,2846358,0
2014-08-01,45.847,46.562,45.812,46.118,2955206,0
2014-08-04,46.022,46.022,44.508,45.317,6554693,0
2014-08-05,45.214,45.461,44.701,44.826,3267411,0
2014-08-06,44.789,44.816,43.685,43.88,6701290,0
2014-08-07,44.067,44.655,44.067,44.38,3272581,0
2014-08-08,44.389,45.022,44.389,44.985,3157711,0
2014-08-11,44.985,45.27,44.761,44.826,2181851,0
2014-08-12,44.62,45.128,44.62,44.886,2745583,0
2014-08-13,44.994,45.361,44.896,45.208,3068443,0
2014-08-14,45.217,45.642,45.217,45.536,2450661,0
2014-08-15,45.555,45.965,45.536,45.787,2754720,0
2014-08-18,45.805,46.17,45.74,45.83,2898219,0
2014-08-19,45.973,46.491,45.847,46.481,2538491,0
2014-08-20,46.419,46.694,46.23,46.639,2322242,0
2014-08-21,46.713,47.166,46.678,47.016,2731225,0
2014-08-22,46.944,47.077,46.356,46.784,2608591,0
2014-08-25,47.059,47.21,46.82,47.149,1363957,0
2014-08-26,47.21,47.451,46.491,46.532,1739979,0
2014-08-27,46.571,47.354,46.571,47.326,2606988,0
2014-08-28,47.149,47.549,47.103,47.475,1959072,0
2014-08-29,47.543,47.825,47.398,47.816,1713521,0
2014-09-02,47.781,47.843,46.971,47.086,2661194,0
2014-09-03,47.273,47.657,47.192,47.515,1925616,0
2014-09-04,47.459,47.557,46.971,47.192,2539642,0
2014-09-05,47.408,47.968,47.229,47.96,2511384,0
2014-09-08,47.93,47.96,47.485,47.665,2124820,0
2014-09-09,47.417,47.549,46.996,47.183,2804830,0
2014-09-10,47.21,47.345,46.909,47.183,2456133,0
2014-09-11,47.21,47.756,47.159,47.672,2292235,0
2014-09-12,47.475,47.534,46.571,46.729,2312008,0
2014-09-15,46.765,47.132,46.678,46.918,1974790,0
2014-09-16,46.951,47.889,46.872,47.756,2443622,0
2014-09-17,47.923,47.978,47.229,47.475,2313762,0
2014-09-18,47.475,47.592,46.775,46.961,1914616,0
2014-09-19,47.068,47.515,46.935,47.443,2679935,0
2014-09-22,47.309,47.434,46.971,47.166,1362701,0
2014-09-23,47.103,47.175,46.784,46.803,2271567,0
2014-09-24,46.9,46.944,46.499,46.721,2415669,0
2014-09-25,46.738,46.89,46.374,46.384,2133937,0
2014-09-26,46.394,46.747,45.927,46.525,1557256,0
2014-09-29,46.337,46.589,46.054,46.463,2473111,0
2014-09-30,46.571,46.979,46.267,46.491,2318987,0
2014-10-01,46.606,47.132,46.499,46.639,2486522,0
2014-10-02,46.631,46.996,46.463,46.551,2653871,0
2014-10-03,46.639,47.202,46.277,47.077,2308366,0
2014-10-06,47.239,47.426,46.845,47.016,1626941,0
2014-10-07,46.918,47.649,46.845,47.159,3195865,0
2014-10-08,47.094,48.209,47.094,48.192,2601706,0
2014-10-09,48.192,48.467,47.612,47.689,4127429,0
2014-10-10,47.978,48.528,47.843,47.987,3025113,0
2014-10-13,47.95,48.922,47.862,48.289,3102822,0
2014-10-14,48.574,49.526,48.253,48.726,4191084,0
2014-10-15,48.386,48.912,47.113,48.413,5307432,0
2014-10-16,47.602,48.136,47.068,48.027,4056960,0
2014-10-17,48.679,48.787,47.631,48.626,4311911,0
2014-10-20,48.61,49.374,48.528,49.294,2430626,0
2014-10-21,49.339,49.589,48.983,49.471,3106959,0
2014-10-22,49.471,50.344,49.42,49.794,4174685,0
2014-10-23,49.901,50.131,49.029,49.225,5093446,0
2014-10-24,49.447,50.46,49.374,50.284,3163202,0
2014-10-27,50.408,51.102,50.353,50.54,3380647,0
2014-10-28,50.665,50.719,50.079,50.392,3731166,0
2014-10-29,50.498,51.092,50.016,50.54,2996306,0
2014-10-30,50.763,51.914,50.638,51.885,3623784,0
2014-10-31,52.17,52.187,51.646,51.949,3407614,0
2014-11-03,52.011,52.359,51.84,52.225,2270037,0
2014-11-04,52.243,52.491,51.671,51.76,2421134,0
2014-11-05,52.163,53.284,52.021,53.194,5244660,0
2014-11-06,52.603,52.79,51.273,51.99,5310076,0
2014-11-07,52.028,52.421,51.812,52.395,1952807,0
2014-11-10,52.117,52.61,52.079,52.45,2639074,0
2014-11-11,52.378,52.501,51.773,52.055,2549404,0
2014-11-12,51.605,51.793,50.805,51.092,3679171,0
2014-11-13,51.092,51.435,50.463,50.591,3184086,0
2014-11-14,50.473,50.652,50.257,50.365,2355254,0
2014-11-17,50.463,51.444,50.219,51.38,3235720,0
2014-11-18,51.497,51.749,51.164,51.435,2635114,0
2014-11-19,51.388,51.533,51.066,51.425,2562371,0
2014-11-20,51.288,51.704,51.002,51.415,2444092,0
2014-11-21,51.803,51.921,51.011,51.586,2592740,0
2014-11-24,51.586,51.657,51.002,51.03,2331739,0
2014-11-25,51.164,51.209,50.6,50.831,3101396,0
2014-11-26,50.976,51.209,50.769,50.904,2280691,0
2014-11-28,51.047,51.882,51.047,51.704,1464771,0
2014-12-01,51.487,52.421,51.182,52.117,2844827,0
2014-12-02,52.098,52.603,51.704,52.43,2490732,0
2014-12-03,52.501,52.665,52.163,52.566,3042601,0
2014-12-04,52.576,52.808,52.163,52.501,2404081,0
2014-12-05,51.882,52.378,51.632,51.891,2187564,0
2014-12-08,52.055,52.826,51.921,52.79,3341854,0
2014-12-09,52.37,53.321,52.37,52.889,3500154,0
2014-12-10,53.015,53.528,52.295,52.313,2636791,0
2014-12-11,52.979,53.248,52.519,52.88,2400019,0
2014-12-12,52.603,53.321,52.511,52.728,3581018,0
2014-12-15,52.682,52.934,51.666,52.179,3286279,0
2014-12-16,52.179,52.8,51.388,51.954,2369752,0
2014-12-17,52.045,52.987,52.045,52.846,2684875,0
2014-12-18,53.033,53.895,52.846,53.886,2919297,0
2014-12-19,53.914,54.335,53.464,53.807,4415308,0
2014-12-22,53.788,54.04,53.464,54.04,1910999,0
2014-12-23,54.138,54.335,53.958,54.003,1884731,0
2014-12-24,54.129,55.207,54.102,55.083,2001352,0
2014-12-26,55.216,56.052,55.135,55.691,3137729,0
2014-12-29,55.701,56.796,55.701,56.519,2864694,0
2014-12-30,56.42,56.42,55.306,55.45,2227966,0
2014-12-31,55.539,55.73,54.516,54.552,2170212,0
2015-01-02,54.694,55.017,54.254,54.935,2238857,0
2015-01-05,54.894,55.053,53.877,54.129,2941424,0
2015-01-06,54.281,55.558,54.236,54.426,4641859,0
2015-01-07,54.426,55.593,54.227,55.198,3115255,0
2015-01-08,55.37,55.872,55.37,55.673,2753746,0
2015-01-09,55.73,55.854,54.935,55.378,2686945,0
2015-01-12,55.593,55.665,54.894,55.306,2684424,0
2015-01-13,55.738,56.49,55.27,55.584,2940763,0
2015-01-14,55.441,56.448,55.171,56.382,2893757,0
2015-01-15,56.42,56.951,56.185,56.744,2904003,0
2015-01-16,56.698,57.139,56.382,57.109,2598474,0
2015-01-20,57.499,57.542,56.617,57.077,2513358,0
2015-01-21,56.942,57.722,56.556,57.624,2761904,0
2015-01-22,58.002,58.062,57.202,57.569,2164575,0
2015-01-23,57.838,58.306,57.606,57.964,2290560,0
2015-01-26,57.875,58.037,57.517,58.012,2006971,0
2015-01-27,57.866,58.236,57.677,57.722,3045509,0
2015-01-28,57.749,58.736,56.824,56.942,3949984,0
2015-01-29,56.923,57.49,56.372,57.246,3347822,0
2015-01-30,57.129,57.74,56.382,56.43,4291972,0
2015-02-02,56.467,57.058,55.953,56.655,4053089,0
2015-02-03,56.528,56.724,56.15,56.382,4053063,0
2015-02-04,56.372,56.598,55.721,55.898,3735084,0
2015-02-05,56.205,56.322,55.603,56.107,2451901,0
2015-02-06,55.996,56.206,53.333,53.596,4568623,0
2015-02-09,53.54,53.85,52.573,52.771,4137189,0
2015-02-10,52.789,53.85,52.789,53.741,3756472,0
2015-02-11,53.505,53.524,52.634,52.807,3112388,0
2015-02-12,52.807,53.024,52.326,52.535,4088926,0
2015-02-13,52.382,52.653,51.655,52.398,4256332,0
2015-02-17,52.137,52.979,51.901,52.435,4434365,0
2015-02-18,52.6,53.741,52.273,53.568,4097410,0
2015-02-19,53.387,53.524,52.582,52.925,3262899,0
2015-02-20,52.853,53.251,52.228,53.206,4303581,0
2015-02-23,53.251,53.596,53.18,53.54,2357778,0
2015-02-24,53.45,54.04,53.233,53.713,2378625,0
2015-02-25,53.623,53.723,52.582,52.625,3375492,0
2015-02-26,52.752,52.934,51.921,52.02,3532337,0
2015-02-27,52.128,52.455,51.882,52.172,2731929,0
2015-03-02,52.001,52.172,50.532,50.879,3299649,0
2015-03-03,50.968,51.421,50.541,51.402,3266100,0
2015-03-04,51.149,52.147,50.968,51.268,3524903,0
2015-03-05,51.648,52.1,51.502,51.721,2560214,0
2015-03-06,51.213,51.213,49.527,49.844,4188077,0
2015-03-09,49.926,50.306,49.781,49.998,2542556,0
2015-03-10,49.889,50.605,49.772,50.072,2856319,0
2015-03-11,50.08,50.342,49.564,49.626,2326465,0
2015-03-12,49.871,50.949,49.772,49.939,2491866,0
2015-03-13,50.605,50.605,49.564,50.115,2542227,0
2015-03-16,50.289,51.232,50.271,50.888,2070200,0
2015-03-17,50.632,51.131,50.498,50.65,2616058,0
2015-03-18,50.678,52.499,50.44,52.147,3390922,0
2015-03-19,52.001,52.507,51.521,51.693,2458018,0
2015-03-20,51.939,52.535,51.664,52.281,3811186,0
2015-03-23,52.29,52.69,52.189,52.507,2103088,0
2015-03-24,52.417,52.807,51.702,51.872,2118428,0
2015-03-25,51.939,52.326,50.632,50.66,6132905,0
2015-03-26,50.559,50.949,49.917,50.134,3395997,0
2015-03-27,50.197,51.177,50.034,50.65,2809194,0
2015-03-30,50.805,51.557,50.615,51.268,2062695,0
2015-03-31,51.167,51.712,50.831,50.968,3715527,0
2015-04-01,50.939,51.312,50.406,51.077,3346886,0
2015-04-02,51.032,51.332,50.888,51.159,2513311,0
2015-04-06,51.322,52.11,51.322,51.739,1980585,0
2015-04-07,51.655,51.802,51.058,51.077,2064217,0
2015-04-08,51.094,51.14,50.432,50.722,3259919,0
2015-04-09,50.788,50.813,50.181,50.55,2125561,0
2015-04-10,50.706,51.268,50.55,51.094,1411770,0
2015-04-13,50.879,51.068,50.415,50.44,1245344,0
2015-04-14,50.541,50.996,50.47,50.831,1971094,0
2015-04-15,50.939,51.44,50.831,51.068,2446165,0
2015-04-16,50.905,50.939,50.315,50.605,3048244,0
2015-04-17,50.399,51.094,50.299,50.498,2185200,0
2015-04-20,50.605,51.729,50.598,51.312,2658188,0
2015-04-21,51.349,51.712,50.532,50.714,2161964,0
2015-04-22,50.905,50.968,50.44,50.869,2543974,0
2015-04-23,51.502,51.756,51.04,51.557,3063804,0
2015-04-24,51.782,52.87,51.683,52.445,4428325,0
2015-04-27,52.615,52.653,52.237,52.29,3816371,0
2015-04-28,52.001,52.653,51.811,52.625,3437550,0
2015-04-29,52.11,52.582,51.839,52.365,4486170,0
2015-04-30,52.137,52.199,51.122,51.53,4211145,0
2015-05-01,51.511,51.811,51.223,51.674,2632944,0
2015-05-04,51.683,52.299,51.575,51.972,2462212,0
2015-05-05,51.765,51.802,50.589,50.65,5223729,0
2015-05-06,50.751,50.942,49.726,50.277,3278136,0
2015-05-07,50.531,50.971,50.339,50.549,2383372,0
2015-05-08,51.043,51.474,50.807,51.043,2382239,0
2015-05-11,50.89,51.382,50.578,50.707,1756507,0
2015-05-12,50.387,50.458,49.918,50.267,3177515,0
2015-05-13,50.358,50.65,49.452,49.654,3223930,0
2015-05-14,49.91,50.597,49.901,50.405,2521292,0
2015-05-15,50.605,50.991,50.43,50.861,2344151,0
2015-05-18,50.641,51.264,50.624,51.118,2159059,0
2015-05-19,50.861,51.319,50.707,51.043,1931227,0
2015-05-20,51.007,51.465,50.971,51.154,1911709,0
2015-05-21,51.144,51.274,50.807,51.052,2215204,0
2015-05-22,50.981,51.052,50.549,50.907,1768642,0
2015-05-26,50.861,50.898,50.239,50.615,2221313,0
2015-05-27,50.76,51.355,50.578,51.282,2725169,0
2015-05-28,51.236,51.529,50.88,51.319,2334840,0
2015-05-29,51.448,51.64,51.035,51.492,4019376,0
2015-06-01,51.29,51.602,50.999,51.236,2326813,0
2015-06-02,50.89,50.925,50.148,50.468,2428391,0
2015-06-03,50.405,50.549,49.489,49.745,2903684,0
2015-06-04,49.535,50.001,49.508,49.663,3569645,0
2015-06-05,49.188,49.207,48.592,48.884,3710555,0
2015-06-08,48.949,49.023,48.666,48.903,3051700,0
2015-06-09,48.849,49.325,48.712,48.903,3128818,0
2015-06-10,49.817,50.139,49.279,49.297,3304033,0
2015-06-11,49.726,49.865,49.508,49.682,2728491,0
2015-06-12,49.47,49.607,49.269,49.333,2059864,0
2015-06-15,49.215,49.397,49.004,49.078,1983888,0
2015-06-16,48.986,49.25,48.793,49.149,2922267,0
2015-06-17,49.096,49.535,48.894,49.452,2221873,0
2015-06-18,49.498,50.304,49.498,50.158,2262539,0
2015-06-19,50.185,50.257,49.808,49.827,2874387,0
2015-06-22,49.927,49.927,49.489,49.617,1714312,0
2015-06-23,49.59,49.673,48.739,48.793,2804909,0
2015-06-24,48.822,48.994,48.409,48.447,3133031,0
2015-06-25,48.465,48.666,48.135,48.135,2142399,0
2015-06-26,48.109,48.519,47.862,48.4,2398529,0
2015-06-29,48.418,49.088,48.271,48.299,2588849,0
2015-06-30,48.438,48.712,48.262,48.455,3541153,0
2015-07-01,48.483,48.822,48.262,48.747,2912648,0
2015-07-02,49.14,49.699,48.949,49.607,2323320,0
2015-07-06,49.479,49.901,49.416,49.882,3571066,0
2015-07-07,50.129,51.684,50.075,51.299,4861773,0
2015-07-08,51.043,51.565,50.999,51.254,3252077,0
2015-07-09,51.319,51.529,50.523,50.789,3650649,0
2015-07-10,50.723,51.219,50.505,50.823,3067877,0
2015-07-13,50.925,51.136,50.201,50.624,2421922,0
2015-07-14,50.669,50.925,50.304,50.487,2109882,0
2015-07-15,50.497,50.934,50.304,50.934,2644167,0
2015-07-16,50.971,51.64,50.88,51.557,2729869,0
2015-07-17,51.329,51.557,50.962,50.971,3087555,0
2015-07-20,50.842,50.952,50.358,50.807,3003492,0
2015-07-21,50.77,50.842,49.991,50.21,2406400,0
2015-07-22,50.286,50.815,50.21,50.505,3483394,0
2015-07-23,50.615,50.615,49.599,49.937,3863598,0
2015-07-24,49.865,50.11,49.554,49.947,3307502,0
2015-07-27,50.001,51.254,49.966,50.991,3049731,0
2015-07-28,50.898,51.254,50.789,51.126,2937353,0
2015-07-29,50.999,51.229,50.66,51.172,2729862,0
2015-07-30,50.917,51.784,50.832,51.52,2179785,0
2015-07-31,51.95,52.344,51.665,51.749,2639465,0
2015-08-03,51.942,52.371,51.823,52.195,2687702,0
2015-08-04,52.169,52.27,51.482,51.583,2406074,0
2015-08-05,51.766,52.005,51.448,51.823,2519870,0
2015-08-06,51.739,52.007,51.102,51.951,2388452,0
2015-08-07,51.849,52.709,51.508,52.421,2207476,0
2015-08-10,52.46,52.699,52.209,52.369,2719707,0
2015-08-11,52.359,52.985,52.136,52.496,2580962,0
2015-08-12,52.496,53.344,52.267,53.16,2662203,0
2015-08-13,52.939,53.318,52.522,53.141,2043842,0
2015-08-14,53.16,53.752,52.717,53.742,2093873,0
2015-08-17,53.734,54.176,53.547,53.88,2376198,0
2015-08-18,53.742,53.899,53.521,53.808,2116942,0
2015-08-19,53.567,54.445,53.392,54.297,2794646,0
2015-08-20,53.946,54.648,53.668,53.899,2010054,0
2015-08-21,53.531,53.889,52.838,52.902,4260630,0
2015-08-24,51.054,52.421,48.295,50.63,6129877,0
2015-08-25,50.807,51.387,48.94,48.959,5387109,0
2015-08-26,49.431,50.059,48.756,49.873,4773404,0
2015-08-27,50.401,50.722,49.967,50.706,3150396,0
2015-08-28,50.648,51.138,49.928,50.696,2280355,0
2015-08-31,50.372,50.502,49.697,50.132,3886472,0
2015-09-01,49.624,49.8,48.618,48.932,3553901,0
2015-09-02,49.292,49.321,48.443,48.949,2664910,0
2015-09-03,48.987,49.431,48.94,49.263,2534742,0
2015-09-04,48.903,49.005,48.285,48.515,2810458,0
2015-09-08,49.152,49.948,49.152,49.938,3410843,0
2015-09-09,50.196,50.307,49.191,49.282,2818690,0
2015-09-10,49.321,49.744,49.107,49.301,2352684,0
2015-09-11,49.21,49.689,48.978,49.661,1954934,0
2015-09-14,49.744,50.085,49.495,49.569,2234873,0
2015-09-15,49.661,49.882,49.301,49.725,2624841,0
2015-09-16,49.846,50.528,49.715,50.444,4924257,0
2015-09-17,50.483,52.117,50.363,51.591,5679374,0
2015-09-18,51.248,52.016,51.102,51.232,4150493,0
2015-09-21,51.462,51.654,51.112,51.343,3057912,0
2015-09-22,51.138,51.387,50.418,50.528,3855066,0
2015-09-23,50.613,50.89,50.334,50.807,2034300,0
2015-09-24,50.648,51.343,50.546,51.213,4146814,0
2015-09-25,51.334,52.218,50.962,51.702,2943442,0
2015-09-28,51.654,52.189,51.213,51.581,2613962,0
2015-09-29,51.702,52.069,51.47,51.832,2880415,0
2015-09-30,52.035,52.606,51.721,52.503,3016108,0
2015-10-01,52.561,52.633,51.517,51.839,4565262,0
2015-10-02,52.385,52.411,51.425,52.007,5597958,0
2015-10-05,52.329,53.18,52.117,53.059,3256714,0
2015-10-06,52.847,53.041,52.108,52.283,3358754,0
2015-10-07,52.411,52.45,51.663,51.748,4856136,0
2015-10-08,51.721,52.598,51.654,52.513,3680171,0
2015-10-09,52.542,52.672,52.181,52.394,2212348,0
2015-10-12,52.45,53.318,52.45,53.151,2459015,0
2015-10-13,53.059,53.427,52.874,53.234,2321293,0
2015-10-14,53.253,53.927,53.19,53.698,4209961,0
2015-10-15,53.88,54.306,53.456,54.222,2983295,0
2015-10-16,54.48,54.519,53.808,54.057,3285871,0
2015-10-19,53.982,54.176,53.401,54.102,3131970,0
2015-10-20,54.028,54.692,53.761,54.167,3384380,0
2015-10-21,54.445,54.961,54.222,54.426,3597001,0
2015-10-22,54.028,54.73,53.734,54.638,4445055,0
2015-10-23,54.453,54.489,53.004,53.078,5289644,0
2015-10-26,53.309,53.456,52.884,53.392,3098955,0
2015-10-27,53.437,53.595,53.031,53.253,2306130,0
2015-10-28,53.364,53.538,52.079,52.699,2224045,0
2015-10-29,52.43,52.633,51.268,51.905,3732478,0
2015-10-30,52.117,52.561,51.905,52.309,2992934,0
2015-11-02,52.309,52.633,51.951,52.532,2953037,0
2015-11-03,52.369,52.672,52.035,52.402,2317169,0
2015-11-04,52.421,52.773,52.248,52.369,2787083,0
2015-11-05,52.369,52.606,52.098,52.165,2581308,0
2015-11-06,51.482,51.557,49.71,50.324,5522842,0
2015-11-09,50.12,50.895,49.925,50.764,3938587,0
2015-11-10,50.812,51.427,50.812,51.389,2555288,0
2015-11-11,51.437,51.941,51.315,51.819,2907296,0
2015-11-12,51.65,52.229,51.325,51.594,2827416,0
2015-11-13,51.65,52.087,51.248,51.351,2409898,0
2015-11-16,51.344,52.463,51.258,52.424,2367867,0
2015-11-17,52.284,52.741,51.213,51.344,2597427,0
2015-11-18,51.38,51.762,50.652,51.678,5013328,0
2015-11-19,51.846,52.714,51.79,52.526,4020703,0
2015-11-20,52.732,53.142,52.331,52.732,4572543,0
2015-11-23,52.76,53.012,52.146,52.219,2468441,0
2015-11-24,51.941,52.209,51.548,52.034,2417510,0
2015-11-25,51.838,52.043,51.576,51.864,2515510,0
2015-11-27,51.912,52.351,51.744,52.172,1526397,0
2015-11-30,52.181,52.78,52.181,52.239,4724046,0
2015-12-01,52.565,53.049,52.189,52.909,3777567,0
2015-12-02,52.648,52.788,51.548,51.604,2760575,0
2015-12-03,51.335,51.594,50.829,51.017,3713488,0
2015-12-04,51.258,52.127,51.223,52.078,2496962,0
2015-12-07,52.443,52.507,52.005,52.463,2881885,0
2015-12-08,52.341,52.433,51.819,52.117,2467483,0
2015-12-09,51.966,53.078,51.65,52.463,2999935,0
2015-12-10,52.49,52.536,51.12,51.183,3993016,0
2015-12-11,50.969,51.389,50.736,50.886,3176420,0
2015-12-14,50.886,51.258,50.437,50.867,4290290,0
2015-12-15,51.389,52.584,51.101,52.268,4668507,0
2015-12-16,52.405,53.337,52.331,53.171,3671352,0
2015-12-17,53.133,54.121,53.021,53.552,4616183,0
2015-12-18,53.357,53.422,52.258,52.49,5864342,0
2015-12-21,52.798,53.095,52.395,52.741,3808808,0
2015-12-22,52.882,53.469,52.424,53.357,3068637,0
2015-12-23,53.479,54.485,53.32,54.327,3410912,0
2015-12-24,54.224,54.601,54.14,54.466,1433653,0
2015-12-28,54.243,54.788,54.14,54.655,2607758,0
2015-12-29,54.839,55.093,54.708,54.923,3387513,0
2015-12-30,54.971,55.154,54.777,54.932,1880939,0
2015-12-31,54.859,55.437,53.806,54.345,2635287,0
2016-01-04,53.926,54.43,53.654,54.402,4382932,0
2016-01-05,54.327,55.005,53.45,54.849,3682519,0
2016-01-06,54.494,55.347,54.29,55.053,3783067,0
2016-01-07,54.533,55.009,54.252,54.422,4125035,0
2016-01-08,54.422,54.961,54.215,54.336,2997440,0
2016-01-11,54.449,55.027,54.29,54.81,2963046,0
2016-01-12,54.923,55.0,53.591,54.252,4559330,0
2016-01-13,54.309,54.596,53.926,54.048,3786500,0
2016-01-14,54.355,55.549,54.0,55.156,4387043,0
2016-01-15,54.43,55.112,53.982,54.737,3835530,0
2016-01-19,55.027,55.698,54.747,55.558,3882147,0
2016-01-20,55.223,55.455,53.323,54.019,4721249,0
2016-01-21,53.516,54.452,53.255,53.758,4277895,0
2016-01-22,54.524,54.626,53.833,54.587,3975174,0
2016-01-25,54.596,54.616,53.786,53.86,3902522,0
2016-01-26,54.094,55.0,53.973,54.28,3405842,0
2016-01-27,54.271,54.839,53.796,54.271,3351167,0
2016-01-28,53.283,55.81,52.928,55.447,4869811,0
2016-01-29,55.959,56.962,55.922,56.865,5068171,0
2016-02-01,56.891,58.347,56.723,57.628,5396922,0
2016-02-02,57.508,58.1,57.358,57.824,4931013,0
2016-02-03,58.178,59.345,57.993,59.047,5301793,0
2016-02-04,58.896,59.075,57.852,58.095,4411706,0
2016-02-05,57.983,59.018,57.407,58.609,4420705,0
2016-02-08,58.561,59.332,57.761,58.806,4829854,0
2016-02-09,58.722,59.219,58.297,58.693,3364789,0
2016-02-10,58.401,59.642,57.921,59.191,4442241,0
2016-02-11,58.844,59.286,57.667,57.695,3494426,0
2016-02-12,57.695,58.203,56.845,57.027,4088320,0
2016-02-16,57.327,57.93,56.933,57.489,4171005,0
2016-02-17,57.517,57.667,56.773,57.498,3613811,0
2016-02-18,57.676,59.078,57.327,58.768,3110030,0
2016-02-19,58.748,58.768,57.958,58.259,2598915,0
2016-02-22,58.355,59.173,58.203,59.144,2352194,0
2016-02-23,58.786,59.224,58.438,59.06,2065546,0
2016-02-24,59.078,59.567,58.717,59.295,1913568,0
2016-02-25,59.446,60.133,59.303,60.123,1872910,0
2016-02-26,59.549,60.01,57.799,57.845,3528915,0
2016-02-29,57.845,58.712,57.817,58.11,3426943,0
2016-03-01,58.41,58.599,57.639,58.09,2188622,0
2016-03-02,57.884,58.316,56.602,58.242,2977283,0
2016-03-03,58.138,58.203,57.084,58.129,4122122,0
2016-03-04,57.836,59.009,57.422,58.748,4099572,0
2016-03-07,58.732,59.661,58.505,59.512,3112372,0
2016-03-08,59.512,60.152,59.2,59.86,2870570,0
2016-03-09,59.926,60.819,59.799,60.509,2469733,0
2016-03-10,60.509,60.641,59.733,60.349,2073800,0
2016-03-11,60.755,60.876,60.312,60.443,2225945,0
2016-03-14,60.123,60.584,59.963,60.434,1637000,0
2016-03-15,60.471,60.885,60.103,60.612,1699349,0
2016-03-16,60.538,61.402,59.973,61.291,3090196,0
2016-03-17,61.355,61.761,61.026,61.573,2522813,0
2016-03-18,61.771,61.808,60.961,60.971,5397522,0
2016-03-21,60.593,61.199,60.245,60.98,2434878,0
2016-03-22,61.178,61.487,60.764,60.951,2945958,0
2016-03-23,60.828,61.456,60.602,61.242,3934575,0
2016-03-24,61.188,61.545,60.942,61.224,4234794,0
2016-03-28,61.535,61.884,61.055,61.168,3488230,0
2016-03-29,61.299,62.174,60.997,62.136,3714879,0
2016-03-30,62.164,62.457,61.825,62.129,2421231,0
2016-03-31,62.119,62.569,61.894,62.485,3105678,0
2016-04-01,62.203,63.181,62.193,63.059,2229222,0
2016-04-04,63.116,63.229,62.306,62.654,1907897,0
2016-04-05,62.618,62.692,61.505,61.545,2742510,0
2016-04-06,61.477,61.816,61.148,61.761,2151053,0
2016-04-07,61.608,62.09,61.515,61.638,1618972,0
2016-04-08,61.987,62.441,61.864,62.119,2271762,0
2016-04-11,62.155,62.55,61.731,61.808,1784691,0
2016-04-12,61.874,62.466,61.751,62.4,1884770,0
2016-04-13,62.485,62.485,61.554,61.912,2064791,0
2016-04-14,61.741,62.09,61.6,61.721,1192565,0
2016-04-15,61.903,62.277,61.711,62.155,2083671,0
2016-04-18,61.938,62.4,61.628,62.335,1867285,0
2016-04-19,62.457,62.514,61.658,61.957,2785454,0
2016-04-20,61.977,62.213,59.813,59.944,4941422,0
2016-04-21,59.851,59.851,58.355,58.59,4811854,0
2016-04-22,58.816,59.277,58.664,59.041,3251550,0
2016-04-25,58.984,59.135,58.777,59.106,2624070,0
2016-04-26,59.21,59.52,59.032,59.191,2101420,0
2016-04-27,59.286,60.622,59.191,60.161,4214856,0
2016-04-28,58.203,59.671,57.799,59.342,5324095,0
2016-04-29,59.032,59.877,58.428,59.755,3177373,0
2016-05-02,59.851,60.625,59.671,60.565,5342790,0
2016-05-03,60.528,60.885,60.292,60.697,4748590,0
2016-05-04,60.584,61.834,60.386,61.535,3757489,0
2016-05-05,61.347,62.07,60.961,61.309,2991893,0
2016-05-06,61.309,61.489,60.417,61.281,3360146,0
2016-05-09,61.337,62.058,61.053,61.973,4143524,0
2016-05-10,62.211,62.23,61.621,61.745,2905003,0
2016-05-11,61.745,62.021,61.251,61.899,2213184,0
2016-05-12,61.812,62.506,61.489,62.324,2260893,0
2016-05-13,62.239,62.457,61.621,62.276,2930235,0
2016-05-16,62.107,62.62,61.715,62.58,2466871,0
2016-05-17,62.524,62.542,60.919,61.233,3595297,0
2016-05-18,60.777,61.241,59.77,60.085,4633169,0
2016-05-19,59.971,60.626,59.429,60.606,3023286,0
2016-05-20,60.795,60.844,60.132,60.559,2345385,0
2016-05-23,60.559,60.626,59.715,59.752,2656065,0
2016-05-24,60.037,60.559,59.838,60.398,2410614,0
2016-05-25,60.075,60.541,59.8,60.207,2536757,0
2016-05-26,60.112,61.105,60.102,61.063,3452693,0
2016-05-27,60.995,61.291,60.616,61.043,2249914,0
2016-05-31,60.958,61.547,60.777,61.442,3542064,0
2016-06-01,61.451,61.735,61.242,61.593,2042307,0
2016-06-02,61.403,61.547,60.785,61.395,2053212,0
2016-06-03,61.889,62.856,61.889,62.467,2430986,0
2016-06-06,62.58,62.704,62.126,62.362,2065425,0
2016-06-07,62.6,62.856,62.334,62.496,2298909,0
2016-06-08,62.41,62.837,62.343,62.837,1638968,0
2016-06-09,62.847,63.605,62.752,63.558,1899588,0
2016-06-10,63.484,63.919,63.169,63.454,1863422,0
2016-06-13,63.52,63.786,63.103,63.169,2952334,0
2016-06-14,63.169,63.435,62.733,63.435,2202061,0
2016-06-15,63.51,63.597,62.6,62.875,2245259,0
2016-06-16,62.999,63.634,62.884,63.484,2336252,0
2016-06-17,63.624,63.861,63.093,63.796,2760999,0
2016-06-20,63.701,63.861,62.969,63.396,2145744,0
2016-06-21,63.53,63.738,63.027,63.377,1457722,0
2016-06-22,63.5,63.558,63.04,63.122,1536322,0
2016-06-23,63.227,63.246,62.74,63.207,1928952,0
2016-06-24,62.571,64.488,62.496,63.844,4250309,0
2016-06-27,63.758,65.04,63.634,64.878,3671061,0
2016-06-28,64.803,65.163,64.071,65.154,2522430,0
2016-06-29,65.4,65.571,64.849,65.229,2657403,0
2016-06-30,65.323,66.538,65.095,66.529,3010835,0
2016-07-01,66.879,66.909,65.921,66.577,2226735,0
2016-07-05,66.72,67.318,66.587,67.214,2038751,0
2016-07-06,67.214,67.696,66.852,67.651,3150343,0
2016-07-07,67.354,67.373,66.557,66.71,3149818,0
2016-07-08,66.463,67.214,65.921,67.117,2834309,0
2016-07-11,66.852,67.165,66.14,67.108,2175335,0
2016-07-12,66.681,66.842,65.979,66.045,3019500,0
2016-07-13,66.368,66.577,66.093,66.453,2114557,0
2016-07-14,65.931,66.349,65.637,65.856,2604971,0
2016-07-15,65.912,66.193,65.656,66.103,2385501,0
2016-07-18,66.188,66.552,66.137,66.397,1666039,0
2016-07-19,66.443,66.538,65.798,66.225,1919080,0
2016-07-20,66.254,66.32,65.694,65.827,1536530,0
2016-07-21,65.665,65.921,65.209,65.902,3369458,0
2016-07-22,65.941,66.681,65.646,66.502,2584123,0
2016-07-25,66.521,66.596,65.921,66.225,2071715,0
2016-07-26,66.671,66.701,65.808,66.198,2502254,0
2016-07-27,66.007,66.093,64.784,65.363,3361050,0
2016-07-28,65.467,65.704,65.095,65.417,2516321,0
2016-07-29,65.343,66.025,65.323,65.779,2623434,0
2016-08-01,65.373,65.951,65.373,65.789,1758888,0
2016-08-02,65.447,65.742,65.1,65.504,1995282,0
2016-08-03,65.343,65.522,64.66,64.972,2064297,0
2016-08-04,65.086,65.532,64.917,65.154,1893023,0
2016-08-05,65.001,65.076,64.195,64.403,3428999,0
2016-08-08,64.547,64.93,64.13,64.27,1960580,0
2016-08-09,64.308,64.699,64.114,64.499,1825491,0
2016-08-10,64.575,64.852,64.335,64.662,1344148,0
2016-08-11,64.699,64.824,64.328,64.814,2229190,0
2016-08-12,65.026,65.256,64.614,64.652,1434811,0
2016-08-15,64.805,64.891,63.637,63.666,2030966,0
2016-08-16,63.512,63.591,62.863,62.863,2487612,0
2016-08-17,62.929,63.761,62.288,63.647,3489746,0
2016-08-18,63.522,64.528,63.427,64.508,3619522,0
2016-08-19,64.23,64.47,63.302,63.522,2148966,0
2016-08-22,63.705,64.03,63.476,63.666,1666612,0
2016-08-23,63.781,64.116,63.437,63.437,1941781,0
2016-08-24,63.282,63.617,62.938,63.493,1655107,0
2016-08-25,63.561,63.781,63.378,63.522,1665656,0
2016-08-26,63.571,64.04,61.857,61.914,3460945,0
2016-08-29,62.087,62.565,62.038,62.384,2370979,0
2016-08-30,62.413,62.69,61.502,61.561,3442836,0
2016-08-31,61.782,61.837,61.321,61.8,3305091,0
2016-09-01,61.647,61.923,61.465,61.647,2121806,0
2016-09-02,61.8,62.565,61.732,62.441,2308549,0
2016-09-06,62.699,63.332,62.594,63.207,2539958,0
2016-09-07,63.14,63.397,62.834,63.217,2082131,0
2016-09-08,63.063,63.502,62.948,63.263,1916277,0
2016-09-09,62.699,62.785,60.889,60.978,3489007,0
2016-09-12,60.948,62.107,60.948,61.933,2941257,0
2016-09-13,61.752,62.117,60.836,61.073,4018127,0
2016-09-14,61.982,61.982,60.968,61.274,2947055,0
2016-09-15,61.196,61.709,60.978,61.542,2572187,0
2016-09-16,61.407,62.097,61.139,62.029,3919687,0
2016-09-19,62.212,62.68,62.029,62.614,2283845,0
2016-09-20,62.431,62.872,62.221,62.221,2333155,0
2016-09-21,62.163,63.427,62.126,63.351,3532989,0
2016-09-22,63.656,63.925,63.361,63.742,2698214,0
2016-09-23,63.627,64.001,63.255,63.801,2122169,0
2016-09-26,63.801,63.876,63.312,63.512,1824006,0
2016-09-27,63.801,64.088,62.565,62.69,2329729,0
2016-09-28,62.834,62.953,62.002,62.555,2629022,0
2016-09-29,62.614,62.614,61.35,61.732,3793271,0
2016-09-30,62.02,62.278,61.014,61.455,4338754,0
2016-10-03,61.293,61.311,60.345,60.784,2939470,0
2016-10-04,60.748,60.748,59.168,59.513,3747216,0
2016-10-05,59.522,60.326,59.321,59.513,3997357,0
2016-10-06,59.408,59.828,59.073,59.579,3140276,0
2016-10-07,60.01,60.441,59.1,59.139,3495221,0
2016-10-10,59.311,59.637,59.077,59.541,1706919,0
2016-10-11,59.321,59.516,58.651,58.709,2254362,0
2016-10-12,58.794,59.522,58.794,59.34,2767158,0
2016-10-13,59.206,60.311,59.148,59.848,3611946,0
2016-10-14,59.579,60.14,59.311,59.627,2601686,0
2016-10-17,59.819,60.432,59.752,60.269,2891946,0
2016-10-18,60.556,60.757,59.775,60.652,2960880,0
2016-10-19,60.661,60.718,60.163,60.478,2456765,0
2016-10-20,60.508,60.69,60.077,60.211,1758126,0
2016-10-21,59.905,60.105,59.531,59.8,1862652,0
2016-10-24,60.067,60.422,59.8,60.326,1752605,0
2016-10-25,60.125,60.978,60.077,60.738,2648709,0
2016-10-26,60.633,61.129,60.24,60.804,2351697,0
2016-10-27,60.593,60.748,60.067,60.478,2408354,0
2016-10-28,60.518,61.111,60.451,60.689,2457313,0
2016-10-31,60.863,62.45,60.843,62.058,4259125,0
2016-11-01,61.782,62.117,60.402,60.661,4739668,0
2016-11-02,60.048,60.192,59.263,59.924,3297639,0
2016-11-03,59.79,60.652,59.513,60.221,2509257,0
2016-11-04,60.537,61.004,59.685,59.723,3099917,0
2016-11-07,59.943,60.56,58.976,60.527,3241601,0
2016-11-08,60.759,61.522,60.735,61.087,3074996,0
2016-11-09,59.909,59.909,58.953,59.175,3271573,0
2016-11-10,58.933,58.933,56.586,57.716,5234542,0
2016-11-11,57.734,58.812,57.59,57.956,3664005,0
2016-11-14,57.57,57.658,56.189,56.729,7322734,0
2016-11-15,56.971,57.716,56.952,57.444,3662034,0
2016-11-16,57.444,57.658,56.547,56.991,2851526,0
2016-11-17,56.808,57.31,56.808,56.865,2388165,0
2016-11-18,56.845,57.222,56.335,56.461,2873107,0
2016-11-21,56.633,57.366,56.623,57.31,2548487,0
2016-11-22,57.31,57.378,56.885,57.165,4234887,0
2016-11-23,56.653,57.242,56.613,56.827,2524000,0
2016-11-25,57.068,57.919,57.049,57.696,1019362,0
2016-11-28,57.966,59.069,57.919,58.837,2794042,0
2016-11-29,58.575,59.371,58.536,59.194,2867549,0
2016-11-30,58.45,58.45,57.049,57.049,3636424,0
2016-12-01,56.827,56.894,55.928,56.189,3662571,0
2016-12-02,56.643,57.165,56.354,56.711,2204732,0
2016-12-05,56.451,57.212,55.935,57.194,3519290,0
2016-12-06,57.378,57.619,57.01,57.454,3460717,0
2016-12-07,57.706,58.294,57.444,58.208,2530425,0
2016-12-08,57.783,58.314,57.338,58.141,2978376,0
2016-12-09,58.258,58.923,58.208,58.923,2409963,0
2016-12-12,58.913,59.985,58.815,59.851,2694308,0
2016-12-13,59.909,60.653,59.851,60.584,2974757,0
2016-12-14,60.884,61.261,59.484,59.61,3856755,0
2016-12-15,59.242,60.035,58.963,60.005,2371076,0
2016-12-16,60.15,60.71,59.899,60.681,4105287,0
2016-12-19,60.972,61.059,60.357,60.807,2082021,0
2016-12-20,60.826,61.208,60.604,61.068,2638377,0
2016-12-21,60.962,61.251,60.662,60.671,1548621,0
2016-12-22,60.671,61.232,60.575,61.097,2218253,0
2016-12-23,61.377,61.377,60.721,61.029,1160987,0
2016-12-27,60.836,61.125,60.666,60.991,1290180,0
2016-12-28,60.952,60.981,60.189,60.276,1534618,0
2016-12-29,60.537,61.232,60.382,61.135,1561239,0
2016-12-30,61.175,61.271,60.589,60.826,1736035,0
2017-01-03,60.875,60.893,60.234,60.634,2012454,0
2017-01-04,60.777,61.261,60.546,60.72,2201802,0
2017-01-05,60.893,61.281,60.276,61.049,4021299,0
2017-01-06,60.769,61.165,60.594,60.999,1831971,0
2017-01-09,60.826,61.185,60.093,60.199,2465455,0
2017-01-10,60.459,60.575,59.725,60.015,2118598,0
2017-01-11,60.101,61.049,60.015,61.039,3020795,0
2017-01-12,60.826,61.251,60.671,61.145,2215306,0
2017-01-13,60.952,61.155,60.624,61.087,2594487,0
2017-01-17,61.3,61.86,61.155,61.648,1765638,0
2017-01-18,61.377,61.752,61.241,61.309,1949938,0
2017-01-19,61.049,61.261,60.421,60.575,2720300,0
2017-01-20,60.769,61.009,60.372,60.777,2085643,0
2017-01-23,60.777,60.999,60.518,60.584,1364010,0
2017-01-24,60.518,60.769,60.392,60.653,2133373,0
2017-01-25,60.556,60.701,60.295,60.411,2397551,0
2017-01-26,60.382,60.691,60.035,60.518,2610678,0
2017-01-27,60.653,60.903,60.362,60.836,2626349,0
2017-01-30,60.972,61.251,60.648,61.068,2344476,0
2017-01-31,61.009,61.932,60.817,61.89,2807388,0
2017-02-01,61.426,61.648,60.884,60.952,2877125,0
2017-02-02,60.972,61.648,60.836,61.618,1865983,0
2017-02-03,61.618,62.159,61.483,61.86,2369141,0
2017-02-06,62.072,62.228,61.561,61.658,1802454,0
2017-02-07,61.658,61.84,61.406,61.764,1607312,0
2017-02-08,61.744,62.426,61.744,62.212,1863410,0
2017-02-09,62.095,62.426,61.784,61.841,2581274,0
2017-02-10,61.774,62.48,61.734,62.358,2491814,0
2017-02-13,62.378,62.505,61.876,62.202,2244567,0
2017-02-14,62.056,62.154,61.393,61.695,2275466,0
2017-02-15,61.363,61.754,61.129,61.714,2120798,0
2017-02-16,61.812,62.135,61.73,62.115,1938513,0
2017-02-17,62.212,62.534,61.949,62.515,2006135,0
2017-02-21,62.388,63.256,62.163,63.147,2119831,0
2017-02-22,63.06,63.777,62.914,63.685,2518537,0
2017-02-23,63.919,64.446,63.685,64.367,2345013,0
2017-02-24,64.543,65.546,64.503,65.479,4198572,0
2017-02-27,65.392,65.449,64.854,65.041,3180455,0
2017-02-28,65.041,65.479,64.825,65.302,4011898,0
2017-03-01,64.553,65.078,64.25,64.474,3227434,0
2017-03-02,64.26,65.294,64.22,64.844,2504599,0
2017-03-03,64.914,64.961,64.316,64.864,2181675,0
2017-03-06,64.718,64.939,64.416,64.698,1879037,0
2017-03-07,64.601,64.864,64.484,64.591,2840701,0
2017-03-08,64.133,64.26,63.401,63.528,3205931,0
2017-03-09,63.588,64.016,63.197,63.227,2596911,0
2017-03-10,63.675,63.958,63.329,63.772,2418837,0
2017-03-13,63.782,64.21,63.705,64.172,1971065,0
2017-03-14,64.133,64.289,63.889,64.153,1683799,0
2017-03-15,64.22,65.332,64.182,65.021,1821356,0
2017-03-16,64.815,64.844,64.22,64.367,1656510,0
2017-03-17,64.513,65.195,64.436,64.815,3921161,0
2017-03-20,64.961,65.195,64.347,64.484,1908991,0
2017-03-21,64.454,65.546,64.446,65.312,3239976,0
2017-03-22,65.663,66.113,65.45,65.761,2675946,0
2017-03-23,65.673,66.337,65.556,65.771,2619873,0
2017-03-24,65.713,66.327,65.596,66.103,2019731,0
2017-03-27,66.249,66.551,65.663,66.005,2631141,0
2017-03-28,65.8,66.21,65.743,66.151,2712289,0
2017-03-29,65.907,66.034,65.606,65.713,2330431,0
2017-03-30,65.489,65.713,65.185,65.489,2134258,0
2017-03-31,65.41,65.83,65.401,65.459,2318071,0
2017-04-03,65.352,65.509,64.844,65.479,1990246,0
2017-04-04,65.489,65.84,65.294,65.616,1812739,0
2017-04-05,65.606,66.21,65.429,66.142,2214892,0
2017-04-06,65.937,66.084,65.683,65.937,2126694,0
2017-04-07,66.113,66.298,65.621,65.644,3009484,0
2017-04-10,65.79,65.947,65.362,65.82,1596423,0
2017-04-11,65.713,65.86,65.326,65.713,2098838,0
2017-04-12,65.479,66.161,65.352,66.103,2345089,0
2017-04-13,66.113,66.21,65.616,65.86,1947506,0
2017-04-17,65.986,66.186,65.878,66.054,1489663,0
2017-04-18,66.084,66.425,65.967,66.288,2489415,0
2017-04-19,66.298,66.434,65.83,66.054,2873741,0
2017-04-20,65.86,65.967,65.297,65.761,2582639,0
2017-04-21,65.606,66.337,65.606,66.171,2790568,0
2017-04-24,66.132,66.395,65.683,66.278,2783820,0
2017-04-25,66.054,66.337,65.864,66.171,1871051,0
2017-04-26,66.103,66.425,65.937,66.005,2893601,0
2017-04-27,65.761,66.756,65.537,66.405,2281773,0
2017-04-28,66.405,66.541,66.054,66.142,2739473,0
2017-05-01,66.337,66.337,65.663,65.79,1737686,0
2017-05-02,65.986,66.464,65.869,66.317,3252981,0
2017-05-03,66.308,66.551,66.084,66.21,1926995,0
2017-05-04,66.024,66.425,65.986,66.327,2343290,0
2017-05-05,66.522,66.951,66.2,66.708,2743061,0
2017-05-08,66.874,67.062,66.412,66.619,2695100,0
2017-05-09,66.52,66.658,66.134,66.206,2379711,0
2017-05-10,66.245,66.51,66.023,66.304,2273562,0
2017-05-11,66.127,66.452,65.832,66.442,1516062,0
2017-05-12,66.481,67.18,66.442,66.944,2277488,0
2017-05-15,66.963,67.592,66.756,67.435,2421784,0
2017-05-16,67.307,67.506,66.737,66.746,1582686,0
2017-05-17,66.894,67.376,66.806,67.032,2281355,0
2017-05-18,67.229,67.76,66.698,67.189,2175580,0
2017-05-19,67.18,67.612,66.766,67.592,2417226,0
2017-05-22,67.553,68.438,67.472,68.281,2929549,0
2017-05-23,68.291,68.92,68.232,68.448,2289500,0
2017-05-24,68.596,69.083,68.517,69.048,2042578,0
2017-05-25,69.019,69.766,68.93,69.639,2251173,0
2017-05-26,69.639,69.845,69.55,69.707,3522566,0
2017-05-30,69.609,70.091,69.54,70.041,2061713,0
2017-05-31,70.091,70.731,70.071,70.603,2904965,0
2017-06-01,70.475,71.035,70.229,71.025,2760376,0
2017-06-02,71.321,71.527,71.095,71.477,2626791,0
2017-06-05,71.449,71.497,71.133,71.213,2768648,0
2017-06-06,71.429,71.477,70.877,70.947,2527398,0
2017-06-07,71.075,71.517,70.887,71.429,2608108,0
2017-06-08,71.458,71.458,70.337,70.769,2716821,0
2017-06-09,70.533,70.858,70.199,70.681,2309573,0
2017-06-12,70.681,71.045,69.84,70.239,3222232,0
2017-06-13,70.159,70.504,69.885,70.475,1830388,0
2017-06-14,71.045,71.213,70.514,70.779,1822093,0
2017-06-15,70.75,70.976,70.332,70.957,2350084,0
2017-06-16,71.133,71.399,70.789,71.231,3381874,0
2017-06-19,71.231,71.281,70.563,70.877,2110968,0
2017-06-20,70.917,71.379,70.834,71.369,2528064,0
2017-06-21,71.409,71.773,71.015,71.213,6237278,0
2017-06-22,71.015,71.261,70.583,70.612,1983598,0
2017-06-23,70.573,70.907,70.258,70.376,2311599,0
2017-06-26,70.121,71.016,70.022,70.691,2059863,0
2017-06-27,70.327,70.435,69.471,69.56,3053837,0
2017-06-28,69.747,69.914,68.969,68.999,2596502,0
2017-06-29,68.675,68.675,68.055,68.458,3163797,0
2017-06-30,68.625,68.96,68.33,68.33,2165705,0
2017-07-03,68.547,68.552,67.799,67.868,1618504,0
2017-07-05,67.917,67.966,67.494,67.691,2781318,0
2017-07-06,67.563,68.016,67.347,67.888,2183660,0
2017-07-07,67.878,68.271,67.701,68.016,1732137,0
2017-07-10,68.261,68.33,67.755,67.76,1593817,0
2017-07-11,67.868,67.917,67.543,67.711,1844145,0
2017-07-12,68.261,68.389,67.838,67.858,2325995,0
2017-07-13,67.77,67.966,67.16,67.16,3547340,0
2017-07-14,67.612,67.76,66.992,67.052,4982193,0
2017-07-17,67.12,67.543,67.002,67.425,2933218,0
2017-07-18,67.504,67.691,67.219,67.238,2766776,0
2017-07-19,67.327,67.642,67.307,67.524,2915840,0
2017-07-20,67.642,67.706,67.29,67.573,3738370,0
2017-07-21,67.612,68.842,67.553,68.832,2971047,0
2017-07-24,68.851,68.851,67.77,68.055,4190919,0
2017-07-25,68.084,68.173,67.583,67.711,1640951,0
2017-07-26,67.563,68.37,67.465,68.311,1995563,0
2017-07-27,68.232,69.639,68.222,69.511,4273408,0
2017-07-28,69.461,69.648,68.881,69.275,2453087,0
2017-07-31,69.294,69.54,68.881,69.383,2311562,0
2017-08-01,69.432,69.668,69.215,69.461,1656159,0
2017-08-02,69.215,69.86,68.93,69.766,1428401,0
2017-08-03,69.589,70.032,69.451,70.032,1824496,0
2017-08-04,69.815,69.885,69.166,69.717,1910844,0
2017-08-07,69.717,70.219,69.481,70.219,2040486,0
2017-08-08,70.219,70.804,69.981,70.764,2417545,0
2017-08-09,71.022,71.022,70.278,70.377,2512809,0
2017-08-10,70.268,70.834,69.971,70.774,2070448,0
2017-08-11,70.754,70.754,69.792,69.981,2024231,0
2017-08-14,70.01,70.566,69.951,70.467,1880624,0
2017-08-15,70.189,70.953,70.129,70.933,1299975,0
2017-08-16,70.933,71.449,70.794,71.429,1706368,0
2017-08-17,71.399,71.667,71.191,71.409,3310572,0
2017-08-18,71.339,72.034,71.121,71.568,2895137,0
2017-08-21,71.637,72.182,71.538,72.073,1823253,0
2017-08-22,72.044,72.272,71.825,72.212,1975270,0
2017-08-23,72.163,72.797,72.153,72.708,2347669,0
2017-08-24,72.678,73.055,72.49,72.787,2140608,0
2017-08-25,73.105,73.164,72.807,72.966,2084897,0
2017-08-28,73.145,73.502,72.986,73.492,1782780,0
2017-08-29,73.551,73.68,73.209,73.333,1763277,0
2017-08-30,73.353,73.422,73.1,73.145,1368060,0
2017-08-31,73.264,73.343,73.016,73.026,2810486,0
2017-09-01,73.234,73.343,72.668,72.936,1760048,0
2017-09-05,73.055,73.492,72.738,73.482,2848497,0
2017-09-06,73.631,73.631,72.639,72.698,2512572,0
2017-09-07,72.867,73.368,72.758,73.224,2304885,0
2017-09-08,73.125,73.759,72.986,73.581,1519457,0
2017-09-11,73.571,73.978,73.462,73.938,2126073,0
2017-09-12,73.878,73.878,72.054,72.51,2185291,0
2017-09-13,72.54,72.738,71.776,71.994,3173739,0
2017-09-14,71.845,72.381,71.697,72.302,2252656,0
2017-09-15,72.47,72.579,71.865,72.43,2738372,0
2017-09-18,72.401,72.51,71.022,71.677,2245440,0
2017-09-19,71.736,71.786,71.211,71.389,2287696,0
2017-09-20,71.558,71.627,70.698,71.092,2285063,0
2017-09-21,71.092,71.33,70.784,70.863,1958741,0
2017-09-22,70.318,70.844,69.862,69.991,3077468,0
2017-09-25,70.05,70.615,69.916,70.457,3082406,0
2017-09-26,70.467,70.625,70.09,70.606,2055727,0
2017-09-27,70.149,70.229,69.351,69.733,2340772,0
2017-09-28,69.624,70.209,69.381,69.921,1835122,0
2017-09-29,69.673,69.946,69.455,69.663,1637965,0
2017-10-02,69.882,70.1,69.584,69.852,1457538,0
2017-10-03,69.772,69.772,68.979,69.713,2425966,0
2017-10-04,69.763,70.943,69.534,70.933,3087940,0
2017-10-05,70.893,71.042,70.516,70.903,2321134,0
2017-10-06,70.625,70.943,70.358,70.943,1828649,0
2017-10-09,70.963,71.31,70.893,71.151,1616551,0
2017-10-10,71.111,71.796,70.859,71.796,2181541,0
2017-10-11,71.816,72.589,71.763,72.163,1991429,0
2017-10-12,72.212,72.797,72.143,72.738,1862954,0
2017-10-13,72.946,73.303,72.326,72.559,1959865,0
2017-10-16,72.371,72.649,71.949,72.52,1476872,0
2017-10-17,72.242,72.708,71.925,72.599,1736184,0
2017-10-18,72.49,72.599,72.019,72.411,1109591,0
2017-10-19,72.54,73.244,72.351,73.224,1700132,0
2017-10-20,73.006,73.383,72.976,73.373,1554628,0
2017-10-23,73.363,73.502,73.055,73.313,1802111,0
2017-10-24,73.194,73.442,72.837,73.363,2115762,0
2017-10-25,73.224,73.224,71.935,72.976,3205802,0
2017-10-26,73.234,74.285,73.065,73.154,2323137,0
2017-10-27,72.986,73.898,72.807,73.412,1854510,0
2017-10-30,73.283,73.66,72.966,73.561,1529284,0
2017-10-31,73.432,73.968,73.164,73.799,2333176,0
2017-11-01,73.809,73.997,73.105,73.402,1628513,0
2017-11-02,73.442,74.305,73.06,73.115,4261088,0
2017-11-03,73.055,74.007,73.055,73.472,2331260,0
2017-11-06,73.462,73.541,72.958,73.125,2359205,0
2017-11-07,73.293,74.573,73.293,74.573,2257564,0
2017-11-08,74.483,75.217,74.275,74.9,2511772,0
2017-11-09,74.86,75.5,74.72,75.49,1728707,0
2017-11-10,74.98,75.12,74.64,74.78,2133526,0
