Date,Open,High,Low,Close,Volume,OpenInt
2014-01-02,38.23,38.48,37.19,37.36,2002670,0
2014-01-03,37.25,37.76,35.64,36.11,2144031,0
2014-01-06,36.1,36.52,35.51,35.82,1335539,0
2014-01-07,36.17,36.22,35.4,35.69,962063,0
2014-01-08,35.68,36.19,35.37,35.83,704931,0
2014-01-09,35.68,35.92,35.34,35.63,738579,0
2014-01-10,35.77,36.31,35.41,36.05,1386740,0
2014-01-13,35.57,36.12,35.49,35.7,1031221,0
2014-01-14,36.09,36.15,35.26,35.97,1141634,0
2014-01-15,35.31,36.08,35.31,35.8,1454459,0
2014-01-16,35.78,36.1,35.16,35.3,1608815,0
2014-01-17,35.52,36.47,35.37,36.0,1995357,0
2014-01-21,35.98,36.26,35.77,36.18,1694572,0
2014-01-22,35.99,36.49,35.91,36.31,1707257,0
2014-01-23,36.36,36.4,35.71,35.75,1267537,0
2014-01-24,35.62,35.82,34.42,34.71,1820099,0
2014-01-27,34.61,35.83,34.38,35.4,1286560,0
2014-01-28,35.4,37.16,35.22,37.1,1008715,0
2014-01-29,37.1,38.55,36.04,38.27,2481016,0
2014-01-30,38.51,38.82,37.81,37.82,1554123,0
2014-01-31,37.54,38.02,36.77,37.19,2068784,0
2014-02-03,37.03,37.16,36.09,36.53,894470,0
2014-02-04,36.44,38.61,36.44,38.56,1979640,0
2014-02-05,38.23,38.59,37.6,37.96,1978219,0
2014-02-06,37.92,39.38,37.57,39.03,2007955,0
2014-02-07,38.99,39.21,38.23,38.44,1091587,0
2014-02-10,38.51,38.64,37.86,38.08,604610,0
2014-02-11,37.95,39.23,37.95,38.85,1329158,0
2014-02-12,38.71,39.78,38.54,38.87,1036349,0
2014-02-13,38.52,38.99,38.11,38.9,691360,0
2014-02-14,38.54,38.86,38.16,38.75,1088003,0
2014-02-18,38.92,39.57,38.75,39.26,1330383,0
2014-02-19,39.18,39.68,38.48,38.81,1356231,0
2014-02-20,36.6,39.86,36.59,39.6,2468244,0
2014-02-21,40.22,41.55,39.62,41.41,3817831,0
2014-02-24,41.69,43.16,41.26,41.82,2192620,0
2014-02-25,42.27,42.39,41.49,41.67,890639,0
2014-02-26,42.7,43.06,41.89,42.76,2429059,0
2014-02-27,42.96,42.96,41.67,42.58,1060890,0
2014-02-28,42.75,43.69,42.66,43.0,1052275,0
2014-03-03,42.57,42.57,41.09,41.82,1911469,0
2014-03-04,42.42,42.79,41.51,42.66,972437,0
2014-03-05,42.45,42.69,42.01,42.24,612854,0
2014-03-06,42.4,42.66,42.06,42.43,787719,0
2014-03-07,42.69,43.33,42.17,42.34,853034,0
2014-03-10,42.39,43.11,41.99,42.84,921015,0
2014-03-11,42.94,43.2,41.47,41.63,542045,0
2014-03-12,41.45,41.45,40.6,41.27,554895,0
2014-03-13,41.39,41.66,39.93,40.13,651475,0
2014-03-14,40.01,40.68,39.86,40.13,700683,0
2014-03-17,40.32,40.68,40.29,40.4,615697,0
2014-03-18,40.35,40.67,40.11,40.38,785627,0
2014-03-19,40.74,41.08,40.27,40.48,859008,0
2014-03-20,40.34,40.74,39.99,40.57,487383,0
2014-03-21,40.96,41.01,40.0,40.12,943010,0
2014-03-24,40.12,40.47,39.39,40.43,701622,0
2014-03-25,40.62,41.88,40.45,40.71,853219,0
2014-03-26,40.88,41.26,39.45,39.53,1330500,0
2014-03-27,39.45,40.48,39.13,40.4,651005,0
2014-03-28,40.6,42.31,40.4,41.66,914165,0
2014-03-31,41.72,42.3,41.54,42.19,675091,0
2014-04-01,42.34,42.95,41.6,42.34,973581,0
2014-04-02,42.42,42.53,41.73,42.27,378153,0
2014-04-03,42.3,42.38,41.43,41.81,883763,0
2014-04-04,42.01,42.22,40.72,40.76,680268,0
2014-04-07,40.64,40.86,38.2,39.0,1714231,0
2014-04-08,38.92,39.77,38.6,39.41,1940516,0
2014-04-09,39.6,40.55,39.42,40.43,874760,0
2014-04-10,40.74,41.69,40.04,40.47,1051066,0
2014-04-11,40.1,40.59,39.21,39.43,887869,0
2014-04-14,39.61,39.78,38.63,38.91,514041,0
2014-04-15,38.95,39.29,37.88,39.07,608621,0
2014-04-16,39.29,39.49,38.68,39.42,374582,0
2014-04-17,39.5,39.95,39.37,39.51,386179,0
2014-04-21,39.45,39.57,38.88,39.31,342331,0
2014-04-22,39.35,40.32,39.31,40.16,488054,0
2014-04-23,40.3,41.11,39.94,40.77,548103,0
2014-04-24,41.03,41.08,40.12,40.64,391232,0
2014-04-25,40.55,41.1,40.3,40.39,607198,0
2014-04-28,40.36,40.36,39.05,39.49,631156,0
2014-04-29,40.19,40.98,39.7,40.79,628184,0
2014-04-30,40.75,41.73,40.47,41.73,498008,0
2014-05-01,41.66,42.77,41.43,42.75,1172237,0
2014-05-02,42.72,44.07,42.67,43.83,2077181,0
2014-05-05,43.76,44.28,43.25,43.6,1252938,0
2014-05-06,43.6,46.46,43.2,45.44,2055548,0
2014-05-07,45.6,48.34,45.5,48.03,1934857,0
2014-05-08,47.82,48.08,46.87,47.12,1289314,0
2014-05-09,46.95,47.34,46.39,46.98,693071,0
2014-05-12,47.23,48.0,47.1,47.52,890255,0
2014-05-13,47.64,47.89,46.99,47.01,855154,0
2014-05-14,47.17,47.31,46.51,46.59,517355,0
2014-05-15,46.74,46.8,45.16,45.4,1298861,0
2014-05-16,45.37,45.6,44.94,45.5,794317,0
2014-05-19,45.15,45.76,45.03,45.51,876172,0
2014-05-20,45.54,46.05,45.03,45.99,1053503,0
2014-05-21,45.77,46.92,45.24,46.3,781095,0
2014-05-22,46.19,46.4,45.4,46.11,658663,0
2014-05-23,46.06,47.08,45.94,46.83,508369,0
2014-05-27,46.95,47.26,46.8,47.03,382091,0
2014-05-28,46.99,47.22,46.59,46.83,604179,0
2014-05-29,47.05,47.19,46.67,47.11,799190,0
2014-05-30,47.0,47.5,46.76,47.14,611643,0
2014-06-02,47.31,47.53,47.0,47.17,662441,0
2014-06-03,47.13,47.65,46.9,47.12,611040,0
2014-06-04,46.96,47.35,46.76,47.32,537406,0
2014-06-05,47.45,48.81,47.22,48.0,1006625,0
2014-06-06,48.02,48.53,47.74,47.9,513363,0
2014-06-09,47.83,47.92,47.36,47.86,468799,0
2014-06-10,47.73,48.16,47.52,48.14,446700,0
2014-06-11,47.82,47.89,46.7,47.09,1348934,0
2014-06-12,47.05,47.05,44.93,45.12,1799619,0
2014-06-13,45.12,45.45,44.96,45.18,379979,0
2014-06-16,45.15,45.36,44.72,44.91,320126,0
2014-06-17,44.64,45.47,44.52,45.34,452780,0
2014-06-18,45.32,45.37,44.72,45.3,561313,0
2014-06-19,45.25,45.67,45.08,45.42,367510,0
2014-06-20,45.65,45.66,45.31,45.42,285822,0
2014-06-23,45.49,45.6,45.2,45.48,761698,0
2014-06-24,46.62,46.74,44.87,44.94,791829,0
2014-06-25,45.08,45.99,44.9,45.92,537001,0
2014-06-26,45.81,46.01,45.02,45.98,359007,0
2014-06-27,45.81,45.81,45.25,45.49,359829,0
2014-06-30,45.56,46.05,45.3,45.8,431231,0
2014-07-01,45.95,46.66,45.69,46.58,810214,0
2014-07-02,46.63,46.82,45.83,46.0,232200,0
2014-07-03,46.06,46.36,46.04,46.28,171207,0
2014-07-07,46.27,46.49,44.79,44.99,636770,0
2014-07-08,44.8,45.03,43.89,44.18,767993,0
2014-07-09,44.25,45.03,43.97,44.95,761436,0
2014-07-10,44.29,45.0,44.02,44.71,501765,0
2014-07-11,44.68,44.98,44.28,44.88,239272,0
2014-07-14,44.98,45.55,44.47,44.49,448487,0
2014-07-15,44.59,45.0,44.25,44.67,332545,0
2014-07-16,44.99,45.06,44.26,44.74,417040,0
2014-07-17,44.64,44.65,43.88,44.02,572076,0
2014-07-18,44.07,46.07,43.73,45.85,1054771,0
2014-07-21,45.74,45.75,44.73,45.11,420851,0
2014-07-22,45.3,45.9,45.3,45.62,342348,0
2014-07-23,45.71,45.93,45.38,45.9,877400,0
2014-07-24,45.9,46.0,45.05,45.42,1125730,0
2014-07-25,45.31,45.51,44.68,44.7,537573,0
2014-07-28,44.71,44.71,43.92,44.22,913584,0
2014-07-29,44.22,44.29,43.83,44.01,1151454,0
2014-07-30,44.15,44.21,43.65,43.96,398502,0
2014-07-31,43.48,43.93,42.61,43.63,1065912,0
2014-08-01,43.37,43.98,42.59,43.43,559806,0
2014-08-04,43.53,44.26,43.05,44.11,534914,0
2014-08-05,43.87,44.79,43.56,43.99,492975,0
2014-08-06,43.73,43.79,43.24,43.3,541044,0
2014-08-07,43.5,43.86,43.0,43.09,417541,0
2014-08-08,43.16,44.85,43.16,44.77,805145,0
2014-08-11,44.9,45.23,44.29,44.48,867866,0
2014-08-12,45.63,46.07,44.68,45.9,2226856,0
2014-08-13,46.6,47.95,46.11,47.64,3630371,0
2014-08-14,47.77,47.96,47.39,47.69,1716228,0
2014-08-15,48.15,48.15,46.74,47.05,1418519,0
2014-08-18,47.35,49.07,47.27,48.94,1548709,0
2014-08-19,49.2,50.02,49.12,49.26,1088441,0
2014-08-20,49.25,49.45,48.89,49.21,935433,0
2014-08-21,49.21,49.31,48.92,48.94,1270096,0
2014-08-22,48.8,48.9,48.5,48.61,644877,0
2014-08-25,48.87,49.0,48.49,48.57,473000,0
2014-08-26,48.72,48.72,48.32,48.4,773752,0
2014-08-27,48.36,48.8,48.27,48.37,517747,0
2014-08-28,48.28,48.48,47.73,47.74,485806,0
2014-08-29,48.06,48.15,47.23,47.45,990543,0
2014-09-02,48.14,49.68,48.02,49.17,1522062,0
2014-09-03,46.75,47.65,46.5,46.96,6262867,0
2014-09-04,47.05,47.39,46.22,46.32,1620401,0
2014-09-05,46.46,47.63,46.44,47.34,2628705,0
2014-09-08,47.34,47.48,46.49,46.6,1394687,0
2014-09-09,46.52,46.58,45.87,45.94,1137908,0
2014-09-10,45.8,46.13,45.14,45.93,2470135,0
2014-09-11,45.8,46.34,45.57,45.85,875626,0
2014-09-12,45.75,46.14,45.13,46.01,2429906,0
2014-09-15,46.04,46.13,45.05,45.19,1144554,0
2014-09-16,45.01,45.22,44.44,44.59,1864801,0
2014-09-17,44.75,44.98,44.11,44.32,2091319,0
2014-09-18,44.42,44.75,44.21,44.52,1210880,0
2014-09-19,44.52,44.58,43.98,44.26,2261809,0
2014-09-22,44.09,44.09,42.91,43.51,2659142,0
2014-09-23,43.48,43.87,42.97,43.52,1952921,0
2014-09-24,43.43,43.46,42.76,43.21,1053441,0
2014-09-25,43.14,43.29,41.69,42.07,1545584,0
2014-09-26,42.12,42.76,41.76,42.46,1113983,0
2014-09-29,41.94,42.09,41.43,41.48,1769723,0
2014-09-30,41.49,41.59,40.68,40.9,2632121,0
2014-10-01,40.8,40.8,39.8,40.25,1957016,0
2014-10-02,40.1,40.59,40.02,40.29,1774011,0
2014-10-03,40.57,41.74,40.42,41.43,1220795,0
2014-10-06,41.63,42.37,41.33,41.42,1043988,0
2014-10-07,41.22,41.23,40.48,40.5,963093,0
2014-10-08,40.66,40.77,39.55,40.63,1813072,0
2014-10-09,40.54,40.6,39.11,39.25,1525931,0
2014-10-10,39.11,39.11,37.25,38.0,1915887,0
2014-10-13,38.02,38.24,36.71,36.82,1650816,0
2014-10-14,37.03,37.23,36.34,36.74,2638179,0
2014-10-15,36.05,36.8,35.39,36.68,2883086,0
2014-10-16,36.3,37.89,36.13,37.38,2195182,0
2014-10-17,37.98,38.76,37.51,38.21,1812339,0
2014-10-20,38.18,38.68,37.99,38.59,610685,0
2014-10-21,39.3,40.48,39.24,40.38,887492,0
2014-10-22,40.49,41.26,40.12,40.19,1188749,0
2014-10-23,40.89,41.05,40.29,40.43,832053,0
2014-10-24,40.44,40.82,40.16,40.74,613457,0
2014-10-27,40.56,40.9,40.06,40.82,508853,0
2014-10-28,41.07,42.71,40.97,42.64,822388,0
2014-10-29,42.59,42.59,41.64,42.01,731885,0
2014-10-30,41.89,42.54,41.38,42.09,636908,0
2014-10-31,42.59,43.76,42.5,43.34,1221773,0
2014-11-03,43.33,43.62,42.93,43.29,1465346,0
2014-11-04,45.07,45.41,43.07,44.63,1993085,0
2014-11-05,44.9,45.78,44.5,44.67,1821231,0
2014-11-06,44.74,45.05,43.93,44.58,579493,0
2014-11-07,44.67,44.77,43.7,44.17,820458,0
2014-11-10,44.27,44.3,43.61,44.17,548171,0
2014-11-11,44.28,44.48,44.1,44.16,487376,0
2014-11-12,44.05,44.26,43.56,43.61,352503,0
2014-11-13,43.62,43.8,42.88,43.38,642296,0
2014-11-14,43.27,43.89,43.07,43.55,641521,0
2014-11-17,43.48,43.68,42.93,43.09,403172,0
2014-11-18,43.05,43.42,42.96,43.22,460754,0
2014-11-19,43.22,43.4,42.96,43.38,454136,0
2014-11-20,43.12,43.71,42.77,43.53,556564,0
2014-11-21,44.02,44.61,43.51,43.83,1389898,0
2014-11-24,44.01,44.72,44.01,44.24,557518,0
2014-11-25,44.37,45.45,44.37,45.22,1216702,0
2014-11-26,45.2,45.36,44.42,44.48,614756,0
2014-11-28,44.43,44.51,44.0,44.31,349048,0
2014-12-01,44.32,44.64,42.84,43.4,1438808,0
2014-12-02,41.64,43.03,41.6,42.6,4799006,0
2014-12-03,42.76,43.76,42.72,43.01,2303710,0
2014-12-04,43.0,43.27,42.4,42.8,975834,0
2014-12-05,42.82,43.2,42.54,42.89,1838548,0
2014-12-08,42.9,43.4,42.03,42.28,1972974,0
2014-12-09,41.82,42.68,41.29,42.62,1005522,0
2014-12-10,42.5,42.67,41.33,41.48,1515600,0
2014-12-11,41.57,42.02,41.04,41.15,1278523,0
2014-12-12,40.81,40.98,38.76,38.78,3711848,0
2014-12-15,39.07,39.32,37.72,37.96,2613832,0
2014-12-16,38.01,38.14,36.56,37.08,3197879,0
2014-12-17,36.96,38.19,36.59,37.98,1623200,0
2014-12-18,38.71,39.38,38.56,39.14,1614143,0
2014-12-19,39.24,39.49,38.85,39.17,1100345,0
2014-12-22,39.14,39.45,39.07,39.12,584325,0
2014-12-23,39.26,39.7,39.14,39.14,757883,0
2014-12-24,39.16,39.58,39.15,39.4,323716,0
2014-12-26,39.45,40.14,39.42,39.65,372145,0
2014-12-29,39.65,39.95,39.41,39.83,574887,0
2014-12-30,39.67,39.67,38.97,39.05,507232,0
2014-12-31,39.13,39.31,38.8,38.82,579436,0
2015-01-02,38.97,39.14,38.05,38.52,768421,0
2015-01-05,38.3,38.7,37.63,38.27,1187997,0
2015-01-06,38.35,38.73,37.42,38.24,2183163,0
2015-01-07,38.79,38.79,38.35,38.6,1105955,0
2015-01-08,39.03,39.96,39.0,39.55,1120649,0
2015-01-09,39.6,39.74,38.79,39.15,866188,0
2015-01-12,39.25,39.26,38.82,38.99,1994140,0
2015-01-13,39.22,39.55,38.4,38.59,1514069,0
2015-01-14,38.01,38.5,37.62,38.12,1265266,0
2015-01-15,38.23,38.64,37.8,37.84,796403,0
2015-01-16,37.87,38.18,37.67,38.06,701980,0
2015-01-20,38.25,39.45,38.25,39.24,1219184,0
2015-01-21,39.12,40.2,39.03,39.81,1193653,0
2015-01-22,40.17,40.64,39.83,40.4,1444940,0
2015-01-23,40.44,40.64,40.27,40.41,1005558,0
2015-01-26,40.41,40.88,40.15,40.69,522892,0
2015-01-27,40.08,40.73,39.92,40.36,764145,0
2015-01-28,40.53,40.66,39.66,39.84,1009571,0
2015-01-29,39.86,40.68,39.56,40.44,912261,0
2015-01-30,39.96,40.15,39.5,39.53,935485,0
2015-02-02,39.75,40.77,39.63,40.77,912255,0
2015-02-03,40.95,41.75,40.81,41.69,1046134,0
2015-02-04,41.5,42.03,41.28,41.69,948624,0
2015-02-05,41.87,42.21,41.54,42.0,1025887,0
2015-02-06,42.12,42.63,41.9,42.02,682709,0
2015-02-09,41.94,42.25,41.78,42.04,1102034,0
2015-02-10,42.3,42.34,41.82,42.04,817600,0
2015-02-11,41.92,42.57,41.67,42.37,1235728,0
2015-02-12,42.55,42.8,42.03,42.43,909996,0
2015-02-13,42.58,43.02,42.38,43.02,900614,0
2015-02-17,42.96,43.33,42.57,43.27,575907,0
2015-02-18,43.27,43.81,43.14,43.74,637698,0
2015-02-19,43.74,44.19,43.51,43.72,882946,0
2015-02-20,43.74,44.38,43.47,44.34,1290908,0
2015-02-23,46.16,47.09,45.5,45.94,2717575,0
2015-02-24,46.0,46.07,45.06,45.16,1582527,0
2015-02-25,44.96,45.1,44.12,44.2,774578,0
2015-02-26,44.2,45.16,43.87,44.95,1504857,0
2015-02-27,45.0,45.25,44.27,44.5,859251,0
2015-03-02,44.4,44.55,43.2,43.85,1930100,0
2015-03-03,43.82,44.47,43.68,44.44,662400,0
2015-03-04,44.32,44.8,44.09,44.78,724600,0
2015-03-05,44.93,45.27,44.93,44.99,984700,0
2015-03-06,44.82,45.03,43.82,43.96,728900,0
2015-03-09,44.14,44.2,43.4,43.79,1088200,0
2015-03-10,43.34,43.52,42.9,43.06,1091700,0
2015-03-11,43.08,43.54,43.03,43.18,686300,0
2015-03-12,43.15,43.9,43.07,43.46,502600,0
2015-03-13,43.4,43.81,43.0,43.61,554700,0
2015-03-16,43.76,44.76,43.6,43.78,555500,0
2015-03-17,43.53,43.91,43.26,43.45,624900,0
2015-03-18,43.41,44.58,43.27,44.49,484300,0
2015-03-19,44.32,44.46,43.7,43.97,323700,0
2015-03-20,44.18,44.71,44.01,44.61,704200,0
2015-03-23,44.68,44.94,44.39,44.41,476200,0
2015-03-24,44.41,44.75,43.95,44.24,348100,0
2015-03-25,44.33,44.43,43.85,43.86,621500,0
2015-03-26,43.66,44.2,43.47,43.82,762800,0
2015-03-27,43.85,44.01,43.46,43.97,344500,0
2015-03-30,44.0,44.79,43.99,44.59,505900,0
2015-03-31,44.43,44.43,43.55,43.65,3521964,0
2015-04-01,43.62,44.86,43.55,44.49,1415600,0
2015-04-02,44.72,45.73,44.68,44.76,1170600,0
2015-04-06,44.55,45.07,44.44,44.53,950900,0
2015-04-07,45.25,45.87,44.9,45.05,1886408,0
2015-04-08,45.14,45.75,45.01,45.43,1333900,0
2015-04-09,45.34,45.98,45.28,45.86,1048215,0
2015-04-10,45.89,46.83,45.72,46.75,1200100,0
2015-04-13,46.79,47.22,46.43,46.47,528700,0
2015-04-14,46.48,46.6,46.09,46.4,457100,0
2015-04-15,46.63,46.63,46.12,46.16,451417,0
2015-04-16,46.12,46.18,45.61,46.08,644513,0
2015-04-17,46.04,46.23,45.73,45.96,436200,0
2015-04-20,46.5,46.83,46.05,46.54,800444,0
2015-04-21,46.71,46.92,46.16,46.25,747311,0
2015-04-22,46.25,46.64,45.88,46.44,641668,0
2015-04-23,46.26,46.84,46.25,46.61,478100,0
2015-04-24,46.45,46.86,46.19,46.86,471284,0
2015-04-27,46.95,47.22,46.66,46.8,1015000,0
2015-04-28,46.62,47.03,46.23,46.91,614800,0
2015-04-29,46.75,47.17,46.62,46.75,1070600,0
2015-04-30,46.8,47.08,46.45,46.68,1814000,0
2015-05-01,46.99,49.26,46.81,49.04,3770300,0
2015-05-04,49.53,49.79,48.98,49.18,1408100,0
2015-05-05,49.23,49.38,48.41,48.49,1276000,0
2015-05-06,48.57,48.66,48.01,48.21,655678,0
2015-05-07,48.04,48.45,47.69,48.35,699959,0
2015-05-08,48.69,49.51,48.69,49.07,1176100,0
2015-05-11,49.25,49.85,47.19,48.18,1664700,0
2015-05-12,48.35,48.78,47.9,48.48,1129660,0
2015-05-13,48.59,49.6,48.54,49.0,772900,0
2015-05-14,49.25,49.25,48.75,48.99,549600,0
2015-05-15,48.84,49.0,48.6,48.96,912348,0
2015-05-18,48.87,49.11,48.54,48.8,513147,0
2015-05-19,48.81,48.99,48.05,48.22,817665,0
2015-05-20,48.5,48.5,47.31,47.96,814500,0
2015-05-21,47.85,48.53,47.85,48.21,424100,0
2015-05-22,48.18,48.35,47.96,48.07,235000,0
2015-05-26,48.03,48.03,47.54,47.8,753647,0
2015-05-27,47.85,48.82,47.76,48.62,788400,0
2015-05-28,48.5,48.89,48.26,48.88,776586,0
2015-05-29,48.96,49.12,48.2,48.24,703600,0
2015-06-01,48.44,48.69,47.83,48.24,429007,0
2015-06-02,47.32,50.67,47.28,49.93,2642936,0
2015-06-03,50.29,51.5,49.85,50.34,4207400,0
2015-06-04,48.96,49.21,48.5,48.5,40780900,0
2015-06-05,48.62,48.75,47.9,48.53,9178300,0
2015-06-08,48.5,48.75,47.91,47.95,6323200,0
2015-06-09,47.95,48.47,47.85,48.1,5490971,0
2015-06-10,48.24,48.57,48.08,48.35,4407814,0
2015-06-11,48.38,48.45,47.22,47.69,4860378,0
2015-06-12,47.65,47.89,47.1,47.3,3799400,0
2015-06-15,47.07,47.23,46.5,46.56,3635500,0
2015-06-16,46.61,47.04,46.48,46.61,2517100,0
2015-06-17,46.72,47.2,46.35,46.86,2989600,0
2015-06-18,46.79,47.81,46.17,47.08,2484900,0
2015-06-19,46.95,47.08,46.37,46.42,1662000,0
2015-06-22,46.85,47.25,46.74,46.82,1441400,0
2015-06-23,46.85,48.07,46.82,47.98,3328767,0
2015-06-24,47.77,48.09,47.53,47.7,2633200,0
2015-06-25,47.94,47.95,47.18,47.23,1330300,0
2015-06-26,47.3,47.5,46.84,46.89,1136300,0
2015-06-29,46.45,46.72,45.89,45.99,1831200,0
2015-06-30,46.36,46.66,45.5,45.79,2566630,0
2015-07-01,46.24,46.43,45.57,45.79,2343500,0
2015-07-02,45.89,46.06,45.32,45.64,1765800,0
2015-07-06,45.19,45.65,44.74,45.05,2388800,0
2015-07-07,45.13,45.38,43.67,45.11,3691800,0
2015-07-08,44.65,45.1,44.1,44.35,2329300,0
2015-07-09,44.89,45.37,44.8,44.89,2059500,0
2015-07-10,45.3,46.0,45.3,45.79,1706800,0
2015-07-13,46.59,46.89,46.54,46.89,1655300,0
2015-07-14,46.64,47.24,46.64,46.95,1549111,0
2015-07-15,46.99,47.18,46.32,46.4,1063601,0
2015-07-16,46.82,47.11,46.43,47.05,1267700,0
2015-07-17,47.05,47.31,46.69,47.15,880900,0
2015-07-20,47.25,47.4,46.8,47.35,961200,0
2015-07-21,47.35,47.74,47.16,47.53,1916500,0
2015-07-22,47.42,47.44,46.39,46.73,1416300,0
2015-07-23,46.66,46.95,45.81,46.02,1497500,0
2015-07-24,46.02,46.17,44.96,45.29,1920000,0
2015-07-27,45.12,45.13,44.13,44.33,1828400,0
2015-07-28,44.55,45.1,43.92,44.67,1798600,0
2015-07-29,44.88,46.21,44.6,46.19,1756500,0
2015-07-30,46.08,46.23,45.49,46.13,1119000,0
2015-07-31,46.57,48.1,46.53,46.84,2368500,0
2015-08-03,46.91,46.91,45.83,46.66,1852684,0
2015-08-04,46.56,47.29,46.56,46.8,1696900,0
2015-08-05,47.02,47.41,46.49,46.75,1018500,0
2015-08-06,46.82,47.1,45.98,46.22,2318497,0
2015-08-07,46.2,46.63,45.96,46.54,2058900,0
2015-08-10,46.95,48.24,46.87,48.22,2191700,0
2015-08-11,49.04,49.04,46.77,47.39,3270539,0
2015-08-12,47.06,47.57,46.47,47.47,2875100,0
2015-08-13,47.64,47.84,46.97,47.05,1496800,0
2015-08-14,47.22,47.36,46.73,47.27,1421700,0
2015-08-17,47.11,48.55,46.96,48.49,1515500,0
2015-08-18,48.33,48.46,47.88,48.01,1187800,0
2015-08-19,47.78,47.9,46.57,46.71,6190600,0
2015-08-20,46.5,46.67,44.64,44.75,4134800,0
2015-08-21,44.43,44.89,42.98,43.3,4698300,0
2015-08-24,40.91,42.66,39.6,40.33,6281325,0
2015-08-25,41.77,41.91,39.28,39.32,4798300,0
2015-08-26,40.59,40.94,39.7,40.84,3766000,0
2015-08-27,41.37,42.48,41.16,41.77,3630700,0
2015-08-28,41.63,42.68,41.62,42.26,1935600,0
2015-08-31,42.0,42.39,41.5,42.04,1751000,0
2015-09-01,41.34,41.4,40.45,40.49,3791700,0
2015-09-02,41.21,41.3,40.5,41.05,2682300,0
2015-09-03,41.17,42.01,41.06,41.24,1605500,0
2015-09-04,41.09,41.18,40.29,40.47,1371800,0
2015-09-08,41.31,42.44,41.12,42.36,2370800,0
2015-09-09,42.92,42.99,41.61,41.65,2045600,0
2015-09-10,41.69,43.41,41.69,42.21,3040169,0
2015-09-11,42.19,42.59,41.82,42.21,1868400,0
2015-09-14,42.28,42.41,41.39,41.76,2302500,0
2015-09-15,41.77,42.6,41.65,42.57,2198700,0
2015-09-16,42.5,43.06,42.5,42.93,1838000,0
2015-09-17,42.97,43.86,42.75,43.28,2448849,0
2015-09-18,42.55,42.96,42.19,42.41,1444800,0
2015-09-21,43.92,44.36,42.9,42.99,2486100,0
2015-09-22,42.33,42.48,41.74,42.36,2231500,0
2015-09-23,42.35,42.74,41.54,41.86,1485011,0
2015-09-24,41.37,41.51,40.63,41.4,2515191,0
2015-09-25,42.06,42.08,40.79,40.96,1794800,0
2015-09-28,40.65,40.65,38.21,38.29,3301882,0
2015-09-29,38.28,38.67,37.47,37.71,3528900,0
2015-09-30,38.21,38.45,37.81,38.24,4311700,0
2015-10-01,38.37,38.96,38.1,38.45,3600900,0
2015-10-02,38.13,40.49,37.75,40.49,2874200,0
2015-10-05,41.03,42.04,40.77,41.84,2394452,0
2015-10-06,41.76,42.36,41.54,41.67,1949600,0
2015-10-07,42.08,42.88,41.57,42.73,1938200,0
2015-10-08,42.48,43.25,41.99,43.18,1941400,0
2015-10-09,43.24,43.82,42.86,43.06,1598400,0
2015-10-12,43.17,43.34,42.79,43.24,1358770,0
2015-10-13,42.84,43.42,42.56,42.83,1551000,0
2015-10-14,42.83,43.54,39.18,39.92,5380300,0
2015-10-15,40.55,41.37,39.84,40.56,3191600,0
2015-10-16,40.48,40.87,39.15,39.31,2318800,0
2015-10-19,39.17,40.14,39.0,39.83,2981064,0
2015-10-20,39.62,40.47,39.39,40.26,2197203,0
2015-10-21,40.43,40.64,39.66,39.78,1541300,0
2015-10-22,39.85,40.74,39.55,40.37,3608100,0
2015-10-23,40.94,42.07,40.82,41.34,2576500,0
2015-10-26,41.34,41.62,40.67,41.0,2521600,0
2015-10-27,40.73,41.0,39.47,39.69,2126400,0
2015-10-28,40.3,41.03,39.74,40.42,4185700,0
2015-10-29,40.2,41.21,40.14,40.98,1575600,0
2015-10-30,41.24,42.01,41.02,41.5,1637700,0
2015-11-02,41.5,42.14,41.41,42.05,1287095,0
2015-11-03,41.9,42.22,40.75,41.46,1655700,0
2015-11-04,41.52,41.8,40.99,41.28,1039322,0
2015-11-05,41.31,41.56,40.29,41.04,1541400,0
2015-11-06,41.0,42.63,40.75,42.52,2071300,0
2015-11-09,42.39,42.44,40.99,41.22,1896556,0
2015-11-10,42.04,42.72,39.86,40.3,3779800,0
2015-11-11,40.54,40.99,40.18,40.86,1476800,0
2015-11-12,40.51,40.93,39.09,39.6,3052600,0
2015-11-13,39.6,40.77,39.48,40.53,2125800,0
2015-11-16,40.42,41.82,40.37,41.78,2354600,0
2015-11-17,41.78,42.89,41.01,41.56,3069700,0
2015-11-18,41.94,42.81,41.87,42.8,2404400,0
2015-11-19,42.75,43.06,42.5,42.83,1474800,0
2015-11-20,43.23,43.83,43.09,43.24,2055900,0
2015-11-23,43.24,44.12,43.04,43.9,2520100,0
2015-11-24,43.42,43.74,43.12,43.73,2528500,0
2015-11-25,43.64,44.04,43.41,43.72,2169200,0
2015-11-27,43.83,44.37,43.6,44.23,1636000,0
2015-11-30,44.41,45.46,44.21,45.44,16896000,0
2015-12-01,45.43,46.06,44.87,45.77,4201953,0
2015-12-02,45.8,46.32,45.1,45.28,3907197,0
2015-12-03,45.64,45.87,44.15,44.53,2354552,0
2015-12-04,44.46,45.26,44.32,45.25,2792800,0
2015-12-07,45.39,45.39,44.09,44.49,2927400,0
2015-12-08,43.98,43.99,41.99,42.12,4279454,0
2015-12-09,42.1,42.77,41.17,41.31,4302300,0
2015-12-10,40.92,42.08,40.88,41.54,2616100,0
2015-12-11,41.1,41.48,40.17,40.37,1699600,0
2015-12-14,40.29,40.47,38.87,39.52,2757552,0
2015-12-15,39.76,40.67,39.7,40.17,3527100,0
2015-12-16,40.64,41.29,39.88,40.85,1970500,0
2015-12-17,41.28,42.37,40.05,40.16,3256300,0
2015-12-18,39.93,40.45,39.7,40.14,2559800,0
2015-12-21,40.29,41.43,40.27,41.41,1717800,0
2015-12-22,41.65,42.04,41.27,41.81,2162213,0
2015-12-23,42.09,43.05,41.97,43.04,1932800,0
2015-12-24,43.08,43.39,42.79,43.15,583196,0
2015-12-28,42.95,43.14,42.19,42.75,1232141,0
2015-12-29,43.19,43.56,42.93,43.51,1804917,0
2015-12-30,43.48,43.83,42.85,42.98,952702,0
2015-12-31,42.74,43.53,42.58,43.16,1347133,0
2016-01-04,42.31,42.41,41.02,41.77,2594230,0
2016-01-05,42.06,42.415,40.64,40.99,1745901,0
2016-01-06,40.34,40.56,39.675,39.95,2440662,0
2016-01-07,39.16,39.3,37.53,37.9,4212911,0
2016-01-08,38.4,38.5,36.62,36.71,3141701,0
2016-01-11,37.13,37.2,35.85,36.7,3882306,0
2016-01-12,37.17,38.07,36.975,37.9,3369993,0
2016-01-13,38.0,38.36,35.83,36.1,4072696,0
2016-01-14,35.92,37.03,34.8,36.55,4494669,0
2016-01-15,34.76,35.88,33.9,34.01,4937170,0
2016-01-19,34.56,34.78,32.47,32.85,6084800,0
2016-01-20,32.1,32.1,29.65,31.4,7741393,0
2016-01-21,31.4,33.07,31.07,32.09,6156316,0
2016-01-22,33.06,33.33,32.26,32.95,3142075,0
2016-01-25,32.74,32.83,30.6299,30.8,3348670,0
2016-01-26,31.05,32.025,31.0,31.76,4618392,0
2016-01-27,31.55,31.68,29.83,30.28,4471970,0
2016-01-28,30.75,30.88,28.695,28.84,3770676,0
2016-01-29,29.24,30.77,28.9,30.71,3653762,0
2016-02-01,30.34,31.2,30.02,31.04,2235192,0
2016-02-02,30.44,30.52,28.515,28.64,3292594,0
2016-02-03,29.0,29.18,26.84,28.43,4744866,0
2016-02-04,28.37,29.39,28.15,28.97,2932107,0
2016-02-05,28.75,29.41,27.625,27.84,2500500,0
2016-02-08,27.52,27.57,25.07,25.54,5913687,0
2016-02-09,25.0,27.29,24.61,26.79,4664654,0
2016-02-10,27.0,27.45,26.6288,27.05,3983937,0
2016-02-11,26.07,27.07,25.94,26.34,4445190,0
2016-02-12,26.7,28.1,26.545,28.06,3348044,0
2016-02-16,28.64,29.23,28.095,29.15,3036656,0
2016-02-17,29.39,31.41,29.28,30.97,5362371,0
2016-02-18,31.22,32.51,30.66,32.0,4674736,0
2016-02-19,31.37,31.78,30.72,31.7,3170176,0
2016-02-22,32.5,33.465,32.5,33.42,3669571,0
2016-02-23,32.52,34.69,32.26,33.17,4397627,0
2016-02-24,32.77,34.2,32.23,34.15,4196291,0
2016-02-25,34.03,34.7,33.69,34.66,3365803,0
2016-02-26,35.08,35.99,34.83,35.49,3077660,0
2016-02-29,35.41,36.085,34.98,35.73,3804645,0
2016-03-01,36.16,36.69,35.9,36.68,3001337,0
2016-03-02,36.26,37.795,36.07,37.75,3295450,0
2016-03-03,37.62,38.43,37.16,37.99,3617288,0
2016-03-04,38.34,38.34,37.17,37.63,3762674,0
2016-03-07,37.21,38.14,36.96,37.76,3010111,0
2016-03-08,37.24,37.48,36.18,36.19,2730735,0
2016-03-09,36.42,37.33,36.36,36.95,2039778,0
2016-03-10,37.25,37.4,35.76,36.4,2133434,0
2016-03-11,37.01,38.04,36.87,37.61,1975118,0
2016-03-14,37.53,38.16,37.27,37.94,1412315,0
2016-03-15,37.56,37.56,36.67,36.82,1715126,0
2016-03-16,36.88,37.995,36.81,37.68,2323304,0
2016-03-17,37.67,38.86,37.42,38.41,2653625,0
2016-03-18,38.75,39.31,38.02,38.32,1871831,0
2016-03-21,38.05,38.84,38.05,38.57,1202886,0
2016-03-22,38.245,38.725,37.72,38.54,2595946,0
2016-03-23,38.36,38.58,37.57,38.07,2340800,0
2016-03-24,37.63,37.85,36.67,37.51,3032187,0
2016-03-28,37.7,38.3,36.89,38.04,1672098,0
2016-03-29,37.86,38.55,37.51,38.39,2502947,0
2016-03-30,38.88,39.78,38.66,39.11,3271416,0
2016-03-31,38.91,39.46,38.55,38.76,1831168,0
2016-04-01,38.37,39.035,37.32,38.89,2051858,0
2016-04-04,38.83,39.13,38.12,38.25,2046634,0
2016-04-05,37.51,37.54,36.08,37.16,3017909,0
2016-04-06,37.06,37.72,36.935,37.46,1753956,0
2016-04-07,37.09,37.65,36.415,36.7,2132302,0
2016-04-08,37.26,38.35,37.26,37.88,2146785,0
2016-04-11,37.87,39.08,37.87,38.21,1879152,0
2016-04-12,38.22,38.835,38.0,38.52,1855816,0
2016-04-13,39.08,39.495,38.77,39.46,2544630,0
2016-04-14,39.51,39.89,39.12,39.47,1933369,0
2016-04-15,39.34,39.84,38.89,39.73,2238748,0
2016-04-18,39.4,40.2,39.36,39.96,1595030,0
2016-04-19,40.07,40.89,40.07,40.5,2591136,0
2016-04-20,40.53,40.995,40.48,40.49,2134465,0
2016-04-21,40.42,40.92,40.091,40.6,1591498,0
2016-04-22,40.58,41.52,40.4,41.43,1812176,0
2016-04-25,41.21,41.52,40.32,40.6,1646072,0
2016-04-26,40.67,41.3,40.58,41.15,1851655,0
2016-04-27,41.48,42.34,41.341,42.19,1996309,0
2016-04-28,41.87,42.17,41.04,41.21,3071095,0
2016-04-29,41.09,41.09,38.95,40.01,3591041,0
2016-05-02,40.1,40.69,39.78,40.38,1734246,0
2016-05-03,39.68,39.95,39.01,39.5,2789904,0
2016-05-04,39.27,40.29,38.83,39.59,3410033,0
2016-05-05,39.74,40.145,39.43,39.95,2080136,0
2016-05-06,39.83,40.88,39.72,40.75,2333083,0
2016-05-09,40.66,41.05,39.83,40.01,2759691,0
2016-05-10,40.0,40.63,39.83,40.42,3131650,0
2016-05-11,40.38,41.17,39.93,40.25,2213270,0
2016-05-12,41.2,41.41,35.52,36.84,8348685,0
2016-05-13,36.17,37.61,36.1,36.61,4427968,0
2016-05-16,36.77,37.71,36.705,37.31,3699878,0
2016-05-17,37.34,38.92,36.31,38.01,3628715,0
2016-05-18,37.89,38.83,37.43,37.8,2603298,0
2016-05-19,37.46,38.16,36.475,36.61,2317479,0
2016-05-20,36.83,37.91,36.83,37.29,1840084,0
2016-05-23,37.25,37.48,36.75,36.98,1224937,0
2016-05-24,37.3,38.45,37.24,38.35,2394197,0
2016-05-25,38.49,39.16,38.385,39.0,2322518,0
2016-05-26,39.11,39.4,38.45,38.64,1400059,0
2016-05-27,38.66,39.35,38.6,38.84,1766099,0
2016-05-31,39.14,39.83,38.35,39.09,15686030,0
2016-06-01,38.9,38.9,37.71,38.82,2309655,0
2016-06-02,38.58,38.91,38.34,38.91,1836752,0
2016-06-03,38.73,38.77,37.41,38.29,1739083,0
2016-06-06,38.37,39.6,38.25,39.6,1484637,0
2016-06-07,39.83,40.17,39.67,40.0,2153554,0
2016-06-08,40.06,40.81,39.35,39.85,1865729,0
2016-06-09,39.66,39.72,38.91,39.14,2107561,0
2016-06-10,38.55,38.665,37.25,37.44,2491576,0
2016-06-13,37.11,37.3,36.69,36.78,2441027,0
2016-06-14,36.61,37.08,36.2,36.82,2302268,0
2016-06-15,36.97,37.755,36.77,36.86,1320274,0
2016-06-16,36.5,36.96,36.16,36.86,1562718,0
2016-06-17,36.93,37.46,36.73,36.98,1163946,0
2016-06-20,37.74,38.4,37.66,38.08,2232478,0
2016-06-21,38.22,38.54,37.68,38.34,1222904,0
2016-06-22,38.34,38.99,38.035,38.1,2260514,0
2016-06-23,38.6,39.0,38.255,38.34,2302316,0
2016-06-24,36.56,36.56,34.41,34.56,4503247,0
2016-06-27,34.1,34.11,31.45,31.55,5453979,0
2016-06-28,32.24,33.43,31.81,32.14,3129867,0
2016-06-29,32.75,33.415,32.5,33.22,1829863,0
2016-06-30,33.3,33.8,32.65,33.59,3270364,0
2016-07-01,33.51,34.31,33.46,33.87,3027841,0
2016-07-05,33.4,33.42,32.15,32.52,1970978,0
2016-07-06,32.2,32.91,31.66,32.74,1902452,0
2016-07-07,32.98,33.55,32.67,33.03,1854977,0
2016-07-08,33.61,34.81,33.49,34.5,1952302,0
2016-07-11,34.99,35.45,34.82,35.01,1914784,0
2016-07-12,35.75,36.39,35.58,36.28,2126955,0
2016-07-13,36.38,36.52,35.59,36.11,1166096,0
2016-07-14,36.7,37.04,36.41,36.88,1369074,0
2016-07-15,37.07,37.2699,36.67,36.92,1588391,0
2016-07-18,37.03,37.84,36.77,37.8,1247212,0
2016-07-19,37.61,38.0,37.44,37.59,1352598,0
2016-07-20,37.69,37.995,37.29,37.66,2715035,0
2016-07-21,37.78,38.18,37.34,37.54,2009847,0
2016-07-22,37.53,37.53,35.67,35.74,4410209,0
2016-07-25,35.7,36.45,35.43,36.41,3067770,0
2016-07-26,36.17,36.8,36.06,36.35,1370666,0
2016-07-27,36.47,36.77,36.2,36.65,1315540,0
2016-07-28,36.46,36.52,35.93,36.41,1148194,0
2016-07-29,36.41,36.68,36.14,36.51,1244174,0
2016-08-01,36.59,36.8669,36.14,36.49,1460371,0
2016-08-02,36.5,36.74,35.31,35.43,1501813,0
2016-08-03,35.4,36.36,35.28,36.25,1538024,0
2016-08-04,36.09,36.43,35.49,35.84,1643960,0
2016-08-05,36.22,36.84,36.16,36.72,1634045,0
2016-08-08,36.89,37.76,36.81,37.76,2346854,0
2016-08-09,37.79,38.55,36.8301,38.22,2121672,0
2016-08-10,37.65,38.45,37.21,38.16,1930317,0
2016-08-11,38.34,38.54,38.14,38.15,1867316,0
2016-08-12,38.13,38.325,37.82,38.04,1169329,0
2016-08-15,38.15,38.7,38.15,38.41,1298333,0
2016-08-16,38.36,38.74,38.33,38.55,1465773,0
2016-08-17,38.55,39.42,38.36,39.35,1593253,0
2016-08-18,39.29,39.64,38.74,38.99,2570186,0
2016-08-19,38.79,39.27,38.52,39.15,1316511,0
2016-08-22,38.86,38.98,38.44,38.74,1647035,0
2016-08-23,39.68,40.0,39.35,39.5,1593770,0
2016-08-24,39.44,39.88,38.97,39.01,1968970,0
2016-08-25,38.88,39.16,38.83,39.06,1530474,0
2016-08-26,39.16,39.91,38.81,39.0,1168291,0
2016-08-29,38.99,39.52,38.82,39.44,1247348,0
2016-08-30,39.56,40.0099,39.5,39.8,1261162,0
2016-08-31,39.74,40.0,39.09,39.97,1572037,0
2016-09-01,40.05,40.51,39.58,40.14,2770910,0
2016-09-02,40.36,40.94,40.3,40.57,1846785,0
2016-09-06,40.61,40.72,39.85,40.07,1326276,0
2016-09-07,40.05,40.6,39.6,40.32,1882986,0
2016-09-08,40.28,40.9,40.09,40.67,2123819,0
2016-09-09,40.3,40.54,39.32,39.32,1949932,0
2016-09-12,38.84,40.24,38.58,40.13,1726680,0
2016-09-13,39.6,40.17,39.5,39.6,1878050,0
2016-09-14,39.46,40.16,39.22,39.99,1975658,0
2016-09-15,39.91,40.405,39.55,40.25,1474538,0
2016-09-16,39.84,40.0,39.0,39.03,1968408,0
2016-09-19,39.32,39.6,38.54,38.64,1611729,0
2016-09-20,38.83,38.85,37.7,37.73,1858930,0
2016-09-21,37.83,38.02,37.035,37.55,2596339,0
2016-09-22,37.92,38.17,37.83,38.0,1534354,0
2016-09-23,37.81,38.26,37.57,37.67,1602029,0
2016-09-26,37.54,37.54,36.75,36.93,1932241,0
2016-09-27,36.83,37.21,36.38,37.02,1530899,0
2016-09-28,37.14,38.08,37.05,38.04,1346210,0
2016-09-29,37.98,38.63,37.44,37.76,1477793,0
2016-09-30,38.12,38.63,37.825,38.49,2192246,0
2016-10-03,38.31,39.015,38.31,38.95,1700370,0
2016-10-04,39.22,39.56,38.65,38.93,1688144,0
2016-10-05,39.15,39.985,39.03,39.93,1615812,0
2016-10-06,39.96,40.1211,39.62,40.08,1005079,0
2016-10-07,39.86,40.15,39.55,39.93,1445086,0
2016-10-10,40.25,40.99,40.16,40.66,1282718,0
2016-10-11,40.56,41.05,40.1,40.56,1582765,0
2016-10-12,40.55,40.83,40.2,40.5,1032575,0
2016-10-13,40.02,40.18,38.2,38.86,1899627,0
2016-10-14,39.24,39.86,38.72,38.77,868211,0
2016-10-17,38.69,39.32,38.69,39.16,732200,0
2016-10-18,39.74,40.42,39.42,40.4,1377679,0
2016-10-19,40.48,41.1025,40.48,40.92,2339092,0
2016-10-20,40.8,41.15,40.51,40.79,889213,0
2016-10-21,40.13,40.76,39.97,40.72,1091250,0
2016-10-24,40.97,41.31,40.85,40.85,1520579,0
2016-10-25,40.71,40.87,40.14,40.8,740586,0
2016-10-26,40.54,41.48,40.42,41.15,1823355,0
2016-10-27,41.36,41.5,40.88,40.91,1725943,0
2016-10-28,41.12,41.56,40.64,40.99,1033694,0
2016-10-31,41.05,41.42,40.74,41.11,1042436,0
2016-11-01,41.36,42.36,40.4,40.68,2272270,0
2016-11-02,40.83,40.89,40.35,40.53,1684437,0
2016-11-03,40.53,41.02,40.46,40.77,1357760,0
2016-11-04,40.7,42.3025,40.68,41.29,2178779,0
2016-11-07,41.98,42.165,41.42,41.71,2267277,0
2016-11-08,42.3,42.72,41.12,41.98,3109154,0
2016-11-09,41.52,42.08,40.62,41.79,2435474,0
2016-11-10,42.02,42.32,41.34,41.82,2965644,0
2016-11-11,41.49,42.365,41.38,42.33,2202707,0
2016-11-14,43.0,43.69,42.81,43.46,3069463,0
2016-11-15,43.45,44.52,43.31,44.45,2599058,0
2016-11-16,44.35,44.86,44.005,44.04,1971916,0
2016-11-17,44.04,45.04,43.75,44.98,2272750,0
2016-11-18,44.92,45.08,44.31,44.34,2078998,0
2016-11-21,44.73,45.2,44.37,45.17,1460430,0
2016-11-22,45.28,45.53,45.05,45.46,1456631,0
2016-11-23,43.7,44.35,43.48,43.9,4864476,0
2016-11-25,44.12,44.58,44.07,44.29,1210878,0
2016-11-28,44.27,44.29,43.315,43.6,2312715,0
2016-11-29,43.54,44.05,43.41,43.42,2042266,0
2016-11-30,43.76,44.15,42.65,42.85,3277114,0
2016-12-01,43.06,43.515,42.81,43.22,2555475,0
2016-12-02,43.09,43.8102,42.875,43.33,1542287,0
2016-12-05,43.55,44.3,43.45,43.54,1085056,0
2016-12-06,43.75,44.165,43.46,44.03,1206490,0
2016-12-07,44.18,44.3,43.92,44.03,1915661,0
2016-12-08,44.15,44.75,44.15,44.53,1748359,0
2016-12-09,44.53,45.2,44.245,44.49,1145278,0
2016-12-12,44.3,44.3,43.37,43.6,1606020,0
2016-12-13,43.74,44.37,43.49,43.5,1764479,0
2016-12-14,43.48,44.07,42.69,42.78,2123718,0
2016-12-15,42.8,43.18,42.3586,42.74,1641321,0
2016-12-16,42.76,43.2168,42.38,42.44,1426674,0
2016-12-19,42.37,43.24,42.21,42.47,2411477,0
2016-12-20,42.69,42.87,42.4,42.62,1355731,0
2016-12-21,42.59,43.18,42.33,43.03,1023480,0
2016-12-22,43.13,43.35,42.1,42.23,1104227,0
2016-12-23,42.24,42.38,42.1,42.2,574219,0
2016-12-27,42.24,42.61,42.12,42.35,1019217,0
2016-12-28,42.44,42.46,41.58,41.79,828242,0
2016-12-29,41.79,42.04,41.35,41.57,787263,0
2016-12-30,41.7,42.0,41.34,41.61,712524,0
2017-01-03,42.02,42.78,41.83,42.74,1516501,0
2017-01-04,43.19,43.61,42.86,43.34,1944646,0
2017-01-05,43.25,44.23,43.25,43.69,1115944,0
2017-01-06,43.73,43.89,43.4,43.6,661931,0
2017-01-09,43.59,43.61,42.88,43.14,1354848,0
2017-01-10,43.21,43.86,43.15,43.49,1835590,0
2017-01-11,43.21,44.35,43.16,43.76,2772336,0
2017-01-12,43.67,43.9,42.57,42.86,1445525,0
2017-01-13,42.93,43.61,42.915,43.0,2840416,0
2017-01-17,42.78,43.18,42.085,42.22,1715675,0
2017-01-18,42.13,42.83,41.77,42.53,1140609,0
2017-01-19,42.62,42.98,41.64,41.68,1948822,0
2017-01-20,41.94,42.6,41.78,42.08,1156320,0
2017-01-23,41.95,42.32,41.54,42.13,1084468,0
2017-01-24,42.15,43.33,42.1,43.18,1538059,0
2017-01-25,43.73,44.2,43.48,43.81,2097646,0
2017-01-26,44.0,44.51,43.8,44.24,1180018,0
2017-01-27,43.92,44.59,43.92,44.34,1242695,0
2017-01-30,43.87,44.15,43.35,44.13,1272405,0
2017-01-31,43.76,44.5,43.46,44.27,1518964,0
2017-02-01,44.39,44.98,43.93,44.4,1588417,0
2017-02-02,44.34,44.55,43.96,44.55,1315441,0
2017-02-03,44.55,45.3,44.29,45.1,1305878,0
2017-02-06,45.13,45.38,44.58,44.93,1162458,0
2017-02-07,44.86,45.15,44.55,44.95,1347061,0
2017-02-08,44.85,45.19,44.34,45.13,893785,0
2017-02-09,45.14,46.09,45.05,45.94,1457557,0
2017-02-10,45.93,46.41,45.76,46.3,1554101,0
2017-02-13,46.41,47.14,46.36,46.41,2616424,0
2017-02-14,46.38,47.155,46.0,46.8,2359629,0
2017-02-15,46.87,47.37,46.8,47.14,1911344,0
2017-02-16,47.24,47.345,46.36,46.79,1780315,0
2017-02-17,46.36,46.91,46.05,46.65,1553747,0
2017-02-21,48.11,49.66,47.08,47.67,2587340,0
2017-02-22,47.62,47.85,46.66,46.89,1792511,0
2017-02-23,47.04,47.3,45.64,45.68,2736228,0
2017-02-24,45.38,45.38,44.78,45.35,1703345,0
2017-02-27,45.38,45.92,45.0,45.66,1428353,0
2017-02-28,45.49,45.72,45.13,45.3,1456936,0
2017-03-01,46.08,46.59,46.02,46.09,1355208,0
2017-03-02,46.12,46.37,45.79,45.81,1559342,0
2017-03-03,45.79,46.28,45.28,46.12,1404965,0
2017-03-06,45.65,45.68,44.54,45.24,1679424,0
2017-03-07,45.16,45.185,44.6,45.02,1709087,0
2017-03-08,45.24,45.735,45.03,45.31,1523103,0
2017-03-09,45.05,45.91,44.84,44.89,1618393,0
2017-03-10,45.14,45.29,44.94,45.14,1036376,0
2017-03-13,45.12,45.3,44.82,44.86,1349351,0
2017-03-14,45.43,45.43,44.37,45.12,1781061,0
2017-03-15,45.15,45.58,44.965,45.36,1869010,0
2017-03-16,45.44,45.88,45.3911,45.63,1532039,0
2017-03-17,45.58,45.84,45.41,45.46,1228176,0
2017-03-20,45.45,45.65,45.08,45.25,769006,0
2017-03-21,45.39,45.66,44.17,44.26,1725853,0
2017-03-22,44.0,44.4,43.63,44.33,1498872,0
2017-03-23,44.41,45.05,44.18,44.78,1467519,0
2017-03-24,44.78,45.18,44.38,44.57,696638,0
2017-03-27,44.18,44.45,43.78,44.42,1475990,0
2017-03-28,44.21,45.38,44.2,45.2,1276054,0
2017-03-29,45.17,45.71,44.83,45.54,1192747,0
2017-03-30,45.51,46.04,45.48,45.91,925925,0
2017-03-31,45.8,46.19,45.71,45.97,1220792,0
2017-04-03,46.0,46.24,44.89,45.33,1034473,0
2017-04-04,45.14,45.68,44.97,45.45,835100,0
2017-04-05,45.81,46.33,45.44,45.46,1177450,0
2017-04-06,44.49,45.1,43.71,44.16,2838422,0
2017-04-07,43.95,44.15,43.28,43.38,1934120,0
2017-04-10,43.55,44.49,43.542,44.24,1134534,0
2017-04-11,44.08,44.19,43.66,44.02,713028,0
2017-04-12,43.56,44.032,43.22,43.41,907414,0
2017-04-13,43.39,43.73,42.85,43.03,1490244,0
2017-04-17,43.1,43.81,42.97,43.72,1004549,0
2017-04-18,43.47,43.82,43.23,43.64,813846,0
2017-04-19,43.83,44.29,43.83,44.11,1299965,0
2017-04-20,44.23,44.85,44.015,44.64,957593,0
2017-04-21,44.61,44.82,43.83,43.83,1158000,0
2017-04-24,44.64,45.59,44.43,45.09,1754616,0
2017-04-25,45.29,45.76,45.085,45.12,1386791,0
2017-04-26,45.15,45.63,45.105,45.38,1233474,0
2017-04-27,45.43,45.64,44.83,45.61,1134761,0
2017-04-28,45.58,46.11,45.342,46.01,1505668,0
2017-05-01,46.15,46.53,45.97,46.26,1050276,0
2017-05-02,46.34,46.63,46.14,46.41,1222094,0
2017-05-03,46.36,46.45,46.12,46.26,1297672,0
2017-05-04,46.49,46.77,45.69,46.11,1160531,0
2017-05-05,46.19,46.19,44.65,44.99,2759750,0
2017-05-08,45.07,45.415,44.64,45.09,2118408,0
2017-05-09,46.05,46.95,45.49,46.02,3519113,0
2017-05-10,46.0,46.0,44.99,45.03,1977578,0
2017-05-11,44.86,45.03,44.15,44.96,1615847,0
2017-05-12,44.75,44.88,44.1799,44.62,1238389,0
2017-05-15,44.69,45.51,44.64,45.03,2264250,0
2017-05-16,45.0,45.0,44.61,44.78,1721097,0
2017-05-17,42.6,44.31,42.35,43.45,2831641,0
2017-05-18,43.4,43.62,43.0,43.45,1500365,0
2017-05-19,43.43,44.8,43.43,44.49,1826510,0
2017-05-22,44.94,45.42,44.745,44.98,2225355,0
2017-05-23,45.18,45.241,44.46,45.03,1526613,0
2017-05-24,45.23,45.43,44.89,45.1,1379263,0
2017-05-25,45.36,45.44,44.64,44.95,896714,0
2017-05-26,44.98,45.07,44.56,44.8,935498,0
2017-05-30,44.67,44.825,43.93,43.94,1242398,0
2017-05-31,44.0,44.08,43.19,44.02,3892299,0
2017-06-01,44.46,44.99,44.21,44.99,3170042,0
2017-06-02,44.73,45.65,44.73,45.42,1713617,0
2017-06-05,45.33,45.54,44.85,44.85,921339,0
2017-06-06,44.67,45.15,44.51,44.73,1181731,0
2017-06-07,44.82,44.99,44.5,44.76,1039488,0
2017-06-08,44.75,45.24,44.63,44.98,616803,0
2017-06-09,45.16,45.71,45.125,45.41,1737981,0
2017-06-12,45.34,46.17,45.34,45.38,1766673,0
2017-06-13,45.46,46.23,45.37,45.66,1569362,0
2017-06-14,45.73,46.76,45.53,46.73,1783374,0
2017-06-15,46.3,46.92,45.9193,46.21,869669,0
2017-06-16,46.26,46.41,45.84,46.14,848605,0
2017-06-19,46.36,46.68,46.04,46.25,836197,0
2017-06-20,46.12,46.34,45.72,45.72,661385,0
2017-06-21,45.77,45.82,44.8,44.98,814338,0
2017-06-22,45.01,45.425,44.69,45.1,879921,0
2017-06-23,45.11,46.08,45.08,45.64,1594448,0
2017-06-26,45.59,46.33,45.54,45.64,588537,0
2017-06-27,46.01,46.35,45.6,45.61,910163,0
2017-06-28,45.97,46.91,45.72,46.89,1181498,0
2017-06-29,47.0,47.43,46.35,46.84,992614,0
2017-06-30,47.01,47.19,46.0,46.43,1389326,0
2017-07-03,46.65,47.07,46.44,46.96,423920,0
2017-07-05,46.97,47.27,46.23,47.18,705413,0
2017-07-06,46.93,47.42,46.54,46.58,711249,0
2017-07-07,46.85,47.0997,46.53,46.83,440264,0
2017-07-10,46.85,47.55,46.7601,47.49,792795,0
2017-07-11,47.05,47.37,46.89,47.12,704427,0
2017-07-12,47.34,47.67,47.1,47.5,680313,0
2017-07-13,47.5,47.98,47.45,47.89,533315,0
2017-07-14,47.95,48.21,47.44,47.63,698234,0
2017-07-17,47.68,48.56,47.39,48.12,1296215,0
2017-07-18,47.94,48.31,47.58,48.27,965968,0
2017-07-19,48.48,49.12,48.43,48.87,956365,0
2017-07-20,48.84,50.24,48.83,49.91,2734433,0
2017-07-21,49.8,50.02,48.96,49.51,1350872,0
2017-07-24,49.49,49.79,49.39,49.4,732004,0
2017-07-25,49.8,49.93,48.99,49.02,1170426,0
2017-07-26,49.11,49.19,48.56,48.8,1230949,0
2017-07-27,49.02,49.34,48.62,48.88,741845,0
2017-07-28,48.74,49.2,48.55,49.04,453306,0
2017-07-31,49.21,49.419,48.96,49.1,836155,0
2017-08-01,49.68,49.76,49.25,49.41,834584,0
2017-08-02,49.33,49.53,48.57,48.89,754493,0
2017-08-03,49.51,50.66,49.0373,49.45,1354988,0
2017-08-04,49.83,50.27,49.51,50.13,1477377,0
2017-08-07,50.14,50.45,49.21,50.24,1589884,0
2017-08-08,50.24,50.79,49.65,49.86,882493,0
2017-08-09,49.62,50.045,49.07,49.95,1610887,0
2017-08-10,49.67,49.7,48.83,48.96,1324783,0
2017-08-11,47.7,48.81,47.7,48.33,1333771,0
2017-08-14,48.82,49.29,48.53,48.63,727416,0
2017-08-15,48.63,49.33,48.55,48.55,798693,0
2017-08-16,48.64,49.375,48.5,48.98,1067005,0
2017-08-17,48.99,49.1999,48.16,48.2,963089,0
2017-08-18,48.09,48.4,47.91,47.96,858341,0
2017-08-21,47.96,48.44,47.7,47.87,458927,0
2017-08-22,47.99,48.61,47.99,48.52,529904,0
2017-08-23,48.31,48.7,48.31,48.42,735636,0
2017-08-24,48.68,49.03,48.5201,48.82,674769,0
2017-08-25,49.04,49.29,48.88,49.11,513326,0
2017-08-28,49.24,49.24,48.91,49.2,374223,0
2017-08-29,48.75,49.51,48.68,49.48,577388,0
2017-08-30,49.41,49.74,49.367,49.66,926878,0
2017-08-31,49.92,50.47,49.68,50.3,1172660,0
2017-09-01,50.42,50.9,50.34,50.39,1217918,0
2017-09-05,50.31,50.38,49.09,49.53,776648,0
2017-09-06,49.77,50.17,49.13,49.19,738247,0
2017-09-07,49.43,49.43,48.23,48.56,1277093,0
2017-09-08,48.38,49.06,48.13,49.0,951339,0
2017-09-11,49.22,49.59,49.005,49.17,810879,0
2017-09-12,49.34,49.69,49.21,49.58,444365,0
2017-09-13,49.54,50.0,49.35,49.44,539153,0
2017-09-14,49.38,49.53,48.925,49.01,502550,0
2017-09-15,49.02,49.655,48.97,49.61,944537,0
2017-09-18,49.77,49.93,49.19,49.24,757302,0
2017-09-19,49.42,50.05,49.25,50.02,560132,0
2017-09-20,49.88,50.35,49.47,50.2,695207,0
2017-09-21,50.24,50.43,49.84,50.16,533715,0
2017-09-22,50.16,50.43,49.6,49.9,870738,0
2017-09-25,49.9,50.0,49.4,49.78,610172,0
2017-09-26,49.88,50.65,49.81,50.27,744604,0
2017-09-27,50.48,50.65,49.87,50.03,863016,0
2017-09-28,50.11,50.65,49.7,50.65,916642,0
2017-09-29,50.66,51.27,50.49,51.11,986589,0
2017-10-02,51.29,51.69,51.22,51.46,1002488,0
2017-10-03,51.55,51.84,50.91,51.84,1040227,0
2017-10-04,51.89,52.34,51.81,51.99,716771,0
2017-10-05,52.07,52.29,51.94,52.0,818740,0
2017-10-06,51.95,52.07,51.62,51.97,578123,0
2017-10-09,52.05,52.37,51.92,52.09,452368,0
2017-10-10,51.99,52.13,51.39,52.05,692841,0
2017-10-11,51.97,52.3,51.64,52.0,859328,0
2017-10-12,52.0,52.37,51.83,52.06,425222,0
2017-10-13,52.11,52.4691,51.99,52.35,400626,0
2017-10-16,52.35,52.85,52.31,52.44,646633,0
2017-10-17,52.59,52.82,52.35,52.43,691241,0
2017-10-18,52.51,52.64,52.2,52.33,853161,0
2017-10-19,52.12,52.26,51.74,52.26,1148899,0
2017-10-20,52.72,53.19,52.62,53.06,1307477,0
2017-10-23,52.99,53.08,52.4,52.55,660319,0
2017-10-24,52.84,53.03,52.53,52.9,450896,0
2017-10-25,52.77,52.94,51.91,52.06,928927,0
2017-10-26,52.31,52.81,52.011,52.62,607655,0
2017-10-27,52.4517,52.67,52.02,52.43,603877,0
2017-10-30,52.115,52.9275,52.11,52.52,1298847,0
2017-10-31,52.6799,53.3,52.5,52.64,932375,0
2017-11-01,53.03,53.13,52.08,52.86,1452969,0
2017-11-02,54.01,54.5,52.24,53.01,1785444,0
2017-11-03,52.76,52.86,52.26,52.51,697048,0
2017-11-06,52.45,52.59,51.84,52.3,1182988,0
2017-11-07,52.4,52.4,51.9,52.19,956493,0
2017-11-08,52.2,52.36,51.6,51.98,1005527,0
2017-11-09,51.76,52.21,51.51,51.87,1132890,0
2017-11-10,51.99,52.2,51.51,51.67,1033853,0
