Date,Open,High,Low,Close,Volume,OpenInt
2014-01-02,12.742,12.787,12.461,12.53,4540357,0
2014-01-03,12.538,12.603,12.391,12.47,4674164,0
2014-01-06,12.594,12.69,12.411,12.594,5769936,0
2014-01-07,12.61,12.996,12.61,12.811,12067041,0
2014-01-08,12.769,12.829,12.479,12.557,7962453,0
2014-01-09,12.61,12.769,12.53,12.698,6102978,0
2014-01-10,12.732,12.909,12.714,12.76,5474659,0
2014-01-13,12.69,12.742,12.479,12.523,5474119,0
2014-01-14,12.53,12.69,12.451,12.682,4860397,0
2014-01-15,12.69,12.706,12.496,12.557,5999423,0
2014-01-16,12.538,12.619,12.451,12.567,4836313,0
2014-01-17,12.61,12.682,12.53,12.557,3914807,0
2014-01-21,12.698,12.778,12.538,12.674,5333532,0
2014-01-22,12.674,12.811,12.637,12.706,3853562,0
2014-01-23,12.603,12.646,12.347,12.461,5996912,0
2014-01-24,12.411,12.411,11.892,12.049,14038058,0
2014-01-27,12.049,12.076,11.784,11.98,9910892,0
2014-01-28,11.988,12.267,11.961,12.267,6077418,0
2014-01-29,12.119,12.257,12.014,12.076,8116052,0
2014-01-30,12.163,12.314,12.101,12.295,3613531,0
2014-01-31,12.146,12.427,12.082,12.392,8557552,0
2014-02-03,12.392,12.531,12.057,12.082,6150814,0
2014-02-04,12.129,12.243,12.004,12.189,4946273,0
2014-02-05,12.11,12.267,11.97,12.198,4043987,0
2014-02-06,12.208,12.33,12.153,12.304,3844905,0
2014-02-07,12.339,12.427,12.267,12.392,4012780,0
2014-02-10,12.356,12.435,12.181,12.383,3511865,0
2014-02-11,12.383,12.772,12.365,12.629,5605309,0
2014-02-12,12.629,12.658,12.49,12.611,5282553,0
2014-02-13,12.523,12.869,12.516,12.772,4130560,0
2014-02-14,12.726,12.886,12.709,12.886,3263600,0
2014-02-18,12.911,13.167,12.886,13.009,4953745,0
2014-02-19,12.93,13.054,12.658,12.7,7825842,0
2014-02-20,12.668,13.009,12.668,12.796,6475489,0
2014-02-21,12.804,13.028,12.744,12.896,4984176,0
2014-02-24,12.886,12.94,12.54,12.577,10282472,0
2014-02-25,12.569,12.685,12.472,12.596,5641099,0
2014-02-26,12.49,12.668,12.356,12.49,10677810,0
2014-02-27,12.412,12.427,12.11,12.146,11672604,0
2014-02-28,12.171,12.217,11.961,12.029,10449056,0
2014-03-03,11.97,12.286,11.943,12.217,8959282,0
2014-03-04,12.251,12.421,12.235,12.295,6432402,0
2014-03-05,12.258,12.383,12.225,12.375,5357235,0
2014-03-06,12.375,12.463,12.258,12.33,6556607,0
2014-03-07,12.33,12.392,12.217,12.383,7022826,0
2014-03-10,12.365,12.365,12.198,12.198,6630848,0
2014-03-11,12.208,12.225,11.933,11.995,6752768,0
2014-03-12,11.933,12.208,11.923,12.198,3921466,0
2014-03-13,12.198,12.286,12.146,12.198,4467759,0
2014-03-14,12.163,12.321,12.153,12.171,3753708,0
2014-03-17,12.208,12.33,12.153,12.258,3371267,0
2014-03-18,12.286,12.421,12.277,12.356,3415636,0
2014-03-19,12.392,12.444,12.137,12.189,4669382,0
2014-03-20,12.181,12.339,12.076,12.314,4643031,0
2014-03-21,12.453,12.49,12.235,12.243,6812647,0
2014-03-24,12.286,12.365,12.119,12.225,5115584,0
2014-03-25,12.258,12.33,12.198,12.277,4535986,0
2014-03-26,12.314,12.365,12.091,12.101,4661570,0
2014-03-27,12.129,12.392,12.119,12.356,5162524,0
2014-03-28,12.427,12.611,12.402,12.596,6666877,0
2014-03-31,12.693,12.726,12.498,12.587,7923148,0
2014-04-01,12.629,12.676,12.55,12.611,5435497,0
2014-04-02,12.629,12.744,12.531,12.559,6344059,0
2014-04-03,12.596,12.7,12.531,12.559,4946844,0
2014-04-04,12.648,12.904,12.596,12.629,8400200,0
2014-04-07,12.621,12.709,12.498,12.508,5618028,0
2014-04-08,12.49,12.781,12.427,12.676,4076697,0
2014-04-09,12.685,12.781,12.498,12.604,9297751,0
2014-04-10,12.604,12.85,12.596,12.717,6693448,0
2014-04-11,12.676,12.754,12.435,12.472,5920686,0
2014-04-14,12.531,12.676,12.453,12.611,4093975,0
2014-04-15,12.611,12.735,12.463,12.629,5088569,0
2014-04-16,12.7,12.735,12.49,12.648,6312272,0
2014-04-17,12.629,12.735,12.508,12.569,3293193,0
2014-04-21,12.596,12.658,12.421,12.463,4189307,0
2014-04-22,12.463,12.508,12.348,12.463,6056168,0
2014-04-23,12.498,12.685,12.49,12.587,3597586,0
2014-04-24,12.629,12.869,12.577,12.789,4653315,0
2014-04-25,12.789,12.841,12.629,12.726,4722921,0
2014-04-28,12.789,12.814,12.621,12.648,6946181,0
2014-04-29,12.7,12.754,12.479,12.668,6266220,0
2014-04-30,12.676,12.797,12.559,12.782,6540668,0
2014-05-01,12.79,13.062,12.754,13.029,5200249,0
2014-05-02,12.991,13.0,12.648,12.676,3857727,0
2014-05-05,12.638,12.676,12.54,12.638,3721954,0
2014-05-06,12.638,12.693,12.531,12.55,4927828,0
2014-05-07,12.604,12.805,12.577,12.797,4973018,0
2014-05-08,12.382,12.763,12.33,12.452,9145846,0
2014-05-09,12.426,12.611,12.338,12.421,5401505,0
2014-05-12,12.452,12.531,12.338,12.391,4042890,0
2014-05-13,12.434,12.523,12.382,12.462,2730752,0
2014-05-14,12.489,12.658,12.434,12.54,4130414,0
2014-05-15,12.54,12.596,12.452,12.559,4030586,0
2014-05-16,12.577,12.648,12.452,12.577,4303183,0
2014-05-19,12.523,12.559,12.313,12.382,4610856,0
2014-05-20,12.364,12.421,12.179,12.233,3807987,0
2014-05-21,12.241,12.33,11.985,12.011,10509999,0
2014-05-22,11.993,12.169,11.871,12.099,12291826,0
2014-05-23,12.127,12.266,12.011,12.037,6426009,0
2014-05-27,12.206,12.276,12.135,12.179,5287377,0
2014-05-28,12.169,12.303,12.056,12.266,5102689,0
2014-05-29,12.257,12.355,12.206,12.347,8428516,0
2014-05-30,12.33,12.479,12.188,12.471,8975072,0
2014-06-02,12.462,12.54,12.382,12.471,4196870,0
2014-06-03,12.421,12.596,12.391,12.55,4780914,0
2014-06-04,12.569,12.604,12.347,12.355,8044914,0
2014-06-05,12.391,12.7,12.391,12.629,6828012,0
2014-06-06,12.668,12.87,12.658,12.79,5754050,0
2014-06-09,12.782,12.861,12.726,12.726,6909899,0
2014-06-10,12.709,12.79,12.629,12.638,5537053,0
2014-06-11,12.621,12.726,12.54,12.587,5863151,0
2014-06-12,12.604,12.629,12.462,12.531,6837776,0
2014-06-13,12.531,12.676,12.452,12.559,5432208,0
2014-06-16,12.531,12.772,12.515,12.763,6046032,0
2014-06-17,12.726,12.887,12.658,12.878,7973070,0
2014-06-18,12.851,13.302,12.833,13.293,10172562,0
2014-06-19,13.32,13.531,13.32,13.451,7593062,0
2014-06-20,13.506,13.612,13.427,13.497,7186865,0
2014-06-23,13.48,13.548,13.443,13.514,5064580,0
2014-06-24,13.506,13.629,13.408,13.443,8000081,0
2014-06-25,13.436,13.568,13.274,13.548,9680352,0
2014-06-26,13.595,13.77,13.427,13.666,7943147,0
2014-06-27,13.646,13.832,13.629,13.736,10012982,0
2014-06-30,13.71,13.841,13.558,13.754,6764761,0
2014-07-01,13.77,13.832,13.586,13.77,6330869,0
2014-07-02,13.761,13.807,13.577,13.656,8320796,0
2014-07-03,13.595,13.717,13.489,13.675,3624895,0
2014-07-07,13.656,13.754,13.629,13.656,7460366,0
2014-07-08,13.646,13.761,13.595,13.7,5087727,0
2014-07-09,13.736,13.761,13.524,13.603,6175049,0
2014-07-10,13.577,13.761,13.538,13.736,3950088,0
2014-07-11,13.692,13.7,13.548,13.629,4658945,0
2014-07-14,13.675,13.675,13.401,13.436,6836975,0
2014-07-15,13.461,13.538,13.293,13.401,5286232,0
2014-07-16,13.48,13.497,13.354,13.489,5154981,0
2014-07-17,13.47,13.558,13.302,13.33,3844812,0
2014-07-18,13.373,13.47,13.284,13.436,3618424,0
2014-07-21,13.408,13.451,13.265,13.401,2876347,0
2014-07-22,13.48,13.568,13.391,13.461,4048075,0
2014-07-23,13.451,13.47,13.364,13.443,2775282,0
2014-07-24,13.48,13.538,13.346,13.514,3502709,0
2014-07-25,13.461,13.531,13.33,13.346,3681667,0
2014-07-28,13.346,13.514,13.32,13.451,3711212,0
2014-07-29,13.451,13.524,13.346,13.354,2754554,0
2014-07-30,13.364,13.47,13.232,13.302,3688744,0
2014-07-31,13.214,13.302,12.939,12.965,4384623,0
2014-08-01,12.885,13.151,12.831,13.046,4537807,0
2014-08-04,13.028,13.143,12.795,13.143,6781629,0
2014-08-05,13.078,13.143,12.804,12.868,4760735,0
2014-08-06,12.788,12.823,12.636,12.743,7651154,0
2014-08-07,12.433,12.823,12.433,12.77,4993477,0
2014-08-08,12.813,13.088,12.795,13.088,4649333,0
2014-08-11,13.098,13.232,12.903,12.92,5437427,0
2014-08-12,12.92,13.036,12.868,12.948,4312532,0
2014-08-13,12.948,13.127,12.948,13.028,3911913,0
2014-08-14,13.028,13.249,13.028,13.232,2296234,0
2014-08-15,13.257,13.302,13.061,13.143,3168780,0
2014-08-18,13.186,13.302,13.069,13.088,2822245,0
2014-08-19,13.151,13.24,13.088,13.223,2725267,0
2014-08-20,13.176,13.382,13.127,13.354,4751094,0
2014-08-21,13.364,13.498,13.338,13.373,2525530,0
2014-08-22,13.338,13.391,13.205,13.33,3301199,0
2014-08-25,13.418,13.461,13.302,13.451,2139323,0
2014-08-26,13.47,13.47,13.33,13.338,3045309,0
2014-08-27,13.364,13.401,13.284,13.346,2632045,0
2014-08-28,13.302,13.408,13.265,13.401,2086465,0
2014-08-29,13.401,13.489,13.338,13.47,2060549,0
2014-09-02,13.461,13.498,13.196,13.265,4286321,0
2014-09-03,13.274,13.302,12.885,12.92,7788233,0
2014-09-04,12.929,13.055,12.85,13.028,5050538,0
2014-09-05,13.028,13.214,12.973,13.214,3380701,0
2014-09-08,13.168,13.33,13.151,13.257,4445733,0
2014-09-09,13.214,13.223,13.061,13.078,3515876,0
2014-09-10,13.088,13.143,12.823,12.85,4627370,0
2014-09-11,12.85,12.929,12.813,12.885,5054303,0
2014-09-12,12.84,12.91,12.733,12.788,4171511,0
2014-09-15,12.795,12.868,12.715,12.78,2995537,0
2014-09-16,12.78,12.982,12.733,12.929,3260908,0
2014-09-17,12.957,13.019,12.77,12.84,3303724,0
2014-09-18,12.813,12.939,12.77,12.84,3022960,0
2014-09-19,12.859,13.069,12.859,13.046,5406383,0
2014-09-22,12.999,13.028,12.868,12.91,3343280,0
2014-09-23,12.885,12.92,12.795,12.877,3193323,0
2014-09-24,12.877,12.895,12.77,12.831,2623740,0
2014-09-25,12.78,12.84,12.556,12.556,4270687,0
2014-09-26,12.556,12.682,12.513,12.618,3060478,0
2014-09-29,12.556,12.655,12.478,12.609,2768528,0
2014-09-30,12.645,12.725,12.468,12.584,4078399,0
2014-10-01,12.593,12.78,12.537,12.602,4840527,0
2014-10-02,12.602,12.707,12.407,12.547,5499554,0
2014-10-03,12.566,12.602,12.45,12.547,4237160,0
2014-10-06,12.609,12.761,12.584,12.691,3598018,0
2014-10-07,12.645,12.823,12.556,12.636,4335136,0
2014-10-08,12.618,12.707,12.255,12.459,8479413,0
2014-10-09,12.417,12.478,11.908,11.955,7298251,0
2014-10-10,11.997,12.147,11.73,11.76,8246413,0
2014-10-13,11.721,11.908,11.623,11.662,6226488,0
2014-10-14,11.712,11.997,11.652,11.721,7238310,0
2014-10-15,11.59,11.662,10.986,11.394,8296720,0
2014-10-16,11.269,11.623,11.171,11.518,9236948,0
2014-10-17,11.545,11.838,11.482,11.793,12498248,0
2014-10-20,11.802,11.899,11.662,11.856,5822578,0
2014-10-21,11.925,12.06,11.893,11.99,4989265,0
2014-10-22,11.963,12.167,11.935,12.094,6225623,0
2014-10-23,12.272,12.29,12.052,12.06,4487805,0
2014-10-24,12.06,12.212,11.972,12.184,4791560,0
2014-10-27,12.167,12.175,11.828,11.908,5776186,0
2014-10-28,11.915,12.069,11.846,12.069,5070448,0
2014-10-29,12.131,12.147,11.76,11.899,5382138,0
2014-10-30,11.935,12.442,11.925,12.426,4921856,0
2014-10-31,12.531,12.55,12.381,12.531,4430027,0
2014-11-03,12.604,12.694,12.523,12.577,5588253,0
2014-11-04,12.569,12.596,12.194,12.256,4908002,0
2014-11-05,12.372,12.461,12.23,12.426,16639067,0
2014-11-06,12.061,12.061,11.589,11.632,12803993,0
2014-11-07,11.661,11.997,11.613,11.99,8416786,0
2014-11-10,11.955,12.148,11.945,12.141,5275360,0
2014-11-11,12.132,12.158,11.997,12.015,6211747,0
2014-11-12,11.908,12.246,11.81,11.972,13561403,0
2014-11-13,12.006,12.264,11.99,12.194,10058272,0
2014-11-14,12.158,12.185,11.997,11.997,5723109,0
2014-11-17,11.963,12.256,11.883,12.256,6864127,0
2014-11-18,12.246,12.399,12.221,12.238,6298199,0
2014-11-19,12.185,12.399,12.061,12.399,6348662,0
2014-11-20,12.346,12.426,12.311,12.409,6085457,0
2014-11-21,12.531,12.577,12.419,12.559,4178319,0
2014-11-24,12.596,12.629,12.497,12.54,4745985,0
2014-11-25,12.497,12.515,12.336,12.399,7344026,0
2014-11-26,12.381,12.451,12.284,12.311,3813758,0
2014-11-28,12.284,12.381,12.274,12.354,3341709,0
2014-12-01,12.301,12.372,12.158,12.158,5425751,0
2014-12-02,12.033,12.389,11.935,12.328,7418451,0
2014-12-03,12.301,12.47,11.997,12.301,11806142,0
2014-12-04,12.311,12.354,12.123,12.238,4033401,0
2014-12-05,12.132,12.274,12.078,12.185,5686582,0
2014-12-08,12.158,12.238,12.006,12.114,7930147,0
2014-12-09,11.997,12.354,11.997,12.346,6419529,0
2014-12-10,12.32,12.346,11.846,11.899,7015156,0
2014-12-11,11.981,11.997,11.72,11.768,6392744,0
2014-12-12,11.704,11.99,11.67,11.838,5648730,0
2014-12-15,12.203,12.221,11.472,11.589,10226586,0
2014-12-16,11.589,11.838,11.382,11.392,9202546,0
2014-12-17,11.446,11.729,11.446,11.694,11285272,0
2014-12-18,11.802,11.856,11.606,11.768,8628121,0
2014-12-19,11.802,12.114,11.784,12.023,9509542,0
2014-12-22,12.023,12.185,11.915,12.167,5542627,0
2014-12-23,12.221,12.409,12.148,12.158,5634724,0
2014-12-24,12.167,12.336,12.132,12.301,3175440,0
2014-12-26,12.346,12.727,12.346,12.668,4739396,0
2014-12-29,12.668,12.907,12.638,12.798,3875975,0
2014-12-30,12.774,12.791,12.409,12.488,4847891,0
2014-12-31,12.497,12.497,12.246,12.264,4219719,0
2015-01-02,12.346,12.354,12.033,12.203,5870233,0
2015-01-05,12.176,12.203,11.793,11.856,6075284,0
2015-01-06,11.856,11.99,11.534,11.589,8051060,0
2015-01-07,11.613,11.694,11.516,11.606,5537102,0
2015-01-08,11.711,11.908,11.661,11.784,7493223,0
2015-01-09,11.81,11.846,11.464,11.49,5952905,0
2015-01-12,11.464,11.534,11.178,11.472,10310822,0
2015-01-13,11.552,11.739,11.481,11.598,6991896,0
2015-01-14,11.509,11.729,11.419,11.704,5250827,0
2015-01-15,11.711,11.908,11.651,11.67,8435323,0
2015-01-16,11.704,11.925,11.694,11.908,7211055,0
2015-01-20,11.972,12.015,11.516,11.661,7491116,0
2015-01-21,11.552,11.777,11.481,11.759,5960953,0
2015-01-22,11.81,11.856,11.428,11.509,5461524,0
2015-01-23,11.516,11.589,11.295,11.295,8606506,0
2015-01-26,11.285,11.339,11.117,11.339,5256700,0
2015-01-27,11.258,11.392,11.178,11.339,3972594,0
2015-01-28,11.348,11.419,10.956,10.973,6109864,0
2015-01-29,10.938,11.117,10.893,11.08,6115455,0
2015-01-30,10.972,11.169,10.929,10.972,7211010,0
2015-02-02,11.018,11.107,10.937,11.099,6019315,0
2015-02-03,11.089,11.421,11.089,11.206,9120987,0
2015-02-04,11.144,11.395,11.126,11.242,6490752,0
2015-02-05,11.297,11.405,11.233,11.376,3680654,0
2015-02-06,11.314,11.36,10.793,10.841,7904507,0
2015-02-09,10.821,10.92,10.597,10.641,8668201,0
2015-02-10,10.541,10.955,10.353,10.92,12501947,0
2015-02-11,10.821,10.864,10.605,10.712,11099390,0
2015-02-12,10.774,10.811,10.622,10.649,4903531,0
2015-02-13,10.631,10.811,10.532,10.649,4829489,0
2015-02-17,10.641,10.641,10.362,10.452,6337076,0
2015-02-18,10.443,10.676,10.398,10.622,6595806,0
2015-02-19,10.587,10.749,10.569,10.641,4845083,0
2015-02-20,10.649,10.686,10.452,10.676,6272555,0
2015-02-23,10.686,10.74,10.569,10.703,3857403,0
2015-02-24,10.658,10.91,10.641,10.883,7730721,0
2015-02-25,10.873,10.929,10.658,10.774,10050191,0
2015-02-26,10.883,11.439,10.883,11.341,13151665,0
2015-02-27,11.385,11.684,11.287,11.646,15081124,0
2015-03-02,11.593,11.593,11.268,11.36,9988349,0
2015-03-03,11.467,11.691,11.36,11.675,10657993,0
2015-03-04,11.601,11.675,11.413,11.449,7889645,0
2015-03-05,11.475,11.52,11.376,11.405,6694237,0
2015-03-06,11.242,11.385,10.946,10.982,8782024,0
2015-03-09,11.008,11.062,10.883,10.946,8236107,0
2015-03-10,10.883,10.972,10.847,10.883,11710852,0
2015-03-11,10.873,10.929,10.74,10.821,8413178,0
2015-03-12,10.855,10.9,10.783,10.864,7736296,0
2015-03-13,10.811,10.821,10.622,10.703,7814362,0
2015-03-16,10.774,10.891,10.74,10.783,6014570,0
2015-03-17,10.774,10.982,10.765,10.946,6030269,0
2015-03-18,10.982,11.413,10.91,11.35,6841128,0
2015-03-19,11.331,11.421,11.198,11.242,4576715,0
2015-03-20,11.26,11.529,11.216,11.529,10108176,0
2015-03-23,11.52,11.646,11.467,11.566,4255646,0
2015-03-24,11.511,11.656,11.322,11.395,5272312,0
2015-03-25,11.405,11.405,11.107,11.225,5640044,0
2015-03-26,11.198,11.278,11.071,11.189,4418353,0
2015-03-27,11.206,11.341,11.126,11.206,3934243,0
2015-03-30,11.242,11.494,11.206,11.439,4113989,0
2015-03-31,11.439,11.556,11.385,11.538,4511807,0
2015-04-01,11.548,11.627,11.35,11.52,5981716,0
2015-04-02,11.494,11.584,11.413,11.529,4299412,0
2015-04-06,11.548,12.014,11.538,11.97,8268513,0
2015-04-07,11.953,11.953,11.799,11.799,3814227,0
2015-04-08,11.872,11.923,11.709,11.782,5585806,0
2015-04-09,11.745,11.774,11.61,11.717,3231269,0
2015-04-10,11.735,11.863,11.666,11.853,2685825,0
2015-04-13,11.764,11.835,11.646,11.646,3983022,0
2015-04-14,11.717,11.913,11.666,11.913,4238719,0
2015-04-15,11.953,12.042,11.923,11.988,5560965,0
2015-04-16,11.943,12.052,11.853,11.923,4318708,0
2015-04-17,11.825,11.98,11.79,11.815,3144096,0
2015-04-20,11.835,12.032,11.825,11.89,3284735,0
2015-04-21,11.898,12.014,11.675,11.97,11672085,0
2015-04-22,12.052,12.203,11.835,12.176,9433730,0
2015-04-23,12.131,12.23,11.943,11.953,5506958,0
2015-04-24,11.97,12.275,11.913,12.085,5556470,0
2015-04-27,12.158,12.221,11.88,11.898,5321091,0
2015-04-28,11.89,12.022,11.79,12.022,3801952,0
2015-04-29,11.913,12.094,11.782,12.077,8897623,0
2015-04-30,12.052,12.06,11.807,11.898,6951048,0
2015-05-01,11.98,12.033,11.806,12.005,3716766,0
2015-05-04,12.087,12.415,12.043,12.341,5589187,0
2015-05-05,12.305,12.305,12.16,12.196,8693749,0
2015-05-06,12.206,12.233,12.033,12.169,7491483,0
2015-05-07,12.223,12.349,12.096,12.25,4930495,0
2015-05-08,12.415,12.514,12.278,12.359,6901904,0
2015-05-11,12.023,12.514,11.943,12.377,7513112,0
2015-05-12,12.278,12.415,12.087,12.405,9024005,0
2015-05-13,12.196,12.215,12.033,12.087,50916672,0
2015-05-14,12.215,12.296,12.07,12.25,10316605,0
2015-05-15,12.268,12.44,12.206,12.395,5203146,0
2015-05-18,12.359,12.449,12.286,12.431,4398524,0
2015-05-19,12.377,12.377,12.043,12.323,8590584,0
2015-05-20,12.359,12.478,12.305,12.331,7903535,0
2015-05-21,12.323,12.478,12.278,12.468,4629049,0
2015-05-22,12.423,12.478,12.305,12.395,4827661,0
2015-05-26,12.377,12.395,12.096,12.143,5740193,0
2015-05-27,12.331,12.349,12.115,12.16,4482712,0
2015-05-28,12.115,12.187,12.033,12.061,3866857,0
2015-05-29,12.061,12.305,12.023,12.305,8706902,0
2015-06-01,12.296,12.423,12.223,12.341,6031290,0
2015-06-02,12.268,12.278,12.023,12.169,6267405,0
2015-06-03,12.16,12.169,11.673,11.898,8204673,0
2015-06-04,11.834,11.905,11.754,11.781,6575080,0
2015-06-05,11.863,11.98,11.744,11.898,9909316,0
2015-06-08,11.872,11.905,11.781,11.834,4992345,0
2015-06-09,11.824,12.223,11.815,12.223,10108912,0
2015-06-10,12.341,12.349,12.033,12.053,6506055,0
2015-06-11,12.124,12.286,12.053,12.233,5484692,0
2015-06-12,12.196,12.233,12.043,12.079,4023365,0
2015-06-15,12.061,12.196,12.014,12.16,5952594,0
2015-06-16,12.187,12.305,12.061,12.286,4376495,0
2015-06-17,12.315,12.423,12.233,12.368,5755971,0
2015-06-18,12.368,12.558,12.315,12.53,5575812,0
2015-06-19,12.548,12.638,12.449,12.53,6641397,0
2015-06-22,12.568,12.686,12.458,12.611,4939182,0
2015-06-23,12.611,12.638,12.368,12.405,5868316,0
2015-06-24,12.423,12.486,12.25,12.341,5596481,0
2015-06-25,12.341,12.359,12.187,12.241,4453091,0
2015-06-26,12.206,12.241,12.061,12.178,5575592,0
2015-06-29,12.133,12.233,11.898,11.905,5006935,0
2015-06-30,11.953,12.033,11.806,11.996,7515822,0
2015-07-01,12.033,12.087,11.898,11.933,5524088,0
2015-07-02,12.005,12.124,11.905,12.033,3998276,0
2015-07-06,11.98,12.033,11.863,11.943,4332286,0
2015-07-07,11.962,12.07,11.913,11.98,9791604,0
2015-07-08,11.933,12.07,11.563,11.682,7901720,0
2015-07-09,11.754,11.88,11.754,11.773,7661881,0
2015-07-10,11.798,11.905,11.789,11.853,6707379,0
2015-07-13,11.913,11.933,11.781,11.806,5362497,0
2015-07-14,11.806,11.989,11.806,11.872,6781483,0
2015-07-15,11.853,11.933,11.806,11.923,6745794,0
2015-07-16,11.943,12.106,11.89,12.079,5058108,0
2015-07-17,12.079,12.106,11.89,11.953,4679559,0
2015-07-20,11.913,11.913,11.707,11.834,5627540,0
2015-07-21,11.781,11.781,11.644,11.707,3998055,0
2015-07-22,11.673,11.962,11.673,11.913,6291912,0
2015-07-23,11.89,11.943,11.644,11.707,4871984,0
2015-07-24,11.689,11.689,11.472,11.573,3863214,0
2015-07-27,11.517,11.754,11.481,11.698,5984981,0
2015-07-28,11.698,11.773,11.5,11.553,6610005,0
2015-07-29,11.581,11.616,11.491,11.608,7153522,0
2015-07-30,11.625,11.716,11.544,11.573,5176384,0
2015-07-31,11.683,11.816,11.635,11.674,4667759,0
2015-08-03,11.69,11.8,11.544,11.608,3315872,0
2015-08-04,11.591,11.699,11.425,11.454,3183998,0
2015-08-05,11.499,11.654,11.454,11.48,2935938,0
2015-08-06,11.471,11.516,11.253,11.49,5761976,0
2015-08-07,11.526,11.664,11.471,11.526,4550089,0
2015-08-10,11.471,11.654,11.407,11.563,3753925,0
2015-08-11,11.534,11.674,11.189,11.262,6487756,0
2015-08-12,11.243,11.946,11.243,11.908,8530360,0
2015-08-13,11.865,12.047,11.516,11.544,6536002,0
2015-08-14,11.509,11.726,11.49,11.683,3577584,0
2015-08-17,11.674,11.845,11.553,11.735,5037437,0
2015-08-18,11.716,11.735,11.625,11.69,3378652,0
2015-08-19,11.608,11.625,11.353,11.435,5405145,0
2015-08-20,11.316,11.499,11.207,11.225,6352097,0
2015-08-21,11.088,11.243,10.869,10.943,5944584,0
2015-08-24,10.277,10.696,10.166,10.514,18385220,0
2015-08-25,10.825,10.851,10.331,10.341,10185198,0
2015-08-26,10.541,10.651,10.395,10.623,9407678,0
2015-08-27,10.724,10.859,10.623,10.825,8986896,0
2015-08-28,10.815,11.07,10.768,11.034,5400098,0
2015-08-31,10.969,11.006,10.778,10.943,7089043,0
2015-09-01,10.743,10.76,10.331,10.432,6724844,0
2015-09-02,10.577,10.605,10.231,10.322,6534797,0
2015-09-03,10.349,10.495,10.258,10.432,6958101,0
2015-09-04,10.322,10.322,10.031,10.058,5263459,0
2015-09-08,10.249,10.358,10.113,10.322,8462480,0
2015-09-09,10.387,10.541,10.277,10.305,6295619,0
2015-09-10,10.24,10.458,10.222,10.249,7384801,0
2015-09-11,10.213,10.249,10.075,10.149,4331418,0
2015-09-14,10.141,10.258,10.021,10.094,6015974,0
2015-09-15,10.132,10.186,10.021,10.141,6146366,0
2015-09-16,10.166,10.213,10.122,10.195,7924467,0
2015-09-17,10.195,10.378,10.085,10.186,6793162,0
2015-09-18,10.075,10.141,9.922,9.976,10458263,0
2015-09-21,10.031,10.113,9.801,9.831,6291779,0
2015-09-22,9.783,9.831,9.511,9.557,10660924,0
2015-09-23,9.575,9.584,9.2459,9.2459,9160657,0
2015-09-24,9.164,9.1917,8.9819,9.119,11001241,0
2015-09-25,9.1917,9.2643,9.037,9.0816,9586213,0
2015-09-28,9.0455,9.164,8.9268,8.9452,7191700,0
2015-09-29,8.9452,8.9913,8.5898,8.6262,8730498,0
2015-09-30,8.6901,8.9546,8.6353,8.9268,12331442,0
2015-10-01,8.9913,9.119,8.8634,9.018,9519097,0
2015-10-02,8.9452,9.2014,8.9268,9.2014,6351767,0
2015-10-05,9.2547,9.4917,9.2459,9.3654,7602932,0
2015-10-06,9.337,9.538,9.2547,9.538,10017192,0
2015-10-07,9.619,9.801,9.557,9.602,10605212,0
2015-10-08,9.566,9.848,9.547,9.811,5651669,0
2015-10-09,9.821,9.885,9.71,9.777,5361388,0
2015-10-12,9.783,9.885,9.71,9.768,4100512,0
2015-10-13,9.701,9.892,9.684,9.692,6679773,0
2015-10-14,9.701,9.811,9.629,9.638,5723609,0
2015-10-15,9.684,9.839,9.584,9.831,6286516,0
2015-10-16,9.868,9.868,9.684,9.831,5280344,0
2015-10-19,9.739,9.792,9.593,9.792,9689805,0
2015-10-20,9.748,9.958,9.657,9.922,6423264,0
2015-10-21,9.985,10.094,9.783,9.811,4838507,0
2015-10-22,9.858,10.068,9.801,10.068,7162738,0
2015-10-23,10.103,10.176,9.958,10.075,7540859,0
2015-10-26,10.021,10.075,9.831,9.922,6319635,0
2015-10-27,9.876,9.94,9.801,9.912,6734058,0
2015-10-28,9.922,10.222,9.858,10.141,7478240,0
2015-10-29,10.075,10.186,10.001,10.122,5501622,0
2015-10-30,10.132,10.186,10.048,10.075,4558619,0
2015-11-02,10.103,10.206,10.04,10.141,5134885,0
2015-11-03,10.067,10.149,9.91,10.057,9116293,0
2015-11-04,10.075,10.176,9.929,9.956,5758634,0
2015-11-05,9.643,9.846,9.0636,9.091,13598044,0
2015-11-06,8.9905,9.4136,8.8427,9.3859,9293953,0
2015-11-09,9.3488,9.4136,9.0266,9.1094,6522327,0
2015-11-10,9.164,9.3116,9.1467,9.2653,6938675,0
2015-11-11,9.294,9.3214,9.0816,9.2469,4258777,0
2015-11-12,9.0541,9.2653,8.9528,8.9528,7836031,0
2015-11-13,8.9811,9.1094,8.9434,9.0171,5911883,0
2015-11-16,8.9905,9.1094,8.8981,9.0266,5782121,0
2015-11-17,9.0361,9.1276,8.7414,8.7782,6073595,0
2015-11-18,8.8058,8.9717,8.7414,8.9528,4519278,0
2015-11-19,8.9434,8.9811,8.6954,8.8058,6116957,0
2015-11-20,8.8514,9.0266,8.815,8.8981,3903616,0
2015-11-23,8.8981,8.9717,8.815,8.8887,6157820,0
2015-11-24,8.87,9.1467,8.8427,9.1094,6447666,0
2015-11-25,8.8887,9.1276,8.8887,9.091,3710168,0
2015-11-27,9.1008,9.2208,9.0446,9.1927,3835258,0
2015-11-30,9.2014,9.275,9.1831,9.1927,6449622,0
2015-12-01,9.2208,9.2847,9.1276,9.1831,6178481,0
2015-12-02,9.1927,9.2014,8.8335,8.8335,7088102,0
2015-12-03,8.7966,8.9717,8.7414,8.7599,8909946,0
2015-12-04,8.7599,8.8335,8.5574,8.5757,7731919,0
2015-12-07,8.5205,8.5574,8.2443,8.4745,6565907,0
2015-12-08,8.3825,8.5297,8.3457,8.4653,5614753,0
2015-12-09,8.4561,8.6771,8.4193,8.5205,5061582,0
2015-12-10,8.5205,8.6033,8.4285,8.5391,4174767,0
2015-12-11,8.4377,8.4653,8.2443,8.2536,5465214,0
2015-12-14,8.3273,8.4193,8.0604,8.1249,8859185,0
2015-12-15,8.1893,8.6126,8.1801,8.5113,10421595,0
2015-12-16,8.5482,8.6402,8.401,8.6218,6947260,0
2015-12-17,8.6218,8.7414,8.4285,8.4653,5622581,0
2015-12-18,8.4377,8.447,8.226,8.3365,11755187,0
2015-12-21,8.355,8.5391,8.2905,8.4285,6967257,0
2015-12-22,8.4561,8.5665,8.4101,8.5482,5512861,0
2015-12-23,8.5757,8.815,8.5665,8.7782,4429619,0
2015-12-24,8.7691,8.8793,8.7599,8.815,1649947,0
2015-12-28,8.7966,8.8607,8.6402,8.7046,4072957,0
2015-12-29,8.7874,8.87,8.7138,8.8427,3329858,0
2015-12-30,8.8427,8.8887,8.7414,8.7414,3370241,0
2015-12-31,8.7414,8.9528,8.6218,8.8058,5499361,0
2016-01-04,8.6862,8.7205,8.4837,8.6771,5231212,0
2016-01-05,8.7138,8.8243,8.5391,8.7966,4775089,0
2016-01-06,8.6494,8.723,8.4653,8.493,4986224,0
2016-01-07,8.3641,8.4608,8.272,8.2813,8045338,0
2016-01-08,8.2905,8.4653,8.079,8.401,8885156,0
2016-01-11,8.3917,8.4837,8.102,8.3089,8049004,0
2016-01-12,8.3733,8.3825,7.987,8.0512,6692099,0
2016-01-13,8.0973,8.355,7.8857,7.95,9223431,0
2016-01-14,7.9685,8.1801,7.8304,8.1432,11452499,0
2016-01-15,7.9409,7.9592,7.6556,7.8579,9342056,0
2016-01-19,7.95,8.1249,7.7569,8.0236,9603573,0
2016-01-20,7.9133,8.0052,7.5636,7.9317,10781224,0
2016-01-21,7.95,8.5297,7.9041,8.3825,11402722,0
2016-01-22,8.5391,8.6402,8.3502,8.4377,5861990,0
2016-01-25,8.401,8.4561,8.042,8.042,7917438,0
2016-01-26,8.1065,8.3733,8.0697,8.318,4751399,0
2016-01-27,8.318,8.4745,8.2443,8.355,5122887,0
2016-01-28,8.4837,8.5941,8.3656,8.4285,5816664,0
2016-01-29,8.4937,8.8569,8.4844,8.8476,12300893,0
2016-02-01,8.8197,8.885,8.6614,8.8104,6511731,0
2016-02-02,8.7172,8.8383,8.6334,8.652,8337772,0
2016-02-03,8.7637,9.1181,8.7172,9.0806,9891345,0
2016-02-04,9.0341,9.4166,9.0341,9.1267,8970679,0
2016-02-05,8.885,9.2857,8.885,9.0806,8737681,0
2016-02-08,9.0151,9.0426,8.68,8.7919,6458799,0
2016-02-09,8.6893,8.9782,8.5683,8.8569,5938112,0
2016-02-10,8.8476,8.9594,8.6148,8.8756,4562015,0
2016-02-11,8.7358,8.7544,8.354,8.3819,9283353,0
2016-02-12,8.3913,8.559,8.2703,8.5402,6597610,0
2016-02-16,8.6427,8.8104,8.5683,8.7358,5051441,0
2016-02-17,8.7919,9.0711,8.7312,8.9594,6869858,0
2016-02-18,8.9782,9.0901,8.8476,9.0341,4628784,0
2016-02-19,8.9782,8.9782,8.6986,8.7637,4585963,0
2016-02-22,8.997,9.1267,8.8756,9.1181,5119782,0
2016-02-23,9.0426,9.1131,8.8569,8.9221,4481869,0
2016-02-24,8.8476,9.4433,8.68,9.341,7719035,0
2016-02-25,9.341,9.3879,8.8663,9.2857,7327501,0
2016-02-26,9.3234,9.4433,9.1267,9.1927,4964449,0
2016-02-29,9.1735,9.2808,9.1085,9.1267,4596094,0
2016-03-01,9.1545,9.471,9.0901,9.4255,5442656,0
2016-03-02,9.3693,9.584,9.2566,9.574,4502838,0
2016-03-03,9.584,9.742,9.3968,9.733,5254161,0
2016-03-04,9.713,10.076,9.565,10.049,6838055,0
2016-03-07,10.002,10.236,9.947,10.143,6609943,0
2016-03-08,10.105,10.124,9.854,9.889,6757502,0
2016-03-09,9.956,10.049,9.751,9.78,10189146,0
2016-03-10,9.78,10.068,9.713,10.068,4459894,0
2016-03-11,10.189,10.253,10.086,10.161,5028632,0
2016-03-14,10.124,10.253,10.068,10.207,4468860,0
2016-03-15,10.143,10.245,10.105,10.217,7123627,0
2016-03-16,10.179,10.627,10.161,10.608,9266795,0
2016-03-17,10.589,10.775,10.506,10.739,7408170,0
2016-03-18,10.739,10.896,10.739,10.823,8654058,0
2016-03-21,10.803,10.841,10.72,10.748,6732178,0
2016-03-22,10.71,10.85,10.617,10.748,7273901,0
2016-03-23,10.784,10.784,10.506,10.524,5757353,0
2016-03-24,10.468,10.784,10.394,10.775,8280798,0
2016-03-28,10.813,10.833,10.627,10.627,6802065,0
2016-03-29,10.603,10.858,10.566,10.85,4940293,0
2016-03-30,10.926,10.97,10.803,10.823,3494463,0
2016-03-31,10.823,10.989,10.775,10.989,6071153,0
2016-04-01,10.877,10.882,10.627,10.775,8869798,0
2016-04-04,10.765,10.854,10.533,10.579,5806771,0
2016-04-05,10.496,10.543,10.301,10.31,9770683,0
2016-04-06,10.31,10.356,10.189,10.319,7286887,0
2016-04-07,10.217,10.399,10.049,10.114,7742183,0
2016-04-08,10.161,10.39,10.161,10.207,4837639,0
2016-04-11,10.253,10.375,10.207,10.262,4969797,0
2016-04-12,10.301,10.421,10.249,10.394,4269459,0
2016-04-13,10.45,10.515,10.338,10.458,4877831,0
2016-04-14,10.45,10.561,10.426,10.468,2696098,0
2016-04-15,10.458,10.552,10.44,10.478,3653127,0
2016-04-18,10.413,10.579,10.301,10.533,3464754,0
2016-04-19,10.589,10.748,10.579,10.71,4279096,0
2016-04-20,10.71,10.739,10.478,10.496,3211930,0
2016-04-21,10.496,10.556,10.301,10.347,3656691,0
2016-04-22,10.385,10.528,10.31,10.413,2906435,0
2016-04-25,10.403,10.435,10.236,10.245,3620591,0
2016-04-26,10.262,10.44,10.262,10.44,3815617,0
2016-04-27,10.468,10.691,10.365,10.599,4203479,0
2016-04-28,10.532,10.636,10.401,10.457,5198367,0
2016-04-29,10.457,10.505,10.269,10.495,4989471,0
2016-05-02,10.486,10.692,10.457,10.627,3958557,0
2016-05-03,10.532,10.571,10.298,10.467,4861782,0
2016-05-04,10.419,10.552,10.373,10.495,4445133,0
2016-05-05,10.571,10.599,10.348,10.411,3562429,0
2016-05-06,10.373,10.448,10.298,10.419,3350547,0
2016-05-09,10.298,10.571,10.156,10.495,5077902,0
2016-05-10,10.532,10.805,10.467,10.767,3696758,0
2016-05-11,10.731,10.786,10.571,10.646,4555039,0
2016-05-12,10.711,10.758,10.542,10.599,3702910,0
2016-05-13,10.561,10.584,10.411,10.495,3599200,0
2016-05-16,10.514,10.571,10.438,10.448,3228144,0
2016-05-17,10.419,10.486,10.289,10.363,3929727,0
2016-05-18,10.316,10.416,10.04,10.091,4714899,0
2016-05-19,10.016,10.129,9.866,10.1,8240521,0
2016-05-20,10.119,10.25,10.091,10.241,3046336,0
2016-05-23,10.213,10.241,10.091,10.1,3032793,0
2016-05-24,10.175,10.289,10.119,10.259,3706681,0
2016-05-25,10.241,10.411,10.175,10.316,3883188,0
2016-05-26,10.335,10.376,10.232,10.241,5246629,0
2016-05-27,10.25,10.467,10.241,10.448,3205282,0
2016-05-31,10.457,10.561,10.335,10.429,6544197,0
2016-06-01,10.383,10.411,10.259,10.289,4883065,0
2016-06-02,10.25,10.353,10.146,10.195,5800397,0
2016-06-03,10.279,10.627,10.213,10.552,7579321,0
2016-06-06,10.571,10.758,10.552,10.711,3918741,0
2016-06-07,10.711,10.857,10.683,10.825,4475264,0
2016-06-08,10.861,10.861,10.702,10.75,4946030,0
2016-06-09,10.692,10.777,10.552,10.758,3523898,0
2016-06-10,10.636,10.711,10.495,10.532,4827811,0
2016-06-13,10.505,10.561,10.457,10.505,4065321,0
2016-06-14,10.477,10.5,10.353,10.457,4193879,0
2016-06-15,10.457,10.542,10.363,10.401,4714007,0
2016-06-16,10.344,10.599,10.259,10.589,4819462,0
2016-06-17,10.617,10.929,10.599,10.919,8297738,0
2016-06-20,11.013,11.2,10.983,11.145,8093552,0
2016-06-21,11.163,11.361,11.082,11.294,6612851,0
2016-06-22,11.314,11.342,11.224,11.275,5535640,0
2016-06-23,11.351,11.417,11.294,11.378,4173562,0
2016-06-24,11.145,11.284,10.938,11.181,9510916,0
2016-06-27,11.032,11.041,10.617,10.731,11107227,0
2016-06-28,10.805,11.097,10.646,11.087,8575411,0
2016-06-29,11.191,11.369,11.145,11.314,7174627,0
2016-06-30,11.361,11.736,11.284,11.736,11017382,0
2016-07-01,11.736,11.783,11.52,11.595,4594666,0
2016-07-05,11.52,11.558,11.332,11.473,5789293,0
2016-07-06,11.407,11.52,11.309,11.501,5062201,0
2016-07-07,11.482,11.529,11.284,11.378,5156865,0
2016-07-08,11.426,11.586,11.314,11.586,4447421,0
2016-07-11,11.586,11.811,11.51,11.802,4049476,0
2016-07-12,11.82,11.923,11.726,11.736,3611983,0
2016-07-13,11.82,11.887,11.662,11.878,5366207,0
2016-07-14,11.887,11.924,11.698,11.776,3176722,0
2016-07-15,11.802,11.919,11.776,11.878,3987145,0
2016-07-18,11.878,11.878,11.766,11.82,2417749,0
2016-07-19,11.756,11.776,11.614,11.766,3555221,0
2016-07-20,11.756,11.83,11.652,11.811,3231001,0
2016-07-21,11.802,11.86,11.726,11.84,3789248,0
2016-07-22,11.83,11.924,11.776,11.896,2911840,0
2016-07-25,11.887,11.963,11.855,11.914,3391130,0
2016-07-26,11.904,11.924,11.788,11.86,3756173,0
2016-07-27,11.869,11.904,11.529,11.633,4473493,0
2016-07-28,11.614,11.672,11.481,11.623,2364925,0
2016-07-29,11.595,11.767,11.51,11.718,5924360,0
2016-08-01,11.699,11.737,11.51,11.548,5086655,0
2016-08-02,11.519,11.604,11.453,11.557,4600661,0
2016-08-03,11.586,11.947,11.519,11.767,4692680,0
2016-08-04,11.747,11.803,11.586,11.776,4058426,0
2016-08-05,11.803,11.879,11.481,11.604,6959728,0
2016-08-08,11.652,11.69,11.519,11.557,3391637,0
2016-08-09,11.557,11.623,11.415,11.453,3970559,0
2016-08-10,11.434,11.567,11.434,11.557,3408052,0
2016-08-11,11.567,11.614,11.491,11.614,3523935,0
2016-08-12,11.614,11.737,11.576,11.595,3637962,0
2016-08-15,11.614,11.699,11.471,11.471,3174046,0
2016-08-16,11.396,11.462,11.339,11.386,6254887,0
2016-08-17,11.386,11.681,11.282,11.652,7108681,0
2016-08-18,11.642,11.862,11.614,11.862,5496623,0
2016-08-19,11.767,11.776,11.538,11.595,4259107,0
2016-08-22,11.595,11.69,11.538,11.662,2899325,0
2016-08-23,11.718,11.767,11.548,11.557,4988421,0
2016-08-24,11.548,11.557,11.424,11.462,2913857,0
2016-08-25,11.471,11.538,11.406,11.491,2773719,0
2016-08-26,11.538,11.681,11.348,11.406,5439515,0
2016-08-29,11.453,11.6,11.406,11.529,3005040,0
2016-08-30,11.538,11.552,11.372,11.406,3340272,0
2016-08-31,11.386,11.462,11.311,11.453,6975244,0
2016-09-01,11.453,11.471,11.239,11.396,5902173,0
2016-09-02,11.424,11.633,11.424,11.604,3729693,0
2016-09-06,11.672,12.192,11.623,12.183,7767741,0
2016-09-07,12.192,12.412,12.146,12.363,8533567,0
2016-09-08,12.335,12.363,12.217,12.287,6607871,0
2016-09-09,12.137,12.165,11.69,11.699,5147226,0
2016-09-12,11.652,12.002,11.614,11.947,6329466,0
2016-09-13,11.852,11.898,11.672,11.757,6171031,0
2016-09-14,11.784,11.932,11.633,11.69,5592114,0
2016-09-15,11.642,11.975,11.595,11.907,5815771,0
2016-09-16,11.842,11.927,11.718,11.898,5938378,0
2016-09-19,11.947,12.079,11.879,12.052,3565364,0
2016-09-20,12.087,12.183,12.022,12.127,4398238,0
2016-09-21,12.155,12.439,12.122,12.43,5375855,0
2016-09-22,12.497,12.543,12.335,12.515,3571464,0
2016-09-23,12.458,12.638,12.425,12.583,4169042,0
2016-09-26,12.553,12.593,12.43,12.448,2778208,0
2016-09-27,12.43,12.468,12.212,12.412,4926028,0
2016-09-28,12.458,12.492,12.297,12.478,6030964,0
2016-09-29,12.468,12.468,12.146,12.24,6409302,0
2016-09-30,12.25,12.34,12.165,12.192,6184216,0
2016-10-03,11.992,12.097,11.586,11.832,9373678,0
2016-10-04,11.747,11.747,11.263,11.339,10218391,0
2016-10-05,11.386,11.443,11.167,11.254,14768822,0
2016-10-06,11.187,11.225,11.007,11.063,8728232,0
2016-10-07,11.13,11.225,10.987,10.997,7206399,0
2016-10-10,11.073,11.164,11.017,11.073,4650692,0
2016-10-11,11.026,11.055,10.864,10.931,4206354,0
2016-10-12,10.95,11.121,10.912,11.073,5311409,0
2016-10-13,11.017,11.244,10.922,11.13,5745726,0
2016-10-14,11.121,11.272,10.96,10.978,5951893,0
2016-10-17,11.007,11.13,11.007,11.111,6531688,0
2016-10-18,11.244,11.337,11.14,11.263,5843125,0
2016-10-19,11.291,11.538,11.272,11.5,5362228,0
2016-10-20,11.529,11.628,11.424,11.434,4260289,0
2016-10-21,11.329,11.458,11.263,11.406,4550198,0
2016-10-24,11.491,11.519,11.353,11.434,3631498,0
2016-10-25,11.396,11.462,11.301,11.406,3344352,0
2016-10-26,11.368,11.424,11.272,11.386,3960467,0
2016-10-27,11.386,11.434,11.159,11.216,4825501,0
2016-10-28,11.225,11.321,11.101,11.158,6535455,0
2016-10-31,11.206,11.421,11.192,11.273,5951200,0
2016-11-01,11.273,11.312,11.106,11.158,5345707,0
2016-11-02,11.101,11.101,10.775,10.976,9695792,0
2016-11-03,10.976,11.34,10.957,11.254,6949637,0
2016-11-04,11.034,11.944,10.775,11.599,10769308,0
2016-11-07,11.752,11.904,11.694,11.886,7220119,0
2016-11-08,11.914,11.949,11.772,11.904,5037843,0
2016-11-09,11.781,11.781,11.407,11.503,6889991,0
2016-11-10,11.474,11.512,10.929,10.985,6775393,0
2016-11-11,11.043,11.081,10.661,10.784,5783075,0
2016-11-14,10.717,10.775,10.612,10.747,11097107,0
2016-11-15,10.794,11.072,10.794,11.053,6396501,0
2016-11-16,11.015,11.043,10.775,10.871,4393283,0
2016-11-17,10.871,11.024,10.833,10.947,3278790,0
2016-11-18,10.938,11.177,10.899,10.919,7044281,0
2016-11-21,10.966,11.129,10.89,11.062,4539367,0
2016-11-22,10.938,11.015,10.842,10.929,5985030,0
2016-11-23,10.813,10.957,10.775,10.861,5318120,0
2016-11-25,10.861,11.148,10.861,11.139,2977141,0
2016-11-28,11.225,11.464,11.225,11.436,5345834,0
2016-11-29,11.378,11.503,11.345,11.378,6818417,0
2016-11-30,11.235,11.292,10.966,10.966,5749873,0
2016-12-01,10.88,10.976,10.516,10.565,5721645,0
2016-12-02,10.621,10.823,10.593,10.708,5764454,0
2016-12-05,10.689,10.909,10.602,10.861,6785789,0
2016-12-06,10.909,10.971,10.823,10.852,4920205,0
2016-12-07,10.909,11.148,10.871,11.129,6121802,0
2016-12-08,11.081,11.417,11.024,11.34,4660271,0
2016-12-09,11.349,11.455,11.206,11.417,4690769,0
2016-12-12,11.378,11.531,11.349,11.503,4858058,0
2016-12-13,11.58,11.704,11.55,11.676,5441269,0
2016-12-14,11.752,11.944,11.417,11.436,7225892,0
2016-12-15,11.378,11.436,11.235,11.302,4745550,0
2016-12-16,11.312,11.417,11.167,11.254,10949939,0
2016-12-19,11.34,11.436,11.187,11.34,5428836,0
2016-12-20,11.33,11.503,11.321,11.436,3570623,0
2016-12-21,11.436,11.59,11.407,11.474,4179329,0
2016-12-22,11.398,11.464,11.263,11.283,3457045,0
2016-12-23,11.33,11.34,11.187,11.235,3751513,0
2016-12-27,11.244,11.388,11.206,11.359,2458856,0
2016-12-28,11.378,11.417,11.139,11.148,2675696,0
2016-12-29,11.254,11.263,11.159,11.206,2469077,0
2016-12-30,11.235,11.292,11.101,11.129,3388322,0
2017-01-03,11.177,11.187,11.062,11.167,5242577,0
2017-01-04,11.053,11.254,11.034,11.072,5515485,0
2017-01-05,11.034,11.107,10.784,10.929,8463799,0
2017-01-06,10.919,11.349,10.909,11.321,4348432,0
2017-01-09,11.369,11.398,11.034,11.043,3927716,0
2017-01-10,11.053,11.086,10.813,10.852,6744629,0
2017-01-11,10.852,11.283,10.852,11.273,8124475,0
2017-01-12,11.283,11.34,11.091,11.091,5172281,0
2017-01-13,11.12,11.244,11.081,11.225,2862225,0
2017-01-17,11.302,11.531,11.263,11.407,4282234,0
2017-01-18,11.436,11.55,11.369,11.426,4759510,0
2017-01-19,11.388,11.445,11.206,11.235,3444382,0
2017-01-20,11.254,11.34,10.871,10.929,7995163,0
2017-01-23,10.938,10.976,10.717,10.747,9179571,0
2017-01-24,10.775,11.148,10.775,10.89,7871600,0
2017-01-25,10.89,11.005,10.874,10.89,10751013,0
2017-01-26,10.929,11.043,10.727,10.747,9185813,0
2017-01-27,10.823,10.985,10.765,10.919,7817168,0
2017-01-30,10.929,10.977,10.793,10.851,4855998,0
2017-01-31,10.899,11.253,10.899,11.073,9496351,0
2017-02-01,11.035,11.073,10.773,10.88,6293225,0
2017-02-02,10.909,10.996,10.802,10.957,3339786,0
2017-02-03,10.986,11.069,10.921,11.006,3431167,0
2017-02-06,11.025,11.025,10.87,10.929,4451244,0
2017-02-07,10.938,11.17,10.938,11.064,5868186,0
2017-02-08,11.064,11.219,11.025,11.219,4134425,0
2017-02-09,11.19,11.257,11.044,11.103,4399257,0
2017-02-10,11.103,11.248,11.083,11.238,3814475,0
2017-02-13,11.267,11.354,11.18,11.306,2094929,0
2017-02-14,11.277,11.286,11.054,11.122,3802372,0
2017-02-15,11.016,11.219,10.986,11.19,3461632,0
2017-02-16,11.248,11.325,11.141,11.277,5979104,0
2017-02-17,11.267,11.267,10.89,11.093,6518644,0
2017-02-21,11.093,11.47,11.025,11.403,4225320,0
2017-02-22,11.403,11.451,11.219,11.228,5249507,0
2017-02-23,11.315,11.403,11.257,11.373,5242897,0
2017-02-24,11.393,11.548,11.306,11.548,6538844,0
2017-02-27,11.335,11.364,10.745,10.783,13416407,0
2017-02-28,10.783,11.228,10.783,11.151,10949512,0
2017-03-01,11.016,11.131,10.947,10.986,7037239,0
2017-03-02,10.938,11.306,10.909,11.257,7002665,0
2017-03-03,11.267,11.277,11.016,11.18,6223082,0
2017-03-06,11.18,11.238,11.112,11.151,7112471,0
2017-03-07,11.18,11.228,10.947,10.967,6180471,0
2017-03-08,10.89,10.947,10.706,10.715,4692968,0
2017-03-09,10.696,10.832,10.686,10.706,5321856,0
2017-03-10,10.745,10.841,10.696,10.793,4345548,0
2017-03-13,10.812,10.846,10.658,10.667,3608490,0
2017-03-14,10.667,10.725,10.579,10.648,4056565,0
2017-03-15,10.696,11.035,10.676,10.947,4044472,0
2017-03-16,10.899,10.996,10.86,10.938,4055334,0
2017-03-17,10.996,11.103,10.947,11.093,8513700,0
2017-03-20,11.112,11.112,10.786,10.841,2815634,0
2017-03-21,10.832,11.016,10.763,10.938,6061435,0
2017-03-22,10.977,11.064,10.745,10.793,4643118,0
2017-03-23,10.773,10.977,10.763,10.822,3495403,0
2017-03-24,10.822,10.947,10.807,10.87,3594933,0
2017-03-27,10.899,10.899,10.715,10.773,3441777,0
2017-03-28,10.725,10.957,10.696,10.947,3982857,0
2017-03-29,10.899,11.025,10.832,10.89,5917879,0
2017-03-30,10.88,10.904,10.676,10.725,7446424,0
2017-03-31,10.754,10.909,10.735,10.822,14261481,0
2017-04-03,10.812,10.86,10.706,10.832,6637611,0
2017-04-04,10.832,10.957,10.725,10.909,5802412,0
2017-04-05,10.88,10.947,10.725,10.802,9912503,0
2017-04-06,10.812,10.947,10.783,10.802,6219881,0
2017-04-07,10.822,10.851,10.676,10.686,5797863,0
2017-04-10,10.696,10.832,10.658,10.793,8119505,0
2017-04-11,10.773,10.986,10.676,10.947,8907153,0
2017-04-12,10.929,11.025,10.88,11.006,9034034,0
2017-04-13,10.996,11.044,10.929,10.996,5401207,0
2017-04-17,11.016,11.103,10.977,11.064,3518349,0
2017-04-18,11.035,11.083,10.977,11.044,6111853,0
2017-04-19,11.054,11.078,10.938,11.006,5922447,0
2017-04-20,11.006,11.064,10.89,11.054,6489493,0
2017-04-21,11.016,11.073,10.957,11.016,5192606,0
2017-04-24,11.035,11.228,10.996,11.219,7177260,0
2017-04-25,11.18,11.248,11.146,11.248,4331848,0
2017-04-26,11.228,11.228,11.064,11.083,5474426,0
2017-04-27,11.054,11.2,10.985,11.044,13065358,0
2017-04-28,11.054,11.132,10.966,11.064,6273337,0
2017-05-01,11.064,11.162,11.054,11.064,5149934,0
2017-05-02,11.083,11.093,10.99,11.054,3642740,0
2017-05-03,11.024,11.054,10.936,10.946,5213010,0
2017-05-04,10.927,10.976,10.804,10.848,5865657,0
2017-05-05,10.897,11.083,10.819,11.073,4006215,0
2017-05-08,10.839,11.122,10.711,11.064,7902771,0
2017-05-09,11.015,11.22,10.985,11.093,5571794,0
2017-05-10,11.093,11.445,11.044,11.318,7578376,0
2017-05-11,11.318,11.347,11.2,11.22,6238130,0
2017-05-12,11.25,11.259,11.034,11.083,4015165,0
2017-05-15,11.093,11.2,11.064,11.152,3810434,0
2017-05-16,11.181,11.259,11.064,11.073,4391564,0
2017-05-17,11.064,11.171,11.005,11.083,4015181,0
2017-05-18,11.054,11.083,10.741,10.936,6767536,0
2017-05-19,10.976,10.995,10.839,10.956,6162757,0
2017-05-22,10.927,11.132,10.907,11.112,5848963,0
2017-05-23,11.132,11.298,11.103,11.122,3818166,0
2017-05-24,11.112,11.572,11.112,11.494,9126386,0
2017-05-25,11.455,11.552,11.416,11.524,5022538,0
2017-05-26,11.504,11.592,11.426,11.533,2622260,0
2017-05-30,11.504,11.533,11.426,11.445,2948261,0
2017-05-31,11.474,11.533,11.328,11.426,6931373,0
2017-06-01,11.426,11.69,11.386,11.69,4676314,0
2017-06-02,11.728,11.738,11.562,11.65,5174306,0
2017-06-05,11.612,11.68,11.455,11.455,4012837,0
2017-06-06,11.543,11.733,11.396,11.65,8060432,0
2017-06-07,11.66,11.66,11.298,11.318,5643684,0
2017-06-08,11.308,11.347,11.181,11.308,4031592,0
2017-06-09,11.279,11.464,11.279,11.464,2731949,0
2017-06-12,11.474,11.572,11.396,11.494,4602812,0
2017-06-13,11.455,11.7,11.416,11.67,4807602,0
2017-06-14,11.71,11.788,11.617,11.65,4433365,0
2017-06-15,11.562,11.783,11.505,11.66,5482122,0
2017-06-16,11.68,11.719,11.602,11.66,7366903,0
2017-06-19,11.67,11.71,11.597,11.65,2718208,0
2017-06-20,11.631,11.65,11.524,11.64,2356292,0
2017-06-21,11.67,11.68,11.386,11.416,2730806,0
2017-06-22,11.396,11.445,11.235,11.318,4864566,0
2017-06-23,11.347,11.445,11.245,11.308,7014090,0
2017-06-26,11.376,11.582,11.376,11.426,5302965,0
2017-06-27,11.396,11.464,11.25,11.25,4788585,0
2017-06-28,11.288,11.347,11.024,11.083,6673079,0
2017-06-29,11.005,11.064,10.868,10.917,6040626,0
2017-06-30,10.936,11.002,10.868,10.868,4318534,0
2017-07-03,10.907,10.946,10.721,10.77,2816282,0
2017-07-05,10.76,10.848,10.614,10.633,5467964,0
2017-07-06,10.575,10.589,10.369,10.447,5820638,0
2017-07-07,10.457,10.535,10.394,10.526,5598318,0
2017-07-10,10.614,10.741,10.565,10.702,6471200,0
2017-07-11,10.711,10.746,10.633,10.692,4931440,0
2017-07-12,10.848,10.976,10.751,10.858,6150735,0
2017-07-13,10.878,10.985,10.76,10.78,5219129,0
2017-07-14,10.868,10.907,10.765,10.79,4337301,0
2017-07-17,10.809,10.883,10.731,10.878,3433219,0
2017-07-18,10.878,11.054,10.848,10.995,4732916,0
2017-07-19,11.034,11.088,10.966,11.073,3885091,0
2017-07-20,11.103,11.177,11.015,11.122,2774464,0
2017-07-21,11.132,11.191,11.083,11.171,3268553,0
2017-07-24,11.171,11.2,11.065,11.073,2961446,0
2017-07-25,11.103,11.112,10.976,10.995,4728039,0
2017-07-26,10.995,10.995,10.8,10.917,5455080,0
2017-07-27,10.917,10.995,10.78,10.858,6130703,0
2017-07-28,10.848,10.868,10.721,10.741,4939215,0
2017-07-31,10.76,11.015,10.751,10.936,17787246,0
2017-08-01,10.936,11.105,10.877,11.075,6358248,0
2017-08-02,11.025,11.035,10.798,10.927,6591721,0
2017-08-03,11.016,11.114,10.936,10.996,7432236,0
2017-08-04,10.956,11.035,10.833,10.956,3653007,0
2017-08-07,10.956,11.154,10.946,10.976,6130375,0
2017-08-08,10.887,11.53,10.887,11.253,11272317,0
2017-08-09,11.322,11.322,10.996,11.124,7137569,0
2017-08-10,11.124,11.367,11.055,11.253,9066740,0
2017-08-11,11.213,11.213,10.877,10.976,4854203,0
2017-08-14,10.996,11.025,10.872,10.986,4915020,0
2017-08-15,10.927,10.986,10.818,10.976,4576978,0
2017-08-16,11.006,11.065,10.976,11.055,3143632,0
2017-08-17,11.016,11.1,10.877,10.887,3807695,0
2017-08-18,10.897,10.996,10.862,10.946,4496874,0
2017-08-21,10.976,11.114,10.961,11.105,3828276,0
2017-08-22,11.105,11.253,11.055,11.223,4291818,0
2017-08-23,11.213,11.273,11.124,11.223,2947341,0
2017-08-24,11.233,11.302,11.194,11.273,4989338,0
2017-08-25,11.292,11.391,11.243,11.302,2591929,0
2017-08-28,11.342,11.362,11.006,11.065,4959078,0
2017-08-29,11.065,11.144,11.025,11.045,3665365,0
2017-08-30,11.025,11.075,10.907,10.936,4442933,0
2017-08-31,10.946,11.016,10.907,10.917,3957211,0
2017-09-01,10.956,11.05,10.946,10.996,2437861,0
2017-09-05,11.045,11.045,10.946,10.966,2994309,0
2017-09-06,11.035,11.035,10.897,10.986,4283077,0
2017-09-07,11.006,11.045,10.936,11.025,2945130,0
2017-09-08,11.035,11.114,10.996,11.085,3582811,0
2017-09-11,11.105,11.302,11.095,11.263,6543384,0
2017-09-12,11.253,11.312,11.085,11.114,3436772,0
2017-09-13,11.075,11.213,11.011,11.105,4291581,0
2017-09-14,11.075,11.169,11.016,11.134,3717766,0
2017-09-15,11.114,11.223,11.016,11.223,8309232,0
2017-09-18,11.233,11.263,11.09,11.144,3193531,0
2017-09-19,11.154,11.253,11.144,11.203,3987774,0
2017-09-20,11.263,11.322,11.134,11.154,5442403,0
2017-09-21,11.154,11.208,11.006,11.006,3293588,0
2017-09-22,11.055,11.085,10.956,10.986,2580170,0
2017-09-25,11.006,11.095,10.976,11.085,3958368,0
2017-09-26,11.045,11.154,10.986,11.035,5737786,0
2017-09-27,10.966,11.045,10.936,11.006,4743069,0
2017-09-28,10.966,10.996,10.877,10.956,4497751,0
2017-09-29,10.956,10.996,10.887,10.897,5139539,0
2017-10-02,10.936,11.065,10.936,10.966,3178034,0
2017-10-03,10.976,11.095,10.897,11.065,3812653,0
2017-10-04,11.045,11.164,11.025,11.154,2539021,0
2017-10-05,11.174,11.189,11.085,11.164,2878471,0
2017-10-06,11.114,11.14,11.025,11.065,2876008,0
2017-10-09,11.085,11.164,11.055,11.075,2934139,0
2017-10-10,11.095,11.164,11.055,11.124,3706975,0
2017-10-11,11.075,11.184,11.075,11.144,3114250,0
2017-10-12,11.095,11.134,11.025,11.095,2880514,0
2017-10-13,11.144,11.213,11.105,11.124,2061146,0
2017-10-16,11.105,11.159,11.065,11.144,2589890,0
2017-10-17,11.114,11.124,11.055,11.065,3461309,0
2017-10-18,11.025,11.075,10.986,11.006,3189193,0
2017-10-19,11.006,11.164,10.946,11.164,3031201,0
2017-10-20,11.164,11.184,10.956,11.006,3835481,0
2017-10-23,11.006,11.035,10.927,11.006,4186582,0
2017-10-24,11.025,11.045,10.828,10.867,3817426,0
2017-10-25,10.847,10.877,10.571,10.778,7543865,0
2017-10-26,10.847,10.907,10.63,10.739,4712793,0
2017-10-27,10.709,10.719,10.6,10.66,4896636,0
2017-10-30,10.66,10.689,10.511,10.62,5144688,0
2017-10-31,10.6247,10.74,10.485,10.63,7255338,0
2017-11-01,10.59,10.66,10.55,10.57,7046925,0
2017-11-02,10.62,10.925,10.46,10.79,6642786,0
2017-11-03,10.72,10.77,10.47,10.49,6025677,0
2017-11-06,10.49,10.54,10.34,10.35,5259567,0
2017-11-07,10.35,10.55,10.31,10.51,6848210,0
2017-11-08,10.5,10.55,10.42,10.51,4696613,0
2017-11-09,10.44,10.52,10.28,10.3,6324427,0
2017-11-10,10.25,10.29,10.0,10.23,26490467,0
