Date,Open,High,Low,Close,Volume,OpenInt
2014-01-02,65.346,65.72,64.684,64.724,1723050,0
2014-01-03,64.838,65.393,64.828,65.0,846312,0
2014-01-06,65.327,65.471,64.341,64.684,2146009,0
2014-01-07,64.857,65.7,64.857,65.564,1951481,0
2014-01-08,65.72,66.43,65.452,66.236,2561335,0
2014-01-09,67.061,68.725,67.011,68.708,4368715,0
2014-01-10,68.451,69.033,67.654,68.354,3589601,0
2014-01-13,68.218,68.976,67.75,68.057,2377087,0
2014-01-14,68.1,68.811,67.725,68.695,2327755,0
2014-01-15,68.811,69.35,68.437,68.619,2537463,0
2014-01-16,68.359,68.522,67.13,67.494,3149315,0
2014-01-17,67.639,67.859,66.851,67.426,2326792,0
2014-01-21,67.744,67.956,66.994,67.523,2873401,0
2014-01-22,67.907,68.243,67.264,67.859,1760169,0
2014-01-23,67.389,67.782,66.572,67.244,2226233,0
2014-01-24,66.964,67.14,65.917,66.244,2346220,0
2014-01-27,66.122,66.522,65.64,66.072,1981728,0
2014-01-28,66.15,66.926,66.063,66.244,1553627,0
2014-01-29,65.794,67.102,65.244,65.409,2590476,0
2014-01-30,65.851,66.889,65.658,66.168,2435704,0
2014-01-31,65.822,66.15,65.333,65.667,3485211,0
2014-02-03,65.822,65.822,64.344,64.447,4613567,0
2014-02-04,64.573,64.861,63.949,64.639,2164711,0
2014-02-05,64.495,66.063,64.073,65.611,2595073,0
2014-02-06,64.188,65.756,63.65,65.273,4554373,0
2014-02-07,63.717,64.399,63.091,64.159,5034161,0
2014-02-10,64.014,64.178,63.035,63.119,4450160,0
2014-02-11,63.035,63.631,62.736,63.458,4152523,0
2014-02-12,63.458,63.891,62.554,62.612,3987161,0
2014-02-13,62.468,63.689,62.16,63.189,4097848,0
2014-02-14,63.429,66.552,63.257,66.493,5334326,0
2014-02-18,66.466,67.13,66.312,66.42,3009555,0
2014-02-19,66.361,67.214,66.312,66.391,2379695,0
2014-02-20,66.512,67.303,66.411,67.168,2821961,0
2014-02-21,67.11,67.917,66.954,67.687,2375423,0
2014-02-24,67.649,69.598,67.417,69.002,2994390,0
2014-02-25,69.078,69.531,68.233,68.369,1679644,0
2014-02-26,68.302,69.088,67.897,68.638,1988225,0
2014-02-27,68.398,68.861,68.292,68.695,1821240,0
2014-02-28,68.772,70.984,68.752,69.877,2895271,0
2014-03-03,69.483,69.793,68.811,69.445,1853671,0
2014-03-04,70.09,70.944,69.934,70.78,1930950,0
2014-03-05,70.658,71.347,70.262,70.875,2591764,0
2014-03-06,71.118,71.473,70.666,70.725,2495549,0
2014-03-07,71.251,71.387,70.319,70.837,2407623,0
2014-03-10,70.589,71.183,70.366,71.137,1470716,0
2014-03-11,71.137,71.597,70.735,70.78,1763369,0
2014-03-12,70.559,70.924,70.262,70.492,2871412,0
2014-03-13,70.885,70.924,69.822,70.07,3590477,0
2014-03-14,70.07,70.435,68.695,68.722,3169563,0
2014-03-17,68.982,70.396,68.91,70.148,2048956,0
2014-03-18,70.02,71.357,70.01,70.865,2417829,0
2014-03-19,70.875,72.695,70.55,71.857,3717211,0
2014-03-20,71.743,73.404,71.743,72.451,2127991,0
2014-03-21,72.993,73.72,72.666,72.759,3565325,0
2014-03-24,73.021,73.194,71.407,71.445,1548021,0
2014-03-25,71.193,72.442,70.994,71.062,1695708,0
2014-03-26,71.647,71.647,70.994,71.338,1833106,0
2014-03-27,71.357,71.357,70.244,70.55,1798672,0
2014-03-28,71.023,72.003,70.846,71.213,1633029,0
2014-03-31,71.588,72.271,71.387,72.049,1887800,0
2014-04-01,72.204,73.031,71.887,72.126,1896794,0
2014-04-02,72.041,72.096,71.522,71.896,1832483,0
2014-04-03,71.916,72.214,71.271,72.078,2131093,0
2014-04-04,72.723,72.954,71.241,71.338,2698975,0
2014-04-07,71.329,71.685,69.887,70.06,2397515,0
2014-04-08,70.143,70.47,69.41,70.241,2441965,0
2014-04-09,70.441,71.733,70.342,71.337,2650168,0
2014-04-10,71.473,71.704,69.256,69.285,3197748,0
2014-04-11,68.947,69.382,68.089,68.271,1775884,0
2014-04-14,68.871,68.881,67.694,68.222,2065735,0
2014-04-15,68.378,69.138,68.012,69.052,2013851,0
2014-04-16,69.353,69.438,67.27,67.356,3401416,0
2014-04-17,65.111,65.882,64.444,65.333,8786907,0
2014-04-21,65.409,66.423,65.303,65.448,3546753,0
2014-04-22,65.776,66.876,65.678,66.237,4567737,0
2014-04-23,66.285,66.662,66.18,66.432,3459648,0
2014-04-24,70.566,71.328,69.418,70.332,5881943,0
2014-04-25,69.572,71.202,68.628,68.686,4125484,0
2014-04-28,69.334,69.382,67.51,67.837,5573484,0
2014-04-29,68.232,68.542,67.828,67.925,3653289,0
2014-04-30,68.012,69.844,67.481,68.881,4634438,0
2014-05-01,69.218,69.939,68.31,68.871,2372806,0
2014-05-02,68.92,69.315,68.57,68.92,2904796,0
2014-05-05,68.822,69.835,68.214,69.69,3960318,0
2014-05-06,69.592,69.909,69.353,69.485,2525657,0
2014-05-07,69.582,71.406,69.372,71.386,2799332,0
2014-05-08,71.25,71.752,70.922,71.05,2037727,0
2014-05-09,71.173,71.897,70.713,71.789,1535205,0
2014-05-12,71.897,73.256,71.897,73.045,2294282,0
2014-05-13,73.072,73.238,72.573,72.6,2002547,0
2014-05-14,72.64,72.869,72.244,72.678,2305518,0
2014-05-15,72.464,72.727,71.531,72.042,2091432,0
2014-05-16,72.088,72.303,71.001,71.685,2073470,0
2014-05-19,71.667,72.85,71.588,72.697,1467530,0
2014-05-20,72.792,72.929,71.964,72.504,2039679,0
2014-05-21,72.678,73.101,72.524,72.879,1742613,0
2014-05-22,72.84,72.919,72.118,72.782,1594570,0
2014-05-23,73.026,73.736,71.808,73.641,2512874,0
2014-05-27,73.815,74.884,73.766,74.614,2297096,0
2014-05-28,74.801,74.902,73.932,73.941,1887701,0
2014-05-29,74.338,74.703,73.651,74.414,2697121,0
2014-05-30,74.575,75.039,73.854,74.761,1839996,0
2014-06-02,75.118,75.415,74.624,75.059,2142850,0
2014-06-03,74.942,75.745,74.932,75.677,2288256,0
2014-06-04,75.58,76.623,75.58,76.534,2222427,0
2014-06-05,76.901,77.035,76.272,76.272,2280895,0
2014-06-06,76.544,76.919,76.301,76.613,1281574,0
2014-06-09,76.36,76.651,75.876,76.321,2058992,0
2014-06-10,76.37,77.43,76.101,77.381,2140318,0
2014-06-11,76.958,78.326,76.66,78.066,3223250,0
2014-06-12,77.777,78.23,77.187,77.961,2212048,0
2014-06-13,77.787,78.163,77.266,78.026,1838156,0
2014-06-16,78.026,78.297,77.44,77.669,2273107,0
2014-06-17,77.44,77.896,77.315,77.669,1746270,0
2014-06-18,77.613,78.143,76.872,78.066,1949744,0
2014-06-19,78.23,78.615,77.836,78.481,1556193,0
2014-06-20,78.652,79.039,78.173,78.971,2421796,0
2014-06-23,79.048,79.263,78.605,79.107,1639756,0
2014-06-24,79.029,79.156,78.046,78.076,1444875,0
2014-06-25,78.259,79.512,78.046,79.492,2148123,0
2014-06-26,79.521,79.521,78.346,79.097,1226931,0
2014-06-27,78.511,78.971,78.183,78.829,1268663,0
2014-06-30,78.945,79.726,78.096,78.163,2305165,0
2014-07-01,78.558,79.521,78.096,79.107,2974064,0
2014-07-02,79.186,79.966,78.336,79.937,1438971,0
2014-07-03,80.139,80.699,79.801,80.621,1182935,0
2014-07-07,80.178,80.477,78.915,79.482,1875787,0
2014-07-08,79.2,79.431,78.174,78.368,1888084,0
2014-07-09,78.645,79.052,78.289,78.483,2726734,0
2014-07-10,77.698,79.111,77.509,78.542,1989432,0
2014-07-11,78.56,79.257,78.221,78.889,1823540,0
2014-07-14,79.2,79.875,79.19,79.421,1716853,0
2014-07-15,79.421,80.185,79.267,79.634,2096696,0
2014-07-16,80.078,80.175,78.938,79.421,1968185,0
2014-07-17,78.948,81.925,78.899,80.949,4317866,0
2014-07-18,81.189,81.915,80.504,81.818,1883388,0
2014-07-21,81.5,81.732,80.959,81.189,1597326,0
2014-07-22,81.585,82.862,81.403,82.039,2605784,0
2014-07-23,82.32,82.359,81.557,81.722,1056960,0
2014-07-24,81.683,82.02,81.209,81.355,2312356,0
2014-07-25,80.416,80.968,79.14,80.611,3258313,0
2014-07-28,80.941,82.059,80.707,81.993,2248346,0
2014-07-29,80.319,81.199,78.685,79.15,4880732,0
2014-07-30,79.731,79.962,75.98,77.083,4931847,0
2014-07-31,75.94,76.144,73.574,74.944,6362621,0
2014-08-01,74.625,76.366,74.51,76.106,3146057,0
2014-08-04,76.423,77.245,75.852,76.947,2126554,0
2014-08-05,76.83,77.12,75.447,75.843,2140629,0
2014-08-06,75.785,76.25,75.466,75.709,3221893,0
2014-08-07,74.876,75.022,72.317,72.713,4224277,0
2014-08-08,73.078,74.298,72.568,74.181,2362788,0
2014-08-11,74.201,74.47,73.127,73.301,2321679,0
2014-08-12,73.032,73.506,72.723,72.915,3655245,0
2014-08-13,73.669,74.645,73.176,74.49,2292698,0
2014-08-14,74.538,75.091,74.151,75.051,1834393,0
2014-08-15,75.187,75.303,74.151,75.13,1904197,0
2014-08-18,75.427,75.564,74.548,75.437,1466585,0
2014-08-19,75.485,76.64,75.031,76.483,1999075,0
2014-08-20,76.423,76.956,76.01,76.86,1422145,0
2014-08-21,76.927,77.083,76.423,76.703,1472399,0
2014-08-22,76.684,76.84,76.115,76.144,1485902,0
2014-08-25,76.721,76.78,75.99,76.317,1459740,0
2014-08-26,76.443,77.519,76.366,77.429,1778638,0
2014-08-27,77.603,78.794,77.509,78.407,2369685,0
2014-08-28,78.067,79.536,78.067,79.19,2321807,0
2014-08-29,79.334,80.445,79.277,79.391,2702732,0
2014-09-02,79.904,79.982,78.338,79.2,2474863,0
2014-09-03,79.556,80.04,79.411,79.682,1984834,0
2014-09-04,79.797,81.345,79.702,80.205,2118128,0
2014-09-05,80.233,81.305,80.088,81.141,1578339,0
2014-09-08,81.063,81.229,80.475,81.15,1251983,0
2014-09-09,81.345,82.117,81.199,82.107,2511871,0
2014-09-10,81.761,81.993,80.734,81.595,2300704,0
2014-09-11,81.17,81.365,80.205,80.901,2570554,0
2014-09-12,80.968,80.968,79.267,79.46,2372467,0
2014-09-15,79.556,80.097,79.247,79.381,1527120,0
2014-09-16,79.372,80.687,79.121,80.572,1605827,0
2014-09-17,80.677,81.141,79.788,80.377,1800840,0
2014-09-18,80.592,81.249,80.445,81.111,1216495,0
2014-09-19,81.722,81.808,80.762,80.901,1964952,0
2014-09-22,80.195,80.949,79.797,80.281,1901242,0
2014-09-23,80.021,80.426,79.218,79.381,1564182,0
2014-09-24,79.421,81.007,79.401,80.959,1713119,0
2014-09-25,80.734,80.832,79.16,79.325,1852722,0
2014-09-26,79.615,79.816,78.56,79.297,1690646,0
2014-09-29,78.665,79.111,78.437,78.627,2040935,0
2014-09-30,78.794,79.209,78.251,78.299,2212240,0
2014-10-01,78.493,78.493,76.85,77.158,2174277,0
2014-10-02,77.13,77.285,75.739,76.74,2348194,0
2014-10-03,77.566,79.101,77.053,78.774,2800744,0
2014-10-06,79.305,79.421,76.453,76.531,3245812,0
2014-10-07,76.278,76.84,75.37,75.409,3027815,0
2014-10-08,75.447,77.41,75.216,77.361,2597518,0
2014-10-09,77.226,77.632,75.624,76.0,2351732,0
2014-10-10,76.211,76.64,75.051,75.071,2704011,0
2014-10-13,75.031,75.795,73.804,73.883,1985458,0
2014-10-14,74.217,74.244,70.831,71.725,5679140,0
2014-10-15,70.621,72.19,69.62,71.327,5610365,0
2014-10-16,71.454,73.12,70.355,71.191,5368420,0
2014-10-17,72.15,74.003,71.85,73.091,3999924,0
2014-10-20,73.111,74.167,73.044,74.119,2179025,0
2014-10-21,74.902,76.195,74.811,76.001,2413995,0
2014-10-22,76.378,76.794,75.332,75.71,2535202,0
2014-10-23,76.573,76.884,76.127,76.349,1934950,0
2014-10-24,76.593,76.688,75.544,76.289,2098663,0
2014-10-27,76.137,77.211,76.137,76.764,3039450,0
2014-10-28,76.061,76.098,73.848,74.874,6765342,0
2014-10-29,75.195,77.656,75.195,77.319,4161210,0
2014-10-30,77.29,78.899,77.009,78.143,3013124,0
2014-10-31,78.899,80.034,78.541,79.995,3608622,0
2014-11-03,80.256,80.956,79.499,79.742,2023368,0
2014-11-04,79.685,81.488,79.617,81.157,3629582,0
2014-11-05,81.788,82.117,81.343,81.691,2711659,0
2014-11-06,81.895,82.409,81.583,82.117,1494464,0
2014-11-07,81.642,82.157,79.432,79.781,3481898,0
2014-11-10,79.917,81.459,79.917,81.459,1945093,0
2014-11-11,81.391,82.264,81.206,81.924,1738078,0
2014-11-12,81.41,82.137,80.818,81.944,1854250,0
2014-11-13,81.974,82.39,81.43,81.983,1705479,0
2014-11-14,82.02,82.187,80.985,81.256,1587425,0
2014-11-17,81.256,83.639,81.196,83.591,2982571,0
2014-11-18,83.62,85.424,83.62,84.502,2614043,0
2014-11-19,84.376,84.396,82.844,82.942,1899445,0
2014-11-20,82.487,83.668,82.33,83.233,2208854,0
2014-11-21,84.154,84.485,83.629,83.727,2407639,0
2014-11-24,83.969,84.707,83.281,84.291,1727495,0
2014-11-25,84.261,84.746,83.873,83.969,2120249,0
2014-11-26,84.241,84.648,83.873,84.261,1390870,0
2014-11-28,84.445,85.172,84.436,84.58,845091,0
2014-12-01,85.086,85.318,84.231,84.872,2428457,0
2014-12-02,84.92,85.754,84.697,85.646,3048829,0
2014-12-03,85.715,87.072,85.715,86.946,2505668,0
2014-12-04,86.673,86.946,85.666,86.47,2662032,0
2014-12-05,86.683,87.907,86.489,87.857,2130135,0
2014-12-08,87.789,88.467,86.85,87.372,1951336,0
2014-12-09,86.123,87.14,86.083,86.83,2010720,0
2014-12-10,86.693,86.743,84.928,84.996,2020574,0
2014-12-11,84.493,86.529,83.678,85.432,2348203,0
2014-12-12,85.036,86.327,84.599,84.638,2485136,0
2014-12-15,85.405,85.792,83.291,84.028,2216325,0
2014-12-16,83.816,84.996,83.01,83.03,2265093,0
2014-12-17,83.629,84.833,83.213,84.521,2831907,0
2014-12-18,85.695,87.382,85.201,87.382,2726578,0
2014-12-19,87.945,89.07,87.626,88.07,4329123,0
2014-12-22,88.021,88.284,87.42,87.655,1488996,0
2014-12-23,88.235,88.235,86.287,86.723,1553455,0
2014-12-24,86.975,87.14,86.636,86.86,566253,0
2014-12-26,86.994,87.517,86.782,87.1,828895,0
2014-12-29,86.946,87.439,86.307,87.013,941362,0
2014-12-30,86.713,87.809,86.713,87.391,1041367,0
2014-12-31,87.459,88.274,86.073,86.123,1106612,0
2015-01-02,86.975,87.401,85.191,86.093,1451295,0
2015-01-05,85.356,86.123,84.589,84.928,2416740,0
2015-01-06,85.328,86.025,84.813,85.056,3073877,0
2015-01-07,85.725,86.82,85.569,86.763,2216038,0
2015-01-08,87.537,89.709,87.537,89.572,2972215,0
2015-01-09,89.225,89.662,88.225,88.265,1981158,0
2015-01-12,88.615,88.817,86.451,86.792,3763895,0
2015-01-13,87.966,89.465,87.091,87.822,3400856,0
2015-01-14,87.014,88.376,86.236,87.393,2887475,0
2015-01-15,88.094,88.581,87.501,87.986,2487103,0
2015-01-16,87.956,90.068,87.773,89.99,3067424,0
2015-01-20,90.078,90.32,88.658,89.427,2406206,0
2015-01-21,90.214,92.44,89.427,92.109,2841286,0
2015-01-22,92.868,93.481,91.417,93.441,2322265,0
2015-01-23,93.275,93.576,91.817,91.855,2058335,0
2015-01-26,91.633,91.955,90.729,91.624,1874109,0
2015-01-27,91.01,91.681,90.572,91.098,1564871,0
2015-01-28,91.855,92.079,89.99,90.115,2116631,0
2015-01-29,90.369,91.176,89.397,91.01,1386162,0
2015-01-30,90.389,91.0,89.096,89.27,2107153,0
2015-02-02,90.232,90.33,87.696,89.66,2898057,0
2015-02-03,90.428,91.652,89.279,91.565,2635288,0
2015-02-04,91.156,94.208,90.418,93.382,3983985,0
2015-02-05,93.461,94.997,93.343,93.907,3560269,0
2015-02-06,93.666,94.104,91.546,91.915,3659247,0
2015-02-09,91.565,91.974,90.786,91.137,1744451,0
2015-02-10,91.536,93.285,91.427,93.092,1954936,0
2015-02-11,92.838,94.064,92.731,93.782,1893537,0
2015-02-12,94.461,94.461,93.323,94.385,1557033,0
2015-02-13,93.897,94.198,93.16,93.451,1547581,0
2015-02-17,93.421,93.937,92.934,93.937,1558855,0
2015-02-18,93.596,94.267,92.954,94.198,2401169,0
2015-02-19,94.084,94.782,93.548,93.957,1250226,0
2015-02-20,93.723,95.394,93.529,95.2,1754203,0
2015-02-23,95.28,97.96,95.28,97.882,2661339,0
2015-02-24,98.06,99.147,97.282,97.39,2270097,0
2015-02-25,97.484,97.685,96.465,96.755,1476578,0
2015-02-26,96.696,97.145,96.327,96.554,1205087,0
2015-02-27,96.629,97.145,96.347,96.785,2557032,0
2015-03-02,96.765,98.0,96.705,97.705,2601444,0
2015-03-03,97.381,97.541,96.279,97.021,3495267,0
2015-03-04,96.676,99.167,96.037,98.919,4397419,0
2015-03-05,98.899,99.78,98.546,99.261,3052058,0
2015-03-06,98.939,99.068,97.503,97.872,2359422,0
2015-03-09,97.823,98.909,97.803,98.705,1368195,0
2015-03-10,97.609,97.96,96.785,97.381,2401697,0
2015-03-11,97.503,98.142,97.08,97.262,1673885,0
2015-03-12,98.0,99.51,97.775,99.291,2351400,0
2015-03-13,99.167,101.3,98.506,101.19,3077978,0
2015-03-16,101.82,103.79,101.59,103.12,2908572,0
2015-03-17,102.3,102.57,101.46,102.48,2469994,0
2015-03-18,102.41,104.87,102.21,104.49,2862185,0
2015-03-19,105.0,105.94,104.27,105.3,2518851,0
2015-03-20,105.68,106.09,104.94,105.61,2527491,0
2015-03-23,105.49,106.85,105.44,106.22,2985097,0
2015-03-24,106.37,106.55,105.59,105.72,2326406,0
2015-03-25,105.96,106.72,104.25,104.31,2645157,0
2015-03-26,103.76,104.15,102.44,102.97,2608232,0
2015-03-27,103.35,104.97,103.32,104.42,1657737,0
2015-03-30,106.0,106.3,104.96,105.56,1682319,0
2015-03-31,104.92,105.17,103.56,103.58,2652555,0
2015-04-01,103.7,103.91,102.01,103.91,2086340,0
2015-04-02,104.14,104.86,103.6,104.18,1218747,0
2015-04-06,103.6,105.04,103.35,104.83,1703405,0
2015-04-07,105.73,105.84,104.07,104.08,1622190,0
2015-04-08,104.44,105.31,103.94,104.71,1269589,0
2015-04-09,104.29,105.37,104.27,104.97,1570977,0
2015-04-10,105.24,105.24,104.41,105.15,940596,0
2015-04-13,105.99,106.34,104.91,104.94,1280055,0
2015-04-14,105.31,105.47,104.27,105.13,1052450,0
2015-04-15,105.79,105.8,102.75,103.38,2595005,0
2015-04-16,105.46,106.85,105.46,106.63,2949418,0
2015-04-17,105.75,106.01,104.06,104.97,1813052,0
2015-04-20,105.4,105.9,104.45,104.51,1417839,0
2015-04-21,104.94,105.86,104.82,105.6,1577774,0
2015-04-22,105.82,105.97,104.49,105.19,2409684,0
2015-04-23,105.05,106.3,104.77,106.12,1180618,0
2015-04-24,105.83,106.22,105.47,106.04,1300698,0
2015-04-27,106.26,106.56,104.08,104.2,2190278,0
2015-04-28,106.82,108.26,104.01,107.57,3639668,0
2015-04-29,107.15,107.68,104.02,105.25,2844056,0
2015-04-30,105.24,105.93,103.97,104.15,3245702,0
2015-05-01,105.11,105.78,104.42,105.7,1936195,0
2015-05-04,105.9,107.02,105.78,106.39,1866928,0
2015-05-05,105.83,106.07,104.15,104.46,1972831,0
2015-05-06,105.23,105.58,103.92,104.63,1241915,0
2015-05-07,104.27,105.94,104.27,105.14,1452171,0
2015-05-08,106.07,107.03,105.85,106.46,1313613,0
2015-05-11,106.35,107.47,106.22,106.5,1119047,0
2015-05-12,105.95,108.3,105.88,107.28,1681761,0
2015-05-13,107.36,108.18,106.86,106.99,1631931,0
2015-05-14,108.07,108.72,107.78,108.65,1235417,0
2015-05-15,109.11,109.87,108.73,109.86,1684248,0
2015-05-18,109.73,110.98,109.28,110.82,1556604,0
2015-05-19,111.08,111.69,110.9,111.18,1306187,0
2015-05-20,111.21,111.83,110.81,111.48,1799140,0
2015-05-21,111.09,111.93,110.89,111.76,1118434,0
2015-05-22,111.39,112.81,110.98,111.6,1785553,0
2015-05-26,111.77,111.91,110.82,110.97,1743168,0
2015-05-27,112.07,112.89,111.13,112.27,1520183,0
2015-05-28,112.41,113.59,112.05,113.42,1953427,0
2015-05-29,113.12,117.08,111.55,114.95,5392880,0
2015-06-01,115.04,117.12,114.89,116.58,4002807,0
2015-06-02,116.21,116.46,113.9,114.34,2699051,0
2015-06-03,114.85,115.12,112.81,113.96,3183414,0
2015-06-04,113.24,113.96,112.51,113.03,1958771,0
2015-06-05,112.63,114.17,112.08,113.88,1479236,0
2015-06-08,114.01,114.78,113.03,113.05,1385446,0
2015-06-09,113.39,114.49,112.99,114.25,2114338,0
2015-06-10,114.09,115.5,113.99,114.92,1632273,0
2015-06-11,115.19,115.56,114.72,114.93,1718765,0
2015-06-12,114.24,114.45,112.81,112.92,1791709,0
2015-06-15,112.37,121.04,111.82,117.91,6547844,0
2015-06-16,121.68,125.37,119.97,121.77,7006650,0
2015-06-17,122.56,123.61,120.3,120.71,2870736,0
2015-06-18,120.91,122.19,120.87,121.33,2179091,0
2015-06-19,121.2,121.49,120.7,120.91,2124397,0
2015-06-22,124.52,126.84,124.34,124.78,7584901,0
2015-06-23,125.03,125.47,123.24,124.93,6335553,0
2015-06-24,123.86,125.36,122.69,124.25,8441761,0
2015-06-25,124.39,129.65,123.5,129.22,9090614,0
2015-06-26,129.44,130.97,126.72,126.72,5729467,0
2015-06-29,125.32,126.17,123.81,124.04,3268895,0
2015-06-30,125.05,125.43,124.01,124.2,2460244,0
2015-07-01,125.67,126.05,124.01,125.62,2516808,0
2015-07-02,126.1,126.43,122.24,122.3,3251346,0
2015-07-06,114.79,117.68,112.61,114.43,16864228,0
2015-07-07,114.71,115.18,109.76,112.39,10104685,0
2015-07-08,111.95,112.98,109.79,109.79,5446857,0
2015-07-09,112.78,113.54,109.68,109.79,5420585,0
2015-07-10,111.11,111.87,109.69,111.68,4858961,0
2015-07-13,112.95,113.32,109.5,111.11,5494063,0
2015-07-14,110.65,113.27,110.56,113.05,3344832,0
2015-07-15,113.09,114.28,112.23,112.78,2985351,0
2015-07-16,112.96,113.26,110.18,110.27,4935339,0
2015-07-17,110.13,110.82,108.66,110.28,4400438,0
2015-07-20,110.48,110.49,108.45,108.99,2970214,0
2015-07-21,108.89,109.93,106.55,108.94,4027728,0
2015-07-22,108.89,111.56,108.43,111.22,4539899,0
2015-07-23,111.49,111.57,108.96,109.43,2922601,0
2015-07-24,109.01,109.33,107.17,107.43,3300535,0
2015-07-27,106.71,107.97,105.43,107.65,3874036,0
2015-07-28,108.23,109.74,107.34,109.68,3623278,0
2015-07-29,109.89,110.3,108.53,109.97,2733384,0
2015-07-30,111.69,111.96,109.73,111.48,2714538,0
2015-07-31,111.95,112.29,110.06,110.33,2951271,0
2015-08-03,110.89,112.04,109.87,111.13,3092006,0
2015-08-04,113.29,114.36,109.61,112.5,4345965,0
2015-08-05,113.87,115.99,112.74,115.31,4399312,0
2015-08-06,115.43,115.82,113.24,113.68,2778479,0
2015-08-07,113.38,114.08,112.36,113.67,1620163,0
2015-08-10,114.18,114.74,113.55,114.36,1689894,0
2015-08-11,113.54,116.7,113.47,115.58,3510018,0
2015-08-12,114.75,115.24,112.72,114.55,2911235,0
2015-08-13,114.86,115.9,114.27,115.48,1911061,0
2015-08-14,115.17,118.13,115.06,117.84,3196606,0
2015-08-17,117.25,120.91,117.08,120.16,3189847,0
2015-08-18,120.15,122.54,119.92,121.31,2905911,0
2015-08-19,120.55,120.62,117.99,119.32,3487197,0
2015-08-20,118.31,119.06,115.41,115.76,3479722,0
2015-08-21,115.19,116.01,112.79,112.81,3185240,0
2015-08-24,105.51,112.4,91.326,107.93,5119354,0
2015-08-25,111.52,113.25,107.92,107.92,4567851,0
2015-08-26,110.24,113.04,109.72,112.72,4954178,0
2015-08-27,113.05,115.13,111.73,115.02,3742563,0
2015-08-28,114.85,115.34,113.32,114.13,1722045,0
2015-08-31,113.94,115.39,111.69,111.84,2687097,0
2015-09-01,109.57,111.54,108.31,108.94,3004106,0
2015-09-02,110.12,110.94,108.59,110.9,2309267,0
2015-09-03,111.41,113.83,111.1,112.49,2700408,0
2015-09-04,110.94,111.74,110.16,110.81,2227354,0
2015-09-08,113.53,115.6,112.75,115.37,3195069,0
2015-09-09,116.8,117.04,114.15,114.49,2385857,0
2015-09-10,114.0,116.21,113.18,113.48,2861637,0
2015-09-11,112.71,115.17,112.58,115.13,1890585,0
2015-09-14,116.04,116.09,113.29,113.67,1856794,0
2015-09-15,114.17,115.17,113.15,114.81,1419781,0
2015-09-16,115.03,115.59,113.43,114.82,1839284,0
2015-09-17,114.89,116.75,114.0,115.0,1765153,0
2015-09-18,114.29,115.41,113.2,113.44,2831575,0
2015-09-21,114.47,116.94,113.63,116.05,2488660,0
2015-09-22,114.4,116.59,113.33,115.35,2429580,0
2015-09-23,115.33,116.7,114.47,116.05,2047544,0
2015-09-24,115.31,115.48,111.78,113.72,2473142,0
2015-09-25,114.71,114.71,108.54,109.4,3660446,0
2015-09-28,109.27,109.3,101.85,102.84,5867232,0
2015-09-29,102.9,105.41,101.36,103.83,4040015,0
2015-09-30,105.46,107.9,104.99,106.85,4043293,0
2015-10-01,106.65,107.84,104.5,107.37,2764815,0
2015-10-02,106.26,110.53,105.14,110.47,2781606,0
2015-10-05,111.3,112.05,109.09,110.4,1878606,0
2015-10-06,110.71,110.81,105.32,106.27,3380911,0
2015-10-07,106.49,107.23,104.52,107.0,2987829,0
2015-10-08,106.98,107.36,105.47,107.05,1494732,0
2015-10-09,106.41,108.37,106.29,106.62,2045810,0
2015-10-12,106.87,108.33,106.44,108.05,2040382,0
2015-10-13,108.25,113.53,108.25,110.87,4782590,0
2015-10-14,110.66,112.0,107.73,108.76,2641661,0
2015-10-15,107.67,110.34,106.05,109.79,3340171,0
2015-10-16,110.68,111.16,109.51,110.6,2190446,0
2015-10-19,110.55,112.5,110.28,111.78,2214501,0
2015-10-20,111.9,112.36,108.7,109.45,2644151,0
2015-10-21,110.25,110.32,101.44,105.99,5650044,0
2015-10-22,105.6,106.09,98.556,101.16,7816787,0
2015-10-23,101.73,104.0,100.77,103.66,4736004,0
2015-10-26,103.85,105.93,102.39,105.52,3857212,0
2015-10-27,105.2,109.49,104.74,108.34,4933892,0
2015-10-28,108.34,108.82,104.8,108.76,4171868,0
2015-10-29,108.89,113.87,108.35,112.43,4485505,0
2015-10-30,113.47,113.54,111.68,112.35,4202007,0
2015-11-02,112.98,113.76,111.69,112.9,2413475,0
2015-11-03,112.17,113.04,108.97,109.44,3046164,0
2015-11-04,109.43,110.01,105.12,106.35,4773220,0
2015-11-05,106.46,109.28,106.18,108.91,2939085,0
2015-11-06,107.83,107.89,104.08,105.27,4600639,0
2015-11-09,104.95,105.77,103.42,105.71,3201254,0
2015-11-10,105.96,107.08,105.6,106.43,2735988,0
2015-11-11,107.12,107.25,102.64,102.87,3010803,0
2015-11-12,103.57,103.78,100.88,100.94,4811911,0
2015-11-13,100.48,102.04,99.381,100.04,3954775,0
2015-11-16,100.22,102.87,100.03,102.79,2830181,0
2015-11-17,102.6,104.77,101.8,103.06,1609045,0
2015-11-18,103.06,104.79,102.25,104.6,1757075,0
2015-11-19,99.55,101.38,96.583,97.775,12120819,0
2015-11-20,99.211,102.76,98.425,102.22,5091628,0
2015-11-23,102.56,104.65,102.1,103.48,2985671,0
2015-11-24,102.62,104.04,102.14,103.84,2298225,0
2015-11-25,104.07,104.23,101.6,101.74,2320088,0
2015-11-27,102.04,102.58,101.2,101.85,979014,0
2015-11-30,102.26,102.68,100.58,100.58,2849591,0
2015-12-01,100.99,105.57,100.61,105.22,4465653,0
2015-12-02,105.35,107.17,104.36,104.66,4060488,0
2015-12-03,104.49,105.25,99.281,99.57,7252183,0
2015-12-04,100.3,103.86,99.76,103.09,4888226,0
2015-12-07,103.22,103.23,100.89,101.42,3009065,0
2015-12-08,100.69,102.07,99.93,101.73,3021801,0
2015-12-09,100.94,102.32,100.66,101.67,3482789,0
2015-12-10,101.39,103.32,100.99,102.6,2208937,0
2015-12-11,101.74,104.06,101.0,102.69,3632863,0
2015-12-14,103.0,104.25,102.48,103.57,3880546,0
2015-12-15,104.25,106.14,104.01,104.75,2771131,0
2015-12-16,105.79,106.64,104.86,106.45,2884021,0
2015-12-17,106.42,107.1,105.43,106.55,2887903,0
2015-12-18,106.46,107.6,105.73,106.18,4389676,0
2015-12-21,106.6,108.21,106.28,107.4,2789725,0
2015-12-22,108.09,108.14,105.48,106.6,2716916,0
2015-12-23,106.82,108.12,106.82,107.75,1814798,0
2015-12-24,107.68,108.2,107.2,107.32,742478,0
2015-12-28,107.22,107.36,105.93,106.64,1577284,0
2015-12-29,107.21,108.56,107.08,107.88,1111822,0
2015-12-30,108.06,108.5,106.33,106.62,1063965,0
2015-12-31,106.06,107.23,105.71,105.83,1647602,0
2016-01-04,104.33,106.95,103.78,106.95,4996221,0
2016-01-05,107.41,108.83,106.89,108.44,3551816,0
2016-01-06,106.85,108.64,106.78,107.89,6814346,0
2016-01-07,106.61,108.87,105.96,107.94,6418012,0
2016-01-08,107.67,108.13,104.03,104.8,7166348,0
2016-01-11,104.87,105.98,101.98,103.09,4888774,0
2016-01-12,102.56,107.54,102.56,107.1,4301817,0
2016-01-13,107.2,107.89,102.75,102.91,4571704,0
2016-01-14,102.89,106.49,102.48,106.21,4311369,0
2016-01-15,104.09,106.21,101.17,103.06,4872647,0
2016-01-19,103.68,104.93,102.36,102.87,6311948,0
2016-01-20,101.81,103.0,98.407,102.08,5845558,0
2016-01-21,102.62,104.22,101.76,103.28,3121094,0
2016-01-22,104.16,106.1,103.73,105.56,2389660,0
2016-01-25,106.63,106.79,103.24,103.45,1888596,0
2016-01-26,103.66,103.84,101.96,103.01,2513767,0
2016-01-27,103.1,103.13,98.675,99.77,4425217,0
2016-01-28,100.07,100.94,96.549,96.93,3973881,0
2016-01-29,97.499,99.91,97.207,99.91,3448596,0
2016-02-01,101.3,103.03,100.58,101.42,4531593,0
2016-02-02,101.11,101.3,99.028,99.95,2888116,0
2016-02-03,100.18,100.57,97.362,99.291,2860600,0
2016-02-04,98.823,100.38,98.083,100.18,2275445,0
2016-02-05,100.11,100.58,97.091,97.352,2779643,0
2016-02-08,96.489,96.558,91.534,92.534,3977026,0
2016-02-09,91.976,96.509,90.681,95.37,4579625,0
2016-02-10,96.459,98.666,96.4,97.863,3258166,0
2016-02-11,96.479,97.234,95.222,95.978,2329697,0
2016-02-12,95.9,97.48,95.322,97.431,2315626,0
2016-02-16,98.181,100.38,97.745,100.25,2201242,0
2016-02-17,100.67,103.62,100.26,103.48,3407025,0
2016-02-18,103.24,104.25,102.06,102.42,2455625,0
2016-02-19,102.83,103.42,100.59,101.5,2403905,0
2016-02-22,101.72,104.98,100.91,104.55,3081230,0
2016-02-23,104.76,105.96,104.29,105.31,1913520,0
2016-02-24,105.0,105.27,103.26,104.63,2074072,0
2016-02-25,105.1,107.47,103.98,107.35,2226800,0
2016-02-26,107.41,109.43,107.31,107.85,2957901,0
2016-02-29,107.46,108.64,106.55,106.58,2712886,0
2016-03-01,107.48,108.5,105.98,108.46,2219908,0
2016-03-02,107.98,108.46,107.08,108.08,2016233,0
2016-03-03,107.27,107.77,105.86,107.58,2375575,0
2016-03-04,107.09,107.73,105.8,106.03,3527602,0
2016-03-07,105.41,107.64,104.99,107.64,2034581,0
2016-03-08,107.0,107.35,104.92,104.97,2558423,0
2016-03-09,105.83,107.19,105.27,107.17,3652906,0
2016-03-10,107.74,109.62,107.28,108.77,2360081,0
2016-03-11,109.52,111.34,109.02,111.34,2151807,0
2016-03-14,110.62,112.32,110.38,112.02,2231219,0
2016-03-15,111.19,111.7,109.11,110.75,2256359,0
2016-03-16,110.56,111.69,109.43,111.23,2002650,0
2016-03-17,110.83,111.26,106.95,108.47,3284787,0
2016-03-18,108.36,111.24,107.36,110.49,2818671,0
2016-03-21,109.96,110.66,108.74,109.31,1869302,0
2016-03-22,109.11,111.04,108.97,110.41,1869504,0
2016-03-23,110.45,110.87,109.29,109.64,2272733,0
2016-03-24,109.27,110.83,109.14,110.3,2214480,0
2016-03-28,110.3,111.23,109.8,109.99,1120357,0
2016-03-29,110.39,111.39,109.77,111.16,2230676,0
2016-03-30,111.2,113.35,111.2,112.04,2437823,0
2016-03-31,111.59,112.11,110.24,110.24,3277942,0
2016-04-01,110.01,111.85,109.55,111.57,2190915,0
2016-04-04,111.34,112.79,110.48,112.37,2351366,0
2016-04-05,111.28,111.71,108.34,109.02,3554785,0
2016-04-06,109.09,110.04,108.72,110.0,3648274,0
2016-04-07,109.26,109.75,107.56,108.21,3376607,0
2016-04-08,108.58,109.0,106.56,106.82,2426130,0
2016-04-11,106.86,107.98,105.99,106.22,2588409,0
2016-04-12,106.48,107.57,105.77,107.48,1900181,0
2016-04-13,108.17,108.94,107.26,108.71,1730197,0
2016-04-14,108.39,108.9,107.71,107.87,1824121,0
2016-04-15,108.25,108.43,106.72,107.99,1795818,0
2016-04-18,107.85,109.28,107.31,108.65,1508405,0
2016-04-19,109.53,111.02,109.06,109.62,1269111,0
2016-04-20,109.8,111.87,109.34,111.34,1891418,0
2016-04-21,111.09,112.03,110.87,111.22,1342833,0
2016-04-22,111.56,112.92,111.22,112.92,2064459,0
2016-04-25,112.3,113.0,111.56,112.4,1922844,0
2016-04-26,112.12,113.9,112.12,113.86,1903028,0
2016-04-27,113.7,113.8,111.41,111.91,2486048,0
2016-04-28,113.15,114.04,111.77,112.73,2489397,0
2016-04-29,112.11,112.11,109.83,110.42,3771577,0
2016-05-02,111.38,112.94,111.03,111.96,2149725,0
2016-05-03,111.58,113.03,111.42,112.18,1812364,0
2016-05-04,111.18,112.08,110.45,111.19,2355304,0
2016-05-05,111.02,112.42,110.67,111.98,1771067,0
2016-05-06,111.32,112.36,109.88,110.95,3257164,0
2016-05-09,110.94,113.54,110.94,112.04,2023448,0
2016-05-10,112.34,112.89,111.7,112.56,1547838,0
2016-05-11,112.82,112.82,110.41,110.41,1583105,0
2016-05-12,110.59,110.91,106.0,106.8,3765326,0
2016-05-13,106.74,107.67,104.54,106.12,3216521,0
2016-05-16,106.03,108.72,105.81,108.67,2598085,0
2016-05-17,108.58,109.28,107.63,108.38,1848779,0
2016-05-18,108.22,109.63,107.78,108.77,1867751,0
2016-05-19,108.09,109.49,106.84,107.9,1293848,0
2016-05-20,108.56,109.58,108.38,108.8,1179823,0
2016-05-23,108.6,109.16,107.77,108.27,1802917,0
2016-05-24,108.71,110.09,108.44,109.78,2512266,0
2016-05-25,110.46,111.96,110.02,111.8,2976990,0
2016-05-26,111.45,111.93,110.79,111.2,1935086,0
2016-05-27,111.41,112.14,110.94,111.37,1290396,0
2016-05-31,111.84,112.34,111.2,111.35,3175119,0
2016-06-01,111.18,113.4,110.93,113.39,2634134,0
2016-06-02,113.35,118.08,112.87,118.04,5939467,0
2016-06-03,116.89,118.31,116.46,118.05,2936247,0
2016-06-06,118.11,120.75,117.89,120.26,2448850,0
2016-06-07,120.12,120.76,119.59,119.59,1854367,0
2016-06-08,119.53,121.14,119.2,120.69,2508913,0
2016-06-09,120.22,120.65,117.99,119.26,2535610,0
2016-06-10,118.47,118.57,117.68,118.53,1832058,0
2016-06-13,118.39,119.35,117.07,117.2,2061143,0
2016-06-14,117.12,118.01,116.85,117.58,1880816,0
2016-06-15,118.01,118.93,117.55,117.93,2198290,0
2016-06-16,117.71,119.78,116.88,119.63,2449352,0
2016-06-17,119.43,119.73,118.31,119.1,2139133,0
2016-06-20,119.97,121.52,119.86,120.31,2456113,0
2016-06-21,121.03,121.03,119.07,119.09,2141147,0
2016-06-22,119.12,120.33,117.99,118.17,2610185,0
2016-06-23,119.71,119.71,118.17,119.01,1953562,0
2016-06-24,114.35,118.01,114.35,115.71,3711118,0
2016-06-27,114.86,115.05,112.6,113.65,3290612,0
2016-06-28,114.89,117.01,114.44,116.91,3154104,0
2016-06-29,117.87,119.31,117.62,119.18,2322005,0
2016-06-30,119.76,120.56,118.83,120.1,3068552,0
2016-07-01,119.67,119.69,117.2,117.96,4343860,0
2016-07-05,117.91,118.36,117.13,117.72,1872525,0
2016-07-06,117.26,119.14,117.11,118.25,1907732,0
2016-07-07,118.59,119.0,112.51,113.57,10299458,0
2016-07-08,114.38,115.27,110.33,115.06,6535676,0
2016-07-11,115.14,116.0,114.28,114.51,5770466,0
2016-07-12,114.9,115.29,113.39,113.84,4756699,0
2016-07-13,114.71,117.83,114.71,117.46,3134383,0
2016-07-14,118.38,119.23,117.34,117.43,3517662,0
2016-07-15,117.16,118.94,116.44,116.91,3486042,0
2016-07-18,117.22,118.13,115.78,116.65,2333027,0
2016-07-19,116.27,116.27,110.9,113.5,8876473,0
2016-07-20,114.3,115.41,113.53,114.8,3036317,0
2016-07-21,113.9,118.95,113.67,116.59,9508568,0
2016-07-22,117.29,119.52,116.0,118.73,4341865,0
2016-07-25,118.5,118.71,115.98,116.14,2766417,0
2016-07-26,115.84,116.05,114.42,115.55,2739226,0
2016-07-27,115.02,115.43,112.59,114.24,2658189,0
2016-07-28,114.16,114.95,113.54,114.12,1455213,0
2016-07-29,112.44,114.86,112.44,113.56,2557684,0
2016-08-01,114.01,114.25,112.34,112.8,2361566,0
2016-08-02,114.88,116.01,113.61,114.04,2808730,0
2016-08-03,114.01,115.66,112.38,115.17,2828933,0
2016-08-04,114.98,115.99,114.16,114.92,2519690,0
2016-08-05,115.34,118.15,114.7,117.57,3466904,0
2016-08-08,117.58,117.58,116.23,116.61,2127091,0
2016-08-09,116.48,118.02,116.48,117.82,1949092,0
2016-08-10,117.61,119.19,116.79,117.82,1727907,0
2016-08-11,118.06,118.09,117.06,117.47,1116841,0
2016-08-12,116.87,118.38,116.34,117.85,1764778,0
2016-08-15,117.85,118.11,117.06,117.45,876769,0
2016-08-16,117.58,117.82,116.71,117.21,1042029,0
2016-08-17,117.26,118.98,116.86,118.82,2498788,0
2016-08-18,118.31,119.83,118.19,119.29,2116842,0
2016-08-19,118.71,119.19,117.95,118.35,1715159,0
2016-08-22,118.81,119.49,118.2,118.42,1210121,0
2016-08-23,118.58,119.03,117.85,118.04,878149,0
2016-08-24,117.89,118.6,116.88,116.99,1430485,0
2016-08-25,116.58,117.33,115.79,115.82,1479091,0
2016-08-26,115.84,116.83,114.94,115.53,1505371,0
2016-08-29,115.86,115.96,115.04,115.32,1022338,0
2016-08-30,115.07,115.74,114.9,115.18,1506327,0
2016-08-31,114.42,115.54,114.42,115.42,1314039,0
2016-09-01,115.74,115.91,114.16,114.48,1790696,0
2016-09-02,114.94,115.24,114.32,115.04,1272947,0
2016-09-06,115.02,115.88,114.36,114.69,1624519,0
2016-09-07,114.25,115.21,113.35,114.78,1264143,0
2016-09-08,117.39,117.39,114.13,114.85,1700224,0
2016-09-09,114.22,114.8,113.7,113.89,1619383,0
2016-09-12,113.35,114.79,113.22,114.54,1620182,0
2016-09-13,113.7,114.35,112.23,112.34,2063015,0
2016-09-14,112.42,112.53,110.87,111.18,2357260,0
2016-09-15,110.85,112.87,110.27,112.78,2119728,0
2016-09-16,112.35,113.78,112.32,113.41,2854268,0
2016-09-19,113.62,114.07,113.09,113.18,1011866,0
2016-09-20,113.63,113.79,112.96,112.98,973966,0
2016-09-21,113.16,115.0,112.94,115.0,1785946,0
2016-09-22,115.09,115.69,114.81,115.24,1528882,0
2016-09-23,115.2,115.23,113.96,113.96,1841744,0
2016-09-26,113.6,113.85,112.95,113.28,1440099,0
2016-09-27,113.53,114.13,112.85,114.07,990565,0
2016-09-28,114.44,114.78,113.62,114.58,1116563,0
2016-09-29,114.36,114.36,113.14,113.38,1545775,0
2016-09-30,113.71,114.42,112.86,113.79,1866072,0
2016-10-03,113.27,113.82,112.72,113.07,1352152,0
2016-10-04,113.2,113.58,112.44,113.12,1407133,0
2016-10-05,113.15,113.57,112.45,113.33,1796797,0
2016-10-06,113.42,113.42,111.76,112.34,1491022,0
2016-10-07,112.66,113.01,111.5,112.07,1900766,0
2016-10-10,112.51,113.34,112.4,113.06,1728951,0
2016-10-11,112.92,113.05,110.46,110.69,2303605,0
2016-10-12,110.73,111.31,108.23,109.01,5518049,0
2016-10-13,108.51,108.89,107.86,108.44,3843011,0
2016-10-14,109.1,109.69,108.25,108.3,2322725,0
2016-10-17,108.38,108.51,107.02,107.16,2492013,0
2016-10-18,109.14,110.6,108.89,110.06,3646568,0
2016-10-19,110.19,110.77,109.61,109.69,2550035,0
2016-10-20,109.58,110.07,109.19,109.56,1690207,0
2016-10-21,108.73,110.64,108.52,109.88,2439588,0
2016-10-24,110.34,110.69,110.06,110.64,2216815,0
2016-10-25,110.7,111.1,109.89,110.27,2013730,0
2016-10-26,110.22,110.64,109.42,109.64,2858873,0
2016-10-27,109.82,110.33,105.14,109.47,4362115,0
2016-10-28,108.91,109.12,104.76,106.07,3761554,0
2016-10-31,106.39,106.62,105.44,106.03,2327889,0
2016-11-01,106.38,106.38,103.55,104.52,3205116,0
2016-11-02,104.59,106.6,103.99,104.4,2276311,0
2016-11-03,104.62,105.53,103.31,103.91,2580042,0
2016-11-04,104.25,105.61,104.1,104.79,3017165,0
2016-11-07,106.31,109.28,106.12,108.4,3777605,0
2016-11-08,107.95,111.74,107.78,111.38,2701972,0
2016-11-09,110.55,117.1,108.93,116.57,7965910,0
2016-11-10,117.65,120.64,117.65,118.43,5417490,0
2016-11-11,121.15,122.71,117.63,117.82,7239191,0
2016-11-14,117.68,122.77,117.01,122.46,5170502,0
2016-11-15,123.01,123.45,120.91,122.07,2394401,0
2016-11-16,121.98,122.88,121.23,121.78,2554179,0
2016-11-17,121.93,124.77,121.59,124.64,2606905,0
2016-11-18,124.55,124.59,123.2,123.35,2069784,0
2016-11-21,123.4,125.78,123.27,125.3,2498527,0
2016-11-22,125.5,127.14,125.44,126.84,2888316,0
2016-11-23,126.29,127.83,125.75,127.74,1957475,0
2016-11-25,127.72,129.46,127.57,127.98,1297159,0
2016-11-28,127.32,127.89,125.91,126.81,1885823,0
2016-11-29,128.09,130.94,128.09,130.4,2950272,0
2016-11-30,130.73,130.73,128.78,129.23,4047770,0
2016-12-01,129.17,134.46,128.71,133.24,4344700,0
2016-12-02,133.25,134.82,131.35,131.85,3566496,0
2016-12-05,131.94,131.94,125.78,127.86,4336748,0
2016-12-06,128.37,128.51,125.94,126.96,3052625,0
2016-12-07,126.55,128.33,124.87,127.06,4054163,0
2016-12-08,127.06,128.93,125.68,127.71,2479608,0
2016-12-09,127.97,128.34,125.25,127.32,2095149,0
2016-12-12,126.39,127.84,125.51,126.69,2109005,0
2016-12-13,127.31,128.01,125.56,126.43,3134949,0
2016-12-14,126.31,126.65,124.84,125.1,3796569,0
2016-12-15,125.3,126.32,123.89,123.89,2483892,0
2016-12-16,124.64,126.26,124.16,125.25,3371385,0
2016-12-19,124.83,125.25,122.57,122.58,2529231,0
2016-12-20,123.01,123.72,122.48,123.1,2709355,0
2016-12-21,123.13,123.43,120.81,121.83,2802206,0
2016-12-22,122.2,123.92,119.37,123.16,3371215,0
2016-12-23,123.18,124.84,122.79,124.39,1362445,0
2016-12-27,124.12,125.76,123.58,124.67,984654,0
2016-12-28,124.4,125.33,122.99,123.05,1048717,0
2016-12-29,123.33,123.83,122.8,122.92,1165793,0
2016-12-30,123.03,123.21,121.65,122.49,1607814,0
2017-01-03,123.32,123.34,119.07,121.33,4214679,0
2017-01-04,121.53,122.74,119.85,122.46,2935654,0
2017-01-05,122.73,124.69,122.73,122.98,2455767,0
2017-01-06,122.96,124.23,122.51,122.74,3006963,0
2017-01-09,122.43,122.71,119.76,121.66,2486225,0
2017-01-10,121.2,122.46,120.35,121.41,3161597,0
2017-01-11,121.19,122.58,120.68,121.37,2752725,0
2017-01-12,120.61,122.25,120.25,121.38,2751355,0
2017-01-13,121.52,121.86,120.86,121.05,2807591,0
2017-01-17,121.09,121.09,118.78,119.8,2804359,0
2017-01-18,120.34,120.61,118.69,119.73,4289520,0
2017-01-19,119.76,121.65,118.04,121.3,4133067,0
2017-01-20,121.15,122.68,120.47,121.27,3362713,0
2017-01-23,121.19,122.58,116.78,117.97,9778080,0
2017-01-24,117.21,117.72,115.36,116.41,6501997,0
2017-01-25,116.82,118.39,115.93,117.91,3661068,0
2017-01-26,117.78,118.19,116.43,116.44,2699359,0
2017-01-27,116.93,117.17,115.93,116.25,2219640,0
2017-01-30,116.35,116.35,114.84,115.51,3350912,0
2017-01-31,116.29,118.7,115.17,117.39,5572513,0
2017-02-01,117.08,120.75,116.82,120.36,6783241,0
2017-02-02,120.04,120.43,118.56,119.21,2922067,0
2017-02-03,119.33,121.69,119.13,121.3,3787934,0
2017-02-06,120.57,121.24,118.89,119.55,2513405,0
2017-02-07,119.55,119.95,118.29,119.43,2923565,0
2017-02-08,119.18,120.19,118.28,120.08,2205695,0
2017-02-09,120.35,120.64,119.15,119.96,2971647,0
2017-02-10,120.47,120.81,119.77,120.44,1998419,0
2017-02-13,120.51,121.13,120.33,120.8,2053714,0
2017-02-14,120.36,125.57,120.35,124.51,5194246,0
2017-02-15,124.59,127.64,124.59,127.11,4816361,0
2017-02-16,126.81,128.29,126.07,128.16,3856680,0
2017-02-17,126.99,127.4,123.55,123.98,4257174,0
2017-02-21,124.46,125.84,124.17,125.04,2775005,0
2017-02-22,125.25,128.34,125.2,127.46,3506021,0
2017-02-23,127.89,128.6,127.24,128.4,2562172,0
2017-02-24,128.16,128.33,126.95,127.64,2389010,0
2017-02-27,127.23,128.66,127.19,128.13,2391492,0
2017-02-28,128.22,128.53,127.31,127.43,2137197,0
2017-03-01,128.86,129.82,128.3,128.71,3923423,0
2017-03-02,128.59,129.07,128.01,128.18,1574182,0
2017-03-03,128.11,129.53,127.93,129.34,2115546,0
2017-03-06,128.45,130.21,128.43,129.95,2201029,0
2017-03-07,129.69,130.8,129.04,129.25,3106137,0
2017-03-08,129.3,130.75,129.3,130.35,3135484,0
2017-03-09,130.39,131.89,130.38,131.45,3779585,0
2017-03-10,131.83,132.82,130.95,131.44,2538228,0
2017-03-13,131.24,131.82,130.99,131.26,2442001,0
2017-03-14,130.69,130.92,129.83,130.6,1823303,0
2017-03-15,130.9,133.03,130.77,132.73,2205766,0
2017-03-16,132.57,133.37,130.96,131.7,3128728,0
2017-03-17,131.59,131.78,130.44,130.44,2754095,0
2017-03-20,130.38,130.79,128.89,129.02,1697069,0
2017-03-21,129.26,129.9,127.32,127.76,2856279,0
2017-03-22,128.02,128.02,126.8,127.01,1973635,0
2017-03-23,126.85,128.03,126.07,126.52,2417472,0
2017-03-24,126.55,127.34,124.72,125.47,3087116,0
2017-03-27,124.22,125.23,123.56,124.96,2847400,0
2017-03-28,124.81,126.16,124.4,125.71,2207472,0
2017-03-29,125.45,125.6,123.95,124.43,2173130,0
2017-03-30,124.39,127.14,124.23,125.61,2385494,0
2017-03-31,125.41,126.35,124.7,126.24,2511140,0
2017-04-03,126.56,128.33,126.35,127.41,3096019,0
2017-04-04,127.15,127.97,125.9,126.54,1788758,0
2017-04-05,127.01,127.74,125.83,125.98,1773728,0
2017-04-06,125.78,127.67,125.78,127.51,2308821,0
2017-04-07,127.07,127.88,126.61,127.03,1534795,0
2017-04-10,127.2,128.62,126.96,127.97,1526103,0
2017-04-11,127.47,128.93,127.36,128.69,1867829,0
2017-04-12,128.95,128.95,127.58,128.25,1279365,0
2017-04-13,127.92,128.69,127.63,127.8,1922207,0
2017-04-17,127.82,128.72,127.2,128.48,2503201,0
2017-04-18,129.79,130.06,127.03,127.71,1831355,0
2017-04-19,128.11,129.01,127.11,128.43,2223517,0
2017-04-20,128.53,131.2,127.96,131.08,3523068,0
2017-04-21,130.8,131.45,129.65,130.33,5228245,0
2017-04-24,131.97,132.62,131.31,131.75,2255199,0
2017-04-25,132.49,133.7,132.25,132.97,1925597,0
2017-04-26,133.19,134.45,132.94,133.13,1886467,0
2017-04-27,133.55,134.58,133.06,133.12,1790901,0
2017-04-28,132.81,134.31,132.26,134.2,2978333,0
2017-05-01,134.35,136.3,133.7,135.9,3631744,0
2017-05-02,135.36,138.54,134.74,138.02,4761434,0
2017-05-03,138.11,139.07,137.43,138.06,3387757,0
2017-05-04,138.28,139.32,137.6,139.19,2458287,0
2017-05-05,139.27,139.94,138.93,139.86,1475507,0
2017-05-08,139.79,140.8,139.36,140.65,1911941,0
2017-05-09,140.43,141.61,140.21,141.49,3955564,0
2017-05-10,141.14,142.34,140.83,142.12,2534252,0
2017-05-11,142.79,143.83,141.73,143.46,3058535,0
2017-05-12,142.99,143.94,141.7,141.98,2464749,0
2017-05-15,141.72,142.31,140.61,141.3,4316682,0
2017-05-16,141.18,141.53,139.41,140.95,2838325,0
2017-05-17,139.67,140.46,138.02,138.17,3757461,0
2017-05-18,138.15,140.4,138.12,139.32,3895949,0
2017-05-19,139.37,141.34,138.55,140.45,2617891,0
2017-05-22,140.65,140.86,139.33,140.09,2389447,0
2017-05-23,140.09,141.14,139.66,140.98,1610233,0
2017-05-24,140.97,143.86,140.69,143.01,2274235,0
2017-05-25,143.0,145.52,142.83,144.3,2089262,0
2017-05-26,144.68,146.02,144.3,144.64,1919894,0
2017-05-30,144.7,146.53,144.52,144.62,1758142,0
2017-05-31,144.77,145.55,141.74,143.93,2461636,0
2017-06-01,144.44,146.8,144.05,146.7,2441848,0
2017-06-02,146.79,147.75,144.25,146.78,1732980,0
2017-06-05,146.75,147.37,146.42,147.05,1581692,0
2017-06-06,146.73,148.29,146.31,147.05,1826216,0
2017-06-07,147.74,149.02,146.88,148.61,2087947,0
2017-06-08,149.03,149.42,147.76,148.35,2403839,0
2017-06-09,148.54,149.79,148.04,148.82,1947433,0
2017-06-12,148.51,148.69,144.41,146.9,2527253,0
2017-06-13,147.18,148.63,146.65,147.82,2054725,0
2017-06-14,147.87,149.31,147.5,149.16,1625637,0
2017-06-15,148.84,149.37,147.88,148.34,1566172,0
2017-06-16,148.53,150.02,148.27,149.62,2770195,0
2017-06-19,150.03,151.37,149.83,150.76,1571722,0
2017-06-20,150.61,151.23,150.13,150.63,1337325,0
2017-06-21,150.74,151.82,150.28,151.12,1565233,0
2017-06-22,151.08,154.07,151.03,151.99,2189971,0
2017-06-23,152.03,152.52,150.75,151.12,2028685,0
2017-06-26,151.22,151.3,149.44,150.22,1500427,0
2017-06-27,150.38,151.12,149.42,150.22,1588724,0
2017-06-28,151.41,152.19,150.55,150.96,1692223,0
2017-06-29,151.52,151.52,149.91,150.81,1419824,0
2017-06-30,151.01,151.91,150.41,150.86,1622847,0
2017-07-03,151.64,152.45,150.94,151.42,2213879,0
2017-07-05,150.9,153.51,150.82,152.34,1801695,0
2017-07-06,152.3,152.68,150.83,151.35,1555702,0
2017-07-07,151.94,153.27,151.61,152.89,1383492,0
2017-07-10,152.4,153.78,152.4,153.05,1394070,0
2017-07-11,152.98,154.06,152.06,153.55,2029336,0
2017-07-12,153.48,154.59,153.33,154.1,1612263,0
2017-07-13,154.31,155.09,153.22,154.54,2339975,0
2017-07-14,154.48,155.43,153.96,154.77,1995223,0
2017-07-17,154.96,155.31,154.15,154.5,2114159,0
2017-07-18,154.23,154.5,152.11,152.82,2507824,0
2017-07-19,152.76,154.44,152.76,153.75,1679170,0
2017-07-20,153.66,155.47,153.43,155.23,1825675,0
2017-07-21,155.13,155.99,154.74,155.81,1229098,0
2017-07-24,156.1,156.37,154.91,155.58,1292713,0
2017-07-25,156.65,157.05,155.49,155.75,1763175,0
2017-07-26,155.24,156.02,154.65,155.19,2159328,0
2017-07-27,154.9,155.06,152.56,153.41,1697493,0
2017-07-28,153.59,155.12,152.95,154.79,1702726,0
2017-07-31,155.08,155.54,153.75,153.82,1699860,0
2017-08-01,154.37,155.23,153.78,154.04,1481273,0
2017-08-02,154.49,155.54,153.66,154.24,2532600,0
2017-08-03,160.18,160.47,155.72,158.03,3632438,0
2017-08-04,159.27,161.17,155.51,156.29,3122623,0
2017-08-07,156.28,157.28,155.83,156.49,1287567,0
2017-08-08,156.3,157.17,155.38,155.77,1581821,0
2017-08-09,155.73,156.1,154.59,155.08,3144788,0
2017-08-10,154.47,155.18,151.68,151.93,2539996,0
2017-08-11,152.32,152.68,151.29,151.66,1797067,0
2017-08-14,152.8,155.48,152.37,155.17,3214640,0
2017-08-15,155.73,156.72,155.26,155.26,1703208,0
2017-08-16,156.06,156.46,155.15,155.4,1246517,0
2017-08-17,155.38,156.79,154.41,155.31,1798751,0
2017-08-18,153.59,154.93,153.27,153.96,1786885,0
2017-08-21,154.2,154.78,153.73,154.24,1284132,0
2017-08-22,154.24,156.49,153.96,156.16,1065794,0
2017-08-23,155.73,156.55,155.21,156.09,1304747,0
2017-08-24,156.29,156.78,155.3,155.65,1190702,0
2017-08-25,155.83,156.99,155.47,155.6,1045046,0
2017-08-28,155.76,156.54,155.41,156.03,998863,0
2017-08-29,155.09,156.11,154.84,155.92,1279410,0
2017-08-30,155.71,156.99,155.7,156.4,882212,0
2017-08-31,157.05,157.34,156.33,157.19,2656116,0
2017-09-01,157.27,158.49,156.29,157.68,1144630,0
2017-09-05,156.34,158.12,156.0,157.75,1827504,0
2017-09-06,158.16,158.44,157.06,158.25,1459529,0
2017-09-07,158.18,159.9,157.98,159.74,1792122,0
2017-09-08,159.44,162.64,159.29,162.31,2087814,0
2017-09-11,162.32,163.52,162.3,162.69,2454711,0
2017-09-12,163.12,163.99,161.9,162.31,2155610,0
2017-09-13,162.46,163.77,161.55,161.78,1316040,0
2017-09-14,161.48,163.05,161.28,162.26,1422465,0
2017-09-15,161.68,162.65,161.61,162.16,1973367,0
2017-09-18,162.26,162.46,160.4,160.48,1611695,0
2017-09-19,161.06,161.06,154.03,155.54,3177361,0
2017-09-20,155.49,155.49,153.61,154.53,1629443,0
2017-09-21,154.32,154.32,152.83,152.9,1220946,0
2017-09-22,153.01,154.76,149.95,153.08,3415812,0
2017-09-25,153.32,154.34,151.47,151.49,1358912,0
2017-09-26,151.93,154.02,151.93,152.97,1932367,0
2017-09-27,153.13,154.36,151.17,153.72,2684231,0
2017-09-28,153.54,156.9,153.42,156.8,1689810,0
2017-09-29,156.92,158.56,156.5,158.5,2042574,0
2017-10-02,158.65,160.18,158.51,159.93,1315218,0
2017-10-03,160.15,162.82,159.8,162.49,1568439,0
2017-10-04,162.75,163.47,162.28,162.69,1105541,0
2017-10-05,162.57,162.57,160.36,160.77,1534150,0
2017-10-06,161.03,161.87,160.66,160.76,996570,0
2017-10-09,160.65,160.82,157.42,157.72,1183482,0
2017-10-10,157.63,157.78,155.25,155.6,1706455,0
2017-10-11,155.97,157.32,154.0,156.3,2157189,0
2017-10-12,156.45,156.55,154.11,154.49,1686127,0
2017-10-13,151.31,153.48,149.69,153.06,2000368,0
2017-10-16,152.3,153.04,150.9,151.44,1406331,0
2017-10-17,150.79,156.273,150.79,155.9,1922686,0
2017-10-18,156.37,158.48,155.81,157.43,2838210,0
2017-10-19,157.47,158.01,155.68,157.64,1909481,0
2017-10-20,158.25,161.16,157.96,160.84,1781431,0
2017-10-23,161.91,162.57,160.23,161.47,1611714,0
2017-10-24,160.76,161.24,159.23,160.08,1799281,0
2017-10-25,159.48,160.75,159.26,160.12,1400503,0
2017-10-26,160.13,184.98,160.0,178.6,5303589,0
2017-10-27,180.56,180.57,172.58,173.12,12487893,0
2017-10-30,172.35,173.53,170.85,171.23,3123197,0
2017-10-31,169.27,170.77,164.52,170.03,4366266,0
2017-11-01,170.92,172.27,169.69,171.8,2367781,0
2017-11-02,171.05,172.995,170.74,172.32,1955414,0
2017-11-03,173.06,182.95,170.26,176.99,5652179,0
2017-11-06,178.0,178.5,176.01,176.95,2977552,0
2017-11-07,177.11,178.0,175.87,176.83,2216192,0
2017-11-08,176.6,178.66,175.35,175.44,2703484,0
2017-11-09,174.42,175.32,171.26,172.53,2139469,0
2017-11-10,172.59,175.585,171.38,175.12,2240986,0
