Date,Open,High,Low,Close,Volume,OpenInt
2014-01-02,9.97,9.97,9.4803,9.74,39062,0
2014-01-03,9.67,9.95,9.49,9.63,21902,0
2014-01-06,9.01,9.79,9.01,9.66,34200,0
2014-01-07,9.73,9.75,9.3,9.6,19300,0
2014-01-08,9.65,9.65,9.47,9.52,7000,0
2014-01-09,9.52,9.64,9.47,9.49,8000,0
2014-01-10,9.62,9.62,9.2,9.42,47800,0
2014-01-13,9.45,9.76,9.38,9.63,58600,0
2014-01-14,9.59,9.77,9.59,9.7,50600,0
2014-01-15,9.8,10.53,9.8,10.47,89300,0
2014-01-16,10.53,11.21,10.5,11.02,116120,0
2014-01-17,11.05,11.1,10.88,10.99,28200,0
2014-01-21,11.1,11.19,10.82,11.09,83500,0
2014-01-22,11.16,11.19,11.0,11.06,123800,0
2014-01-23,10.98,11.14,10.7,11.0,47100,0
2014-01-24,10.95,11.07,9.8,10.29,82600,0
2014-01-27,10.41,11.1,9.8,9.83,44600,0
2014-01-28,9.95,9.96,9.57,9.72,27700,0
2014-01-29,9.72,9.93,9.25,9.65,20800,0
2014-01-30,9.71,9.87,9.41,9.62,33000,0
2014-01-31,9.59,9.9,9.25,9.43,12600,0
2014-02-03,9.52,9.52,9.06,9.15,26726,0
2014-02-04,9.15,9.32,9.1,9.21,28266,0
2014-02-05,9.23,9.231,9.04,9.04,15224,0
2014-02-06,9.1,9.1001,8.84,9.06,25468,0
2014-02-07,9.04,9.15,9.04,9.14,4090,0
2014-02-10,9.21,9.35,9.21,9.32,9654,0
2014-02-11,9.47,9.47,9.0301,9.31,12099,0
2014-02-12,9.34,9.4,8.842,8.9,69382,0
2014-02-13,8.92,9.2,8.9,9.1,28110,0
2014-02-14,9.03,9.19,8.97,9.13,31516,0
2014-02-18,9.03,9.14,8.91,9.1,29917,0
2014-02-19,9.12,9.14,8.92,9.03,22536,0
2014-02-20,8.93,9.0999,8.92,9.05,16284,0
2014-02-21,9.79,9.79,9.06,9.07,8915,0
2014-02-24,9.14,9.2,9.0,9.11,19878,0
2014-02-25,9.14,9.17,9.05,9.1,37996,0
2014-02-26,9.07,9.23,9.05,9.08,18052,0
2014-02-27,9.08,9.48,9.08,9.33,6820,0
2014-02-28,9.35,9.63,9.33,9.44,41372,0
2014-03-03,9.43,9.55,9.25,9.25,23655,0
2014-03-04,8.9,8.94,7.4,7.46,446891,0
2014-03-05,7.55,7.69,6.88,6.91,723157,0
2014-03-06,6.98,6.98,6.71,6.76,114941,0
2014-03-07,6.86,6.93,6.81,6.82,61009,0
2014-03-10,6.85,6.948,6.54,6.69,46264,0
2014-03-11,6.69,6.91,6.6,6.75,66871,0
2014-03-12,6.8,6.94,6.75,6.84,63396,0
2014-03-13,6.85,6.9,6.7599,6.83,39401,0
2014-03-14,6.78,6.88,6.78,6.87,50078,0
2014-03-17,6.91,6.91,6.7,6.82,66672,0
2014-03-18,6.75,6.84,6.75,6.81,64305,0
2014-03-19,6.86,6.86,6.7201,6.75,28049,0
2014-03-20,6.75,6.93,6.75,6.8,51224,0
2014-03-21,6.77,6.83,6.75,6.83,64715,0
2014-03-24,6.83,6.85,6.75,6.75,55881,0
2014-03-25,6.78,6.828,6.75,6.75,11257,0
2014-03-26,6.75,6.78,6.75,6.75,46600,0
2014-03-27,6.75,6.8,6.75,6.8,48733,0
2014-03-28,6.77,6.79,6.72,6.75,49098,0
2014-03-31,6.76,6.84,6.73,6.79,73014,0
2014-04-01,6.78,6.85,6.75,6.85,38095,0
2014-04-02,6.87,6.91,6.81,6.9,13005,0
2014-04-03,6.83,6.87,6.78,6.82,24362,0
2014-04-04,6.8,7.0,6.75,6.91,44359,0
2014-04-07,6.85,6.97,6.84,6.93,18085,0
2014-04-08,6.9,6.97,6.78,6.89,30402,0
2014-04-09,6.9,6.95,6.82,6.85,17829,0
2014-04-10,6.87,6.91,6.8075,6.87,18356,0
2014-04-11,6.8,6.87,6.8,6.87,13122,0
2014-04-14,6.87,6.95,6.8425,6.89,11609,0
2014-04-15,6.86,6.91,6.85,6.91,10742,0
2014-04-16,6.87,6.93,6.86,6.93,15972,0
2014-04-17,6.9,6.93,6.9,6.93,4034,0
2014-04-21,6.9,6.95,6.8,6.93,37794,0
2014-04-22,6.95,7.15,6.94,7.07,21286,0
2014-04-23,7.09,7.14,7.05,7.08,17348,0
2014-04-24,7.03,7.1101,6.7601,7.09,30655,0
2014-04-25,7.02,7.022,6.6,6.75,28865,0
2014-04-28,6.71,6.71,6.07,6.13,83109,0
2014-04-29,6.28,6.4,6.24,6.38,21348,0
2014-04-30,6.3999,6.4195,6.291,6.4,3879,0
2014-05-01,6.3301,6.3301,6.08,6.33,12969,0
2014-05-02,6.4099,6.41,6.1708,6.22,4087,0
2014-05-05,6.25,6.5,6.25,6.42,8625,0
2014-05-06,6.44,6.49,6.34,6.36,8297,0
2014-05-07,6.31,6.36,5.98,5.98,10033,0
2014-05-08,5.99,5.99,5.69,5.89,19767,0
2014-05-09,5.75,5.85,5.73,5.73,6019,0
2014-05-12,5.8,6.0905,5.67,5.83,22639,0
2014-05-13,6.15,6.16,5.771,6.05,28506,0
2014-05-14,6.13,6.21,6.0153,6.15,8013,0
2014-05-15,6.15,6.1999,6.07,6.15,15449,0
2014-05-16,6.11,6.195,6.11,6.15,6479,0
2014-05-19,6.15,6.168,6.15,6.15,2159,0
2014-05-20,6.15,6.37,6.1,6.15,20973,0
2014-05-21,6.11,6.24,6.11,6.17,6011,0
2014-05-22,6.13,6.2088,6.1,6.2,4396,0
2014-05-23,6.11,6.31,6.09,6.31,9142,0
2014-05-27,6.241,6.3646,6.16,6.3,15927,0
2014-05-28,6.32,6.32,6.05,6.16,1753,0
2014-05-29,6.22,6.36,6.15,6.22,10202,0
2014-05-30,6.3615,6.3615,6.27,6.31,9479,0
2014-06-02,6.28,6.2886,6.25,6.25,1882,0
2014-06-03,6.19,6.19,5.99,6.0,20468,0
2014-06-04,6.05,6.09,5.9144,6.01,9128,0
2014-06-05,6.08,6.13,6.0,6.11,6093,0
2014-06-06,6.14,6.24,6.14,6.24,14518,0
2014-06-09,6.27,6.35,6.25,6.34,5355,0
2014-06-10,6.27,6.27,6.15,6.27,17100,0
2014-06-11,6.27,6.39,6.235,6.39,5808,0
2014-06-12,6.34,6.4499,6.2298,6.37,7268,0
2014-06-13,6.42,6.49,6.25,6.49,17473,0
2014-06-16,6.23,6.57,6.23,6.46,22486,0
2014-06-17,6.52,6.6699,6.5,6.52,10084,0
2014-06-18,6.43,6.78,6.43,6.78,37620,0
2014-06-19,6.66,6.77,6.475,6.64,11929,0
2014-06-20,6.56,6.7,6.56,6.7,15782,0
2014-06-23,6.5844,6.72,6.5844,6.66,8796,0
2014-06-24,6.67,6.67,6.55,6.59,17397,0
2014-06-25,6.63,6.638,6.6,6.6341,5165,0
2014-06-26,6.69,6.731,6.63,6.68,2858,0
2014-06-27,6.73,6.89,6.73,6.89,23152,0
2014-06-30,6.9499,6.9499,6.68,6.8,16919,0
2014-07-01,6.85,6.967,6.7538,6.88,73916,0
2014-07-02,6.78,6.99,6.78,6.95,23300,0
2014-07-03,6.9548,7.0,6.9013,7.0,3947,0
2014-07-07,7.0,7.0999,6.92,7.03,10356,0
2014-07-08,6.98,6.98,6.8201,6.87,2466,0
2014-07-09,6.87,6.9,6.82,6.9,7403,0
2014-07-10,6.65,6.86,6.63,6.8,2621,0
2014-07-11,6.85,6.88,6.81,6.88,1365,0
2014-07-14,6.871,6.871,6.87,6.87,506,0
2014-07-15,6.87,7.09,6.71,6.84,4689,0
2014-07-16,6.63,6.99,6.63,6.98,10175,0
2014-07-17,6.8809,6.9345,6.85,6.885,5471,0
2014-07-18,6.99,7.0,6.5,6.91,7847,0
2014-07-21,6.8,6.95,6.77,6.91,15457,0
2014-07-22,6.95,7.0,6.7,6.99,22501,0
2014-07-23,6.913,7.01,6.91,6.985,24020,0
2014-07-24,6.99,7.02,6.91,6.99,9676,0
2014-07-25,6.98,6.98,6.86,6.97,14470,0
2014-07-28,6.85,6.878,6.5019,6.66,8159,0
2014-07-29,6.63,6.98,6.57,6.97,30549,0
2014-07-30,6.98,6.98,6.8101,6.9,7242,0
2014-07-31,6.83,6.86,6.63,6.64,3020,0
2014-08-01,6.72,6.72,6.59,6.59,4790,0
2014-08-04,6.61,6.9599,6.61,6.71,7500,0
2014-08-05,6.64,6.9,6.64,6.74,23133,0
2014-08-06,6.81,6.9,6.59,6.675,7127,0
2014-08-07,6.456,6.775,6.456,6.6305,17832,0
2014-08-08,6.58,6.9,6.42,6.48,7193,0
2014-08-11,6.6,6.6,6.45,6.5,5058,0
2014-08-12,6.54,6.58,6.48,6.53,10052,0
2014-08-13,6.5711,6.835,6.47,6.61,19897,0
2014-08-14,6.54,6.7995,6.5188,6.711,23030,0
2014-08-15,6.75,6.89,6.5401,6.86,17598,0
2014-08-18,6.76,6.8607,6.5801,6.7195,27290,0
2014-08-19,6.62,6.805,6.59,6.68,13567,0
2014-08-20,6.63,6.71,6.5101,6.55,6447,0
2014-08-21,6.61,6.72,6.55,6.66,5136,0
2014-08-22,6.62,6.6399,6.53,6.5992,7334,0
2014-08-25,6.5,6.5799,6.45,6.46,6338,0
2014-08-26,6.58,6.74,6.46,6.73,14117,0
2014-08-27,6.74,6.75,6.716,6.75,3100,0
2014-08-28,6.8,6.97,6.78,6.97,5306,0
2014-08-29,6.97,6.97,6.66,6.96,40535,0
2014-09-02,6.95,6.97,6.8501,6.97,4247,0
2014-09-03,6.93,7.12,6.93,7.12,31004,0
2014-09-04,7.04,7.17,7.04,7.17,3822,0
2014-09-05,7.18,7.19,7.06,7.17,3464,0
2014-09-08,7.14,7.19,7.02,7.19,6414,0
2014-09-09,7.2,7.4,7.15,7.39,13732,0
2014-09-10,7.4,7.5,7.32,7.46,10564,0
2014-09-11,7.35,7.38,7.27,7.38,3126,0
2014-09-12,7.37,7.46,7.26,7.45,2085,0
2014-09-15,7.49,7.5,7.293,7.41,11564,0
2014-09-16,7.41,7.456,7.25,7.39,4415,0
2014-09-17,7.32,7.41,7.32,7.39,14244,0
2014-09-18,7.47,7.49,7.34,7.34,3437,0
2014-09-19,7.31,7.49,7.25,7.25,22411,0
2014-09-22,7.36,7.45,7.35,7.43,14338,0
2014-09-23,7.4,7.42,7.4,7.41,462,0
2014-09-24,7.41,7.5,7.4,7.46,8889,0
2014-09-25,7.45,7.5,7.4,7.48,5414,0
2014-09-26,7.5,7.6,7.4,7.6,13008,0
2014-09-29,7.4608,7.4999,7.36,7.4,4380,0
2014-09-30,7.4001,7.45,7.4001,7.41,1266,0
2014-10-01,7.4,7.52,7.36,7.52,11519,0
2014-10-02,7.52,7.52,7.41,7.41,1875,0
2014-10-03,7.54,7.54,7.39,7.42,2540,0
2014-10-06,7.29,7.43,7.27,7.41,6198,0
2014-10-07,7.4001,7.4825,7.29,7.44,23906,0
2014-10-08,7.51,7.6,7.25,7.57,35627,0
2014-10-09,7.48,7.5699,7.4001,7.51,2502,0
2014-10-10,7.52,7.52,7.4,7.43,2242,0
2014-10-13,7.4401,7.4533,7.4,7.4,5063,0
2014-10-14,7.51,7.51,7.26,7.34,18521,0
2014-10-15,7.26,7.27,6.5,7.1,9686,0
2014-10-16,7.1,7.26,6.54,7.11,5139,0
2014-10-17,6.9,7.08,6.63,7.0,20265,0
2014-10-20,7.0,7.26,6.85,7.02,11615,0
2014-10-21,6.72,7.2,6.67,7.09,3127,0
2014-10-22,6.93,6.93,6.69,6.93,7783,0
2014-10-23,6.8,6.8,6.69,6.69,3259,0
2014-10-24,6.59,6.8,6.59,6.79,6055,0
2014-10-27,6.83,6.99,6.74,6.99,3060,0
2014-10-28,6.76,6.98,6.5432,6.81,2684,0
2014-10-30,6.5,6.65,6.46,6.65,20213,0
2014-10-31,6.64,6.67,6.51,6.52,10730,0
2014-11-03,6.58,6.68,6.45,6.58,3584,0
2014-11-04,6.6,6.68,6.27,6.68,11182,0
2014-11-05,6.67,6.68,6.31,6.31,9277,0
2014-11-06,6.37,6.48,6.2,6.25,1586,0
2014-11-07,6.22,6.22,6.02,6.02,6316,0
2014-11-10,6.1,6.23,6.0,6.02,1850,0
2014-11-11,6.0,6.26,5.86,5.91,21526,0
2014-11-12,5.91,5.92,5.0,5.75,39102,0
2014-11-13,5.88,5.975,5.75,5.76,5914,0
2014-11-14,5.89,5.89,5.661,5.77,2770,0
2014-11-17,5.66,5.76,5.64,5.76,15430,0
2014-11-18,5.82,5.83,5.61,5.7,10993,0
2014-11-19,5.71,5.73,5.689,5.73,2417,0
2014-11-20,5.71,6.0,5.67,5.99,9625,0
2014-11-21,5.99,5.99,5.55,5.7,4289,0
2014-11-24,5.78,6.0899,5.78,5.87,5680,0
2014-11-25,5.95,6.09,5.88,5.88,7703,0
2014-11-26,5.99,5.99,5.7352,5.7448,4883,0
2014-11-28,5.82,6.0276,5.81,6.0276,400,0
2014-12-01,5.83,6.09,5.7,5.98,15577,0
2014-12-02,5.91,5.99,5.9,5.9,3455,0
2014-12-03,5.93,6.089,5.91,5.922,3298,0
2014-12-04,5.91,6.06,5.75,5.87,30602,0
2014-12-05,5.9,5.9225,5.88,5.88,7667,0
2014-12-08,5.79,5.82,5.47,5.73,10595,0
2014-12-09,5.77,5.99,5.74,5.99,10968,0
2014-12-10,5.91,6.0,5.9,5.91,17039,0
2014-12-11,5.98,5.99,5.46,5.9,14838,0
2014-12-12,5.96,6.1,5.48,5.91,16122,0
2014-12-15,6.09,6.1,5.9,5.9,5200,0
2014-12-16,5.62,6.2,5.62,6.2,6070,0
2014-12-17,6.01,6.26,5.77,6.26,4630,0
2014-12-19,5.49,6.2,5.46,5.94,4154,0
2014-12-22,6.09,6.25,5.99,6.25,8599,0
2014-12-23,5.97,6.25,5.9,6.1,7803,0
2014-12-24,6.02,6.25,5.9,5.9,5551,0
2014-12-26,6.05,6.24,5.9,5.91,8093,0
2014-12-29,5.99,6.21,5.92,5.94,2606,0
2014-12-30,5.92,6.0,5.81,5.81,9563,0
2014-12-31,5.91,5.91,5.4501,5.53,13655,0
2015-01-02,5.52,5.789,5.45,5.45,8488,0
2015-01-05,5.48,5.689,5.45,5.4501,2094,0
2015-01-06,5.49,5.63,5.29,5.58,12145,0
2015-01-07,5.45,6.12,5.32,5.8,47354,0
2015-01-08,5.8,5.97,5.69,5.69,16293,0
2015-01-09,5.64,5.74,5.64,5.65,7224,0
2015-01-12,5.5,5.5,5.45,5.49,400,0
2015-01-14,5.4,5.4,5.25,5.25,1348,0
2015-01-15,5.25,5.2637,5.2,5.21,2263,0
2015-01-16,5.25,5.2999,4.84,4.84,12067,0
2015-01-20,4.84,4.84,4.5,4.6648,2850,0
2015-01-21,4.55,4.55,4.1,4.1,2922,0
2015-01-22,4.45,4.45,4.11,4.16,600,0
2015-01-23,4.3,4.6999,4.25,4.55,3000,0
2015-01-26,4.55,4.61,4.5,4.61,8360,0
2015-01-27,4.63,4.8,4.13,4.5001,45109,0
2015-01-28,4.31,5.35,4.31,5.35,30871,0
2015-01-29,5.01,5.4,4.8,4.98,84636,0
2015-01-30,4.98,4.98,4.67,4.72,44851,0
2015-02-02,4.64,4.64,4.1101,4.1101,3105,0
2015-02-03,4.2,4.229,3.91,4.22,10375,0
2015-02-04,4.07,4.73,4.0394,4.22,8438,0
2015-02-05,4.13,4.42,3.59,3.7,31676,0
2015-02-06,3.81,4.06,3.72,3.74,5841,0
2015-02-09,3.81,3.979,3.8,3.88,7856,0
2015-02-10,3.85,4.15,3.82,4.05,32489,0
2015-02-11,3.97,4.525,3.91,4.31,45641,0
2015-02-12,4.5,4.75,4.33,4.74,17145,0
2015-02-13,4.83,5.8,4.76,5.0,149474,0
2015-02-17,5.23,5.456,4.28,4.47,72986,0
2015-02-18,4.55,4.74,4.1,4.1,11659,0
2015-02-19,4.1,4.4395,4.1,4.18,11618,0
2015-02-20,4.23,4.4,4.0301,4.14,16449,0
2015-02-23,4.24,4.24,3.81,3.91,6660,0
2015-02-24,4.16,4.32,3.86,4.0,12776,0
2015-02-25,4.1,4.2,3.89,4.2,2604,0
2015-02-26,4.16,4.16,3.8,3.8,6764,0
2015-02-27,3.88,3.8899,3.786,3.872,6650,0
2015-03-02,4.0,4.0,3.75,3.76,4800,0
2015-03-03,3.8,3.8,3.61,3.7,4900,0
2015-03-04,3.81,3.88,3.66,3.74,8300,0
2015-03-05,3.61,3.84,3.6,3.8,9400,0
2015-03-06,3.68,3.74,3.66,3.68,2300,0
2015-03-09,3.55,3.62,3.55,3.57,4000,0
2015-03-10,3.6,3.6,3.56,3.56,700,0
2015-03-11,3.56,3.66,3.54,3.55,10000,0
2015-03-12,3.56,3.65,3.31,3.47,39000,0
2015-03-13,3.52,3.59,3.39,3.44,5200,0
2015-03-16,3.55,3.55,3.05,3.26,14500,0
2015-03-17,3.3,3.43,3.3,3.42,1000,0
2015-03-18,3.58,3.61,3.41,3.6,10600,0
2015-03-19,3.36,3.54,3.33,3.54,3000,0
2015-03-20,3.31,3.47,3.25,3.36,9000,0
2015-03-23,3.27,3.45,3.25,3.45,3700,0
2015-03-24,3.33,3.55,3.33,3.51,9300,0
2015-03-25,3.4,3.54,3.4,3.54,2300,0
2015-03-26,3.54,3.55,3.5,3.55,10000,0
2015-03-27,3.55,3.64,3.5,3.6,14600,0
2015-03-30,3.65,3.84,3.65,3.82,12800,0
2015-03-31,3.8133,4.32,3.8133,4.21,27332,0
2015-04-01,4.23,4.23,3.97,4.16,3600,0
2015-04-02,4.1,4.32,4.06,4.25,5900,0
2015-04-06,4.3,4.3,4.08,4.24,5700,0
2015-04-07,4.111,4.111,4.091,4.091,744,0
2015-04-08,4.41,4.62,4.31,4.61,24700,0
2015-04-09,4.7,5.0,4.67,5.0,13588,0
2015-04-10,4.98,5.26,4.98,5.26,21900,0
2015-04-13,5.18,5.31,4.9,5.3,16400,0
2015-04-14,5.3,5.75,5.3,5.57,17400,0
2015-04-15,5.63,5.97,5.5,5.92,13950,0
2015-04-16,5.91,5.98,5.83,5.95,15696,0
2015-04-17,5.95,6.1,5.64,6.08,7900,0
2015-04-20,6.08,6.24,5.95,6.03,31854,0
2015-04-21,5.7,5.915,5.18,5.87,4527,0
2015-04-22,5.85,5.85,5.46,5.46,3400,0
2015-04-23,5.45,5.87,5.45,5.53,3700,0
2015-04-24,5.3501,5.97,5.3501,5.89,9099,0
2015-04-27,5.82,5.95,5.8,5.8,4000,0
2015-04-28,5.4219,5.77,5.4219,5.52,15358,0
2015-04-29,5.39,5.55,5.38,5.53,2400,0
2015-04-30,5.52,5.69,5.39,5.39,7500,0
2015-05-01,5.46,5.6,5.39,5.39,3000,0
2015-05-04,5.41,5.41,5.38,5.41,200,0
2015-05-05,5.6,5.6,5.43,5.51,5000,0
2015-05-06,5.55,5.66,5.49,5.53,5017,0
2015-05-07,5.51,5.51,5.51,5.51,114,0
2015-05-08,5.5,5.59,5.29,5.29,6000,0
2015-05-11,5.28,5.52,5.28,5.48,8700,0
2015-05-12,5.5,5.51,5.5,5.51,1200,0
2015-05-13,5.5,5.57,5.31,5.5,17801,0
2015-05-15,5.53,5.5395,5.492,5.53,4158,0
2015-05-18,5.47,5.5,5.4644,5.5,4507,0
2015-05-19,5.5,5.5,5.31,5.3101,2690,0
2015-05-20,5.33,5.5199,5.3,5.515,7725,0
2015-05-21,5.49,5.51,5.24,5.27,6900,0
2015-05-22,5.45,5.54,5.45,5.54,11500,0
2015-05-26,5.44,5.45,5.3301,5.45,3713,0
2015-05-27,5.54,5.54,5.46,5.46,3500,0
2015-05-28,5.52,5.54,5.24,5.54,4800,0
2015-05-29,5.5,5.5,5.5,5.5,1500,0
2015-06-03,5.4,5.5,5.27,5.43,1600,0
2015-06-04,5.38,5.41,5.24,5.24,2500,0
2015-06-05,5.24,5.27,5.03,5.25,1700,0
2015-06-09,5.05,5.08,4.47,4.74,11306,0
2015-06-10,4.63,5.03,4.6,4.99,2263,0
2015-06-11,4.5601,5.07,4.5601,5.07,562,0
2015-06-15,5.4,5.4,5.0,5.04,1000,0
2015-06-16,5.22,5.22,5.02,5.16,11700,0
2015-06-17,5.17,5.17,5.17,5.17,300,0
2015-06-18,5.22,5.22,5.22,5.22,200,0
2015-06-19,5.15,5.2,5.1,5.1,1500,0
2015-06-22,5.12,5.23,5.1,5.23,4700,0
2015-06-23,5.05,5.25,5.05,5.25,420,0
2015-06-24,5.23,5.43,5.2,5.43,12400,0
2015-06-25,5.39,5.44,5.39,5.44,3000,0
2015-06-26,5.39,5.5,5.39,5.5,10500,0
2015-06-29,4.62,5.28,4.38,4.86,5000,0
2015-06-30,4.74,5.19,4.74,5.1,1332,0
2015-07-01,5.1,5.14,4.66,4.66,400,0
2015-07-02,4.44,4.88,4.42,4.42,3400,0
2015-07-06,4.44,4.77,4.44,4.77,400,0
2015-07-07,4.41,4.8,4.4,4.8,900,0
2015-07-08,4.41,4.68,4.38,4.58,1200,0
2015-07-09,4.58,4.58,4.44,4.44,1200,0
2015-07-10,4.57,4.58,4.5,4.58,700,0
2015-07-15,4.46,4.535,4.08,4.1,1104,0
2015-07-16,3.94,4.25,3.93,4.01,4000,0
2015-07-17,4.23,4.37,4.23,4.29,2000,0
2015-07-20,4.23,4.55,3.9,4.55,1200,0
2015-07-21,4.28,4.58,4.28,4.54,2600,0
2015-07-22,3.96,4.55,3.96,4.53,1400,0
2015-07-23,4.5,4.55,4.5,4.55,62400,0
2015-07-24,4.75,4.75,3.8,4.47,6200,0
2015-07-27,3.5,4.4,3.5,4.4,200,0
2015-07-28,4.4,4.41,4.36,4.36,3000,0
2015-07-29,4.1,4.5,4.1,4.3,2200,0
2015-07-31,4.27,4.43,3.89,4.43,5900,0
2015-08-03,4.35,4.5,3.82,4.5,3771,0
2015-08-04,4.57,4.75,4.27,4.73,1500,0
2015-08-05,4.41,4.6,4.05,4.6,9800,0
2015-08-06,4.47,4.6525,4.47,4.6525,6981,0
2015-08-07,4.75,4.75,4.55,4.68,4000,0
2015-08-10,4.66,4.68,4.29,4.6,4900,0
2015-08-11,4.51,4.7,4.51,4.68,6843,0
2015-08-12,4.49,4.71,4.49,4.71,3000,0
2015-08-13,4.66,4.66,3.5,4.3,1100,0
2015-08-14,4.23,4.23,4.03,4.03,1100,0
2015-08-17,3.88,4.06,3.8,3.8,11500,0
2015-08-18,3.76,3.76,3.75,3.75,300,0
2015-08-19,4.1,4.29,4.07,4.08,5100,0
2015-08-21,4.03,4.03,4.03,4.03,100,0
2015-08-24,4.16,4.2,3.94,3.94,9706,0
2015-08-25,3.75,3.9,3.75,3.9,1800,0
2015-08-26,3.75,3.97,3.75,3.77,7400,0
2015-08-27,3.98,4.0,3.14,3.55,19900,0
2015-08-28,4.0,4.0,3.65,3.75,2500,0
2015-08-31,3.57,3.66,3.38,3.39,10400,0
2015-09-01,3.59,3.59,3.38,3.55,2300,0
2015-09-02,3.82,3.95,3.3,3.32,2000,0
2015-09-03,3.33,3.72,3.22,3.22,4800,0
2015-09-04,3.12,3.19,3.1,3.1,5800,0
2015-09-08,3.46,3.46,2.88,3.0,8400,0
2015-09-09,3.14,3.14,2.85,2.98,7000,0
2015-09-10,3.21,3.21,2.97,2.97,2256,0
2015-09-11,2.95,3.0,2.83,2.83,1900,0
2015-09-14,2.8,2.82,2.75,2.79,5200,0
2015-09-15,2.8,2.84,2.72,2.72,9700,0
2015-09-16,2.73,2.73,2.73,2.73,300,0
2015-09-17,3.0368,3.0368,2.72,2.73,1093,0
2015-09-18,2.73,3.08,2.73,2.74,3400,0
2015-09-21,3.37,3.37,3.01,3.09,3300,0
2015-09-22,3.19,3.19,2.81,2.84,6100,0
2015-09-23,2.85,2.87,2.85,2.87,758,0
2015-09-24,2.88,2.95,2.81,2.82,2742,0
2015-09-25,2.81,2.83,2.81,2.83,800,0
2015-09-28,2.84,2.84,2.33,2.33,15876,0
2015-09-29,2.59,2.76,2.31,2.44,5100,0
2015-09-30,2.52,2.6,2.52,2.6,1700,0
2015-10-01,2.61,2.61,2.6,2.61,3200,0
2015-10-02,2.63,2.65,2.49,2.6,8100,0
2015-10-05,2.57,2.586,2.57,2.586,538,0
2015-10-06,2.57,2.68,2.55,2.68,68800,0
2015-10-07,2.69,2.89,2.62,2.73,6559,0
2015-10-08,2.74,2.84,2.74,2.82,700,0
2015-10-09,2.89,3.1,2.8,2.92,3700,0
2015-10-12,3.029,3.0499,2.838,3.024,2269,0
2015-10-13,3.0,3.12,2.72,3.0,11600,0
2015-10-14,3.29,3.35,2.99,3.0,1800,0
2015-10-15,2.99,3.19,2.85,3.19,4900,0
2015-10-16,3.32,3.32,3.0,3.32,4200,0
2015-10-19,3.12,3.3,2.95,3.12,6920,0
2015-10-20,3.08,3.32,2.95,3.17,13800,0
2015-10-21,3.09,3.26,2.86,3.12,6800,0
2015-10-22,3.01,3.3,2.95,3.15,7600,0
2015-10-23,3.06,3.16,3.04,3.15,14300,0
2015-10-26,3.05,3.26,2.92,3.22,9600,0
2015-10-27,3.18,3.23,3.08,3.11,11700,0
2015-10-28,3.07,3.21,2.85,3.1,19200,0
2015-10-29,3.1,3.33,3.05,3.21,3700,0
2015-10-30,3.3,3.3,3.09,3.16,2600,0
2015-11-02,3.14,3.51,3.14,3.5,6670,0
2015-11-03,3.3,3.4219,3.15,3.41,5036,0
2015-11-04,3.46,3.5,3.46,3.5,1800,0
2015-11-05,3.5,3.5,3.39,3.39,400,0
2015-11-06,3.4,3.42,3.38,3.39,1800,0
2015-11-09,3.45,3.45,3.45,3.45,740,0
2015-11-10,3.45,3.45,3.06,3.06,3400,0
2015-11-11,3.15,3.31,3.15,3.31,5000,0
2015-11-12,3.4,3.4,3.21,3.21,1500,0
2015-11-13,3.25,3.25,3.25,3.25,600,0
2015-11-16,3.0,3.0,2.83,2.88,7400,0
2015-11-17,2.79,2.79,2.63,2.65,5500,0
2015-11-18,2.61,2.65,2.6,2.63,8400,0
2015-11-19,2.63,2.75,2.49,2.49,29500,0
2015-11-20,2.5,2.58,2.48,2.49,3900,0
2015-11-23,2.31,2.57,2.14,2.42,27400,0
2015-11-24,2.46,2.5,2.28,2.35,16500,0
2015-11-25,2.55,2.6,2.35,2.35,16200,0
2015-11-27,2.35,2.35,2.27,2.31,6700,0
2015-11-30,2.4,2.44,2.28,2.35,3500,0
2015-12-01,2.52,2.6,2.32,2.35,2906,0
2015-12-02,2.48,2.48,2.24,2.24,16398,0
2015-12-03,2.4,2.4,2.01,2.14,14773,0
2015-12-04,2.06,2.15,2.0,2.0,12000,0
2015-12-07,2.2,2.26,2.0,2.0,6700,0
2015-12-08,2.05,2.05,1.86,1.92,50984,0
2015-12-09,2.0,2.25,2.0,2.2,10800,0
2015-12-10,2.11,2.58,2.11,2.45,26900,0
2015-12-11,2.29,2.53,2.1,2.4,43200,0
2015-12-14,2.32,2.47,2.14,2.38,36272,0
2015-12-15,2.2,2.51,2.2,2.32,12100,0
2015-12-16,2.32,2.52,2.2,2.2,3300,0
2015-12-17,2.26,2.37,1.9,1.95,152900,0
2015-12-18,1.87,2.14,1.87,2.14,16400,0
2015-12-21,2.14,2.2,1.98,2.05,23500,0
2015-12-22,2.0,2.14,1.85,2.1,39089,0
2015-12-23,2.0,2.1,1.88,2.01,11300,0
2015-12-24,1.989,2.08,1.912,2.07,23718,0
2015-12-28,1.94,2.0754,1.9216,2.06,5681,0
2015-12-29,2.02,2.1868,2.02,2.1,22017,0
2015-12-30,2.05,2.05,1.93,2.04,21720,0
2015-12-31,2.02,2.1,2.01,2.1,2714,0
2016-01-04,2.03,2.2,1.8601,2.1,5696,0
2016-01-05,2.17,4.408,1.99,3.5499,542054,0
2016-01-06,3.6,3.85,2.93,3.32,199860,0
2016-01-07,3.24,3.2999,2.81,3.17,27261,0
2016-01-08,2.97,3.5,2.92,3.4,36058,0
2016-01-11,2.7,3.06,2.5501,2.64,73339,0
2016-01-12,2.64,2.74,2.541,2.73,9942,0
2016-01-13,2.7,2.73,2.63,2.701,2425,0
2016-01-14,2.71,3.0,2.5,2.8195,113217,0
2016-01-15,2.69,2.92,2.6769,2.75,7802,0
2016-01-19,2.68,2.85,2.59,2.77,5700,0
2016-01-20,2.77,2.77,2.6,2.7,6002,0
2016-01-21,2.71,2.83,2.64,2.64,6845,0
2016-01-22,2.63,2.83,2.54,2.64,33061,0
2016-01-25,2.74,2.9,2.63,2.9,13490,0
2016-01-26,2.71,2.84,2.71,2.83,2622,0
2016-01-27,2.75,2.75,2.54,2.54,7542,0
2016-01-28,2.62,2.62,2.62,2.62,108,0
2016-01-29,2.62,2.66,2.58,2.66,7246,0
2016-02-01,2.7,2.8399,2.53,2.83,17050,0
2016-02-02,2.827,2.84,2.67,2.76,4587,0
2016-02-03,2.7023,2.83,2.55,2.55,6704,0
2016-02-04,2.65,2.83,2.543,2.6899,5887,0
2016-02-05,2.84,3.17,2.75,2.75,7174,0
2016-02-08,2.75,2.91,2.65,2.66,1516,0
2016-02-09,2.6499,2.6499,2.5701,2.6,6892,0
2016-02-10,2.64,2.64,2.53,2.53,303,0
2016-02-11,2.56,2.56,2.56,2.56,100,0
2016-02-12,2.53,2.53,2.45,2.45,599,0
2016-02-16,2.36,2.52,2.17,2.35,7797,0
2016-02-17,2.27,2.34,2.2601,2.32,2214,0
2016-02-18,2.224,2.349,2.224,2.349,488,0
2016-02-19,2.39,2.43,2.31,2.4141,10855,0
2016-02-22,2.48,2.6,2.48,2.6,26501,0
2016-02-23,2.681,2.708,2.681,2.708,623,0
2016-02-24,2.98,2.99,2.65,2.99,8922,0
2016-02-25,2.99,3.166,2.975,3.0317,5027,0
2016-02-26,3.13,3.16,2.86,2.98,6852,0
2016-02-29,3.0724,3.12,2.77,2.785,5133,0
2016-03-01,3.08,3.08,2.22,2.28,17571,0
2016-03-02,2.39,2.87,2.39,2.63,9156,0
2016-03-03,2.68,2.85,2.68,2.72,3803,0
2016-03-04,2.83,2.84,2.72,2.72,2526,0
2016-03-07,2.8,2.95,2.72,2.92,3169,0
2016-03-08,2.91,2.96,2.77,2.9,2494,0
2016-03-09,2.78,2.92,2.6,2.85,10275,0
2016-03-10,2.73,2.9099,2.52,2.68,14365,0
2016-03-11,2.5299,2.71,2.51,2.61,2108,0
2016-03-14,2.52,2.52,2.49,2.51,10214,0
2016-03-15,2.42,2.51,2.42,2.504,1221,0
2016-03-16,2.55,2.5701,2.335,2.4501,2347,0
2016-03-17,2.48,2.5901,2.465,2.5,16236,0
2016-03-18,2.5,2.55,2.4,2.4295,6808,0
2016-03-21,2.3715,2.44,2.36,2.36,1852,0
2016-03-22,2.31,2.36,2.19,2.2,3827,0
2016-03-23,2.2,2.22,2.1,2.1,9525,0
2016-03-24,2.1,2.1,2.0,2.0,7109,0
2016-03-28,2.11,2.19,2.0,2.0,8790,0
2016-03-29,2.15,2.15,1.87,1.91,11796,0
2016-03-30,2.04,2.265,1.87,1.98,27211,0
2016-03-31,1.98,1.9836,1.81,1.81,23205,0
2016-04-01,2.04,2.04,1.85,1.85,6526,0
2016-04-04,1.85,1.9099,1.76,1.85,2161,0
2016-04-05,1.92,1.931,1.78,1.91,10352,0
2016-04-06,1.85,1.98,1.76,1.88,22259,0
2016-04-07,1.79,1.92,1.79,1.86,7056,0
2016-04-08,1.88,1.99,1.85,1.97,13729,0
2016-04-11,1.98,2.1942,1.94,2.03,12958,0
2016-04-12,2.09,2.34,2.04,2.34,17226,0
2016-04-13,2.36,2.44,2.2,2.22,11615,0
2016-04-14,2.2,2.2199,2.05,2.12,3911,0
2016-04-15,2.0901,2.19,2.09,2.09,4068,0
2016-04-18,2.06,2.15,2.06,2.1,8047,0
2016-04-19,2.21,2.21,2.11,2.205,6943,0
2016-04-20,2.22,2.37,2.22,2.25,21537,0
2016-04-21,2.38,2.5799,2.38,2.47,76789,0
2016-04-22,2.49,2.5399,2.2189,2.43,39708,0
2016-04-25,2.41,2.43,2.2617,2.43,1799,0
2016-04-26,2.4,2.43,2.3494,2.42,1427,0
2016-04-27,2.42,2.43,2.42,2.42,814,0
2016-04-28,2.44,2.6505,2.4101,2.49,851,0
2016-04-29,2.5,2.51,2.42,2.42,10850,0
2016-05-02,2.48,2.64,2.48,2.53,3443,0
2016-05-03,2.44,2.63,2.44,2.5,14832,0
2016-05-04,2.47,2.82,2.47,2.82,15352,0
2016-05-05,2.82,2.82,2.5,2.72,6740,0
2016-05-06,2.71,2.8176,2.51,2.51,17509,0
2016-05-09,2.54,2.69,2.51,2.67,6552,0
2016-05-10,2.6,2.67,2.16,2.43,8127,0
2016-05-11,2.32,2.53,2.32,2.37,7505,0
2016-05-12,2.55,2.55,2.3434,2.51,3208,0
2016-05-13,2.55,2.59,2.5,2.54,2604,0
2016-05-16,2.5999,2.5999,2.46,2.51,5966,0
2016-05-17,2.28,2.56,2.275,2.36,5670,0
2016-05-18,2.5,2.54,2.3001,2.5,3535,0
2016-05-19,2.5011,2.53,2.5,2.53,2304,0
2016-05-20,2.6,2.78,2.53,2.53,694,0
2016-05-23,2.52,2.69,2.21,2.21,4742,0
2016-05-24,2.24,2.65,2.24,2.36,30007,0
2016-05-25,2.63,2.63,2.3327,2.3327,12080,0
2016-05-26,2.41,2.62,2.4,2.62,7010,0
2016-05-27,2.49,2.63,2.49,2.63,2902,0
2016-05-31,2.54,2.6,2.5,2.6,1791,0
2016-06-01,2.54,2.56,2.3101,2.56,4472,0
2016-06-02,2.48,2.62,2.48,2.62,2274,0
2016-06-03,2.59,2.61,2.39,2.39,3560,0
2016-06-06,2.41,2.53,2.295,2.5201,6198,0
2016-06-07,2.52,2.55,2.52,2.55,1100,0
2016-06-08,2.58,2.58,2.562,2.562,350,0
2016-06-09,2.44,2.6,2.44,2.49,9946,0
2016-06-10,2.5,2.67,2.49,2.52,20948,0
2016-06-13,2.57,2.57,2.42,2.42,205,0
2016-06-14,2.52,2.68,2.4901,2.4901,2975,0
2016-06-15,2.5501,2.66,2.5501,2.5501,1347,0
2016-06-16,2.518,2.67,2.518,2.67,5222,0
2016-06-17,2.51,2.51,2.51,2.51,484,0
2016-06-20,2.49,2.62,2.49,2.49,3340,0
2016-06-21,2.5,2.69,2.5,2.51,11559,0
2016-06-22,2.66,2.68,2.52,2.52,400,0
2016-06-23,2.53,2.58,2.52,2.56,2124,0
2016-06-24,2.57,2.6,2.455,2.52,9992,0
2016-06-27,2.61,2.61,2.52,2.6,600,0
2016-06-28,2.64,2.64,2.6,2.61,2500,0
2016-06-29,2.55,2.67,2.55,2.66,1814,0
2016-06-30,2.55,2.68,2.45,2.65,7296,0
2016-07-01,2.57,2.64,2.475,2.64,4316,0
2016-07-06,2.53,2.54,2.484,2.54,1534,0
2016-07-07,2.49,2.64,2.46,2.5498,6930,0
2016-07-08,2.55,2.55,2.55,2.55,400,0
2016-07-11,2.4616,2.56,2.4616,2.56,1115,0
2016-07-12,2.545,2.62,2.5014,2.53,1932,0
2016-07-14,2.623,2.623,2.55,2.55,200,0
2016-07-15,2.5331,2.64,2.5331,2.56,1300,0
2016-07-18,2.499,2.54,2.48,2.48,3201,0
2016-07-19,2.5438,2.67,2.45,2.45,3638,0
2016-07-20,2.51,2.57,2.51,2.57,600,0
2016-07-22,2.65,2.65,2.62,2.63,2500,0
2016-07-25,2.68,2.68,2.46,2.56,2101,0
2016-07-27,2.56,2.56,2.56,2.56,144,0
2016-07-28,2.5601,2.5601,2.5601,2.5601,200,0
2016-07-29,2.5543,2.5543,2.5543,2.5543,100,0
2016-08-01,2.59,2.6,2.55,2.55,573,0
2016-08-03,2.6387,2.64,2.51,2.523,4500,0
2016-08-04,2.6481,2.8398,2.28,2.7,22523,0
2016-08-05,2.6,2.65,2.56,2.65,9350,0
2016-08-08,2.6599,2.6599,2.52,2.62,1300,0
2016-08-09,2.74,2.79,2.62,2.66,700,0
2016-08-10,2.62,2.62,2.37,2.62,25505,0
2016-08-11,2.45,2.57,2.45,2.5688,10701,0
2016-08-12,2.44,2.66,2.43,2.66,3084,0
2016-08-15,3.49,5.15,3.25,3.95,1914140,0
2016-08-16,3.6,3.79,3.54,3.7,235655,0
2016-08-17,3.54,3.72,3.31,3.41,54877,0
2016-08-18,3.4,3.4,3.25,3.258,25874,0
2016-08-19,3.15,3.47,3.09,3.26,18700,0
2016-08-22,3.26,3.26,3.1,3.14,14337,0
2016-08-23,3.0101,3.14,3.0101,3.13,9552,0
2016-08-24,3.07,3.26,3.01,3.09,12027,0
2016-08-25,3.21,3.21,2.9777,3.011,1729,0
2016-08-26,2.8401,2.95,2.76,2.8,6461,0
2016-08-29,2.88,2.88,2.55,2.74,33332,0
2016-08-30,2.65,2.8,2.42,2.649,43260,0
2016-08-31,2.45,2.74,2.45,2.58,11495,0
2016-09-01,2.45,2.62,2.4201,2.62,24356,0
2016-09-02,2.6159,2.79,2.55,2.76,25920,0
2016-09-06,2.63,2.74,2.46,2.58,24570,0
2016-09-07,2.62,2.64,2.46,2.53,7394,0
2016-09-08,2.4495,2.57,2.41,2.53,12035,0
2016-09-09,2.52,2.52,2.21,2.37,59205,0
2016-09-12,2.4,2.62,2.3054,2.62,37726,0
2016-09-13,2.62,3.5959,2.4218,2.89,235381,0
2016-09-14,2.96,3.15,2.6,2.82,83883,0
2016-09-15,2.8,2.87,2.6,2.77,24410,0
2016-09-16,2.79,2.79,2.6,2.74,4840,0
2016-09-20,2.7,2.72,2.6,2.67,4803,0
2016-09-21,2.71,2.71,2.6,2.6002,5013,0
2016-09-22,2.57,2.58,2.42,2.5,14989,0
2016-09-23,2.5,2.6799,2.5,2.55,5839,0
2016-09-26,2.51,2.5465,2.42,2.45,3412,0
2016-09-27,2.48,2.4911,2.4101,2.4911,1336,0
2016-09-28,2.44,2.4999,2.27,2.4,12338,0
2016-09-29,2.391,2.41,2.39,2.41,2522,0
2016-09-30,2.4,2.4,2.29,2.3999,6171,0
2016-10-03,2.3,2.49,2.3,2.49,27452,0
2016-10-04,2.49,2.49,2.3,2.4601,5571,0
2016-10-05,2.38,2.53,2.38,2.53,12011,0
2016-10-06,2.5,2.53,2.47,2.53,1417,0
2016-10-07,2.5,2.52,2.4001,2.4001,5600,0
2016-10-10,2.53,2.64,2.3378,2.4,73535,0
2016-10-11,2.44,2.47,2.37,2.4,21750,0
2016-10-12,2.37,2.45,2.27,2.35,43956,0
2016-10-13,2.3301,2.44,2.3287,2.34,4305,0
2016-10-14,2.32,2.34,2.32,2.33,2520,0
2016-10-17,2.2,2.4,2.2,2.4,12475,0
2016-10-18,2.3,2.35,2.151,2.3,35194,0
2016-10-19,2.3,2.6,2.25,2.5,58714,0
2016-10-20,2.45,2.7,2.45,2.5,40619,0
2016-10-21,2.6,2.65,2.45,2.45,18337,0
2016-10-24,2.45,2.45,2.15,2.175,13537,0
2016-10-25,2.15,2.2,2.05,2.175,6918,0
2016-10-26,2.15,2.2,2.0,2.0495,7129,0
2016-10-27,2.0,2.0,1.7,1.9001,25362,0
2016-10-28,1.9,1.95,1.9,1.9499,5255,0
2016-10-31,1.9,1.9247,1.9,1.9,6514,0
2016-11-01,1.9001,2.05,1.9001,1.95,25997,0
2016-11-02,1.9,1.95,1.9,1.95,726,0
2016-11-03,1.95,2.05,1.95,2.05,32254,0
2016-11-04,2.0,2.2,1.9,1.9,34835,0
2016-11-07,1.95,1.95,1.85,1.85,6657,0
2016-11-08,1.85,1.9,1.85,1.85,2013,0
2016-11-09,1.85,1.95,1.7,1.7999,30344,0
2016-11-10,1.75,1.75,1.6,1.6,47801,0
2016-11-11,1.6,1.6976,1.6,1.6,10780,0
2016-11-14,1.6,1.745,1.6,1.6,19106,0
2016-11-15,1.65,1.6674,1.6,1.6,5862,0
2016-11-16,1.65,1.75,1.6,1.7,7208,0
2016-11-17,1.65,1.7499,1.65,1.7465,1108,0
2016-11-18,1.7,1.7,1.6,1.6,8590,0
2016-11-21,1.65,1.65,1.6,1.65,13362,0
2016-11-22,1.65,1.75,1.6,1.65,70421,0
2016-11-23,1.7,1.7,1.6,1.65,18865,0
2016-11-25,1.65,1.8,1.6,1.6,42881,0
2016-11-28,1.85,2.1973,1.65,1.7,57670,0
2016-11-29,1.85,1.85,1.65,1.85,31224,0
2016-11-30,1.85,1.85,1.7,1.75,5232,0
2016-12-01,1.8,1.85,1.7,1.7,10119,0
2016-12-02,1.6893,1.75,1.65,1.75,1817,0
2016-12-05,1.75,2.1,1.7255,1.8,109973,0
2016-12-06,1.8,1.85,1.65,1.75,43547,0
2016-12-07,1.7092,1.7092,1.65,1.7,58205,0
2016-12-08,1.656,1.7,1.55,1.55,85175,0
2016-12-09,1.6,1.65,1.55,1.6,30255,0
2016-12-12,1.65,1.7,1.6,1.7,6878,0
2016-12-13,1.7,1.7,1.65,1.7,19578,0
2016-12-14,1.65,1.65,1.55,1.65,57727,0
2016-12-15,1.65,1.7,1.6,1.6001,5401,0
2016-12-16,1.65,1.7,1.55,1.55,10939,0
2016-12-19,1.6,1.6,1.55,1.6,12453,0
2016-12-20,1.6,1.6,1.5501,1.6,12423,0
2016-12-21,1.55,1.6,1.5,1.5,41555,0
2016-12-22,1.5,1.65,1.5,1.55,62751,0
2016-12-23,1.55,1.6,1.55,1.55,22525,0
2016-12-27,1.55,1.65,1.55,1.6,30161,0
2016-12-28,1.6242,1.6499,1.55,1.55,10111,0
2016-12-29,1.55,1.6,1.55,1.55,18874,0
2016-12-30,1.55,1.6,1.55,1.55,14104,0
2017-01-03,1.55,1.5999,1.55,1.55,3784,0
2017-01-04,1.6,1.6,1.55,1.55,4810,0
2017-01-05,1.55,1.7,1.55,1.65,23995,0
2017-01-06,1.7,1.7,1.65,1.65,13864,0
2017-01-09,1.7,1.7,1.6,1.6,8892,0
2017-01-10,1.6,1.667,1.5588,1.6375,15149,0
2017-01-11,1.65,1.699,1.55,1.6,6890,0
2017-01-12,1.65,1.65,1.55,1.55,19518,0
2017-01-13,1.6,1.75,1.5995,1.72,28690,0
2017-01-17,1.8,1.848,1.75,1.8,14594,0
2017-01-18,1.8,1.8,1.75,1.75,891,0
2017-01-19,1.85,1.85,1.7,1.75,21881,0
2017-01-20,1.766,1.849,1.75,1.75,21884,0
2017-01-23,1.8,1.8,1.7501,1.7501,767,0
2017-01-24,1.8,1.8,1.75,1.755,5864,0
2017-01-25,1.8,1.8,1.75,1.75,4345,0
2017-01-26,1.8,1.85,1.8,1.829,12231,0
2017-01-27,1.8972,1.95,1.85,1.9,19388,0
2017-01-30,1.95,1.95,1.85,1.8507,6465,0
2017-02-01,1.8,1.8682,1.8,1.85,29793,0
2017-02-02,1.85,1.8999,1.8,1.85,210429,0
2017-02-03,1.9,1.9,1.85,1.85,24339,0
2017-02-06,1.8,1.9,1.8,1.85,43320,0
2017-02-07,1.85,1.9699,1.75,1.85,21378,0
2017-02-08,1.9,1.938,1.85,1.85,12077,0
2017-02-09,1.85,1.9,1.85,1.9,571,0
2017-02-10,1.9,1.95,1.85,1.9119,20481,0
2017-02-13,1.8501,1.95,1.85,1.85,16324,0
2017-02-14,1.85,1.8999,1.8,1.8999,55799,0
2017-02-15,1.8501,1.88,1.8,1.85,10774,0
2017-02-16,1.85,1.85,1.85,1.85,344,0
2017-02-17,1.8,1.9,1.8,1.85,10597,0
2017-02-21,2.0,2.25,1.9,1.95,34751,0
2017-02-22,2.15,2.4,1.9074,2.3995,108672,0
2017-02-23,2.35,2.357,2.1,2.1,30722,0
2017-02-24,2.05,2.0959,1.95,1.95,28153,0
2017-02-27,2.0,2.05,1.9,1.95,31904,0
2017-02-28,1.9001,1.9499,1.9,1.9,11432,0
2017-03-01,1.95,1.95,1.9,1.95,9532,0
2017-03-02,1.9,1.9499,1.9,1.9499,7456,0
2017-03-03,1.9,1.95,1.85,1.9,19675,0
2017-03-06,1.9001,1.95,1.9,1.95,4938,0
2017-03-07,1.9029,2.0,1.9029,2.0,2419,0
2017-03-08,1.96,2.0,1.96,2.0,2495,0
2017-03-09,1.9501,2.05,1.9501,2.0,15181,0
2017-03-10,2.1,2.1,2.0,2.0,4008,0
2017-03-13,2.0463,2.05,2.0,2.0,10197,0
2017-03-14,2.0,2.05,2.0,2.025,10332,0
2017-03-15,2.1,2.1,2.0,2.0,1642,0
2017-03-16,2.0,2.0242,1.95,2.0,10989,0
2017-03-17,2.0,2.0499,1.95,1.95,21614,0
2017-03-20,1.95,2.0,1.8578,1.9,28101,0
2017-03-21,1.95,2.05,1.9,2.05,9651,0
2017-03-22,2.0,2.009,1.9029,1.9501,3465,0
2017-03-23,2.05,2.05,1.95,1.9655,3682,0
2017-03-24,1.95,2.0,1.95,1.95,4225,0
2017-03-27,1.98,2.0,1.95,2.0,1993,0
2017-03-28,2.05,2.25,2.03,2.1,56790,0
2017-03-29,2.25,2.25,2.1,2.141,9779,0
2017-03-30,2.1032,2.2007,2.1,2.149,15760,0
2017-03-31,2.15,2.2301,2.15,2.15,4364,0
2017-04-03,2.15,2.1999,2.1,2.1,7062,0
2017-04-04,2.0,2.0914,1.8501,1.9,15825,0
2017-04-05,2.0,2.0,1.85,1.85,14567,0
2017-04-06,1.85,1.9,1.85,1.8575,9237,0
2017-04-07,1.85,1.85,1.7,1.7,30594,0
2017-04-10,1.8,1.8499,1.7,1.75,358207,0
2017-04-11,1.8,1.8,1.7,1.7,60597,0
2017-04-12,1.71,1.75,1.7,1.725,57489,0
2017-04-13,1.715,1.75,1.65,1.7,39957,0
2017-04-17,1.75,1.75,1.701,1.75,3126,0
2017-04-18,1.775,1.8,1.7,1.7,1559,0
2017-04-19,1.7,1.7,1.65,1.65,40669,0
2017-04-20,1.7,1.7,1.65,1.65,3839,0
2017-04-21,1.692,1.692,1.681,1.681,449,0
2017-04-24,1.7,1.7,1.65,1.65,12095,0
2017-04-25,1.7,1.7,1.65,1.65,3426,0
2017-04-26,1.7,1.7,1.676,1.676,1136,0
2017-04-27,1.7,1.7,1.7,1.7,648,0
2017-04-28,1.7,1.7,1.6154,1.6154,7079,0
2017-05-01,1.67,1.7,1.67,1.7,762,0
2017-05-02,1.65,1.7,1.65,1.7,524,0
2017-05-03,1.658,1.7,1.658,1.7,1100,0
2017-05-04,1.65,1.6942,1.605,1.605,1940,0
2017-05-05,1.6,1.95,1.6,1.7464,38145,0
2017-05-08,1.7,1.814,1.65,1.7,3740,0
2017-05-09,1.65,2.8,1.65,2.0,619652,0
2017-05-10,2.0,2.0027,1.85,1.9,84432,0
2017-05-11,2.0,2.1,1.85,2.05,28286,0
2017-05-12,2.05,2.1499,1.9,2.0,15951,0
2017-05-15,2.0,2.0,1.9,1.9,28679,0
2017-05-16,1.95,1.95,1.9,1.9,3363,0
2017-05-17,1.9,1.9,1.75,1.849,32149,0
2017-05-18,1.9,1.9,1.75,1.8472,2594,0
2017-05-19,1.8,1.8,1.7,1.7,11884,0
2017-05-22,1.75,1.7999,1.7,1.7,16583,0
2017-05-23,1.75,1.75,1.6,1.6497,25971,0
2017-05-24,1.6999,1.7,1.6,1.6038,78278,0
2017-05-25,1.65,1.65,1.6,1.6001,7538,0
2017-05-26,1.6,1.8,1.55,1.7074,47212,0
2017-05-30,1.7031,1.736,1.7,1.7085,17900,0
2017-05-31,1.6583,1.6583,1.55,1.55,11730,0
2017-06-01,1.65,1.65,1.55,1.65,29037,0
2017-06-02,1.61,1.61,1.4,1.5001,62017,0
2017-06-05,1.55,1.6,1.5,1.534,2613,0
2017-06-06,1.5,1.5499,1.5,1.5499,2605,0
2017-06-07,1.5966,1.6,1.5,1.55,23797,0
2017-06-08,1.501,1.548,1.5,1.548,8253,0
2017-06-09,1.55,1.55,1.5074,1.55,1859,0
2017-06-12,1.5,1.55,1.45,1.45,20694,0
2017-06-13,1.5,1.55,1.4501,1.55,8079,0
2017-06-14,1.5,1.55,1.45,1.5,4027,0
2017-06-15,1.45,1.6,1.45,1.55,9433,0
2017-06-16,1.5499,1.55,1.45,1.45,4841,0
2017-06-19,1.45,1.5015,1.45,1.4557,1374,0
2017-06-20,1.45,1.5,1.45,1.5,4742,0
2017-06-21,1.55,1.55,1.45,1.45,2782,0
2017-06-22,1.451,1.4544,1.45,1.45,742,0
2017-06-23,1.35,1.55,1.3,1.5,29207,0
2017-06-26,1.5452,1.5452,1.5,1.5,401,0
2017-06-27,1.5,1.6,1.5,1.6,1375,0
2017-06-28,1.6,1.6,1.5,1.5501,5509,0
2017-06-29,1.55,1.6,1.55,1.6,6724,0
2017-06-30,1.65,1.85,1.625,1.77,33683,0
2017-07-03,1.65,1.7,1.65,1.7,1078,0
2017-07-05,1.6,1.7,1.6,1.65,6536,0
2017-07-06,1.7,1.7,1.7,1.7,2969,0
2017-07-07,1.7,1.702,1.7,1.702,2056,0
2017-07-11,1.8,1.8,1.7,1.7,2770,0
2017-07-12,1.7,1.7,1.7,1.7,116,0
2017-07-13,1.7,1.7,1.6,1.7,50368,0
2017-07-14,1.75,1.75,1.732,1.75,1860,0
2017-07-17,1.8,1.85,1.6,1.799,80497,0
2017-07-18,1.6501,1.775,1.6,1.775,44705,0
2017-07-19,1.75,1.85,1.651,1.85,12108,0
2017-07-20,1.838,1.95,1.75,1.95,98550,0
2017-07-21,1.85,1.9245,1.8,1.9,23192,0
2017-07-24,1.8055,1.9,1.8,1.9,17203,0
2017-07-25,1.9,2.15,1.8995,1.95,68909,0
2017-07-26,1.951,2.0,1.85,1.95,22953,0
2017-07-27,2.0,2.0,1.95,2.0,8573,0
2017-07-28,2.0,2.0,1.9038,1.9535,2440,0
2017-07-31,2.0,2.0,1.95,2.0,6013,0
2017-08-01,1.95,2.1,1.95,2.0,35766,0
2017-08-02,2.0,2.05,1.95,1.95,16872,0
2017-08-03,1.95,2.0,1.9,1.95,9561,0
2017-08-04,1.8529,1.9499,1.8529,1.9,4471,0
2017-08-07,1.95,1.95,1.85,1.85,2694,0
2017-08-08,1.9,2.0,1.75,1.949,7733,0
2017-08-09,1.9,1.9,1.85,1.85,3177,0
2017-08-10,1.81,1.81,1.8075,1.8075,1956,0
2017-08-11,1.865,1.865,1.6501,1.7,28497,0
2017-08-14,1.65,1.85,1.65,1.8,50300,0
2017-08-15,1.8,1.85,1.55,1.8,70865,0
2017-08-16,1.8,1.8,1.6,1.7,51988,0
2017-08-17,1.75,1.8,1.7,1.8,7984,0
2017-08-18,1.75,1.95,1.65,1.7,38344,0
2017-08-21,1.65,1.65,1.65,1.65,575,0
2017-08-22,1.65,1.65,1.6,1.65,3267,0
2017-08-23,1.55,1.65,1.55,1.55,4059,0
2017-08-24,1.55,1.6,1.5,1.55,1128,0
2017-08-25,1.6,1.6,1.6,1.6,523,0
2017-08-28,1.6,1.6,1.55,1.55,1588,0
2017-08-29,1.5,1.599,1.5,1.599,994,0
2017-08-30,1.6,1.6,1.55,1.55,265,0
2017-08-31,1.6,1.6,1.55,1.55,1912,0
2017-09-01,1.5,1.5499,1.45,1.45,14690,0
2017-09-05,1.5,1.5245,1.45,1.4501,22381,0
2017-09-06,1.51,1.7038,1.4522,1.6,118713,0
2017-09-07,1.65,1.7,1.45,1.55,39464,0
2017-09-08,1.55,1.55,1.4028,1.45,22841,0
2017-09-11,1.45,1.55,1.45,1.45,6107,0
2017-09-12,1.5,1.55,1.45,1.48,8716,0
2017-09-13,1.5,1.55,1.45,1.5,13402,0
2017-09-14,1.5,1.6,1.45,1.5,17390,0
2017-09-15,1.5,1.503,1.4,1.45,17248,0
2017-09-18,1.45,1.55,1.45,1.55,13873,0
2017-09-19,1.5,1.7,1.4539,1.5,42025,0
2017-09-20,1.7,1.7,1.501,1.55,6801,0
2017-09-21,1.525,1.5303,1.5,1.5,8345,0
2017-09-22,1.52,1.55,1.52,1.55,5005,0
2017-09-25,1.5,1.5,1.5,1.5,128,0
2017-09-26,1.45,1.55,1.45,1.55,2545,0
2017-09-27,1.55,1.65,1.55,1.65,21405,0
2017-09-28,1.6,1.6,1.55,1.5999,5480,0
2017-09-29,1.55,1.6,1.55,1.596,1639,0
2017-10-02,1.6,1.6,1.55,1.6,1649,0
2017-10-03,1.55,1.6,1.55,1.55,3447,0
2017-10-04,1.5745,1.5991,1.5,1.5,3178,0
2017-10-06,1.5,1.55,1.5,1.55,734,0
2017-10-09,1.6,1.65,1.6,1.6,15329,0
2017-10-10,1.65,1.65,1.575,1.645,13253,0
2017-10-11,1.6245,1.7,1.6048,1.65,22348,0
2017-10-12,1.6,1.6583,1.55,1.65,6800,0
2017-10-13,1.551,1.65,1.55,1.65,8463,0
2017-10-16,1.6,1.7,1.55,1.625,23897,0
2017-10-18,1.55,1.6,1.55,1.6,1597,0
2017-10-19,1.55,1.6,1.5,1.5,3688,0
2017-10-20,1.597,1.645,1.5476,1.6,8756,0
2017-10-23,1.55,1.6,1.55,1.6,14117,0
2017-10-24,1.6,1.65,1.55,1.65,5883,0
2017-10-25,1.6,1.6,1.55,1.6,5617,0
2017-10-26,1.6,1.65,1.55,1.65,6772,0
2017-10-27,1.65,1.65,1.551,1.575,126484,0
2017-10-30,1.6,1.625,1.6,1.6,75885,0
2017-10-31,1.6,1.6,1.575,1.575,41168,0
2017-11-01,1.55,1.6,1.55,1.5975,7497,0
2017-11-02,1.5541,1.6,1.551,1.551,5858,0
2017-11-03,1.55,1.55,1.55,1.55,4391,0
2017-11-06,1.55,1.55,1.5001,1.5034,1208,0
2017-11-07,1.5,1.55,1.5,1.5499,1781,0
2017-11-08,1.5,1.5,1.4587,1.5,10548,0
2017-11-09,1.45,1.45,1.4,1.4499,16503,0
2017-11-10,1.45,1.45,1.3989,1.4,25830,0
