Date,Open,High,Low,Close,Volume,OpenInt
2014-01-02,2.77,2.77,2.6501,2.69,55938,0
2014-01-03,2.76,2.989,2.7399,2.8,85556,0
2014-01-06,2.86,2.94,2.86,2.94,155400,0
2014-01-07,2.91,2.99,2.87,2.95,55000,0
2014-01-08,2.95,2.99,2.9,2.95,39600,0
2014-01-09,2.97,2.97,2.93,2.93,8000,0
2014-01-10,2.96,2.97,2.91,2.91,21700,0
2014-01-13,2.98,2.99,2.92,2.97,95600,0
2014-01-14,3.0,3.0,2.93,2.93,6700,0
2014-01-15,2.95,2.97,2.91,2.93,22800,0
2014-01-16,2.98,3.1999,2.9791,3.14,226359,0
2014-01-17,3.15,3.29,3.1,3.21,108200,0
2014-01-21,3.42,3.42,3.25,3.3,197300,0
2014-01-22,3.37,3.37,3.25,3.3,67500,0
2014-01-23,3.3,3.3,3.15,3.19,82800,0
2014-01-24,3.26,3.26,3.16,3.17,39900,0
2014-01-27,3.2,3.2,3.09,3.13,70000,0
2014-01-28,3.19,3.3,3.19,3.25,36700,0
2014-01-29,3.28,3.3,3.18,3.26,52800,0
2014-01-30,3.28,3.33,3.26,3.3,27000,0
2014-01-31,3.3,3.34,3.1,3.29,29100,0
2014-02-03,3.28,3.3,3.16,3.21,86230,0
2014-02-04,3.27,3.27,3.16,3.17,27301,0
2014-02-05,3.11,3.17,2.81,2.97,159028,0
2014-02-06,2.92,2.98,2.91,2.95,29590,0
2014-02-07,2.94,2.95,2.91,2.93,13163,0
2014-02-10,3.0,3.14,2.98,3.14,48702,0
2014-02-11,3.16,3.16,3.07,3.15,49377,0
2014-02-12,3.15,3.15,3.09,3.1,10601,0
2014-02-13,3.01,3.01,2.55,2.62,207572,0
2014-02-14,2.66,2.74,2.62,2.695,72466,0
2014-02-18,2.75,2.86,2.7334,2.86,131058,0
2014-02-19,2.9,2.95,2.8772,2.94,54385,0
2014-02-20,2.94,2.94,2.88,2.9,23715,0
2014-02-21,2.9,2.91,2.9,2.9058,39542,0
2014-02-24,2.91,2.99,2.88,2.88,67033,0
2014-02-25,2.96,2.96,2.9,2.9138,31653,0
2014-02-26,2.949,2.95,2.8,2.8001,75060,0
2014-02-27,2.81,2.85,2.8,2.85,28215,0
2014-02-28,2.83,2.85,2.8106,2.83,18347,0
2014-03-03,2.92,3.061,2.88,3.06,194358,0
2014-03-04,2.95,3.17,2.93,3.15,136836,0
2014-03-05,3.15,3.15,2.97,3.0956,37372,0
2014-03-06,3.11,3.11,3.05,3.1,32689,0
2014-03-07,3.1,3.11,3.08,3.11,33293,0
2014-03-10,3.1,3.15,3.08,3.13,98471,0
2014-03-11,3.14,3.14,3.06,3.06,37948,0
2014-03-12,3.1,3.1,3.02,3.04,19181,0
2014-03-13,3.07,3.07,3.02,3.05,9118,0
2014-03-14,3.0,3.0294,2.871,2.96,14318,0
2014-03-17,3.09,3.14,2.92,3.13,129791,0
2014-03-18,3.14,3.1614,3.06,3.121,77016,0
2014-03-19,3.14,3.2,3.09,3.14,33768,0
2014-03-20,3.13,3.15,3.11,3.14,15451,0
2014-03-21,3.14,3.14,3.1,3.14,14865,0
2014-03-24,3.17,3.26,3.13,3.15,102668,0
2014-03-25,3.15,3.23,3.13,3.18,10827,0
2014-03-26,3.21,3.23,3.15,3.16,9300,0
2014-03-27,3.13,3.2,3.1,3.1,20561,0
2014-03-28,3.15,3.1891,3.1001,3.1699,14741,0
2014-03-31,3.21,3.32,3.17,3.32,63284,0
2014-04-01,3.32,3.4296,3.25,3.4,49943,0
2014-04-02,3.4,3.49,3.311,3.3753,70372,0
2014-04-03,3.35,3.365,3.19,3.21,22362,0
2014-04-04,3.2,3.2,3.03,3.0901,46408,0
2014-04-07,3.08,3.15,3.02,3.08,15313,0
2014-04-08,3.1,3.2899,3.1,3.2297,52410,0
2014-04-09,3.15,3.31,3.1364,3.22,31760,0
2014-04-10,3.23,3.23,3.17,3.2,17003,0
2014-04-11,3.2,3.2,3.1601,3.2,2615,0
2014-04-14,3.16,3.55,3.16,3.33,80657,0
2014-04-15,3.37,3.37,3.17,3.31,23181,0
2014-04-16,3.39,3.5,3.32,3.4,112540,0
2014-04-17,3.41,3.45,3.35,3.38,53836,0
2014-04-21,3.4,3.42,3.38,3.4,48666,0
2014-04-22,3.46,3.46,3.36,3.36,46884,0
2014-04-23,3.4199,3.43,3.3757,3.41,28176,0
2014-04-24,3.43,3.43,3.3501,3.4,15465,0
2014-04-25,3.43,3.43,3.35,3.36,35415,0
2014-04-28,3.4199,3.4299,3.34,3.37,36554,0
2014-04-29,3.3,3.4099,3.3,3.33,24127,0
2014-04-30,3.35,3.37,3.35,3.3501,31898,0
2014-05-01,3.35,3.43,3.25,3.25,28772,0
2014-05-02,3.27,3.35,3.25,3.25,34679,0
2014-05-05,3.3,3.34,3.25,3.34,43454,0
2014-05-06,3.27,3.301,3.17,3.205,55892,0
2014-05-07,3.17,3.23,3.16,3.16,22200,0
2014-05-08,3.12,3.1799,3.08,3.08,25802,0
2014-05-09,3.1,3.105,2.78,2.84,129271,0
2014-05-12,2.84,2.8648,2.7,2.71,96088,0
2014-05-13,2.7,2.82,2.69,2.76,65779,0
2014-05-14,2.78,2.78,2.65,2.66,17395,0
2014-05-15,2.61,2.65,2.55,2.55,49436,0
2014-05-16,2.55,2.7,2.55,2.63,53033,0
2014-05-19,2.57,2.66,2.55,2.57,51355,0
2014-05-20,2.59,2.67,2.58,2.65,27403,0
2014-05-21,2.71,2.76,2.65,2.74,34758,0
2014-05-22,2.76,2.83,2.62,2.7,25174,0
2014-05-23,2.7,2.79,2.69,2.69,8053,0
2014-05-27,2.76,2.83,2.66,2.75,54685,0
2014-05-28,2.69,2.69,2.57,2.58,27561,0
2014-05-29,2.6,2.71,2.56,2.7,48018,0
2014-05-30,2.65,2.7,2.59,2.63,32725,0
2014-06-02,2.72,3.13,2.72,3.0,216715,0
2014-06-03,2.91,3.06,2.9,2.92,68951,0
2014-06-04,2.99,3.03,2.94,2.96,36472,0
2014-06-05,2.96,2.98,2.82,2.97,35623,0
2014-06-06,2.86,2.9088,2.79,2.79,10853,0
2014-06-09,2.8,2.83,2.66,2.77,48948,0
2014-06-10,2.79,2.8,2.73,2.78,9500,0
2014-06-11,2.8,2.8,2.65,2.72,11589,0
2014-06-12,2.73,2.79,2.72,2.74,4672,0
2014-06-13,2.76,2.8,2.7201,2.7846,28954,0
2014-06-16,2.81,2.9499,2.81,2.9,26443,0
2014-06-17,2.96,3.08,2.95,3.05,40644,0
2014-06-18,3.1,3.1,3.04,3.06,23145,0
2014-06-19,3.06,3.07,2.88,2.91,16269,0
2014-06-20,2.89,2.93,2.72,2.93,13228,0
2014-06-23,2.99,3.0,2.88,2.88,25510,0
2014-06-24,2.88,2.91,2.77,2.89,38541,0
2014-06-25,2.9,2.9,2.8201,2.83,13863,0
2014-06-26,2.83,2.83,2.8,2.8,15745,0
2014-06-27,2.79,2.79,2.75,2.77,18867,0
2014-06-30,2.72,2.78,2.7,2.755,53888,0
2014-07-01,2.7,2.8,2.66,2.73,52163,0
2014-07-02,2.65,2.71,2.58,2.64,101400,0
2014-07-03,2.63,2.77,2.58,2.74,70361,0
2014-07-07,2.7,2.75,2.56,2.6299,36182,0
2014-07-08,2.63,2.64,2.5634,2.59,11587,0
2014-07-09,2.55,2.61,2.55,2.61,18005,0
2014-07-10,2.58,2.62,2.58,2.62,17746,0
2014-07-11,2.61,2.61,2.59,2.61,6301,0
2014-07-14,2.6,2.6,2.56,2.57,26933,0
2014-07-15,2.56,2.575,2.55,2.55,31711,0
2014-07-16,2.55,2.6,2.55,2.56,52131,0
2014-07-17,2.58,2.59,2.55,2.55,10253,0
2014-07-18,2.55,2.584,2.5,2.5636,30894,0
2014-07-21,2.59,2.6,2.53,2.56,23529,0
2014-07-22,2.52,2.59,2.52,2.56,5424,0
2014-07-23,2.59,2.59,2.54,2.55,13334,0
2014-07-24,2.52,2.59,2.51,2.56,6529,0
2014-07-25,2.51,2.56,2.51,2.52,20826,0
2014-07-28,2.52,2.61,2.52,2.53,43607,0
2014-07-29,2.5,2.58,2.5,2.55,11044,0
2014-07-30,2.53,2.67,2.49,2.53,157108,0
2014-07-31,2.5,2.57,2.43,2.45,55307,0
2014-08-01,2.45,2.462,2.25,2.34,115216,0
2014-08-04,2.33,2.45,2.3,2.35,48673,0
2014-08-05,2.41,2.41,2.34,2.38,13754,0
2014-08-06,2.38,2.44,2.34,2.39,18926,0
2014-08-07,2.43,2.43,2.35,2.36,7371,0
2014-08-08,2.37,2.4392,2.36,2.37,9269,0
2014-08-11,2.33,2.37,2.27,2.2999,65594,0
2014-08-12,2.46,2.5,2.41,2.45,43177,0
2014-08-13,2.45,2.462,2.33,2.33,25435,0
2014-08-14,2.33,2.4,2.31,2.33,35261,0
2014-08-15,2.33,2.343,2.32,2.33,11812,0
2014-08-18,2.33,2.46,2.31,2.36,33871,0
2014-08-19,2.32,2.4,2.29,2.34,27204,0
2014-08-20,2.4599,2.4599,2.34,2.35,9752,0
2014-08-21,2.36,2.46,2.33,2.37,52412,0
2014-08-22,2.34,2.4,2.33,2.35,33358,0
2014-08-25,2.38,2.45,2.363,2.41,6273,0
2014-08-26,2.35,2.42,2.35,2.37,5054,0
2014-08-27,2.36,2.39,2.33,2.3899,25547,0
2014-08-28,2.38,2.4,2.38,2.38,1520,0
2014-08-29,2.4,2.4,2.38,2.38,15600,0
2014-09-02,2.36,2.39,2.35,2.39,13983,0
2014-09-03,2.35,2.3701,2.32,2.36,29809,0
2014-09-04,2.32,2.35,2.28,2.35,30927,0
2014-09-05,2.35,2.37,2.34,2.36,20833,0
2014-09-08,2.38,2.38,2.32,2.33,22344,0
2014-09-09,2.35,2.37,2.33,2.33,18253,0
2014-09-10,2.35,2.35,2.3206,2.33,14356,0
2014-09-11,2.35,2.36,2.32,2.36,18776,0
2014-09-12,2.28,2.51,2.28,2.42,160363,0
2014-09-15,2.46,2.55,2.323,2.46,139305,0
2014-09-16,2.5,2.5,2.4,2.42,15592,0
2014-09-17,2.42,2.49,2.35,2.47,106663,0
2014-09-18,2.45,2.5,2.33,2.38,71560,0
2014-09-19,2.35,2.39,2.31,2.34,75594,0
2014-09-22,2.39,2.39,2.29,2.3,31644,0
2014-09-23,2.29,2.47,2.29,2.42,112126,0
2014-09-24,2.39,2.39,2.35,2.35,12774,0
2014-09-25,2.31,2.48,2.29,2.48,15263,0
2014-09-26,2.42,2.42,2.3,2.3201,18791,0
2014-09-29,2.29,2.4,2.28,2.3,26351,0
2014-09-30,2.29,2.35,2.29,2.325,19452,0
2014-10-01,2.3,2.35,2.3,2.32,16850,0
2014-10-02,2.25,2.36,2.25,2.3,56443,0
2014-10-03,2.3,2.31,2.28,2.28,10172,0
2014-10-06,2.29,2.31,2.24,2.31,94352,0
2014-10-07,2.3,2.4,2.3,2.35,39995,0
2014-10-08,2.36,2.39,2.31,2.34,39217,0
2014-10-09,2.35,2.39,2.34,2.35,28513,0
2014-10-10,2.3432,2.37,2.34,2.3699,8266,0
2014-10-13,2.35,2.36,2.27,2.3,43184,0
2014-10-14,2.28,2.36,2.2667,2.32,30596,0
2014-10-15,2.31,2.34,2.28,2.3132,112510,0
2014-10-16,2.31,2.36,2.31,2.3584,18208,0
2014-10-17,2.39,2.44,2.3599,2.43,23409,0
2014-10-20,2.42,2.47,2.42,2.44,15535,0
2014-10-21,2.47,2.5,2.45,2.48,19210,0
2014-10-22,2.38,2.45,2.38,2.45,971,0
2014-10-23,2.43,2.45,2.42,2.44,8710,0
2014-10-24,2.44,2.45,2.44,2.4401,2304,0
2014-10-27,2.45,2.45,2.42,2.42,9168,0
2014-10-28,2.42,2.43,2.38,2.41,20373,0
2014-10-29,2.32,2.43,2.32,2.41,13250,0
2014-10-30,2.4,2.4,2.39,2.4,4054,0
2014-10-31,2.366,2.41,2.35,2.4091,12410,0
2014-11-03,2.36,2.42,2.36,2.41,24420,0
2014-11-04,2.4,2.42,2.388,2.42,2464,0
2014-11-05,2.39,2.43,2.39,2.43,905,0
2014-11-06,2.4399,2.5,2.404,2.5,11302,0
2014-11-07,2.4,2.53,2.4,2.519,21126,0
2014-11-10,2.51,2.58,2.46,2.55,44899,0
2014-11-11,2.49,2.5799,2.49,2.5786,16976,0
2014-11-12,2.54,2.5501,2.54,2.5501,2446,0
2014-11-13,2.52,2.54,2.5,2.5301,3400,0
2014-11-14,2.44,2.58,2.43,2.58,24945,0
2014-11-17,2.57,2.65,2.56,2.63,28067,0
2014-11-18,2.63,2.64,2.61,2.64,6000,0
2014-11-19,2.61,2.65,2.5101,2.64,16443,0
2014-11-20,2.62,2.65,2.62,2.64,11759,0
2014-11-21,2.63,2.65,2.55,2.65,28005,0
2014-11-24,2.61,2.66,2.61,2.64,14922,0
2014-11-25,2.65,2.7,2.62,2.7,15762,0
2014-11-26,2.689,2.69,2.688,2.69,2008,0
2014-11-28,2.671,2.7,2.6601,2.6601,30477,0
2014-12-01,2.63,2.6599,2.41,2.41,38418,0
2014-12-02,2.42,2.6,2.42,2.51,12109,0
2014-12-03,2.48,2.551,2.48,2.551,1998,0
2014-12-04,2.55,2.59,2.55,2.5668,5940,0
2014-12-05,2.57,2.57,2.4801,2.55,7433,0
2014-12-08,2.55,2.55,2.48,2.55,17326,0
2014-12-09,2.57,2.6499,2.57,2.63,11680,0
2014-12-10,2.6,2.66,2.52,2.52,26593,0
2014-12-11,2.59,2.6299,2.56,2.56,10022,0
2014-12-12,2.5,2.54,2.49,2.54,23441,0
2014-12-15,2.49,2.57,2.4701,2.54,19618,0
2014-12-16,2.52,2.55,2.5,2.54,8702,0
2014-12-17,2.551,2.5901,2.54,2.54,3709,0
2014-12-18,2.55,2.5999,2.53,2.54,12906,0
2014-12-19,2.56,2.58,2.498,2.58,8798,0
2014-12-22,2.57,2.57,2.47,2.49,45381,0
2014-12-23,2.47,2.5,2.41,2.5,22108,0
2014-12-24,2.5,2.5,2.43,2.49,14706,0
2014-12-26,2.48,2.5,2.45,2.47,6925,0
2014-12-29,2.42,2.47,2.41,2.42,24939,0
2014-12-30,2.45,2.46,2.41,2.44,30361,0
2014-12-31,2.42,2.47,2.42,2.44,38062,0
2015-01-02,2.4,2.46,2.34,2.4,59634,0
2015-01-05,2.4,2.45,2.37,2.37,29131,0
2015-01-06,2.37,2.4,2.37,2.3799,15240,0
2015-01-07,2.3999,2.4,2.36,2.399,16790,0
2015-01-08,2.38,2.4,2.37,2.39,4736,0
2015-01-09,2.36,2.47,2.36,2.46,9430,0
2015-01-12,2.4,2.45,2.37,2.4,12055,0
2015-01-13,2.38,2.41,2.38,2.41,4719,0
2015-01-14,2.4,2.4,2.35,2.39,14188,0
2015-01-15,2.37,2.4,2.36,2.4,4516,0
2015-01-16,2.39,2.4,2.35,2.38,50733,0
2015-01-20,2.351,2.37,2.3499,2.3671,18498,0
2015-01-21,2.32,2.44,2.32,2.365,31997,0
2015-01-22,2.38,2.39,2.33,2.33,15279,0
2015-01-23,2.35,2.4017,2.34,2.38,19936,0
2015-01-26,2.33,2.38,2.33,2.35,16047,0
2015-01-27,2.35,2.37,2.3469,2.35,2720,0
2015-01-28,2.331,2.38,2.32,2.35,23050,0
2015-01-29,2.35,2.36,2.32,2.33,30150,0
2015-01-30,2.328,2.328,2.31,2.3101,19379,0
2015-02-02,2.31,2.31,2.18,2.29,45589,0
2015-02-03,2.2999,2.35,2.2999,2.3,23672,0
2015-02-04,2.34,2.35,2.31,2.35,5141,0
2015-02-05,2.28,2.3147,2.28,2.31,5432,0
2015-02-06,2.31,2.31,2.26,2.3,54515,0
2015-02-09,2.3,2.3768,2.29,2.3768,32489,0
2015-02-10,2.39,2.49,2.38,2.46,88297,0
2015-02-11,2.46,2.4699,2.38,2.4699,17566,0
2015-02-12,2.43,2.46,2.4,2.45,11448,0
2015-02-13,2.3901,2.46,2.3901,2.44,7877,0
2015-02-17,2.38,2.42,2.38,2.41,14964,0
2015-02-18,2.43,2.43,2.37,2.39,7452,0
2015-02-19,2.3801,2.47,2.3801,2.43,76250,0
2015-02-20,2.4,2.46,2.4,2.4568,3521,0
2015-02-23,2.41,2.43,2.401,2.43,10334,0
2015-02-24,2.39,2.45,2.39,2.41,3192,0
2015-02-25,2.4,2.42,2.35,2.38,5912,0
2015-02-26,2.37,2.42,2.37,2.39,887,0
2015-02-27,2.3741,2.42,2.3741,2.42,400,0
2015-03-02,2.38,2.46,2.37,2.42,36200,0
2015-03-03,2.35,2.37,2.3,2.33,54200,0
2015-03-04,2.35,2.37,2.3,2.35,11000,0
2015-03-05,2.33,2.37,2.33,2.36,11700,0
2015-03-06,2.31,2.37,2.31,2.35,4700,0
2015-03-09,2.33,2.35,2.32,2.34,4600,0
2015-03-10,2.32,2.37,2.32,2.34,5500,0
2015-03-11,2.31,2.37,2.29,2.3,28500,0
2015-03-12,2.34,2.34,2.3,2.3,600,0
2015-03-13,2.3,2.32,2.3,2.32,1800,0
2015-03-16,2.28,2.35,2.28,2.34,12300,0
2015-03-17,2.33,2.34,2.31,2.32,8500,0
2015-03-19,2.32,2.34,2.32,2.33,7200,0
2015-03-20,2.34,2.35,2.34,2.34,7800,0
2015-03-23,2.3,2.34,2.3,2.33,15400,0
2015-03-24,2.34,2.38,2.32,2.38,16600,0
2015-03-26,2.37,2.38,2.37,2.37,15900,0
2015-03-27,2.37,2.39,2.37,2.38,17100,0
2015-03-30,2.37,2.37,2.37,2.37,1500,0
2015-03-31,2.39,2.39,2.32,2.35,23595,0
2015-04-01,2.34,2.36,2.34,2.36,3600,0
2015-04-02,2.36,2.37,2.36,2.36,3400,0
2015-04-06,2.36,2.38,2.36,2.38,2200,0
2015-04-07,2.3699,2.38,2.33,2.3501,14877,0
2015-04-08,2.35,2.36,2.32,2.34,13400,0
2015-04-09,2.35,2.36,2.32,2.34,1496,0
2015-04-10,2.33,2.4,2.33,2.4,80700,0
2015-04-13,2.35,2.45,2.35,2.45,38800,0
2015-04-14,2.44,2.46,2.35,2.46,10700,0
2015-04-15,2.4,2.44,2.3401,2.38,4185,0
2015-04-16,2.36,2.45,2.36,2.41,5858,0
2015-04-17,2.36,2.36,2.36,2.36,300,0
2015-04-20,2.41,2.41,2.409,2.41,1331,0
2015-04-21,2.38,2.426,2.38,2.4,6383,0
2015-04-22,2.42,2.43,2.399,2.42,3250,0
2015-04-23,2.35,2.44,2.34,2.42,4900,0
2015-04-24,2.4,2.4032,2.39,2.39,5117,0
2015-04-27,2.42,2.44,2.37,2.42,17300,0
2015-04-28,2.43,2.46,2.4001,2.45,28224,0
2015-04-29,2.42,2.49,2.42,2.45,27300,0
2015-04-30,2.47,2.47,2.41,2.46,2600,0
2015-05-01,2.41,2.48,2.37,2.41,19800,0
2015-05-04,2.38,2.43,2.38,2.41,2400,0
2015-05-05,2.41,2.43,2.39,2.4,13800,0
2015-05-06,2.39,2.4,2.39,2.39,3344,0
2015-05-07,2.36,2.4232,2.36,2.41,3354,0
2015-05-08,2.41,2.41,2.41,2.41,300,0
2015-05-11,2.4,2.49,2.39,2.4,21500,0
2015-05-12,2.34,2.36,2.27,2.34,41309,0
2015-05-13,2.3,2.34,2.27,2.32,56730,0
2015-05-14,2.27,2.32,2.27,2.29,9300,0
2015-05-15,2.31,2.35,2.29,2.35,5127,0
2015-05-18,2.3,2.36,2.3,2.31,2974,0
2015-05-19,2.299,2.36,2.29,2.3404,4125,0
2015-05-20,2.3068,2.36,2.3068,2.36,6274,0
2015-05-21,2.33,2.36,2.33,2.36,800,0
2015-05-22,2.37,2.38,2.33,2.38,6500,0
2015-05-26,2.37,2.37,2.3101,2.33,7816,0
2015-05-27,2.33,2.39,2.32,2.33,8500,0
2015-05-28,2.36,2.36,2.349,2.35,1150,0
2015-05-29,2.35,2.4,2.35,2.35,4100,0
2015-06-01,2.35,2.3788,2.32,2.3788,3592,0
2015-06-02,2.326,2.38,2.326,2.35,1302,0
2015-06-03,2.33,2.34,2.31,2.33,4000,0
2015-06-04,2.35,2.35,2.35,2.35,500,0
2015-06-05,2.3,2.35,2.28,2.3,13500,0
2015-06-08,2.3,2.34,2.3,2.34,6500,0
2015-06-09,2.3299,2.35,2.3299,2.35,3278,0
2015-06-10,2.35,2.35,2.33,2.35,7178,0
2015-06-11,2.35,2.35,2.32,2.32,313,0
2015-06-12,2.35,2.35,2.31,2.35,5400,0
2015-06-15,2.31,2.32,2.3,2.32,11000,0
2015-06-16,2.34,2.36,2.33,2.36,4600,0
2015-06-17,2.32,2.35,2.32,2.35,800,0
2015-06-18,2.36,2.36,2.32,2.36,1300,0
2015-06-19,2.35,2.35,2.31,2.32,4100,0
2015-06-22,2.34,2.35,2.3,2.34,12100,0
2015-06-23,2.349,2.36,2.349,2.36,452,0
2015-06-24,2.36,2.39,2.35,2.38,9300,0
2015-06-25,2.38,2.39,2.36,2.38,20200,0
2015-06-26,2.38,2.39,2.36,2.38,800,0
2015-06-29,2.38,2.4,2.35,2.37,31200,0
2015-06-30,2.36,2.4,2.33,2.33,1649,0
2015-07-01,2.33,2.35,2.32,2.33,6900,0
2015-07-02,2.38,2.38,2.3,2.3,7100,0
2015-07-06,2.3,2.38,2.29,2.3,5000,0
2015-07-07,2.37,2.37,2.29,2.29,5200,0
2015-07-08,2.3,2.3,2.27,2.27,6700,0
2015-07-09,2.27,2.37,2.27,2.28,5600,0
2015-07-10,2.34,2.37,2.22,2.24,58200,0
2015-07-13,2.25,2.29,2.23,2.25,22700,0
2015-07-14,2.24,2.2799,2.2399,2.24,980,0
2015-07-15,2.24,2.25,2.2288,2.25,5316,0
2015-07-16,2.25,2.26,2.24,2.26,5200,0
2015-07-17,2.3,2.3,2.21,2.29,25400,0
2015-07-20,2.24,2.27,2.23,2.25,6700,0
2015-07-21,2.24,2.3,2.24,2.3,7800,0
2015-07-22,2.26,2.28,2.25,2.28,1900,0
2015-07-23,2.29,2.3,2.29,2.3,200,0
2015-07-24,2.24,2.29,2.24,2.29,3000,0
2015-07-27,2.3,2.3,2.23,2.27,19400,0
2015-07-28,2.25,2.27,2.23,2.23,4600,0
2015-07-29,2.28,2.28,2.27,2.28,1000,0
2015-07-30,2.23,2.27,2.23,2.27,1900,0
2015-07-31,2.24,2.29,2.24,2.28,1300,0
2015-08-03,2.28,2.28,2.24,2.2401,12608,0
2015-08-04,2.27,2.27,2.2,2.25,6400,0
2015-08-05,2.3,2.3,2.21,2.21,900,0
2015-08-06,2.2954,2.2954,2.21,2.21,1000,0
2015-08-07,2.26,2.26,2.2,2.24,1600,0
2015-08-10,2.24,2.29,2.23,2.24,10600,0
2015-08-11,2.3,2.4,2.29,2.3801,68408,0
2015-08-12,2.4,2.4,2.37,2.4,30300,0
2015-08-13,2.37,2.37,2.37,2.37,8900,0
2015-08-14,2.33,2.39,2.33,2.39,2200,0
2015-08-17,2.39,2.39,2.25,2.32,10900,0
2015-08-18,2.32,2.38,2.25,2.34,3800,0
2015-08-19,2.31,2.39,2.31,2.39,25500,0
2015-08-20,2.39,2.39,2.32,2.32,6100,0
2015-08-21,2.3,2.32,2.25,2.3,45800,0
2015-08-24,2.26,2.28,2.26,2.27,8354,0
2015-08-25,2.34,2.38,2.27,2.32,21100,0
2015-08-26,2.37,2.37,2.25,2.3,5400,0
2015-08-27,2.35,2.37,2.33,2.35,7800,0
2015-08-28,2.38,2.38,2.3,2.3,7100,0
2015-08-31,2.31,2.4,2.31,2.36,11800,0
2015-09-01,2.32,2.4,2.32,2.39,11800,0
2015-09-02,2.4,2.4,2.32,2.38,19500,0
2015-09-03,2.31,2.39,2.31,2.39,3500,0
2015-09-04,2.33,2.39,2.33,2.38,4300,0
2015-09-08,2.39,2.39,2.32,2.36,2200,0
2015-09-09,2.34,2.38,2.33,2.35,16500,0
2015-09-10,2.3452,2.38,2.3452,2.372,1317,0
2015-09-11,2.38,2.38,2.32,2.32,4800,0
2015-09-14,2.35,2.38,2.35,2.38,3800,0
2015-09-15,2.37,2.38,2.3,2.3,9200,0
2015-09-16,2.3,2.37,2.3,2.3,11900,0
2015-09-17,2.38,2.38,2.28,2.3,5285,0
2015-09-18,2.29,2.29,2.28,2.28,1800,0
2015-09-21,2.32,2.37,2.32,2.32,10900,0
2015-09-22,2.32,2.32,2.28,2.3,2500,0
2015-09-23,2.34,2.34,2.32,2.32,270,0
2015-09-24,2.306,2.32,2.2676,2.3199,15813,0
2015-09-25,2.33,2.34,2.25,2.31,2400,0
2015-09-28,2.26,2.33,2.26,2.3,720,0
2015-09-29,2.28,2.31,2.23,2.23,33300,0
2015-09-30,2.24,2.29,2.24,2.24,600,0
2015-10-01,2.23,2.28,2.11,2.28,16500,0
2015-10-02,2.19,2.28,2.19,2.24,800,0
2015-10-05,2.19,2.35,2.19,2.26,6290,0
2015-10-06,2.34,2.34,2.25,2.26,11400,0
2015-10-07,2.34,2.34,2.2,2.2,3078,0
2015-10-08,2.22,2.25,2.22,2.23,2600,0
2015-10-09,2.27,2.34,2.21,2.22,3800,0
2015-10-12,2.22,2.25,2.22,2.23,8292,0
2015-10-13,2.31,2.31,2.24,2.24,4100,0
2015-10-14,2.23,2.28,2.2,2.28,9600,0
2015-10-15,2.21,2.3,2.2,2.3,7000,0
2015-10-16,2.27,2.35,2.22,2.35,8300,0
2015-10-19,2.35,2.35,2.236,2.29,7208,0
2015-10-20,2.27,2.27,2.22,2.26,9500,0
2015-10-21,2.26,2.29,2.24,2.29,7800,0
2015-10-22,2.32,2.32,2.22,2.24,3300,0
2015-10-23,2.23,2.35,2.23,2.27,4800,0
2015-10-26,2.35,2.35,2.29,2.29,6800,0
2015-10-27,2.29,2.33,2.28,2.3,4200,0
2015-10-28,2.34,2.34,2.29,2.33,7900,0
2015-10-29,2.33,2.38,2.32,2.35,11300,0
2015-10-30,2.38,2.38,2.31,2.31,4800,0
2015-11-02,2.31,2.36,2.3,2.3072,5456,0
2015-11-03,2.38,2.38,2.31,2.35,12103,0
2015-11-04,2.31,2.36,2.3,2.36,7280,0
2015-11-05,2.36,2.36,2.3,2.3,5500,0
2015-11-06,2.31,2.31,2.28,2.3,4400,0
2015-11-09,2.32,2.33,2.29,2.33,3210,0
2015-11-10,2.29,2.33,2.29,2.33,3500,0
2015-11-11,2.31,2.31,2.3,2.3,1900,0
2015-11-12,2.3,2.3,2.3,2.3,500,0
2015-11-13,2.34,2.34,2.29,2.29,2000,0
2015-11-16,2.31,2.31,2.31,2.31,4900,0
2015-11-17,2.29,2.29,2.28,2.28,2900,0
2015-11-18,2.3,2.3,2.29,2.29,600,0
2015-11-19,2.27,2.27,2.25,2.27,9900,0
2015-11-20,2.27,2.27,2.27,2.27,1000,0
2015-11-23,2.26,2.26,2.22,2.22,5500,0
2015-11-24,2.22,2.32,2.22,2.29,14600,0
2015-11-25,2.32,2.32,2.3,2.3,1700,0
2015-11-27,2.3,2.34,2.3,2.3,3400,0
2015-11-30,2.22,2.35,2.22,2.34,5100,0
2015-12-01,2.29,2.3,2.25,2.25,6343,0
2015-12-02,2.24,2.3,2.24,2.25,2204,0
2015-12-04,2.25,2.31,2.25,2.28,1000,0
2015-12-07,2.33,2.38,2.2,2.27,38000,0
2015-12-08,2.2,2.22,2.2,2.22,3424,0
2015-12-09,2.21,2.22,2.21,2.22,600,0
2015-12-10,2.24,2.24,2.15,2.22,14100,0
2015-12-11,2.11,2.23,2.11,2.17,5700,0
2015-12-14,2.21,2.246,2.16,2.2399,12786,0
2015-12-15,2.07,2.07,1.3,1.78,160200,0
2015-12-16,1.87,1.87,1.81,1.86,54800,0
2015-12-17,1.88,1.88,1.82,1.82,16300,0
2015-12-18,1.86,1.86,1.81,1.86,17400,0
2015-12-21,1.81,1.86,1.8,1.81,24900,0
2015-12-22,1.85,1.85,1.8,1.83,22579,0
2015-12-23,1.83,1.86,1.8,1.8,37100,0
2015-12-24,1.83,1.85,1.8,1.82,24868,0
2015-12-28,1.84,1.84,1.8,1.8,31027,0
2015-12-29,1.8,1.83,1.79,1.83,16365,0
2015-12-30,1.82,1.82,1.79,1.8099,6502,0
2015-12-31,1.8001,1.82,1.78,1.81,22102,0
2016-01-04,1.77,1.8034,1.75,1.8034,13653,0
2016-01-05,1.8089,1.8089,1.7332,1.7489,10246,0
2016-01-06,1.75,1.7501,1.73,1.7301,10118,0
2016-01-07,1.71,1.77,1.71,1.71,16525,0
2016-01-08,1.71,1.7599,1.71,1.71,15689,0
2016-01-11,1.76,1.76,1.72,1.72,4635,0
2016-01-12,1.75,1.76,1.72,1.72,6151,0
2016-01-13,1.72,1.7501,1.72,1.73,11998,0
2016-01-14,1.75,1.83,1.75,1.83,826,0
2016-01-15,1.83,1.83,1.8114,1.83,1645,0
2016-01-19,1.84,1.86,1.75,1.75,15700,0
2016-01-20,1.75,1.75,1.72,1.726,7540,0
2016-01-21,1.73,1.73,1.7132,1.7132,1805,0
2016-01-22,1.72,1.73,1.71,1.73,4883,0
2016-01-25,1.735,1.78,1.72,1.77,8096,0
2016-01-26,1.73,1.86,1.72,1.86,1459,0
2016-01-27,1.86,1.86,1.82,1.83,2155,0
2016-01-28,1.82,1.823,1.761,1.761,4195,0
2016-01-29,1.75,1.82,1.75,1.75,3296,0
2016-02-01,1.82,1.82,1.77,1.77,1488,0
2016-02-02,1.83,1.83,1.75,1.76,1218,0
2016-02-03,1.78,1.79,1.7674,1.78,3257,0
2016-02-04,1.81,1.81,1.78,1.78,4353,0
2016-02-05,1.81,1.81,1.8,1.8,5745,0
2016-02-08,1.8382,1.8382,1.72,1.72,8792,0
2016-02-09,1.73,1.84,1.7,1.7,8781,0
2016-02-10,1.73,1.73,1.57,1.6,60472,0
2016-02-11,1.602,1.68,1.602,1.67,3200,0
2016-02-12,1.67,1.69,1.64,1.64,4905,0
2016-02-16,1.65,1.69,1.65,1.68,9548,0
2016-02-17,1.7,1.7,1.68,1.68,19370,0
2016-02-18,1.69,1.69,1.6432,1.6432,28661,0
2016-02-19,1.656,1.66,1.64,1.64,1876,0
2016-02-22,1.64,1.66,1.64,1.65,3060,0
2016-02-23,1.66,1.66,1.65,1.65,2100,0
2016-02-24,1.66,1.66,1.654,1.66,4822,0
2016-02-25,1.66,1.66,1.6599,1.66,8600,0
2016-02-26,1.66,1.66,1.65,1.65,5565,0
2016-02-29,1.65,1.81,1.59,1.6,160056,0
2016-03-01,1.6601,1.72,1.65,1.69,6580,0
2016-03-02,1.7,1.72,1.63,1.67,1500,0
2016-03-03,1.78,1.78,1.63,1.63,3179,0
2016-03-04,1.7,1.72,1.64,1.71,14958,0
2016-03-07,1.78,1.79,1.69,1.77,2813,0
2016-03-08,1.77,1.78,1.72,1.73,26792,0
2016-03-09,1.7487,1.77,1.74,1.75,1010,0
2016-03-10,1.77,1.925,1.77,1.84,81734,0
2016-03-11,1.85,2.0,1.85,1.92,8315,0
2016-03-14,1.89,1.98,1.87,1.87,6221,0
2016-03-15,1.9799,1.9799,1.84,1.86,4356,0
2016-03-16,1.96,1.96,1.88,1.95,4137,0
2016-03-17,1.98,1.99,1.89,1.98,8865,0
2016-03-18,1.98,2.07,1.95,2.07,9624,0
2016-03-21,2.05,2.05,1.94,1.94,11378,0
2016-03-22,1.97,1.97,1.93,1.97,7423,0
2016-03-23,1.97,1.97,1.93,1.96,7180,0
2016-03-24,1.93,1.97,1.93,1.94,2290,0
2016-03-28,1.93,1.94,1.86,1.8701,15375,0
2016-03-29,1.87,1.94,1.8699,1.9,2020,0
2016-03-30,1.87,1.89,1.87,1.89,1640,0
2016-03-31,1.9,1.9,1.9,1.9,327,0
2016-04-01,1.8785,1.9,1.86,1.87,10166,0
2016-04-04,1.85,1.9,1.848,1.89,19972,0
2016-04-05,1.9,1.9,1.86,1.8765,1111,0
2016-04-06,1.86,1.86,1.82,1.85,16583,0
2016-04-07,1.8313,1.8313,1.8176,1.819,15057,0
2016-04-08,1.8301,1.85,1.82,1.8497,17610,0
2016-04-11,1.85,1.85,1.8,1.84,22878,0
2016-04-12,1.83,1.8701,1.83,1.87,12719,0
2016-04-13,1.87,1.89,1.86,1.86,595,0
2016-04-14,1.8699,1.8789,1.8699,1.8789,800,0
2016-04-15,1.89,1.89,1.86,1.86,1575,0
2016-04-18,1.8599,1.86,1.83,1.83,8659,0
2016-04-19,1.83,1.88,1.8211,1.8211,8573,0
2016-04-20,1.8111,1.89,1.8111,1.89,2200,0
2016-04-21,1.89,1.89,1.8,1.8,12733,0
2016-04-22,1.85,1.8595,1.76,1.76,10924,0
2016-04-25,1.79,1.86,1.78,1.86,582,0
2016-04-26,1.8,1.87,1.8,1.87,1037,0
2016-04-27,1.82,1.86,1.8101,1.84,3601,0
2016-04-28,1.87,1.87,1.8685,1.869,700,0
2016-04-29,1.82,1.8201,1.8,1.8,962,0
2016-05-02,1.82,1.86,1.8,1.81,1786,0
2016-05-03,1.8696,1.8696,1.85,1.8568,4261,0
2016-05-04,1.85,1.87,1.81,1.81,7015,0
2016-05-05,1.81,1.84,1.81,1.84,2800,0
2016-05-06,1.7901,1.87,1.75,1.75,21870,0
2016-05-09,1.8,1.84,1.772,1.798,2360,0
2016-05-10,1.75,1.83,1.73,1.75,39506,0
2016-05-11,1.75,1.83,1.74,1.75,3410,0
2016-05-12,1.73,1.85,1.68,1.7,30054,0
2016-05-13,1.72,1.75,1.72,1.75,300,0
2016-05-16,1.75,1.78,1.75,1.75,2071,0
2016-05-17,1.83,1.83,1.7201,1.75,4745,0
2016-05-18,1.84,1.84,1.7601,1.81,8586,0
2016-05-19,1.7501,1.7799,1.75,1.7699,6876,0
2016-05-20,1.75,1.7799,1.68,1.68,14784,0
2016-05-23,1.67,1.75,1.67,1.68,18363,0
2016-05-24,1.69,1.75,1.68,1.68,2223,0
2016-05-25,1.67,1.732,1.67,1.7099,2562,0
2016-05-26,1.734,1.734,1.69,1.73,1900,0
2016-05-27,2.04,2.04,1.72,1.72,22440,0
2016-05-31,1.7396,1.7396,1.7396,1.7396,390,0
2016-06-01,1.73,1.8073,1.7,1.78,40166,0
2016-06-02,1.85,1.99,1.771,1.7989,5121,0
2016-06-03,1.75,1.94,1.75,1.77,2648,0
2016-06-06,1.8,1.811,1.78,1.79,9152,0
2016-06-07,1.75,1.8,1.75,1.79,15848,0
2016-06-08,1.8,1.88,1.76,1.85,22124,0
2016-06-09,1.85,1.85,1.81,1.815,17752,0
2016-06-10,1.8,1.81,1.8,1.81,5911,0
2016-06-13,1.75,1.84,1.75,1.83,6899,0
2016-06-14,1.85,1.85,1.84,1.84,5466,0
2016-06-15,1.78,1.83,1.76,1.82,6205,0
2016-06-16,1.81,1.86,1.7845,1.8392,5100,0
2016-06-17,1.8,1.81,1.781,1.8,2764,0
2016-06-20,1.84,1.84,1.8099,1.8099,6383,0
2016-06-21,1.78,1.79,1.78,1.79,720,0
2016-06-22,1.79,1.81,1.79,1.7973,2801,0
2016-06-23,1.8,1.83,1.79,1.79,4508,0
2016-06-24,1.79,1.8,1.765,1.77,15201,0
2016-06-27,1.785,1.8,1.77,1.78,6845,0
2016-06-28,1.75,1.8,1.75,1.79,7587,0
2016-06-29,1.77,1.8,1.77,1.78,701,0
2016-06-30,1.8,1.8,1.77,1.77,754,0
2016-07-01,1.78,1.8,1.78,1.8,964,0
2016-07-05,1.8,1.8,1.8,1.8,1150,0
2016-07-06,1.8,1.8,1.78,1.785,3342,0
2016-07-07,1.8,1.8,1.8,1.8,100,0
2016-07-08,1.7899,1.814,1.7899,1.814,24269,0
2016-07-11,1.83,1.83,1.8212,1.8215,2800,0
2016-07-12,1.8,1.8211,1.8,1.8001,10054,0
2016-07-13,1.8211,1.85,1.8211,1.8254,3175,0
2016-07-14,1.82,1.89,1.8052,1.8766,104965,0
2016-07-15,1.8901,1.9101,1.89,1.91,10178,0
2016-07-18,1.9,1.9,1.83,1.83,20147,0
2016-07-19,1.8301,1.86,1.8,1.84,2066,0
2016-07-20,1.83,1.85,1.81,1.83,2272,0
2016-07-21,1.8078,1.87,1.8,1.83,16236,0
2016-07-22,1.85,1.8547,1.85,1.8547,1000,0
2016-07-25,1.88,1.9,1.88,1.9,15043,0
2016-07-26,1.9,1.91,1.9,1.91,309,0
2016-07-27,1.91,2.31,1.9,1.96,189456,0
2016-07-28,1.95,2.05,1.95,1.98,20723,0
2016-07-29,2.0853,2.09,1.95,1.98,2025,0
2016-08-01,2.08,2.08,1.9,1.98,5672,0
2016-08-02,1.98,2.04,1.9201,1.9201,7194,0
2016-08-03,1.895,2.0,1.895,2.0,3012,0
2016-08-04,1.92,2.02,1.9,2.02,11854,0
2016-08-05,1.9,1.97,1.9,1.91,4263,0
2016-08-08,1.89,1.9,1.83,1.84,25607,0
2016-08-09,1.85,1.85,1.73,1.75,48907,0
2016-08-10,1.76,1.85,1.75,1.8099,11120,0
2016-08-11,1.8544,1.88,1.81,1.81,1493,0
2016-08-12,1.7994,1.8699,1.78,1.78,3203,0
2016-08-15,1.779,1.8,1.77,1.79,14845,0
2016-08-16,1.78,1.8,1.7701,1.7948,13406,0
2016-08-17,1.8,1.8,1.7954,1.8,6649,0
2016-08-18,1.8,1.8206,1.8,1.8194,8862,0
2016-08-19,1.83,1.8599,1.8,1.8,21575,0
2016-08-22,1.83,1.85,1.78,1.81,28485,0
2016-08-23,1.81,1.86,1.8,1.8107,35521,0
2016-08-24,1.82,1.82,1.8,1.81,4051,0
2016-08-25,1.8199,1.9,1.8199,1.86,14190,0
2016-08-26,1.84,2.0,1.84,1.9337,27871,0
2016-08-29,1.98,2.1,1.97,1.98,48645,0
2016-08-30,1.97,2.06,1.97,2.06,750,0
2016-08-31,1.98,2.0,1.9223,1.97,17894,0
2016-09-01,2.0,2.02,2.0,2.01,1000,0
2016-09-02,2.02,2.02,1.95,1.96,6139,0
2016-09-06,1.97,2.0,1.906,1.93,19050,0
2016-09-07,1.96,2.05,1.9,1.92,4347,0
2016-09-08,1.87,1.95,1.87,1.95,9155,0
2016-09-09,1.92,2.01,1.85,1.85,23637,0
2016-09-12,1.89,2.0,1.86,1.86,7929,0
2016-09-13,1.85,1.97,1.85,1.85,3430,0
2016-09-14,1.84,1.89,1.84,1.85,4350,0
2016-09-15,1.83,1.8899,1.809,1.81,11464,0
2016-09-16,1.79,1.85,1.7,1.7,75706,0
2016-09-19,1.7,1.78,1.7,1.72,7702,0
2016-09-20,1.79,1.92,1.79,1.82,174444,0
2016-09-21,1.79,1.79,1.73,1.79,6300,0
2016-09-22,1.8,1.82,1.8,1.81,5152,0
2016-09-23,1.81,1.85,1.76,1.8,13993,0
2016-09-26,1.77,1.81,1.73,1.73,21993,0
2016-09-27,1.77,1.7999,1.7501,1.76,11697,0
2016-09-28,1.78,1.78,1.73,1.74,2070,0
2016-09-29,1.7464,1.77,1.74,1.75,6576,0
2016-10-03,1.76,1.7654,1.7,1.7556,10334,0
2016-10-04,1.74,1.74,1.72,1.72,1130,0
2016-10-05,1.72,1.741,1.72,1.731,1600,0
2016-10-06,1.75,1.88,1.74,1.7655,18158,0
2016-10-07,1.82,1.8799,1.82,1.86,2202,0
2016-10-10,1.83,1.85,1.7711,1.85,1939,0
2016-10-11,1.82,1.82,1.7701,1.8199,2751,0
2016-10-12,1.792,1.792,1.77,1.79,1785,0
2016-10-13,1.84,1.85,1.78,1.78,2221,0
2016-10-14,1.77,1.78,1.7553,1.76,5303,0
2016-10-17,1.78,1.78,1.72,1.76,5974,0
2016-10-18,1.74,1.82,1.72,1.82,800,0
2016-10-19,1.8182,1.9387,1.8182,1.9,53797,0
2016-10-20,1.91,1.91,1.9,1.9,2600,0
2016-10-21,1.8974,1.91,1.8511,1.89,10649,0
2016-10-24,1.8434,1.89,1.8301,1.8564,7667,0
2016-10-25,1.865,1.89,1.81,1.83,17313,0
2016-10-26,1.85,1.89,1.85,1.8762,994,0
2016-10-27,1.86,1.87,1.86,1.87,2953,0
2016-10-28,1.8575,1.86,1.85,1.86,2138,0
2016-10-31,1.86,1.86,1.85,1.85,1364,0
2016-11-01,1.85,1.85,1.8101,1.83,3932,0
2016-11-02,1.74,1.8,1.7,1.7226,37382,0
2016-11-03,1.71,1.75,1.71,1.7236,5480,0
2016-11-04,1.736,1.76,1.72,1.75,28285,0
2016-11-07,1.7527,1.7527,1.72,1.74,6619,0
2016-11-08,1.73,1.82,1.7,1.79,42981,0
2016-11-09,1.75,1.89,1.65,1.8,113464,0
2016-11-10,1.75,1.85,1.75,1.84,16614,0
2016-11-11,1.81,1.92,1.78,1.81,113746,0
2016-11-14,1.77,1.81,1.74,1.79,7516,0
2016-11-15,1.8129,1.835,1.73,1.78,20040,0
2016-11-16,1.779,1.82,1.74,1.77,65697,0
2016-11-17,1.76,1.78,1.75,1.75,3280,0
2016-11-18,1.78,1.83,1.7,1.748,54291,0
2016-11-21,1.74,1.76,1.7278,1.75,16673,0
2016-11-22,1.75,1.8499,1.73,1.74,50477,0
2016-11-23,1.72,1.77,1.72,1.74,11483,0
2016-11-25,1.75,1.85,1.7376,1.85,6822,0
2016-11-28,1.79,1.84,1.75,1.75,53347,0
2016-11-29,1.76,1.761,1.73,1.73,20962,0
2016-11-30,1.73,1.74,1.71,1.73,32977,0
2016-12-01,1.74,1.76,1.731,1.76,6903,0
2016-12-02,1.728,1.75,1.71,1.74,7213,0
2016-12-05,1.71,1.74,1.71,1.71,27386,0
2016-12-06,1.696,1.71,1.69,1.7,35573,0
2016-12-07,1.7,1.73,1.68,1.7,38094,0
2016-12-08,1.6989,1.76,1.68,1.7,36773,0
2016-12-09,1.69,1.75,1.65,1.66,52445,0
2016-12-12,1.66,1.69,1.6,1.69,92263,0
2016-12-13,1.69,1.69,1.6,1.62,72433,0
2016-12-14,1.61,1.67,1.602,1.67,55955,0
2016-12-15,1.65,1.79,1.613,1.66,80092,0
2016-12-16,1.67,1.7,1.62,1.65,19482,0
2016-12-19,1.66,1.69,1.63,1.67,47024,0
2016-12-20,1.67,1.67,1.65,1.67,19475,0
2016-12-21,1.66,1.68,1.6542,1.66,22747,0
2016-12-22,1.651,1.68,1.6497,1.66,11010,0
2016-12-23,1.66,1.68,1.635,1.67,31463,0
2016-12-27,1.68,1.76,1.6683,1.74,17022,0
2016-12-28,1.738,1.75,1.7161,1.73,18650,0
2016-12-29,1.711,1.76,1.711,1.76,15625,0
2016-12-30,1.76,1.77,1.68,1.77,39227,0
2017-01-03,1.76,1.79,1.7,1.74,84904,0
2017-01-04,1.72,1.74,1.7,1.7,13847,0
2017-01-05,1.71,1.725,1.7,1.71,16904,0
2017-01-06,1.71,1.75,1.7067,1.7397,77416,0
2017-01-09,1.73,1.75,1.71,1.71,19276,0
2017-01-10,1.74,1.75,1.71,1.739,42479,0
2017-01-11,1.73,1.78,1.7251,1.7701,55370,0
2017-01-12,1.761,1.78,1.761,1.78,6405,0
2017-01-13,1.7724,1.82,1.7724,1.82,22560,0
2017-01-17,1.78,1.88,1.78,1.78,57808,0
2017-01-18,1.7882,1.8,1.78,1.78,3885,0
2017-01-19,1.791,1.85,1.77,1.79,20081,0
2017-01-20,1.76,1.81,1.75,1.8,14161,0
2017-01-23,1.78,1.78,1.78,1.78,212,0
2017-01-24,1.76,1.77,1.7501,1.77,4251,0
2017-01-25,1.75,1.79,1.75,1.76,9926,0
2017-01-26,1.77,1.778,1.75,1.75,5530,0
2017-01-27,1.75,1.78,1.75,1.76,3869,0
2017-01-30,1.75,1.85,1.75,1.79,47795,0
2017-01-31,1.8382,1.84,1.76,1.78,3163,0
2017-02-01,1.77,1.8,1.77,1.79,1378,0
2017-02-02,1.8311,1.8359,1.811,1.83,12761,0
2017-02-03,1.86,1.87,1.82,1.8402,12003,0
2017-02-06,1.81,1.86,1.81,1.81,6978,0
2017-02-07,1.82,1.85,1.8001,1.8255,3465,0
2017-02-08,1.82,1.82,1.82,1.82,160,0
2017-02-09,1.76,1.8395,1.76,1.83,1935,0
2017-02-10,1.8328,1.91,1.75,1.9,69479,0
2017-02-13,1.8,1.9,1.8,1.89,19423,0
2017-02-14,1.89,1.92,1.76,1.79,45299,0
2017-02-15,1.83,1.83,1.77,1.77,21507,0
2017-02-16,1.8,1.8,1.77,1.8,6254,0
2017-02-17,1.74,1.8089,1.74,1.8089,14973,0
2017-02-21,1.81,1.82,1.78,1.78,23038,0
2017-02-22,1.7885,1.8073,1.77,1.7701,5354,0
2017-02-23,1.82,1.82,1.761,1.79,23427,0
2017-02-24,1.7999,1.7999,1.76,1.78,6938,0
2017-02-27,1.78,1.81,1.76,1.81,82037,0
2017-02-28,1.8,1.83,1.79,1.79,24690,0
2017-03-01,1.83,1.83,1.79,1.81,22240,0
2017-03-02,1.79,1.86,1.79,1.8,46745,0
2017-03-03,1.83,1.88,1.8107,1.8499,40310,0
2017-03-06,1.87,1.87,1.78,1.85,11527,0
2017-03-07,1.8,1.8585,1.77,1.79,23355,0
2017-03-08,1.77,1.81,1.76,1.8,15347,0
2017-03-09,1.83,1.85,1.8001,1.81,6433,0
2017-03-10,1.82,1.83,1.78,1.82,63620,0
2017-03-13,1.8199,1.88,1.8,1.88,18487,0
2017-03-14,1.88,1.89,1.8412,1.86,16164,0
2017-03-15,1.88,1.89,1.87,1.87,76313,0
2017-03-16,1.89,1.966,1.89,1.93,63514,0
2017-03-17,1.9699,2.0,1.9201,1.94,37981,0
2017-03-20,2.0,2.05,1.95,2.01,73422,0
2017-03-21,2.04,2.05,2.0001,2.032,40592,0
2017-03-22,2.08,2.08,1.97,2.0,32629,0
2017-03-23,2.02,2.02,1.8,1.93,44638,0
2017-03-24,1.95,1.97,1.9401,1.97,14381,0
2017-03-27,1.9329,1.95,1.92,1.95,11676,0
2017-03-28,1.93,1.96,1.91,1.93,15444,0
2017-03-29,1.88,1.9,1.85,1.88,23326,0
2017-03-30,1.87,1.91,1.8651,1.91,11244,0
2017-03-31,1.93,1.93,1.8929,1.905,12979,0
2017-04-03,1.89,1.89,1.85,1.85,15093,0
2017-04-04,1.85,1.9055,1.82,1.84,19270,0
2017-04-05,1.829,1.83,1.8,1.81,28920,0
2017-04-06,1.82,1.86,1.82,1.86,4262,0
2017-04-07,1.85,1.8527,1.8,1.84,15959,0
2017-04-10,1.87,1.92,1.8436,1.87,6608,0
2017-04-11,1.89,1.89,1.84,1.84,3074,0
2017-04-12,1.83,1.85,1.8,1.8,18116,0
2017-04-13,1.8,1.88,1.8,1.8,16536,0
2017-04-17,1.81,1.8599,1.8,1.8,6365,0
2017-04-18,1.821,1.8273,1.77,1.78,5762,0
2017-04-19,1.79,1.805,1.79,1.8,12813,0
2017-04-20,1.81,1.81,1.79,1.79,6568,0
2017-04-21,1.78,1.7989,1.76,1.79,7457,0
2017-04-24,1.875,1.875,1.7737,1.79,4577,0
2017-04-25,1.77,1.81,1.73,1.7799,32027,0
2017-04-26,1.8,1.81,1.78,1.79,22311,0
2017-04-27,1.78,1.805,1.7796,1.8,7929,0
2017-04-28,1.78,1.8093,1.78,1.7999,1492,0
2017-05-01,1.8,1.8,1.75,1.7699,20185,0
2017-05-02,1.78,1.7999,1.78,1.79,6854,0
2017-05-03,1.79,1.79,1.78,1.79,1725,0
2017-05-04,1.7886,1.81,1.77,1.7859,4065,0
2017-05-05,1.8,1.81,1.7999,1.7999,5930,0
2017-05-08,1.8,1.81,1.79,1.79,14079,0
2017-05-09,1.8,1.8,1.77,1.78,3033,0
2017-05-10,1.77,1.77,1.7637,1.7691,14412,0
2017-05-11,1.7648,1.77,1.7648,1.77,1545,0
2017-05-12,1.77,1.7857,1.77,1.77,23002,0
2017-05-15,1.76,1.77,1.72,1.75,33005,0
2017-05-16,1.7318,1.75,1.73,1.74,11992,0
2017-05-17,1.73,1.73,1.7,1.7,17619,0
2017-05-18,1.7,1.7053,1.68,1.68,4984,0
2017-05-19,1.6927,1.73,1.6899,1.72,7550,0
2017-05-22,1.7,1.7168,1.7,1.7,19581,0
2017-05-23,1.67,1.6829,1.67,1.6753,12353,0
2017-05-24,1.68,1.6895,1.68,1.68,3149,0
2017-05-25,1.68,1.68,1.65,1.6501,16932,0
2017-05-26,1.65,1.68,1.64,1.68,9263,0
2017-05-30,1.7,1.7099,1.695,1.7,4620,0
2017-05-31,1.7,1.7074,1.67,1.7,7546,0
2017-06-01,1.7,1.7279,1.65,1.68,84033,0
2017-06-02,1.65,1.69,1.65,1.6601,17441,0
2017-06-05,1.66,1.67,1.654,1.67,4716,0
2017-06-06,1.6699,1.67,1.65,1.67,47684,0
2017-06-07,1.65,1.6999,1.64,1.65,7695,0
2017-06-08,1.659,1.659,1.64,1.6491,15188,0
2017-06-09,1.6448,1.7,1.64,1.64,28056,0
2017-06-12,1.64,1.68,1.64,1.6583,7364,0
2017-06-13,1.65,1.66,1.64,1.64,1281,0
2017-06-14,1.6488,1.7,1.63,1.65,28654,0
2017-06-15,1.64,1.67,1.64,1.67,1849,0
2017-06-16,1.65,1.6599,1.63,1.63,10720,0
2017-06-19,1.63,1.65,1.63,1.65,9387,0
2017-06-20,1.62,1.65,1.6,1.6,28546,0
2017-06-21,1.61,1.61,1.59,1.61,33143,0
2017-06-22,1.6,1.6052,1.58,1.58,10118,0
2017-06-23,1.59,1.61,1.58,1.61,12696,0
2017-06-26,1.61,1.61,1.5958,1.6,10717,0
2017-06-27,1.66,1.6673,1.6082,1.6082,8281,0
2017-06-28,1.66,1.69,1.62,1.62,1870,0
2017-06-29,1.62,1.63,1.61,1.61,9302,0
2017-06-30,1.61,1.6195,1.59,1.61,11137,0
2017-07-03,1.631,1.631,1.6,1.62,18190,0
2017-07-05,1.62,1.69,1.62,1.62,6683,0
2017-07-06,1.63,1.63,1.58,1.58,28734,0
2017-07-07,1.58,1.62,1.58,1.59,9381,0
2017-07-10,1.59,1.59,1.5624,1.58,22970,0
2017-07-11,1.5732,1.59,1.5701,1.58,3113,0
2017-07-12,1.5824,1.586,1.57,1.57,3251,0
2017-07-13,1.57,1.58,1.56,1.57,15097,0
2017-07-14,1.57,1.58,1.53,1.55,38674,0
2017-07-17,1.55,1.5615,1.55,1.55,3502,0
2017-07-18,1.5599,1.56,1.53,1.541,14511,0
2017-07-19,1.5333,1.5422,1.52,1.54,35126,0
2017-07-20,1.52,1.55,1.52,1.53,25081,0
2017-07-21,1.51,1.53,1.48,1.52,23264,0
2017-07-24,1.52,1.53,1.5,1.5,41516,0
2017-07-25,1.506,1.53,1.5,1.52,18449,0
2017-07-26,1.52,1.54,1.51,1.51,2991,0
2017-07-27,1.53,1.7,1.5,1.6,145254,0
2017-07-28,1.63,1.6784,1.5,1.59,107232,0
2017-07-31,1.5588,1.6069,1.52,1.5299,23876,0
2017-08-01,1.55,1.6135,1.53,1.57,14442,0
2017-08-02,1.58,1.63,1.52,1.63,10352,0
2017-08-03,1.61,1.61,1.52,1.55,12931,0
2017-08-04,1.5944,1.5944,1.53,1.5389,1952,0
2017-08-07,1.5278,1.5378,1.52,1.52,10468,0
2017-08-08,1.56,1.56,1.5124,1.56,5263,0
2017-08-09,1.53,1.53,1.51,1.51,10415,0
2017-08-10,1.5289,1.53,1.5123,1.52,4973,0
2017-08-11,1.5123,1.5201,1.51,1.51,34328,0
2017-08-14,1.51,1.5146,1.44,1.48,65122,0
2017-08-15,1.4601,1.47,1.42,1.43,31715,0
2017-08-16,1.43,1.46,1.4087,1.41,45943,0
2017-08-17,1.43,1.44,1.34,1.3789,59633,0
2017-08-18,1.37,1.44,1.351,1.44,2622,0
2017-08-21,1.44,1.44,1.36,1.4,41526,0
2017-08-22,1.37,1.38,1.363,1.38,8177,0
2017-08-23,1.36,1.3877,1.34,1.35,22124,0
2017-08-24,1.35,1.38,1.3214,1.3299,12180,0
2017-08-25,1.4,1.49,1.4,1.47,36946,0
2017-08-28,1.5,1.53,1.46,1.51,15601,0
2017-08-29,1.52,1.5411,1.52,1.5399,8008,0
2017-08-30,1.55,1.55,1.5,1.5,30987,0
2017-08-31,1.54,1.54,1.45,1.45,10358,0
2017-09-01,1.45,1.4972,1.44,1.49,5979,0
2017-09-05,1.51,1.54,1.46,1.47,11649,0
2017-09-06,1.4734,1.5093,1.43,1.43,13163,0
2017-09-07,1.42,1.5021,1.42,1.47,3870,0
2017-09-08,1.48,1.49,1.44,1.48,4324,0
2017-09-11,1.49,1.49,1.4688,1.48,17100,0
2017-09-12,1.45,1.4783,1.4101,1.42,16848,0
2017-09-13,1.4,1.46,1.4,1.43,16329,0
2017-09-14,1.44,1.45,1.41,1.43,4290,0
2017-09-15,1.45,1.45,1.4,1.4,12610,0
2017-09-18,1.41,1.455,1.4,1.4499,4447,0
2017-09-19,1.45,1.46,1.4,1.45,5172,0
2017-09-20,1.46,1.4747,1.3902,1.43,17185,0
2017-09-21,1.41,1.4499,1.4,1.42,4109,0
2017-09-22,1.41,1.46,1.41,1.45,1689,0
2017-09-25,1.45,1.46,1.42,1.42,1025,0
2017-09-26,1.42,1.42,1.4,1.4,8272,0
2017-09-27,1.42,1.4261,1.4199,1.42,10223,0
2017-09-28,1.4,1.4199,1.4,1.41,5625,0
2017-09-29,1.412,1.4149,1.3712,1.38,13690,0
2017-10-02,1.38,1.49,1.38,1.46,7430,0
2017-10-03,1.4363,1.44,1.3835,1.4,11628,0
2017-10-04,1.41,1.5,1.41,1.4799,23815,0
2017-10-05,1.46,1.5,1.41,1.45,24569,0
2017-10-06,1.41,1.47,1.41,1.47,3255,0
2017-10-09,1.46,1.48,1.46,1.4797,5408,0
2017-10-10,1.49,1.499,1.47,1.4899,22964,0
2017-10-11,1.47,1.55,1.47,1.52,27594,0
2017-10-12,1.54,1.54,1.5,1.5,11561,0
2017-10-13,1.5,1.53,1.5,1.5199,5048,0
2017-10-16,1.53,1.54,1.52,1.53,7171,0
2017-10-17,1.5225,1.54,1.51,1.52,17872,0
2017-10-18,1.5,1.5116,1.5,1.51,4913,0
2017-10-19,1.5,1.5,1.47,1.47,13273,0
2017-10-20,1.51,1.52,1.4796,1.4796,4745,0
2017-10-23,1.5,1.5,1.4701,1.49,1749,0
2017-10-24,1.5,1.5,1.47,1.4753,14588,0
2017-10-25,1.48,1.48,1.4784,1.4784,817,0
2017-10-26,1.49,1.49,1.47,1.48,2162,0
2017-10-27,1.47,1.48,1.47,1.4799,3926,0
2017-10-30,1.47,1.49,1.47,1.4701,29806,0
2017-10-31,1.46,1.46,1.42,1.46,8315,0
2017-11-01,1.425,1.4258,1.39,1.418,13149,0
2017-11-02,1.44,1.45,1.4005,1.4301,3921,0
2017-11-03,1.4,1.4467,1.39,1.4467,5228,0
2017-11-06,1.4076,1.4252,1.4076,1.41,4470,0
2017-11-07,1.41,1.4101,1.4,1.4101,6801,0
2017-11-08,1.4,1.4,1.4,1.4,708,0
2017-11-09,1.4,1.41,1.4,1.404,3758,0
2017-11-10,1.4,1.44,1.4,1.421,3618,0
