Date,Open,High,Low,Close,Volume,OpenInt
2014-01-02,15.392,15.759,14.992,15.055,2681161,0
2014-01-03,15.114,15.482,15.114,15.318,2136466,0
2014-01-06,15.477,16.2,15.318,15.745,3317159,0
2014-01-07,15.859,16.127,15.464,16.019,2584121,0
2014-01-08,15.945,16.205,15.536,15.777,2227062,0
2014-01-09,15.906,16.131,15.781,15.996,1857238,0
2014-01-10,15.939,16.131,15.627,15.823,1367524,0
2014-01-13,15.686,15.696,14.427,14.604,4844178,0
2014-01-14,14.555,15.691,13.863,15.322,4858921,0
2014-01-15,15.1,15.213,14.829,15.081,1653297,0
2014-01-16,14.992,15.269,14.858,14.997,993028,0
2014-01-17,14.977,15.269,14.931,15.014,2030381,0
2014-01-21,15.204,15.355,14.982,15.151,1292499,0
2014-01-22,15.137,15.446,14.795,14.829,1170401,0
2014-01-23,14.819,15.196,14.737,15.072,1550999,0
2014-01-24,14.974,15.1,14.728,14.767,1827759,0
2014-01-27,14.75,14.864,14.397,14.714,1836783,0
2014-01-28,14.745,15.018,14.655,14.959,1607101,0
2014-01-29,14.855,14.899,14.448,14.472,1589941,0
2014-01-30,14.542,14.992,14.538,14.795,1334301,0
2014-01-31,14.559,14.819,14.525,14.673,1428238,0
2014-02-03,14.66,14.66,14.25,14.337,1241305,0
2014-02-04,14.397,14.572,14.172,14.406,815575,0
2014-02-05,14.332,14.369,14.135,14.215,850194,0
2014-02-06,14.317,14.528,14.215,14.467,1188281,0
2014-02-07,14.547,15.032,14.477,14.94,1202386,0
2014-02-10,14.092,14.462,13.947,14.114,3837458,0
2014-02-11,14.073,14.092,13.769,13.974,3123786,0
2014-02-12,13.994,14.423,13.974,14.092,2651482,0
2014-02-13,15.055,16.409,15.027,15.56,8105917,0
2014-02-14,15.61,15.865,15.05,15.151,2696188,0
2014-02-18,15.47,15.682,15.341,15.436,1774943,0
2014-02-19,15.46,16.09,15.46,15.911,2657429,0
2014-02-20,15.911,16.146,15.826,15.978,1400027,0
2014-02-21,15.958,16.154,15.773,16.055,1697007,0
2014-02-24,16.055,16.409,16.055,16.223,1457258,0
2014-02-25,16.205,16.731,16.048,16.437,1585661,0
2014-02-26,16.709,17.2,16.472,16.686,2781558,0
2014-02-27,16.695,17.032,16.691,16.959,1391996,0
2014-02-28,16.905,17.604,16.905,17.183,2666362,0
2014-03-03,17.032,17.183,16.572,16.805,1169970,0
2014-03-04,16.931,17.581,16.931,17.441,2060484,0
2014-03-05,17.369,17.705,17.163,17.345,1335095,0
2014-03-06,17.445,17.604,17.126,17.26,828520,0
2014-03-07,17.273,17.316,16.995,17.104,1577306,0
2014-03-10,17.077,17.282,16.983,17.077,1074981,0
2014-03-11,17.118,17.273,16.886,17.095,1481543,0
2014-03-12,17.051,17.236,16.905,17.153,1002377,0
2014-03-13,17.173,17.273,16.858,16.931,616714,0
2014-03-14,16.922,17.183,16.818,17.083,950049,0
2014-03-17,17.083,17.528,17.083,17.178,1336358,0
2014-03-18,17.208,17.388,17.109,17.232,1131474,0
2014-03-19,17.232,17.378,16.999,17.192,1003125,0
2014-03-20,17.051,17.309,17.051,17.203,905667,0
2014-03-21,17.316,17.799,17.198,17.67,1931046,0
2014-03-24,17.655,17.88,17.477,17.509,1251033,0
2014-03-25,17.55,18.02,17.55,17.803,1079838,0
2014-03-26,17.813,17.876,17.183,17.296,1184702,0
2014-03-27,17.268,17.501,17.06,17.069,698140,0
2014-03-28,17.027,17.297,16.913,16.969,663762,0
2014-03-31,17.003,17.297,17.003,17.188,919598,0
2014-04-01,17.193,17.25,16.803,16.904,857372,0
2014-04-02,16.899,17.197,16.858,17.095,1031529,0
2014-04-03,17.137,17.323,16.999,17.242,829320,0
2014-04-04,17.26,17.549,16.922,16.935,878681,0
2014-04-07,16.899,16.913,16.607,16.639,824239,0
2014-04-08,16.629,16.986,16.525,16.674,619359,0
2014-04-09,16.772,17.069,16.658,17.036,675721,0
2014-04-10,17.065,17.095,16.658,16.698,986545,0
2014-04-11,16.739,16.797,16.364,16.434,815075,0
2014-04-14,16.597,16.711,16.245,16.41,677566,0
2014-04-15,16.525,16.744,16.268,16.464,909567,0
2014-04-16,16.674,16.708,16.305,16.461,884861,0
2014-04-17,16.386,16.708,16.386,16.653,842817,0
2014-04-21,16.667,16.94,16.569,16.835,603362,0
2014-04-22,16.848,17.273,16.749,17.154,739351,0
2014-04-23,17.204,17.279,16.959,17.041,615158,0
2014-04-24,17.09,17.246,16.913,17.183,388992,0
2014-04-25,17.09,17.119,16.899,16.935,973073,0
2014-04-28,16.99,17.109,16.799,17.073,675816,0
2014-04-29,17.159,17.544,17.083,17.204,754932,0
2014-04-30,17.183,17.763,17.173,17.673,1873127,0
2014-05-01,17.832,19.171,17.832,19.151,3936509,0
2014-05-02,19.714,20.418,19.505,19.65,2315868,0
2014-05-05,19.673,19.893,19.427,19.778,2616443,0
2014-05-06,19.764,19.82,19.485,19.738,1112386,0
2014-05-07,19.7,19.935,19.485,19.741,1459829,0
2014-05-08,19.741,20.069,19.66,19.759,2023255,0
2014-05-09,19.691,19.997,19.665,19.744,1401240,0
2014-05-12,19.772,20.354,19.764,20.162,2315217,0
2014-05-13,20.207,20.45,20.002,20.06,1601232,0
2014-05-14,20.064,20.276,19.741,19.787,904173,0
2014-05-15,19.772,20.107,19.363,19.71,716976,0
2014-05-16,19.778,19.83,19.34,19.811,1107159,0
2014-05-19,19.83,20.167,19.744,20.126,1465293,0
2014-05-20,20.074,20.276,19.764,20.211,999625,0
2014-05-21,20.225,20.944,20.222,20.884,2444245,0
2014-05-22,21.02,21.524,20.884,21.117,3291827,0
2014-05-23,21.153,21.245,20.508,20.653,2210342,0
2014-05-27,20.958,20.958,20.399,20.518,2800250,0
2014-05-28,20.586,20.789,20.407,20.445,2198201,0
2014-05-29,20.5,20.7,20.216,20.245,1325863,0
2014-05-30,20.179,20.221,19.151,19.514,3901279,0
2014-06-02,18.274,19.358,18.166,19.34,6556264,0
2014-06-03,19.193,19.237,18.915,18.96,2067228,0
2014-06-04,18.779,19.505,18.758,19.267,1261892,0
2014-06-05,19.408,19.418,18.965,19.198,1210457,0
2014-06-06,19.344,19.454,19.23,19.349,819333,0
2014-06-09,19.253,19.594,19.245,19.509,853363,0
2014-06-10,19.454,19.594,19.34,19.435,633727,0
2014-06-11,19.404,19.604,19.312,19.439,702893,0
2014-06-12,19.459,19.578,19.237,19.372,465805,0
2014-06-13,19.376,19.518,19.263,19.368,616940,0
2014-06-16,19.467,19.505,19.275,19.43,502433,0
2014-06-17,19.376,19.669,19.285,19.418,808060,0
2014-06-18,19.449,19.449,19.08,19.398,910937,0
2014-06-19,19.459,19.548,19.166,19.372,770109,0
2014-06-20,19.439,19.554,19.334,19.43,1171221,0
2014-06-23,19.471,19.556,19.307,19.509,797356,0
2014-06-24,19.398,19.92,19.38,19.533,1032824,0
2014-06-25,19.427,19.558,19.137,19.276,896897,0
2014-06-26,19.285,19.673,18.928,19.057,689562,0
2014-06-27,19.042,19.156,18.964,19.08,1081063,0
2014-06-30,19.023,19.378,18.919,19.198,871346,0
2014-07-01,19.322,19.676,19.222,19.493,1799591,0
2014-07-02,19.526,19.689,19.285,19.42,1624629,0
2014-07-03,19.58,19.845,19.547,19.698,517167,0
2014-07-07,19.602,19.723,19.217,19.318,1938689,0
2014-07-08,19.309,19.381,18.964,18.979,823328,0
2014-07-09,19.005,19.134,18.919,18.964,538157,0
2014-07-10,18.873,19.057,18.621,18.657,1076665,0
2014-07-11,18.644,18.97,18.616,18.931,776790,0
2014-07-14,19.037,19.272,18.887,19.037,794503,0
2014-07-15,19.052,19.172,18.919,18.96,879329,0
2014-07-16,19.124,19.152,18.877,19.023,587353,0
2014-07-17,18.923,19.369,18.914,18.996,942892,0
2014-07-18,18.964,19.561,18.964,19.451,862478,0
2014-07-21,19.294,19.359,18.97,19.057,619475,0
2014-07-22,19.111,19.243,18.887,18.964,1042914,0
2014-07-23,18.951,19.259,18.762,19.014,352938,0
2014-07-24,19.052,19.473,18.868,19.446,895808,0
2014-07-25,19.29,19.483,19.017,19.42,767424,0
2014-07-28,19.424,19.732,19.282,19.698,745289,0
2014-07-29,19.698,19.922,19.456,19.772,1334107,0
2014-07-30,19.868,20.171,19.737,20.07,990469,0
2014-07-31,19.888,19.997,19.521,19.58,660903,0
2014-08-01,19.561,19.758,19.459,19.547,1409884,0
2014-08-04,19.602,19.909,19.469,19.858,986356,0
2014-08-05,19.602,20.039,19.516,19.648,848445,0
2014-08-06,19.526,19.863,19.516,19.83,1164827,0
2014-08-07,21.132,21.132,19.309,19.589,2898709,0
2014-08-08,19.658,20.272,19.551,20.035,1052375,0
2014-08-11,20.127,20.485,19.938,20.267,803357,0
2014-08-12,20.231,20.567,19.943,20.093,780938,0
2014-08-13,20.185,20.642,20.098,20.476,726845,0
2014-08-14,20.593,20.828,20.57,20.741,818948,0
2014-08-15,20.915,20.944,20.434,20.856,719260,0
2014-08-18,21.067,21.069,20.529,20.652,1559700,0
2014-08-19,20.637,20.69,19.516,19.748,2207010,0
2014-08-20,19.748,20.177,19.723,20.089,1077314,0
2014-08-21,20.089,20.363,19.744,19.814,1145676,0
2014-08-22,19.988,20.301,19.888,20.15,1378178,0
2014-08-25,20.296,20.567,20.06,20.489,1126817,0
2014-08-26,20.494,20.954,20.494,20.69,1373823,0
2014-08-27,20.703,20.944,20.155,20.319,1620101,0
2014-08-28,20.18,20.377,20.012,20.222,1106778,0
2014-08-29,20.346,20.558,20.049,20.217,987222,0
2014-09-02,20.411,20.863,20.251,20.617,1423183,0
2014-09-03,20.713,20.801,20.452,20.489,1887958,0
2014-09-04,20.489,20.562,20.145,20.163,1628071,0
2014-09-05,20.176,20.259,19.894,20.025,988350,0
2014-09-08,20.002,20.127,19.766,19.805,1178586,0
2014-09-09,19.824,19.824,19.378,19.381,1095788,0
2014-09-10,19.369,19.561,19.12,19.378,995721,0
2014-09-11,19.239,19.441,19.176,19.39,1313263,0
2014-09-12,19.39,19.446,19.243,19.303,611096,0
2014-09-15,19.473,19.723,19.001,19.052,1328784,0
2014-09-16,18.946,18.992,18.313,18.504,3029870,0
2014-09-17,18.504,18.662,18.308,18.332,1708172,0
2014-09-18,18.413,18.536,18.332,18.385,1004276,0
2014-09-19,18.381,18.413,17.884,17.963,2624240,0
2014-09-22,18.483,18.625,17.771,17.903,3378176,0
2014-09-23,17.978,17.978,17.587,17.666,2523265,0
2014-09-24,17.68,17.882,17.661,17.85,1466726,0
2014-09-25,17.797,18.025,17.631,17.675,1653633,0
2014-09-26,17.698,17.921,17.564,17.85,988168,0
2014-09-29,17.931,18.193,17.796,17.968,1929700,0
2014-09-30,18.002,18.388,17.775,18.379,1606998,0
2014-10-01,18.416,19.16,18.379,18.57,2267073,0
2014-10-02,18.517,18.869,18.37,18.379,1697972,0
2014-10-03,18.55,18.752,18.401,18.582,1091661,0
2014-10-06,18.725,19.096,18.692,18.952,1121610,0
2014-10-07,18.937,19.316,18.835,18.997,1408708,0
2014-10-08,19.096,19.384,18.831,19.376,904087,0
2014-10-09,19.363,19.527,19.059,19.298,802084,0
2014-10-10,19.164,20.062,19.124,19.667,1162605,0
2014-10-13,19.695,20.309,19.459,20.062,1429129,0
2014-10-14,20.28,20.585,20.051,20.346,1558463,0
2014-10-15,20.12,20.261,18.8,19.301,1853557,0
2014-10-16,19.399,20.176,19.231,19.948,1921569,0
2014-10-17,20.376,21.117,20.358,20.618,2421824,0
2014-10-20,20.863,21.109,20.485,20.969,2227506,0
2014-10-21,21.109,23.078,21.109,23.054,2688979,0
2014-10-22,23.078,23.576,22.412,23.059,3951374,0
2014-10-23,23.415,23.54,22.991,23.17,2378083,0
2014-10-24,23.094,23.336,22.735,22.789,1426984,0
2014-10-27,22.607,23.937,22.51,23.531,2592148,0
2014-10-28,23.54,24.694,23.295,24.476,2679261,0
2014-10-29,23.793,24.098,20.691,21.251,7071763,0
2014-10-30,21.171,21.346,20.174,20.358,3238476,0
2014-10-31,20.673,20.899,19.55,20.709,5097519,0
2014-11-03,21.817,21.847,20.77,21.555,3325259,0
2014-11-04,22.981,23.908,22.178,23.021,4422269,0
2014-11-05,23.77,24.185,23.397,23.765,2928150,0
2014-11-06,23.673,23.797,22.671,23.295,2208612,0
2014-11-07,23.272,23.406,22.837,23.026,2649370,0
2014-11-10,23.078,23.592,23.009,23.327,2091032,0
2014-11-11,23.415,23.714,23.193,23.383,1842859,0
2014-11-12,23.377,23.891,23.005,23.882,1850568,0
2014-11-13,24.628,24.831,24.0,24.075,1928018,0
2014-11-14,24.166,24.43,23.927,24.223,1817377,0
2014-11-17,24.278,24.562,24.006,24.283,2228605,0
2014-11-18,24.232,24.521,24.152,24.301,1904145,0
2014-11-19,24.448,24.448,23.498,23.678,2451438,0
2014-11-20,23.535,24.058,23.508,23.844,1656713,0
2014-11-21,24.038,24.176,23.17,23.54,3175402,0
2014-11-24,23.682,24.402,23.678,24.397,2370444,0
2014-11-25,24.397,24.694,23.765,23.969,1778423,0
2014-11-26,23.969,24.448,23.714,23.835,1641743,0
2014-11-28,23.701,24.112,23.355,23.687,1758029,0
2014-12-01,23.626,24.18,23.281,23.854,1844035,0
2014-12-02,23.863,24.098,23.448,23.821,1930201,0
2014-12-03,23.821,24.855,23.821,24.698,2296270,0
2014-12-04,25.459,25.524,23.77,24.256,2138963,0
2014-12-05,24.291,25.288,22.552,24.845,5402067,0
2014-12-08,24.925,25.321,24.56,25.224,1933109,0
2014-12-09,24.739,26.125,24.739,26.05,2452785,0
2014-12-10,26.073,26.668,25.631,26.663,1642555,0
2014-12-11,26.572,27.042,26.115,26.516,1899976,0
2014-12-12,26.317,26.697,26.17,26.249,1424623,0
2014-12-15,26.42,27.375,25.939,26.448,1136962,0
2014-12-16,26.239,26.693,26.092,26.178,1395352,0
2014-12-17,26.193,26.749,26.188,26.647,1189193,0
2014-12-18,27.246,27.266,25.851,26.591,1623742,0
2014-12-19,27.079,27.079,26.17,26.225,1996319,0
2014-12-22,26.23,26.299,24.579,24.878,2493948,0
2014-12-23,24.878,25.14,24.521,25.044,1342563,0
2014-12-24,25.052,25.216,24.769,25.022,502823,0
2014-12-26,25.087,25.224,24.536,25.062,558097,0
2014-12-29,25.035,25.811,25.035,25.768,1243380,0
2014-12-30,25.708,26.028,25.36,25.49,1287284,0
2014-12-31,25.5,26.186,25.48,26.079,1307399,0
2015-01-02,26.242,26.3,25.37,25.552,1414687,0
2015-01-05,25.533,25.689,24.7,24.813,1486103,0
2015-01-06,24.773,25.249,24.583,24.703,1587736,0
2015-01-07,24.961,25.079,24.726,25.036,1445730,0
2015-01-08,23.682,24.132,23.433,24.132,7716190,0
2015-01-09,24.108,24.173,23.892,24.035,2293296,0
2015-01-12,24.002,24.015,22.955,23.298,2385762,0
2015-01-13,23.414,23.76,23.09,23.348,1636612,0
2015-01-14,23.09,23.252,22.648,23.232,1556544,0
2015-01-15,23.228,23.348,22.922,23.182,1662197,0
2015-01-16,23.205,23.905,23.205,23.591,1626321,0
2015-01-20,23.76,23.854,23.126,23.232,1834852,0
2015-01-21,23.228,23.538,22.964,23.205,1339725,0
2015-01-22,23.41,23.909,22.967,23.901,1630468,0
2015-01-23,23.882,24.142,23.689,24.075,1298551,0
2015-01-26,24.253,24.299,23.892,24.202,1286676,0
2015-01-27,23.997,24.271,23.838,24.035,952934,0
2015-01-28,24.213,24.383,23.916,23.965,1667552,0
2015-01-29,24.039,24.327,23.707,24.226,1100318,0
2015-01-30,24.002,24.021,23.418,23.468,1139666,0
2015-02-02,23.492,24.159,23.473,24.142,1330745,0
2015-02-03,24.192,24.36,23.85,24.095,1194203,0
2015-02-04,23.943,24.309,23.943,24.117,1296952,0
2015-02-05,24.09,24.636,24.006,24.597,1188334,0
2015-02-06,24.66,25.069,24.619,24.956,1481506,0
2015-02-09,24.925,25.875,24.753,25.385,2522873,0
2015-02-10,25.689,25.764,25.199,25.314,1962683,0
2015-02-11,25.764,26.195,25.615,26.01,3310648,0
2015-02-12,26.004,26.373,25.875,26.19,2195916,0
2015-02-13,26.195,26.423,25.66,25.777,1296449,0
2015-02-17,25.777,25.986,25.538,25.755,1422619,0
2015-02-18,25.713,25.96,25.434,25.61,1293933,0
2015-02-19,25.547,25.95,25.542,25.698,939558,0
2015-02-20,25.742,25.936,25.334,25.852,1081490,0
2015-02-23,25.94,25.982,25.434,25.65,1014386,0
2015-02-24,25.645,25.717,25.324,25.365,1089275,0
2015-02-25,25.271,25.375,24.94,25.074,984712,0
2015-02-26,25.106,25.625,25.088,25.365,1034805,0
2015-02-27,25.407,25.439,24.956,24.99,776578,0
2015-03-02,24.93,25.151,24.841,24.98,1135811,0
2015-03-03,24.98,25.324,24.743,25.195,1213890,0
2015-03-04,25.151,25.24,24.685,24.763,1142068,0
2015-03-05,24.804,25.151,24.698,24.975,1192323,0
2015-03-06,24.865,25.385,24.624,24.716,1026675,0
2015-03-09,24.759,25.088,24.66,24.907,993675,0
2015-03-10,24.961,25.31,24.708,25.195,1380618,0
2015-03-11,25.221,25.979,25.221,25.875,1228127,0
2015-03-12,25.87,26.807,25.807,26.738,1914876,0
2015-03-13,26.887,27.064,26.214,26.232,1053853,0
2015-03-16,26.271,26.663,25.87,26.065,1150698,0
2015-03-17,26.107,26.298,25.912,26.062,887773,0
2015-03-18,25.93,26.557,25.93,26.496,1100008,0
2015-03-19,26.506,27.017,26.501,26.945,1006618,0
2015-03-20,27.002,27.044,26.534,26.914,1216049,0
2015-03-23,26.548,27.356,26.427,26.955,1533541,0
2015-03-24,26.835,27.174,26.71,26.883,728377,0
2015-03-25,27.064,27.161,26.381,26.4,1101734,0
2015-03-26,26.376,26.376,25.68,25.93,1149402,0
2015-03-27,26.052,26.126,25.486,25.505,1103891,0
2015-03-30,25.761,26.617,25.681,26.576,953087,0
2015-03-31,26.486,26.595,26.226,26.542,858245,0
2015-04-01,26.562,26.822,26.251,26.635,1296191,0
2015-04-02,26.572,27.082,26.552,26.659,956737,0
2015-04-06,26.524,27.153,26.404,27.091,866560,0
2015-04-07,27.14,27.262,26.88,27.062,974816,0
2015-04-08,26.961,27.185,26.865,27.144,582072,0
2015-04-09,27.185,27.653,26.951,27.638,1059118,0
2015-04-10,27.811,27.811,27.057,27.163,717123,0
2015-04-13,27.191,27.683,27.153,27.376,708319,0
2015-04-14,27.39,27.48,27.01,27.033,705101,0
2015-04-15,27.062,27.758,27.062,27.341,727948,0
2015-04-16,27.341,27.662,27.267,27.576,538501,0
2015-04-17,27.41,27.543,27.215,27.372,651212,0
2015-04-20,27.553,28.272,27.404,28.039,1009065,0
2015-04-21,28.057,28.142,27.394,27.717,926268,0
2015-04-22,27.648,27.902,27.302,27.796,578617,0
2015-04-23,27.657,27.881,27.49,27.672,408591,0
2015-04-24,27.683,28.145,27.576,28.07,645661,0
2015-04-27,28.211,28.513,27.763,27.829,571551,0
2015-04-28,27.768,28.224,27.58,28.043,867643,0
2015-04-29,27.981,28.373,27.861,27.97,1026735,0
2015-04-30,27.931,27.965,27.484,27.698,1217824,0
2015-05-01,28.009,28.388,27.782,28.312,843587,0
2015-05-04,28.321,28.668,28.103,28.285,1215029,0
2015-05-05,28.466,28.811,27.341,27.778,1798606,0
2015-05-06,27.882,27.882,27.172,27.549,1057362,0
2015-05-07,27.428,27.558,27.163,27.238,1318752,0
2015-05-08,27.322,27.385,26.836,27.071,1874829,0
2015-05-11,26.916,27.229,26.841,27.191,1110040,0
2015-05-12,27.042,27.302,26.706,27.086,623461,0
2015-05-13,27.082,27.251,26.991,27.115,475094,0
2015-05-14,27.327,27.829,27.115,27.801,728506,0
2015-05-15,27.816,27.875,27.51,27.674,684490,0
2015-05-18,27.6,28.08,27.558,27.907,536109,0
2015-05-19,27.884,28.247,27.845,28.066,718532,0
2015-05-20,28.23,28.412,27.965,28.354,808565,0
2015-05-21,28.272,28.34,28.188,28.192,504133,0
2015-05-22,28.163,28.238,27.721,27.881,603758,0
2015-05-26,28.318,28.364,27.951,27.991,792813,0
2015-05-27,28.09,28.373,27.961,28.344,546217,0
2015-05-28,28.318,28.36,27.991,28.172,451727,0
2015-05-29,28.113,28.364,27.907,28.029,514869,0
2015-06-01,28.452,28.821,28.393,28.5,729074,0
2015-06-02,28.48,28.629,28.172,28.202,634014,0
2015-06-03,28.309,28.42,28.085,28.34,489318,0
2015-06-04,28.182,28.611,28.182,28.601,668169,0
2015-06-05,28.642,28.691,28.277,28.551,479014,0
2015-06-08,28.556,28.72,28.049,28.066,681696,0
2015-06-09,28.029,28.22,27.327,27.535,1089998,0
2015-06-10,27.61,28.388,27.559,28.206,774970,0
2015-06-11,28.318,28.877,28.224,28.862,568578,0
2015-06-12,28.788,29.003,28.691,28.772,576060,0
2015-06-15,28.642,28.782,28.35,28.541,632742,0
2015-06-16,28.519,28.963,28.5,28.729,589372,0
2015-06-17,28.872,28.924,28.642,28.74,668169,0
2015-06-18,28.844,29.249,28.691,29.044,703382,0
2015-06-19,29.17,29.482,28.953,29.38,805369,0
2015-06-22,29.47,29.891,29.464,29.831,819539,0
2015-06-23,29.905,30.246,29.807,30.198,1146543,0
2015-06-24,30.089,30.581,30.069,30.128,1057007,0
2015-06-25,30.264,30.423,29.678,29.799,977134,0
2015-06-26,30.069,30.186,29.716,29.952,7510263,0
2015-06-29,29.418,30.0,29.331,29.616,944035,0
2015-06-30,29.816,30.845,29.785,30.631,1805061,0
2015-07-01,31.186,31.35,30.392,30.611,979324,0
2015-07-02,30.77,30.944,30.501,30.705,896984,0
2015-07-06,30.368,31.065,30.321,31.027,1750126,0
2015-07-07,31.112,31.257,30.92,31.127,1428670,0
2015-07-08,30.982,31.079,30.298,30.347,986596,0
2015-07-09,30.8,31.036,30.554,30.92,1214157,0
2015-07-10,31.298,31.435,30.996,31.009,841804,0
2015-07-13,31.298,31.416,30.954,31.074,1221640,0
2015-07-14,31.023,31.15,30.79,30.977,936474,0
2015-07-15,31.061,31.257,30.814,31.103,689558,0
2015-07-16,31.103,31.204,30.868,31.036,747701,0
2015-07-17,31.141,31.155,30.901,31.036,433734,0
2015-07-20,31.112,31.444,31.027,31.421,883725,0
2015-07-21,31.444,31.664,31.131,31.327,1016539,0
2015-07-22,31.327,31.606,31.257,31.59,586869,0
2015-07-23,31.739,31.798,31.602,31.781,575106,0
2015-07-24,31.852,31.878,31.267,31.35,612746,0
2015-07-27,31.286,31.547,31.07,31.532,527196,0
2015-07-28,31.644,31.7,31.103,31.473,1050760,0
2015-07-29,31.557,31.94,31.393,31.92,574892,0
2015-07-30,31.92,32.484,31.724,32.332,750266,0
2015-07-31,32.492,32.814,32.314,32.502,1038996,0
2015-08-03,32.633,32.777,32.257,32.714,1213146,0
2015-08-04,33.186,33.605,32.691,33.234,1953944,0
2015-08-05,33.127,33.147,31.898,31.898,2474296,0
2015-08-06,31.954,32.193,31.027,31.103,1164929,0
2015-08-07,31.103,31.566,31.046,31.509,722465,0
2015-08-10,31.196,31.504,30.52,30.621,1121764,0
2015-08-11,30.392,31.196,30.164,30.963,1194961,0
2015-08-12,30.461,30.617,28.929,29.442,2192629,0
2015-08-13,29.299,29.724,29.121,29.372,1697509,0
2015-08-14,29.186,29.602,29.134,29.582,929494,0
2015-08-17,29.263,29.573,28.895,29.468,2504453,0
2015-08-18,29.636,29.765,29.363,29.685,1549939,0
2015-08-19,29.724,30.387,29.527,30.293,1335639,0
2015-08-20,30.075,30.265,29.522,29.527,1517430,0
2015-08-21,29.251,29.448,27.326,27.326,3374275,0
2015-08-24,25.767,27.143,24.341,26.741,2503502,0
2015-08-25,27.38,27.853,27.069,27.138,1491338,0
2015-08-26,27.605,27.788,26.601,27.012,1762958,0
2015-08-27,27.143,27.848,27.036,27.474,990874,0
2015-08-28,27.362,27.441,27.118,27.336,719041,0
2015-08-31,27.123,27.326,27.012,27.189,974620,0
2015-09-01,26.741,26.988,26.105,26.202,1438082,0
2015-09-02,26.39,26.497,26.099,26.497,863620,0
2015-09-03,26.468,27.167,26.4,27.055,960076,0
2015-09-04,26.759,27.138,26.51,26.751,1009910,0
2015-09-08,27.171,27.779,26.926,27.689,1169887,0
2015-09-09,28.025,28.111,27.291,27.362,943609,0
2015-09-10,27.306,27.727,27.24,27.389,772021,0
2015-09-11,27.281,28.097,27.189,27.927,867685,0
2015-09-14,27.937,28.142,27.629,28.111,822769,0
2015-09-15,28.041,28.151,27.722,27.908,910458,0
2015-09-16,28.035,28.652,27.872,28.569,917944,0
2015-09-17,28.451,29.041,28.274,28.685,927075,0
2015-09-18,28.41,28.837,28.328,28.667,1552505,0
2015-09-21,28.925,29.028,28.545,28.905,699791,0
2015-09-22,28.662,28.764,28.151,28.348,772724,0
2015-09-23,28.455,28.593,28.151,28.526,374558,0
2015-09-24,28.387,28.85,28.28,28.788,775252,0
2015-09-25,28.943,29.2,28.821,29.014,792188,0
2015-09-28,28.788,28.949,27.992,28.151,672693,0
2015-09-29,28.276,29.004,28.138,28.974,1024030,0
2015-09-30,29.346,29.709,29.101,29.594,1675434,0
2015-10-01,29.684,29.759,28.412,28.815,1125113,0
2015-10-02,28.524,29.134,28.307,29.124,679708,0
2015-10-05,29.425,29.99,29.328,29.895,696050,0
2015-10-06,29.933,30.333,29.815,30.188,705244,0
2015-10-07,30.124,30.567,29.858,30.557,659662,0
2015-10-08,30.624,31.253,30.333,30.977,2228944,0
2015-10-09,31.013,31.278,30.849,31.066,1035734,0
2015-10-12,31.0,31.54,30.884,31.488,582730,0
2015-10-13,31.235,31.498,30.827,30.934,1116812,0
2015-10-14,30.934,31.118,30.681,30.986,1351753,0
2015-10-15,31.132,31.475,30.949,31.399,1150010,0
2015-10-16,31.555,32.151,31.282,32.076,636081,0
2015-10-19,31.954,32.189,31.798,32.127,845666,0
2015-10-20,32.043,32.527,32.043,32.189,714181,0
2015-10-21,32.353,32.771,32.048,32.331,653744,0
2015-10-22,32.418,32.418,31.86,32.109,627782,0
2015-10-23,32.5,32.517,32.224,32.367,627782,0
2015-10-26,32.234,32.476,32.217,32.326,648212,0
2015-10-27,32.428,32.517,32.151,32.335,716308,0
2015-10-28,32.357,32.491,32.161,32.307,1741828,0
2015-10-29,32.302,32.462,32.171,32.292,864211,0
2015-10-30,32.396,32.5,31.996,32.057,614376,0
2015-11-02,32.057,32.189,31.637,31.827,1001385,0
2015-11-03,32.888,33.485,30.567,30.91,1997012,0
2015-11-04,30.779,31.404,30.29,30.333,1171692,0
2015-11-05,30.479,30.892,30.252,30.637,1232792,0
2015-11-06,30.934,31.875,30.799,31.683,894641,0
2015-11-09,31.525,31.907,31.235,31.424,1112761,0
2015-11-10,31.361,31.589,30.817,31.282,942312,0
2015-11-11,29.47,29.628,28.533,28.66,9555906,0
2015-11-12,28.644,28.83,26.953,27.372,5151642,0
2015-11-13,27.577,28.131,27.428,27.555,3363208,0
2015-11-16,28.133,28.654,27.725,28.631,2008902,0
2015-11-17,28.608,28.949,28.303,28.321,1657771,0
2015-11-18,28.33,28.571,27.911,28.067,2388765,0
2015-11-19,28.151,28.825,28.086,28.781,1605845,0
2015-11-20,28.786,29.163,28.524,28.83,1639681,0
2015-11-23,28.743,29.332,28.692,29.318,1541577,0
2015-11-24,29.096,29.275,28.913,29.096,1301319,0
2015-11-25,29.186,29.365,28.815,29.265,664599,0
2015-11-27,29.172,29.434,29.004,29.43,304315,0
2015-11-30,29.299,29.654,29.149,29.374,1188105,0
2015-12-01,29.369,30.013,29.369,29.885,1059065,0
2015-12-02,29.792,29.947,29.415,29.44,680528,0
2015-12-03,29.594,29.759,28.944,29.134,916293,0
2015-12-04,29.265,30.065,29.172,30.032,1192361,0
2015-12-07,30.075,30.202,29.67,29.726,702263,0
2015-12-08,29.519,30.075,29.346,30.028,1483872,0
2015-12-09,29.9,30.075,29.191,29.228,753978,0
2015-12-10,29.2,29.223,28.626,29.049,895067,0
2015-12-11,28.692,29.013,28.288,28.528,669705,0
2015-12-14,28.626,29.2,28.626,28.913,1214017,0
2015-12-15,29.205,29.579,28.412,28.66,1251732,0
2015-12-16,29.163,29.779,28.626,29.115,1744595,0
2015-12-17,29.379,29.44,28.739,29.083,967210,0
2015-12-18,29.111,29.328,28.369,28.448,2333857,0
2015-12-21,28.67,28.989,28.515,28.839,836122,0
2015-12-22,28.856,29.299,28.533,28.942,855691,0
2015-12-23,29.134,29.186,28.552,28.731,642465,0
2015-12-24,28.781,29.614,28.778,29.45,417751,0
2015-12-28,29.45,30.115,29.365,29.98,1374693,0
2015-12-29,30.075,30.28,29.177,29.575,841289,0
2015-12-30,29.549,29.807,29.359,29.464,267397,0
2015-12-31,29.439,29.439,28.796,29.075,419433,0
2016-01-04,28.612,28.713,28.164,28.693,1099500,0
2016-01-05,28.74,29.18,28.679,29.142,803525,0
2016-01-06,28.708,28.966,27.636,27.899,937455,0
2016-01-07,27.399,27.692,26.771,27.197,789840,0
2016-01-08,27.385,27.385,26.371,26.451,1080568,0
2016-01-11,26.472,26.692,25.738,25.97,1732354,0
2016-01-12,26.11,26.299,25.86,26.253,683731,0
2016-01-13,26.427,26.818,25.663,25.765,810679,0
2016-01-14,26.214,26.734,25.709,26.502,821732,0
2016-01-15,25.94,26.472,25.761,26.38,1232213,0
2016-01-19,26.78,26.78,25.95,26.12,788082,0
2016-01-20,25.827,25.962,24.586,25.214,1139704,0
2016-01-21,25.166,25.542,24.907,25.132,472190,0
2016-01-22,25.554,26.361,25.28,26.233,732291,0
2016-01-25,26.171,26.204,25.718,25.728,473908,0
2016-01-26,25.883,26.633,25.502,26.418,613127,0
2016-01-27,26.418,27.07,26.312,26.784,863783,0
2016-01-28,27.027,27.305,26.611,26.62,752656,0
2016-01-29,26.761,27.115,26.706,27.003,1265710,0
2016-02-01,26.766,27.199,26.598,27.008,678119,0
2016-02-02,26.667,27.164,26.54,26.891,519162,0
2016-02-03,27.441,27.536,25.458,26.262,654760,0
2016-02-04,26.195,26.262,25.639,25.94,465214,0
2016-02-05,25.704,26.423,25.581,26.034,592604,0
2016-02-08,25.903,25.912,24.505,25.186,888330,0
2016-02-09,24.865,25.176,24.581,24.976,997737,0
2016-02-10,24.94,24.94,23.835,24.053,1374765,0
2016-02-11,23.56,23.768,22.881,23.05,1550482,0
2016-02-12,23.031,23.669,22.852,23.654,939403,0
2016-02-16,23.929,24.079,23.626,24.033,1032357,0
2016-02-17,24.232,24.533,23.949,24.174,1085658,0
2016-02-18,24.685,24.685,23.91,23.919,494624,0
2016-02-19,23.703,23.81,23.553,23.664,811084,0
2016-02-22,23.91,24.043,23.744,23.901,777297,0
2016-02-23,23.901,24.023,23.56,23.58,627871,0
2016-02-24,23.41,24.043,22.975,23.995,1007106,0
2016-02-25,23.892,24.033,23.504,23.985,657665,0
2016-02-26,24.033,24.163,23.59,23.608,621846,0
2016-02-29,23.56,23.668,23.08,23.09,1074681,0
2016-03-01,23.325,24.401,23.325,23.882,1510952,0
2016-03-02,23.949,24.591,23.939,24.505,988637,0
2016-03-03,24.533,24.572,23.892,24.241,481132,0
2016-03-04,24.241,24.42,24.053,24.297,525724,0
2016-03-07,24.241,24.325,23.844,23.892,688189,0
2016-03-08,23.741,24.099,23.608,23.882,603362,0
2016-03-09,24.127,24.496,24.013,24.053,577017,0
2016-03-10,24.222,24.383,23.995,24.183,398883,0
2016-03-11,24.411,25.016,24.411,24.741,655559,0
2016-03-14,24.127,24.397,23.618,23.741,764256,0
2016-03-15,23.664,24.439,23.618,24.033,899121,0
2016-03-16,24.393,24.393,23.636,23.758,535312,0
2016-03-17,23.741,24.232,23.618,24.137,537948,0
2016-03-18,24.099,24.528,24.079,24.373,1176020,0
2016-03-21,24.325,24.949,24.26,24.581,1027830,0
2016-03-22,24.553,25.261,24.307,25.026,990217,0
2016-03-23,24.966,25.118,24.42,24.458,715582,0
2016-03-24,24.383,24.548,24.241,24.325,993546,0
2016-03-28,24.316,24.491,24.288,24.411,349860,0
2016-03-29,24.288,24.816,24.288,24.694,461036,0
2016-03-30,24.893,25.028,24.618,24.712,513960,0
2016-03-31,24.571,24.931,24.399,24.58,835056,0
2016-04-01,24.532,25.558,24.419,25.406,618593,0
2016-04-04,25.358,25.358,23.279,23.658,3483154,0
2016-04-05,23.432,24.181,23.432,23.583,2364288,0
2016-04-06,23.526,23.782,23.241,23.327,1146679,0
2016-04-07,23.174,23.288,22.489,22.661,1708154,0
2016-04-08,22.917,23.336,22.88,23.136,882929,0
2016-04-11,23.573,23.619,23.27,23.288,949882,0
2016-04-12,23.393,23.468,22.995,23.449,668508,0
2016-04-13,23.64,23.934,23.523,23.934,830508,0
2016-04-14,23.906,24.238,23.801,23.981,566271,0
2016-04-15,23.981,23.981,23.725,23.839,568319,0
2016-04-18,23.801,23.981,23.707,23.896,755761,0
2016-04-19,24.019,24.257,23.887,23.972,429019,0
2016-04-20,24.075,24.162,23.745,23.867,970003,0
2016-04-21,23.953,24.219,23.828,24.075,1037341,0
2016-04-22,24.124,24.741,24.124,24.704,660451,0
2016-04-25,23.745,23.915,23.279,23.545,1871763,0
2016-04-26,23.602,24.238,23.565,24.105,880212,0
2016-04-27,24.124,24.399,23.991,24.276,612973,0
2016-04-28,24.219,24.391,23.583,23.707,1402453,0
2016-04-29,23.563,23.725,23.492,23.602,1164297,0
2016-05-02,23.678,23.972,23.554,23.896,1377373,0
2016-05-03,23.896,24.923,23.801,24.732,942772,0
2016-05-04,24.512,24.709,23.755,23.953,1041526,0
2016-05-05,23.934,24.314,23.877,24.162,645464,0
2016-05-06,24.068,24.286,23.887,24.171,441729,0
2016-05-09,24.124,24.399,23.962,24.209,425708,0
2016-05-10,24.229,24.566,24.209,24.532,476889,0
2016-05-11,24.532,24.903,24.342,24.352,379791,0
2016-05-12,24.636,24.923,24.576,24.874,577897,0
2016-05-13,24.846,25.645,24.846,25.302,968075,0
2016-05-16,25.235,25.473,25.169,25.217,920601,0
2016-05-17,25.083,25.179,24.467,24.608,551339,0
2016-05-18,24.504,25.244,23.906,25.131,1419592,0
2016-05-19,24.959,25.159,24.31,24.771,700853,0
2016-05-20,24.884,25.487,24.798,25.416,779368,0
2016-05-23,25.311,25.387,24.685,24.846,566070,0
2016-05-24,24.866,25.189,24.789,24.893,758884,0
2016-05-25,24.951,25.282,24.866,24.923,402924,0
2016-05-26,24.866,25.093,24.771,24.968,470359,0
2016-05-27,24.923,25.225,24.861,24.998,401294,0
2016-05-31,25.008,25.282,24.972,25.189,423466,0
2016-06-01,25.149,25.416,24.817,25.331,675001,0
2016-06-02,25.169,25.453,25.121,25.406,473161,0
2016-06-03,25.226,25.252,24.771,25.064,302661,0
2016-06-06,25.064,25.217,24.884,25.112,665109,0
2016-06-07,25.028,25.286,25.008,25.054,604022,0
2016-06-08,25.083,25.311,24.866,25.131,321924,0
2016-06-09,25.036,25.149,24.846,24.968,353185,0
2016-06-10,24.798,25.064,24.552,24.665,372121,0
2016-06-13,24.504,24.608,23.867,23.915,521247,0
2016-06-14,23.859,23.924,23.668,23.725,664921,0
2016-06-15,23.906,23.953,23.658,23.678,509436,0
2016-06-16,23.64,23.859,23.355,23.782,420645,0
2016-06-17,23.658,24.01,23.554,23.792,1285059,0
2016-06-20,24.049,24.266,23.755,23.801,449823,0
2016-06-21,23.81,23.906,23.658,23.801,518482,0
2016-06-22,23.867,24.124,23.715,23.745,461075,0
2016-06-23,24.029,24.305,23.901,24.181,544829,0
2016-06-24,23.26,23.63,22.927,22.927,1323225,0
2016-06-27,22.766,22.926,22.373,22.482,933514,0
2016-06-28,22.718,23.013,22.594,22.87,741865,0
2016-06-29,22.937,23.138,22.832,23.041,831299,0
2016-06-30,22.889,23.416,22.813,23.416,1228945,0
2016-07-01,23.253,23.548,23.032,23.329,694842,0
2016-07-05,22.986,23.426,22.976,23.224,1477630,0
2016-07-06,23.138,23.31,23.032,23.157,806986,0
2016-07-07,23.051,23.444,23.037,23.214,458244,0
2016-07-08,23.348,23.756,23.128,23.606,808454,0
2016-07-11,23.616,23.81,23.606,23.644,756848,0
2016-07-12,23.558,24.057,23.558,23.778,676204,0
2016-07-13,23.806,23.806,23.214,23.653,1647461,0
2016-07-14,23.806,24.342,23.731,24.275,1163751,0
2016-07-15,24.199,24.467,23.997,24.199,638165,0
2016-07-18,24.132,24.218,23.778,23.788,760633,0
2016-07-19,23.568,23.712,23.416,23.598,635774,0
2016-07-20,23.482,23.826,23.462,23.758,624628,0
2016-07-21,23.653,23.778,23.329,23.496,1053503,0
2016-07-22,23.588,23.778,23.358,23.606,808632,0
2016-07-25,23.598,23.635,23.1,23.11,1261000,0
2016-07-26,23.148,23.185,22.88,23.081,1166245,0
2016-07-27,23.091,23.263,23.041,23.081,788629,0
2016-07-28,23.081,23.229,22.937,23.014,664463,0
2016-07-29,22.986,23.022,22.68,22.813,1107123,0
2016-08-01,22.927,23.272,22.881,23.233,1418400,0
2016-08-02,23.778,24.246,23.444,23.751,1341197,0
2016-08-03,23.741,24.496,23.731,24.467,980038,0
2016-08-04,24.523,24.667,24.427,24.486,606315,0
2016-08-05,24.581,24.677,24.427,24.653,468075,0
2016-08-08,24.658,25.116,24.658,25.078,594206,0
2016-08-09,25.04,25.193,24.868,25.184,505965,0
2016-08-10,25.078,25.088,24.773,24.868,520079,0
2016-08-11,24.811,25.031,24.648,24.992,453553,0
2016-08-12,24.945,24.945,24.638,24.724,280298,0
2016-08-15,24.629,24.877,24.629,24.811,433748,0
2016-08-16,24.849,24.972,24.629,24.782,472389,0
2016-08-17,24.877,24.93,24.447,24.572,385458,0
2016-08-18,24.505,24.733,24.285,24.476,408273,0
2016-08-19,24.496,24.591,24.352,24.591,302434,0
2016-08-22,24.591,24.673,24.437,24.533,429724,0
2016-08-23,24.523,24.687,24.304,24.601,751226,0
2016-08-24,24.696,24.773,24.629,24.696,502910,0
2016-08-25,24.763,25.117,24.658,25.002,495161,0
2016-08-26,24.962,25.116,24.648,24.758,482262,0
2016-08-29,24.819,24.992,24.658,24.801,579482,0
2016-08-30,24.733,25.25,24.733,25.144,536871,0
2016-08-31,25.184,25.327,24.992,25.317,460895,0
2016-09-01,25.25,25.46,24.868,25.184,689945,0
2016-09-02,25.154,25.451,24.925,25.394,500249,0
2016-09-06,25.527,25.603,25.108,25.593,605575,0
2016-09-07,25.508,25.699,25.394,25.669,621501,0
2016-09-08,25.489,25.756,25.413,25.663,407618,0
2016-09-09,25.613,25.718,25.193,25.202,428853,0
2016-09-12,25.126,25.584,24.925,25.527,481818,0
2016-09-13,25.25,25.547,25.154,25.288,501548,0
2016-09-14,24.743,25.403,24.743,25.174,322969,0
2016-09-15,25.202,25.547,25.012,25.537,439941,0
2016-09-16,25.489,25.489,25.144,25.431,1102270,0
2016-09-19,25.431,25.663,25.202,25.499,424063,0
2016-09-20,25.48,25.499,25.231,25.347,415550,0
2016-09-21,25.394,25.547,25.088,25.364,629846,0
2016-09-22,25.384,25.938,25.308,25.785,956388,0
2016-09-23,25.718,25.718,25.317,25.374,569004,0
2016-09-26,25.184,25.221,24.962,25.012,719968,0
2016-09-27,25.012,25.154,24.877,24.982,500646,0
2016-09-28,25.031,25.116,24.672,25.068,608823,0
2016-09-29,25.144,25.775,25.083,25.413,997898,0
2016-09-30,25.431,25.752,25.269,25.643,809512,0
2016-10-03,25.565,25.669,25.064,25.228,661170,0
2016-10-04,25.228,25.372,24.998,25.335,475669,0
2016-10-05,25.345,25.488,25.306,25.372,351415,0
2016-10-06,25.286,25.536,25.181,25.45,431078,0
2016-10-07,25.479,25.613,25.392,25.488,679424,0
2016-10-10,25.536,25.786,25.498,25.776,369627,0
2016-10-11,25.796,26.364,25.516,26.314,812987,0
2016-10-12,26.383,26.873,26.287,26.758,748479,0
2016-10-13,26.565,26.661,26.421,26.508,645918,0
2016-10-14,26.72,26.854,26.536,26.622,366682,0
2016-10-17,26.651,26.912,26.632,26.641,622001,0
2016-10-18,26.748,26.912,26.258,26.287,536385,0
2016-10-19,26.45,26.575,26.104,26.238,435711,0
2016-10-20,26.123,26.123,25.325,25.392,568091,0
2016-10-21,25.401,25.411,25.113,25.345,362623,0
2016-10-24,25.508,25.921,25.132,25.257,541485,0
2016-10-25,25.219,25.392,25.094,25.257,290552,0
2016-10-26,25.247,25.526,24.968,25.008,498677,0
2016-10-27,25.018,25.094,24.864,25.094,300388,0
2016-10-28,25.141,25.44,24.911,25.181,316793,0
2016-10-31,25.132,25.488,25.028,25.382,702118,0
2016-11-01,25.353,25.382,24.71,24.757,527298,0
2016-11-02,24.612,24.95,24.603,24.854,792798,0
2016-11-03,24.594,25.19,24.401,24.469,562234,0
2016-11-04,24.439,24.526,23.93,23.969,914643,0
2016-11-07,24.142,24.541,24.026,24.152,983333,0
2016-11-08,24.075,24.469,23.853,24.383,567309,0
2016-11-09,24.449,25.247,24.122,25.123,789689,0
2016-11-10,25.392,25.796,25.353,25.488,703036,0
2016-11-11,25.074,25.141,24.478,24.661,1943698,0
2016-11-14,24.777,25.362,24.777,25.064,1180101,0
2016-11-15,24.815,24.93,24.555,24.641,1389166,0
2016-11-16,24.584,25.094,24.373,24.94,1003127,0
2016-11-17,24.864,25.074,24.622,25.044,920261,0
2016-11-18,25.008,25.141,24.757,24.968,554002,0
2016-11-21,25.132,25.247,24.864,25.181,536139,0
2016-11-22,25.296,25.333,24.555,24.681,878029,0
2016-11-23,24.854,25.008,24.671,24.95,442789,0
2016-11-25,25.094,25.325,25.008,25.123,247563,0
2016-11-28,25.151,25.257,24.805,24.834,760376,0
2016-11-29,24.844,24.958,24.69,24.921,806653,0
2016-11-30,25.044,25.084,24.439,24.488,839511,0
2016-12-01,24.641,25.008,24.594,24.834,1115014,0
2016-12-02,24.767,24.837,24.314,24.622,735398,0
2016-12-05,24.681,25.008,24.599,24.978,619095,0
2016-12-06,25.113,25.325,24.786,25.296,555481,0
2016-12-07,25.401,25.767,25.296,25.729,826234,0
2016-12-08,25.643,26.728,25.643,26.671,973543,0
2016-12-09,26.767,27.056,26.478,26.71,802498,0
2016-12-12,26.825,27.094,26.71,26.903,785070,0
2016-12-13,26.949,27.066,26.738,26.863,716384,0
2016-12-14,26.912,26.931,26.392,26.527,874726,0
2016-12-15,26.632,26.88,26.238,26.287,982142,0
2016-12-16,26.421,27.066,26.359,27.008,2141713,0
2016-12-19,27.392,27.392,26.806,26.949,799826,0
2016-12-20,26.998,27.133,26.546,26.71,622745,0
2016-12-21,26.738,26.969,26.555,26.873,515052,0
2016-12-22,27.008,27.008,26.354,26.508,537530,0
2016-12-23,26.46,26.796,26.364,26.632,348687,0
2016-12-27,26.728,26.931,26.653,26.691,395556,0
2016-12-28,26.71,26.722,26.46,26.527,358421,0
2016-12-29,26.478,26.721,26.304,26.44,273694,0
2016-12-30,26.478,26.615,26.285,26.498,349018,0
2017-01-03,26.662,26.662,26.072,26.391,599054,0
2017-01-04,26.498,26.721,26.353,26.508,621813,0
2017-01-05,26.565,26.605,26.295,26.45,515749,0
2017-01-06,26.595,26.721,26.333,26.615,488236,0
2017-01-09,26.642,26.642,26.13,26.189,564642,0
2017-01-10,26.217,26.41,26.101,26.401,439459,0
2017-01-11,26.391,26.575,26.217,26.44,349816,0
2017-01-12,26.382,26.42,26.063,26.149,465685,0
2017-01-13,26.304,26.488,26.072,26.197,299758,0
2017-01-17,26.276,26.316,25.941,26.12,382598,0
2017-01-18,26.189,26.295,25.927,26.091,518858,0
2017-01-19,26.091,26.295,25.724,25.811,523980,0
2017-01-20,25.859,25.976,25.627,25.694,692624,0
2017-01-23,25.684,25.961,25.656,25.753,615470,0
2017-01-24,25.821,25.936,25.762,25.917,652916,0
2017-01-25,25.966,26.184,25.835,25.936,923349,0
2017-01-26,25.927,26.12,25.878,25.936,633593,0
2017-01-27,25.907,25.907,25.473,25.771,808467,0
2017-01-30,25.665,25.821,25.433,25.501,874603,0
2017-01-31,25.559,25.742,25.341,25.54,324855,0
2017-02-01,25.569,26.023,25.535,25.781,647355,0
2017-02-02,25.869,26.063,25.77,25.801,480429,0
2017-02-03,25.878,26.217,25.724,26.207,750713,0
2017-02-06,26.226,26.325,25.936,25.994,677808,0
2017-02-07,26.14,26.343,25.903,25.936,648569,0
2017-02-08,25.966,26.343,25.753,26.159,912675,0
2017-02-09,26.169,26.524,26.063,26.41,421710,0
2017-02-10,26.498,26.682,26.377,26.605,389113,0
2017-02-13,26.729,26.952,26.565,26.952,578244,0
2017-02-14,26.914,27.03,26.672,26.982,598583,0
2017-02-15,26.856,26.875,26.468,26.542,927256,0
2017-02-16,26.642,26.721,26.363,26.642,563145,0
2017-02-17,26.615,26.615,26.391,26.46,626888,0
2017-02-21,26.623,26.764,26.478,26.729,738617,0
2017-02-22,26.633,26.972,26.546,26.865,773488,0
2017-02-23,27.011,27.011,26.739,26.875,505000,0
2017-02-24,26.846,26.905,26.595,26.769,478923,0
2017-02-27,25.152,25.162,21.542,21.62,9104164,0
2017-02-28,21.427,22.269,20.836,22.259,5167733,0
2017-03-01,22.463,22.985,22.23,22.423,2059909,0
2017-03-02,22.385,22.695,22.104,22.21,1741048,0
2017-03-03,22.23,22.326,21.844,22.288,1246566,0
2017-03-06,22.075,22.23,21.601,21.63,1225897,0
2017-03-07,21.62,21.659,21.272,21.417,1340593,0
2017-03-08,21.359,21.582,21.103,21.127,914038,0
2017-03-09,21.145,21.282,20.72,20.759,1583692,0
2017-03-10,20.7,20.876,20.478,20.749,1429832,0
2017-03-13,20.764,21.175,20.672,20.913,1494138,0
2017-03-14,20.953,21.098,20.816,21.03,991493,0
2017-03-15,21.127,21.252,20.903,21.04,1735772,0
2017-03-16,21.058,21.195,20.841,20.913,1633001,0
2017-03-17,18.842,18.872,16.549,17.013,13406133,0
2017-03-20,16.907,16.985,16.172,16.277,4493283,0
2017-03-21,16.277,16.481,16.045,16.23,4052073,0
2017-03-22,16.23,16.424,16.089,16.394,3128425,0
2017-03-23,16.355,17.255,16.24,17.217,4401241,0
2017-03-24,17.245,17.788,17.188,17.739,3677549,0
2017-03-27,17.546,17.924,17.323,17.759,3109505,0
2017-03-28,17.788,18.098,17.71,18.048,1775140,0
2017-03-29,18.04,18.253,17.894,17.991,1415117,0
2017-03-30,18.049,18.216,17.878,18.186,1222318,0
2017-03-31,18.186,18.258,17.981,18.03,1770193,0
2017-04-03,17.845,18.011,17.767,17.85,1957005,0
2017-04-04,20.306,22.103,19.925,21.439,16856225,0
2017-04-05,21.409,21.439,19.603,19.71,9483887,0
2017-04-06,19.613,19.72,18.792,18.802,4130764,0
2017-04-07,18.792,18.792,18.372,18.44,3035379,0
2017-04-10,18.518,18.734,18.186,18.43,2863874,0
2017-04-11,17.336,17.464,13.195,14.943,23901187,0
2017-04-12,15.628,16.233,14.953,15.813,9198644,0
2017-04-13,15.93,15.999,15.1,15.188,3401297,0
2017-04-17,15.237,15.452,14.953,15.217,3016985,0
2017-04-18,15.188,15.402,15.105,15.383,1755532,0
2017-04-19,15.462,15.803,15.207,15.462,1742243,0
2017-04-20,15.568,15.578,15.324,15.52,1231247,0
2017-04-21,15.578,15.696,15.429,15.638,1525462,0
2017-04-24,15.823,15.92,15.334,15.354,2334007,0
2017-04-25,15.422,15.608,15.393,15.5,1314578,0
2017-04-26,15.471,15.896,15.432,15.666,1764470,0
2017-04-27,15.735,16.096,15.666,16.018,2214737,0
2017-04-28,16.057,16.057,15.559,15.676,1335833,0
2017-05-01,15.774,15.999,15.5,15.803,2287039,0
2017-05-02,15.422,15.803,14.709,15.041,3189993,0
2017-05-03,14.983,15.09,14.846,14.855,1590896,0
2017-05-04,14.924,15.237,14.875,15.168,1517044,0
2017-05-05,15.227,15.412,15.119,15.237,1501175,0
2017-05-08,15.149,15.237,14.885,15.11,2895032,0
2017-05-09,14.367,14.397,11.847,12.512,9710676,0
2017-05-10,12.688,13.323,12.535,13.092,4485652,0
2017-05-11,13.01,13.215,12.707,13.107,1768072,0
2017-05-12,13.049,13.401,12.814,12.814,1807653,0
2017-05-15,12.854,13.013,12.56,12.61,2490853,0
2017-05-16,12.59,12.688,12.101,12.131,3423380,0
2017-05-17,12.023,12.121,11.653,11.691,2264256,0
2017-05-18,11.809,11.887,11.731,11.789,1484219,0
2017-05-19,11.847,12.072,11.633,11.847,1906177,0
2017-05-22,11.867,12.012,11.525,11.681,1971774,0
2017-05-23,11.759,12.004,11.593,11.897,1273901,0
2017-05-24,11.916,12.17,11.911,12.062,1380557,0
2017-05-25,12.121,12.287,12.062,12.16,1447792,0
2017-05-26,12.951,14.182,12.941,13.691,8731286,0
2017-05-30,13.615,13.615,12.541,12.55,4314837,0
2017-05-31,12.697,12.878,12.092,12.834,5672011,0
2017-06-01,12.55,13.879,12.462,13.713,4297023,0
2017-06-02,13.723,13.723,12.824,13.205,3455632,0
2017-06-05,13.069,13.263,12.707,12.746,2379637,0
2017-06-06,12.717,13.078,12.434,12.971,2251607,0
2017-06-07,13.293,14.142,13.097,13.195,3117343,0
2017-06-08,13.253,13.908,13.147,13.752,2847435,0
2017-06-09,13.742,13.752,12.922,13.049,3682892,0
2017-06-12,13.0,13.596,12.971,13.411,2308860,0
2017-06-13,13.411,13.723,13.195,13.527,2681226,0
2017-06-14,13.508,13.762,13.205,13.684,2651549,0
2017-06-15,13.508,13.882,13.454,13.684,1955130,0
2017-06-16,13.674,13.801,13.342,13.782,4981817,0
2017-06-19,13.791,13.87,13.555,13.713,1646320,0
2017-06-20,13.664,13.752,13.547,13.615,2201292,0
2017-06-21,13.606,13.674,13.215,13.303,2291296,0
2017-06-22,13.332,14.021,13.323,13.888,1920337,0
2017-06-23,13.928,14.074,13.689,14.006,11192367,0
2017-06-26,14.114,14.519,13.928,14.221,2510866,0
2017-06-27,14.202,14.626,14.001,14.553,1901455,0
2017-06-28,14.592,15.266,14.553,15.071,3274919,0
2017-06-29,15.229,15.457,14.794,15.16,2282615,0
2017-06-30,15.15,15.258,14.893,14.952,2105869,0
2017-07-03,14.942,15.128,14.755,14.952,1616618,0
2017-07-05,14.932,15.036,14.537,14.715,2274418,0
2017-07-06,14.666,14.784,14.468,14.577,2595345,0
2017-07-07,15.357,15.535,14.695,15.11,4152946,0
2017-07-10,15.071,15.209,14.676,14.794,1567144,0
2017-07-11,14.784,14.962,14.424,14.952,1557035,0
2017-07-12,14.962,15.09,14.824,14.942,1524785,0
2017-07-13,14.932,14.932,14.695,14.804,1971991,0
2017-07-14,14.794,15.169,14.666,15.061,984370,0
2017-07-17,15.021,15.14,14.883,15.021,914964,0
2017-07-18,15.031,15.219,14.893,15.1,1426198,0
2017-07-19,15.14,15.466,15.1,15.397,1240831,0
2017-07-20,15.367,15.535,15.278,15.525,743903,0
2017-07-21,15.584,15.584,15.219,15.288,1485318,0
2017-07-24,15.258,15.535,15.16,15.525,1001513,0
2017-07-25,15.564,16.167,15.564,16.058,1650318,0
2017-07-26,16.098,16.098,15.851,15.93,951795,0
2017-07-27,15.95,15.95,15.574,15.624,1141643,0
2017-07-28,15.624,15.772,15.466,15.653,849045,0
2017-07-31,15.713,15.91,15.653,15.801,1473674,0
2017-08-01,15.89,15.94,15.693,15.821,976187,0
2017-08-02,15.821,15.866,15.614,15.782,1068090,0
2017-08-03,15.752,16.009,15.643,15.663,655653,0
2017-08-04,15.703,15.792,15.476,15.673,734265,0
2017-08-07,15.653,15.851,15.634,15.752,1152606,0
2017-08-08,15.555,15.93,15.456,15.703,1518886,0
2017-08-09,15.011,15.801,13.629,14.053,3268101,0
2017-08-10,13.945,13.984,13.55,13.649,1513288,0
2017-08-11,13.649,14.024,13.629,13.905,1216198,0
2017-08-14,13.974,14.197,13.876,13.886,1076661,0
2017-08-15,13.905,13.965,13.658,13.816,1421194,0
2017-08-16,13.836,14.063,13.589,13.619,1462859,0
2017-08-17,13.639,13.846,13.441,13.461,1140392,0
2017-08-18,13.382,13.737,13.293,13.53,1292419,0
2017-08-21,13.57,13.57,13.244,13.303,924810,0
2017-08-22,13.372,13.451,13.105,13.155,1219762,0
2017-08-23,13.066,13.382,13.036,13.283,1214318,0
2017-08-24,13.283,13.456,13.138,13.323,877446,0
2017-08-25,13.352,13.5,13.342,13.392,914910,0
2017-08-28,13.372,13.372,12.937,13.283,1063844,0
2017-08-29,13.086,13.184,12.355,12.394,2415973,0
2017-08-30,12.365,12.582,12.187,12.473,1634969,0
2017-08-31,12.523,12.602,12.207,12.246,2793800,0
2017-09-01,12.325,12.582,12.236,12.286,1315228,0
2017-09-05,12.217,12.217,11.338,11.357,2429435,0
2017-09-06,11.377,11.752,11.219,11.634,1923118,0
2017-09-07,11.594,11.614,11.278,11.382,1493514,0
2017-09-08,11.278,11.713,11.229,11.575,1141830,0
2017-09-11,11.772,12.217,11.772,11.96,1569259,0
2017-09-12,11.999,12.256,11.999,12.246,1066539,0
2017-09-13,12.147,12.908,12.147,12.839,1752105,0
2017-09-14,12.839,12.977,12.651,12.849,1987638,0
2017-09-15,12.829,12.977,12.77,12.888,2110396,0
2017-09-18,12.898,12.967,12.72,12.809,1220721,0
2017-09-19,12.799,12.987,12.621,12.73,1209100,0
2017-09-20,12.74,12.77,12.612,12.74,930667,0
2017-09-21,12.73,12.908,12.573,12.799,853576,0
2017-09-22,12.789,13.214,12.789,13.115,1047308,0
2017-09-25,13.036,13.036,12.631,12.819,1208608,0
2017-09-26,12.73,13.016,12.69,12.858,881592,0
2017-09-27,12.967,13.357,12.849,13.313,1129093,0
2017-09-28,13.283,13.56,13.125,13.53,799856,0
2017-09-29,13.5,13.61,13.39,13.46,887865,0
2017-10-02,13.51,14.04,13.4,13.97,1291633,0
2017-10-03,13.95,14.29,13.82,14.12,1689900,0
2017-10-04,14.06,14.12,13.48,13.49,1012239,0
2017-10-05,13.57,13.91,13.5,13.84,841017,0
2017-10-06,13.83,14.35,13.77,13.81,735103,0
2017-10-09,13.86,13.93,13.66,13.72,687132,0
2017-10-10,13.69,13.93,13.67,13.74,748952,0
2017-10-11,13.72,13.805,13.57,13.6,657996,0
2017-10-12,13.56,13.59,13.17,13.58,1202117,0
2017-10-13,13.59,13.88,13.41,13.57,716025,0
2017-10-16,13.47,13.83,13.425,13.55,707112,0
2017-10-17,13.6,13.79,13.53,13.61,673615,0
2017-10-18,13.7301,13.95,13.69,13.91,603158,0
2017-10-19,13.81,14.19,13.79,14.07,514826,0
2017-10-20,14.23,14.23,13.95,14.02,381952,0
2017-10-23,14.0,14.01,13.67,13.8,1045679,0
2017-10-24,13.45,13.56,12.67,12.72,2191364,0
2017-10-25,12.71,12.76,12.27,12.49,1049857,0
2017-10-26,12.62,12.69,12.43,12.49,536310,0
2017-10-27,12.48,12.755,12.3,12.74,581739,0
2017-10-30,12.62,12.96,12.56,12.65,388933,0
2017-10-31,12.65,12.7728,12.48,12.56,662356,0
2017-11-01,12.66,13.08,12.47,12.54,873035,0
2017-11-02,12.52,12.8,12.37,12.46,983647,0
2017-11-03,12.41,12.69,12.3,12.55,875017,0
2017-11-06,12.46,12.71,12.33,12.53,1316131,0
2017-11-07,12.42,13.13,11.84,11.89,3064882,0
2017-11-08,11.79,12.37,11.67,12.26,1946144,0
2017-11-09,11.78,11.83,10.86,10.9,3485273,0
2017-11-10,10.93,11.02,10.27,10.3,2350146,0
