Date,Open,High,Low,Close,Volume,OpenInt
2014-01-02,5.1698,5.1771,5.1344,5.1698,158910,0
2014-01-03,5.1698,5.1915,5.1629,5.1771,87419,0
2014-01-06,5.2053,5.2267,5.1984,5.2267,117690,0
2014-01-07,5.2194,5.2481,5.2194,5.2481,107227,0
2014-01-08,5.2554,5.2763,5.234,5.2554,102383,0
2014-01-09,5.2554,5.3048,5.2554,5.2908,166115,0
2014-01-10,5.4466,5.4681,5.2977,5.3686,375091,0
2014-01-13,5.3955,5.4095,5.374,5.3881,321605,0
2014-01-14,5.3881,5.4095,5.3594,5.3881,208033,0
2014-01-15,5.3955,5.4669,5.3881,5.4454,452733,0
2014-01-16,5.4592,5.4592,5.431,5.4454,170445,0
2014-01-17,5.4669,5.4884,5.4592,5.4592,280090,0
2014-01-21,5.4806,5.5025,5.4381,5.4524,156960,0
2014-01-22,5.4524,5.4806,5.4524,5.4806,162811,0
2014-01-23,5.474,5.4884,5.4524,5.4669,138367,0
2014-01-24,5.4524,5.474,5.338,5.338,187071,0
2014-01-27,5.3453,5.3594,5.2664,5.3025,210487,0
2014-01-28,5.2738,5.3025,5.2454,5.2807,201697,0
2014-01-29,5.2454,5.2738,5.2093,5.2164,198232,0
2014-01-30,5.2807,5.3093,5.2522,5.3093,152644,0
2014-01-31,5.2522,5.3165,5.224,5.2879,123376,0
2014-02-03,5.2953,5.3165,5.224,5.2381,202021,0
2014-02-04,5.2381,5.2738,5.2093,5.2522,71424,0
2014-02-05,5.2594,5.3093,5.2381,5.3093,140664,0
2014-02-06,5.3165,5.3808,5.3025,5.3238,123295,0
2014-02-07,5.338,5.4024,5.338,5.4024,127934,0
2014-02-10,5.3881,5.4592,5.3808,5.4524,169559,0
2014-02-11,5.4669,5.4953,5.4669,5.4806,147365,0
2014-02-12,5.5004,5.5289,5.4714,5.5148,120301,0
2014-02-13,5.486,5.5582,5.4788,5.5582,124831,0
2014-02-14,5.5724,5.5724,5.5004,5.5366,123366,0
2014-02-18,5.5148,5.6009,5.5148,5.5941,179071,0
2014-02-19,5.5648,5.5724,5.486,5.5148,166681,0
2014-02-20,5.5076,5.5506,5.5004,5.522,136917,0
2014-02-21,5.5366,5.5941,5.5289,5.5582,155204,0
2014-02-24,5.5582,5.6081,5.5582,5.5795,155547,0
2014-02-25,5.5864,5.5864,5.522,5.5724,159821,0
2014-02-26,5.5648,5.5864,5.5506,5.5795,147560,0
2014-02-27,5.5724,5.6297,5.5648,5.5941,155719,0
2014-02-28,5.6009,5.6368,5.5941,5.6153,143629,0
2014-03-03,5.5648,5.6081,5.5366,5.5648,162273,0
2014-03-04,5.5941,5.6227,5.5724,5.5941,79246,0
2014-03-05,5.5795,5.6297,5.5795,5.6081,78764,0
2014-03-06,5.6081,5.7018,5.6009,5.673,286940,0
2014-03-07,5.6657,5.673,5.5506,5.5941,158329,0
2014-03-10,5.5864,5.6368,5.5581,5.5795,199347,0
2014-03-11,5.5648,5.5648,5.4214,5.5076,565663,0
2014-03-12,5.5127,5.5414,5.462,5.5127,334719,0
2014-03-13,5.4911,5.5775,5.4911,5.5269,350732,0
2014-03-14,5.5127,5.549,5.4836,5.5127,133669,0
2014-03-17,5.549,5.5631,5.462,5.4766,174797,0
2014-03-18,5.4766,5.5346,5.4472,5.5198,136454,0
2014-03-19,5.5414,5.5775,5.5346,5.5346,205628,0
2014-03-20,5.5269,5.5631,5.5269,5.5346,126069,0
2014-03-21,5.549,5.585,5.5269,5.5269,207642,0
2014-03-24,5.549,5.549,5.4911,5.5052,172345,0
2014-03-25,5.5127,5.5269,5.4472,5.4472,212781,0
2014-03-26,5.4766,5.4983,5.4258,5.4401,250333,0
2014-03-27,5.4472,5.455,5.4042,5.4113,142517,0
2014-03-28,5.4183,5.4766,5.4183,5.469,122446,0
2014-03-31,5.469,5.4836,5.4472,5.469,103053,0
2014-04-01,5.469,5.5559,5.462,5.549,176149,0
2014-04-02,5.5706,5.585,5.5346,5.5631,249320,0
2014-04-03,5.5631,5.5706,5.5052,5.5052,104852,0
2014-04-04,5.5198,5.5269,5.4331,5.4401,108244,0
2014-04-07,5.4401,5.4472,5.3534,5.3534,104429,0
2014-04-08,5.3606,5.3969,5.3534,5.3677,122941,0
2014-04-09,5.4042,5.469,5.4042,5.455,292669,0
2014-04-10,5.3606,5.4472,5.3316,5.3606,500522,0
2014-04-11,5.3658,5.3658,5.3003,5.3364,136334,0
2014-04-14,5.3364,5.3951,5.3003,5.3223,304516,0
2014-04-15,5.3149,5.3295,5.2638,5.3075,127259,0
2014-04-16,5.3149,5.3513,5.2858,5.3439,120221,0
2014-04-17,5.3364,5.3803,5.3364,5.3513,121213,0
2014-04-21,5.3223,5.3658,5.3149,5.3658,164135,0
2014-04-22,5.3439,5.4022,5.3364,5.4022,166550,0
2014-04-23,5.3877,5.4531,5.3732,5.4094,156203,0
2014-04-24,5.4241,5.4241,5.3583,5.3951,178319,0
2014-04-25,5.4022,5.4169,5.3877,5.3951,133780,0
2014-04-28,5.3877,5.3877,5.3149,5.3658,150156,0
2014-04-29,5.3583,5.3583,5.3439,5.3439,112104,0
2014-04-30,5.3439,5.3803,5.3364,5.3658,119448,0
2014-05-01,5.3295,5.3877,5.3295,5.3877,188942,0
2014-05-02,5.3803,5.3877,5.3658,5.3803,111676,0
2014-05-05,5.3803,5.3951,5.3513,5.3877,115108,0
2014-05-06,5.3877,5.4315,5.3732,5.4241,121779,0
2014-05-07,5.4315,5.4969,5.4241,5.4895,275202,0
2014-05-08,5.4821,5.4969,5.4459,5.4531,227745,0
2014-05-09,5.4753,5.4895,5.4603,5.4895,268311,0
2014-05-12,5.4895,5.5116,5.4821,5.5116,124404,0
2014-05-13,5.5018,5.5383,5.5018,5.531,133680,0
2014-05-14,5.5163,5.5241,5.4944,5.5163,117168,0
2014-05-15,5.5241,5.5241,5.4434,5.4653,165535,0
2014-05-16,5.4434,5.4874,5.4141,5.4725,149581,0
2014-05-19,5.4506,5.4653,5.4359,5.4506,136968,0
2014-05-20,5.4434,5.4434,5.3847,5.4434,120255,0
2014-05-21,5.4434,5.5018,5.4359,5.4944,198684,0
2014-05-22,5.4944,5.5241,5.4944,5.5241,111525,0
2014-05-23,5.5383,5.5529,5.5163,5.5529,179337,0
2014-05-27,5.5605,5.5679,5.5459,5.5679,125068,0
2014-05-28,5.5679,5.5971,5.5529,5.5971,166330,0
2014-05-29,5.6045,5.6045,5.5241,5.5679,209338,0
2014-05-30,5.5679,5.5897,5.5605,5.5897,80940,0
2014-06-02,5.5897,5.6116,5.5752,5.6045,125482,0
2014-06-03,5.5971,5.5971,5.5529,5.5897,121078,0
2014-06-04,5.5897,5.6116,5.5605,5.5897,201713,0
2014-06-05,5.5897,5.6045,5.5826,5.6045,126039,0
2014-06-06,5.6045,5.6045,5.5826,5.5826,99768,0
2014-06-09,5.5897,5.6116,5.5752,5.6116,87637,0
2014-06-10,5.6045,5.6263,5.5897,5.6263,77120,0
2014-06-11,5.6242,5.639,5.6021,5.6242,102668,0
2014-06-12,5.6093,5.617,5.5728,5.5871,80540,0
2014-06-13,5.5801,5.617,5.5428,5.5505,143695,0
2014-06-16,5.5581,5.5801,5.536,5.5581,123781,0
2014-06-17,5.565,5.5801,5.5281,5.5505,161949,0
2014-06-18,5.5505,5.6021,5.5428,5.5949,104621,0
2014-06-19,5.5949,5.6093,5.5728,5.5949,75879,0
2014-06-20,5.5871,5.6242,5.5728,5.6093,101618,0
2014-06-23,5.5949,5.6906,5.5801,5.6832,155602,0
2014-06-24,5.639,5.6756,5.5949,5.617,92194,0
2014-06-25,5.6093,5.6536,5.6093,5.6536,85155,0
2014-06-26,5.661,5.6756,5.6093,5.6684,103673,0
2014-06-27,5.6536,5.661,5.6316,5.6536,83095,0
2014-06-30,5.6536,5.6832,5.6242,5.6463,134017,0
2014-07-01,5.661,5.6684,5.6242,5.6316,130009,0
2014-07-02,5.6316,5.6463,5.6093,5.6242,64577,0
2014-07-03,5.6316,5.6536,5.5949,5.6463,45435,0
2014-07-07,5.6316,5.661,5.6093,5.639,77459,0
2014-07-08,5.6316,5.6536,5.5428,5.5505,74680,0
2014-07-09,5.5728,5.5801,5.5428,5.5581,63508,0
2014-07-10,5.5138,5.565,5.5061,5.5581,66783,0
2014-07-11,5.5854,5.5999,5.5705,5.5999,154479,0
2014-07-14,5.5999,5.5999,5.5485,5.5485,73207,0
2014-07-15,5.5408,5.5408,5.4812,5.5185,127991,0
2014-07-16,5.5334,5.563,5.4887,5.4887,121729,0
2014-07-17,5.4963,5.5485,5.459,5.5408,220468,0
2014-07-18,5.5408,5.5408,5.4812,5.5334,112338,0
2014-07-21,5.5259,5.5334,5.5113,5.5334,50191,0
2014-07-22,5.5555,5.5854,5.5408,5.563,90986,0
2014-07-23,5.5778,5.6074,5.5705,5.5854,133385,0
2014-07-24,5.5778,5.6297,5.5485,5.5555,91234,0
2014-07-25,5.5485,5.5705,5.4668,5.5259,150262,0
2014-07-28,5.5036,5.5259,5.4812,5.5036,109407,0
2014-07-29,5.5185,5.5259,5.4743,5.5036,113694,0
2014-07-30,5.4887,5.5705,5.4668,5.5485,333427,0
2014-07-31,5.5036,5.5185,5.3182,5.3255,486267,0
2014-08-01,5.3332,5.3701,5.2884,5.3332,140812,0
2014-08-04,5.3034,5.3332,5.2884,5.3255,109164,0
2014-08-05,5.3255,5.3332,5.2884,5.3034,124436,0
2014-08-06,5.3034,5.3332,5.2811,5.3182,89265,0
2014-08-07,5.3479,5.3479,5.2884,5.3034,142951,0
2014-08-08,5.3255,5.3775,5.2961,5.3701,75809,0
2014-08-11,5.3997,5.4074,5.3775,5.3997,113919,0
2014-08-12,5.4074,5.4074,5.3332,5.3701,93072,0
2014-08-13,5.3756,5.4055,5.353,5.3902,99076,0
2014-08-14,5.383,5.4277,5.383,5.4201,56543,0
2014-08-15,5.4426,5.4426,5.3677,5.4201,66672,0
2014-08-18,5.4351,5.4797,5.4277,5.4652,107469,0
2014-08-19,5.4351,5.4426,5.4351,5.4426,72869,0
2014-08-20,5.4351,5.4724,5.4128,5.4576,49667,0
2014-08-21,5.4797,5.5395,5.4652,5.5321,314716,0
2014-08-22,5.5249,5.5395,5.4797,5.5169,80579,0
2014-08-25,5.5169,5.5169,5.4797,5.5024,93459,0
2014-08-26,5.4949,5.5321,5.4797,5.4876,91702,0
2014-08-27,5.4876,5.4949,5.4201,5.4351,258760,0
2014-08-28,5.4426,5.4652,5.4055,5.4576,132022,0
2014-08-29,5.4724,5.4876,5.4351,5.4797,127991,0
2014-09-02,5.4724,5.4949,5.4576,5.4724,118774,0
2014-09-03,5.4876,5.4949,5.4426,5.4797,94608,0
2014-09-04,5.4876,5.4949,5.4426,5.4502,84900,0
2014-09-05,5.4201,5.4426,5.4128,5.4351,150154,0
2014-09-08,5.4201,5.4277,5.383,5.3978,100976,0
2014-09-09,5.383,5.4128,5.383,5.3978,115546,0
2014-09-10,5.4055,5.4055,5.338,5.383,232235,0
2014-09-11,5.3882,5.3882,5.3506,5.3806,84520,0
2014-09-12,5.3806,5.3806,5.328,5.3506,120738,0
2014-09-15,5.3657,5.4032,5.343,5.3732,208925,0
2014-09-16,5.3732,5.3806,5.3054,5.3355,116541,0
2014-09-17,5.358,5.358,5.3131,5.328,131895,0
2014-09-18,5.358,5.3732,5.2981,5.328,336982,0
2014-09-19,5.3131,5.328,5.2603,5.3131,210723,0
2014-09-22,5.2905,5.3054,5.2526,5.2603,108895,0
2014-09-23,5.2603,5.2679,5.223,5.2456,131232,0
2014-09-24,5.2526,5.2603,5.2004,5.2603,229997,0
2014-09-25,5.2379,5.2456,5.1628,5.1852,129746,0
2014-09-26,5.1926,5.2076,5.1778,5.1852,135796,0
2014-09-29,5.14,5.1699,5.0876,5.0952,300774,0
2014-09-30,5.0876,5.11,5.035,5.1026,244540,0
2014-10-01,5.0802,5.0952,5.0574,5.065,161721,0
2014-10-02,5.0725,5.0802,5.0125,5.0574,218796,0
2014-10-03,5.0725,5.0725,5.0272,5.065,142233,0
2014-10-06,5.0802,5.0802,5.0426,5.0499,103407,0
2014-10-07,5.0426,5.0426,5.0125,5.0272,184980,0
2014-10-08,5.0426,5.0426,4.99,5.035,161098,0
2014-10-09,5.035,5.035,4.96,4.9747,125033,0
2014-10-10,4.9802,4.9878,4.8743,4.8893,214638,0
2014-10-13,4.8893,4.8893,4.7378,4.7456,166229,0
2014-10-14,4.7302,4.7834,4.7153,4.7682,203709,0
2014-10-15,4.7076,4.7302,4.5942,4.6775,262824,0
2014-10-16,4.6242,4.7604,4.6242,4.7302,247644,0
2014-10-17,4.7604,4.8588,4.7604,4.8362,183489,0
2014-10-20,4.8362,4.9045,4.8362,4.8969,109272,0
2014-10-21,4.9196,4.9802,4.912,4.9802,101172,0
2014-10-22,4.9878,5.0179,4.9346,4.9575,109663,0
2014-10-23,5.0029,5.0634,4.9878,5.0407,112556,0
2014-10-24,5.0481,5.071,5.0179,5.071,77292,0
2014-10-27,5.0558,5.0634,5.0407,5.0558,57085,0
2014-10-28,5.071,5.1087,5.0407,5.071,113351,0
2014-10-29,5.071,5.071,4.9952,4.9952,178224,0
2014-10-30,5.0105,5.0105,4.9802,4.9952,138090,0
2014-10-31,5.0407,5.0481,5.0179,5.0407,167998,0
2014-11-03,5.0634,5.0634,5.0179,5.0481,135854,0
2014-11-04,5.0407,5.0407,4.9802,5.0179,135775,0
2014-11-05,5.0407,5.0407,4.9802,5.0179,159131,0
2014-11-06,5.0179,5.0179,4.9802,5.0105,241664,0
2014-11-07,5.0179,5.0179,4.9648,4.9878,142572,0
2014-11-10,4.9878,4.9878,4.9501,4.9648,161297,0
2014-11-11,4.9726,5.0105,4.9501,5.0105,143999,0
2014-11-12,5.0079,5.0462,4.9853,5.0312,149674,0
2014-11-13,5.0384,5.0384,4.9777,5.0079,118608,0
2014-11-14,4.993,4.993,4.97,4.9853,76122,0
2014-11-17,4.9624,4.97,4.9315,4.9315,167597,0
2014-11-18,4.9315,4.9853,4.9089,4.9777,156061,0
2014-11-19,4.9546,4.97,4.9243,4.9624,97454,0
2014-11-20,4.9315,4.9777,4.9243,4.9624,94223,0
2014-11-21,4.993,5.0079,4.9624,4.9624,112112,0
2014-11-24,4.9853,4.993,4.97,4.993,91679,0
2014-11-25,4.993,5.0234,4.9777,5.0234,115358,0
2014-11-26,5.0539,5.0539,5.0157,5.0539,118351,0
2014-11-28,5.0539,5.0539,5.0079,5.0157,46401,0
2014-12-01,4.9853,5.0234,4.9546,4.9853,145262,0
2014-12-02,4.993,5.0006,4.9398,4.9398,123628,0
2014-12-03,4.9398,4.9624,4.9398,4.9398,182407,0
2014-12-04,4.9398,4.9546,4.9167,4.9315,189686,0
2014-12-05,4.9398,4.97,4.9167,4.97,141534,0
2014-12-08,4.9624,4.97,4.9013,4.9013,169147,0
2014-12-09,4.9013,4.9315,4.8786,4.9315,416434,0
2014-12-10,4.9315,4.9315,4.833,4.833,165458,0
2014-12-11,4.861,4.8688,4.7919,4.7919,298248,0
2014-12-12,4.7612,4.7997,4.723,4.7305,202598,0
2014-12-15,4.7766,4.7919,4.6997,4.7154,95019,0
2014-12-16,4.6844,4.723,4.6459,4.6459,219736,0
2014-12-17,4.6539,4.7539,4.6384,4.7539,270472,0
2014-12-18,4.7612,4.8302,4.7612,4.8076,291987,0
2014-12-19,4.8151,4.8461,4.7766,4.8382,310454,0
2014-12-22,4.8229,4.8382,4.7766,4.8151,210890,0
2014-12-23,4.8229,4.8382,4.7997,4.8302,238732,0
2014-12-24,4.8302,4.8461,4.7845,4.8461,173824,0
2014-12-26,4.8461,4.8996,4.8229,4.8996,141907,0
2014-12-29,4.8688,4.8841,4.8382,4.8536,135464,0
2014-12-30,4.8382,4.8536,4.8076,4.8151,210390,0
2014-12-31,4.8382,4.8536,4.7997,4.8382,219054,0
2015-01-02,4.8382,4.861,4.8076,4.8302,157657,0
2015-01-05,4.8302,4.8302,4.7539,4.7997,313872,0
2015-01-06,4.7997,4.8302,4.7612,4.7919,181151,0
2015-01-07,4.8151,4.8536,4.7997,4.8302,265980,0
2015-01-08,4.861,4.9072,4.8382,4.8841,187897,0
2015-01-09,4.9072,4.9383,4.8151,4.9072,301601,0
2015-01-12,4.8766,4.8841,4.8151,4.8536,180640,0
2015-01-13,4.8667,4.89,4.8126,4.8667,171007,0
2015-01-14,4.8281,4.9055,4.8126,4.8822,393347,0
2015-01-15,4.89,4.9055,4.8588,4.89,158952,0
2015-01-16,4.8512,4.9055,4.8281,4.9055,169937,0
2015-01-20,4.8977,4.9133,4.8437,4.8822,113594,0
2015-01-21,4.89,4.9207,4.8745,4.9207,217475,0
2015-01-22,4.9289,4.9597,4.8667,4.9439,409233,0
2015-01-23,4.9365,4.9827,4.9207,4.9597,363884,0
2015-01-26,4.9439,4.9827,4.9365,4.9749,211451,0
2015-01-27,4.9519,4.9673,4.9133,4.9439,185684,0
2015-01-28,4.9673,4.9673,4.8977,4.8977,203509,0
2015-01-29,4.9055,4.9365,4.8745,4.9055,192485,0
2015-01-30,4.9055,4.9055,4.8512,4.8822,312057,0
2015-02-02,4.8822,4.9133,4.8357,4.9133,314908,0
2015-02-03,4.9133,5.0139,4.8977,5.0139,287251,0
2015-02-04,4.9749,5.0214,4.9673,5.0214,145979,0
2015-02-05,5.0139,5.0369,5.0059,5.029,84384,0
2015-02-06,5.029,5.0369,4.9749,5.0214,112994,0
2015-02-09,4.9981,4.9981,4.9827,4.9827,113850,0
2015-02-10,4.9903,5.0059,4.9673,5.0059,101696,0
2015-02-11,5.035,5.0426,4.9957,5.0269,129838,0
2015-02-12,5.0426,5.0972,5.0269,5.0972,224887,0
2015-02-13,5.0972,5.1051,5.066,5.0736,124820,0
2015-02-17,5.0736,5.0894,4.9957,5.035,503452,0
2015-02-18,5.035,5.066,5.0114,5.0583,195763,0
2015-02-19,5.0815,5.0815,5.035,5.0736,189831,0
2015-02-20,5.0736,5.1051,5.0583,5.0972,115601,0
2015-02-23,5.0736,5.1051,5.0736,5.0894,183873,0
2015-02-24,5.0736,5.1127,5.0736,5.1127,161343,0
2015-02-25,5.0972,5.1283,5.0972,5.1205,192800,0
2015-02-26,5.136,5.1592,5.0972,5.1592,282744,0
2015-02-27,5.1205,5.1674,5.1205,5.1205,193292,0
2015-03-02,5.1283,5.1674,5.1283,5.1592,242757,0
2015-03-03,5.1441,5.1592,5.136,5.1518,129462,0
2015-03-04,5.1518,5.1986,5.1283,5.1986,193232,0
2015-03-05,5.1986,5.2294,5.1986,5.2061,122917,0
2015-03-06,5.2061,5.2142,5.1441,5.1674,235052,0
2015-03-09,5.1674,5.2061,5.1674,5.2061,132798,0
2015-03-10,5.1674,5.175,5.136,5.1592,199643,0
2015-03-11,5.173,5.1887,5.149,5.173,182050,0
2015-03-12,5.1887,5.1887,5.1569,5.173,178101,0
2015-03-13,5.1651,5.1651,5.1099,5.1416,135679,0
2015-03-16,5.1416,5.2198,5.1416,5.2198,196066,0
2015-03-17,5.1887,5.2198,5.1651,5.2198,105104,0
2015-03-18,5.1651,5.2669,5.1651,5.2276,346646,0
2015-03-19,5.2043,5.259,5.2043,5.2434,202435,0
2015-03-20,5.2513,5.3061,5.2434,5.2907,160390,0
2015-03-23,5.2827,5.3223,5.2827,5.3061,179373,0
2015-03-24,5.2985,5.3061,5.259,5.2827,138991,0
2015-03-25,5.2985,5.2985,5.2434,5.259,258102,0
2015-03-26,5.259,5.275,5.1962,5.275,353781,0
2015-03-27,5.275,5.275,5.2276,5.259,76950,0
2015-03-30,5.259,5.2907,5.259,5.2907,99625,0
2015-03-31,5.2827,5.2827,5.2513,5.275,100790,0
2015-04-01,5.275,5.2907,5.2513,5.2513,212625,0
2015-04-02,5.259,5.275,5.2513,5.2513,111476,0
2015-04-06,5.2358,5.2985,5.2276,5.2985,82170,0
2015-04-07,5.2907,5.3298,5.275,5.3142,212030,0
2015-04-08,5.3223,5.3611,5.3142,5.3534,127778,0
2015-04-09,5.3534,5.4081,5.3298,5.4002,178127,0
2015-04-10,5.4163,5.4319,5.3849,5.4163,153005,0
2015-04-13,5.4139,5.4691,5.406,5.4691,263814,0
2015-04-14,5.4612,5.477,5.4295,5.477,181822,0
2015-04-15,5.4691,5.5322,5.4612,5.5322,318819,0
2015-04-16,5.5246,5.5246,5.477,5.477,149773,0
2015-04-17,5.477,5.477,5.3664,5.4139,89712,0
2015-04-20,5.4376,5.477,5.4139,5.4691,97903,0
2015-04-21,5.477,5.477,5.4216,5.4376,122986,0
2015-04-22,5.4376,5.4691,5.4376,5.4691,104300,0
2015-04-23,5.4612,5.5087,5.4456,5.4926,223957,0
2015-04-24,5.4691,5.477,5.4295,5.4612,243152,0
2015-04-27,5.4691,5.485,5.4295,5.4376,191186,0
2015-04-28,5.4376,5.4376,5.4139,5.4295,211935,0
2015-04-29,5.4295,5.4376,5.406,5.4216,133739,0
2015-04-30,5.4216,5.4216,5.3583,5.3664,185618,0
2015-05-01,5.3821,5.39,5.3504,5.3745,139939,0
2015-05-04,5.39,5.39,5.3504,5.3504,120582,0
2015-05-05,5.3266,5.3504,5.3113,5.3427,158790,0
2015-05-06,5.3427,5.3504,5.3032,5.3188,223483,0
2015-05-07,5.3032,5.3504,5.2872,5.3504,187178,0
2015-05-08,5.39,5.4376,5.3583,5.4376,173220,0
2015-05-11,5.4139,5.4456,5.39,5.4216,321764,0
2015-05-12,5.406,5.4216,5.3821,5.406,133941,0
2015-05-13,5.4114,5.4114,5.3716,5.3795,159461,0
2015-05-14,5.4194,5.4591,5.4114,5.4513,260366,0
2015-05-15,5.4274,5.4354,5.4035,5.4035,100852,0
2015-05-18,5.4035,5.4433,5.3877,5.4433,99033,0
2015-05-19,5.4433,5.4671,5.4274,5.4433,132251,0
2015-05-20,5.4513,5.4832,5.4274,5.4754,242646,0
2015-05-21,5.4754,5.515,5.4671,5.515,157451,0
2015-05-22,5.515,5.5308,5.4991,5.507,96632,0
2015-05-26,5.507,5.507,5.4591,5.4832,147664,0
2015-05-27,5.4832,5.523,5.4832,5.523,126038,0
2015-05-28,5.507,5.5308,5.507,5.5308,55883,0
2015-05-29,5.523,5.5388,5.4991,5.4991,175042,0
2015-06-01,5.4991,5.5308,5.4912,5.5308,161046,0
2015-06-02,5.515,5.515,5.4591,5.4832,124011,0
2015-06-03,5.4912,5.4991,5.4671,5.4671,108447,0
2015-06-04,5.4513,5.4591,5.4274,5.4274,76905,0
2015-06-05,5.4274,5.4513,5.3716,5.4114,91608,0
2015-06-08,5.4114,5.4114,5.3877,5.4035,114353,0
2015-06-09,5.4035,5.4114,5.3877,5.3877,266226,0
2015-06-10,5.4035,5.4114,5.3241,5.332,153541,0
2015-06-11,5.3456,5.3536,5.3054,5.3134,118918,0
2015-06-12,5.3054,5.3373,5.3054,5.3294,66754,0
2015-06-15,5.2894,5.3615,5.2813,5.3373,57899,0
2015-06-16,5.3373,5.3373,5.2894,5.2975,91337,0
2015-06-17,5.2975,5.3373,5.2975,5.3373,63139,0
2015-06-18,5.3456,5.3694,5.3294,5.3615,177562,0
2015-06-19,5.3536,5.3694,5.3373,5.3456,62887,0
2015-06-22,5.3615,5.3694,5.3054,5.3456,173566,0
2015-06-23,5.3456,5.3936,5.3373,5.3776,89489,0
2015-06-24,5.3615,5.3776,5.3294,5.3456,64013,0
2015-06-25,5.3536,5.3694,5.2654,5.2813,176686,0
2015-06-26,5.2813,5.2813,5.217,5.2254,211244,0
2015-06-29,5.1691,5.1772,5.081,5.0971,193031,0
2015-06-30,5.1452,5.1534,5.0166,5.137,145180,0
2015-07-01,5.137,5.1772,5.137,5.1612,135011,0
2015-07-02,5.1534,5.1851,5.137,5.1534,180677,0
2015-07-06,5.1291,5.1291,5.0971,5.121,104936,0
2015-07-07,5.1131,5.1131,5.0488,5.1053,190411,0
2015-07-08,5.0571,5.0891,5.0252,5.0409,131516,0
2015-07-09,5.0409,5.065,4.993,5.0166,142993,0
2015-07-10,5.0329,5.1131,5.0252,5.1131,159965,0
2015-07-13,5.1433,5.1752,5.1105,5.1752,114323,0
2015-07-14,5.1268,5.1832,5.1268,5.1433,146029,0
2015-07-15,5.151,5.2073,5.1348,5.1832,197786,0
2015-07-16,5.1832,5.2398,5.1673,5.2398,96858,0
2015-07-17,5.2398,5.2479,5.1752,5.2317,158414,0
2015-07-20,5.2317,5.2317,5.1832,5.1832,51650,0
2015-07-21,5.1917,5.2073,5.1433,5.1433,121010,0
2015-07-22,5.1348,5.1917,5.1188,5.1433,82737,0
2015-07-23,5.151,5.1832,5.1105,5.1105,120762,0
2015-07-24,5.1026,5.1433,5.0542,5.0542,56599,0
2015-07-27,5.014,5.0864,4.9412,4.9495,67504,0
2015-07-28,4.9495,5.022,4.9495,4.9734,107014,0
2015-07-29,4.9734,5.014,4.9734,5.0057,67874,0
2015-07-30,4.9815,5.0298,4.9734,5.0057,97109,0
2015-07-31,5.0298,5.062,5.0057,5.022,53755,0
2015-08-03,5.0057,5.062,5.0057,5.062,91213,0
2015-08-04,5.0462,5.062,5.022,5.0298,84843,0
2015-08-05,5.0542,5.0703,5.0298,5.0703,83603,0
2015-08-06,5.0462,5.062,5.014,5.062,128430,0
2015-08-07,5.0462,5.0542,4.9975,4.9975,74562,0
2015-08-10,5.014,5.038,4.9975,5.022,57964,0
2015-08-11,4.9896,5.014,4.9573,4.9896,60532,0
2015-08-12,4.9628,5.0034,4.9387,5.0034,79651,0
2015-08-13,4.9788,5.0034,4.9628,4.9788,75227,0
2015-08-14,4.9708,4.9708,4.9387,4.9628,58021,0
2015-08-17,4.9387,4.9788,4.9219,4.9465,126114,0
2015-08-18,4.9302,4.9545,4.914,4.9302,78787,0
2015-08-19,4.9302,4.9465,4.9058,4.9058,67726,0
2015-08-20,4.8812,4.8812,4.8243,4.8326,89234,0
2015-08-21,4.7431,4.8243,4.686,4.6943,248413,0
2015-08-24,4.4013,4.6049,4.0841,4.5478,240520,0
2015-08-25,4.5885,4.6617,4.5394,4.5394,103618,0
2015-08-26,4.5966,4.6617,4.5803,4.621,124515,0
2015-08-27,4.6943,4.7351,4.6617,4.6781,97593,0
2015-08-28,4.6781,4.7269,4.6781,4.7025,63304,0
2015-08-31,4.7025,4.7025,4.6617,4.6696,82356,0
2015-09-01,4.5966,4.6537,4.5885,4.621,132137,0
2015-09-02,4.6371,4.6537,4.6049,4.6049,114316,0
2015-09-03,4.6371,4.6617,4.621,4.6293,178966,0
2015-09-04,4.5885,4.6537,4.5885,4.6537,124269,0
2015-09-08,4.6943,4.7431,4.6781,4.7351,138281,0
2015-09-09,4.7351,4.7675,4.686,4.6943,96859,0
2015-09-10,4.6781,4.6943,4.6537,4.6943,93660,0
2015-09-11,4.692,4.7081,4.6587,4.7081,89001,0
2015-09-14,4.6674,4.7081,4.6181,4.6754,95460,0
2015-09-15,4.6587,4.7329,4.6587,4.7329,105332,0
2015-09-16,4.7248,4.741,4.7081,4.7165,101676,0
2015-09-17,4.7081,4.8068,4.692,4.7574,93236,0
2015-09-18,4.7165,4.782,4.7081,4.7574,85954,0
2015-09-21,4.7489,4.7902,4.6836,4.692,56936,0
2015-09-22,4.6181,4.6674,4.5934,4.626,99848,0
2015-09-23,4.626,4.6587,4.6015,4.6098,83660,0
2015-09-24,4.6015,4.6098,4.5196,4.6015,198715,0
2015-09-25,4.6015,4.6181,4.5523,4.5688,89123,0
2015-09-28,4.577,4.577,4.421,4.4293,76841,0
2015-09-29,4.421,4.421,4.3473,4.4128,87168,0
2015-09-30,4.4457,4.4539,4.372,4.4293,113628,0
2015-10-01,4.4128,4.4539,4.3634,4.3965,130447,0
2015-10-02,4.3555,4.4539,4.3143,4.4374,118624,0
2015-10-05,4.4374,4.536,4.4374,4.536,86302,0
2015-10-06,4.5113,4.5444,4.4702,4.5113,118137,0
2015-10-07,4.5278,4.5606,4.5031,4.5523,45964,0
2015-10-08,4.5196,4.6181,4.5196,4.6181,106554,0
2015-10-09,4.6015,4.7165,4.6015,4.6509,155564,0
2015-10-12,4.626,4.692,4.6181,4.6836,47893,0
2015-10-13,4.6562,4.681,4.6315,4.6646,71580,0
2015-10-14,4.6476,4.6562,4.6066,4.6399,77142,0
2015-10-15,4.6399,4.6975,4.615,4.6975,104225,0
2015-10-16,4.6646,4.772,4.6476,4.772,162264,0
2015-10-19,4.7388,4.8632,4.7306,4.8384,162699,0
2015-10-20,4.8051,4.8384,4.7639,4.8217,187591,0
2015-10-21,4.8132,4.8132,4.7471,4.7803,167223,0
2015-10-22,4.7885,4.8466,4.772,4.8051,106158,0
2015-10-23,4.8384,4.8384,4.7969,4.8051,87541,0
2015-10-26,4.7969,4.8466,4.7969,4.8132,92982,0
2015-10-27,4.8298,4.8298,4.7555,4.772,135056,0
2015-10-28,4.7969,4.7969,4.7639,4.7969,116559,0
2015-10-29,4.7803,4.7885,4.7555,4.772,72426,0
2015-10-30,4.772,4.8051,4.7639,4.7803,152714,0
2015-11-02,4.7555,4.8712,4.7555,4.8132,152761,0
2015-11-03,4.8051,4.8632,4.8051,4.8466,136631,0
2015-11-04,4.8632,4.8712,4.8217,4.8384,137261,0
2015-11-05,4.8549,4.8549,4.7803,4.8384,213650,0
2015-11-06,4.7885,4.8466,4.7555,4.8217,163472,0
2015-11-09,4.7803,4.7803,4.7143,4.7639,206834,0
2015-11-10,4.7362,4.778,4.728,4.7449,110209,0
2015-11-11,4.728,4.7449,4.7112,4.728,141391,0
2015-11-12,4.7032,4.7196,4.6445,4.6531,156982,0
2015-11-13,4.636,4.6612,4.5694,4.5781,162381,0
2015-11-16,4.5781,4.6695,4.5694,4.6531,124483,0
2015-11-17,4.6612,4.6612,4.603,4.6531,160101,0
2015-11-18,4.6695,4.7032,4.636,4.6946,198355,0
2015-11-19,4.6946,4.7112,4.6695,4.6861,117168,0
2015-11-20,4.6861,4.728,4.6861,4.7112,81189,0
2015-11-23,4.678,4.8448,4.6531,4.7196,108892,0
2015-11-24,4.7032,4.7032,4.6695,4.6946,82741,0
2015-11-25,4.6946,4.728,4.678,4.7196,115729,0
2015-11-27,4.7196,4.7362,4.7112,4.7196,41014,0
2015-11-30,4.7449,4.8113,4.7112,4.7613,231335,0
2015-12-01,4.7532,4.8113,4.7449,4.7948,310590,0
2015-12-02,4.7948,4.7948,4.7449,4.7449,322386,0
2015-12-03,4.7613,4.7697,4.7112,4.7196,114673,0
2015-12-04,4.7032,4.7532,4.6861,4.7362,207230,0
2015-12-07,4.6861,4.7032,4.636,4.6695,192839,0
2015-12-08,4.628,4.678,4.6195,4.636,222460,0
2015-12-09,4.6612,4.7112,4.6111,4.6531,402465,0
2015-12-10,4.636,4.6612,4.5945,4.5945,156144,0
2015-12-11,4.5529,4.5529,4.4195,4.4364,164295,0
2015-12-14,4.4364,4.4364,4.3525,4.3696,190584,0
2015-12-15,4.3862,4.4447,4.3696,4.4029,230494,0
2015-12-16,4.4113,4.5196,4.4029,4.5029,235892,0
2015-12-17,4.4862,4.5446,4.4697,4.4697,280026,0
2015-12-18,4.4612,4.5529,4.4612,4.5112,216227,0
2015-12-21,4.5196,4.5446,4.4777,4.5196,222819,0
2015-12-22,4.5112,4.561,4.4945,4.5529,152573,0
2015-12-23,4.5446,4.636,4.5361,4.6195,252562,0
2015-12-24,4.603,4.6445,4.603,4.628,119959,0
2015-12-28,4.636,4.653,4.603,4.636,232324,0
2015-12-29,4.628,4.6531,4.6195,4.628,265558,0
2015-12-30,4.628,4.6612,4.628,4.6445,168657,0
2015-12-31,4.6445,4.6531,4.5781,4.628,248692,0
2016-01-04,4.5861,4.5945,4.5446,4.5861,137622,0
2016-01-05,4.5694,4.6111,4.561,4.6111,200795,0
2016-01-06,4.5529,4.5945,4.5446,4.5781,125338,0
2016-01-07,4.5279,4.5279,4.4612,4.4945,247451,0
2016-01-08,4.4945,4.5124,4.4276,4.4276,72928,0
2016-01-11,4.4447,4.4447,4.361,4.4113,108996,0
2016-01-12,4.3944,4.3944,4.336,4.361,164079,0
2016-01-13,4.3586,4.3751,4.2196,4.2659,123557,0
2016-01-14,4.2577,4.2911,4.1652,4.2659,228770,0
2016-01-15,4.1652,4.1985,4.1059,4.1398,102292,0
2016-01-19,4.1735,4.1903,4.1059,4.1564,124671,0
2016-01-20,4.0555,4.1059,3.8704,4.0474,283064,0
2016-01-21,4.0051,4.1564,3.9883,4.0388,193119,0
2016-01-22,4.0894,4.2067,4.0474,4.1231,232150,0
2016-01-25,4.0978,4.1652,4.0641,4.1652,141312,0
2016-01-26,4.1145,4.1818,4.0978,4.1652,215353,0
2016-01-27,4.1735,4.1985,4.1059,4.1985,187754,0
2016-01-28,4.207,4.283,4.1564,4.2745,328486,0
2016-01-29,4.2659,4.3586,4.1903,4.3586,204516,0
2016-02-01,4.2912,4.2912,4.207,4.2745,240049,0
2016-02-02,4.2745,4.2745,4.1652,4.1903,130109,0
2016-02-03,4.1903,4.207,4.1231,4.1985,89833,0
2016-02-04,4.1818,4.1903,4.1315,4.1564,69395,0
2016-02-05,4.1564,4.1564,4.0809,4.0978,127974,0
2016-02-08,4.0724,4.0809,3.9213,3.9714,140039,0
2016-02-09,3.9125,3.9378,3.8861,3.9378,166473,0
2016-02-10,3.9523,3.9864,3.8845,3.9099,179492,0
2016-02-11,3.8161,3.8587,3.7483,3.8417,412354,0
2016-02-12,3.8502,3.9011,3.8161,3.8757,128372,0
2016-02-16,3.8928,3.9527,3.8757,3.9353,304066,0
2016-02-17,3.9693,4.0373,3.9523,4.0287,171097,0
2016-02-18,4.0033,4.0627,3.9864,4.0119,358867,0
2016-02-19,3.9777,4.0428,3.9777,4.0287,168675,0
2016-02-22,4.0373,4.0968,4.0373,4.0798,225492,0
2016-02-23,4.0798,4.1051,4.0287,4.0968,304502,0
2016-02-24,4.0541,4.1476,4.0373,4.1307,123180,0
2016-02-25,4.114,4.1936,4.1051,4.1903,403406,0
2016-02-26,4.1734,4.2328,4.1734,4.1986,147287,0
2016-02-29,4.1986,4.2753,4.1817,4.2753,176205,0
2016-03-01,4.2666,4.3689,4.2156,4.3516,341875,0
2016-03-02,4.3432,4.3432,4.2839,4.326,149332,0
2016-03-03,4.3007,4.4028,4.2923,4.3858,419944,0
2016-03-04,4.3689,4.4571,4.3516,4.3772,273451,0
2016-03-07,4.3516,4.3858,4.3432,4.3858,220374,0
2016-03-08,4.3772,4.3858,4.3349,4.3858,114809,0
2016-03-09,4.3772,4.4113,4.3689,4.4028,145524,0
2016-03-10,4.4198,4.4198,4.3619,4.3942,187445,0
2016-03-11,4.4432,4.486,4.4255,4.486,125151,0
2016-03-14,4.4515,4.5548,4.4257,4.5548,301148,0
2016-03-15,4.5204,4.5374,4.4602,4.5373,226796,0
2016-03-16,4.4946,4.5805,4.4774,4.5631,647157,0
2016-03-17,4.5288,4.6061,4.486,4.5805,658339,0
2016-03-18,4.5891,4.6061,4.5631,4.5996,55886,0
2016-03-21,4.5717,4.6229,4.5461,4.6229,125027,0
2016-03-22,4.5976,4.6488,4.5976,4.6229,107125,0
2016-03-23,4.6319,4.6407,4.5373,4.5891,220021,0
2016-03-24,4.5373,4.5717,4.486,4.4946,283068,0
2016-03-28,4.486,4.6061,4.486,4.5288,244997,0
2016-03-29,4.5118,4.5805,4.4348,4.5717,162797,0
2016-03-30,4.5805,4.6147,4.5631,4.6147,133905,0
2016-03-31,4.6229,4.6656,4.5976,4.6575,139435,0
2016-04-01,4.6407,4.6922,4.6061,4.6827,286166,0
2016-04-04,4.6663,4.6922,4.6147,4.6488,217679,0
2016-04-05,4.5976,4.6319,4.5805,4.6229,139206,0
2016-04-06,4.6229,4.6663,4.6061,4.6488,218729,0
2016-04-07,4.6319,4.6575,4.6147,4.6229,146350,0
2016-04-08,4.6319,4.6827,4.6319,4.6407,100524,0
2016-04-11,4.6663,4.7081,4.6488,4.6747,147776,0
2016-04-12,4.7005,4.7091,4.6827,4.7005,259019,0
2016-04-13,4.7152,4.7239,4.6719,4.7239,177406,0
2016-04-14,4.7152,4.7591,4.7152,4.7496,152450,0
2016-04-15,4.7412,4.7929,4.7412,4.7714,111151,0
2016-04-18,4.7325,4.8104,4.7325,4.8104,82795,0
2016-04-19,4.7845,4.819,4.7845,4.8094,137214,0
2016-04-20,4.8017,4.8263,4.7929,4.819,94492,0
2016-04-21,4.8017,4.8536,4.8017,4.8104,156370,0
2016-04-22,4.8104,4.8536,4.8017,4.8536,170257,0
2016-04-25,4.8623,4.8753,4.8362,4.8709,107883,0
2016-04-26,4.8623,4.8882,4.819,4.8362,82572,0
2016-04-27,4.819,4.8968,4.819,4.8623,183162,0
2016-04-28,4.8449,4.9312,4.8449,4.8579,155986,0
2016-04-29,4.8709,4.8771,4.819,4.8449,94349,0
2016-05-02,4.8362,4.8623,4.819,4.8362,127669,0
2016-05-03,4.819,4.8362,4.7586,4.7929,70198,0
2016-05-04,4.7929,4.7929,4.7496,4.7929,63809,0
2016-05-05,4.7758,4.8017,4.767,4.7929,35922,0
2016-05-06,4.7758,4.7929,4.7412,4.7929,83362,0
2016-05-09,4.7845,4.8104,4.7586,4.7845,477068,0
2016-05-10,4.7758,4.8276,4.7758,4.8017,107086,0
2016-05-11,4.808,4.8165,4.7554,4.7815,126805,0
2016-05-12,4.7815,4.834,4.7643,4.7815,75305,0
2016-05-13,4.7815,4.793,4.7379,4.7379,54842,0
2016-05-16,4.7554,4.8165,4.7554,4.8165,122862,0
2016-05-17,4.7904,4.7991,4.7467,4.7643,58892,0
2016-05-18,4.7293,4.7991,4.7293,4.7467,92598,0
2016-05-19,4.7467,4.7554,4.7032,4.7293,81004,0
2016-05-20,4.7379,4.7643,4.7206,4.7206,73736,0
2016-05-23,4.7206,4.7815,4.7206,4.7467,61493,0
2016-05-24,4.7467,4.8516,4.7467,4.8252,83727,0
2016-05-25,4.834,4.9126,4.808,4.8427,64922,0
2016-05-26,4.86,4.8647,4.834,4.8516,57924,0
2016-05-27,4.8516,4.8864,4.834,4.8427,70197,0
2016-05-31,4.8516,4.9299,4.8516,4.895,159647,0
2016-06-01,4.8776,4.9389,4.8776,4.9126,75878,0
2016-06-02,4.9126,4.9736,4.9126,4.956,71646,0
2016-06-03,4.9299,4.9736,4.921,4.9736,87155,0
2016-06-06,4.956,5.0696,4.9389,5.0259,134488,0
2016-06-07,5.0259,5.0604,5.0258,5.0349,40234,0
2016-06-08,5.0349,5.0869,5.017,5.0869,61382,0
2016-06-09,5.0607,5.0696,5.0456,5.0696,30400,0
2016-06-10,5.0349,5.0607,4.9823,5.0435,72874,0
2016-06-13,5.0673,5.0673,4.9881,4.9881,79858,0
2016-06-14,4.9704,4.9966,4.8648,4.9438,86394,0
2016-06-15,4.9265,4.9704,4.8825,4.9704,66086,0
2016-06-16,4.9176,4.9176,4.8297,4.9001,82012,0
2016-06-17,4.8825,4.9265,4.8297,4.9265,79681,0
2016-06-20,4.9086,4.9579,4.8825,4.9352,132957,0
2016-06-21,4.9176,4.9438,4.9086,4.9352,33198,0
2016-06-22,4.9176,4.9527,4.8912,4.9352,62551,0
2016-06-23,4.9704,4.9881,4.9438,4.9438,56102,0
2016-06-24,4.8031,4.9176,4.8031,4.8648,95000,0
2016-06-27,4.856,4.856,4.6975,4.724,100416,0
2016-06-28,4.7679,4.7945,4.724,4.7592,204926,0
2016-06-29,4.7679,4.8648,4.7679,4.8119,159953,0
2016-06-30,4.856,4.8736,4.8031,4.856,125079,0
2016-07-01,4.8472,4.9176,4.8472,4.8736,114716,0
2016-07-05,4.8648,4.8736,4.8297,4.856,168474,0
2016-07-06,4.8208,4.8825,4.8208,4.8736,166979,0
2016-07-07,4.9001,4.9001,4.8472,4.8912,217480,0
2016-07-08,4.8912,4.9787,4.8825,4.9527,203359,0
2016-07-11,4.9791,4.9881,4.9527,4.9527,154340,0
2016-07-12,4.9704,5.0233,4.9617,4.9881,206156,0
2016-07-13,4.994,5.0121,4.9675,4.9853,144412,0
2016-07-14,5.0031,5.0207,4.994,5.0207,67316,0
2016-07-15,5.0031,5.0384,4.994,5.0206,133740,0
2016-07-18,5.0031,5.0384,5.0031,5.0295,61914,0
2016-07-19,5.0295,5.0384,5.0121,5.0384,43278,0
2016-07-20,5.0295,5.0738,5.0207,5.0738,57840,0
2016-07-21,5.0475,5.1006,5.0475,5.0829,84691,0
2016-07-22,5.0918,5.145,5.0829,5.1094,34411,0
2016-07-25,5.1094,5.1094,5.0652,5.0738,144608,0
2016-07-26,5.0738,5.1006,5.0563,5.0563,89716,0
2016-07-27,5.0652,5.1006,5.0563,5.0738,144335,0
2016-07-28,5.0738,5.1094,5.0738,5.0829,159023,0
2016-07-29,5.0829,5.1006,5.0652,5.0918,176576,0
2016-08-01,5.1006,5.1184,5.0475,5.0475,260413,0
2016-08-02,5.0652,5.0652,4.9586,5.0031,239628,0
2016-08-03,4.9853,5.048,4.9853,5.0475,71376,0
2016-08-04,5.0829,5.0829,5.0295,5.0563,121974,0
2016-08-05,5.0652,5.1184,5.0563,5.0829,106819,0
2016-08-08,5.1006,5.1184,5.0829,5.0918,172861,0
2016-08-09,5.1273,5.1361,5.1094,5.1094,160806,0
2016-08-10,5.1273,5.145,5.1006,5.1184,276695,0
2016-08-11,5.1157,5.1602,5.1157,5.1514,125437,0
2016-08-12,5.1334,5.1694,5.1334,5.1514,134384,0
2016-08-15,5.1694,5.2141,5.1515,5.1873,309953,0
2016-08-16,5.1694,5.1785,5.1426,5.1514,132660,0
2016-08-17,5.1694,5.1785,5.1426,5.1514,164245,0
2016-08-18,5.1694,5.1873,5.1567,5.1785,236955,0
2016-08-19,5.1873,5.1873,5.1426,5.1514,209130,0
2016-08-22,5.1694,5.196,5.1514,5.1785,182646,0
2016-08-23,5.196,5.2231,5.1873,5.2049,188201,0
2016-08-24,5.1873,5.2141,5.1694,5.1785,91907,0
2016-08-25,5.1694,5.2319,5.1694,5.2141,148118,0
2016-08-26,5.196,5.2499,5.1873,5.1873,152051,0
2016-08-29,5.2049,5.2408,5.196,5.2141,106071,0
2016-08-30,5.2408,5.2408,5.2049,5.2231,229619,0
2016-08-31,5.2318,5.2587,5.2141,5.2587,348601,0
2016-09-01,5.2318,5.3662,5.2231,5.2231,206987,0
2016-09-02,5.2318,5.2678,5.2318,5.2587,130553,0
2016-09-06,5.2766,5.3034,5.2587,5.3034,102200,0
2016-09-07,5.2858,5.3302,5.2499,5.3034,162594,0
2016-09-08,5.3124,5.3124,5.2408,5.2766,147909,0
2016-09-09,5.2678,5.2678,5.0888,5.1426,123930,0
2016-09-12,5.0711,5.1602,5.0354,5.1426,156565,0
2016-09-13,5.1398,5.1664,5.0947,5.1309,126398,0
2016-09-14,5.1489,5.1671,5.1127,5.1489,87164,0
2016-09-15,5.1398,5.212,5.1398,5.212,98240,0
2016-09-16,5.221,5.221,5.1759,5.212,158361,0
2016-09-19,5.203,5.2391,5.1759,5.1759,58915,0
2016-09-20,5.1938,5.2119,5.1398,5.1938,55990,0
2016-09-21,5.1848,5.3113,5.1759,5.3113,348154,0
2016-09-22,5.3113,5.3473,5.2391,5.2661,108640,0
2016-09-23,5.293,5.302,5.212,5.239,155389,0
2016-09-26,5.2391,5.248,5.1848,5.212,121575,0
2016-09-27,5.2391,5.248,5.1848,5.221,86607,0
2016-09-28,5.203,5.248,5.1671,5.248,110954,0
2016-09-29,5.221,5.221,5.1848,5.1938,36729,0
2016-09-30,5.221,5.266,5.1489,5.1938,106465,0
2016-10-03,5.1938,5.2391,5.1671,5.1938,100092,0
2016-10-04,5.1938,5.2036,5.1219,5.1398,162908,0
2016-10-05,5.1489,5.1848,5.1398,5.1577,112131,0
2016-10-06,5.1577,5.1671,5.131,5.1398,81447,0
2016-10-07,5.1398,5.1577,5.1038,5.1127,75361,0
2016-10-10,5.1216,5.1671,5.1216,5.1216,112310,0
2016-10-11,5.1216,5.1398,5.0785,5.1216,209222,0
2016-10-12,5.0918,5.1752,5.0918,5.1736,256403,0
2016-10-13,5.1191,5.1736,5.0372,5.1646,234886,0
2016-10-14,5.1556,5.1556,5.0918,5.1008,68073,0
2016-10-17,5.0918,5.1145,4.9826,5.0463,307676,0
2016-10-18,5.0372,5.0827,5.01,5.0281,157621,0
2016-10-19,5.0281,5.0912,5.0281,5.0555,62360,0
2016-10-20,5.0827,5.0827,5.0327,5.0555,158671,0
2016-10-21,5.0463,5.1008,5.0327,5.1008,115595,0
2016-10-24,5.1098,5.1282,5.0908,5.0918,65218,0
2016-10-25,5.0827,5.1191,5.0735,5.1098,112049,0
2016-10-26,5.0827,5.1191,5.0827,5.1191,65322,0
2016-10-27,5.1008,5.1098,5.0463,5.0918,94987,0
2016-10-28,5.0645,5.0967,5.0463,5.0555,170948,0
2016-10-31,5.0555,5.0735,5.001,5.0644,103413,0
2016-11-01,5.019,5.019,4.9645,4.9917,167045,0
2016-11-02,4.9917,4.9917,4.8463,4.9099,244041,0
2016-11-03,4.8826,4.9099,4.8463,4.8554,49929,0
2016-11-04,4.8371,4.8684,4.819,4.8281,134015,0
2016-11-07,4.8645,4.9561,4.8645,4.9099,57957,0
2016-11-08,4.8826,4.9189,4.8735,4.8735,56489,0
2016-11-09,4.7827,4.9008,4.7827,4.8645,64189,0
2016-11-10,4.8617,4.926,4.8158,4.8801,142414,0
2016-11-11,4.8617,4.9351,4.8617,4.9074,49637,0
2016-11-14,4.8801,4.9074,4.825,4.8709,80134,0
2016-11-15,4.8617,4.9442,4.8617,4.926,64827,0
2016-11-16,4.9074,4.9902,4.9074,4.9442,81345,0
2016-11-17,4.9535,4.9901,4.9535,4.9627,46454,0
2016-11-18,4.9627,5.0361,4.9627,5.0084,75005,0
2016-11-21,4.9994,5.1002,4.9994,5.0911,106568,0
2016-11-22,5.1093,5.1645,5.1093,5.1459,60863,0
2016-11-23,5.1459,5.1554,5.134,5.1368,24394,0
2016-11-25,5.1277,5.1459,5.1002,5.1093,19553,0
2016-11-28,5.0911,5.1416,5.0911,5.1187,80987,0
2016-11-29,5.1093,5.1459,5.0911,5.1002,95240,0
2016-11-30,5.1093,5.1186,5.0452,5.0726,95429,0
2016-12-01,5.0726,5.0911,4.9994,5.0267,215582,0
2016-12-02,5.0361,5.0634,4.9994,5.0084,137218,0
2016-12-05,5.0176,5.1093,5.0176,5.0819,152295,0
2016-12-06,5.0726,5.0911,5.0544,5.0544,116448,0
2016-12-07,5.0544,5.1187,5.0544,5.0819,205609,0
2016-12-08,5.0819,5.1736,5.0819,5.1736,181507,0
2016-12-09,5.1919,5.2103,5.1645,5.2103,181956,0
2016-12-12,5.1826,5.2379,5.1826,5.2193,91807,0
2016-12-13,5.2261,5.4017,5.2261,5.2999,260993,0
2016-12-14,5.2536,5.3647,5.2536,5.2907,320936,0
2016-12-15,5.2723,5.3462,5.2536,5.3183,167159,0
2016-12-16,5.3093,5.3369,5.3093,5.3277,115512,0
2016-12-19,5.3093,5.3832,5.3045,5.3369,125234,0
2016-12-20,5.3183,5.3277,5.2723,5.3277,149396,0
2016-12-21,5.2999,5.3554,5.2536,5.3554,136794,0
2016-12-22,5.3183,5.3739,5.3183,5.3739,150958,0
2016-12-23,5.3462,5.4294,5.3462,5.4017,110028,0
2016-12-27,5.3924,5.4571,5.3924,5.4388,129107,0
2016-12-28,5.4201,5.4479,5.4017,5.4293,176901,0
2016-12-29,5.4017,5.4388,5.4017,5.4294,165616,0
2016-12-30,5.4479,5.4479,5.375,5.4388,151399,0
2017-01-03,5.4388,5.4479,5.3924,5.4109,129551,0
2017-01-04,5.4017,5.4664,5.4017,5.4571,91404,0
2017-01-05,5.4479,5.5033,5.4479,5.5033,68524,0
2017-01-06,5.4758,5.559,5.4571,5.5403,230553,0
2017-01-09,5.5311,5.5959,5.5311,5.5682,207184,0
2017-01-10,5.5682,5.5866,5.5496,5.5773,147033,0
2017-01-11,5.5652,5.6025,5.5288,5.5746,135730,0
2017-01-12,5.5559,5.5933,5.5559,5.5746,196013,0
2017-01-13,5.584,5.6118,5.584,5.6025,83575,0
2017-01-17,5.5933,5.6117,5.5373,5.5746,260773,0
2017-01-18,5.5559,5.5933,5.5186,5.5559,87945,0
2017-01-19,5.5279,5.5933,5.5279,5.5373,120954,0
2017-01-20,5.5467,5.574,5.5287,5.5652,66110,0
2017-01-23,5.5746,5.6118,5.5559,5.5933,114501,0
2017-01-24,5.5933,5.649,5.584,5.6118,75451,0
2017-01-25,5.6306,5.6482,5.6118,5.6306,199140,0
2017-01-26,5.6118,5.6306,5.5933,5.5933,179428,0
2017-01-27,5.5933,5.5933,5.5559,5.5559,207314,0
2017-01-30,5.5652,5.6585,5.5373,5.6118,247861,0
2017-01-31,5.6213,5.6491,5.5933,5.6306,237798,0
2017-02-01,5.6306,5.6679,5.6118,5.6213,253286,0
2017-02-02,5.6025,5.6585,5.6025,5.6399,202500,0
2017-02-03,5.6491,5.7145,5.6306,5.6864,125304,0
2017-02-06,5.6772,5.7237,5.6772,5.7145,174471,0
2017-02-07,5.6958,5.7145,5.6679,5.6864,137457,0
2017-02-08,5.6679,5.7329,5.6679,5.7145,183610,0
2017-02-09,5.7052,5.8263,5.6958,5.8263,393476,0
2017-02-10,5.8263,6.0129,5.8077,5.817,310727,0
2017-02-13,5.8798,5.9174,5.8516,5.9174,377032,0
2017-02-14,5.9082,5.9174,5.8048,5.8048,126937,0
2017-02-15,5.7953,5.8798,5.785,5.8798,448312,0
2017-02-16,5.8516,5.8986,5.8236,5.8516,221999,0
2017-02-17,5.8236,5.8798,5.8236,5.8516,184999,0
2017-02-21,5.8706,5.9082,5.8048,5.833,224062,0
2017-02-22,5.8986,5.8986,5.7953,5.833,207502,0
2017-02-23,5.8706,5.8706,5.8142,5.8423,179174,0
2017-02-24,5.833,5.8706,5.8142,5.8611,156749,0
2017-02-27,5.8423,5.8798,5.833,5.8516,209370,0
2017-02-28,5.8516,5.8706,5.8423,5.8611,144009,0
2017-03-01,5.8798,5.9082,5.8798,5.8986,98398,0
2017-03-02,5.8893,5.9645,5.8893,5.8893,301377,0
2017-03-03,5.9269,5.9363,5.8706,5.9174,134160,0
2017-03-06,5.9082,5.9457,5.8706,5.8986,177383,0
2017-03-07,5.8611,5.8759,5.8423,5.8611,154623,0
2017-03-08,5.8516,5.8706,5.833,5.8423,121422,0
2017-03-09,5.8423,5.847,5.7483,5.7577,162665,0
2017-03-10,5.7672,5.8611,5.7598,5.833,154441,0
2017-03-13,5.8586,5.8608,5.7449,5.7923,146537,0
2017-03-14,5.7733,5.7733,5.6502,5.6502,203382,0
2017-03-15,5.6408,5.7827,5.6315,5.7545,110385,0
2017-03-16,5.7923,5.8301,5.707,5.8017,323026,0
2017-03-17,5.8395,5.8868,5.7998,5.8774,201332,0
2017-03-20,5.8868,5.8868,5.8301,5.8395,152220,0
2017-03-21,5.8395,5.867,5.6975,5.726,153525,0
2017-03-22,5.6975,5.7639,5.6975,5.7639,106233,0
2017-03-23,5.8112,5.8207,5.7167,5.7639,197207,0
2017-03-24,5.7449,5.7827,5.7167,5.726,118737,0
2017-03-27,5.726,5.7923,5.6945,5.7733,134399,0
2017-03-28,5.7545,5.7733,5.7353,5.7733,198634,0
2017-03-29,5.7545,5.7733,5.7167,5.7545,208892,0
2017-03-30,5.7545,5.7639,5.726,5.7639,94098,0
2017-03-31,5.7733,5.7843,5.7545,5.7827,162303,0
2017-04-03,5.7639,5.7923,5.7353,5.7733,178841,0
2017-04-04,5.7827,5.7942,5.7449,5.7733,164306,0
2017-04-05,5.7733,5.8112,5.7449,5.7449,277443,0
2017-04-06,5.7449,5.7827,5.7449,5.7827,145596,0
2017-04-07,5.7733,5.7827,5.7449,5.7733,176947,0
2017-04-10,5.7923,5.8207,5.7733,5.8112,259739,0
2017-04-11,5.8083,5.8655,5.7797,5.8655,170088,0
2017-04-12,5.856,5.9037,5.8273,5.8369,237266,0
2017-04-13,5.8466,5.8846,5.8083,5.8466,109947,0
2017-04-17,5.8369,5.856,5.7797,5.8369,59036,0
2017-04-18,5.8179,5.8381,5.8179,5.8273,57547,0
2017-04-19,5.8273,5.8466,5.7988,5.8083,75117,0
2017-04-20,5.8083,5.8165,5.7701,5.8083,94068,0
2017-04-21,5.8179,5.8179,5.7893,5.8179,98570,0
2017-04-24,5.856,5.8655,5.7988,5.8179,100550,0
2017-04-25,5.8273,5.8655,5.8179,5.8655,207782,0
2017-04-26,5.8655,5.9037,5.8369,5.8942,152224,0
2017-04-27,5.875,5.9514,5.8466,5.9324,202713,0
2017-04-28,5.9514,6.0277,5.9132,5.9324,284756,0
2017-05-01,5.9896,6.0277,5.9514,5.9991,211274,0
2017-05-02,5.9991,6.0754,5.9991,6.0563,286602,0
2017-05-03,6.0467,6.0638,6.0085,6.0277,232722,0
2017-05-04,6.0181,6.0277,5.9514,5.9705,194824,0
2017-05-05,5.9991,6.0563,5.9705,6.0373,216825,0
2017-05-08,6.0277,6.0659,6.0085,6.0563,107118,0
2017-05-09,6.0563,6.0563,6.0135,6.0277,116504,0
2017-05-10,6.0373,6.0467,6.0181,6.0373,191630,0
2017-05-11,6.0343,6.0439,5.9958,6.0055,131604,0
2017-05-12,5.9958,5.9958,5.9286,5.9863,154104,0
2017-05-15,5.9671,6.0055,5.9575,5.9671,174606,0
2017-05-16,5.9671,5.9958,5.9575,5.9575,157331,0
2017-05-17,5.9382,5.9382,5.8422,5.8422,203446,0
2017-05-18,5.8422,5.8902,5.8326,5.8902,145023,0
2017-05-19,5.8997,5.9306,5.8806,5.8902,128065,0
2017-05-22,5.8806,5.9286,5.8806,5.8902,119472,0
2017-05-23,5.9191,5.9767,5.9191,5.9671,109420,0
2017-05-24,6.0055,6.0248,5.9767,6.0248,107185,0
2017-05-25,6.0151,6.0728,5.9968,6.0343,178550,0
2017-05-26,6.0439,6.0823,6.0248,6.0823,192675,0
2017-05-30,6.0439,6.0535,6.0151,6.0439,60084,0
2017-05-31,6.0439,6.0462,6.0055,6.0343,46997,0
2017-06-01,6.0151,6.0535,6.015,6.0439,144634,0
2017-06-02,6.0343,6.0613,6.0248,6.0439,54469,0
2017-06-05,6.0535,6.0823,6.0386,6.0823,69561,0
2017-06-06,6.0728,6.1016,6.0535,6.0535,80962,0
2017-06-07,6.0823,6.1016,6.0535,6.092,85160,0
2017-06-08,6.092,6.1208,6.0633,6.1208,109021,0
2017-06-09,6.1112,6.1143,6.0535,6.0535,166249,0
2017-06-12,6.0633,6.0823,6.0535,6.0728,121204,0
2017-06-13,6.0795,6.099,6.0506,6.0698,100640,0
2017-06-14,6.0892,6.099,6.0456,6.0795,84050,0
2017-06-15,6.0602,6.0602,6.0022,6.0506,64746,0
2017-06-16,6.0602,6.0602,6.0214,6.0311,46673,0
2017-06-19,6.0408,6.0892,6.0408,6.0506,88338,0
2017-06-20,6.0506,6.0795,6.0311,6.0506,109068,0
2017-06-21,6.0506,6.0698,6.0311,6.0408,34346,0
2017-06-22,6.0602,6.0602,6.0021,6.0506,79086,0
2017-06-23,6.0408,6.0408,6.0021,6.0311,50978,0
2017-06-26,6.0408,6.0698,6.0311,6.0506,51248,0
2017-06-27,6.0506,6.0602,5.9924,6.0118,74407,0
2017-06-28,6.0214,6.0892,6.0214,6.0698,43913,0
2017-06-29,6.0795,6.0795,6.0118,6.0311,49821,0
2017-06-30,6.0602,6.0698,6.0311,6.0311,66415,0
2017-07-03,6.0506,6.099,6.0506,6.0698,64219,0
2017-07-05,6.099,6.099,6.0603,6.0795,60630,0
2017-07-06,6.0698,6.0892,6.0311,6.0408,62865,0
2017-07-07,6.0602,6.1037,6.0408,6.099,83569,0
2017-07-10,6.099,6.1279,6.0892,6.1183,52984,0
2017-07-11,6.1279,6.186,6.1086,6.1183,187197,0
2017-07-12,6.1475,6.1963,6.1378,6.1378,86179,0
2017-07-13,6.1183,6.1573,6.1183,6.1573,63595,0
2017-07-14,6.1573,6.1865,6.1573,6.1768,55996,0
2017-07-17,6.2062,6.2062,6.1378,6.1475,59926,0
2017-07-18,6.1475,6.1817,6.1475,6.1768,29715,0
2017-07-19,6.1865,6.2353,6.1768,6.2256,43554,0
2017-07-20,6.2062,6.2451,6.1768,6.2062,130777,0
2017-07-21,6.2062,6.2353,6.2062,6.2353,36874,0
2017-07-24,6.2256,6.2451,6.1865,6.2256,67649,0
2017-07-25,6.2451,6.2938,6.2256,6.2841,84467,0
2017-07-26,6.2647,6.3037,6.2549,6.2744,88408,0
2017-07-27,6.2353,6.2938,6.2353,6.2841,105844,0
2017-07-28,6.2647,6.3329,6.2647,6.3037,113569,0
2017-07-31,6.3232,6.3329,6.2549,6.2744,89960,0
2017-08-01,6.2841,6.3135,6.2647,6.2744,91172,0
2017-08-02,6.2938,6.2938,6.1865,6.1865,74271,0
2017-08-03,6.1963,6.2159,6.1768,6.1768,70071,0
2017-08-04,6.1768,6.2159,6.1671,6.1671,67467,0
2017-08-07,6.2159,6.2256,6.1768,6.1768,52352,0
2017-08-08,6.1768,6.1865,6.1475,6.1671,210684,0
2017-08-09,6.1573,6.166,6.0792,6.1378,136146,0
2017-08-10,6.1085,6.128,5.923,5.9621,418670,0
2017-08-11,5.9425,6.0802,5.8539,6.0211,198077,0
2017-08-14,6.0409,6.1355,6.0409,6.0605,149568,0
2017-08-15,6.0703,6.0999,6.0606,6.0999,124441,0
2017-08-16,6.0999,6.1294,6.0802,6.0802,119418,0
2017-08-17,6.0999,6.0999,6.0409,6.0507,199704,0
2017-08-18,6.0703,6.0901,6.031,6.0901,89381,0
2017-08-21,6.0999,6.0999,6.0419,6.0507,76989,0
2017-08-22,6.0507,6.0802,6.0507,6.0802,74315,0
2017-08-23,6.0901,6.0901,6.0409,6.0703,106341,0
2017-08-24,6.0605,6.0703,6.0211,6.0703,97881,0
2017-08-25,6.0703,6.0703,6.0409,6.0507,71730,0
2017-08-28,6.0703,6.0802,6.0409,6.0605,80235,0
2017-08-29,6.0703,6.0703,6.0211,6.0409,101866,0
2017-08-30,6.0409,6.0703,6.0409,6.0703,224982,0
2017-08-31,6.0901,6.1083,6.0744,6.0999,155305,0
2017-09-01,6.0802,6.1489,6.0802,6.1294,172353,0
2017-09-05,6.1097,6.1392,6.0999,6.0999,91327,0
2017-09-06,6.1097,6.1294,6.0802,6.0999,180133,0
2017-09-07,6.0999,6.1097,6.0605,6.0901,74532,0
2017-09-08,6.0605,6.0605,5.9621,5.9621,275890,0
2017-09-11,6.0211,6.0349,5.9819,6.0113,178167,0
2017-09-12,6.031,6.0507,5.9917,6.0211,108034,0
2017-09-13,6.031,6.031,5.9819,5.9884,198424,0
2017-09-14,6.0314,6.0512,5.952,6.0016,439551,0
2017-09-15,5.9917,6.0015,5.9322,5.9917,357964,0
2017-09-18,5.9718,6.0512,5.9718,6.0115,351599,0
2017-09-19,6.0413,6.0413,6.0016,6.0314,98968,0
2017-09-20,6.0413,6.0512,6.0115,6.0214,116962,0
2017-09-21,6.0314,6.0413,6.0165,6.0314,36500,0
2017-09-22,6.0413,6.0611,6.0214,6.0512,67598,0
2017-09-25,6.0413,6.0611,6.0214,6.0322,170031,0
2017-09-26,6.0314,6.071,6.0314,6.071,219934,0
2017-09-27,6.081,6.1504,6.0735,6.1405,326106,0
2017-09-28,6.1405,6.1554,6.1107,6.1504,243583,0
2017-09-29,6.1702,6.1901,6.1541,6.1901,116290,0
2017-10-02,6.1702,6.2198,6.1603,6.1901,189965,0
2017-10-03,6.1901,6.2298,6.1901,6.2,74944,0
2017-10-04,6.2099,6.2099,6.1802,6.1901,48467,0
2017-10-05,6.2035,6.2099,6.1901,6.2,83970,0
2017-10-06,6.1802,6.2099,6.1802,6.1802,59967,0
2017-10-09,6.2,6.2298,6.1702,6.1901,106081,0
2017-10-10,6.1901,6.2079,6.1802,6.1802,38645,0
2017-10-11,6.2,6.2298,6.1702,6.2,248359,0
2017-10-12,6.2,6.22,6.19,6.21,58799,0
2017-10-13,6.2,6.23,6.19,6.21,51335,0
2017-10-16,6.21,6.2475,6.21,6.24,110063,0
2017-10-17,6.24,6.26,6.22,6.26,74081,0
2017-10-18,6.23,6.26,6.21,6.21,93462,0
2017-10-19,6.2,6.22,6.2,6.22,171339,0
2017-10-20,6.24,6.24,6.2,6.21,36431,0
2017-10-23,6.22,6.22,6.18,6.19,74109,0
2017-10-24,6.22,6.22,6.18,6.2,89280,0
2017-10-25,6.19,6.2,6.12,6.13,123859,0
2017-10-26,6.14,6.15,6.09,6.11,92149,0
2017-10-27,6.125,6.17,6.07,6.17,173593,0
2017-10-30,6.16,6.18,6.13,6.18,61498,0
2017-10-31,6.1951,6.1951,6.15,6.19,89249,0
2017-11-01,6.19,6.2,6.15,6.15,104371,0
2017-11-02,6.15,6.17,6.13,6.16,46754,0
2017-11-03,6.16,6.16,6.11,6.11,76217,0
2017-11-06,6.13,6.16,6.13,6.13,108064,0
2017-11-07,6.13,6.13,6.0762,6.11,146405,0
2017-11-08,6.1,6.1,6.04,6.09,321802,0
2017-11-09,6.05,6.11,5.989,6.04,292757,0
2017-11-10,6.01,6.05,5.99,6.03,131168,0
