Date,Open,High,Low,Close,Volume,OpenInt
2014-01-02,56.977,56.977,55.595,55.688,1380520,0
2014-01-03,55.971,56.598,55.633,56.472,1041429,0
2014-01-06,56.405,56.492,55.207,55.255,1294060,0
2014-01-07,55.343,55.904,55.179,55.605,1008183,0
2014-01-08,55.411,55.808,54.831,55.034,1549400,0
2014-01-09,55.508,55.798,54.493,54.755,1438948,0
2014-01-10,54.86,55.488,54.464,54.958,1653016,0
2014-01-13,55.123,55.324,54.493,54.522,991764,0
2014-01-14,54.659,54.918,54.097,54.349,1355279,0
2014-01-15,54.522,54.745,54.349,54.562,1396801,0
2014-01-16,53.798,53.847,53.289,53.431,2673845,0
2014-01-17,53.431,53.626,53.221,53.49,1743056,0
2014-01-21,53.768,54.03,53.298,53.673,1525995,0
2014-01-22,53.597,53.721,53.24,53.315,1125038,0
2014-01-23,53.143,53.568,52.854,53.48,1879638,0
2014-01-24,53.093,53.163,50.613,51.24,2660779,0
2014-01-27,52.098,52.185,50.739,51.278,1467990,0
2014-01-28,51.474,52.147,51.278,51.927,1022618,0
2014-01-29,51.646,52.476,51.355,51.908,1336208,0
2014-01-30,52.063,52.747,51.58,52.543,1272607,0
2014-01-31,51.956,52.475,51.435,51.484,1652831,0
2014-02-03,51.395,51.83,50.401,50.825,2386323,0
2014-02-04,50.005,50.825,49.109,50.121,3464078,0
2014-02-05,48.952,49.6,48.198,48.701,3772851,0
2014-02-06,48.751,49.743,48.751,49.089,1757940,0
2014-02-07,49.367,49.563,48.915,49.251,1724688,0
2014-02-10,49.33,49.997,48.999,49.504,1784796,0
2014-02-11,49.494,49.968,49.348,49.59,1763588,0
2014-02-12,49.544,50.742,49.26,50.228,1941747,0
2014-02-13,50.026,50.159,49.563,49.919,1150268,0
2014-02-14,49.949,50.538,49.841,50.403,710249,0
2014-02-18,50.365,50.576,49.609,50.286,1018671,0
2014-02-19,50.103,50.518,49.939,50.141,1333225,0
2014-02-20,50.141,50.808,50.141,50.538,1716670,0
2014-02-21,50.761,50.847,49.812,49.959,1368708,0
2014-02-24,50.15,50.557,49.919,50.006,1375596,0
2014-02-25,49.851,50.084,49.414,49.582,1221275,0
2014-02-26,49.404,50.335,49.338,49.949,1216219,0
2014-02-27,49.704,50.355,49.376,49.988,1934735,0
2014-02-28,49.988,51.12,49.929,50.771,1766773,0
2014-03-03,50.413,51.196,50.296,50.508,1773989,0
2014-03-04,50.992,51.409,50.345,50.78,1237775,0
2014-03-05,50.886,51.429,50.693,51.081,1017550,0
2014-03-06,51.158,52.008,51.042,51.795,1059015,0
2014-03-07,52.114,52.833,51.999,52.406,1576950,0
2014-03-10,52.191,52.191,50.605,51.389,1782990,0
2014-03-11,51.389,52.251,51.167,51.399,1201586,0
2014-03-12,51.158,51.488,50.78,51.101,1213632,0
2014-03-13,51.31,51.419,50.325,50.742,1364082,0
2014-03-14,50.567,51.13,50.266,50.355,776598,0
2014-03-17,50.742,51.186,50.306,50.49,956697,0
2014-03-18,50.674,51.339,50.625,50.818,970756,0
2014-03-19,50.702,50.771,50.026,50.315,1095816,0
2014-03-20,50.218,50.528,50.036,50.306,1074825,0
2014-03-21,50.702,51.3,50.461,50.557,2383454,0
2014-03-24,50.837,51.555,50.742,51.262,1418516,0
2014-03-25,51.584,52.368,51.438,52.241,1764818,0
2014-03-26,52.358,52.56,51.429,51.498,2615313,0
2014-03-27,51.621,51.941,51.13,51.875,1601575,0
2014-03-28,52.094,52.472,51.98,52.309,856695,0
2014-03-31,52.444,53.47,51.99,53.36,1819972,0
2014-04-01,53.101,53.992,52.842,52.975,1789953,0
2014-04-02,52.955,53.692,52.695,53.46,1081563,0
2014-04-03,53.567,53.692,52.975,53.287,894203,0
2014-04-04,53.654,54.301,53.567,53.701,1690740,0
2014-04-07,53.479,53.499,52.744,53.024,1586057,0
2014-04-08,53.161,54.097,52.879,53.955,1165950,0
2014-04-09,54.214,54.32,53.499,54.214,1174862,0
2014-04-10,54.184,54.891,53.758,53.787,2261532,0
2014-04-11,53.489,53.758,52.318,52.609,1300397,0
2014-04-14,52.975,52.975,52.162,52.675,1526199,0
2014-04-15,52.685,54.301,52.56,54.271,2808921,0
2014-04-16,54.65,54.989,54.271,54.659,1372435,0
2014-04-17,54.65,55.277,54.447,54.785,946770,0
2014-04-21,54.707,54.813,54.253,54.659,917598,0
2014-04-22,54.572,55.065,54.301,54.862,895339,0
2014-04-23,54.979,55.463,54.766,54.862,950474,0
2014-04-24,55.277,55.414,54.36,55.414,1193913,0
2014-04-25,55.414,55.636,54.794,55.085,907148,0
2014-04-28,55.219,55.346,54.572,54.95,1755834,0
2014-04-29,56.39,57.25,54.494,54.563,3244743,0
2014-04-30,53.787,54.117,52.153,53.885,2790248,0
2014-05-01,53.787,53.915,52.734,53.121,1539527,0
2014-05-02,53.101,53.673,52.813,53.024,1016042,0
2014-05-05,52.734,52.888,52.191,52.764,777922,0
2014-05-06,52.666,53.248,52.463,52.879,928698,0
2014-05-07,53.063,53.71,52.774,53.43,1258856,0
2014-05-08,53.313,54.137,52.861,53.37,1549964,0
2014-05-09,53.287,53.36,52.823,53.35,1221826,0
2014-05-12,53.596,53.856,53.111,53.296,991220,0
2014-05-13,53.332,53.46,52.812,53.332,816235,0
2014-05-14,53.063,53.073,52.424,52.832,1102458,0
2014-05-15,52.665,53.053,51.832,52.326,1427800,0
2014-05-16,52.229,52.538,52.045,52.424,830054,0
2014-05-19,52.336,52.655,52.268,52.414,1616845,0
2014-05-20,52.346,52.578,51.648,52.005,1659638,0
2014-05-21,52.209,52.655,51.996,52.239,704479,0
2014-05-22,52.199,52.675,52.199,52.287,549607,0
2014-05-23,52.375,52.733,52.219,52.394,885554,0
2014-05-27,52.675,52.935,52.16,52.385,964736,0
2014-05-28,52.461,52.86,52.179,52.578,679431,0
2014-05-29,52.665,52.945,52.151,52.841,747536,0
2014-05-30,52.694,52.773,52.229,52.307,1035011,0
2014-06-02,52.307,52.489,52.055,52.414,596521,0
2014-06-03,52.346,52.983,52.346,52.792,774334,0
2014-06-04,52.713,53.768,52.713,52.723,1265181,0
2014-06-05,52.964,53.721,52.906,53.578,1082879,0
2014-06-06,53.597,54.322,53.597,53.966,918461,0
2014-06-09,54.003,54.759,53.956,54.477,1031221,0
2014-06-10,54.226,54.477,53.558,53.645,1108468,0
2014-06-11,53.342,53.44,53.023,53.42,791061,0
2014-06-12,53.209,53.568,52.86,52.925,1567925,0
2014-06-13,53.023,53.277,52.86,53.003,551500,0
2014-06-16,52.822,53.082,52.578,52.753,1040382,0
2014-06-17,52.675,52.983,52.297,52.703,874981,0
2014-06-18,52.655,53.209,52.219,53.199,1205083,0
2014-06-19,53.267,54.052,53.258,53.817,1109184,0
2014-06-20,53.817,54.769,53.788,54.729,1323981,0
2014-06-23,54.875,55.697,54.836,55.159,1759947,0
2014-06-24,55.001,55.545,53.956,54.003,1151984,0
2014-06-25,53.817,54.303,53.683,53.966,754767,0
2014-06-26,53.916,54.439,53.896,54.391,847670,0
2014-06-27,54.342,55.223,54.283,54.372,1332433,0
2014-06-30,54.536,55.398,53.798,54.496,1930105,0
2014-07-01,54.662,54.875,53.529,53.817,1633072,0
2014-07-02,53.886,54.109,53.46,53.827,894927,0
2014-07-03,54.206,54.624,54.149,54.362,619567,0
2014-07-07,54.467,54.467,53.731,54.071,966125,0
2014-07-08,53.837,54.119,53.36,53.42,1246890,0
2014-07-09,52.983,53.209,51.958,52.249,2811107,0
2014-07-10,51.618,52.239,51.454,51.658,1462321,0
2014-07-11,51.638,52.035,51.395,51.882,1271054,0
2014-07-14,52.102,52.461,51.842,51.882,1110685,0
2014-07-15,51.723,51.901,51.405,51.667,1695780,0
2014-07-16,51.723,52.316,51.306,52.045,1708650,0
2014-07-17,51.958,52.588,51.59,51.59,1863764,0
2014-07-18,51.474,52.005,51.395,51.474,1008367,0
2014-07-21,51.221,51.658,51.037,51.231,1246298,0
2014-07-22,51.676,52.336,51.667,52.045,1261519,0
2014-07-23,52.092,52.092,51.106,51.231,974715,0
2014-07-24,51.037,51.345,50.756,51.258,2061978,0
2014-07-25,51.163,51.192,50.532,50.727,1134520,0
2014-07-28,50.609,50.678,49.805,50.435,2437318,0
2014-07-29,49.536,49.844,47.847,48.071,5508450,0
2014-07-30,48.253,48.371,47.566,47.798,2342571,0
2014-07-31,47.5,47.76,47.179,47.216,2206824,0
2014-08-01,47.141,47.4,46.472,46.753,2123969,0
2014-08-04,46.693,47.093,46.296,46.645,2157695,0
2014-08-05,46.489,47.151,46.316,46.8,2479519,0
2014-08-06,46.616,47.208,46.548,46.703,1314192,0
2014-08-07,46.945,47.264,46.675,46.723,994627,0
2014-08-08,46.848,47.363,46.665,47.304,940674,0
2014-08-11,47.644,47.856,47.353,47.682,927740,0
2014-08-12,47.692,47.974,47.537,47.866,1325313,0
2014-08-13,47.74,47.934,46.7,46.74,1490982,0
2014-08-14,46.856,47.342,46.555,47.342,1239192,0
2014-08-15,47.409,47.653,46.856,47.109,868388,0
2014-08-18,47.293,47.915,47.293,47.885,1117857,0
2014-08-19,47.74,47.895,47.4,47.526,1282216,0
2014-08-20,47.459,47.75,47.099,47.449,1211798,0
2014-08-21,47.663,48.245,47.235,47.838,1219819,0
2014-08-22,47.061,47.585,46.76,47.011,1360308,0
2014-08-25,47.352,47.508,47.099,47.177,766911,0
2014-08-26,47.303,47.372,47.011,47.041,819359,0
2014-08-27,47.109,47.585,47.041,47.129,1201101,0
2014-08-28,46.905,47.071,46.642,46.856,1142287,0
2014-08-29,47.021,47.605,47.021,47.449,1366345,0
2014-09-02,47.449,47.712,46.798,46.943,934031,0
2014-09-03,47.149,47.673,46.681,46.826,1024752,0
2014-09-04,46.875,47.692,46.875,47.041,1024142,0
2014-09-05,46.925,46.953,46.526,46.885,664846,0
2014-09-08,46.76,46.925,46.516,46.75,480026,0
2014-09-09,46.623,46.69,46.263,46.361,872199,0
2014-09-10,46.361,46.565,45.835,45.993,1142885,0
2014-09-11,45.729,45.983,45.399,45.798,935276,0
2014-09-12,45.623,45.883,45.293,45.446,891243,0
2014-09-15,45.254,45.817,45.03,45.7,744213,0
2014-09-16,45.475,45.643,45.058,45.107,1442243,0
2014-09-17,45.303,45.604,45.04,45.078,1033606,0
2014-09-18,45.107,45.254,44.915,45.088,745830,0
2014-09-19,45.283,45.332,44.516,44.778,1477336,0
2014-09-22,44.486,44.574,44.147,44.223,946664,0
2014-09-23,44.069,44.526,43.785,44.456,1513167,0
2014-09-24,44.466,44.698,44.27,44.506,1196766,0
2014-09-25,44.223,44.409,44.029,44.156,1588356,0
2014-09-26,44.156,44.816,44.079,44.748,1240636,0
2014-09-29,44.349,44.748,43.951,44.669,1174298,0
2014-09-30,44.797,45.224,44.138,44.166,1738625,0
2014-10-01,43.951,44.564,43.72,44.02,1729114,0
2014-10-02,43.99,44.642,43.845,44.447,2412522,0
2014-10-03,44.825,45.185,44.718,45.117,2026402,0
2014-10-06,45.399,46.021,45.244,45.758,1662454,0
2014-10-07,43.232,43.661,40.803,40.931,7465501,0
2014-10-08,41.464,41.775,40.64,41.533,4515014,0
2014-10-09,41.503,41.689,40.979,41.036,2257149,0
2014-10-10,40.951,41.689,40.803,40.881,1949278,0
2014-10-13,41.018,41.95,40.921,41.134,2237498,0
2014-10-14,41.416,43.408,41.309,42.378,2258709,0
2014-10-15,41.901,43.795,41.706,43.494,2495896,0
2014-10-16,42.805,44.166,42.766,43.941,1756608,0
2014-10-17,44.108,44.176,42.211,42.29,2523544,0
2014-10-20,42.261,42.271,41.231,42.164,1924541,0
2014-10-21,42.514,43.552,42.29,43.426,1154392,0
2014-10-22,43.532,44.01,42.707,42.727,1076682,0
2014-10-23,43.446,43.971,43.252,43.72,1332497,0
2014-10-24,43.739,44.233,43.378,44.01,979304,0
2014-10-27,43.69,43.749,42.943,43.368,1297008,0
2014-10-28,43.825,44.816,43.242,43.971,2589552,0
2014-10-29,44.02,44.438,42.883,43.059,1819329,0
2014-10-30,42.814,42.952,42.221,42.698,1592116,0
2014-10-31,43.213,43.213,42.524,43.049,1450888,0
2014-11-03,43.049,43.068,41.901,42.29,1590246,0
2014-11-04,42.03,42.183,41.873,42.066,957190,0
2014-11-05,42.358,42.63,41.96,42.339,1041864,0
2014-11-06,42.435,43.69,42.31,43.368,1251539,0
2014-11-07,43.398,44.516,43.388,44.252,921591,0
2014-11-10,44.203,44.496,43.641,43.951,1149995,0
2014-11-11,43.971,44.108,43.671,43.825,837113,0
2014-11-12,43.631,44.07,43.367,43.681,1080238,0
2014-11-13,43.493,43.921,42.54,42.941,1169424,0
2014-11-14,42.724,43.367,42.607,43.027,1155313,0
2014-11-17,42.841,43.445,42.422,43.3,763166,0
2014-11-18,43.261,43.739,42.941,43.425,743302,0
2014-11-19,43.211,43.641,42.695,42.851,1249314,0
2014-11-20,42.607,43.221,42.511,43.017,1127025,0
2014-11-21,43.591,44.05,43.551,43.766,1474634,0
2014-11-24,43.835,44.204,43.066,43.251,1500058,0
2014-11-25,43.397,43.661,42.743,43.493,1727205,0
2014-11-26,42.861,42.871,41.711,42.472,2571943,0
2014-11-28,42.267,42.267,41.001,41.089,1275829,0
2014-12-01,41.049,42.189,40.475,41.985,2299046,0
2014-12-02,41.945,42.743,41.848,42.287,2127031,0
2014-12-03,42.315,43.3,42.315,42.695,1509991,0
2014-12-04,42.579,42.588,42.062,42.502,807158,0
2014-12-05,42.492,42.987,42.345,42.734,1066345,0
2014-12-08,42.569,42.997,42.072,42.306,1128592,0
2014-12-09,41.925,42.861,41.878,42.831,992638,0
2014-12-10,42.492,42.511,41.818,41.878,1670447,0
2014-12-11,42.121,42.277,41.635,41.799,1334128,0
2014-12-12,41.381,41.381,40.755,41.059,2362574,0
2014-12-15,41.635,43.007,41.274,42.704,3981484,0
2014-12-16,42.637,44.177,42.472,42.783,3520779,0
2014-12-17,42.931,43.231,42.16,43.007,1939054,0
2014-12-18,43.641,43.749,42.724,43.33,1349232,0
2014-12-19,43.33,44.331,43.251,44.109,2094925,0
2014-12-22,44.148,44.253,43.561,43.825,2095316,0
2014-12-23,44.148,45.188,44.0,45.061,1452820,0
2014-12-24,44.946,44.984,44.271,44.271,585786,0
2014-12-26,44.508,45.129,44.311,44.878,778399,0
2014-12-29,44.946,45.403,44.643,45.198,886159,0
2014-12-30,44.965,45.129,44.271,44.518,993176,0
2014-12-31,44.624,44.7,43.805,44.02,1649837,0
2015-01-02,44.194,44.281,43.435,43.845,1241261,0
2015-01-05,43.561,43.561,41.711,41.828,1512152,0
2015-01-06,42.062,42.227,41.099,41.635,1478900,0
2015-01-07,41.556,41.799,40.973,41.605,1542489,0
2015-01-08,41.925,42.511,41.458,42.492,1114822,0
2015-01-09,42.607,42.657,41.838,42.045,858097,0
2015-01-12,41.878,42.277,41.517,42.102,1156552,0
2015-01-13,42.354,42.667,41.674,42.121,796076,0
2015-01-14,41.808,42.403,41.323,42.345,1103394,0
2015-01-15,42.667,42.881,41.868,41.868,996418,0
2015-01-16,41.965,42.384,41.701,42.197,949202,0
2015-01-20,42.247,42.647,41.888,42.432,1025656,0
2015-01-21,42.227,42.831,42.13,42.734,878524,0
2015-01-22,43.017,43.387,42.734,43.221,1163693,0
2015-01-23,42.997,43.29,42.413,42.482,820009,0
2015-01-26,42.627,43.445,42.335,43.417,1266317,0
2015-01-27,42.579,42.773,42.005,42.17,1111243,0
2015-01-28,42.413,42.413,41.828,41.896,1035116,0
2015-01-29,41.878,42.657,41.711,42.502,1072975,0
2015-01-30,42.296,42.531,41.965,42.207,1462984,0
2015-02-02,42.335,43.611,42.14,43.541,2148212,0
2015-02-03,45.11,47.984,43.28,47.682,4374600,0
2015-02-04,47.204,47.828,46.163,46.377,2895881,0
2015-02-05,46.268,47.614,46.173,47.564,1450068,0
2015-02-06,47.594,47.915,47.194,47.614,968738,0
2015-02-09,47.272,48.422,47.272,47.895,1127406,0
2015-02-10,48.014,48.014,46.913,47.204,1014152,0
2015-02-11,47.029,47.79,46.619,47.644,662175,0
2015-02-12,48.104,48.239,47.292,47.654,765889,0
2015-02-13,47.83,48.815,47.761,48.601,1261251,0
2015-02-17,48.445,48.786,48.084,48.669,1134391,0
2015-02-18,48.396,49.741,48.396,49.323,1210362,0
2015-02-19,48.923,49.569,48.776,49.294,1140099,0
2015-02-20,48.806,49.294,48.219,49.264,1082591,0
2015-02-23,49.04,49.391,48.484,48.669,1025755,0
2015-02-24,48.757,49.323,48.708,48.894,815132,0
2015-02-25,48.942,49.45,48.708,49.234,889800,0
2015-02-26,49.139,49.578,48.688,48.766,874311,0
2015-02-27,48.591,48.99,48.356,48.561,813777,0
2015-03-02,48.288,49.02,47.986,48.757,1022216,0
2015-03-03,48.942,49.11,48.611,48.796,715651,0
2015-03-04,48.679,48.855,48.307,48.776,649384,0
2015-03-05,48.718,48.718,48.034,48.346,724053,0
2015-03-06,47.936,48.337,47.585,47.635,1024776,0
2015-03-09,47.82,48.513,47.82,48.025,1084083,0
2015-03-10,47.595,47.986,46.766,46.872,1918448,0
2015-03-11,47.039,47.039,45.935,46.227,1685632,0
2015-03-12,46.56,46.648,45.875,46.237,1290269,0
2015-03-13,46.024,46.17,45.505,45.885,1278795,0
2015-03-16,45.945,46.325,45.584,46.083,1056017,0
2015-03-17,45.779,46.296,45.779,45.905,918561,0
2015-03-18,45.644,47.059,45.428,46.776,934847,0
2015-03-19,46.521,46.521,45.644,46.198,784894,0
2015-03-20,46.464,46.648,46.198,46.454,1887926,0
2015-03-23,46.501,46.736,46.141,46.15,908728,0
2015-03-24,46.092,46.257,45.594,45.945,946932,0
2015-03-25,46.15,46.217,45.525,45.808,786634,0
2015-03-26,45.779,46.092,45.555,45.604,577175,0
2015-03-27,45.456,45.818,45.086,45.72,608721,0
2015-03-30,46.054,47.244,45.985,46.931,1074865,0
2015-03-31,46.736,46.97,46.335,46.511,904903,0
2015-04-01,46.53,46.766,46.092,46.355,856182,0
2015-04-02,46.208,47.282,46.208,46.474,889370,0
2015-04-06,45.292,46.316,45.086,45.847,2087145,0
2015-04-07,45.769,45.915,45.34,45.808,1135565,0
2015-04-08,45.975,46.511,45.759,45.925,904221,0
2015-04-09,45.925,46.345,45.865,46.034,1007647,0
2015-04-10,46.395,46.785,46.375,46.59,691070,0
2015-04-13,46.629,46.824,46.112,46.227,448118,0
2015-04-14,46.521,46.521,45.975,46.18,683593,0
2015-04-15,46.434,48.591,46.286,48.268,1714363,0
2015-04-16,47.175,47.644,46.678,47.117,1595428,0
2015-04-17,46.706,47.098,46.257,46.95,825047,0
2015-04-20,47.089,47.664,46.746,47.585,1295804,0
2015-04-21,47.8,47.907,46.756,47.175,939932,0
2015-04-22,47.224,47.371,46.833,47.019,1065194,0
2015-04-23,47.419,48.044,47.302,47.713,1128330,0
2015-04-24,47.244,47.751,46.98,47.166,1355624,0
2015-04-27,47.224,47.82,47.089,47.282,2098822,0
2015-04-28,47.878,49.224,46.491,48.815,4336022,0
2015-04-29,48.718,50.611,48.601,50.359,2469605,0
2015-04-30,50.28,50.671,49.87,50.29,1669550,0
2015-05-01,50.671,51.178,50.123,50.533,1256261,0
2015-05-04,50.427,50.661,50.172,50.329,899714,0
2015-05-05,50.23,50.74,49.703,49.86,949904,0
2015-05-06,50.221,50.24,49.656,50.017,755244,0
2015-05-07,49.811,49.811,49.139,49.684,1245072,0
2015-05-08,50.094,50.191,49.666,49.751,1441244,0
2015-05-11,49.791,50.25,49.731,50.075,964754,0
2015-05-12,49.929,50.152,49.587,49.791,664988,0
2015-05-13,49.939,50.603,49.821,50.33,726130,0
2015-05-14,50.545,51.054,50.212,50.829,584502,0
2015-05-15,50.663,50.663,49.636,50.047,1379322,0
2015-05-18,49.909,50.105,49.409,49.899,822449,0
2015-05-19,49.851,50.105,49.263,50.067,990921,0
2015-05-20,50.047,50.231,49.626,50.057,838535,0
2015-05-21,50.153,51.015,50.153,50.819,929173,0
2015-05-22,50.888,51.287,50.574,50.752,640396,0
2015-05-26,50.409,50.448,49.939,50.36,802811,0
2015-05-27,50.497,50.916,50.33,50.722,623639,0
2015-05-28,50.505,50.565,49.988,50.468,775441,0
2015-05-29,50.35,50.369,49.587,49.694,1016440,0
2015-06-01,49.899,49.929,48.794,49.273,989108,0
2015-06-02,49.243,49.751,49.018,49.519,981105,0
2015-06-03,49.676,50.105,49.419,49.801,526460,0
2015-06-04,49.509,50.028,49.196,49.791,635186,0
2015-06-05,49.577,50.018,49.098,49.998,468418,0
2015-06-08,49.909,50.153,49.909,49.929,554356,0
2015-06-09,50.067,50.799,49.761,50.095,1086303,0
2015-06-10,50.399,50.926,50.241,50.448,639281,0
2015-06-11,50.468,50.702,50.076,50.311,800236,0
2015-06-12,50.192,50.468,49.851,50.038,664206,0
2015-06-15,49.703,50.241,49.322,50.047,818710,0
2015-06-16,50.067,50.301,49.909,50.251,731544,0
2015-06-17,50.545,50.926,50.182,50.35,715094,0
2015-06-18,50.34,50.879,50.076,50.594,599931,0
2015-06-19,51.506,52.532,51.221,51.553,1966866,0
2015-06-22,52.649,53.863,52.639,53.794,2086014,0
2015-06-23,53.803,54.87,53.794,53.892,981442,0
2015-06-24,53.657,54.0,53.324,53.58,1039738,0
2015-06-25,53.432,53.667,53.071,53.218,1053735,0
2015-06-26,53.372,55.409,53.119,55.127,2633626,0
2015-06-29,54.322,55.478,54.235,54.421,1302762,0
2015-06-30,54.763,56.035,54.283,55.567,1969272,0
2015-07-01,55.701,55.721,53.686,54.068,2063328,0
2015-07-02,54.283,54.763,53.803,54.049,975360,0
2015-07-06,53.61,54.107,53.149,53.352,1327389,0
2015-07-07,53.188,53.188,52.326,53.089,1370511,0
2015-07-08,52.757,52.845,52.179,52.453,1119443,0
2015-07-09,53.071,53.334,52.297,52.297,777223,0
2015-07-10,53.218,53.266,52.375,52.817,756172,0
2015-07-13,53.54,53.823,53.031,53.481,832198,0
2015-07-14,53.531,53.667,53.011,53.422,706551,0
2015-07-15,53.745,54.216,53.276,53.392,1043715,0
2015-07-16,53.843,54.0,53.481,53.764,1177076,0
2015-07-17,53.735,53.735,52.659,53.041,1017666,0
2015-07-20,53.061,53.237,52.552,52.855,516651,0
2015-07-21,52.619,53.188,52.189,52.336,862855,0
2015-07-22,52.131,52.865,51.798,52.592,773646,0
2015-07-23,52.415,52.669,51.297,52.063,1302252,0
2015-07-24,52.043,52.043,51.144,51.181,1324937,0
2015-07-27,51.094,51.327,50.429,50.653,1426100,0
2015-07-28,52.356,53.031,49.186,51.124,3804774,0
2015-07-29,51.201,53.843,51.201,53.715,2396864,0
2015-07-30,53.352,53.863,52.817,53.706,1064773,0
2015-07-31,53.872,53.932,53.392,53.833,887278,0
2015-08-03,53.794,53.863,52.884,53.432,849787,0
2015-08-04,53.501,53.972,53.041,53.304,566620,0
2015-08-05,53.676,54.801,53.676,54.548,949709,0
2015-08-06,54.548,55.147,54.029,55.037,1038412,0
2015-08-07,54.979,55.928,54.831,55.711,1308996,0
2015-08-10,55.918,56.662,55.616,56.632,893611,0
2015-08-11,55.958,56.397,55.508,55.859,569838,0
2015-08-12,55.711,55.711,53.093,53.868,1670790,0
2015-08-13,53.691,53.859,52.8,53.261,1070080,0
2015-08-14,53.437,53.681,52.985,53.605,1064064,0
2015-08-17,53.261,53.28,52.035,52.681,1218753,0
2015-08-18,52.505,52.73,51.879,52.191,877865,0
2015-08-19,51.975,51.985,50.741,51.035,1133812,0
2015-08-20,50.878,51.347,50.662,50.662,1696383,0
2015-08-21,49.778,50.055,47.876,47.895,2159228,0
2015-08-24,45.336,47.778,44.405,45.915,2004229,0
2015-08-25,46.984,47.152,45.365,45.395,1621130,0
2015-08-26,46.436,46.475,45.523,46.18,1130650,0
2015-08-27,46.67,48.033,46.456,47.719,1130550,0
2015-08-28,47.386,48.132,47.357,47.955,932421,0
2015-08-31,47.788,48.72,47.377,48.093,972698,0
2015-09-01,47.102,47.268,46.044,46.347,1606345,0
2015-09-02,46.798,46.984,46.208,46.984,1127592,0
2015-09-03,46.769,47.759,46.532,47.622,1061413,0
2015-09-04,47.18,47.395,46.611,46.65,890000,0
2015-09-08,47.475,47.661,47.013,47.523,937825,0
2015-09-09,47.838,48.533,47.395,47.505,990033,0
2015-09-10,47.415,47.71,46.954,47.523,1074808,0
2015-09-11,47.102,47.347,46.267,46.484,988402,0
2015-09-14,46.493,46.779,45.945,46.427,745815,0
2015-09-15,46.582,47.298,46.337,47.209,875826,0
2015-09-16,47.337,47.533,46.237,46.542,1433504,0
2015-09-17,46.337,46.446,45.672,45.787,1211939,0
2015-09-18,45.239,45.327,44.375,44.778,2483190,0
2015-09-21,45.072,45.268,44.504,44.906,939556,0
2015-09-22,44.306,44.916,43.786,44.778,1406482,0
2015-09-23,44.797,44.866,43.923,43.973,1270872,0
2015-09-24,42.925,44.326,42.375,44.083,2167121,0
2015-09-25,44.142,45.787,44.093,45.003,1952739,0
2015-09-28,44.738,44.983,44.132,44.718,1452873,0
2015-09-29,44.787,45.513,44.621,45.463,1212228,0
2015-09-30,45.925,46.227,45.259,45.728,1807430,0
2015-10-01,44.083,44.514,42.277,42.982,3286922,0
2015-10-02,41.67,43.188,41.1,43.169,1647030,0
2015-10-05,43.492,44.973,43.327,44.896,1671203,0
2015-10-06,44.816,45.562,44.602,45.365,1692408,0
2015-10-07,45.582,46.102,44.345,45.405,1360695,0
2015-10-08,45.189,46.789,45.18,46.66,867566,0
2015-10-09,46.798,47.053,45.875,46.102,928951,0
2015-10-12,46.141,46.427,45.092,45.415,881941,0
2015-10-13,45.062,45.18,44.198,44.728,1670382,0
2015-10-14,44.65,45.043,44.093,44.572,951997,0
2015-10-15,44.454,44.552,43.022,43.846,1424224,0
2015-10-16,43.776,43.983,43.032,43.385,1063757,0
2015-10-19,43.248,43.287,42.463,43.012,864867,0
2015-10-20,42.815,44.013,42.532,43.512,788433,0
2015-10-21,43.651,44.896,43.641,43.993,1114540,0
2015-10-22,44.053,45.777,43.903,45.355,1242308,0
2015-10-23,45.562,45.865,45.092,45.434,1080890,0
2015-10-26,45.405,45.602,43.893,43.973,1169398,0
2015-10-27,43.482,43.71,42.835,43.551,1688431,0
2015-10-28,44.797,47.69,43.188,47.661,3950547,0
2015-10-29,47.69,48.053,47.308,47.71,1607058,0
2015-10-30,47.769,48.073,47.073,47.455,1438603,0
2015-11-02,47.642,49.299,47.592,49.113,1792951,0
2015-11-03,49.103,49.192,48.476,48.552,1323580,0
2015-11-04,48.838,48.868,46.906,47.073,1599421,0
2015-11-05,47.18,48.357,46.847,47.71,1070080,0
2015-11-06,47.642,47.788,46.513,47.455,932215,0
2015-11-09,47.337,47.367,46.552,46.944,899166,0
2015-11-10,46.798,47.876,46.798,47.533,1230784,0
2015-11-11,47.749,47.749,46.532,46.67,793229,0
2015-11-12,46.296,46.376,44.577,44.684,1324107,0
2015-11-13,44.654,45.51,44.359,45.402,1303458,0
2015-11-16,45.274,46.346,45.274,46.296,771903,0
2015-11-17,46.532,46.532,45.717,45.963,610993,0
2015-11-18,46.326,47.349,46.121,47.32,897214,0
2015-11-19,47.044,47.722,46.837,47.397,708842,0
2015-11-20,47.634,48.431,47.497,47.821,692264,0
2015-11-23,47.437,48.302,47.3,47.329,698366,0
2015-11-24,47.113,48.616,46.562,48.311,889411,0
2015-11-25,48.794,49.532,48.381,48.96,1251788,0
2015-11-27,48.893,49.462,48.834,49.198,434419,0
2015-11-30,49.452,49.875,48.97,49.412,1459794,0
2015-12-01,49.188,50.367,49.188,49.924,1331232,0
2015-12-02,49.914,50.446,49.651,50.268,1305949,0
2015-12-03,50.248,50.593,48.989,49.159,963453,0
2015-12-04,49.049,50.652,48.95,50.573,1198898,0
2015-12-07,50.417,50.524,49.452,49.707,949497,0
2015-12-08,48.989,49.964,48.548,49.679,1365704,0
2015-12-09,49.532,50.859,49.334,49.412,1128512,0
2015-12-10,49.432,49.994,49.296,49.591,869347,0
2015-12-11,48.834,48.873,47.664,48.203,1228800,0
2015-12-14,48.371,48.774,47.644,48.587,1069834,0
2015-12-15,48.685,48.912,44.763,45.264,4210024,0
2015-12-16,45.264,45.629,43.878,44.733,2215727,0
2015-12-17,44.763,44.901,43.712,43.829,1311189,0
2015-12-18,43.779,43.779,42.973,43.229,1551235,0
2015-12-21,43.543,43.789,42.993,43.563,839034,0
2015-12-22,43.673,44.636,43.663,44.3,615999,0
2015-12-23,44.703,45.382,44.468,45.274,570307,0
2015-12-24,45.245,45.629,45.039,45.274,258432,0
2015-12-28,45.146,45.47,44.664,45.314,705254,0
2015-12-29,45.52,45.883,42.216,45.382,661757,0
2015-12-30,45.402,46.159,45.088,45.451,737837,0
2015-12-31,45.078,45.47,44.626,44.626,1118535,0
2016-01-04,43.633,44.28,42.718,44.242,1601153,0
2016-01-05,44.379,45.088,44.222,44.881,1352868,0
2016-01-06,44.006,44.901,43.976,44.468,1116316,0
2016-01-07,43.465,45.039,43.199,44.498,2627402,0
2016-01-08,44.773,45.185,44.096,44.31,1295252,0
2016-01-11,44.359,44.758,43.886,44.448,1654198,0
2016-01-12,44.931,45.314,43.278,44.557,1128315,0
2016-01-13,44.861,45.998,44.115,44.212,1937370,0
2016-01-14,44.468,44.999,43.259,44.359,1426273,0
2016-01-15,43.17,44.713,43.023,43.976,2328809,0
2016-01-19,44.488,44.911,43.101,43.859,1326752,0
2016-01-20,43.033,44.105,42.472,43.722,1424133,0
2016-01-21,43.722,44.125,43.18,43.484,1315073,0
2016-01-22,44.369,45.848,44.335,45.176,1137407,0
2016-01-25,44.861,45.249,43.417,43.504,1024985,0
2016-01-26,43.996,46.169,43.906,45.795,1580699,0
2016-01-27,45.5,47.644,44.684,46.169,1328120,0
2016-01-28,46.798,47.369,45.422,46.356,1157335,0
2016-01-29,46.985,47.968,46.493,47.948,1766887,0
2016-02-01,47.674,48.371,46.68,47.516,2210168,0
2016-02-02,45.245,45.973,41.687,43.278,4362846,0
2016-02-03,43.338,44.3,42.266,43.799,1701659,0
2016-02-04,43.741,47.29,43.653,46.386,2039911,0
2016-02-05,46.013,46.729,45.903,46.513,1538141,0
2016-02-08,45.736,46.699,45.392,46.091,1257184,0
2016-02-09,45.304,45.963,44.557,45.599,1282985,0
2016-02-10,45.933,46.081,43.731,44.27,1161980,0
2016-02-11,43.433,45.415,43.138,45.041,1294690,0
2016-02-12,46.037,46.037,44.33,45.08,850888,0
2016-02-16,46.037,46.696,45.317,46.677,1512736,0
2016-02-17,47.328,48.619,47.111,48.56,1163734,0
2016-02-18,48.531,48.964,46.677,47.092,866657,0
2016-02-19,46.222,46.222,43.177,45.749,1177328,0
2016-02-22,46.232,46.953,45.878,46.589,1320481,0
2016-02-23,46.48,47.121,45.968,46.037,715632,0
2016-02-24,45.307,46.599,44.943,46.441,674701,0
2016-02-25,47.289,47.289,46.272,47.239,744554,0
2016-02-26,47.486,47.762,46.933,47.219,502729,0
2016-02-29,47.338,48.916,46.696,48.797,1496144,0
2016-03-01,49.103,49.587,48.294,49.577,935177,0
2016-03-02,49.627,49.981,49.113,49.802,1101872,0
2016-03-03,49.762,50.395,49.261,50.345,1819077,0
2016-03-04,50.395,51.913,49.951,51.47,1330035,0
2016-03-07,51.155,52.599,50.878,52.534,967033,0
2016-03-08,52.062,52.178,50.651,50.789,1298758,0
2016-03-09,51.125,51.814,50.828,51.519,587212,0
2016-03-10,51.538,51.538,49.497,50.72,1034128,0
2016-03-11,51.233,51.43,50.444,51.29,661419,0
2016-03-14,50.966,51.45,50.385,50.592,845661,0
2016-03-15,49.752,50.256,49.103,49.981,1202597,0
2016-03-16,50.021,51.213,49.722,51.183,716118,0
2016-03-17,51.183,52.257,50.936,51.864,1072310,0
2016-03-18,51.844,52.277,51.026,51.519,1493362,0
2016-03-21,51.51,52.022,51.065,51.35,613595,0
2016-03-22,50.838,51.252,50.562,50.986,601484,0
2016-03-23,50.75,51.055,49.772,50.276,867662,0
2016-03-24,49.951,50.474,49.33,50.296,589919,0
2016-03-28,50.493,50.503,49.487,49.931,567223,0
2016-03-29,49.677,50.798,49.677,50.631,667455,0
2016-03-30,50.779,51.085,50.454,50.671,626361,0
2016-03-31,50.73,50.763,48.897,49.003,1736074,0
2016-04-01,48.453,49.368,47.328,49.241,1264405,0
2016-04-04,49.133,49.276,48.473,48.629,537299,0
2016-04-05,48.333,49.033,47.919,47.999,1232396,0
2016-04-06,48.058,48.264,47.299,48.245,758315,0
2016-04-07,47.88,48.033,47.199,47.545,912482,0
2016-04-08,48.225,48.748,47.762,47.949,866171,0
2016-04-11,48.274,48.974,47.772,47.791,580745,0
2016-04-12,47.791,48.6,47.594,48.245,634735,0
2016-04-13,48.916,50.142,48.718,49.941,1180766,0
2016-04-14,50.041,50.075,49.301,49.477,957926,0
2016-04-15,49.427,49.685,48.847,49.547,521147,0
2016-04-18,49.202,50.001,48.954,49.713,448743,0
2016-04-19,49.931,51.558,49.757,51.528,1039845,0
2016-04-20,51.598,52.554,51.49,52.13,1009780,0
2016-04-21,52.337,52.701,51.714,51.794,698701,0
2016-04-22,51.874,52.701,51.38,52.297,997978,0
2016-04-25,52.257,52.425,51.734,52.297,819893,0
2016-04-26,52.642,52.831,51.95,52.484,1630040,0
2016-04-27,54.23,55.215,50.415,53.215,2992053,0
2016-04-28,53.234,53.697,51.35,52.614,1589130,0
2016-04-29,52.672,53.875,52.455,52.721,1489085,0
2016-05-02,52.771,52.898,51.874,52.494,1156277,0
2016-05-03,51.744,52.052,51.46,51.844,858487,0
2016-05-04,51.668,52.1,50.601,50.858,1015315,0
2016-05-05,51.213,51.247,50.026,50.118,904062,0
2016-05-06,49.931,51.085,49.708,50.661,801275,0
2016-05-09,50.157,50.68,49.704,50.345,1074051,0
2016-05-10,50.582,51.844,50.375,51.608,1411637,0
2016-05-11,51.47,51.943,51.155,51.48,596316,0
2016-05-12,51.825,52.269,51.064,51.825,1292144,0
2016-05-13,51.568,51.785,50.738,50.876,758980,0
2016-05-16,51.025,51.676,51.005,51.144,835981,0
2016-05-17,51.154,51.686,50.412,50.649,615791,0
2016-05-18,50.481,51.173,50.223,50.768,891500,0
2016-05-19,50.243,50.56,49.768,50.432,1110432,0
2016-05-20,50.471,50.777,48.84,49.225,1831445,0
2016-05-23,48.968,50.037,48.672,49.472,638721,0
2016-05-24,49.997,50.886,49.738,50.57,1051041,0
2016-05-25,50.905,51.202,50.51,50.995,726787,0
2016-05-26,51.222,51.31,50.698,50.915,538700,0
2016-05-27,50.758,51.094,50.342,50.728,478372,0
2016-05-31,51.045,52.319,51.0,51.33,1132665,0
2016-06-01,50.935,51.658,50.634,51.241,1139875,0
2016-06-02,51.3,52.013,50.995,51.983,849076,0
2016-06-03,52.102,52.981,52.033,52.497,841150,0
2016-06-06,52.834,54.463,52.655,54.356,898229,0
2016-06-07,54.217,54.643,53.961,54.306,698678,0
2016-06-08,54.672,54.672,54.108,54.257,473160,0
2016-06-09,53.615,54.108,52.409,53.911,370894,0
2016-06-10,53.209,53.792,53.031,53.16,728038,0
2016-06-13,53.021,53.693,52.25,52.25,705264,0
2016-06-14,52.003,52.527,51.558,51.993,500144,0
2016-06-15,52.279,52.477,51.668,51.705,488840,0
2016-06-16,51.41,51.44,50.461,51.281,707764,0
2016-06-17,51.47,52.122,51.281,51.5,1156507,0
2016-06-20,51.914,52.457,51.785,51.934,594925,0
2016-06-21,51.815,51.815,50.955,50.975,1058548,0
2016-06-22,51.281,51.875,51.074,51.261,599967,0
2016-06-23,52.063,52.279,51.3,51.648,680382,0
2016-06-24,49.512,49.719,47.753,47.773,1897380,0
2016-06-27,46.458,46.823,44.166,44.985,1936727,0
2016-06-28,45.578,46.023,44.491,45.588,1173135,0
2016-06-29,46.152,46.616,45.598,45.914,971216,0
2016-06-30,46.181,46.645,45.648,46.587,1447718,0
2016-07-01,46.587,47.14,46.436,46.636,977938,0
2016-07-05,46.152,46.419,44.946,45.687,880028,0
2016-07-06,45.4,46.19,45.212,46.19,1005411,0
2016-07-07,46.458,46.774,45.834,46.152,627468,0
2016-07-08,46.684,47.298,46.684,47.15,592932,0
2016-07-11,47.723,47.792,47.071,47.288,330721,0
2016-07-12,47.91,48.415,47.506,48.256,487825,0
2016-07-13,48.711,48.761,47.802,48.187,900899,0
2016-07-14,48.92,49.245,48.593,48.662,688561,0
2016-07-15,48.761,49.047,48.39,48.751,564341,0
2016-07-18,48.395,49.422,48.325,49.334,553239,0
2016-07-19,48.958,48.958,48.049,48.425,419799,0
2016-07-20,48.494,48.775,48.227,48.305,480507,0
2016-07-21,48.81,49.632,48.642,48.741,879517,0
2016-07-22,48.365,48.612,47.387,47.99,769271,0
2016-07-25,47.14,47.14,45.805,46.714,1306762,0
2016-07-26,47.041,48.207,47.041,47.851,959916,0
2016-07-27,48.049,48.405,47.792,47.9,632175,0
2016-07-28,47.812,48.039,47.358,47.406,415265,0
2016-07-29,47.12,47.95,47.1,47.604,525472,0
2016-08-01,47.496,48.266,47.105,47.822,911412,0
2016-08-02,47.792,47.92,47.218,47.506,662384,0
2016-08-03,47.446,48.563,47.258,48.207,1069343,0
2016-08-04,48.227,49.137,46.21,46.319,1662090,0
2016-08-05,46.329,48.0,46.329,47.861,826085,0
2016-08-08,48.089,48.593,47.773,48.573,955910,0
2016-08-09,48.544,48.987,47.614,48.178,1236401,0
2016-08-10,48.395,48.593,47.208,47.338,647233,0
2016-08-11,47.456,47.823,47.308,47.575,675377,0
2016-08-12,47.575,47.813,46.643,46.732,852730,0
2016-08-15,46.922,47.456,46.922,47.426,524314,0
2016-08-16,47.338,47.446,47.01,47.179,462406,0
2016-08-17,47.119,47.248,46.525,46.565,629408,0
2016-08-18,46.585,46.882,46.187,46.246,848397,0
2016-08-19,46.822,49.658,46.406,49.408,2415115,0
2016-08-22,48.942,49.468,48.497,49.052,868238,0
2016-08-23,49.339,49.498,48.874,49.082,498821,0
2016-08-24,49.012,49.122,48.584,48.715,508613,0
2016-08-25,48.695,48.695,47.872,48.151,601365,0
2016-08-26,48.151,48.408,47.348,47.476,558991,0
2016-08-29,47.645,48.348,47.426,48.131,469126,0
2016-08-30,48.468,48.69,47.962,48.398,1019695,0
2016-08-31,48.328,48.745,47.675,48.111,878707,0
2016-09-01,48.151,48.398,46.792,47.02,736690,0
2016-09-02,47.387,47.536,46.872,47.169,527836,0
2016-09-06,47.288,47.665,47.099,47.516,591840,0
2016-09-07,47.645,47.823,47.04,47.645,608324,0
2016-09-08,47.496,47.724,47.04,47.675,677072,0
2016-09-09,47.348,47.575,46.456,46.466,568162,0
2016-09-12,45.96,47.149,45.96,47.06,491650,0
2016-09-13,46.475,46.634,45.99,46.119,589217,0
2016-09-14,46.207,46.286,45.811,46.049,557750,0
2016-09-15,46.129,46.772,46.049,46.692,429166,0
2016-09-16,46.485,46.752,46.226,46.316,1172184,0
2016-09-19,46.653,46.951,46.296,46.653,432418,0
2016-09-20,46.882,47.02,46.585,46.585,466703,0
2016-09-21,46.981,47.466,46.951,47.387,405674,0
2016-09-22,47.833,48.17,47.595,48.031,486725,0
2016-09-23,47.704,48.041,47.368,47.396,365274,0
2016-09-26,47.278,47.368,47.03,47.09,522292,0
2016-09-27,46.772,47.03,46.336,46.386,693591,0
2016-09-28,46.545,47.338,46.386,47.298,801431,0
2016-09-29,47.426,48.507,47.328,47.406,645566,0
2016-09-30,47.744,48.982,47.684,48.884,990559,0
2016-10-03,48.586,49.408,48.556,48.854,648016,0
2016-10-04,48.884,49.498,48.398,48.458,521109,0
2016-10-05,48.972,49.508,48.834,49.002,687750,0
2016-10-06,48.755,49.706,48.348,49.618,574939,0
2016-10-07,49.696,50.142,49.25,49.755,1193593,0
2016-10-10,52.521,52.601,51.183,51.57,1389926,0
2016-10-11,51.51,52.263,50.905,51.242,1014677,0
2016-10-12,51.233,51.727,51.188,51.54,1120180,0
2016-10-13,50.559,51.134,50.34,50.826,1064330,0
2016-10-14,51.688,51.887,50.559,50.628,874169,0
2016-10-17,50.519,51.233,50.519,50.925,606801,0
2016-10-18,51.62,52.243,50.519,51.747,1315106,0
2016-10-19,51.777,51.986,51.074,51.154,774012,0
2016-10-20,50.291,51.045,50.142,50.32,765684,0
2016-10-21,50.014,51.035,49.775,50.856,564700,0
2016-10-24,51.491,51.777,51.104,51.381,800244,0
2016-10-25,51.193,51.737,50.648,51.252,1532474,0
2016-10-26,50.876,52.046,49.172,50.36,2234752,0
2016-10-27,50.44,50.747,49.092,49.578,1465101,0
2016-10-28,49.696,50.355,49.428,49.864,545724,0
2016-10-31,50.014,51.074,49.954,50.628,1080278,0
2016-11-01,50.49,50.955,49.33,49.518,1110818,0
2016-11-02,49.398,49.538,48.497,48.666,1299854,0
2016-11-03,48.725,49.191,48.606,48.854,424449,0
2016-11-04,48.616,49.663,48.616,49.112,800980,0
2016-11-07,50.142,50.767,49.845,50.251,818946,0
2016-11-08,50.004,50.816,49.924,50.47,550661,0
2016-11-09,50.35,51.665,50.162,50.697,1291580,0
2016-11-10,51.592,52.114,51.263,51.582,868295,0
2016-11-11,51.602,51.999,50.966,51.89,999760,0
2016-11-14,52.119,52.893,51.7,52.665,1070674,0
2016-11-15,52.764,53.465,52.426,53.39,859936,0
2016-11-16,53.181,53.46,52.903,52.973,797271,0
2016-11-17,52.953,53.296,52.824,53.122,495624,0
2016-11-18,53.211,53.231,52.327,52.377,503938,0
2016-11-21,52.436,52.913,52.217,52.884,552986,0
2016-11-22,53.201,54.076,52.953,53.987,1002901,0
2016-11-23,55.377,56.084,55.13,55.805,1633472,0
2016-11-25,55.656,56.182,55.16,56.143,441396,0
2016-11-28,56.63,56.63,55.82,55.934,1268437,0
2016-11-29,55.537,55.974,55.1,55.507,852578,0
2016-11-30,56.044,56.232,55.447,55.447,774555,0
2016-12-01,55.387,56.719,55.238,56.461,1070507,0
2016-12-02,56.202,56.709,55.954,56.471,668519,0
2016-12-05,57.037,57.991,56.808,57.117,2154053,0
2016-12-06,56.948,58.716,56.531,58.299,1747280,0
2016-12-07,57.722,59.511,57.722,59.422,1024083,0
2016-12-08,59.531,60.833,59.035,60.276,1753425,0
2016-12-09,60.266,60.346,59.621,59.968,874416,0
2016-12-12,59.929,60.615,59.74,59.889,732398,0
2016-12-13,58.676,59.581,58.676,58.855,1070152,0
2016-12-14,58.528,58.578,57.186,57.265,800300,0
2016-12-15,57.017,57.489,56.798,57.206,1116899,0
2016-12-16,57.137,59.322,56.918,57.862,1579102,0
2016-12-19,58.001,58.895,57.702,57.772,947842,0
2016-12-20,58.051,58.468,57.624,57.981,603491,0
2016-12-21,57.872,58.031,56.908,57.206,851347,0
2016-12-22,57.375,57.375,56.699,57.186,835020,0
2016-12-23,57.215,57.802,57.077,57.395,310441,0
2016-12-27,57.682,58.219,57.484,57.931,334930,0
2016-12-28,58.031,58.413,57.335,57.732,605443,0
2016-12-29,57.882,58.239,57.432,57.682,1491647,0
2016-12-30,57.862,58.021,57.355,57.494,457557,0
2017-01-03,58.229,58.359,57.395,57.941,669164,0
2017-01-04,58.528,60.406,58.528,60.207,1597792,0
2017-01-05,59.949,60.416,59.661,59.968,1119504,0
2017-01-06,59.482,60.321,58.746,60.158,560730,0
2017-01-09,60.118,60.356,59.571,60.108,1062082,0
2017-01-10,60.008,60.545,59.621,59.959,1114600,0
2017-01-11,59.899,60.475,59.899,60.465,510305,0
2017-01-12,60.276,60.495,59.462,60.266,459830,0
2017-01-13,60.505,61.082,60.266,60.495,601132,0
2017-01-17,60.236,60.625,59.909,60.266,915394,0
2017-01-18,60.485,61.32,60.485,61.32,906317,0
2017-01-19,61.658,61.866,60.903,61.29,803039,0
2017-01-20,61.569,61.896,61.31,61.886,1397694,0
2017-01-23,61.906,62.155,61.569,61.846,538343,0
2017-01-24,62.443,63.317,62.095,63.069,715607,0
2017-01-25,63.556,63.973,63.496,63.596,969787,0
2017-01-26,63.476,63.709,63.049,63.099,468438,0
2017-01-27,63.317,63.556,62.79,63.059,484110,0
2017-01-30,62.711,62.78,61.916,62.701,991157,0
2017-01-31,62.602,62.602,61.777,62.403,794899,0
2017-02-01,62.373,62.89,61.886,61.996,754740,0
2017-02-02,62.095,62.244,61.429,62.006,912285,0
2017-02-03,62.542,62.82,62.194,62.78,350764,0
2017-02-06,62.691,62.94,62.393,62.711,1234467,0
2017-02-07,63.347,63.764,62.115,63.586,1377303,0
2017-02-08,63.606,63.883,63.207,63.684,1040968,0
2017-02-09,64.003,64.093,63.446,63.913,1958316,0
2017-02-10,64.132,64.38,63.636,64.33,556771,0
2017-02-13,64.48,64.63,63.882,63.902,768609,0
2017-02-14,63.813,64.002,63.534,63.982,628455,0
2017-02-15,63.654,64.211,63.464,64.211,551875,0
2017-02-16,64.191,64.191,63.235,63.544,794787,0
2017-02-17,63.395,64.191,63.106,63.723,584049,0
2017-02-21,63.634,63.833,62.797,63.126,1214922,0
2017-02-22,63.006,63.235,62.677,62.757,1000383,0
2017-02-23,62.687,62.917,60.945,61.005,1440645,0
2017-02-24,60.637,61.473,60.477,61.473,456783,0
2017-02-27,61.283,61.911,61.173,61.652,443322,0
2017-02-28,61.223,61.761,60.577,60.666,691790,0
2017-03-01,61.433,62.399,61.433,62.14,642728,0
2017-03-02,61.881,61.961,60.685,60.735,638103,0
2017-03-03,60.885,61.233,60.407,61.183,394151,0
2017-03-06,60.607,61.015,60.388,60.855,388687,0
2017-03-07,60.735,61.233,60.257,60.317,632132,0
2017-03-08,60.447,60.775,59.571,59.571,843936,0
2017-03-09,59.69,59.869,58.645,58.943,600698,0
2017-03-10,59.301,59.401,58.625,59.262,457837,0
2017-03-13,59.491,59.546,58.953,59.013,635947,0
2017-03-14,58.913,59.093,58.296,59.063,533384,0
2017-03-15,59.421,60.617,59.143,60.437,748997,0
2017-03-16,60.497,60.735,60.287,60.427,334191,0
2017-03-17,60.397,61.085,60.267,60.695,909177,0
2017-03-20,60.745,60.745,60.198,60.557,433151,0
2017-03-21,60.705,61.055,59.282,59.341,512815,0
2017-03-22,59.341,59.726,59.063,59.641,352708,0
2017-03-23,59.651,60.069,59.242,59.461,309941,0
2017-03-24,59.481,59.889,58.714,58.953,264514,0
2017-03-27,58.107,58.276,57.758,58.147,469923,0
2017-03-28,58.137,59.003,57.957,58.913,378765,0
2017-03-29,58.943,59.799,58.605,59.601,433019,0
2017-03-30,59.571,60.227,59.571,60.109,210445,0
2017-03-31,59.919,60.377,59.794,59.929,260719,0
2017-04-03,60.129,60.305,59.601,60.237,750385,0
2017-04-04,60.159,60.725,60.049,60.337,446429,0
2017-04-05,60.705,61.213,59.959,60.267,621679,0
2017-04-06,60.347,61.283,60.277,61.125,413353,0
2017-04-07,60.885,61.553,60.666,60.695,360251,0
2017-04-10,60.745,61.095,60.527,60.825,557177,0
2017-04-11,60.666,60.775,59.551,60.527,727054,0
2017-04-12,60.537,60.765,58.485,58.625,628949,0
2017-04-13,58.764,58.784,57.768,57.788,524103,0
2017-04-17,58.057,58.714,57.788,58.684,299446,0
2017-04-18,58.226,58.933,58.167,58.655,442159,0
2017-04-19,58.873,59.202,58.206,58.615,684112,0
2017-04-20,58.834,60.287,58.445,59.839,888276,0
2017-04-21,59.969,59.969,59.103,59.242,336381,0
2017-04-24,60.357,61.637,60.357,61.243,544412,0
2017-04-25,61.991,63.415,61.592,62.648,1231658,0
2017-04-26,62.648,63.803,62.648,63.504,862942,0
2017-04-27,63.504,64.082,63.185,63.853,1346528,0
2017-04-28,64.5,65.396,61.671,63.723,1214660,0
2017-05-01,65.128,65.276,63.987,64.699,1247240,0
2017-05-02,64.699,65.123,63.514,63.882,997855,0
2017-05-03,63.614,63.693,63.016,63.634,724889,0
2017-05-04,63.604,63.733,62.757,63.594,929428,0
2017-05-05,63.614,64.201,63.205,63.733,650384,0
2017-05-08,63.504,63.594,62.598,63.215,705373,0
2017-05-09,63.494,63.793,63.156,63.554,611060,0
2017-05-10,63.574,64.271,63.484,64.102,721325,0
2017-05-11,63.902,64.271,63.253,64.171,362390,0
2017-05-12,63.782,63.872,63.523,63.613,242199,0
2017-05-15,63.932,64.411,63.792,64.012,373152,0
2017-05-16,64.052,64.271,63.513,64.191,327039,0
2017-05-17,63.054,63.473,62.714,62.754,509167,0
2017-05-18,61.786,61.786,60.209,61.627,1205328,0
2017-05-19,62.495,65.095,62.375,64.052,1416163,0
2017-05-22,64.291,64.551,63.213,63.922,854582,0
2017-05-23,64.082,64.251,63.373,63.912,659370,0
2017-05-24,63.892,64.017,63.543,63.902,358952,0
2017-05-25,64.251,64.321,63.293,63.613,364308,0
2017-05-26,63.852,63.972,63.393,63.832,440341,0
2017-05-30,63.463,63.598,63.074,63.463,465676,0
2017-05-31,63.802,63.952,63.323,63.902,552169,0
2017-06-01,64.421,65.319,64.191,65.219,779709,0
2017-06-02,65.289,65.629,64.87,65.1,300258,0
2017-06-05,64.81,65.364,64.7,64.83,202827,0
2017-06-06,64.421,65.289,64.261,64.69,372004,0
2017-06-07,64.87,64.87,64.251,64.471,270141,0
2017-06-08,64.521,65.938,64.431,65.289,486151,0
2017-06-09,66.247,67.385,66.018,67.076,858538,0
2017-06-12,66.966,66.986,65.828,66.607,673072,0
2017-06-13,66.696,67.016,66.267,66.796,629746,0
2017-06-14,67.036,67.175,66.457,67.056,407895,0
2017-06-15,65.988,67.305,65.988,67.305,473979,0
2017-06-16,67.265,67.595,66.906,67.205,984855,0
2017-06-19,67.764,67.874,66.786,67.664,692267,0
2017-06-20,67.405,67.405,66.746,66.786,328122,0
2017-06-21,67.495,67.904,66.607,67.026,672232,0
2017-06-22,66.896,67.136,66.267,66.557,441612,0
2017-06-23,66.477,67.205,66.167,66.686,702308,0
2017-06-26,66.736,67.265,66.327,67.006,339956,0
2017-06-27,67.106,67.455,66.207,66.337,357137,0
2017-06-28,66.816,67.255,66.477,67.126,479732,0
2017-06-29,67.165,67.605,65.988,66.487,528919,0
2017-06-30,66.966,67.6,66.577,67.255,468237,0
2017-07-03,67.664,67.984,67.285,67.794,416044,0
2017-07-05,67.714,68.792,67.714,68.782,815361,0
2017-07-06,68.463,68.523,67.654,67.694,803396,0
2017-07-07,67.904,68.403,67.415,68.243,538314,0
2017-07-10,68.303,69.98,68.114,69.161,1200141,0
2017-07-11,70.369,70.629,69.75,70.269,1278461,0
2017-07-12,70.788,70.918,68.772,68.872,821745,0
2017-07-13,68.912,69.611,68.139,69.541,705392,0
2017-07-14,69.73,70.449,69.371,70.14,387431,0
2017-07-17,70.219,70.718,69.66,70.309,562300,0
2017-07-18,70.279,70.459,69.581,70.419,528987,0
2017-07-19,70.858,71.367,70.329,71.357,431227,0
2017-07-20,71.457,71.577,70.878,71.377,453141,0
2017-07-21,71.108,71.856,70.878,71.676,539133,0
2017-07-24,71.676,71.806,71.088,71.597,379210,0
2017-07-25,72.126,72.175,71.327,71.706,667371,0
2017-07-26,71.706,71.766,71.118,71.666,686198,0
2017-07-27,72.924,73.822,70.409,72.116,958077,0
2017-07-28,72.275,72.435,71.068,71.796,461289,0
2017-07-31,72.215,72.405,71.716,71.996,487777,0
2017-08-01,72.255,72.41,71.387,71.766,546640,0
2017-08-02,71.736,72.435,71.068,72.016,437203,0
2017-08-03,71.936,72.245,71.407,72.056,511978,0
2017-08-04,72.155,72.385,71.656,71.736,417330,0
2017-08-07,71.776,71.876,71.167,71.167,383844,0
2017-08-08,71.048,73.153,70.993,72.754,495691,0
2017-08-09,72.395,72.724,71.986,72.315,447490,0
2017-08-10,72.016,72.475,69.8,69.9,591409,0
2017-08-11,69.31,69.635,68.7097,68.82,572917,0
2017-08-14,69.52,70.25,69.43,70.08,423748,0
2017-08-15,69.89,69.92,68.58,69.69,443335,0
2017-08-16,69.85,69.96,69.38,69.5,429741,0
2017-08-17,69.26,69.43,67.8001,67.84,469527,0
2017-08-18,66.08,67.08,64.36,66.61,1029346,0
2017-08-21,66.68,67.11,66.49,67.09,555072,0
2017-08-22,67.21,68.05,67.08,67.94,363312,0
2017-08-23,67.5,68.04,67.2,67.21,348963,0
2017-08-24,67.38,67.5,66.38,66.42,394470,0
2017-08-25,66.71,67.28,66.6,66.9,319252,0
2017-08-28,67.11,67.11,66.25,66.61,282742,0
2017-08-29,66.11,66.96,65.93,66.56,261758,0
2017-08-30,66.46,67.97,66.335,67.9,659893,0
2017-08-31,68.36,68.55,67.47,68.45,628444,0
2017-09-01,68.7,68.89,68.38,68.41,250860,0
2017-09-05,68.34,68.75,67.17,67.66,432545,0
2017-09-06,67.95,67.95,66.69,66.75,553642,0
2017-09-07,66.82,67.16,66.17,66.72,410365,0
2017-09-08,66.58,67.84,66.37,67.8,455658,0
2017-09-11,68.35,69.07,67.93,68.96,439794,0
2017-09-12,69.24,69.98,68.8,69.29,852491,0
2017-09-13,69.24,69.6,68.73,69.37,529279,0
2017-09-14,69.25,69.725,68.94,69.68,299274,0
2017-09-15,69.69,70.46,69.64,70.39,599356,0
2017-09-18,70.77,71.9,70.5,71.74,335913,0
2017-09-19,71.78,73.01,71.5,72.97,485411,0
2017-09-20,73.14,73.36,72.81,73.31,265530,0
2017-09-21,73.5,74.4,73.3,73.37,883973,0
2017-09-22,73.27,73.45,72.56,72.62,519376,0
2017-09-25,72.32,73.61,72.24,73.5,635091,0
2017-09-26,73.72,73.94,72.83,72.89,395868,0
2017-09-27,73.19,73.48,72.64,73.01,369845,0
2017-09-28,73.07,73.56,72.83,73.48,515821,0
2017-09-29,73.63,74.19,73.18,73.77,387835,0
2017-10-02,73.91,74.18,73.61,74.17,278032,0
2017-10-03,74.5,75.42,74.2,75.34,456061,0
2017-10-04,75.4,75.53,74.87,75.17,959481,0
2017-10-05,75.38,75.585,74.89,75.29,416092,0
2017-10-06,74.99,75.58,74.74,75.48,574571,0
2017-10-09,75.41,75.47,74.78,75.05,492207,0
2017-10-10,73.9,75.345,72.7,74.55,648617,0
2017-10-11,74.31,74.83,74.29,74.72,531869,0
2017-10-12,74.14,74.84,74.14,74.65,660406,0
2017-10-13,72.82,73.23,71.39,71.48,1573136,0
2017-10-16,71.5,72.34,71.22,71.7,716848,0
2017-10-17,71.75,72.1,71.28,71.58,887878,0
2017-10-18,71.78,72.25,71.355,71.75,731418,0
2017-10-19,71.45,71.75,70.655,71.74,588901,0
2017-10-20,71.53,71.53,70.36,70.82,851920,0
2017-10-23,70.66,71.53,70.42,71.27,661597,0
2017-10-24,71.83,72.33,70.71,71.5,763843,0
2017-10-25,71.35,71.64,69.56,70.43,436799,0
2017-10-26,70.58,71.3,70.35,71.17,469339,0
2017-10-27,71.43,72.8,70.72,72.8,712481,0
2017-10-30,72.43,72.77,71.2,71.4,677830,0
2017-10-31,70.8,72.06,68.1,68.57,1567898,0
2017-11-01,69.23,70.07,69.05,69.43,893937,0
2017-11-02,69.59,70.0,68.66,68.99,534483,0
2017-11-03,68.74,69.71,68.475,69.0,751895,0
2017-11-06,68.87,70.35,68.87,69.7,663066,0
2017-11-07,69.43,70.11,68.79,68.8,662518,0
2017-11-08,68.74,69.17,68.46,69.04,473655,0
2017-11-09,68.82,68.82,67.05,67.35,527377,0
2017-11-10,67.52,68.01,67.28,67.97,456740,0
