Date,Open,High,Low,Close,Volume,OpenInt
2014-01-02,31.358,31.358,30.101,30.12,24436,0
2014-01-03,30.111,30.638,30.03,30.361,47025,0
2014-01-06,30.396,30.813,29.706,29.752,58880,0
2014-01-07,29.762,29.762,29.183,29.643,25574,0
2014-01-08,29.34,29.733,28.564,28.952,26250,0
2014-01-09,28.952,29.08,28.564,28.85,19306,0
2014-01-10,28.767,28.794,28.27,28.537,19877,0
2014-01-13,28.27,28.822,28.095,28.41,23713,0
2014-01-14,28.41,28.803,28.168,28.703,20886,0
2014-01-15,28.646,28.868,28.584,28.712,34297,0
2014-01-16,28.722,28.924,28.629,28.831,26832,0
2014-01-17,28.896,29.088,28.638,29.08,25352,0
2014-01-21,29.183,29.33,28.841,29.293,21568,0
2014-01-22,29.32,29.539,29.007,29.459,21953,0
2014-01-23,29.469,29.539,29.108,29.513,23195,0
2014-01-24,29.301,29.567,29.025,29.044,43351,0
2014-01-27,29.2,29.265,28.868,28.914,29323,0
2014-01-28,29.061,29.246,28.943,29.164,33354,0
2014-01-29,28.952,29.255,28.26,28.51,28774,0
2014-01-30,28.574,28.997,28.564,28.732,22607,0
2014-01-31,28.176,28.812,28.176,28.225,36180,0
2014-02-03,28.197,28.225,26.723,27.045,65916,0
2014-02-04,27.11,27.918,26.899,27.645,71155,0
2014-02-05,27.541,27.707,27.338,27.635,22310,0
2014-02-06,27.635,28.066,27.57,27.724,20731,0
2014-02-07,27.948,28.029,27.551,27.69,36601,0
2014-02-10,27.635,27.671,27.313,27.598,30519,0
2014-02-11,27.68,27.986,27.532,27.928,15614,0
2014-02-12,27.837,27.968,27.645,27.819,18349,0
2014-02-13,27.654,27.986,27.423,27.856,20172,0
2014-02-14,27.837,27.837,27.496,27.671,16884,0
2014-02-18,27.635,27.909,27.347,27.716,36731,0
2014-02-19,27.541,27.635,27.504,27.504,17987,0
2014-02-20,27.541,27.763,27.451,27.579,18862,0
2014-02-21,27.68,27.724,27.275,27.541,33621,0
2014-02-24,27.69,27.995,27.69,27.968,10838,0
2014-02-25,27.88,28.462,27.802,28.141,29265,0
2014-02-26,28.233,28.742,27.909,28.675,24092,0
2014-02-27,28.529,29.357,28.206,29.08,18287,0
2014-02-28,29.2,29.514,28.676,28.979,25857,0
2014-03-03,28.646,28.906,28.343,28.519,16263,0
2014-03-04,28.822,29.616,28.325,29.08,48608,0
2014-03-05,29.044,29.696,28.933,29.597,14963,0
2014-03-06,29.577,29.577,29.034,29.2,23106,0
2014-03-07,29.597,30.463,29.469,30.297,23579,0
2014-03-10,30.14,30.666,29.937,30.666,15989,0
2014-03-11,30.571,30.609,30.012,30.058,15204,0
2014-03-12,30.022,30.287,29.891,30.27,22003,0
2014-03-13,30.472,30.518,29.418,29.64,20168,0
2014-03-14,29.631,30.786,29.631,30.62,17954,0
2014-03-17,30.668,31.194,30.668,30.776,12346,0
2014-03-18,30.99,30.99,30.537,30.739,22609,0
2014-03-19,30.843,30.981,30.668,30.834,23950,0
2014-03-20,30.806,31.194,30.729,30.87,16124,0
2014-03-21,30.934,31.046,30.499,30.796,60248,0
2014-03-24,30.918,30.918,30.527,30.696,27274,0
2014-03-25,30.739,30.999,30.499,30.729,40440,0
2014-03-26,31.027,31.027,30.482,30.491,51237,0
2014-03-27,30.62,30.62,30.222,30.499,14208,0
2014-03-28,30.455,30.537,29.982,30.139,15462,0
2014-03-31,30.205,30.942,30.205,30.757,44800,0
2014-04-01,30.011,31.213,29.826,31.074,35346,0
2014-04-02,31.027,31.442,30.898,31.362,14689,0
2014-04-03,31.452,32.008,31.362,31.841,26371,0
2014-04-04,32.175,32.415,31.334,31.387,20982,0
2014-04-07,31.334,31.334,30.555,30.918,19082,0
2014-04-08,30.825,31.452,30.825,31.138,18328,0
2014-04-09,31.372,33.23,31.372,33.135,52576,0
2014-04-10,33.398,33.398,31.222,32.396,66627,0
2014-04-11,32.008,32.932,31.713,32.415,26417,0
2014-04-14,32.869,33.398,32.314,32.851,42371,0
2014-04-15,33.117,33.135,32.497,32.932,101239,0
2014-04-16,33.22,33.22,32.729,32.869,35403,0
2014-04-17,32.803,33.007,32.784,32.959,17381,0
2014-04-21,33.108,33.108,32.453,32.932,20895,0
2014-04-22,32.851,33.213,32.794,32.886,18276,0
2014-04-23,32.729,32.895,32.535,32.851,23603,0
2014-04-24,33.064,33.064,32.58,32.959,23740,0
2014-04-25,32.832,33.072,32.693,32.869,32744,0
2014-04-28,33.036,33.213,32.7,32.895,31261,0
2014-04-29,33.072,33.213,32.895,33.072,22628,0
2014-04-30,32.895,33.088,32.842,32.913,32853,0
2014-05-01,32.747,33.036,32.747,32.913,43614,0
2014-05-02,33.017,33.164,32.832,32.922,72017,0
2014-05-05,32.813,32.998,32.619,32.775,43017,0
2014-05-06,32.719,32.784,32.535,32.656,39514,0
2014-05-07,32.693,32.747,31.869,32.489,54508,0
2014-05-08,32.7,33.017,32.257,32.387,30551,0
2014-05-09,32.287,32.794,32.287,32.775,40236,0
2014-05-12,31.961,31.961,29.779,30.212,95707,0
2014-05-13,30.323,30.323,28.658,28.715,129150,0
2014-05-14,28.696,29.371,27.751,27.985,80082,0
2014-05-15,27.801,28.086,27.067,27.688,93519,0
2014-05-16,27.614,27.781,27.29,27.715,54139,0
2014-05-19,27.66,28.012,27.402,27.679,30698,0
2014-05-20,27.688,28.066,27.179,27.31,50473,0
2014-05-21,27.577,28.066,27.3,27.596,35397,0
2014-05-22,27.43,27.751,27.43,27.688,26440,0
2014-05-23,27.801,28.123,27.688,27.967,39086,0
2014-05-27,28.02,28.918,28.02,28.658,24159,0
2014-05-28,28.678,29.001,28.123,28.344,33109,0
2014-05-29,29.084,29.084,27.899,28.308,42133,0
2014-05-30,28.381,28.974,28.372,28.696,17754,0
2014-06-02,28.612,28.844,28.419,28.696,25975,0
2014-06-03,28.483,28.816,28.168,28.316,23169,0
2014-06-04,28.168,28.391,28.076,28.271,14168,0
2014-06-05,28.428,28.991,27.927,28.862,17838,0
2014-06-06,29.019,29.851,29.019,29.741,21339,0
2014-06-09,29.807,30.158,29.418,30.047,14763,0
2014-06-10,29.982,29.982,29.251,29.279,10594,0
2014-06-11,29.057,29.141,28.668,28.955,14438,0
2014-06-12,28.342,28.852,28.342,28.647,27461,0
2014-06-13,28.815,28.947,28.137,28.239,32021,0
2014-06-16,28.323,28.564,28.1,28.491,21134,0
2014-06-17,28.982,28.982,28.434,28.724,33671,0
2014-06-18,28.685,29.309,28.425,29.152,34827,0
2014-06-19,29.242,29.735,29.188,29.68,27514,0
2014-06-20,29.82,30.479,29.271,29.688,54148,0
2014-06-23,29.391,29.577,28.547,28.805,20348,0
2014-06-24,28.574,29.094,28.183,28.295,22264,0
2014-06-25,28.082,28.202,27.894,28.082,28543,0
2014-06-26,27.962,28.323,27.962,28.258,9472,0
2014-06-27,28.008,28.862,28.008,28.769,52518,0
2014-06-30,28.619,29.261,28.519,28.882,38864,0
2014-07-01,29.048,30.394,29.048,30.079,37904,0
2014-07-02,30.202,30.404,29.597,30.182,69950,0
2014-07-03,30.238,30.238,29.783,29.901,8148,0
2014-07-07,29.735,29.735,28.892,29.196,19533,0
2014-07-08,30.079,30.079,28.667,28.937,24196,0
2014-07-09,28.892,29.001,28.76,28.892,10082,0
2014-07-10,28.547,28.619,28.232,28.501,16227,0
2014-07-11,28.388,28.547,28.193,28.305,17449,0
2014-07-14,28.537,28.777,27.972,28.016,15554,0
2014-07-15,27.972,28.119,27.273,27.57,22241,0
2014-07-16,27.823,27.85,27.478,27.699,17172,0
2014-07-17,27.673,27.942,27.246,27.423,28177,0
2014-07-18,27.311,27.522,27.134,27.468,23920,0
2014-07-21,27.207,27.551,27.19,27.404,33635,0
2014-07-22,27.468,27.487,27.264,27.384,11128,0
2014-07-23,27.374,27.699,27.236,27.599,17428,0
2014-07-24,27.745,27.785,27.18,27.19,9254,0
2014-07-25,27.134,27.17,26.454,26.474,32662,0
2014-07-28,26.39,26.39,26.017,26.336,38585,0
2014-07-29,26.531,27.217,26.531,26.864,33056,0
2014-07-30,27.153,27.384,26.864,27.226,26421,0
2014-07-31,26.948,27.442,26.938,27.087,36303,0
2014-08-01,27.153,27.18,26.621,26.707,27678,0
2014-08-04,26.744,27.041,26.744,26.948,20058,0
2014-08-05,26.744,27.321,26.251,26.336,19952,0
2014-08-06,26.268,26.725,26.268,26.523,15547,0
2014-08-07,26.513,26.531,26.277,26.355,7694,0
2014-08-08,26.259,27.068,26.259,26.921,23241,0
2014-08-11,27.161,29.725,27.161,29.607,87268,0
2014-08-12,29.363,30.293,29.019,30.275,37524,0
2014-08-13,30.293,30.917,30.016,30.805,25552,0
2014-08-14,30.775,30.952,30.135,30.192,32069,0
2014-08-15,30.498,30.506,29.745,30.31,46598,0
2014-08-18,30.563,31.364,30.377,31.364,28843,0
2014-08-19,31.186,31.325,30.952,31.258,17003,0
2014-08-20,31.176,31.176,30.58,30.58,15652,0
2014-08-21,30.666,31.129,30.368,31.093,21481,0
2014-08-22,30.897,30.942,29.978,30.116,26219,0
2014-08-25,30.247,30.33,29.457,29.67,31967,0
2014-08-26,29.652,29.987,29.372,29.652,34718,0
2014-08-27,29.716,30.163,29.643,30.125,12834,0
2014-08-28,30.033,30.202,29.688,29.847,26438,0
2014-08-29,29.894,30.609,29.783,30.59,22768,0
2014-09-02,30.628,30.869,30.488,30.795,25937,0
2014-09-03,30.869,31.027,30.719,30.785,43577,0
2014-09-04,30.869,31.065,30.851,30.99,24456,0
2014-09-05,30.897,30.942,30.666,30.685,16552,0
2014-09-08,30.747,31.268,30.675,31.166,15491,0
2014-09-09,31.037,31.037,30.711,30.756,33248,0
2014-09-10,30.685,30.805,30.628,30.675,10286,0
2014-09-11,30.609,30.756,30.461,30.609,32258,0
2014-09-12,30.563,30.88,30.535,30.806,40646,0
2014-09-15,31.104,31.448,30.59,30.703,21885,0
2014-09-16,30.703,30.748,30.553,30.694,25714,0
2014-09-17,30.675,30.927,30.497,30.757,40286,0
2014-09-18,30.776,30.843,30.711,30.796,22373,0
2014-09-19,30.834,31.189,30.095,30.442,35259,0
2014-09-22,30.143,30.535,29.676,29.881,171365,0
2014-09-23,29.871,30.039,29.713,30.039,45149,0
2014-09-24,29.984,30.19,29.871,30.153,24492,0
2014-09-25,30.18,30.18,29.862,30.068,46586,0
2014-09-26,30.068,30.2,29.472,30.095,18703,0
2014-09-29,29.731,30.133,29.639,29.871,20854,0
2014-09-30,29.975,30.039,29.612,29.994,65678,0
2014-10-01,29.721,30.068,29.351,29.639,29077,0
2014-10-02,29.721,30.619,29.602,30.143,25978,0
2014-10-03,30.487,30.525,29.871,30.114,17230,0
2014-10-06,30.255,30.628,30.031,30.153,17221,0
2014-10-07,29.891,30.236,29.862,30.068,26022,0
2014-10-08,29.965,30.729,29.395,30.628,59351,0
2014-10-09,30.319,30.506,30.039,30.161,33994,0
2014-10-10,29.984,30.944,29.975,30.423,33530,0
2014-10-13,30.506,31.579,30.265,30.694,42587,0
2014-10-14,30.748,31.189,30.329,30.619,70949,0
2014-10-15,30.161,30.161,28.762,29.069,101666,0
2014-10-16,29.116,29.852,29.022,29.667,42672,0
2014-10-17,30.077,30.077,29.069,29.191,28165,0
2014-10-20,29.236,29.433,28.835,28.976,30178,0
2014-10-21,28.994,29.163,28.817,28.985,31410,0
2014-10-22,28.939,29.275,28.789,28.874,28946,0
2014-10-23,28.929,29.116,28.835,29.013,25736,0
2014-10-24,29.107,29.116,28.929,28.967,17583,0
2014-10-27,28.807,28.994,28.62,28.949,20951,0
2014-10-28,29.097,30.095,29.078,30.003,45897,0
2014-10-29,29.918,29.918,29.342,29.49,24481,0
2014-10-30,29.462,30.273,29.442,30.246,21716,0
2014-10-31,30.599,31.207,30.599,31.076,60013,0
2014-11-03,31.104,31.561,31.104,31.448,23176,0
2014-11-04,31.367,31.607,31.104,31.308,47193,0
2014-11-05,31.626,31.626,31.038,31.289,17458,0
2014-11-06,31.048,31.597,30.974,31.561,11095,0
2014-11-07,31.554,31.712,30.796,31.467,216210,0
2014-11-10,31.554,32.169,29.741,30.599,65760,0
2014-11-11,30.403,30.711,29.862,30.329,51988,0
2014-11-12,30.123,30.843,29.965,30.609,173612,0
2014-11-13,30.487,30.487,28.388,28.443,95947,0
2014-11-14,28.342,28.548,28.118,28.201,22124,0
2014-11-17,28.462,28.462,28.182,28.388,27305,0
2014-11-18,27.95,28.548,27.723,27.772,50711,0
2014-11-19,27.689,27.752,27.389,27.67,23632,0
2014-11-20,27.389,27.762,27.389,27.67,65848,0
2014-11-21,27.997,28.033,27.624,27.82,25324,0
2014-11-24,27.857,28.09,27.857,27.997,21209,0
2014-11-25,27.979,28.797,27.979,28.706,32787,0
2014-11-26,28.745,29.816,28.706,29.518,68152,0
2014-11-28,29.385,29.582,28.172,28.379,64129,0
2014-12-01,28.408,28.557,27.369,27.409,39964,0
2014-12-02,27.576,27.576,26.96,27.11,39743,0
2014-12-03,26.987,27.537,26.326,27.409,30816,0
2014-12-04,27.211,27.379,26.616,27.278,24592,0
2014-12-05,27.278,27.987,27.063,27.138,41557,0
2014-12-08,26.979,27.251,26.417,26.577,25755,0
2014-12-09,26.259,27.054,26.259,27.006,62530,0
2014-12-10,26.996,27.063,26.14,26.204,26660,0
2014-12-11,26.316,26.494,25.642,25.681,26116,0
2014-12-12,25.344,25.541,24.468,24.636,73809,0
2014-12-15,24.915,25.01,24.608,24.775,29907,0
2014-12-16,24.934,26.008,24.757,25.55,30193,0
2014-12-17,25.739,27.137,25.467,26.883,51354,0
2014-12-18,27.307,27.475,26.893,27.438,83957,0
2014-12-19,27.316,27.963,27.183,27.438,83981,0
2014-12-22,27.379,27.419,26.994,27.146,27828,0
2014-12-23,27.341,27.717,27.341,27.466,25710,0
2014-12-24,27.558,27.558,27.307,27.389,17112,0
2014-12-26,27.466,27.466,26.743,26.922,18663,0
2014-12-29,26.977,27.21,26.958,27.21,17010,0
2014-12-30,27.25,28.374,27.109,28.226,52977,0
2014-12-31,28.413,29.191,28.235,28.458,37481,0
2015-01-02,28.413,28.421,27.21,27.25,28560,0
2015-01-05,27.183,27.558,26.612,26.705,49383,0
2015-01-06,26.772,26.826,25.477,25.917,26916,0
2015-01-07,26.977,26.977,25.441,25.86,21994,0
2015-01-08,25.965,26.123,25.467,25.599,54945,0
2015-01-09,25.371,25.541,25.175,25.262,32029,0
2015-01-12,25.252,25.503,24.877,24.978,24458,0
2015-01-13,25.157,25.486,24.887,25.074,30692,0
2015-01-14,24.922,25.757,24.912,25.589,27721,0
2015-01-15,25.619,26.555,25.232,26.32,69318,0
2015-01-16,26.262,27.07,26.171,26.949,32528,0
2015-01-20,27.043,27.2,26.649,26.676,43099,0
2015-01-21,26.499,26.649,25.832,25.917,16286,0
2015-01-22,25.955,26.834,25.795,26.528,20731,0
2015-01-23,26.45,26.45,26.171,26.246,11491,0
2015-01-26,26.227,26.489,26.029,26.422,17919,0
2015-01-27,26.262,26.291,25.653,25.72,20441,0
2015-01-28,25.739,25.739,24.5,24.79,36612,0
2015-01-29,24.988,25.767,24.575,25.729,27448,0
2015-01-30,25.486,26.029,25.477,25.842,34558,0
2015-02-02,25.88,26.404,25.599,26.301,50181,0
2015-02-03,26.658,27.895,26.658,27.681,36262,0
2015-02-04,27.389,27.804,27.389,27.577,30142,0
2015-02-05,27.86,28.609,27.529,28.544,86708,0
2015-02-06,28.683,29.012,28.159,28.272,29134,0
2015-02-09,28.299,29.246,28.262,28.732,65876,0
2015-02-10,29.126,29.145,28.374,28.693,72350,0
2015-02-11,28.617,29.106,28.515,29.068,44224,0
2015-02-12,29.236,30.007,29.135,29.949,47262,0
2015-02-13,29.949,30.439,29.875,30.343,71472,0
2015-02-17,30.439,30.766,30.157,30.532,26703,0
2015-02-18,30.664,30.737,30.232,30.55,22143,0
2015-02-19,30.382,30.869,30.382,30.766,12417,0
2015-02-20,30.86,30.86,30.251,30.56,30250,0
2015-02-23,30.578,30.578,30.082,30.242,21266,0
2015-02-24,30.232,30.756,30.232,30.654,11729,0
2015-02-25,30.746,30.746,30.026,30.073,16489,0
2015-02-26,30.017,30.242,29.564,29.632,14820,0
2015-02-27,29.623,30.166,29.358,29.959,17048,0
2015-03-02,29.912,30.42,29.912,30.391,11835,0
2015-03-03,30.343,30.449,30.148,30.315,15351,0
2015-03-04,30.343,30.363,29.501,29.706,21535,0
2015-03-05,29.632,30.204,29.396,30.195,33475,0
2015-03-06,29.922,30.897,29.922,30.756,36887,0
2015-03-09,30.636,30.907,30.636,30.737,18870,0
2015-03-10,30.457,30.485,30.109,30.175,37847,0
2015-03-11,30.382,30.382,29.386,29.473,21428,0
2015-03-12,29.501,30.444,29.501,30.339,18667,0
2015-03-13,30.444,30.538,29.887,30.32,26730,0
2015-03-16,31.065,31.065,28.463,28.748,60775,0
2015-03-17,28.651,28.651,26.87,26.889,51972,0
2015-03-18,27.181,27.181,26.173,26.767,27578,0
2015-03-19,26.559,26.776,26.163,26.333,27046,0
2015-03-20,26.399,26.474,25.974,26.389,60034,0
2015-03-23,26.493,26.493,26.153,26.362,31925,0
2015-03-24,26.399,26.559,26.353,26.372,62792,0
2015-03-25,26.304,27.568,26.274,26.568,92596,0
2015-03-26,26.559,26.634,26.256,26.304,37336,0
2015-03-27,26.248,26.343,25.974,26.163,36912,0
2015-03-30,26.304,26.444,25.928,26.372,40730,0
2015-03-31,26.372,26.757,26.323,26.577,128897,0
2015-04-01,26.671,30.632,26.671,30.538,164086,0
2015-04-02,30.292,31.056,29.615,30.538,76898,0
2015-04-06,30.265,30.858,30.152,30.556,45078,0
2015-04-07,30.386,30.641,30.255,30.358,21550,0
2015-04-08,30.282,30.348,29.697,29.867,23230,0
2015-04-09,29.68,30.085,29.048,29.794,52251,0
2015-04-10,29.887,30.594,29.225,29.351,98218,0
2015-04-13,29.52,29.651,29.332,29.367,36912,0
2015-04-14,29.367,29.463,29.104,29.225,36273,0
2015-04-15,29.501,29.501,29.124,29.254,29357,0
2015-04-16,29.225,29.416,28.945,29.406,26935,0
2015-04-17,29.207,29.386,28.963,29.104,21107,0
2015-04-20,29.104,29.303,29.01,29.217,32130,0
2015-04-21,29.189,29.322,28.748,29.235,32299,0
2015-04-22,29.199,30.142,29.075,29.972,19509,0
2015-04-23,29.981,30.255,29.887,30.112,32139,0
2015-04-24,30.057,30.499,29.831,30.499,16828,0
2015-04-27,30.33,30.924,30.302,30.603,57595,0
2015-04-28,30.632,30.858,30.546,30.743,23866,0
2015-04-29,30.528,30.528,29.904,30.33,21425,0
2015-04-30,30.142,30.16,29.332,29.642,41156,0
2015-05-01,29.555,30.122,28.973,29.794,76475,0
2015-05-04,29.707,30.48,29.642,30.33,70746,0
2015-05-05,30.102,30.773,30.0,30.584,79656,0
2015-05-06,30.546,30.546,30.0,30.273,28990,0
2015-05-07,30.16,30.358,29.887,30.169,50709,0
2015-05-08,30.519,30.622,30.112,30.509,23653,0
2015-05-11,30.885,31.574,30.885,31.017,34895,0
2015-05-12,31.075,31.49,30.386,31.103,43744,0
2015-05-13,31.272,31.272,30.792,31.122,336126,0
2015-05-14,31.122,31.245,30.905,31.017,43593,0
2015-05-15,31.037,31.085,30.415,30.68,64309,0
2015-05-18,30.613,30.84,30.499,30.613,70714,0
2015-05-19,30.773,30.773,30.358,30.632,30900,0
2015-05-20,30.734,30.877,30.425,30.622,40092,0
2015-05-21,30.632,30.763,30.425,30.641,21532,0
2015-05-22,30.641,30.67,29.605,29.858,99491,0
2015-05-26,29.707,29.716,28.057,28.99,87732,0
2015-05-27,29.114,30.519,28.99,30.273,48896,0
2015-05-28,30.112,30.405,29.745,30.057,27866,0
2015-05-29,30.0,30.189,29.707,29.764,24820,0
2015-06-01,30.066,30.169,29.124,29.877,30192,0
2015-06-02,29.877,30.112,29.322,29.376,43157,0
2015-06-03,29.225,29.877,28.99,29.688,53883,0
2015-06-04,29.463,29.707,29.161,29.528,21213,0
2015-06-05,29.406,29.697,29.199,29.52,38713,0
2015-06-08,29.463,29.735,29.312,29.68,42217,0
2015-06-09,29.697,29.821,29.434,29.633,27017,0
2015-06-10,29.877,30.32,29.716,30.057,43420,0
2015-06-11,29.972,30.01,29.546,29.67,26648,0
2015-06-12,29.492,29.697,29.376,29.624,17395,0
2015-06-15,29.366,29.85,29.282,29.462,32291,0
2015-06-16,29.433,29.528,29.223,29.282,41367,0
2015-06-17,29.282,29.528,28.941,29.007,25538,0
2015-06-18,29.15,29.33,28.656,28.903,33663,0
2015-06-19,28.997,29.595,28.836,29.282,109959,0
2015-06-22,29.5,29.519,29.253,29.32,19205,0
2015-06-23,29.197,29.35,28.676,28.885,47918,0
2015-06-24,28.885,28.997,28.656,28.743,34192,0
2015-06-25,28.788,28.797,28.571,28.656,24377,0
2015-06-26,28.797,28.797,28.429,28.713,95922,0
2015-06-29,28.429,28.609,28.04,28.144,31235,0
2015-06-30,28.429,28.429,27.491,27.537,24196,0
2015-07-01,27.966,28.108,27.5,27.698,37886,0
2015-07-02,27.717,27.984,27.481,27.936,19418,0
2015-07-06,27.662,28.088,27.527,27.926,29548,0
2015-07-07,27.887,27.887,26.923,27.073,27224,0
2015-07-08,26.931,27.036,26.903,26.931,27542,0
2015-07-09,27.255,27.527,26.913,26.941,27542,0
2015-07-10,27.245,27.463,27.027,27.158,24588,0
2015-07-13,27.073,27.416,27.027,27.063,21422,0
2015-07-14,26.97,27.158,26.931,27.017,24380,0
2015-07-15,27.15,27.15,26.923,26.941,14895,0
2015-07-16,27.027,27.027,26.818,26.884,16777,0
2015-07-17,26.884,26.884,26.732,26.762,22266,0
2015-07-20,26.884,26.884,26.534,26.571,17095,0
2015-07-21,26.732,26.951,26.534,26.571,18994,0
2015-07-22,26.752,26.762,26.107,26.202,17624,0
2015-07-23,26.325,26.325,25.245,25.302,34402,0
2015-07-24,25.329,25.396,25.112,25.235,30495,0
2015-07-27,25.065,25.065,24.733,24.819,11080,0
2015-07-28,24.866,25.045,24.638,24.733,27439,0
2015-07-29,24.847,26.144,24.828,26.07,35458,0
2015-07-30,26.05,26.07,25.416,25.416,13189,0
2015-07-31,25.499,25.499,24.951,25.348,30920,0
2015-08-03,25.294,25.509,25.112,25.274,24919,0
2015-08-04,25.235,25.235,24.638,24.733,20156,0
2015-08-05,24.78,24.989,24.525,24.714,20156,0
2015-08-06,24.591,24.696,24.496,24.505,17625,0
2015-08-07,24.421,24.581,24.108,24.553,25220,0
2015-08-10,24.638,27.302,24.638,26.772,64054,0
2015-08-11,26.496,26.496,24.638,24.677,36857,0
2015-08-12,24.638,24.667,23.55,23.928,50441,0
2015-08-13,23.965,23.965,23.36,23.416,42315,0
2015-08-14,23.35,25.348,23.33,25.321,75452,0
2015-08-17,25.169,25.169,23.937,24.175,24799,0
2015-08-18,24.089,24.193,23.587,24.06,29652,0
2015-08-19,23.91,24.07,23.614,23.89,29020,0
2015-08-20,23.88,23.88,23.491,23.681,29864,0
2015-08-21,23.027,23.851,23.027,23.511,47382,0
2015-08-24,22.033,23.122,22.033,22.885,45302,0
2015-08-25,23.54,23.54,21.69,21.777,43054,0
2015-08-26,22.25,22.932,21.606,22.829,67642,0
2015-08-27,23.36,23.36,22.146,22.42,29652,0
2015-08-28,22.269,22.318,21.796,21.956,33135,0
2015-08-31,22.004,22.47,21.273,22.43,45798,0
2015-09-01,22.08,22.175,21.131,21.39,40311,0
2015-09-02,21.587,21.975,21.33,21.73,25855,0
2015-09-03,21.805,22.071,21.616,21.71,24588,0
2015-09-04,21.587,21.587,20.878,21.237,32924,0
2015-09-08,21.444,21.975,21.34,21.814,51075,0
2015-09-09,22.004,25.037,22.004,24.391,92230,0
2015-09-10,24.306,25.294,24.306,24.932,82558,0
2015-09-11,24.895,26.666,24.895,25.58,62618,0
2015-09-14,25.523,25.542,24.979,25.267,37759,0
2015-09-15,25.208,26.172,25.171,25.99,33039,0
2015-09-16,25.981,26.152,25.981,26.067,37340,0
2015-09-17,25.924,26.22,25.79,25.943,38598,0
2015-09-18,25.58,27.116,25.369,27.067,103941,0
2015-09-21,26.963,27.268,26.542,27.03,50765,0
2015-09-22,26.897,27.0,26.124,26.172,43632,0
2015-09-23,26.401,26.629,25.666,26.105,59622,0
2015-09-24,25.761,26.695,25.761,26.382,58519,0
2015-09-25,26.685,26.685,25.981,26.105,50556,0
2015-09-28,25.99,25.999,25.542,25.59,32271,0
2015-09-29,25.61,25.61,24.542,25.113,39648,0
2015-09-30,25.351,25.351,24.636,24.723,81706,0
2015-10-01,24.856,24.856,24.275,24.551,30521,0
2015-10-02,24.408,24.551,23.788,24.473,27900,0
2015-10-05,24.532,26.22,24.532,25.934,25632,0
2015-10-06,26.124,26.238,25.99,26.162,26640,0
2015-10-07,26.085,26.897,25.914,25.999,33772,0
2015-10-08,25.904,26.266,25.885,26.257,23285,0
2015-10-09,26.334,26.572,26.285,26.516,14895,0
2015-10-12,26.457,27.317,26.275,27.24,29991,0
2015-10-13,27.03,27.342,26.695,26.774,25382,0
2015-10-14,26.944,27.154,26.601,27.01,28318,0
2015-10-15,27.096,28.288,26.934,28.269,30733,0
2015-10-16,28.354,28.403,27.763,28.02,21606,0
2015-10-19,27.886,28.127,27.86,28.011,24031,0
2015-10-20,28.098,28.546,28.03,28.345,13699,0
2015-10-21,28.45,28.765,27.955,28.03,54751,0
2015-10-22,27.506,28.603,27.506,28.603,17621,0
2015-10-23,28.747,28.927,28.327,28.64,51602,0
2015-10-26,28.373,28.802,27.487,27.64,21816,0
2015-10-27,27.592,27.886,27.402,27.611,42793,0
2015-10-28,27.715,29.338,27.679,29.309,48562,0
2015-10-29,29.013,29.194,28.165,28.337,26850,0
2015-10-30,28.317,28.317,27.459,27.993,37548,0
2015-11-02,28.02,29.441,28.02,29.299,39805,0
2015-11-03,29.157,29.481,28.499,28.536,49926,0
2015-11-04,28.67,28.68,28.45,28.603,30628,0
2015-11-05,28.984,28.984,28.383,28.708,21396,0
2015-11-06,28.831,29.041,28.517,28.773,28318,0
2015-11-09,29.128,29.374,28.469,28.841,24834,0
2015-11-10,28.603,29.003,28.555,28.984,20767,0
2015-11-11,29.137,29.796,28.89,29.241,63141,0
2015-11-12,29.031,29.031,28.317,28.373,24544,0
2015-11-13,28.172,28.688,27.841,28.564,26116,0
2015-11-16,28.269,28.698,27.906,28.603,29683,0
2015-11-17,28.773,28.917,27.965,28.03,24228,0
2015-11-18,28.04,28.708,28.04,28.67,33458,0
2015-11-19,28.603,28.698,28.202,28.413,28214,0
2015-11-20,28.584,29.231,28.499,28.593,38074,0
2015-11-23,28.479,28.603,28.059,28.46,40382,0
2015-11-24,28.192,28.584,28.011,28.479,20977,0
2015-11-25,28.373,28.757,27.65,28.584,72896,0
2015-11-27,28.489,28.984,28.364,28.757,48039,0
2015-11-30,28.927,28.927,28.536,28.574,79398,0
2015-12-01,28.89,28.89,28.259,28.698,50264,0
2015-12-02,28.765,28.831,28.508,28.65,75364,0
2015-12-03,29.06,31.157,28.898,30.167,239487,0
2015-12-04,30.138,30.881,28.984,29.766,77406,0
2015-12-07,29.661,29.796,29.222,29.432,71846,0
2015-12-08,29.28,29.698,29.003,29.364,25648,0
2015-12-09,29.394,29.747,29.364,29.508,58212,0
2015-12-10,29.651,30.862,29.536,30.575,59994,0
2015-12-11,29.985,30.271,29.432,29.441,57266,0
2015-12-14,29.374,29.709,28.387,28.666,49988,0
2015-12-15,28.799,29.749,28.042,29.652,62606,0
2015-12-16,29.768,30.918,29.719,30.773,69073,0
2015-12-17,30.65,31.57,30.314,30.993,42989,0
2015-12-18,30.88,31.387,30.2,30.985,138357,0
2015-12-21,31.31,31.34,30.217,30.985,59266,0
2015-12-22,30.793,31.513,30.543,31.32,55742,0
2015-12-23,31.216,31.483,30.918,31.406,27337,0
2015-12-24,31.31,31.31,30.506,30.993,32437,0
2015-12-28,30.783,31.033,30.458,30.467,30230,0
2015-12-29,30.61,31.483,30.506,31.33,25547,0
2015-12-30,31.186,31.33,30.851,30.976,24985,0
2015-12-31,30.985,31.081,30.207,30.256,39425,0
2016-01-04,29.596,30.516,29.082,30.227,46096,0
2016-01-05,30.399,30.699,30.035,30.543,41267,0
2016-01-06,30.217,32.91,30.217,32.509,158534,0
2016-01-07,32.01,32.413,31.166,31.33,63889,0
2016-01-08,31.551,31.551,29.625,29.759,63980,0
2016-01-11,29.892,30.093,29.126,29.499,89070,0
2016-01-12,29.606,29.606,28.056,28.494,61166,0
2016-01-13,28.646,28.867,26.863,27.17,85856,0
2016-01-14,27.411,28.636,27.108,27.333,89574,0
2016-01-15,26.71,26.997,25.024,25.264,212880,0
2016-01-19,25.474,26.317,25.072,25.954,135957,0
2016-01-20,25.599,26.739,25.599,26.606,157084,0
2016-01-21,26.566,27.295,26.49,26.789,50749,0
2016-01-22,27.093,27.679,26.917,27.16,66321,0
2016-01-25,26.873,27.401,26.376,26.979,57118,0
2016-01-26,27.037,27.592,27.037,27.305,55787,0
2016-01-27,27.458,29.451,27.285,28.608,59464,0
2016-01-28,28.982,29.69,28.753,29.634,55779,0
2016-01-29,29.68,31.434,29.68,31.253,89312,0
2016-02-01,30.946,30.966,30.342,30.39,36668,0
2016-02-02,30.102,30.102,29.24,29.508,45374,0
2016-02-03,29.625,30.553,28.681,30.083,75935,0
2016-02-04,29.845,30.571,29.709,29.835,27823,0
2016-02-05,29.671,29.882,29.259,29.259,41807,0
2016-02-08,29.184,29.625,28.753,29.106,100179,0
2016-02-09,28.848,29.298,28.302,28.302,56588,0
2016-02-10,28.579,29.788,28.579,29.135,38741,0
2016-02-11,28.676,29.279,28.235,28.799,47546,0
2016-02-12,29.058,29.835,28.895,28.944,33315,0
2016-02-16,29.279,29.643,29.02,29.288,68018,0
2016-02-17,29.572,30.2,29.527,29.969,41228,0
2016-02-18,29.949,30.553,29.949,30.132,28470,0
2016-02-19,30.008,30.399,29.853,29.882,35355,0
2016-02-22,30.2,32.155,30.2,31.963,75226,0
2016-02-23,31.827,31.877,30.591,31.062,59689,0
2016-02-24,30.842,31.071,30.477,30.773,83752,0
2016-02-25,30.87,31.493,30.763,31.426,55540,0
2016-02-26,31.503,32.192,30.898,31.235,24523,0
2016-02-29,31.235,31.728,30.848,31.101,45816,0
2016-03-01,31.396,32.01,30.927,31.724,34871,0
2016-03-02,31.598,31.598,30.67,31.062,72646,0
2016-03-03,31.128,31.508,30.861,31.35,66942,0
2016-03-04,31.434,32.126,31.245,31.369,32743,0
2016-03-07,31.176,31.31,30.965,31.3,75223,0
2016-03-08,31.101,31.598,30.708,31.146,78883,0
2016-03-09,31.406,31.406,30.69,30.908,62360,0
2016-03-10,32.106,34.838,31.867,33.543,177428,0
2016-03-11,33.255,34.848,32.806,34.358,144207,0
2016-03-14,34.175,35.021,33.755,34.665,148831,0
2016-03-15,34.091,34.885,33.783,34.263,87911,0
2016-03-16,34.091,34.665,33.447,34.072,60922,0
2016-03-17,34.042,35.278,34.042,35.221,96806,0
2016-03-18,35.432,36.862,35.404,36.185,95600,0
2016-03-21,36.224,37.102,35.877,36.861,64616,0
2016-03-22,36.784,36.832,35.925,36.706,44127,0
2016-03-23,36.485,37.102,36.021,36.775,84111,0
2016-03-24,36.476,37.768,36.185,37.208,87547,0
2016-03-28,37.459,37.778,36.462,36.938,78571,0
2016-03-29,36.976,38.619,36.948,38.619,58979,0
2016-03-30,38.619,38.619,35.971,36.812,99377,0
2016-03-31,36.976,37.652,36.319,36.427,229549,0
2016-04-01,36.08,36.561,35.954,36.214,129619,0
2016-04-04,36.368,36.716,35.693,36.204,93897,0
2016-04-05,35.315,36.175,35.296,36.021,106005,0
2016-04-06,35.895,36.457,35.664,36.165,67750,0
2016-04-07,35.867,36.387,35.808,36.06,53468,0
2016-04-08,36.301,37.306,35.991,36.126,60139,0
2016-04-11,36.234,37.151,35.717,36.155,137247,0
2016-04-12,36.155,36.861,36.108,36.457,63022,0
2016-04-13,36.581,37.189,36.263,36.948,119325,0
2016-04-14,37.053,37.053,36.185,36.447,76896,0
2016-04-15,36.397,36.658,36.155,36.224,54774,0
2016-04-18,36.07,36.243,35.443,36.155,42344,0
2016-04-19,36.293,36.356,35.847,36.234,54111,0
2016-04-20,36.338,37.227,35.962,36.967,97748,0
2016-04-21,37.132,37.132,36.531,36.726,162107,0
2016-04-22,36.165,37.189,36.155,37.092,34560,0
2016-04-25,37.092,37.092,36.09,36.716,54414,0
2016-04-26,36.948,38.397,36.784,38.144,65590,0
2016-04-27,37.864,38.425,37.778,38.173,51301,0
2016-04-28,38.029,38.243,37.701,38.107,42115,0
2016-04-29,38.117,39.478,38.117,39.275,65575,0
2016-05-02,39.36,40.51,38.648,39.854,74168,0
2016-05-03,39.535,40.279,38.986,40.134,103770,0
2016-05-04,39.795,40.452,39.409,40.22,72430,0
2016-05-05,40.144,40.549,39.874,40.201,58663,0
2016-05-06,40.21,40.83,40.21,40.627,48720,0
2016-05-09,40.732,40.896,39.574,40.259,48465,0
2016-05-10,40.23,43.909,39.825,41.997,134544,0
2016-05-11,40.646,40.791,36.816,37.006,232882,0
2016-05-12,36.648,37.566,35.23,35.991,71166,0
2016-05-13,35.828,36.551,35.287,35.568,69032,0
2016-05-16,35.539,36.185,35.201,35.469,74859,0
2016-05-17,35.315,35.484,34.757,34.775,99131,0
2016-05-18,34.775,35.664,34.775,35.171,57718,0
2016-05-19,34.834,34.834,33.53,33.598,112461,0
2016-05-20,33.675,34.331,33.616,34.176,64668,0
2016-05-23,34.052,34.795,33.937,34.65,41495,0
2016-05-24,34.766,35.564,34.399,35.046,53456,0
2016-05-25,34.979,35.238,34.757,34.834,34897,0
2016-05-26,34.757,35.143,34.757,34.785,38024,0
2016-05-27,34.92,35.171,34.592,34.91,36029,0
2016-05-31,35.018,35.064,34.544,34.824,57401,0
2016-06-01,34.757,35.238,34.379,35.238,39404,0
2016-06-02,35.133,35.365,34.496,34.91,41574,0
2016-06-03,34.727,34.924,34.082,34.65,63335,0
2016-06-06,34.573,35.459,34.408,35.123,45029,0
2016-06-07,34.999,35.583,34.94,35.287,56495,0
2016-06-08,35.113,35.673,35.084,35.325,67802,0
2016-06-09,35.181,35.837,34.602,35.732,54323,0
2016-06-10,35.375,35.559,35.054,35.094,42755,0
2016-06-13,34.803,35.327,34.803,35.162,79792,0
2016-06-14,35.162,35.347,33.285,33.528,158865,0
2016-06-15,33.724,34.034,33.247,33.285,53861,0
2016-06-16,33.275,33.364,32.605,33.285,38122,0
2016-06-17,33.364,33.879,33.364,33.724,60677,0
2016-06-20,34.355,34.861,34.074,34.15,63663,0
2016-06-21,34.307,34.413,33.592,34.199,53883,0
2016-06-22,34.355,34.579,34.024,34.103,39655,0
2016-06-23,34.637,35.288,34.375,34.939,69585,0
2016-06-24,33.199,34.16,33.058,33.431,162646,0
2016-06-27,32.944,33.275,31.612,31.721,44011,0
2016-06-28,32.089,32.274,31.419,31.749,71495,0
2016-06-29,32.002,33.295,31.701,33.255,44304,0
2016-06-30,33.44,33.879,32.819,33.859,71227,0
2016-07-01,33.994,34.267,33.65,34.094,56650,0
2016-07-05,33.909,33.909,32.76,33.014,45368,0
2016-07-06,32.799,34.259,32.673,34.054,38880,0
2016-07-07,34.044,34.458,33.8,34.064,31913,0
2016-07-08,34.355,35.162,34.355,34.714,31263,0
2016-07-11,34.793,35.737,34.682,35.502,29021,0
2016-07-12,35.677,36.718,35.677,35.998,101804,0
2016-07-13,36.163,36.835,35.492,36.437,61989,0
2016-07-14,36.825,38.273,36.494,36.777,179493,0
2016-07-15,37.078,37.097,36.632,36.99,52274,0
2016-07-18,36.98,37.778,36.679,37.574,127636,0
2016-07-19,37.526,38.391,37.029,37.739,117243,0
2016-07-20,37.963,38.07,37.321,37.447,58481,0
2016-07-21,37.516,37.516,36.777,37.224,49371,0
2016-07-22,37.242,38.176,37.242,37.68,37660,0
2016-07-25,37.817,37.845,37.185,37.467,52958,0
2016-07-26,37.321,37.808,37.177,37.389,39449,0
2016-07-27,37.272,37.612,37.138,37.321,27636,0
2016-07-28,37.185,37.593,36.923,37.437,31238,0
2016-07-29,37.058,37.759,37.058,37.371,42273,0
2016-08-01,37.282,38.283,37.232,37.885,71390,0
2016-08-02,37.924,38.536,36.503,36.562,60943,0
2016-08-03,36.718,37.7,36.698,37.612,37985,0
2016-08-04,37.73,38.216,36.669,36.757,27073,0
2016-08-05,37.01,37.651,36.708,37.078,29476,0
2016-08-08,37.019,37.825,36.971,37.019,19970,0
2016-08-09,37.398,39.615,37.058,38.711,97068,0
2016-08-10,38.8,39.013,38.536,38.682,50968,0
2016-08-11,38.838,38.886,38.459,38.566,53619,0
2016-08-12,38.331,38.411,37.835,38.001,41097,0
2016-08-15,38.8,39.169,38.488,39.003,117729,0
2016-08-16,39.111,39.387,38.915,38.994,78907,0
2016-08-17,39.003,39.187,38.682,39.022,90634,0
2016-08-18,38.905,39.003,38.516,38.886,38680,0
2016-08-19,38.8,39.615,38.625,39.13,57781,0
2016-08-22,39.266,39.382,38.73,39.15,41241,0
2016-08-23,39.217,39.596,39.16,39.306,62649,0
2016-08-24,39.315,39.48,38.8,39.071,46776,0
2016-08-25,39.081,39.081,38.411,38.478,43591,0
2016-08-26,38.74,39.15,38.536,39.13,99164,0
2016-08-29,39.352,40.267,39.352,39.917,166076,0
2016-08-30,39.966,40.267,39.946,40.054,53095,0
2016-08-31,40.112,40.208,39.733,39.849,109226,0
2016-09-01,39.937,39.956,38.43,38.73,39001,0
2016-09-02,38.74,38.945,38.516,38.78,35447,0
2016-09-06,38.905,39.051,38.085,38.196,44974,0
2016-09-07,38.166,38.556,38.04,38.43,53403,0
2016-09-08,38.575,39.286,38.459,39.12,62888,0
2016-09-09,38.76,39.372,38.361,39.022,162631,0
2016-09-12,38.876,39.002,38.109,38.644,93173,0
2016-09-13,38.223,38.601,37.204,37.322,76683,0
2016-09-14,37.185,39.553,37.038,39.506,191994,0
2016-09-15,39.3,40.023,39.176,39.994,86070,0
2016-09-16,39.691,41.526,39.691,41.393,96631,0
2016-09-19,41.511,41.845,40.171,40.347,61066,0
2016-09-20,40.698,40.855,39.916,39.984,23309,0
2016-09-21,40.199,40.914,40.131,40.484,49728,0
2016-09-22,40.768,41.599,40.131,41.423,112178,0
2016-09-23,41.217,41.453,40.151,40.973,148514,0
2016-09-26,40.689,40.855,39.857,39.886,39530,0
2016-09-27,39.926,40.033,39.466,39.602,31496,0
2016-09-28,39.563,39.945,39.27,39.828,48268,0
2016-09-29,39.681,39.838,38.751,39.035,52568,0
2016-09-30,39.24,39.24,38.525,38.664,52022,0
2016-10-03,38.565,39.936,38.429,39.691,71567,0
2016-10-04,39.691,39.691,38.625,38.878,45896,0
2016-10-05,39.084,39.916,38.701,39.544,49483,0
2016-10-06,39.681,40.151,39.543,39.936,31838,0
2016-10-07,39.984,40.19,39.642,39.906,40999,0
2016-10-10,40.112,40.797,40.077,40.503,85610,0
2016-10-11,40.602,41.003,40.102,40.171,57881,0
2016-10-12,40.268,40.582,39.848,40.406,32558,0
2016-10-13,40.278,40.278,39.015,39.652,43173,0
2016-10-14,40.102,40.572,39.936,39.955,43388,0
2016-10-17,40.298,40.523,40.053,40.112,24399,0
2016-10-18,40.474,40.64,40.097,40.493,39310,0
2016-10-19,40.708,41.296,40.708,41.13,43460,0
2016-10-20,41.179,41.565,40.542,40.64,32105,0
2016-10-21,40.258,40.894,40.013,40.787,16974,0
2016-10-24,40.934,41.669,40.934,41.403,20221,0
2016-10-25,41.365,41.629,40.973,41.374,34130,0
2016-10-26,41.13,41.365,40.582,40.592,19085,0
2016-10-27,40.934,41.032,40.415,40.807,67154,0
2016-10-28,40.817,41.11,40.278,40.474,18774,0
2016-10-31,40.209,40.493,39.729,39.965,40912,0
2016-11-01,40.122,40.209,38.927,39.123,52676,0
2016-11-02,39.22,39.936,38.967,39.015,30896,0
2016-11-03,39.054,39.657,39.054,39.25,42979,0
2016-11-04,39.163,40.072,38.263,39.387,26405,0
2016-11-07,39.936,40.924,39.563,40.778,43355,0
2016-11-08,40.621,40.934,39.654,40.562,28192,0
2016-11-09,40.141,47.668,40.141,46.493,199199,0
2016-11-10,47.668,48.509,45.799,46.2,134925,0
2016-11-11,46.19,47.693,46.053,47.531,188899,0
2016-11-14,47.961,50.653,47.404,48.206,138660,0
2016-11-15,48.206,48.832,47.169,48.666,74850,0
2016-11-16,48.363,51.506,48.363,51.436,91411,0
2016-11-17,47.952,50.037,47.648,49.743,88918,0
2016-11-18,50.086,52.126,49.9,51.573,59266,0
2016-11-21,52.111,52.111,50.62,51.024,46125,0
2016-11-22,51.593,52.227,50.772,51.124,63768,0
2016-11-23,51.35,52.474,50.878,51.965,38502,0
2016-11-25,52.111,52.768,51.416,51.436,23348,0
2016-11-28,51.935,52.454,50.526,50.732,67746,0
2016-11-29,51.134,54.422,49.75,53.433,108628,0
2016-11-30,53.962,53.962,52.0,52.866,61863,0
2016-12-01,52.876,53.609,51.109,51.516,54968,0
2016-12-02,51.19,51.25,49.783,50.878,81252,0
2016-12-05,51.005,52.924,51.005,52.836,66172,0
2016-12-06,52.836,54.95,52.337,54.344,78599,0
2016-12-07,54.421,55.42,53.86,55.019,55090,0
2016-12-08,54.882,56.252,54.144,55.547,43800,0
2016-12-09,55.832,56.331,54.265,56.164,75582,0
2016-12-12,55.401,56.379,54.989,55.283,68165,0
2016-12-13,55.792,56.301,55.097,56.037,52850,0
2016-12-14,56.047,56.539,55.565,56.429,44589,0
2016-12-15,56.558,57.453,56.204,56.421,67321,0
2016-12-16,56.509,57.374,55.87,56.037,126641,0
2016-12-19,56.214,56.774,55.074,55.831,46595,0
2016-12-20,56.429,58.505,54.897,57.738,73383,0
2016-12-21,57.758,57.758,56.813,56.932,27221,0
2016-12-22,56.745,57.374,55.874,56.863,33637,0
2016-12-23,56.803,57.276,56.529,56.803,33497,0
2016-12-27,57.09,57.875,56.89,57.492,15419,0
2016-12-28,57.502,58.161,56.893,57.227,36388,0
2016-12-29,57.521,58.131,56.598,56.736,33840,0
2016-12-30,56.913,56.913,55.88,56.312,44901,0
2017-01-03,57.462,57.689,56.411,56.98,48323,0
2017-01-04,57.591,57.993,57.108,57.945,66983,0
2017-01-05,57.974,58.008,56.195,56.588,47093,0
2017-01-06,57.08,58.564,56.666,57.581,64821,0
2017-01-09,57.344,57.344,55.909,56.716,43935,0
2017-01-10,56.813,58.436,56.631,58.053,29937,0
2017-01-11,58.092,58.751,57.08,58.534,50893,0
2017-01-12,58.23,58.348,56.244,57.394,67795,0
2017-01-13,57.247,58.18,55.988,56.027,35600,0
2017-01-17,55.604,55.628,54.089,54.129,29497,0
2017-01-18,54.079,55.191,53.441,54.797,26242,0
2017-01-19,54.877,55.742,54.037,55.683,47089,0
2017-01-20,55.811,56.381,55.693,55.821,34061,0
2017-01-23,55.3,57.404,55.3,57.01,44524,0
2017-01-24,57.108,58.072,56.636,57.738,41878,0
2017-01-25,58.19,58.751,57.444,57.797,32426,0
2017-01-26,57.856,57.856,56.224,56.401,36012,0
2017-01-27,56.125,56.793,55.457,55.565,51605,0
2017-01-30,55.457,55.457,54.739,55.123,27131,0
2017-01-31,54.759,55.211,54.169,54.73,22967,0
2017-02-01,54.926,55.712,54.72,55.171,34390,0
2017-02-02,54.877,55.594,54.877,55.113,24090,0
2017-02-03,55.732,57.07,55.654,56.893,31861,0
2017-02-06,56.352,57.925,56.216,56.499,51114,0
2017-02-07,56.893,56.97,55.427,55.624,24652,0
2017-02-08,55.191,55.338,54.199,54.513,34848,0
2017-02-09,54.827,56.429,54.601,55.919,27092,0
2017-02-10,56.135,56.439,55.644,56.292,20047,0
2017-02-13,56.429,57.177,56.105,56.626,55440,0
2017-02-14,56.352,57.414,55.958,57.177,39243,0
2017-02-15,56.951,57.281,55.811,56.893,36072,0
2017-02-16,56.598,57.63,56.509,57.462,87206,0
2017-02-17,57.531,57.531,56.706,57.384,36138,0
2017-02-21,57.404,58.23,57.275,57.512,35735,0
2017-02-22,57.374,57.62,56.549,57.512,30811,0
2017-02-23,57.718,57.718,56.755,57.482,24429,0
2017-02-24,56.941,57.864,56.941,57.689,37964,0
2017-02-27,57.698,58.996,57.541,58.239,54874,0
2017-02-28,58.357,58.662,56.214,56.616,54349,0
2017-03-01,57.689,58.539,57.118,57.62,42642,0
2017-03-02,57.379,57.664,55.752,55.84,25357,0
2017-03-03,56.057,56.057,55.211,55.673,30979,0
2017-03-06,55.181,55.565,54.443,55.211,25162,0
2017-03-07,55.074,55.437,54.63,54.64,22671,0
2017-03-08,55.309,55.594,54.276,54.356,41749,0
2017-03-09,56.539,63.204,56.175,59.97,142567,0
2017-03-10,60.472,60.884,59.537,59.793,58245,0
2017-03-13,59.901,60.305,59.685,59.881,36003,0
2017-03-14,59.724,59.98,59.026,59.822,27383,0
2017-03-15,59.842,61.169,59.734,60.914,54178,0
2017-03-16,61.132,61.3,60.558,60.845,30141,0
2017-03-17,60.825,61.062,59.509,60.894,51049,0
2017-03-20,60.884,60.884,58.075,58.293,50266,0
2017-03-21,58.629,59.697,55.633,55.682,64682,0
2017-03-22,55.287,56.394,54.031,56.157,82301,0
2017-03-23,55.939,56.651,55.395,55.88,44439,0
2017-03-24,56.067,56.414,55.36,55.741,22639,0
2017-03-27,54.753,55.405,53.665,55.326,28001,0
2017-03-28,55.227,57.324,54.97,57.215,33322,0
2017-03-29,56.829,57.136,56.038,56.245,35827,0
2017-03-30,56.275,57.977,56.245,57.621,29999,0
2017-03-31,57.502,58.016,56.78,56.938,47662,0
2017-04-03,56.424,56.909,55.821,56.582,24955,0
2017-04-04,56.463,57.215,55.692,56.127,34730,0
2017-04-05,56.631,57.155,54.545,54.594,72626,0
2017-04-06,54.585,55.157,53.556,54.683,87801,0
2017-04-07,54.406,55.109,54.109,54.317,28825,0
2017-04-10,54.387,55.306,53.803,54.129,52038,0
2017-04-11,54.021,55.969,54.021,55.939,75752,0
2017-04-12,55.919,55.919,54.307,54.703,40063,0
2017-04-13,54.455,54.519,53.417,53.545,23103,0
2017-04-17,53.921,54.337,53.417,54.199,84070,0
2017-04-18,54.031,54.149,53.189,53.347,62712,0
2017-04-19,53.882,54.342,53.407,53.991,35073,0
2017-04-20,54.238,54.921,53.951,54.387,28197,0
2017-04-21,54.347,55.049,53.965,54.455,75001,0
2017-04-24,55.543,55.692,54.931,55.237,40044,0
2017-04-25,55.88,57.868,55.88,56.928,83459,0
2017-04-26,57.047,58.511,56.542,58.253,60854,0
2017-04-27,58.451,59.134,57.348,57.383,52330,0
2017-04-28,57.423,58.174,56.414,56.424,60927,0
2017-05-01,56.968,58.59,56.275,57.907,55009,0
2017-05-02,57.957,58.298,56.177,56.483,68128,0
2017-05-03,56.206,56.508,55.899,56.226,25623,0
2017-05-04,56.443,56.968,54.881,55.909,56132,0
2017-05-05,56.365,56.671,54.119,54.228,64161,0
2017-05-08,54.397,55.623,53.911,54.169,84976,0
2017-05-09,54.515,55.761,53.971,55.623,84281,0
2017-05-10,57.858,64.346,56.572,63.624,204748,0
2017-05-11,63.624,63.624,60.616,62.338,170893,0
2017-05-12,62.071,63.298,59.697,59.945,120464,0
2017-05-15,61.013,62.388,60.35,62.21,64249,0
2017-05-16,62.298,62.872,60.632,60.864,59902,0
2017-05-17,60.34,61.319,58.787,59.875,92960,0
2017-05-18,59.757,60.607,59.47,60.231,49702,0
2017-05-19,60.133,60.667,59.233,59.341,54197,0
2017-05-22,59.411,61.042,59.312,60.864,44886,0
2017-05-23,60.845,60.845,59.49,60.35,59599,0
2017-05-24,60.775,62.051,60.35,61.211,69116,0
2017-05-25,61.557,62.229,61.25,62.13,88582,0
2017-05-26,62.13,62.13,60.993,61.013,42566,0
2017-05-30,61.319,61.418,58.58,59.074,81294,0
2017-05-31,59.094,60.024,57.531,59.935,74325,0
2017-06-01,60.667,61.666,59.737,61.537,66282,0
2017-06-02,61.547,62.269,60.311,61.082,50892,0
2017-06-05,61.448,61.942,60.924,61.211,44474,0
2017-06-06,60.815,61.448,60.212,61.003,46233,0
2017-06-07,61.29,61.29,60.321,61.052,31346,0
2017-06-08,61.25,64.969,60.469,64.178,145649,0
2017-06-09,64.781,66.314,64.535,65.859,114379,0
2017-06-12,66.72,67.224,64.143,64.534,83115,0
2017-06-13,64.852,65.608,63.678,65.598,63800,0
2017-06-14,65.3,66.155,63.728,66.135,82835,0
2017-06-15,65.27,66.831,65.011,66.592,68869,0
2017-06-16,65.757,67.517,64.946,67.507,194293,0
2017-06-19,67.279,67.676,65.757,66.205,62576,0
2017-06-20,65.717,66.085,64.743,65.28,50967,0
2017-06-21,65.409,65.697,64.017,64.902,38138,0
2017-06-22,65.001,66.334,64.643,65.638,55546,0
2017-06-23,65.608,65.787,63.887,65.14,119139,0
2017-06-26,65.24,66.334,64.877,65.936,46143,0
2017-06-27,66.095,66.433,65.14,65.697,55576,0
2017-06-28,66.433,68.124,65.469,67.706,92430,0
2017-06-29,68.273,68.273,65.169,66.085,62933,0
2017-06-30,66.572,66.572,63.929,64.345,68926,0
2017-07-03,64.395,66.96,64.395,66.433,41121,0
2017-07-05,66.453,66.453,64.534,66.085,72808,0
2017-07-06,66.025,66.025,64.156,65.21,90193,0
2017-07-07,65.618,66.319,64.991,65.996,37979,0
2017-07-10,65.896,66.284,65.498,65.926,28379,0
2017-07-11,65.916,65.991,65.041,65.747,35913,0
2017-07-12,65.757,67.995,65.757,67.656,64380,0
2017-07-13,67.647,67.736,66.662,67.647,46820,0
2017-07-14,67.159,67.736,66.314,66.602,49150,0
2017-07-17,66.771,67.935,66.334,66.891,32784,0
2017-07-18,66.254,67.637,65.767,66.592,35505,0
2017-07-19,66.881,68.82,66.622,68.084,105504,0
2017-07-20,68.154,68.154,67.179,67.497,37477,0
2017-07-21,68.124,68.134,66.771,68.034,71683,0
2017-07-24,68.472,68.939,67.487,68.721,41074,0
2017-07-25,69.287,70.909,68.999,70.352,78370,0
2017-07-26,70.342,70.988,69.839,70.163,76353,0
2017-07-27,70.381,70.401,69.009,69.427,39175,0
2017-07-28,69.307,69.506,68.43,68.561,33919,0
2017-07-31,69.049,69.424,67.746,68.184,85061,0
2017-08-01,68.91,68.91,68.044,68.124,70248,0
2017-08-02,67.975,68.76,66.751,68.044,101330,0
2017-08-03,68.054,68.671,67.129,67.338,64300,0
2017-08-04,67.468,68.0,66.931,67.527,53382,0
2017-08-07,67.517,67.916,65.757,66.612,90341,0
2017-08-08,66.035,68.194,66.016,66.97,111908,0
2017-08-09,67.527,73.604,63.231,65.369,123648,0
2017-08-10,64.255,67.139,62.704,65.538,94300,0
2017-08-11,63.4,66.085,63.4,65.27,121204,0
2017-08-14,66.393,67.039,65.692,66.921,59692,0
2017-08-15,67.149,68.074,66.682,67.308,57859,0
2017-08-16,67.607,67.607,65.956,66.443,37073,0
2017-08-17,66.403,67.08,65.409,65.658,52873,0
2017-08-18,64.981,66.274,64.753,66.035,59245,0
2017-08-21,65.648,65.846,64.991,65.429,30586,0
2017-08-22,66.025,66.552,65.439,66.075,39044,0
2017-08-23,65.558,66.682,65.488,65.737,42139,0
2017-08-24,65.946,66.306,65.28,65.707,27551,0
2017-08-25,65.777,66.99,65.379,66.533,46666,0
2017-08-28,66.742,67.627,66.055,66.94,57962,0
2017-08-29,66.175,66.672,65.498,65.946,52462,0
2017-08-30,66.075,67.328,65.787,66.006,57417,0
2017-08-31,66.384,68.412,66.085,67.746,78842,0
2017-09-01,67.826,68.015,66.443,66.94,33772,0
2017-09-05,66.692,66.732,64.574,64.882,67464,0
2017-09-06,64.951,65.459,63.738,64.156,48263,0
2017-09-07,64.305,64.305,62.376,62.913,67999,0
2017-09-08,64.534,64.534,63.131,63.997,39997,0
2017-09-11,64.554,65.319,63.548,64.743,45547,0
2017-09-12,64.703,66.254,64.335,65.618,48744,0
2017-09-13,65.359,66.055,64.514,65.21,75293,0
2017-09-14,65.24,65.3,64.075,64.77,54212,0
2017-09-15,64.83,65.5,64.03,65.12,104306,0
2017-09-18,65.24,66.47,65.24,66.24,38874,0
2017-09-19,66.36,67.39,66.21,67.0,47367,0
2017-09-20,67.2,69.309,67.15,68.87,61637,0
2017-09-21,69.1,70.0,68.65,69.81,69448,0
2017-09-22,69.74,70.7699,69.425,70.43,37361,0
2017-09-25,70.33,70.8599,69.381,70.23,42329,0
2017-09-26,70.04,72.23,70.0,72.14,69361,0
2017-09-27,72.82,74.85,72.54,74.77,86629,0
2017-09-28,74.89,75.01,73.43,74.45,66879,0
2017-09-29,74.16,74.35,72.37,72.74,57870,0
2017-10-02,72.81,73.88,72.455,73.7,75802,0
2017-10-03,73.61,73.92,72.92,73.56,49470,0
2017-10-04,73.59,74.5788,72.3354,73.37,48976,0
2017-10-05,73.46,74.32,73.02,74.11,42499,0
2017-10-06,73.97,74.28,73.43,74.16,44975,0
2017-10-09,74.56,74.56,73.86,74.27,30667,0
2017-10-10,74.5,76.22,74.32,76.06,52728,0
2017-10-11,76.12,76.585,75.282,75.86,59186,0
2017-10-12,75.9,77.54,74.03,76.65,78870,0
2017-10-13,76.83,77.33,76.1,76.68,45622,0
2017-10-16,76.82,77.78,75.7,76.11,53872,0
2017-10-17,76.4,76.69,74.265,74.44,38575,0
2017-10-18,74.64,75.62,74.29,74.62,35116,0
2017-10-19,74.05,74.89,73.5,74.89,20207,0
2017-10-20,75.54,76.0,74.72,74.9,33911,0
2017-10-23,74.85,74.85,73.64,74.16,35519,0
2017-10-24,74.3,75.7749,74.032,75.02,34580,0
2017-10-25,75.0,75.2032,74.26,74.62,23927,0
2017-10-26,74.91,75.8,74.7,74.96,42447,0
2017-10-27,74.79,75.89,74.2905,75.52,34315,0
2017-10-30,75.04,75.29,73.37,73.57,31766,0
2017-10-31,73.75,74.849,73.42,74.24,57504,0
2017-11-01,74.95,76.06,73.9,74.27,62045,0
2017-11-02,74.35,75.885,73.8101,74.68,22056,0
2017-11-03,74.77,76.3,74.68,76.29,78140,0
2017-11-06,76.18,76.219,73.23,73.42,44932,0
2017-11-07,73.69,73.69,70.13,71.03,63782,0
2017-11-08,68.25,71.4,68.25,68.25,99975,0
2017-11-09,66.14,67.39,65.59,67.02,78535,0
2017-11-10,67.06,68.715,65.82,67.77,52894,0
