Date,Open,High,Low,Close,Volume,OpenInt
2014-01-02,79.962,80.706,79.716,80.075,496955,0
2014-01-03,80.461,80.461,79.383,79.489,479337,0
2014-01-06,79.777,79.777,79.041,79.277,632391,0
2014-01-07,79.172,79.172,77.842,77.842,1105838,0
2014-01-08,77.928,79.408,77.587,79.358,817616,0
2014-01-09,79.489,79.672,78.679,79.286,779912,0
2014-01-10,79.286,80.495,78.708,80.224,875976,0
2014-01-13,80.26,80.743,79.786,80.119,930873,0
2014-01-14,80.373,82.52,79.979,82.065,1242921,0
2014-01-15,82.668,83.387,82.187,82.975,1056018,0
2014-01-16,83.291,83.93,82.941,83.519,718737,0
2014-01-17,83.414,83.414,81.923,82.258,976592,0
2014-01-21,82.275,83.317,81.232,82.258,1111019,0
2014-01-22,82.363,82.546,80.828,81.136,1036171,0
2014-01-23,80.698,81.389,79.48,79.875,854766,0
2014-01-24,79.682,79.77,77.762,78.149,1041938,0
2014-01-27,78.052,78.489,76.992,77.297,626041,0
2014-01-28,77.297,78.086,77.069,77.323,813731,0
2014-01-29,77.027,77.341,76.306,76.509,679274,0
2014-01-30,76.562,76.982,75.282,76.728,883884,0
2014-01-31,75.73,76.606,75.633,76.316,1026028,0
2014-02-03,76.905,77.027,75.625,75.685,994252,0
2014-02-04,75.756,76.009,75.239,75.58,847881,0
2014-02-05,75.185,75.308,73.864,75.081,1077136,0
2014-02-06,75.178,76.177,74.696,75.695,899954,0
2014-02-07,76.265,76.992,76.187,76.36,983945,0
2014-02-10,76.228,77.149,76.228,76.42,950012,0
2014-02-11,76.667,77.368,76.133,77.245,1213065,0
2014-02-12,77.141,78.235,76.808,77.387,766754,0
2014-02-13,77.114,77.491,76.648,77.297,601234,0
2014-02-14,77.227,77.859,77.034,77.332,574144,0
2014-02-18,77.719,77.973,76.834,76.947,633989,0
2014-02-19,76.858,78.111,76.631,77.177,1150714,0
2014-02-20,77.069,77.954,77.061,77.787,774055,0
2014-02-21,77.886,80.18,77.595,79.321,1221150,0
2014-02-24,79.647,80.774,79.383,79.733,906604,0
2014-02-25,79.952,80.399,79.664,80.049,897654,0
2014-02-26,80.18,80.39,79.698,80.224,701625,0
2014-02-27,80.26,80.647,79.751,80.418,914491,0
2014-02-28,80.689,81.417,80.469,80.855,684693,0
2014-03-03,80.085,82.073,80.085,81.853,1002431,0
2014-03-04,82.203,82.477,81.572,82.213,955943,0
2014-03-05,82.353,83.456,82.116,83.423,674514,0
2014-03-06,83.915,84.957,83.781,84.727,692656,0
2014-03-07,84.694,84.832,83.974,84.147,571812,0
2014-03-10,84.117,84.544,83.657,84.439,487004,0
2014-03-11,84.431,84.597,82.888,82.975,771633,0
2014-03-12,82.299,82.993,81.731,82.888,586008,0
2014-03-13,83.028,83.336,81.529,81.863,654510,0
2014-03-14,81.389,82.512,81.268,81.978,561903,0
2014-03-17,83.089,83.097,82.248,82.318,806025,0
2014-03-18,82.299,82.494,81.863,82.397,917261,0
2014-03-19,82.397,83.089,81.722,82.258,710738,0
2014-03-20,82.082,82.749,81.592,82.17,596563,0
2014-03-21,82.414,83.011,82.144,82.23,1001330,0
2014-03-24,82.504,83.028,81.346,82.002,654592,0
2014-03-25,82.363,83.984,82.363,83.737,974792,0
2014-03-26,84.117,84.554,83.598,83.842,938721,0
2014-03-27,83.721,85.274,83.526,85.063,830987,0
2014-03-28,85.308,85.777,84.682,85.139,729394,0
2014-03-31,85.662,86.474,84.957,86.123,1048055,0
2014-04-01,86.085,86.519,85.124,86.123,743543,0
2014-04-02,83.896,85.335,82.571,84.911,1828923,0
2014-04-03,84.567,84.675,83.12,83.444,955321,0
2014-04-04,84.142,84.187,82.925,83.206,584585,0
2014-04-07,82.889,83.091,81.697,81.918,550043,0
2014-04-08,81.988,83.161,81.538,82.773,1078083,0
2014-04-09,82.721,83.559,82.484,83.181,512567,0
2014-04-10,83.11,83.181,81.353,81.785,504919,0
2014-04-11,81.486,81.6,80.796,80.893,696181,0
2014-04-14,81.193,82.059,80.716,81.512,570480,0
2014-04-15,81.494,82.217,81.317,82.191,467935,0
2014-04-16,82.571,83.161,82.544,82.897,453637,0
2014-04-17,82.837,83.057,81.723,82.217,531448,0
2014-04-21,82.369,82.705,82.033,82.659,383610,0
2014-04-22,83.004,83.833,82.571,83.674,519786,0
2014-04-23,83.436,83.639,83.083,83.252,524802,0
2014-04-24,83.624,83.721,82.607,82.906,470981,0
2014-04-25,82.731,83.295,82.272,83.197,505275,0
2014-04-28,83.393,83.906,82.676,83.737,612013,0
2014-04-29,84.274,85.072,84.134,84.522,695595,0
2014-04-30,84.257,85.291,84.248,84.841,457050,0
2014-05-01,84.831,85.124,84.207,84.372,578126,0
2014-05-02,84.478,85.178,84.134,85.063,509560,0
2014-05-05,84.813,84.849,84.257,84.682,396492,0
2014-05-06,84.55,85.063,84.311,84.62,652350,0
2014-05-07,83.541,84.284,81.645,83.569,1609118,0
2014-05-08,82.492,83.578,81.582,81.944,1119218,0
2014-05-09,81.592,81.706,80.216,80.477,919456,0
2014-05-12,80.716,81.697,80.584,81.564,655362,0
2014-05-13,81.688,82.589,81.661,82.571,564573,0
2014-05-14,83.41,84.126,82.741,83.145,675875,0
2014-05-15,82.969,83.26,81.018,81.159,615690,0
2014-05-16,80.876,81.3,80.639,81.087,943120,0
2014-05-19,81.018,81.75,80.884,81.572,311327,0
2014-05-20,81.142,81.44,80.655,81.22,741874,0
2014-05-21,81.027,81.036,80.108,80.427,741099,0
2014-05-22,80.216,80.504,79.79,79.984,566863,0
2014-05-23,80.168,80.216,79.427,80.216,440606,0
2014-05-27,80.363,80.647,79.675,79.764,624300,0
2014-05-28,79.851,79.869,79.233,79.243,537044,0
2014-05-29,79.374,79.595,78.634,79.058,554835,0
2014-05-30,78.977,79.506,78.818,79.383,744921,0
2014-06-02,79.383,79.701,79.233,79.543,600519,0
2014-06-03,79.312,79.887,78.969,79.437,639113,0
2014-06-04,79.383,80.435,79.136,79.764,625418,0
2014-06-05,79.912,80.681,79.417,80.336,696660,0
2014-06-06,80.504,80.647,79.947,80.186,468896,0
2014-06-09,80.417,81.124,80.09,80.266,753843,0
2014-06-10,80.026,80.716,80.026,80.532,613094,0
2014-06-11,80.524,80.532,79.833,80.427,633214,0
2014-06-12,80.62,80.647,79.896,80.124,402141,0
2014-06-13,79.921,80.134,79.869,80.054,368191,0
2014-06-16,79.976,81.239,79.976,81.22,713782,0
2014-06-17,81.124,81.812,80.469,81.723,434939,0
2014-06-18,81.706,82.757,81.37,82.635,694540,0
2014-06-19,82.571,82.766,82.199,82.456,483127,0
2014-06-20,82.889,83.075,82.411,82.535,624322,0
2014-06-23,82.65,82.659,81.935,82.314,559862,0
2014-06-24,82.527,82.527,81.794,81.812,689428,0
2014-06-25,82.024,82.13,80.849,80.972,514657,0
2014-06-26,81.222,82.2,81.222,82.042,512171,0
2014-06-27,81.801,81.952,81.337,81.818,755282,0
2014-06-30,81.917,82.149,81.542,81.588,928578,0
2014-07-01,81.81,81.872,80.055,80.199,1400618,0
2014-07-02,81.195,81.65,80.554,81.274,538299,0
2014-07-03,81.409,81.542,81.097,81.383,148277,0
2014-07-07,81.399,81.435,79.896,80.225,634096,0
2014-07-08,80.153,80.242,79.655,80.065,620860,0
2014-07-09,80.037,80.438,79.468,79.708,745751,0
2014-07-10,79.237,79.433,78.426,78.987,648926,0
2014-07-11,79.013,79.443,78.542,78.64,899624,0
2014-07-14,78.874,79.879,78.874,79.832,682725,0
2014-07-15,79.976,80.546,79.842,80.135,567439,0
2014-07-16,80.251,80.688,80.101,80.617,587762,0
2014-07-17,80.501,81.748,79.994,81.24,993644,0
2014-07-18,81.177,81.748,81.177,81.471,468867,0
2014-07-21,81.462,81.462,80.92,81.268,641893,0
2014-07-22,81.268,81.774,81.268,81.498,406812,0
2014-07-23,81.552,81.845,80.865,81.81,618690,0
2014-07-24,82.094,82.718,81.908,81.952,628143,0
2014-07-25,81.882,82.307,81.657,82.042,414889,0
2014-07-28,82.042,82.265,81.533,82.149,384219,0
2014-07-29,82.335,82.681,81.961,82.316,351543,0
2014-07-30,82.29,82.344,81.507,81.827,539374,0
2014-07-31,81.72,81.961,81.097,81.097,668237,0
2014-08-01,80.883,81.274,80.17,80.617,591965,0
2014-08-04,80.617,81.667,80.384,81.542,291802,0
2014-08-05,81.203,82.307,80.963,82.006,930456,0
2014-08-06,81.685,82.237,81.337,82.015,726240,0
2014-08-07,82.754,83.064,79.797,80.52,2008835,0
2014-08-08,80.286,80.528,79.04,80.528,1373121,0
2014-08-11,80.51,80.93,80.447,80.668,543976,0
2014-08-12,80.554,80.938,80.003,80.17,688812,0
2014-08-13,80.118,80.422,79.763,80.384,767890,0
2014-08-14,80.464,81.053,80.34,80.989,431481,0
2014-08-15,81.231,82.086,81.061,81.97,554230,0
2014-08-18,82.325,82.923,82.112,82.798,461303,0
2014-08-19,82.853,83.413,82.63,82.825,640796,0
2014-08-20,82.778,83.064,82.372,82.994,352040,0
2014-08-21,82.984,83.61,82.646,83.438,689855,0
2014-08-22,83.341,83.59,82.63,82.807,450801,0
2014-08-25,82.887,83.074,82.594,82.788,441596,0
2014-08-26,83.12,84.295,83.056,84.02,764879,0
2014-08-27,84.197,84.48,83.12,83.866,764678,0
2014-08-28,83.543,84.5,83.403,84.463,408787,0
2014-08-29,84.533,84.543,83.628,84.257,777917,0
2014-09-02,84.215,84.525,83.903,84.011,326576,0
2014-09-03,84.133,84.364,83.66,83.726,314347,0
2014-09-04,83.929,83.983,83.278,83.572,466911,0
2014-09-05,83.61,83.922,83.056,83.59,336098,0
2014-09-08,83.217,83.875,83.039,83.12,442363,0
2014-09-09,82.718,82.727,81.357,81.729,879720,0
2014-09-10,81.507,81.818,80.447,81.268,800628,0
2014-09-11,80.84,81.507,80.785,81.018,667968,0
2014-09-12,80.963,81.81,80.501,81.748,542326,0
2014-09-15,81.552,82.487,81.311,82.209,487586,0
2014-09-16,82.059,83.03,82.059,82.691,447382,0
2014-09-17,82.834,83.236,82.442,82.941,530527,0
2014-09-18,82.984,83.268,82.718,83.244,380233,0
2014-09-19,83.511,83.511,82.63,82.923,693518,0
2014-09-22,82.557,82.895,82.094,82.175,638298,0
2014-09-23,82.566,84.677,82.406,84.133,1861353,0
2014-09-24,83.866,83.992,82.603,83.359,790110,0
2014-09-25,83.287,83.287,81.027,81.365,1154238,0
2014-09-26,81.059,81.544,80.672,81.455,807667,0
2014-09-29,81.085,81.085,80.331,80.367,869894,0
2014-09-30,80.035,80.385,79.389,79.901,838322,0
2014-10-01,79.435,79.543,78.679,78.977,1181677,0
2014-10-02,76.886,77.9,75.816,77.029,2763485,0
2014-10-03,76.491,76.606,74.982,75.43,2584592,0
2014-10-06,75.861,77.173,75.736,76.866,1007793,0
2014-10-07,76.445,76.491,75.87,75.978,1216615,0
2014-10-08,75.987,77.765,75.656,77.657,1361925,0
2014-10-09,77.523,77.523,76.102,76.337,1280719,0
2014-10-10,76.22,76.562,75.566,75.583,1182719,0
2014-10-13,75.707,76.525,74.883,74.911,909129,0
2014-10-14,75.135,76.895,74.54,75.304,1058265,0
2014-10-15,74.55,75.618,73.635,75.384,914876,0
2014-10-16,74.272,76.309,74.029,74.954,1023719,0
2014-10-17,75.332,75.332,74.299,74.325,1438812,0
2014-10-20,74.235,75.404,74.164,75.268,686102,0
2014-10-21,75.825,77.02,75.43,76.768,767159,0
2014-10-22,76.491,77.037,76.318,76.426,1244614,0
2014-10-23,76.895,77.72,76.749,77.548,997617,0
2014-10-24,80.62,84.155,80.325,83.331,3805201,0
2014-10-27,83.924,85.126,83.62,85.055,1885746,0
2014-10-28,85.153,86.348,85.153,86.133,906369,0
2014-10-29,85.96,86.391,85.107,85.763,953575,0
2014-10-30,84.947,87.461,84.947,86.724,849929,0
2014-10-31,86.68,87.982,86.61,87.819,796618,0
2014-11-03,87.489,87.639,86.133,86.58,936766,0
2014-11-04,85.602,88.43,85.288,87.255,1148158,0
2014-11-05,87.372,88.539,86.59,88.106,1115370,0
2014-11-06,87.74,88.871,87.173,88.35,1181406,0
2014-11-07,88.871,90.056,88.054,88.359,843730,0
2014-11-10,88.753,89.418,87.48,87.874,887485,0
2014-11-11,88.054,88.744,87.622,88.43,692369,0
2014-11-12,88.421,90.523,88.421,90.414,932903,0
2014-11-13,90.503,90.883,89.471,89.561,394957,0
2014-11-14,89.058,90.195,88.672,90.028,298238,0
2014-11-17,89.777,90.324,89.58,89.642,398073,0
2014-11-18,90.0,93.306,89.65,91.832,1450510,0
2014-11-19,92.403,92.997,91.193,91.556,954929,0
2014-11-20,91.612,91.786,90.865,91.084,677435,0
2014-11-21,92.208,92.636,91.302,91.814,612190,0
2014-11-24,91.102,91.102,89.194,89.381,1005121,0
2014-11-25,89.336,89.588,88.672,88.735,956196,0
2014-11-26,87.73,87.857,86.133,87.298,1186604,0
2014-11-28,86.858,88.276,86.411,87.461,388687,0
2014-12-01,86.661,87.632,85.602,86.312,778652,0
2014-12-02,86.312,87.146,85.909,86.552,632541,0
2014-12-03,86.59,88.368,85.781,87.783,633261,0
2014-12-04,87.505,87.711,86.651,86.813,413988,0
2014-12-05,87.173,88.025,86.482,87.047,476397,0
2014-12-08,86.741,86.741,85.089,85.62,432801,0
2014-12-09,85.485,86.355,84.848,86.331,370776,0
2014-12-10,86.51,86.887,84.631,84.99,589391,0
2014-12-11,85.126,85.638,84.272,84.391,434307,0
2014-12-12,83.833,83.833,82.109,82.173,702867,0
2014-12-15,82.021,82.963,81.732,81.948,644911,0
2014-12-16,81.903,84.604,81.624,82.972,680406,0
2014-12-17,83.348,85.018,82.487,84.811,595120,0
2014-12-18,86.058,86.562,84.713,86.043,861790,0
2014-12-19,86.61,86.796,85.46,86.14,745683,0
2014-12-22,86.14,86.428,85.431,85.701,431502,0
2014-12-23,85.899,86.58,85.305,85.926,518325,0
2014-12-24,86.024,86.642,85.746,86.106,256072,0
2014-12-26,86.331,86.436,85.441,86.008,226958,0
2014-12-29,85.942,86.83,85.942,86.276,443460,0
2014-12-30,86.35,86.738,85.635,86.097,418716,0
2014-12-31,86.087,86.395,85.517,85.734,453067,0
2015-01-02,85.96,86.486,85.48,86.324,360931,0
2015-01-05,85.662,86.116,84.376,85.119,590621,0
2015-01-06,85.779,85.815,84.258,85.091,628561,0
2015-01-07,85.734,88.577,85.607,88.395,1219024,0
2015-01-08,89.085,90.947,88.712,90.315,1266180,0
2015-01-09,90.641,90.92,89.872,90.106,1261699,0
2015-01-12,89.806,91.04,89.12,91.002,972331,0
2015-01-13,91.33,92.319,90.324,90.532,1086827,0
2015-01-14,89.69,90.125,87.074,87.797,1226751,0
2015-01-15,88.722,89.798,87.673,88.577,648120,0
2015-01-16,88.722,90.748,88.243,90.622,734473,0
2015-01-20,91.03,92.842,90.912,92.783,1062987,0
2015-01-21,92.155,92.663,91.193,92.329,762899,0
2015-01-22,93.129,97.477,93.129,97.028,1660885,0
2015-01-23,96.706,96.706,94.516,94.601,746608,0
2015-01-26,94.158,95.343,94.158,94.592,597189,0
2015-01-27,94.335,96.989,94.008,96.174,554844,0
2015-01-28,96.754,96.773,94.384,94.488,445319,0
2015-01-29,94.695,95.591,93.456,95.591,531989,0
2015-01-30,94.431,98.017,94.139,96.551,683526,0
2015-02-02,97.174,99.075,96.541,97.82,844357,0
2015-02-03,98.214,98.547,97.038,97.918,749799,0
2015-02-04,96.745,97.33,95.438,95.611,742113,0
2015-02-05,96.561,97.584,96.013,96.32,689551,0
2015-02-06,96.127,96.127,94.412,95.064,582651,0
2015-02-09,95.305,96.263,94.895,95.611,400491,0
2015-02-10,94.904,96.359,94.828,95.935,432504,0
2015-02-11,96.068,97.495,95.64,96.426,565908,0
2015-02-12,97.987,97.987,96.184,96.812,490741,0
2015-02-13,96.999,98.675,96.989,98.282,459844,0
2015-02-17,98.768,98.778,97.437,97.879,389217,0
2015-02-18,97.281,97.771,96.28,96.802,560530,0
2015-02-19,96.023,98.947,95.869,98.332,486523,0
2015-02-20,98.017,98.4,96.676,98.174,563497,0
2015-02-23,97.194,99.462,97.194,99.462,838302,0
2015-02-24,101.16,103.81,98.847,102.97,1453922,0
2015-02-25,103.28,105.57,102.85,104.89,1036481,0
2015-02-26,104.41,104.97,103.32,103.53,853294,0
2015-02-27,103.63,104.86,103.63,104.56,943615,0
2015-03-02,104.35,105.72,103.84,105.35,852469,0
2015-03-03,105.32,105.61,103.64,103.97,700669,0
2015-03-04,103.45,103.59,101.77,101.9,697023,0
2015-03-05,101.82,102.92,100.91,101.15,675699,0
2015-03-06,100.23,100.81,99.403,99.95,1174299,0
2015-03-09,100.38,101.57,100.04,101.16,571627,0
2015-03-10,99.452,100.17,99.125,99.65,777454,0
2015-03-11,99.63,100.08,99.175,99.53,575384,0
2015-03-12,100.15,101.11,99.59,100.22,375745,0
2015-03-13,99.423,100.21,98.966,99.95,407232,0
2015-03-16,100.06,102.13,99.98,101.93,723205,0
2015-03-17,101.3,102.37,100.86,101.64,649075,0
2015-03-18,101.22,101.51,99.393,100.87,1036641,0
2015-03-19,99.403,99.442,96.716,96.782,1260806,0
2015-03-20,97.33,99.7,96.921,98.39,804742,0
2015-03-23,98.547,99.383,98.144,98.798,656255,0
2015-03-24,98.748,100.71,98.439,99.085,661667,0
2015-03-25,99.323,101.45,98.675,98.966,649186,0
2015-03-26,99.135,100.38,96.921,97.31,705853,0
2015-03-27,97.427,97.719,96.619,96.911,690907,0
2015-03-30,96.98,98.907,96.754,97.554,426212,0
2015-03-31,96.484,96.97,94.856,95.064,698698,0
2015-04-01,95.421,95.553,94.204,94.895,548613,0
2015-04-02,94.933,97.096,94.933,95.582,429393,0
2015-04-06,95.621,96.841,95.573,95.621,292512,0
2015-04-07,95.536,96.571,95.296,96.049,420604,0
2015-04-08,96.676,97.447,95.745,95.869,413491,0
2015-04-09,95.802,97.899,95.802,96.841,621507,0
2015-04-10,97.184,98.272,96.822,97.524,489497,0
2015-04-13,97.554,98.937,96.822,97.243,889608,0
2015-04-14,97.84,98.017,96.137,96.696,400108,0
2015-04-15,96.989,97.194,95.879,96.223,663020,0
2015-04-16,96.378,98.38,96.155,97.738,665935,0
2015-04-17,97.631,97.968,96.696,96.989,470853,0
2015-04-20,97.281,97.281,94.488,95.18,921923,0
2015-04-21,95.027,95.879,94.036,95.849,740395,0
2015-04-22,94.478,95.516,93.962,95.334,822671,0
2015-04-23,95.103,97.135,95.027,96.676,826432,0
2015-04-24,96.911,97.564,95.802,95.869,567797,0
2015-04-27,95.926,96.426,94.403,94.639,529641,0
2015-04-28,94.544,95.84,94.241,95.726,534854,0
2015-04-29,95.582,96.455,95.506,96.039,559693,0
2015-04-30,95.438,95.438,94.065,94.488,948285,0
2015-05-01,94.158,95.506,93.709,95.115,603454,0
2015-05-04,95.401,96.792,95.238,95.296,541484,0
2015-05-05,95.343,95.859,94.344,94.478,730792,0
2015-05-06,94.941,98.262,94.213,97.671,1262123,0
2015-05-07,97.194,99.254,96.184,99.075,1080270,0
2015-05-08,100.1,100.48,99.046,99.145,608499,0
2015-05-11,99.006,99.452,98.242,98.645,312805,0
2015-05-12,98.837,99.373,97.106,98.887,696767,0
2015-05-13,98.808,99.413,97.681,97.761,532480,0
2015-05-14,98.41,98.636,97.233,97.879,455277,0
2015-05-15,97.82,98.292,97.174,98.184,327699,0
2015-05-18,97.948,98.184,96.941,96.999,245655,0
2015-05-19,96.522,97.379,95.908,97.028,310439,0
2015-05-20,97.233,97.978,96.802,97.534,375842,0
2015-05-21,97.641,100.41,97.174,99.85,1120702,0
2015-05-22,99.442,99.73,98.828,99.026,361722,0
2015-05-26,98.115,98.115,96.068,96.657,563602,0
2015-05-27,96.706,96.716,94.95,95.362,725638,0
2015-05-28,94.828,96.184,94.668,96.004,527569,0
2015-05-29,95.563,95.945,94.687,94.782,636029,0
2015-06-01,94.791,94.81,92.832,94.204,944483,0
2015-06-02,94.018,95.496,94.018,94.95,380266,0
2015-06-03,94.866,96.551,94.687,95.879,615520,0
2015-06-04,95.22,95.315,93.679,94.724,911654,0
2015-06-05,94.403,95.064,93.737,94.639,1070359,0
2015-06-08,94.498,94.498,92.961,93.183,1035370,0
2015-06-09,93.232,94.008,92.813,93.802,469359,0
2015-06-10,94.677,95.411,94.525,94.838,598347,0
2015-06-11,94.828,95.448,94.752,94.97,403996,0
2015-06-12,94.335,95.027,93.747,94.866,515710,0
2015-06-15,94.176,95.458,94.046,94.999,389031,0
2015-06-16,94.791,95.43,94.374,94.818,347574,0
2015-06-17,94.525,95.582,93.502,94.516,1196381,0
2015-06-18,94.828,95.591,94.374,94.999,403182,0
2015-06-19,94.354,94.895,92.479,92.645,720812,0
2015-06-22,92.952,94.26,92.59,93.802,635040,0
2015-06-23,93.596,94.752,93.596,94.563,573433,0
2015-06-24,94.601,94.782,93.802,93.952,449576,0
2015-06-25,94.629,96.863,94.29,96.676,961118,0
2015-06-26,96.706,97.038,95.325,95.926,1024868,0
2015-06-29,95.152,95.573,93.55,93.858,760657,0
2015-06-30,94.065,97.593,93.925,97.407,1346527,0
2015-07-01,97.651,100.63,96.716,100.53,1320190,0
2015-07-02,99.89,99.89,97.791,98.232,630781,0
2015-07-06,97.487,100.16,97.213,99.234,747170,0
2015-07-07,98.538,98.538,94.639,96.686,857465,0
2015-07-08,96.117,96.349,94.554,94.782,481978,0
2015-07-09,95.898,96.068,93.156,93.345,645465,0
2015-07-10,94.158,94.999,93.782,94.886,510584,0
2015-07-13,95.601,97.33,95.152,96.426,468816,0
2015-07-14,96.474,97.457,95.391,97.184,403648,0
2015-07-15,96.999,97.631,95.984,96.657,409075,0
2015-07-16,97.534,97.771,96.253,96.763,350472,0
2015-07-17,96.676,99.056,96.137,97.603,1212939,0
2015-07-20,97.447,97.603,94.364,95.296,723238,0
2015-07-21,95.315,96.647,95.315,96.522,774688,0
2015-07-22,96.078,96.28,93.671,94.421,697676,0
2015-07-23,94.838,94.914,92.403,93.981,681142,0
2015-07-24,93.399,93.661,92.182,93.017,523202,0
2015-07-27,92.571,93.399,90.895,91.217,669830,0
2015-07-28,91.53,91.832,89.228,90.849,1359024,0
2015-07-29,91.069,91.29,90.002,90.977,1287075,0
2015-07-30,90.794,92.663,90.243,92.636,760004,0
2015-07-31,93.037,94.458,93.027,94.008,867799,0
2015-08-03,93.971,93.998,92.561,92.823,528665,0
2015-08-04,93.017,94.195,92.497,93.652,744015,0
2015-08-05,94.309,94.516,93.558,93.868,746844,0
2015-08-06,93.782,95.093,90.803,91.777,1285382,0
2015-08-07,91.686,92.842,91.364,92.655,871933,0
2015-08-10,92.944,95.526,92.432,95.43,748583,0
2015-08-11,94.762,95.046,92.832,94.98,1036804,0
2015-08-12,94.62,94.62,92.842,93.482,693000,0
2015-08-13,93.258,94.498,92.581,94.478,1066093,0
2015-08-14,94.782,96.378,94.27,96.223,736617,0
2015-08-17,96.263,97.899,95.889,97.379,881178,0
2015-08-18,97.126,98.154,96.445,97.771,985058,0
2015-08-19,97.584,97.938,96.214,96.609,844631,0
2015-08-20,95.945,96.97,93.952,93.998,570304,0
2015-08-21,93.183,93.183,89.332,89.616,1067618,0
2015-08-24,86.279,90.204,85.352,87.274,1678692,0
2015-08-25,89.616,90.141,87.669,87.871,1157792,0
2015-08-26,89.784,91.069,88.533,91.015,1416783,0
2015-08-27,91.575,95.142,91.484,94.563,868670,0
2015-08-28,93.699,94.923,93.173,94.695,759352,0
2015-08-31,94.075,95.84,93.419,95.496,800794,0
2015-09-01,92.775,95.037,91.392,91.979,930455,0
2015-09-02,92.97,93.055,90.397,92.412,716604,0
2015-09-03,92.618,93.541,91.962,92.97,570738,0
2015-09-04,92.2,92.274,90.885,91.253,543979,0
2015-09-08,92.627,94.065,92.59,93.952,699201,0
2015-09-09,94.714,95.476,93.709,94.241,537017,0
2015-09-10,93.925,95.621,93.925,94.96,515664,0
2015-09-11,94.458,95.115,93.212,94.354,581180,0
2015-09-14,94.488,95.152,93.232,93.379,644922,0
2015-09-15,93.428,95.2,93.193,94.856,618162,0
2015-09-16,95.161,97.087,95.103,96.455,732375,0
2015-09-17,96.263,96.263,93.878,94.018,805061,0
2015-09-18,93.193,93.456,91.537,91.851,788177,0
2015-09-21,91.897,91.933,89.424,90.657,970482,0
2015-09-22,89.315,89.315,84.598,87.512,2496037,0
2015-09-23,87.824,87.824,84.725,84.947,1363246,0
2015-09-24,84.332,85.728,82.105,84.937,1587163,0
2015-09-25,85.747,85.747,83.843,84.073,1045428,0
2015-09-28,83.327,83.455,80.383,81.107,1054195,0
2015-09-29,81.088,82.603,81.061,81.869,1225575,0
2015-09-30,82.713,83.465,81.562,83.076,846029,0
2015-10-01,83.718,83.82,80.941,81.647,1448258,0
2015-10-02,80.82,83.475,80.606,83.475,742176,0
2015-10-05,84.514,86.37,84.504,85.228,753212,0
2015-10-06,85.267,86.798,84.988,86.492,784083,0
2015-10-07,86.696,89.517,86.511,88.198,679171,0
2015-10-08,87.969,89.443,87.969,88.673,1424019,0
2015-10-09,88.923,90.28,88.59,88.831,625822,0
2015-10-12,89.016,90.549,88.181,88.524,393548,0
2015-10-13,88.227,89.461,86.909,88.237,561938,0
2015-10-14,88.283,90.631,88.088,90.261,751764,0
2015-10-15,90.529,91.012,89.489,89.916,551594,0
2015-10-16,89.711,89.787,88.181,88.385,594903,0
2015-10-19,87.92,88.256,87.038,88.079,376558,0
2015-10-20,88.07,89.266,87.402,87.763,533933,0
2015-10-21,87.633,88.207,85.572,86.165,795933,0
2015-10-22,86.435,88.283,85.33,88.061,747884,0
2015-10-23,88.561,89.991,88.402,89.266,559784,0
2015-10-26,89.537,90.232,88.571,88.598,405509,0
2015-10-27,87.91,88.032,86.14,86.733,851309,0
2015-10-28,86.76,89.358,86.75,87.92,506885,0
2015-10-29,87.206,88.265,86.696,87.95,1476593,0
2015-10-30,87.92,88.181,86.13,86.389,850554,0
2015-11-02,86.204,87.587,86.156,87.467,580783,0
2015-11-03,87.113,90.018,86.843,89.425,696374,0
2015-11-04,89.509,90.232,88.237,88.571,704522,0
2015-11-05,89.666,92.813,88.256,89.378,1386420,0
2015-11-06,88.821,90.139,87.486,89.926,899249,0
2015-11-09,89.489,91.197,89.489,90.789,595010,0
2015-11-10,90.677,90.901,88.367,88.812,563768,0
2015-11-11,89.155,89.155,87.365,88.217,355628,0
2015-11-12,87.113,88.022,86.399,87.281,665252,0
2015-11-13,87.214,88.052,86.01,87.707,724937,0
2015-11-16,87.486,88.534,87.113,88.198,434918,0
2015-11-17,88.581,88.932,86.927,87.641,461100,0
2015-11-18,87.614,88.654,87.206,87.808,513457,0
2015-11-19,87.707,88.951,87.641,88.105,414235,0
2015-11-20,88.105,88.738,87.223,88.273,790653,0
2015-11-23,87.866,90.223,87.808,89.155,784298,0
2015-11-24,88.961,91.022,88.495,90.5,673333,0
2015-11-25,90.223,91.151,89.86,90.149,460992,0
2015-11-27,90.379,90.456,89.509,90.091,186810,0
2015-11-30,89.685,92.022,89.425,91.643,533280,0
2015-12-01,91.633,92.451,91.393,91.782,788915,0
2015-12-02,91.801,92.403,91.143,91.374,1076315,0
2015-12-03,91.773,92.349,90.131,90.78,693303,0
2015-12-04,90.558,91.986,89.86,91.819,782252,0
2015-12-07,90.845,90.891,89.257,90.763,550086,0
2015-12-08,89.554,90.437,88.673,89.119,402409,0
2015-12-09,89.324,90.389,88.504,89.452,565814,0
2015-12-10,89.388,90.891,88.914,89.193,656958,0
2015-12-11,87.633,89.227,87.048,87.262,620759,0
2015-12-14,87.141,87.539,85.98,86.333,924685,0
2015-12-15,86.545,88.154,85.918,86.733,519813,0
2015-12-16,87.057,87.875,85.452,87.587,564737,0
2015-12-17,87.651,87.92,85.423,85.59,532740,0
2015-12-18,85.267,86.453,84.98,85.462,851093,0
2015-12-21,85.908,86.287,82.408,82.88,904206,0
2015-12-22,82.787,85.043,82.751,84.33,574538,0
2015-12-23,84.996,86.418,84.32,86.37,517874,0
2015-12-24,86.38,86.52,85.024,85.908,235265,0
2015-12-28,85.33,86.063,84.524,84.941,294979,0
2015-12-29,85.678,86.361,84.778,85.714,414048,0
2015-12-30,85.423,86.06,84.364,84.553,427287,0
2015-12-31,84.23,84.515,83.409,83.729,521849,0
2016-01-04,82.565,83.437,81.187,83.362,635617,0
2016-01-05,83.67,85.294,81.798,82.715,597172,0
2016-01-06,81.375,82.818,79.792,80.268,1434304,0
2016-01-07,78.865,80.484,78.414,78.47,993533,0
2016-01-08,78.535,78.958,77.355,77.542,570250,0
2016-01-11,78.199,78.527,75.968,76.755,983345,0
2016-01-12,77.242,78.733,76.877,78.461,913911,0
2016-01-13,79.079,79.229,77.974,78.113,888245,0
2016-01-14,78.133,81.216,77.345,80.765,1040156,0
2016-01-15,78.667,80.034,76.755,79.951,1590379,0
2016-01-19,79.406,81.263,79.182,80.26,2157858,0
2016-01-20,79.032,81.891,78.47,81.01,2410123,0
2016-01-21,81.328,81.75,79.819,81.039,1098976,0
2016-01-22,82.977,83.372,81.769,82.286,969222,0
2016-01-25,81.825,81.919,79.374,79.446,1593094,0
2016-01-26,80.205,81.177,79.641,80.494,868699,0
2016-01-27,80.034,81.29,78.806,80.024,587976,0
2016-01-28,80.092,81.666,79.323,81.497,749262,0
2016-01-29,81.525,82.068,79.773,81.413,916128,0
2016-02-01,81.759,81.882,79.352,80.157,1615386,0
2016-02-02,79.21,79.436,77.588,78.105,900689,0
2016-02-03,79.295,80.859,77.608,80.653,845703,0
2016-02-04,81.281,82.349,80.317,81.835,1250802,0
2016-02-05,81.422,81.676,79.857,80.747,931741,0
2016-02-08,79.548,80.458,78.461,78.733,1303851,0
2016-02-09,77.317,79.612,74.918,78.432,1686266,0
2016-02-10,78.694,78.995,76.569,76.952,1464254,0
2016-02-11,75.556,77.364,75.255,76.774,1214049,0
2016-02-12,77.149,77.57,75.875,77.345,1891240,0
2016-02-16,78.367,78.432,76.21,77.804,1249044,0
2016-02-17,78.255,80.541,78.245,79.22,2199043,0
2016-02-18,79.931,79.988,78.601,79.145,1407003,0
2016-02-19,78.508,78.704,76.784,76.848,1188662,0
2016-02-22,77.533,78.564,77.261,77.468,1164595,0
2016-02-23,76.877,77.149,75.62,76.848,869782,0
2016-02-24,76.004,77.327,75.396,77.064,979907,0
2016-02-25,77.852,79.239,77.364,79.07,1370439,0
2016-02-26,79.726,81.815,79.5,81.057,780580,0
2016-02-29,81.206,81.206,80.195,80.533,999569,0
2016-03-01,82.013,82.697,80.927,82.472,1321052,0
2016-03-02,81.712,82.126,80.878,81.852,1064859,0
2016-03-03,82.003,82.79,81.591,82.632,1007293,0
2016-03-04,82.501,82.8,80.597,80.823,1483884,0
2016-03-07,80.692,82.931,80.513,82.434,1314972,0
2016-03-08,82.032,82.707,81.6,81.862,886748,0
2016-03-09,82.276,83.202,82.032,82.65,929294,0
2016-03-10,82.894,82.912,80.945,82.209,1115295,0
2016-03-11,83.006,83.886,82.668,83.587,1278605,0
2016-03-14,83.25,84.908,83.25,84.28,1075038,0
2016-03-15,84.046,84.112,83.024,83.642,1070420,0
2016-03-16,83.503,85.284,83.362,84.338,987140,0
2016-03-17,84.749,85.93,84.563,85.732,1083320,0
2016-03-18,85.602,86.464,85.602,86.239,1171927,0
2016-03-21,86.146,87.103,85.742,86.418,891247,0
2016-03-22,85.8,86.221,85.02,85.321,918777,0
2016-03-23,85.181,85.574,84.242,85.152,1137179,0
2016-03-24,84.44,84.44,83.325,83.926,886318,0
2016-03-28,83.961,84.346,83.146,84.261,667998,0
2016-03-29,84.097,84.674,83.017,84.295,563623,0
2016-03-30,84.778,85.61,84.523,85.516,862210,0
2016-03-31,85.355,85.814,83.206,83.556,906375,0
2016-04-01,82.8,83.963,82.005,83.719,628403,0
2016-04-04,83.651,83.723,81.976,82.326,665743,0
2016-04-05,81.75,82.345,81.068,81.105,642047,0
2016-04-06,81.085,81.966,80.025,81.872,705590,0
2016-04-07,81.569,81.674,80.699,81.616,733765,0
2016-04-08,82.744,83.633,82.534,82.913,1104720,0
2016-04-11,83.017,83.641,82.289,83.189,990346,0
2016-04-12,83.501,84.569,82.961,84.493,1084002,0
2016-04-13,84.682,85.176,83.179,83.425,1467380,0
2016-04-14,83.008,83.055,78.427,78.76,1579283,0
2016-04-15,78.664,79.401,76.818,79.184,1465019,0
2016-04-18,78.845,79.724,78.56,79.382,665904,0
2016-04-19,79.771,82.394,79.686,82.374,1727924,0
2016-04-20,82.744,83.33,82.005,82.326,1266540,0
2016-04-21,82.099,83.556,81.304,81.418,987837,0
2016-04-22,81.806,82.42,81.021,81.465,901808,0
2016-04-25,81.388,82.458,81.011,81.768,762198,0
2016-04-26,81.797,82.232,81.162,81.199,684189,0
2016-04-27,81.275,81.948,80.946,81.578,833605,0
2016-04-28,81.229,82.483,80.159,82.336,1374164,0
2016-04-29,82.109,82.44,81.162,81.502,1204871,0
2016-05-02,81.73,81.852,80.868,81.388,1067620,0
2016-05-03,80.868,81.522,79.781,79.781,2101484,0
2016-05-04,79.26,82.289,79.08,81.542,1457883,0
2016-05-05,82.129,82.448,79.099,79.288,1471532,0
2016-05-06,79.023,80.139,78.695,79.875,893972,0
2016-05-09,79.564,80.425,79.013,80.065,901258,0
2016-05-10,80.094,83.396,79.733,83.008,1255587,0
2016-05-11,82.989,83.045,81.92,81.956,575872,0
2016-05-12,83.823,84.569,82.384,82.744,1300297,0
2016-05-13,82.488,83.169,81.73,81.852,791963,0
2016-05-16,82.034,85.072,82.034,84.721,839428,0
2016-05-17,84.247,85.895,84.247,85.156,1480352,0
2016-05-18,84.873,85.554,82.885,83.509,988064,0
2016-05-19,82.648,83.709,82.184,82.998,860287,0
2016-05-20,83.378,84.152,82.971,83.159,752546,0
2016-05-23,83.614,85.405,83.149,84.645,1374276,0
2016-05-24,84.181,84.891,83.755,83.897,848427,0
2016-05-25,84.409,86.131,84.315,85.772,2701135,0
2016-05-26,86.122,87.115,85.628,85.762,1100037,0
2016-05-27,85.384,87.087,85.212,86.386,940534,0
2016-05-31,86.812,86.84,85.062,85.364,905218,0
2016-06-01,85.222,85.678,83.887,85.658,762167,0
2016-06-02,85.222,86.5,85.222,86.197,441967,0
2016-06-03,86.216,87.162,85.885,86.953,581610,0
2016-06-06,87.579,89.604,87.172,89.322,779510,0
2016-06-07,89.68,91.355,89.68,90.502,1068325,0
2016-06-08,90.957,91.497,90.343,90.701,1145028,0
2016-06-09,89.367,89.906,88.302,89.623,662158,0
2016-06-10,88.961,89.633,88.185,88.885,561759,0
2016-06-13,89.017,90.144,88.033,88.619,898197,0
2016-06-14,88.667,89.121,88.222,88.961,692941,0
2016-06-15,89.189,89.661,87.929,88.062,683268,0
2016-06-16,87.295,87.815,86.358,87.721,593166,0
2016-06-17,88.108,89.357,87.446,88.752,922471,0
2016-06-20,90.059,91.034,89.435,89.746,867761,0
2016-06-21,89.898,89.898,88.705,89.208,481114,0
2016-06-22,89.604,89.906,88.657,88.687,395845,0
2016-06-23,89.557,91.174,89.557,90.666,720335,0
2016-06-24,87.181,88.743,86.576,87.077,1294583,0
2016-06-27,85.895,86.022,82.979,83.907,814662,0
2016-06-28,85.174,85.249,84.084,84.695,769127,0
2016-06-29,85.585,86.333,85.096,85.431,849107,0
2016-06-30,85.776,86.98,84.658,86.425,1304699,0
2016-07-01,85.929,87.897,85.756,86.722,525712,0
2016-07-05,86.387,86.683,84.668,84.685,565015,0
2016-07-06,84.141,85.566,83.748,85.184,628150,0
2016-07-07,85.822,86.292,84.915,85.029,429272,0
2016-07-08,85.518,85.841,84.763,85.307,427879,0
2016-07-11,85.431,86.397,85.24,86.061,485046,0
2016-07-12,86.674,87.926,86.655,87.228,480323,0
2016-07-13,87.19,89.828,86.741,88.768,992709,0
2016-07-14,89.848,92.218,89.603,91.309,1229500,0
2016-07-15,91.272,92.064,90.872,91.52,650382,0
2016-07-18,91.424,92.342,90.946,92.257,552047,0
2016-07-19,90.784,91.51,89.542,89.866,1038095,0
2016-07-20,89.934,91.386,89.388,90.154,494605,0
2016-07-21,89.885,90.278,88.662,89.015,551635,0
2016-07-22,88.777,88.996,87.946,88.308,504209,0
2016-07-25,88.28,88.385,87.267,87.936,419777,0
2016-07-26,87.936,89.139,87.831,88.901,371283,0
2016-07-27,88.949,89.455,87.882,88.232,353210,0
2016-07-28,87.343,88.089,86.483,87.363,698609,0
2016-07-29,86.875,87.706,86.139,86.75,507438,0
2016-08-01,86.608,87.286,85.966,86.111,556669,0
2016-08-02,86.139,87.171,85.851,86.683,586795,0
2016-08-03,86.454,87.133,85.956,86.215,520260,0
2016-08-04,84.906,85.641,83.873,85.45,1167123,0
2016-08-05,86.549,86.885,85.891,85.937,969062,0
2016-08-08,86.034,87.161,85.661,87.143,668493,0
2016-08-09,87.123,88.031,87.123,87.955,454846,0
2016-08-10,88.395,88.748,87.553,87.906,368889,0
2016-08-11,88.07,88.633,87.782,88.395,513996,0
2016-08-12,87.974,88.882,86.359,86.588,693494,0
2016-08-15,86.588,88.577,86.588,88.423,444631,0
2016-08-16,88.814,88.996,87.323,88.011,475087,0
2016-08-17,87.792,88.403,87.171,88.011,308317,0
2016-08-18,88.021,88.337,86.885,86.97,364489,0
2016-08-19,86.502,86.855,85.982,86.608,437155,0
2016-08-22,86.311,87.353,85.746,87.248,277280,0
2016-08-23,88.126,88.892,87.745,88.07,358982,0
2016-08-24,88.061,88.089,87.143,87.468,476480,0
2016-08-25,87.248,87.782,86.865,87.075,543223,0
2016-08-26,87.487,87.879,84.81,85.106,502085,0
2016-08-29,85.069,85.946,85.069,85.526,246047,0
2016-08-30,85.384,95.811,85.384,91.53,5898691,0
2016-08-31,90.919,92.39,90.794,92.103,1336917,0
2016-09-01,91.931,92.496,90.813,92.39,752939,0
2016-09-02,92.716,94.578,92.141,93.843,818255,0
2016-09-06,93.661,93.994,91.886,92.093,870198,0
2016-09-07,91.855,93.078,91.807,92.857,472644,0
2016-09-08,92.696,92.982,91.539,91.835,635414,0
2016-09-09,91.042,91.587,90.029,91.004,597342,0
2016-09-12,90.688,92.342,87.602,88.547,2753603,0
2016-09-13,87.065,87.869,84.314,84.733,2548433,0
2016-09-14,85.164,86.311,84.419,84.475,1175077,0
2016-09-15,84.399,86.425,84.379,85.651,1568999,0
2016-09-16,85.47,85.911,85.039,85.641,823923,0
2016-09-19,85.851,86.129,85.403,86.061,709661,0
2016-09-20,86.024,87.974,86.024,86.855,1307252,0
2016-09-21,87.419,87.801,86.655,87.419,721319,0
2016-09-22,88.175,88.796,87.782,88.518,479495,0
2016-09-23,87.716,87.955,86.564,87.611,1626478,0
2016-09-26,87.438,87.726,86.086,86.349,958276,0
2016-09-27,86.111,86.855,85.661,86.76,373214,0
2016-09-28,87.17,88.135,86.929,88.087,364087,0
2016-09-29,88.174,88.58,87.286,87.595,461943,0
2016-09-30,88.155,88.425,87.035,87.527,459425,0
2016-10-03,87.122,87.642,85.201,86.803,1188403,0
2016-10-04,86.919,86.919,85.307,85.665,888945,0
2016-10-05,85.837,87.248,85.607,86.833,661104,0
2016-10-06,86.823,87.228,86.504,86.929,306146,0
2016-10-07,86.418,86.987,85.943,86.408,623575,0
2016-10-10,86.977,87.364,86.321,86.9,282100,0
2016-10-11,86.678,86.929,86.042,86.292,380532,0
2016-10-12,85.791,86.244,85.413,85.943,463584,0
2016-10-13,85.346,86.225,84.719,86.195,285286,0
2016-10-14,86.736,87.27,86.171,86.369,159263,0
2016-10-17,86.649,86.697,84.825,84.941,256719,0
2016-10-18,85.635,87.132,85.635,86.823,169277,0
2016-10-19,86.823,88.377,86.755,87.749,338944,0
2016-10-20,87.354,87.605,86.745,87.035,285034,0
2016-10-21,86.755,88.193,86.234,87.856,623729,0
2016-10-24,87.837,89.708,87.634,89.602,400262,0
2016-10-25,89.815,90.22,88.666,89.496,545935,0
2016-10-26,88.763,91.04,88.763,90.114,630934,0
2016-10-27,91.108,91.156,89.786,90.066,719983,0
2016-10-28,89.998,90.675,89.254,89.805,289025,0
2016-10-31,89.988,90.047,88.58,88.617,350155,0
2016-11-01,89.294,89.294,86.562,87.383,491351,0
2016-11-02,87.469,88.396,87.3,88.068,358234,0
2016-11-03,86.36,88.087,85.559,87.103,998434,0
2016-11-04,86.34,87.17,86.059,86.388,861792,0
2016-11-07,87.672,89.67,87.026,89.39,442661,0
2016-11-08,88.734,92.757,88.57,92.14,611204,0
2016-11-09,90.731,92.767,89.825,91.783,682215,0
2016-11-10,92.092,95.78,91.89,94.438,535482,0
2016-11-11,94.118,94.572,92.439,94.438,427980,0
2016-11-14,94.39,95.615,94.224,94.708,347353,0
2016-11-15,94.38,95.142,92.903,95.046,301740,0
2016-11-16,94.456,94.852,93.521,94.456,247442,0
2016-11-17,94.466,95.21,94.032,94.428,651058,0
2016-11-18,93.896,95.084,93.666,94.968,714882,0
2016-11-21,95.393,97.477,95.326,97.291,1093254,0
2016-11-22,97.447,97.534,95.267,95.847,886412,0
2016-11-23,95.519,95.817,94.09,94.284,340968,0
2016-11-25,94.544,95.239,93.946,94.65,105964,0
2016-11-28,94.902,95.692,94.466,94.823,265385,0
2016-11-29,94.38,95.074,93.916,94.776,252228,0
2016-11-30,95.644,98.38,94.872,97.33,837773,0
2016-12-01,97.899,99.403,96.96,97.252,571844,0
2016-12-02,97.437,97.544,96.368,96.657,279283,0
2016-12-05,97.281,99.56,96.941,98.837,606785,0
2016-12-06,98.518,99.92,97.997,99.64,490001,0
2016-12-07,99.94,101.35,99.264,101.3,327821,0
2016-12-08,101.68,103.09,101.31,102.93,323799,0
2016-12-09,102.92,105.89,102.77,105.56,470265,0
2016-12-12,105.57,105.91,102.99,103.1,696401,0
2016-12-13,102.93,103.07,99.105,99.423,672653,0
2016-12-14,99.204,100.56,97.748,97.968,538149,0
2016-12-15,97.096,99.83,96.725,98.459,387891,0
2016-12-16,98.488,98.818,96.426,96.571,602140,0
2016-12-19,96.513,97.514,95.171,95.413,367517,0
2016-12-20,95.866,97.84,95.064,97.407,223936,0
2016-12-21,97.203,97.457,95.625,96.31,398136,0
2016-12-22,96.243,97.407,95.808,97.184,228718,0
2016-12-23,97.116,98.154,96.011,96.782,326066,0
2016-12-27,97.262,100.0,97.262,99.393,226139,0
2016-12-28,99.67,100.38,97.077,97.514,324666,0
2016-12-29,97.504,98.478,97.487,98.232,260618,0
2016-12-30,98.194,99.075,97.34,97.879,161873,0
2017-01-03,98.017,99.61,97.417,97.524,230691,0
2017-01-04,98.204,100.92,98.184,100.47,781685,0
2017-01-05,100.49,101.18,100.04,100.71,387096,0
2017-01-06,100.54,100.71,98.897,99.71,280364,0
2017-01-09,99.67,100.33,98.887,99.8,223864,0
2017-01-10,100.83,101.43,99.75,100.17,586212,0
2017-01-11,100.08,102.64,99.86,102.6,326553,0
2017-01-12,103.8,103.8,100.98,102.7,360065,0
2017-01-13,102.7,103.02,101.65,102.58,215134,0
2017-01-17,102.71,103.29,101.26,101.69,337106,0
2017-01-18,101.66,101.66,98.468,98.636,381484,0
2017-01-19,99.214,99.373,98.194,98.42,279922,0
2017-01-20,98.976,103.15,98.867,102.39,380286,0
2017-01-23,102.2,102.94,101.16,102.35,221950,0
2017-01-24,104.2,108.76,103.11,107.34,1456803,0
2017-01-25,107.22,108.9,105.93,106.67,601202,0
2017-01-26,102.78,104.68,101.93,103.96,714046,0
2017-01-27,103.87,105.13,100.98,101.52,386446,0
2017-01-30,101.01,101.08,98.449,100.16,494936,0
2017-01-31,100.23,101.47,98.887,100.17,440225,0
2017-02-01,100.15,100.68,98.154,99.9,492759,0
2017-02-02,99.264,100.18,98.144,99.66,475938,0
2017-02-03,100.03,101.79,99.323,100.54,320897,0
2017-02-06,100.54,100.54,98.788,99.81,279238,0
2017-02-07,98.857,102.13,98.655,101.57,370209,0
2017-02-08,101.72,102.34,100.29,102.28,417097,0
2017-02-09,102.53,102.61,100.81,101.25,311840,0
2017-02-10,101.24,103.39,101.23,102.89,508311,0
2017-02-13,102.88,104.64,101.9,103.09,707070,0
2017-02-14,102.89,104.9,102.59,104.38,495609,0
2017-02-15,104.44,104.55,102.19,102.39,347860,0
2017-02-16,102.64,102.86,101.02,101.32,621889,0
2017-02-17,101.2,101.33,99.284,100.89,544223,0
2017-02-21,101.22,101.22,100.06,100.47,371973,0
2017-02-22,99.84,100.71,99.254,100.25,386999,0
2017-02-23,100.4,100.4,96.648,97.889,590885,0
2017-02-24,96.901,97.554,94.974,96.727,736227,0
2017-02-27,96.503,96.775,95.403,96.327,351367,0
2017-02-28,95.948,97.067,93.903,94.03,447935,0
2017-03-01,95.354,96.026,94.097,94.546,402498,0
2017-03-02,94.633,94.972,92.473,92.619,556908,0
2017-03-03,92.239,93.028,91.947,92.726,449284,0
2017-03-06,92.726,92.862,91.5,92.317,502348,0
2017-03-07,92.376,93.3,91.801,92.784,456424,0
2017-03-08,92.989,93.3,91.84,91.967,543893,0
2017-03-09,94.04,97.801,93.514,94.536,2006458,0
2017-03-10,94.847,95.49,93.982,94.897,501412,0
2017-03-13,95.014,95.014,93.816,94.429,506350,0
2017-03-14,93.582,93.661,92.473,92.657,596662,0
2017-03-15,93.135,94.274,92.259,94.177,442742,0
2017-03-16,94.419,95.14,93.565,94.224,460580,0
2017-03-17,94.74,95.009,94.167,94.294,465174,0
2017-03-20,94.264,94.663,92.998,93.242,357372,0
2017-03-21,93.631,94.187,91.87,92.103,432766,0
2017-03-22,91.957,92.507,91.324,92.297,467675,0
2017-03-23,92.297,93.475,91.538,92.95,411209,0
2017-03-24,92.871,93.367,91.82,92.278,283084,0
2017-03-27,91.763,92.814,91.655,92.434,311321,0
2017-03-28,92.521,93.611,92.503,92.667,1132822,0
2017-03-29,92.83,94.146,92.329,93.36,540546,0
2017-03-30,93.173,94.706,93.173,94.323,777902,0
2017-03-31,94.706,94.971,93.625,93.871,652688,0
2017-04-03,93.93,94.362,92.132,93.527,605972,0
2017-04-04,93.124,93.557,92.427,93.203,279802,0
2017-04-05,93.822,93.96,92.211,92.368,566516,0
2017-04-06,92.329,92.742,91.965,92.279,272419,0
2017-04-07,91.827,92.544,91.7,92.123,289888,0
2017-04-10,92.279,92.407,91.769,92.221,478128,0
2017-04-11,92.221,92.624,90.737,92.161,290387,0
2017-04-12,91.69,92.043,91.218,91.71,292687,0
2017-04-13,91.602,91.995,90.737,90.835,271006,0
2017-04-17,91.376,91.817,90.894,91.523,190061,0
2017-04-18,90.805,91.341,90.088,90.364,393084,0
2017-04-19,90.226,90.707,89.558,90.01,273237,0
2017-04-20,90.393,90.757,89.686,90.059,452560,0
2017-04-21,89.872,89.922,88.506,88.88,610405,0
2017-04-24,89.833,90.452,89.332,90.069,320344,0
2017-04-25,90.128,91.621,90.128,90.865,554054,0
2017-04-26,90.629,91.729,90.418,91.248,524927,0
2017-04-27,92.191,93.881,91.925,93.331,622723,0
2017-04-28,93.469,93.655,91.788,92.279,277575,0
2017-05-01,92.78,92.84,91.955,91.965,304978,0
2017-05-02,91.582,92.859,90.393,90.629,809177,0
2017-05-03,90.393,90.393,88.91,89.106,519969,0
2017-05-04,89.106,89.391,88.664,88.812,474855,0
2017-05-05,89.047,90.727,88.91,89.892,576992,0
2017-05-08,89.922,90.511,89.381,89.862,766064,0
2017-05-09,89.696,90.57,88.9,90.04,344461,0
2017-05-10,90.158,91.513,90.05,90.305,459975,0
2017-05-11,90.078,90.324,88.752,89.558,506480,0
2017-05-12,89.489,90.059,88.978,89.371,238714,0
2017-05-15,89.912,90.629,89.46,89.745,460629,0
2017-05-16,89.696,90.334,89.116,89.243,271931,0
2017-05-17,88.556,88.998,86.945,87.396,595318,0
2017-05-18,86.601,87.396,86.277,87.062,532553,0
2017-05-19,88.005,91.474,87.907,90.894,666138,0
2017-05-22,91.464,91.935,89.646,90.158,217282,0
2017-05-23,91.002,91.955,90.923,91.434,397770,0
2017-05-24,91.248,91.739,90.128,90.865,370526,0
2017-05-25,90.669,91.336,89.706,90.433,445054,0
2017-05-26,90.148,91.454,90.02,91.218,355244,0
2017-05-30,90.904,91.896,90.904,91.582,180017,0
2017-05-31,91.484,91.759,90.383,90.707,318584,0
2017-06-01,91.071,91.66,90.305,90.452,297639,0
2017-06-02,90.305,90.629,89.411,90.275,267518,0
2017-06-05,89.98,89.99,88.959,89.902,387955,0
2017-06-06,89.706,90.963,89.318,90.442,295745,0
2017-06-07,90.747,90.747,88.988,89.303,417245,0
2017-06-08,89.205,90.069,89.047,89.499,361247,0
2017-06-09,89.499,93.507,89.499,93.281,771343,0
2017-06-12,93.262,95.281,91.306,92.378,597328,0
2017-06-13,92.378,93.233,92.132,93.105,435056,0
2017-06-14,93.871,93.871,91.268,91.759,418642,0
2017-06-15,91.002,91.504,89.578,90.403,524562,0
2017-06-16,90.138,92.387,89.666,92.25,755277,0
2017-06-19,92.387,92.972,91.424,92.053,622293,0
2017-06-20,91.719,91.729,90.236,90.56,362700,0
2017-06-21,90.481,91.424,89.951,90.373,386790,0
2017-06-22,90.452,91.336,90.452,90.727,311653,0
2017-06-23,90.707,91.366,89.686,90.687,271952,0
2017-06-26,90.933,91.719,90.884,91.051,513685,0
2017-06-27,91.405,91.817,90.501,90.521,518151,0
2017-06-28,91.458,91.666,90.079,90.506,651307,0
2017-06-29,90.605,90.704,89.266,89.742,553618,0
2017-06-30,89.941,90.169,89.187,89.752,1106162,0
2017-07-03,90.258,93.442,89.812,93.204,782029,0
2017-07-05,91.547,91.607,89.841,90.397,796011,0
2017-07-06,89.95,90.704,89.395,89.673,456113,0
2017-07-07,89.861,90.265,88.612,89.95,369640,0
2017-07-10,90.516,96.626,90.516,94.9,1067859,0
2017-07-11,94.721,95.396,93.422,95.009,463975,0
2017-07-12,95.217,97.151,94.444,94.672,531137,0
2017-07-13,94.672,96.973,94.305,96.278,468678,0
2017-07-14,96.407,98.292,96.199,97.746,429468,0
2017-07-17,97.697,98.57,97.32,97.647,317100,0
2017-07-18,97.211,97.717,96.417,97.518,322441,0
2017-07-19,97.846,99.52,97.846,99.254,295014,0
2017-07-20,99.66,100.15,98.857,99.51,586382,0
2017-07-21,99.194,99.433,98.044,99.145,367459,0
2017-07-24,99.115,99.74,98.084,99.066,318713,0
2017-07-25,99.462,100.1,98.699,99.274,284261,0
2017-07-26,99.433,99.433,97.746,98.193,612001,0
2017-07-27,98.262,99.433,97.776,98.203,706636,0
2017-07-28,98.103,98.966,97.786,98.966,226987,0
2017-07-31,99.145,99.65,98.609,99.284,293050,0
2017-08-01,99.462,99.462,97.201,98.639,600434,0
2017-08-02,98.649,99.214,98.094,98.778,315906,0
2017-08-03,98.5,100.06,98.361,99.98,523239,0
2017-08-04,99.76,101.09,99.482,100.13,541954,0
2017-08-07,100.31,100.4,97.707,98.034,274426,0
2017-08-08,97.836,98.966,97.479,98.193,539434,0
2017-08-09,97.905,97.925,97.191,97.776,707623,0
2017-08-10,96.705,98.441,96.308,97.637,1224841,0
2017-08-11,97.231,98.282,96.993,97.558,339125,0
2017-08-14,97.895,98.599,97.201,97.399,333694,0
2017-08-15,97.231,97.796,96.507,97.498,318789,0
2017-08-16,97.27,98.828,97.27,98.431,263989,0
2017-08-17,98.431,98.599,95.981,96.417,310798,0
2017-08-18,96.388,97.112,95.128,96.397,544019,0
2017-08-21,96.407,97.191,95.713,96.933,202824,0
2017-08-22,97.201,97.865,95.515,95.733,270643,0
2017-08-23,95.346,96.12,95.158,95.832,391921,0
2017-08-24,95.931,96.269,95.277,95.723,195154,0
2017-08-25,96.189,96.616,95.921,96.15,130622,0
2017-08-28,96.318,96.497,95.445,95.515,335503,0
2017-08-29,95.217,96.903,95.019,96.407,467241,0
2017-08-30,96.318,96.616,95.902,96.219,233128,0
2017-08-31,96.824,97.558,96.021,97.241,321413,0
2017-09-01,97.647,98.252,97.389,97.548,173158,0
2017-09-05,97.826,98.391,95.882,96.368,399907,0
2017-09-06,96.566,98.659,96.269,98.371,384906,0
2017-09-07,98.391,100.06,98.391,98.927,239141,0
2017-09-08,98.778,99.323,98.143,98.947,152994,0
2017-09-11,99.78,102.21,99.333,101.71,315310,0
2017-09-12,102.0,103.05,100.87,101.33,360191,0
2017-09-13,101.43,102.17,100.97,101.32,283972,0
2017-09-14,101.3,102.17,100.55,102.15,176787,0
2017-09-15,102.47,104.55,101.99,104.26,468716,0
2017-09-18,104.64,108.29,104.3,107.14,721311,0
2017-09-19,107.14,108.5,106.76,107.61,377558,0
2017-09-20,107.6,108.44,105.68,106.12,646771,0
2017-09-21,105.5,107.12,105.5,106.54,408825,0
2017-09-22,106.06,107.56,106.06,107.05,196329,0
2017-09-25,107.24,107.43,106.49,107.15,181988,0
2017-09-26,106.99,107.32,106.0,106.62,294311,0
2017-09-27,106.69,107.2,106.25,107.04,170372,0
2017-09-28,108.66,110.42,107.81,107.9,410788,0
2017-09-29,107.66,108.14,107.15,107.21,227109,0
2017-10-02,107.25,107.65,106.77,107.01,138101,0
2017-10-03,107.15,107.34,106.46,107.02,122530,0
2017-10-04,107.11,107.88,106.79,107.15,199497,0
2017-10-05,107.32,107.57,106.07,106.33,260833,0
2017-10-06,105.95,106.07,104.89,105.73,262979,0
2017-10-09,105.81,106.561,105.29,106.03,89803,0
2017-10-10,106.35,106.38,105.52,105.78,113256,0
2017-10-11,106.27,106.86,105.9,106.5,271672,0
2017-10-12,106.26,106.415,105.3,106.11,169249,0
2017-10-13,106.65,108.29,106.25,107.91,365346,0
2017-10-16,108.07,109.13,107.28,108.77,260880,0
2017-10-17,108.25,108.37,106.63,107.18,204805,0
2017-10-18,107.25,107.92,106.41,107.73,269317,0
2017-10-19,107.41,108.15,107.2,107.77,112429,0
2017-10-20,107.8,108.1,106.75,107.65,225132,0
2017-10-23,107.75,108.46,107.56,107.79,219318,0
2017-10-24,108.33,110.52,108.09,110.49,408972,0
2017-10-25,110.08,110.57,108.467,110.12,301004,0
2017-10-26,107.15,108.69,105.65,108.4,470167,0
2017-10-27,107.97,108.24,106.0,107.31,510659,0
2017-10-30,106.99,108.75,106.99,108.35,239372,0
2017-10-31,108.97,109.325,108.23,108.92,300518,0
2017-11-01,110.02,110.25,108.99,109.51,279025,0
2017-11-02,109.74,110.05,107.95,108.32,247668,0
2017-11-03,108.31,108.89,107.34,108.09,171117,0
2017-11-06,108.09,108.43,107.42,107.83,105660,0
2017-11-07,106.98,108.5,105.83,107.22,336321,0
2017-11-08,105.71,107.31,105.0,107.02,602916,0
2017-11-09,106.79,107.91,105.7,107.21,397764,0
2017-11-10,106.69,108.1,106.69,106.87,275145,0
