Date,Open,High,Low,Close,Volume,OpenInt
2014-01-02,4.58,4.72,4.58,4.72,1083,0
2014-01-03,4.6996,4.6996,4.6996,4.6996,250,0
2014-01-08,4.74,4.78,4.64,4.7,2400,0
2014-01-09,4.82,4.82,4.82,4.82,150,0
2014-01-13,4.72,4.74,4.72,4.74,600,0
2014-01-14,4.84,4.86,4.84,4.86,1350,0
2014-01-17,4.64,4.86,4.64,4.86,300,0
2014-01-21,4.8,5.3,4.8,4.96,10250,0
2014-01-22,4.96,5.26,4.96,5.08,3650,0
2014-01-23,5.28,6.7,4.92,6.44,22650,0
2014-01-24,7.12,7.8,5.5,5.5,12600,0
2014-01-27,5.5,5.5,5.22,5.22,5400,0
2014-01-28,5.3,5.3,5.18,5.2,1800,0
2014-01-29,5.2,5.2,4.96,4.96,3050,0
2014-01-30,5.08,5.2,5.08,5.16,900,0
2014-01-31,4.92,5.2,4.92,5.2,1050,0
2014-02-03,4.92,5.16,4.92,4.92,1951,0
2014-02-04,4.9202,5.6,4.9202,5.06,5751,0
2014-02-05,5.04,5.04,4.8048,4.94,1530,0
2014-02-06,4.98,5.58,4.88,4.88,15206,0
2014-02-07,4.98,5.0,4.84,4.92,6220,0
2014-02-10,5.6,5.6,5.02,5.04,869,0
2014-02-12,5.18,5.32,5.04,5.04,3303,0
2014-02-13,5.26,5.5616,4.86,5.02,12916,0
2014-02-14,4.86,4.92,4.56,4.56,29775,0
2014-02-18,4.68,4.7,4.42,4.48,15404,0
2014-02-19,4.4998,4.5,4.42,4.4936,8725,0
2014-02-20,4.42,4.52,4.42,4.52,4008,0
2014-02-21,4.42,4.66,4.34,4.66,42631,0
2014-02-24,4.44,4.56,4.44,4.44,2385,0
2014-02-25,4.44,4.44,4.3,4.4,8467,0
2014-02-26,4.42,4.44,4.42,4.44,640,0
2014-02-27,4.36,4.36,4.316,4.316,2370,0
2014-02-28,4.32,4.32,4.3,4.32,15188,0
2014-03-03,4.4,4.4,4.36,4.4,320,0
2014-03-04,4.402,4.402,4.4,4.4,225,0
2014-03-05,4.4398,4.46,4.3616,4.3616,2800,0
2014-03-06,4.42,4.7,4.42,4.7,59419,0
2014-03-07,4.88,5.3386,4.64,4.64,15359,0
2014-03-10,5.2566,5.2566,4.52,4.6802,15023,0
2014-03-11,4.52,5.28,4.52,4.82,3649,0
2014-03-12,5.2,5.2,4.5,4.62,2752,0
2014-03-13,4.56,4.78,4.52,4.58,5068,0
2014-03-17,4.8798,4.8798,4.52,4.52,419,0
2014-03-18,4.48,4.48,4.48,4.48,163,0
2014-03-19,4.52,4.62,4.46,4.62,251005,0
2014-03-20,4.74,4.74,4.62,4.62,35806,0
2014-03-21,4.64,4.72,4.46,4.46,2311,0
2014-03-24,4.5136,4.5136,4.2,4.28,14286,0
2014-03-25,4.2202,4.32,4.2202,4.32,474,0
2014-03-27,4.3,4.3,4.23,4.23,124,0
2014-03-28,4.25,4.3,4.25,4.2994,511,0
2014-03-31,4.54,4.54,4.4,4.54,2205,0
2014-04-01,4.32,4.61,4.32,4.61,256,0
2014-04-02,4.3236,4.62,4.3236,4.62,904,0
2014-04-03,4.3602,4.58,4.3602,4.58,842,0
2014-04-04,4.36,4.54,4.36,4.38,1755,0
2014-04-07,4.38,4.5,4.32,4.5,300,0
2014-04-08,4.32,4.36,4.3,4.3598,984,0
2014-04-10,4.282,4.62,4.2592,4.5998,2479,0
2014-04-11,4.54,4.54,4.3602,4.3602,1207,0
2014-04-14,4.3,4.38,4.3,4.36,582,0
2014-04-17,4.52,4.52,4.42,4.42,356,0
2014-04-23,4.4,4.58,4.3,4.4,1913,0
2014-04-24,4.34,4.34,4.3202,4.322,322,0
2014-04-25,4.334,4.334,4.334,4.334,157,0
2014-04-28,4.34,4.34,4.34,4.34,96,0
2014-04-30,4.32,4.32,4.32,4.32,178,0
2014-05-01,4.28,4.2802,4.26,4.26,1872,0
2014-05-02,4.26,4.4998,4.26,4.4998,1247,0
2014-05-05,4.46,4.46,4.3,4.3,426,0
2014-05-06,4.4,4.46,4.2,4.26,3736,0
2014-05-08,4.2202,4.2202,4.2202,4.2202,403,0
2014-05-09,4.2,4.3,4.2,4.3,5394,0
2014-05-12,4.36,4.36,4.28,4.28,934,0
2014-05-13,4.2998,4.2998,4.2998,4.2998,861,0
2014-05-14,4.3002,4.5,4.222,4.36,4858,0
2014-05-15,4.38,4.4,4.38,4.38,1057,0
2014-05-16,4.26,4.28,4.22,4.28,552,0
2014-05-19,4.3,4.48,4.3,4.4798,1976,0
2014-05-21,4.5,4.8,4.22,4.8,5072,0
2014-05-22,4.7998,4.918,4.78,4.88,3707,0
2014-05-23,4.7998,4.7998,4.7998,4.7998,1250,0
2014-05-27,4.82,5.38,4.8,5.38,6015,0
2014-05-28,5.44,5.44,4.84,5.22,5105,0
2014-05-29,5.22,5.4198,4.8,4.8218,4460,0
2014-05-30,4.86,5.42,4.8,5.04,1457,0
2014-06-02,5.02,5.02,4.69,4.69,2647,0
2014-06-03,4.6002,4.63,4.38,4.38,3596,0
2014-06-04,4.44,4.44,4.04,4.2,20618,0
2014-06-05,4.104,4.3,4.104,4.3,550,0
2014-06-06,4.22,4.816,4.22,4.56,8671,0
2014-06-09,4.78,4.78,4.78,4.78,515,0
2014-06-10,4.56,4.62,4.56,4.62,1750,0
2014-06-11,4.594,4.8,4.594,4.8,535,0
2014-06-17,4.8,4.82,4.539,4.54,15233,0
2014-06-18,4.76,4.8902,4.6112,4.6112,2389,0
2014-06-19,4.78,4.78,4.78,4.78,350,0
2014-06-20,4.86,4.86,4.522,4.78,2177,0
2014-06-23,4.77,4.77,4.6,4.74,845,0
2014-06-26,4.54,4.96,4.54,4.96,6938,0
2014-06-27,4.9598,4.9598,4.7,4.7,366,0
2014-06-30,4.72,4.84,4.68,4.84,3339,0
2014-07-01,4.86,5.32,4.84,5.12,3793,0
2014-07-02,4.8,5.14,4.62,4.88,5150,0
2014-07-03,4.5802,4.5802,4.5802,4.5802,228,0
2014-07-07,4.6,4.72,4.6,4.72,645,0
2014-07-08,4.788,4.9,4.628,4.628,805,0
2014-07-09,4.6,4.62,4.58,4.58,1100,0
2014-07-10,4.8,4.8,4.58,4.58,590,0
2014-07-11,4.6,4.66,4.532,4.532,800,0
2014-07-14,4.62,4.64,4.5,4.52,2552,0
2014-07-15,4.52,4.62,4.48,4.48,16472,0
2014-07-16,4.5,4.58,4.5,4.56,9551,0
2014-07-17,4.54,4.84,4.42,4.42,43326,0
2014-07-18,4.6,4.64,4.48,4.639,6853,0
2014-07-21,4.44,4.62,4.42,4.44,12080,0
2014-07-22,4.5,4.6,4.28,4.28,9427,0
2014-07-23,4.46,4.5,4.26,4.26,13750,0
2014-07-24,4.426,4.4598,4.426,4.4598,275,0
2014-07-25,4.42,4.46,4.3,4.3,1045,0
2014-07-29,4.3,4.4,4.18,4.2,1908,0
2014-07-30,4.46,4.46,4.12,4.12,10201,0
2014-07-31,4.12,4.18,4.1,4.16,4825,0
2014-08-01,4.24,4.24,4.04,4.16,5173,0
2014-08-04,4.1608,4.1608,3.92,3.94,1296,0
2014-08-05,4.14,4.14,3.94,3.94,2618,0
2014-08-06,4.1,4.12,3.98,3.98,4151,0
2014-08-07,3.92,4.08,3.92,3.92,5568,0
2014-08-08,4.02,4.02,3.94,4.02,8254,0
2014-08-11,3.98,4.14,3.98,4.1,12655,0
2014-08-12,4.14,4.3,4.02,4.14,10402,0
2014-08-13,4.2,4.28,4.18,4.2402,1443,0
2014-08-14,4.0,4.18,4.0,4.14,24356,0
2014-08-15,4.3,4.92,4.28,4.6,56436,0
2014-08-18,4.7,4.92,4.486,4.486,29017,0
2014-08-19,4.52,4.72,4.36,4.3602,5272,0
2014-08-20,4.4,4.5,4.36,4.36,705,0
2014-08-21,4.5,4.5,4.3602,4.44,2082,0
2014-08-22,4.36,4.4,4.36,4.38,438,0
2014-08-25,4.36,4.5,4.36,4.5,225,0
2014-08-26,4.34,4.45,4.16,4.16,9327,0
2014-08-27,4.14,4.26,4.14,4.26,1662,0
2014-08-28,4.3,4.3,4.14,4.16,3928,0
2014-08-29,4.22,4.26,4.04,4.06,4247,0
2014-09-02,4.02,4.18,3.96,3.98,9259,0
2014-09-03,3.98,4.16,3.98,4.16,9512,0
2014-09-04,4.18,4.18,4.08,4.086,592,0
2014-09-05,4.16,4.22,4.14,4.22,2475,0
2014-09-08,4.42,4.52,4.36,4.52,6307,0
2014-09-09,4.5,4.52,4.26,4.5,51943,0
2014-09-10,4.4,4.82,4.38,4.64,4790,0
2014-09-11,4.76,4.82,4.38,4.4,81724,0
2014-09-12,4.24,4.48,4.2,4.2,7292,0
2014-09-15,4.22,4.46,4.1234,4.46,7536,0
2014-09-16,4.36,4.5,4.24,4.3,5723,0
2014-09-17,4.3,4.4998,4.12,4.16,2432,0
2014-09-18,4.12,4.2,4.06,4.06,7840,0
2014-09-19,4.1,4.22,3.94,4.0,13174,0
2014-09-22,3.92,4.06,3.92,4.0,8247,0
2014-09-23,4.04,4.14,3.92,3.98,5467,0
2014-09-24,4.04,4.16,3.9,4.16,3253,0
2014-09-25,4.18,4.36,4.1,4.1,1542,0
2014-09-26,4.04,4.1,4.02,4.02,185,0
2014-09-29,4.0,4.12,3.92,4.0,7455,0
2014-09-30,3.94,4.0,3.94,3.98,950,0
2014-10-01,4.0,4.0,3.98,4.0,2634,0
2014-10-02,4.0,4.032,3.88,4.0,16448,0
2014-10-03,4.0,4.1,3.98,3.98,6208,0
2014-10-06,3.98,3.98,3.88,3.98,1231,0
2014-10-07,3.9,4.0,3.88,4.0,1152,0
2014-10-08,3.998,3.998,3.2,3.7,20050,0
2014-10-09,3.7,3.7,3.7,3.7,140,0
2014-10-10,3.7,6.6,3.7,6.6,1955242,0
2014-10-13,6.98,7.0,4.9,5.88,806033,0
2014-10-14,5.16,5.3,4.16,4.4,327348,0
2014-10-15,4.5,4.6,4.08,4.32,123078,0
2014-10-16,4.7,7.4,4.56,5.8,3935359,0
2014-10-17,5.5,5.88,4.94,5.46,623329,0
2014-10-20,4.88,4.96,4.46,4.56,169664,0
2014-10-21,4.44,4.66,4.2,4.22,103344,0
2014-10-22,4.48,4.48,3.918,4.17,100541,0
2014-10-23,4.0,4.48,3.94,4.3,112883,0
2014-10-24,4.4,4.6,4.1,4.2,131050,0
2014-10-27,4.2,4.4,4.14,4.28,9189,0
2014-10-28,4.3,4.34,3.64,3.72,86450,0
2014-10-29,3.78,3.82,3.44,3.82,55891,0
2014-10-30,3.88,3.88,3.54,3.72,21561,0
2014-10-31,3.64,3.84,3.52,3.74,15197,0
2014-11-03,3.78,3.92,3.72,3.72,21504,0
2014-11-04,3.76,3.84,3.38,3.498,27403,0
2014-11-05,3.64,3.66,3.4802,3.5802,26853,0
2014-11-06,3.5,3.56,3.42,3.46,9767,0
2014-11-07,3.4334,3.48,3.4334,3.46,1599,0
2014-11-10,3.46,3.58,3.46,3.54,6955,0
2014-11-11,3.58,3.58,3.32,3.36,22206,0
2014-11-12,3.4402,3.5,3.4192,3.44,8677,0
2014-11-13,3.4,3.4,3.08,3.16,17508,0
2014-11-14,3.04,3.1598,2.72,2.8398,33925,0
2014-11-17,2.8,3.22,2.58,2.84,28635,0
2014-11-18,3.0,3.14,3.0,3.12,20236,0
2014-11-19,3.16,3.16,3.0,3.08,16356,0
2014-11-20,3.06,3.2,2.96,3.04,24925,0
2014-11-21,2.86,3.2,2.82,3.0,21339,0
2014-11-24,3.02,3.1,3.02,3.0464,7387,0
2014-11-25,3.14,3.16,3.0402,3.1464,9699,0
2014-11-26,3.18,3.32,3.04,3.2992,13236,0
2014-11-28,3.2604,3.42,3.1624,3.42,1470,0
2014-12-01,3.3798,3.3798,3.24,3.24,937,0
2014-12-02,3.2,3.32,3.2,3.2,4400,0
2014-12-03,3.202,3.26,3.202,3.26,350,0
2014-12-04,3.24,3.42,3.18,3.28,5587,0
2014-12-05,3.2,3.2,3.02,3.12,8375,0
2014-12-08,3.06,3.12,2.8,2.84,10413,0
2014-12-09,3.02,3.04,2.84,2.88,5287,0
2014-12-10,2.862,2.9798,2.86,2.88,2128,0
2014-12-11,2.86,2.9,2.64,2.72,23747,0
2014-12-12,2.8,2.92,2.64,2.8998,11521,0
2014-12-15,2.86,3.08,2.86,2.978,10663,0
2014-12-16,2.86,2.98,2.8,2.86,2896,0
2014-12-17,2.94,3.0,2.9,3.0,2568,0
2014-12-18,2.9,3.0,2.9,3.0,6607,0
2014-12-19,2.9534,3.01,2.912,2.93,6044,0
2014-12-22,2.9,3.0,2.9,3.0,1191,0
2014-12-23,2.98,3.018,2.9002,3.01,15398,0
2014-12-24,3.02,3.18,3.02,3.18,2454,0
2014-12-26,3.08,3.2,2.94,3.18,9813,0
2014-12-29,3.2,3.2,2.94,3.06,22829,0
2014-12-30,3.12,3.32,2.98,3.02,11134,0
2014-12-31,3.0,3.68,2.9686,3.68,8901,0
2015-01-02,3.68,3.68,3.2,3.54,15790,0
2015-01-05,3.4,3.42,3.1,3.108,7375,0
2015-01-06,3.4,3.46,3.28,3.37,1612,0
2015-01-07,3.32,3.32,3.2,3.28,2540,0
2015-01-08,3.46,3.48,3.26,3.2802,2494,0
2015-01-09,3.52,3.52,3.1,3.1,2100,0
2015-01-12,2.64,3.12,2.64,3.02,6057,0
2015-01-13,3.02,3.3,3.0,3.0,16962,0
2015-01-14,2.94,3.16,2.94,3.12,600,0
2015-01-15,2.9776,3.0002,2.94,2.94,5500,0
2015-01-16,2.96,3.08,2.96,3.02,8972,0
2015-01-20,2.92,3.2,2.9,3.02,3150,0
2015-01-21,2.94,3.12,2.9,3.0,782,0
2015-01-22,3.1398,3.18,2.9,3.04,3400,0
2015-01-23,2.9202,3.1,2.92,3.1,11310,0
2015-01-26,2.96,3.08,2.96,3.06,3399,0
2015-01-27,3.0,3.16,3.0,3.1,9213,0
2015-01-28,3.1,3.28,3.0,3.08,6302,0
2015-01-29,3.5,3.6,3.12,3.1234,832,0
2015-01-30,2.9802,3.26,2.9802,3.1,6404,0
2015-02-02,3.0504,3.1,3.0504,3.08,700,0
2015-02-03,3.04,3.12,2.9802,3.08,4370,0
2015-02-04,3.12,3.12,3.06,3.06,1147,0
2015-02-05,3.1,3.16,3.0776,3.0776,3891,0
2015-02-06,3.1,3.1,3.072,3.072,267,0
2015-02-09,3.02,3.1002,3.02,3.1,1482,0
2015-02-10,3.0602,3.2214,3.0602,3.2214,102,0
2015-02-11,3.22,3.22,3.1,3.1,3720,0
2015-02-12,3.12,3.12,3.1,3.12,1000,0
2015-02-13,3.04,3.12,3.02,3.12,1135,0
2015-02-17,3.08,3.18,2.78,3.1788,6082,0
2015-02-18,3.22,3.4398,3.06,3.4,10446,0
2015-02-19,3.54,3.8,3.3,3.7,32798,0
2015-02-20,3.76,3.76,3.42,3.42,4065,0
2015-02-23,3.2,3.42,3.18,3.42,1554,0
2015-02-24,3.34,3.51,3.3,3.38,1301,0
2015-02-25,3.62,3.62,3.342,3.48,268,0
2015-02-27,3.32,3.68,3.32,3.56,3205,0
2015-03-02,3.56,3.72,3.26,3.36,8750,0
2015-03-03,3.38,3.38,3.3,3.3,100,0
2015-03-04,3.2,3.2,3.2,3.2,200,0
2015-03-05,3.2,3.28,3.18,3.24,2000,0
2015-03-06,3.3,3.38,3.18,3.38,5650,0
2015-03-09,3.18,3.26,3.16,3.2,4100,0
2015-03-10,3.22,3.22,3.22,3.22,100,0
2015-03-11,3.32,3.4,3.32,3.34,900,0
2015-03-12,3.46,3.46,3.32,3.44,600,0
2015-03-13,3.22,3.26,3.22,3.26,400,0
2015-03-17,3.46,3.46,3.3,3.3,1750,0
2015-03-18,3.24,3.24,3.2,3.22,3800,0
2015-03-19,3.28,3.32,3.2,3.2,1800,0
2015-03-20,3.18,3.22,3.18,3.22,900,0
2015-03-23,3.18,3.24,3.16,3.2,7450,0
2015-03-25,3.18,3.32,3.18,3.32,20300,0
2015-03-26,3.26,3.26,3.26,3.26,150,0
2015-03-30,3.18,3.2,2.96,3.2,6700,0
2015-03-31,3.2,3.26,3.16,3.26,14550,0
2015-04-01,3.26,3.3,3.26,3.3,6700,0
2015-04-02,3.38,3.38,3.3,3.32,3600,0
2015-04-06,3.36,3.46,3.34,3.46,2050,0
2015-04-07,3.34,3.34,3.34,3.34,50,0
2015-04-08,3.32,3.34,3.16,3.16,2100,0
2015-04-09,3.3798,3.3798,3.18,3.2002,25934,0
2015-04-10,3.16,3.3,3.08,3.08,6900,0
2015-04-13,3.14,3.28,3.1,3.18,2050,0
2015-04-14,3.16,3.3,3.12,3.12,60200,0
2015-04-15,3.046,3.32,3.046,3.14,318,0
2015-04-16,3.16,3.16,3.16,3.16,75,0
2015-04-17,3.12,3.12,3.12,3.12,300,0
2015-04-20,3.2,3.2,3.0,3.1,13686,0
2015-04-21,3.12,3.14,2.972,3.14,23555,0
2015-04-22,3.04,3.0998,3.0,3.06,13808,0
2015-04-23,2.98,3.34,2.9,3.26,24250,0
2015-04-24,3.38,3.7,3.12,3.18,70362,0
2015-04-27,3.26,3.38,3.04,3.08,35500,0
2015-04-28,3.2,3.2998,3.1,3.1,20055,0
2015-04-29,3.2,3.36,3.06,3.16,10300,0
2015-04-30,3.1,3.3,3.04,3.04,10300,0
2015-05-01,3.04,3.1,2.96,3.04,3050,0
2015-05-04,3.04,3.12,3.0,3.12,8850,0
2015-05-05,3.1,3.18,3.06,3.06,1600,0
2015-05-06,3.24,3.24,3.0602,3.24,200,0
2015-05-07,3.08,3.24,3.04,3.0402,2147,0
2015-05-08,3.08,3.08,3.08,3.08,50,0
2015-05-11,3.04,3.08,3.04,3.06,300,0
2015-05-12,2.9706,3.08,2.9706,3.08,9060,0
2015-05-13,3.184,3.24,2.9802,3.0,1500,0
2015-05-14,3.08,3.18,3.06,3.08,1450,0
2015-05-15,3.04,3.18,2.96,3.02,9548,0
2015-05-18,2.96,3.0,2.94,2.94,10780,0
2015-05-19,2.946,2.946,2.94,2.94,199,0
2015-05-20,2.9804,2.9804,2.92,2.94,9572,0
2015-05-21,2.94,3.02,2.94,2.94,700,0
2015-05-22,2.94,2.96,2.94,2.96,650,0
2015-05-26,2.9632,2.9632,2.896,2.896,77060,0
2015-05-27,2.84,2.84,2.74,2.82,8950,0
2015-05-28,2.804,3.02,2.802,3.02,8019,0
2015-06-01,2.9814,3.0802,2.9798,3.08,1510,0
2015-06-02,2.9202,3.0,2.9202,2.982,1281,0
2015-06-03,2.88,2.96,2.86,2.86,800,0
2015-06-04,2.94,2.94,2.8,2.8,3500,0
2015-06-05,2.94,2.94,2.88,2.88,1050,0
2015-06-08,2.78,2.9,2.78,2.78,2850,0
2015-06-09,2.8554,2.9,2.8554,2.9,104,0
2015-06-10,2.94,2.94,2.76,2.7602,9187,0
2015-06-11,2.84,2.96,2.84,2.9,10209,0
2015-06-15,2.78,2.98,2.78,2.96,5150,0
2015-06-16,2.98,2.98,2.96,2.96,450,0
2015-06-17,2.96,2.96,2.96,2.96,3200,0
2015-06-18,2.96,2.96,2.96,2.96,500,0
2015-06-19,2.96,3.18,2.96,3.14,1750,0
2015-06-22,2.98,3.18,2.98,3.18,400,0
2015-06-23,2.98,2.9998,2.88,2.98,980,0
2015-06-24,3.0,3.12,2.9,2.92,2350,0
2015-06-25,2.92,2.92,2.88,2.92,11450,0
2015-06-26,2.9,2.9,2.88,2.88,2550,0
2015-06-29,2.92,2.94,2.92,2.94,3600,0
2015-06-30,2.9688,3.14,2.9688,3.14,570,0
2015-07-01,3.12,3.12,2.94,2.94,100,0
2015-07-02,2.94,2.96,2.94,2.96,350,0
2015-07-06,3.0,3.0,3.0,3.0,250,0
2015-07-07,2.9,2.98,2.9,2.9,5000,0
2015-07-08,2.92,2.98,2.88,2.88,6900,0
2015-07-09,3.04,3.04,2.88,2.96,13350,0
2015-07-10,2.94,2.94,2.88,2.92,4200,0
2015-07-13,2.9,2.92,2.9,2.92,650,0
2015-07-14,2.938,3.04,2.934,3.02,8435,0
2015-07-15,3.016,3.136,2.94,3.0798,6508,0
2015-07-16,3.18,3.4,3.0,3.2,8900,0
2015-07-17,3.2,3.5,3.12,3.28,5800,0
2015-07-20,3.08,3.48,3.08,3.14,8500,0
2015-07-21,3.3,3.32,3.22,3.22,1100,0
2015-07-22,3.1,3.36,3.1,3.2,1400,0
2015-07-23,3.2,3.2,3.1,3.1,2250,0
2015-07-24,3.18,3.2,3.06,3.18,1950,0
2015-07-27,3.26,3.4,3.16,3.16,900,0
2015-07-28,3.36,3.36,3.22,3.22,1400,0
2015-07-29,3.3,3.32,3.14,3.14,2250,0
2015-07-30,3.16,3.24,3.16,3.24,150,0
2015-07-31,3.2,3.32,3.08,3.1,8200,0
2015-08-03,3.22,3.22,3.22,3.22,54,0
2015-08-04,3.24,3.28,3.16,3.16,200,0
2015-08-07,3.04,3.04,3.04,3.04,500,0
2015-08-10,2.98,3.0,2.96,2.96,1600,0
2015-08-11,2.94,2.96,2.94,2.96,807,0
2015-08-13,2.92,2.92,2.88,2.9,1750,0
2015-08-14,2.88,2.9,2.88,2.9,600,0
2015-08-17,2.9,2.9,2.9,2.9,650,0
2015-08-18,2.9,2.9,2.9,2.9,100,0
2015-08-19,2.9,2.94,2.9,2.94,200,0
2015-08-20,2.9,2.9,2.88,2.88,1750,0
2015-08-21,2.88,2.88,2.88,2.88,200,0
2015-08-24,2.94,3.04,2.88,3.0,807,0
2015-08-25,3.0,3.0,2.9,2.98,1300,0
2015-08-26,3.0,3.0,2.88,2.94,600,0
2015-08-27,3.04,3.04,2.9,2.9,350,0
2015-08-28,2.9,2.92,2.88,2.88,950,0
2015-08-31,2.98,2.98,2.9,2.98,650,0
2015-09-01,2.98,2.98,2.88,2.92,500,0
2015-09-02,3.0,3.0,2.88,2.88,500,0
2015-09-03,3.0,3.06,2.88,2.9,950,0
2015-09-04,2.9,2.98,2.88,2.88,600,0
2015-09-09,2.88,2.88,2.88,2.88,300,0
2015-09-10,2.88,2.88,2.88,2.88,77,0
2015-09-11,2.88,2.88,2.88,2.88,1600,0
2015-09-14,2.9,2.96,2.9,2.96,700,0
2015-09-15,3.0,3.16,2.92,2.92,1750,0
2015-09-17,2.88,2.88,2.86,2.86,3897,0
2015-09-18,2.84,2.84,2.78,2.78,5800,0
2015-09-21,2.66,2.74,2.66,2.7,1600,0
2015-09-22,2.6,2.6,2.6,2.6,950,0
2015-09-24,2.48,2.48,2.48,2.48,140,0
2015-09-25,2.46,2.48,2.42,2.44,500,0
2015-09-28,2.42,2.46,2.3398,2.3398,1329,0
2015-09-29,2.46,2.46,2.28,2.3,1850,0
2015-09-30,2.28,2.38,2.28,2.3,750,0
2015-10-01,2.4,2.4,2.28,2.3,1650,0
2015-10-02,2.5,3.16,2.38,2.38,16300,0
2015-10-05,2.4,2.54,2.36,2.4,6361,0
2015-10-07,2.64,2.64,2.38,2.38,2655,0
2015-10-08,2.42,2.44,2.36,2.4,4250,0
2015-10-09,2.42,2.42,2.36,2.36,2700,0
2015-10-12,2.38,2.392,2.36,2.36,7564,0
2015-10-13,2.36,2.36,2.32,2.32,2000,0
2015-10-14,2.32,2.32,2.3,2.3,1500,0
2015-10-15,2.36,2.78,2.36,2.6,5800,0
2015-10-16,2.38,2.8,2.38,2.8,3050,0
2015-10-19,2.78,2.78,2.5,2.5,312,0
2015-10-20,2.5,2.72,2.48,2.7,3550,0
2015-10-21,2.44,2.78,2.44,2.78,350,0
2015-10-22,2.56,2.72,2.5,2.54,4450,0
2015-10-26,2.6,2.6,2.6,2.6,100,0
2015-10-27,2.44,2.8,2.44,2.8,7750,0
2015-10-28,2.78,2.78,2.5,2.52,2600,0
2015-10-29,2.5,2.7,2.5,2.64,4600,0
2015-10-30,2.74,2.74,2.72,2.72,100,0
2015-11-02,2.54,2.68,2.4608,2.4608,14785,0
2015-11-03,2.5,2.5,2.4998,2.5,1823,0
2015-11-04,2.48,2.5,2.42,2.4406,2603,0
2015-11-05,2.4,2.48,2.38,2.48,5400,0
2015-11-06,2.4,2.42,2.3,2.42,8200,0
2015-11-09,2.34,2.4,2.34,2.4,1043,0
2015-11-10,2.46,2.48,2.46,2.48,850,0
2015-11-11,2.5,2.5,2.42,2.42,850,0
2015-11-12,2.44,2.44,2.34,2.34,1650,0
2015-11-13,2.34,2.44,2.28,2.28,3700,0
2015-11-16,2.28,2.42,2.28,2.42,1150,0
2015-11-17,2.4,2.46,2.4,2.46,800,0
2015-11-18,2.44,2.62,2.44,2.62,1450,0
2015-11-19,2.46,2.48,2.46,2.46,250,0
2015-11-20,2.4,2.4,2.38,2.38,1950,0
2015-11-23,2.7,2.7,2.34,2.38,2700,0
2015-11-24,2.36,2.36,2.34,2.36,6750,0
2015-11-25,2.34,2.5,2.3,2.32,4300,0
2015-11-30,2.46,2.46,2.3,2.38,3500,0
2015-12-01,2.56,2.56,2.3978,2.3978,168,0
2015-12-02,2.34,2.36,2.2716,2.36,4052,0
2015-12-04,2.42,2.58,2.32,2.34,4650,0
2015-12-07,2.4,2.42,2.4,2.4,950,0
2015-12-08,2.38,2.48,2.38,2.38,513,0
2015-12-09,2.42,2.48,2.32,2.34,2650,0
2015-12-10,2.3,2.52,2.3,2.44,5950,0
2015-12-11,2.4,2.4,2.28,2.28,4650,0
2015-12-14,2.32,2.42,1.98,2.24,9491,0
2015-12-15,2.22,2.24,2.18,2.18,600,0
2015-12-16,2.18,2.26,2.12,2.2,3550,0
2015-12-17,2.3,2.3,2.16,2.16,2600,0
2015-12-18,2.16,2.26,2.1,2.1,5750,0
2015-12-21,2.1,2.18,2.1,2.18,2400,0
2015-12-23,2.1,2.1,2.1,2.1,150,0
2015-12-24,2.18,2.18,2.18,2.18,130,0
2015-12-28,2.2,2.2088,2.18,2.18,4834,0
2015-12-29,2.2346,2.2346,2.2346,2.2346,187,0
2015-12-30,2.22,2.22,2.18,2.184,1000,0
2015-12-31,2.188,2.236,2.18,2.236,1300,0
2016-01-04,2.1802,2.1812,2.1096,2.12,1961,0
2016-01-05,2.22,2.22,2.16,2.16,609,0
2016-01-07,1.9802,2.108,1.9802,2.108,1151,0
2016-01-08,2.06,2.076,2.06,2.076,1000,0
2016-01-11,2.0,2.0578,1.98,2.0578,2955,0
2016-01-12,1.98,1.98,1.98,1.98,261,0
2016-01-13,1.9604,1.9642,1.9402,1.9422,3087,0
2016-01-14,1.9202,1.9778,1.9202,1.97,2192,0
2016-01-15,2.016,2.04,1.9204,2.0,5153,0
2016-01-19,1.98,1.98,1.98,1.98,50,0
2016-01-20,1.9202,1.98,1.9202,1.98,1819,0
2016-01-25,1.94,1.94,1.92,1.92,348,0
2016-01-28,1.9,1.9,1.6428,1.8,3638,0
2016-01-29,1.8326,1.8798,1.72,1.82,1226,0
2016-02-02,1.7952,1.8,1.7202,1.7598,3528,0
2016-02-03,1.799,1.799,1.799,1.799,1000,0
2016-02-04,1.72,1.72,1.66,1.68,390,0
2016-02-08,1.626,1.671,1.626,1.671,857,0
2016-02-09,1.6796,1.6796,1.6226,1.6226,150,0
2016-02-10,1.68,1.68,1.52,1.54,9758,0
2016-02-11,1.5202,1.5202,1.3332,1.48,2625,0
2016-02-12,1.5796,1.5796,1.5796,1.5796,200,0
2016-02-16,1.38,1.402,1.36,1.36,1731,0
2016-02-17,1.36,1.56,1.3596,1.5,8240,0
2016-02-18,1.4798,1.4798,1.36,1.36,550,0
2016-02-19,1.468,1.468,1.468,1.468,550,0
2016-02-22,1.36,1.36,1.36,1.36,587,0
2016-02-24,1.38,1.38,1.368,1.37,1053,0
2016-02-25,1.368,1.4,1.368,1.4,49790,0
2016-02-26,1.4598,1.48,1.4396,1.46,6519,0
2016-02-29,1.5,1.5,1.4,1.44,16135,0
2016-03-01,1.46,1.5,1.46,1.5,25825,0
2016-03-02,1.5,1.5006,1.44,1.5,1738,0
2016-03-03,1.48,1.5,1.42,1.42,773,0
2016-03-04,1.48,1.4998,1.46,1.46,1337,0
2016-03-07,1.4628,1.5,1.36,1.38,4626,0
2016-03-08,1.36,1.403,1.2602,1.2602,6329,0
2016-03-09,1.28,1.38,1.28,1.32,3956,0
2016-03-10,1.34,1.3998,1.28,1.28,4276,0
2016-03-11,1.3,1.3794,1.28,1.36,13694,0
2016-03-14,1.28,1.4,1.28,1.3998,3970,0
2016-03-15,1.4,1.4,1.2826,1.34,5275,0
2016-03-16,1.34,1.4,1.34,1.4,11533,0
2016-03-17,1.3202,1.4,1.2602,1.36,18761,0
2016-03-18,1.4,1.4574,1.3402,1.3438,128471,0
2016-03-21,1.4,1.42,1.3406,1.3798,4838,0
2016-03-22,1.38,1.4,1.32,1.32,2173,0
2016-03-23,1.38,1.4,1.32,1.4,1002,0
2016-03-24,1.3998,1.3998,1.3998,1.3998,231,0
2016-03-28,1.3918,1.3998,1.34,1.34,269,0
2016-03-29,1.32,1.4,1.32,1.4,905,0
2016-03-30,1.3982,1.4,1.38,1.4,3157,0
2016-03-31,1.3918,1.3998,1.3858,1.3998,2100,0
2016-04-05,1.3,1.3,1.28,1.28,1263,0
2016-04-06,1.2802,1.3002,1.2802,1.3,340,0
2016-04-07,1.32,1.32,1.26,1.26,9863,0
2016-04-08,1.32,1.32,1.28,1.292,1300,0
2016-04-11,1.32,1.32,1.32,1.32,6765,0
2016-04-12,1.357,1.358,1.357,1.357,1552,0
2016-04-13,1.4,1.4,1.28,1.33,3908,0
2016-04-14,1.38,1.38,1.36,1.36,150,0
2016-04-15,1.3978,1.3978,1.3978,1.3978,438,0
2016-04-18,1.4,1.4,1.3798,1.38,5621,0
2016-04-20,1.4,1.4,1.33,1.33,9196,0
2016-04-21,1.4,1.4,1.36,1.36,10499,0
2016-04-22,1.4,1.4,1.36,1.4,2179,0
2016-04-25,1.4,1.48,1.4,1.42,25536,0
2016-04-26,1.36,1.36,1.36,1.36,4884,0
2016-04-27,1.3412,1.3602,1.3202,1.3202,2366,0
2016-04-28,1.3998,1.3998,1.3204,1.342,4875,0
2016-05-02,1.4,1.4,1.3402,1.3986,1950,0
2016-05-04,1.3196,1.38,1.3196,1.38,935,0
2016-05-05,1.3204,1.3204,1.3204,1.3204,628,0
2016-05-06,1.36,1.36,1.32,1.32,11528,0
2016-05-09,1.3994,1.4,1.34,1.34,14228,0
2016-05-10,1.34,1.3736,1.3368,1.3704,12905,0
2016-05-11,1.377,1.3996,1.377,1.3996,2957,0
2016-05-12,1.32,1.32,1.3,1.3,9913,0
2016-05-13,1.38,1.38,1.3798,1.3798,400,0
2016-05-16,1.32,1.3784,1.3,1.3004,8717,0
2016-05-17,1.24,1.3,1.24,1.26,9652,0
2016-05-18,1.26,1.2998,1.16,1.2998,11333,0
2016-05-19,1.299,1.299,1.2,1.2,10475,0
2016-05-20,1.2,1.2598,1.2,1.2598,232,0
2016-05-23,1.26,1.26,1.2402,1.2402,488,0
2016-05-24,1.18,1.18,1.16,1.16,100,0
2016-05-25,1.14,1.1728,1.14,1.14,4120,0
2016-05-26,1.2398,1.2398,1.197,1.197,590,0
2016-05-27,1.16,1.239,1.16,1.1802,1388,0
2016-05-31,1.2,1.28,1.2,1.28,11488,0
2016-06-01,1.28,1.28,1.18,1.24,650,0
2016-06-02,1.24,1.24,1.1988,1.1988,4901,0
2016-06-06,1.22,1.22,1.22,1.22,144,0
2016-06-07,1.16,1.22,1.12,1.12,2759,0
2016-06-08,1.22,1.24,1.18,1.18,2175,0
2016-06-09,1.26,1.26,1.2076,1.24,3105,0
2016-06-10,1.1,1.24,1.1,1.24,1153,0
2016-06-13,1.24,1.26,1.24,1.26,453,0
2016-06-14,1.26,1.28,1.24,1.2798,6711,0
2016-06-15,1.2776,1.28,1.2776,1.28,3395,0
2016-06-16,1.2636,1.28,1.16,1.2692,5355,0
2016-06-20,1.1602,1.222,1.1394,1.1402,7767,0
2016-06-21,1.1902,1.1902,1.04,1.06,14426,0
2016-06-22,1.1,1.1,1.0398,1.04,22926,0
2016-06-23,1.07,1.088,1.06,1.06,5257,0
2016-06-24,1.0002,1.1,1.0002,1.1,5631,0
2016-06-27,1.0002,1.3,1.0002,1.1,31209,0
2016-06-28,1.04,1.24,1.04,1.2,1925,0
2016-06-29,1.2,1.22,1.1998,1.22,5011,0
2016-06-30,1.1998,1.2,1.184,1.2,3919,0
2016-07-01,1.2,1.24,1.2,1.2,3600,0
2016-07-05,1.04,1.2,1.0002,1.18,11520,0
2016-07-06,1.1122,1.2,1.1,1.1,4682,0
2016-07-07,1.18,1.3,1.16,1.24,55254,0
2016-07-08,1.2,1.2798,1.2,1.26,10545,0
2016-07-11,1.2,1.2618,1.14,1.26,14555,0
2016-07-12,1.26,1.54,1.25,1.3598,63138,0
2016-07-13,1.2416,1.3798,1.2,1.24,8519,0
2016-07-14,1.24,1.3,1.22,1.24,11950,0
2016-07-15,1.2406,1.3,1.24,1.278,2688,0
2016-07-18,1.2788,1.28,1.2402,1.2402,3379,0
2016-07-19,1.2874,1.3,1.24,1.26,5901,0
2016-07-20,1.26,1.48,1.14,1.16,43860,0
2016-07-21,1.1414,1.2388,1.04,1.18,58406,0
2016-07-22,1.22,1.22,1.183,1.2,12501,0
2016-07-25,1.2198,1.22,1.14,1.2,14353,0
2016-07-26,1.2198,1.58,1.21,1.32,91290,0
2016-07-27,1.36,1.3832,1.2398,1.26,15152,0
2016-07-28,1.28,1.3358,1.28,1.28,4350,0
2016-07-29,1.22,1.36,1.22,1.3132,104995,0
2016-08-01,1.2822,1.2822,1.2006,1.24,17754,0
2016-08-02,1.226,1.3,1.2202,1.24,34126,0
2016-08-03,1.28,1.28,1.12,1.1796,17982,0
2016-08-04,1.1904,1.276,1.14,1.14,16588,0
2016-08-05,1.12,1.24,1.12,1.22,4635,0
2016-08-08,1.1968,1.26,1.196,1.255,32008,0
2016-08-09,1.26,1.26,1.164,1.24,14651,0
2016-08-10,1.255,1.255,1.18,1.24,19580,0
2016-08-11,1.2006,1.24,1.14,1.183,21673,0
2016-08-12,1.255,1.255,1.18,1.2,14683,0
2016-08-15,1.22,1.244,1.1,1.198,32493,0
2016-08-16,1.12,1.18,1.12,1.14,11855,0
2016-08-17,1.1408,1.1408,1.04,1.0662,32023,0
2016-08-18,1.08,1.0994,1.0404,1.0404,21686,0
2016-08-19,1.0404,1.1478,1.0404,1.06,38625,0
2016-08-22,1.1196,1.12,1.08,1.08,8308,0
2016-08-23,1.08,1.18,1.08,1.16,31858,0
2016-08-24,1.14,1.198,1.1,1.14,24644,0
2016-08-25,1.1904,1.1964,1.0604,1.08,57724,0
2016-08-26,1.16,1.18,1.1002,1.14,3572,0
2016-08-29,1.156,1.16,1.1,1.16,15701,0
2016-08-30,1.16,1.1628,1.156,1.1598,6618,0
2016-08-31,1.16,1.2,1.1596,1.1596,2600,0
2016-09-01,1.216,1.216,1.2,1.2158,3936,0
2016-09-02,1.1432,1.22,1.1432,1.1758,1395,0
2016-09-06,1.22,1.24,1.1826,1.22,3830,0
2016-09-07,1.22,1.24,1.2,1.2,1834,0
2016-09-08,1.24,1.26,1.1682,1.2,1400,0
2016-09-09,1.1208,1.2,1.12,1.16,10595,0
2016-09-12,1.2,1.2,1.19,1.2,6181,0
2016-09-13,1.2,1.26,1.121,1.22,1497,0
2016-09-14,1.22,1.26,1.16,1.22,4678,0
2016-09-15,1.24,1.24,1.18,1.18,700,0
2016-09-16,1.22,1.24,1.06,1.078,10082,0
2016-09-19,1.14,1.2,1.12,1.1212,2267,0
2016-09-20,1.2,1.2,1.12,1.12,9576,0
2016-09-21,1.12,1.18,1.1,1.1,17585,0
2016-09-22,1.106,1.136,1.06,1.0864,21083,0
2016-09-23,1.08,1.12,1.06,1.116,20100,0
2016-09-26,1.0978,1.28,1.0978,1.23,82466,0
2016-09-27,1.26,1.7,1.26,1.5,267260,0
2016-09-28,1.5,1.6974,1.5,1.68,92372,0
2016-09-29,1.76,1.76,1.56,1.6402,60730,0
2016-09-30,1.6,1.6506,1.6,1.638,4202,0
2016-10-03,1.68,1.72,1.6202,1.72,16194,0
2016-10-04,1.64,1.75,1.64,1.704,10278,0
2016-10-05,1.76,1.9,1.72,1.82,71512,0
2016-10-06,1.88,2.0,1.76,1.7998,110406,0
2016-10-07,1.8122,1.9,1.76,1.8,47207,0
2016-10-10,1.9,1.93,1.7202,1.8176,15671,0
2016-10-11,1.7042,1.8,1.7042,1.78,14496,0
2016-10-12,1.84,1.84,1.74,1.79,25052,0
2016-10-13,1.8,1.8,1.73,1.74,8182,0
2016-10-14,1.7798,1.84,1.76,1.84,16257,0
2016-10-17,1.84,2.04,1.84,2.0,28871,0
2016-10-18,2.0,2.0,1.94,1.9602,15592,0
2016-10-19,1.99,2.0,1.9254,1.9424,608,0
2016-10-20,2.0,2.08,1.92,2.08,25090,0
2016-10-21,2.1,2.38,2.0988,2.38,45391,0
2016-10-24,2.38,2.58,2.3002,2.476,43913,0
2016-10-25,2.54,3.1,2.54,2.9968,120109,0
2016-10-26,2.9,3.818,2.8,3.16,552265,0
2016-10-27,2.9,3.1576,2.52,2.62,133214,0
2016-10-28,2.68,2.8798,2.62,2.68,15974,0
2016-10-31,2.78,2.88,2.24,2.38,56137,0
2016-11-01,2.34,2.5,2.12,2.18,56767,0
2016-11-02,2.18,2.22,2.0202,2.04,30478,0
2016-11-03,2.02,2.1,1.9,2.02,11349,0
2016-11-04,2.1982,2.24,2.02,2.06,5023,0
2016-11-07,2.1,2.1996,1.938,1.98,15615,0
2016-11-08,1.93,2.26,1.93,2.14,10749,0
2016-11-09,2.06,2.24,1.96,2.22,25527,0
2016-11-10,2.1588,2.3562,2.06,2.26,53754,0
2016-11-11,2.16,2.48,2.16,2.24,30263,0
2016-11-14,2.28,2.4,2.18,2.3,10356,0
2016-11-15,2.3988,2.54,2.32,2.4,18255,0
2016-11-16,2.44,2.48,2.18,2.26,11846,0
2016-11-17,2.28,2.34,2.2002,2.2602,8272,0
2016-11-18,2.3,2.4546,2.18,2.34,20288,0
2016-11-21,2.32,2.34,2.0682,2.22,8455,0
2016-11-22,2.22,2.34,2.15,2.28,6187,0
2016-11-23,2.2,2.2398,2.08,2.12,13052,0
2016-11-25,2.14,2.2598,2.06,2.1998,14878,0
2016-11-28,2.18,2.68,2.128,2.56,95876,0
2016-11-29,2.58,2.9188,2.422,2.4828,57348,0
2016-11-30,2.42,2.6,2.2,2.32,19615,0
2016-12-01,2.42,2.64,2.22,2.42,31393,0
2016-12-02,2.32,2.58,2.24,2.38,14747,0
2016-12-05,2.44,2.6,2.3,2.56,29014,0
2016-12-06,2.5,2.6,2.3436,2.56,21277,0
2016-12-07,1.85,2.87,1.85,2.65,71197,0
2016-12-08,2.7936,2.89,2.5148,2.79,36030,0
2016-12-09,2.67,2.8,2.63,2.69,24907,0
2016-12-12,2.501,2.66,2.31,2.46,15105,0
2016-12-13,2.36,2.5,2.26,2.35,17915,0
2016-12-14,2.45,2.45,2.2,2.29,20974,0
2016-12-15,2.27,2.31,2.1001,2.22,10944,0
2016-12-16,2.4,2.4,2.13,2.2,6156,0
2016-12-19,2.24,2.31,2.2,2.22,9105,0
2016-12-20,2.26,2.26,2.23,2.25,2124,0
2016-12-21,2.23,2.31,2.2001,2.2001,3496,0
2016-12-22,2.24,2.3,2.21,2.3,3894,0
2016-12-23,2.3022,2.31,2.21,2.22,8032,0
2016-12-27,2.4653,2.4653,2.22,2.41,8797,0
2016-12-28,2.36,2.36,2.21,2.21,2906,0
2016-12-29,2.22,2.25,1.9,2.1268,24321,0
2016-12-30,2.1,2.13,1.9802,2.0015,11394,0
2017-01-03,2.02,2.13,2.0,2.06,1380,0
2017-01-04,2.04,2.1,2.04,2.06,3584,0
2017-01-05,2.0562,2.09,2.0562,2.08,2165,0
2017-01-06,2.1,2.6299,2.08,2.1417,201067,0
2017-01-09,2.17,2.27,2.07,2.21,103924,0
2017-01-10,2.2116,2.73,2.2116,2.4499,262028,0
2017-01-11,2.44,2.44,2.141,2.18,70793,0
2017-01-12,2.1426,2.1426,2.01,2.01,25708,0
2017-01-13,2.07,2.44,2.03,2.1699,173148,0
2017-01-17,2.1294,2.34,2.06,2.09,57593,0
2017-01-18,2.0984,2.2147,2.09,2.18,14066,0
2017-01-19,2.2043,2.3171,2.06,2.09,12341,0
2017-01-20,2.0632,2.24,2.0632,2.1,1950,0
2017-01-23,2.09,2.0999,2.0724,2.09,6275,0
2017-01-24,2.0713,2.12,2.0713,2.09,4330,0
2017-01-25,2.09,2.11,2.0679,2.11,6717,0
2017-01-26,2.07,2.1,2.07,2.1,2713,0
2017-01-27,2.11,2.2,2.07,2.13,19970,0
2017-01-30,2.1,2.1,2.07,2.07,11323,0
2017-01-31,2.09,2.2799,2.07,2.23,142948,0
2017-02-01,2.1616,2.2,2.0732,2.08,27798,0
2017-02-02,2.1,2.1,2.01,2.01,24877,0
2017-02-03,2.0126,2.09,2.0126,2.08,2344,0
2017-02-06,2.05,2.08,2.03,2.08,4098,0
2017-02-07,2.03,2.0688,2.03,2.03,7182,0
2017-02-08,2.0499,2.09,2.0499,2.06,1037,0
2017-02-09,2.05,2.15,2.05,2.14,34126,0
2017-02-10,2.1415,2.3,2.075,2.18,17006,0
2017-02-13,2.14,2.17,2.14,2.17,508,0
2017-02-14,2.12,2.8,2.12,2.3073,606797,0
2017-02-15,2.3,2.3,2.07,2.2,69618,0
2017-02-16,2.25,2.25,2.09,2.09,20181,0
2017-02-17,2.11,2.36,2.11,2.24,110902,0
2017-02-21,2.19,2.19,2.07,2.08,29972,0
2017-02-22,2.1,2.1545,2.0,2.01,26003,0
2017-02-23,2.1652,2.1799,2.02,2.06,18037,0
2017-02-24,2.03,2.06,2.006,2.05,27067,0
2017-02-27,2.0201,2.0635,1.93,1.98,23474,0
2017-02-28,1.99,1.99,1.83,1.88,13582,0
2017-03-01,1.81,1.9,1.81,1.85,4191,0
2017-03-02,1.85,1.91,1.84,1.8401,9682,0
2017-03-03,1.87,2.46,1.87,2.07,219208,0
2017-03-06,2.09,2.09,1.75,1.972,21893,0
2017-03-07,2.0,2.21,2.0,2.0,99304,0
2017-03-08,2.02,2.037,1.86,1.93,13946,0
2017-03-09,1.97,1.97,1.8201,1.86,44757,0
2017-03-10,1.95,1.95,1.82,1.83,7793,0
2017-03-13,2.12,2.12,1.85,1.9328,1607,0
2017-03-14,1.9,1.95,1.9,1.95,3755,0
2017-03-15,1.95,1.95,1.9356,1.9356,4478,0
2017-03-16,1.9011,1.91,1.81,1.87,14885,0
2017-03-17,1.95,2.09,1.81,1.94,52924,0
2017-03-20,2.08,2.08,1.97,1.97,20837,0
2017-03-21,1.9704,2.0,1.96,1.9799,9817,0
2017-03-22,1.98,1.99,1.9156,1.98,2348,0
2017-03-23,1.999,2.08,1.97,1.97,5877,0
2017-03-24,2.046,2.046,2.03,2.03,529,0
2017-03-27,2.0001,2.003,2.0,2.0029,2203,0
2017-03-28,1.99,1.99,1.928,1.96,1769,0
2017-03-29,1.96,1.9706,1.95,1.95,1280,0
2017-03-30,1.96,2.04,1.96,1.97,748,0
2017-04-03,2.06,2.06,2.05,2.06,338,0
2017-04-04,2.05,2.05,1.92,1.96,14541,0
2017-04-05,1.96,1.96,1.9314,1.9314,1905,0
2017-04-06,1.92,2.07,1.92,1.98,31361,0
2017-04-07,2.05,2.05,1.99,2.0365,7789,0
2017-04-10,2.01,2.0438,1.9984,1.9984,1542,0
2017-04-11,2.04,2.04,1.97,1.97,1743,0
2017-04-12,2.0,2.0,1.97,1.97,3642,0
2017-04-13,1.97,1.9867,1.97,1.98,2261,0
2017-04-17,1.99,2.04,1.99,1.99,2226,0
2017-04-18,2.0,2.04,2.0,2.0,7351,0
2017-04-19,2.04,2.1,1.95,1.96,16679,0
2017-04-20,2.04,2.05,1.97,1.97,5656,0
2017-04-21,2.04,2.04,1.88,1.9,23539,0
2017-04-24,1.88,2.01,1.8,1.92,17624,0
2017-04-25,1.9168,1.94,1.89,1.9,6365,0
2017-04-26,1.93,1.98,1.84,1.98,34816,0
2017-04-27,1.87,1.94,1.771,1.82,42900,0
2017-04-28,1.83,1.84,1.8018,1.8018,12499,0
2017-05-01,1.8,1.8,1.76,1.76,522,0
2017-05-02,1.76,1.8,1.58,1.69,54604,0
2017-05-03,1.68,1.694,1.5301,1.61,19850,0
2017-05-04,1.6,1.6966,1.5401,1.6,8522,0
2017-05-05,1.55,1.8,1.55,1.77,42072,0
2017-05-08,1.77,1.889,1.77,1.7845,1508,0
2017-05-09,1.88,1.96,1.85,1.92,17456,0
2017-05-10,1.9662,1.9662,1.89,1.89,4125,0
2017-05-11,1.86,1.9658,1.85,1.9658,3465,0
2017-05-12,1.94,1.94,1.94,1.94,126,0
2017-05-15,1.9022,1.94,1.64,1.71,65647,0
2017-05-16,1.82,1.9763,1.7,1.97,39508,0
2017-05-17,1.9612,1.9612,1.9,1.9,2265,0
2017-05-18,1.9399,1.9399,1.8605,1.92,3005,0
2017-05-19,1.92,1.92,1.8,1.84,5900,0
2017-05-22,1.7806,1.85,1.7806,1.85,6168,0
2017-05-23,1.8928,1.93,1.85,1.85,5332,0
2017-05-24,1.85,1.879,1.78,1.85,24108,0
2017-05-25,1.84,1.87,1.814,1.87,10734,0
2017-05-26,1.92,1.92,1.9,1.9,559,0
2017-05-30,1.94,1.98,1.91,1.92,44402,0
2017-05-31,1.94,1.94,1.91,1.92,9148,0
2017-06-01,1.8999,1.9,1.885,1.885,3321,0
2017-06-02,1.9017,1.93,1.88,1.93,956,0
2017-06-05,1.9601,2.0,1.9594,2.0,4604,0
2017-06-06,2.0,2.0,1.84,1.99,3560,0
2017-06-07,2.0,2.0,1.861,1.9502,5661,0
2017-06-08,1.9588,1.9626,1.9495,1.9626,758,0
2017-06-09,1.99,1.99,1.95,1.95,1841,0
2017-06-12,1.98,2.1358,1.9799,2.11,70705,0
2017-06-13,2.13,2.1957,1.95,2.0969,66076,0
2017-06-14,2.1,2.1641,2.0377,2.116,7299,0
2017-06-15,2.15,2.5,2.12,2.42,148330,0
2017-06-16,2.44,2.44,2.15,2.22,66895,0
2017-06-19,2.36,2.5,2.33,2.45,67450,0
2017-06-20,2.51,2.91,2.45,2.72,203577,0
2017-06-21,2.81,3.46,2.75,2.77,399790,0
2017-06-22,2.92,3.135,2.61,2.89,176525,0
2017-06-23,2.99,2.99,2.6,2.92,107743,0
2017-06-26,2.95,2.95,2.8001,2.87,9413,0
2017-06-27,2.8001,2.889,2.65,2.7126,38881,0
2017-06-28,2.73,2.73,2.5,2.59,54383,0
2017-06-29,2.49,2.63,2.44,2.5,59769,0
2017-06-30,2.51,2.89,2.51,2.89,35320,0
2017-07-03,2.8,2.91,2.61,2.78,3405,0
2017-07-05,2.75,2.82,2.61,2.74,20500,0
2017-07-06,2.72,2.75,2.66,2.66,15635,0
2017-07-07,2.68,2.75,2.5,2.52,12916,0
2017-07-10,2.52,2.67,2.4,2.41,18599,0
2017-07-11,2.41,2.4329,2.25,2.3,89799,0
2017-07-12,2.29,2.52,2.29,2.3852,78228,0
2017-07-13,2.49,2.69,2.38,2.53,11764,0
2017-07-14,2.55,2.67,2.55,2.64,10449,0
2017-07-17,2.6,2.6,2.32,2.36,44223,0
2017-07-18,2.35,2.559,2.2,2.44,51292,0
2017-07-19,2.44,2.516,2.21,2.33,81598,0
2017-07-20,2.33,2.38,2.24,2.3,70135,0
2017-07-21,2.27,2.38,2.24,2.26,24966,0
2017-07-24,2.2701,2.3368,2.27,2.29,18373,0
2017-07-25,2.29,2.32,2.27,2.28,8362,0
2017-07-26,2.3127,2.3127,2.19,2.24,18376,0
2017-07-27,2.24,2.35,2.1374,2.186,86475,0
2017-07-28,2.23,2.23,2.1,2.1,20230,0
2017-07-31,2.101,2.23,2.01,2.08,19264,0
2017-08-01,2.0341,2.12,2.01,2.01,3990,0
2017-08-02,2.0,2.0968,2.0,2.03,11169,0
2017-08-03,2.0141,2.13,2.0141,2.13,31188,0
2017-08-04,2.13,2.16,2.09,2.16,24029,0
2017-08-07,2.1512,2.19,2.1512,2.18,4774,0
2017-08-08,2.18,2.1926,2.0942,2.0942,3523,0
2017-08-09,2.14,2.24,2.05,2.13,15683,0
2017-08-10,2.1867,2.1867,2.07,2.07,16545,0
2017-08-11,2.11,2.247,2.05,2.06,41280,0
2017-08-14,2.07,2.1865,2.03,2.12,35121,0
2017-08-15,2.12,2.12,2.03,2.07,13486,0
2017-08-16,2.08,2.17,2.08,2.17,4678,0
2017-08-17,2.18,2.29,2.05,2.05,33641,0
2017-08-18,2.071,2.13,2.06,2.06,5326,0
2017-08-21,2.09,2.09,2.04,2.08,4362,0
2017-08-22,2.1,2.1169,2.06,2.06,2613,0
2017-08-23,2.07,2.07,2.06,2.06,844,0
2017-08-24,2.06,2.06,2.03,2.03,2515,0
2017-08-25,2.04,2.06,2.04,2.06,2677,0
2017-08-28,2.05,2.09,2.0,2.07,5717,0
2017-08-29,2.0634,2.07,2.0586,2.07,18835,0
2017-08-30,2.1,2.1,2.0788,2.08,6279,0
2017-08-31,2.329,2.39,2.061,2.2043,4909,0
2017-09-01,2.25,2.25,2.12,2.12,5055,0
2017-09-05,2.2,2.2,2.03,2.09,28000,0
2017-09-06,2.05,2.0687,2.04,2.04,12674,0
2017-09-07,2.06,2.09,2.05,2.09,5049,0
2017-09-08,2.11,2.13,2.09,2.13,2561,0
2017-09-11,2.1,2.13,2.05,2.06,5111,0
2017-09-12,2.06,2.12,2.06,2.0921,32804,0
2017-09-13,2.11,2.42,2.08,2.18,68625,0
2017-09-14,2.18,2.2602,2.18,2.231,8503,0
2017-09-15,2.24,2.28,2.21,2.25,18798,0
2017-09-18,2.29,2.5,2.21,2.5,29431,0
2017-09-19,2.51,2.6673,2.3432,2.4,13358,0
2017-09-20,2.44,2.44,2.38,2.38,1221,0
2017-09-21,2.38,2.38,2.345,2.3457,2287,0
2017-09-22,2.31,2.31,2.24,2.28,11381,0
2017-09-25,2.33,2.36,2.2184,2.36,7809,0
2017-09-26,2.29,2.395,2.29,2.38,1851,0
2017-09-27,2.45,2.6499,2.21,2.39,20921,0
2017-09-28,2.4,2.45,2.2571,2.3564,3357,0
2017-09-29,2.21,2.31,1.8,2.12,183972,0
2017-10-02,2.06,2.0724,1.95,2.01,47698,0
2017-10-03,2.04,2.0755,1.93,2.04,36899,0
2017-10-04,2.09,2.14,2.06,2.08,34996,0
2017-10-05,2.0592,2.16,2.0404,2.11,17715,0
2017-10-06,2.1,2.15,2.05,2.1499,11494,0
2017-10-09,2.11,2.1361,1.93,1.9835,83133,0
2017-10-10,2.05,2.05,1.98,2.01,34591,0
2017-10-11,1.9934,2.02,1.99,2.01,16293,0
2017-10-12,2.02,2.0216,1.95,1.98,9264,0
2017-10-13,2.005,2.0051,1.92,1.94,16925,0
2017-10-16,2.0,2.0299,1.87,2.01,34552,0
2017-10-17,1.98,2.0,1.96,1.97,16729,0
2017-10-18,1.9645,1.99,1.81,1.88,65181,0
2017-10-19,1.88,1.99,1.775,1.95,78306,0
2017-10-20,1.96,2.04,1.94,2.0301,11195,0
2017-10-23,1.97,2.131,1.96,2.08,29169,0
2017-10-24,2.12,2.2608,2.04,2.12,38365,0
2017-10-25,2.1407,2.19,2.06,2.16,12513,0
2017-10-26,2.13,2.1444,2.0055,2.1,8055,0
2017-10-27,2.066,2.13,2.066,2.1,4385,0
2017-10-30,2.13,2.13,2.0914,2.0914,2457,0
2017-10-31,2.07,2.07,2.05,2.065,1453,0
2017-11-01,2.04,2.05,2.01,2.04,6526,0
2017-11-02,2.01,2.19,2.01,2.13,53106,0
2017-11-03,2.09,2.42,2.09,2.12,64493,0
2017-11-06,2.1,2.12,2.06,2.06,27061,0
2017-11-07,2.04,2.2,2.04,2.2,24141,0
2017-11-08,2.2,2.2,2.1439,2.1723,1617,0
2017-11-09,2.22,2.22,2.2,2.22,1355,0
2017-11-10,2.24,2.26,2.04,2.21,33546,0
