Date,Open,High,Low,Close,Volume,OpenInt
2014-01-02,61.215,61.355,60.39,60.548,405117,0
2014-01-03,60.715,61.206,60.446,60.92,612516,0
2014-01-06,61.346,61.68,61.068,61.346,712072,0
2014-01-07,61.389,62.431,61.301,61.939,524707,0
2014-01-08,61.93,63.915,61.838,62.643,1937051,0
2014-01-09,62.988,63.692,62.921,63.385,897269,0
2014-01-10,63.515,63.628,62.653,62.793,659421,0
2014-01-13,62.856,63.274,61.689,61.763,626796,0
2014-01-14,61.93,62.486,61.82,62.394,390822,0
2014-01-15,62.562,63.07,62.422,62.921,630830,0
2014-01-16,62.865,62.931,62.227,62.578,410881,0
2014-01-17,62.662,62.874,62.394,62.708,390239,0
2014-01-21,62.894,63.385,62.162,62.588,444278,0
2014-01-22,62.633,62.978,62.394,62.446,646554,0
2014-01-23,62.006,62.329,61.141,61.253,575675,0
2014-01-24,60.68,60.865,59.438,59.456,617860,0
2014-01-27,59.595,60.455,59.372,59.956,828705,0
2014-01-28,60.131,60.984,60.131,60.743,706016,0
2014-01-29,60.16,60.355,59.519,59.65,766233,0
2014-01-30,60.057,60.892,59.853,60.865,453887,0
2014-01-31,60.196,61.188,59.836,60.574,1047216,0
2014-02-03,60.652,61.116,59.26,59.323,1381186,0
2014-02-04,59.595,60.122,59.372,59.76,653513,0
2014-02-05,59.595,60.3,59.313,60.205,653070,0
2014-02-06,58.324,59.381,54.847,59.323,2292891,0
2014-02-07,59.49,60.574,59.295,59.668,1024800,0
2014-02-10,59.614,59.845,58.925,59.623,661338,0
2014-02-11,59.576,59.731,58.825,59.391,806892,0
2014-02-12,59.557,59.576,58.685,58.955,765561,0
2014-02-13,58.613,59.235,57.972,59.225,683756,0
2014-02-14,58.945,59.471,58.834,59.372,490393,0
2014-02-18,59.481,60.222,59.235,59.827,734306,0
2014-02-19,59.741,60.593,59.129,59.139,478353,0
2014-02-20,59.187,59.501,58.562,59.431,454374,0
2014-02-21,59.568,59.734,59.139,59.225,687437,0
2014-02-24,59.271,60.051,59.196,59.652,843760,0
2014-02-25,59.679,59.679,59.139,59.252,609524,0
2014-02-26,59.354,59.734,58.934,59.205,588048,0
2014-02-27,59.287,60.519,59.287,60.403,1202140,0
2014-02-28,60.295,61.243,60.295,61.075,707200,0
2014-03-03,60.554,61.029,60.295,60.619,615948,0
2014-03-04,61.328,61.662,61.011,61.662,620858,0
2014-03-05,61.634,62.033,61.319,61.856,528586,0
2014-03-06,61.941,62.602,61.856,62.45,689386,0
2014-03-07,62.685,63.55,62.629,63.226,805262,0
2014-03-10,62.993,64.324,62.861,63.931,1016795,0
2014-03-11,63.85,64.454,61.941,62.293,1077313,0
2014-03-12,61.736,61.736,61.105,61.328,942991,0
2014-03-13,61.477,61.653,60.285,60.5,636946,0
2014-03-14,60.451,61.214,60.451,60.833,659822,0
2014-03-17,61.037,61.707,61.011,61.149,531989,0
2014-03-18,61.243,61.773,61.149,61.662,376570,0
2014-03-19,61.764,61.793,60.403,60.705,759977,0
2014-03-20,60.58,61.459,60.432,61.168,384496,0
2014-03-21,61.644,61.884,61.132,61.243,779099,0
2014-03-24,61.243,61.902,61.029,61.205,455690,0
2014-03-25,61.399,61.605,60.823,60.918,504685,0
2014-03-26,61.252,61.634,60.589,60.589,357081,0
2014-03-27,60.519,60.712,59.057,59.261,821156,0
2014-03-28,59.587,59.782,59.187,59.392,381110,0
2014-03-31,59.643,60.562,59.643,60.451,466161,0
2014-04-01,60.787,61.262,60.657,61.233,532983,0
2014-04-02,61.186,61.399,60.936,61.336,667986,0
2014-04-03,61.588,62.21,61.381,61.812,538220,0
2014-04-04,62.043,62.192,61.029,61.056,360427,0
2014-04-07,60.972,61.195,59.969,60.265,717909,0
2014-04-08,60.201,60.741,59.996,60.246,811180,0
2014-04-09,60.51,60.649,59.892,60.322,526881,0
2014-04-10,60.412,60.899,59.344,59.344,570367,0
2014-04-11,58.889,59.344,58.601,58.833,465781,0
2014-04-14,59.28,59.615,58.824,59.129,562050,0
2014-04-15,59.243,59.382,58.199,59.344,708102,0
2014-04-16,59.792,60.619,59.744,60.451,568455,0
2014-04-17,60.5,61.634,60.5,61.371,440307,0
2014-04-21,61.252,61.615,61.075,61.336,377530,0
2014-04-22,61.439,62.157,61.177,61.783,421861,0
2014-04-23,61.736,62.266,61.736,62.008,472263,0
2014-04-24,60.37,63.197,60.37,62.509,1085916,0
2014-04-25,62.5,62.638,61.736,62.078,471553,0
2014-04-28,62.293,62.341,60.927,61.439,1048659,0
2014-04-29,61.439,62.341,61.389,62.069,582807,0
2014-04-30,62.108,62.974,61.783,62.733,635233,0
2014-05-01,62.713,63.587,62.442,62.936,457896,0
2014-05-02,62.88,63.559,62.825,63.299,416609,0
2014-05-05,62.842,63.383,62.62,63.048,349590,0
2014-05-06,62.956,63.122,62.023,62.033,615883,0
2014-05-07,62.183,62.48,61.512,61.717,755605,0
2014-05-08,61.754,62.435,61.371,62.256,509239,0
2014-05-09,62.248,63.104,61.922,62.946,764795,0
2014-05-12,63.113,63.709,63.038,63.495,423379,0
2014-05-13,63.513,63.867,63.29,63.701,345657,0
2014-05-14,63.559,63.831,62.751,62.956,437217,0
2014-05-15,62.657,62.852,61.362,62.341,477084,0
2014-05-16,61.037,62.043,60.889,61.912,564135,0
2014-05-19,61.754,62.276,61.55,61.892,403476,0
2014-05-20,61.839,62.238,61.578,61.707,606115,0
2014-05-21,61.856,62.312,61.634,61.941,313229,0
2014-05-22,61.902,62.53,61.839,62.176,434939,0
2014-05-23,62.176,62.452,62.043,62.203,347532,0
2014-05-27,62.418,63.24,62.203,63.231,524200,0
2014-05-28,63.304,63.538,62.754,62.97,419030,0
2014-05-29,62.989,63.371,62.819,63.304,305664,0
2014-05-30,63.247,63.679,63.247,63.363,425015,0
2014-06-02,63.511,63.884,63.079,63.839,401107,0
2014-06-03,63.538,63.968,63.353,63.922,524526,0
2014-06-04,63.968,65.025,63.752,64.668,441374,0
2014-06-05,64.867,65.005,64.239,64.838,818488,0
2014-06-06,64.921,65.134,64.642,64.725,706471,0
2014-06-09,64.558,64.8,64.165,64.315,1122313,0
2014-06-10,64.145,64.445,63.93,64.072,807989,0
2014-06-11,63.958,64.118,63.669,63.699,479464,0
2014-06-12,63.725,63.781,63.079,63.193,697911,0
2014-06-13,63.287,63.566,62.772,63.099,973209,0
2014-06-16,62.913,63.025,62.492,62.53,647672,0
2014-06-17,62.52,63.363,62.418,63.025,728502,0
2014-06-18,63.025,63.388,62.482,63.267,556951,0
2014-06-19,63.333,63.52,62.716,63.52,554147,0
2014-06-20,63.556,63.8,63.247,63.651,579130,0
2014-06-23,63.669,63.875,63.222,63.455,410796,0
2014-06-24,63.24,64.016,62.913,62.931,364212,0
2014-06-25,62.452,62.679,61.576,61.941,935699,0
2014-06-26,61.979,61.979,61.379,61.829,494607,0
2014-06-27,61.417,61.802,60.894,61.288,863677,0
2014-06-30,61.342,61.792,60.978,61.249,615694,0
2014-07-01,61.652,62.452,61.476,61.931,588732,0
2014-07-02,61.856,62.053,60.997,61.156,690076,0
2014-07-03,61.604,62.008,60.988,61.772,1065106,0
2014-07-07,61.753,62.257,61.576,61.902,899545,0
2014-07-08,61.725,61.847,61.22,61.67,884394,0
2014-07-09,61.876,61.979,60.809,61.175,991353,0
2014-07-10,60.194,61.643,60.194,61.447,730726,0
2014-07-11,61.24,61.847,60.885,61.706,607050,0
2014-07-14,62.033,62.372,61.772,61.829,394255,0
2014-07-15,61.941,62.286,61.698,61.988,365476,0
2014-07-16,62.063,62.267,61.528,61.763,426924,0
2014-07-17,61.297,61.51,60.445,60.584,541383,0
2014-07-18,60.809,61.437,60.68,61.379,371492,0
2014-07-21,61.043,61.447,60.924,61.297,357522,0
2014-07-22,61.379,61.614,61.183,61.457,517076,0
2014-07-23,61.387,61.67,61.202,61.51,409430,0
2014-07-24,62.267,62.596,60.633,61.476,738231,0
2014-07-25,61.24,61.829,61.146,61.586,561400,0
2014-07-28,61.494,62.148,61.379,62.033,546284,0
2014-07-29,62.023,62.089,60.914,60.924,606376,0
2014-07-30,60.959,61.211,60.11,60.425,402845,0
2014-07-31,60.249,60.343,59.119,59.203,635039,0
2014-08-01,58.951,59.52,58.886,59.313,531828,0
2014-08-04,59.51,59.773,59.054,59.549,556141,0
2014-08-05,59.587,59.83,59.091,59.278,711568,0
2014-08-06,59.054,59.866,58.998,59.597,361581,0
2014-08-07,59.812,60.146,59.081,59.323,493855,0
2014-08-08,59.269,60.016,59.026,59.979,432687,0
2014-08-11,60.016,60.513,59.597,59.652,408019,0
2014-08-12,59.568,60.091,59.52,59.83,340111,0
2014-08-13,60.007,60.564,59.83,60.484,306375,0
2014-08-14,60.484,60.94,60.465,60.924,381710,0
2014-08-15,60.988,61.202,60.258,60.652,363929,0
2014-08-18,60.997,61.856,60.792,61.839,600432,0
2014-08-19,61.856,62.023,61.476,61.51,419478,0
2014-08-20,61.351,61.576,61.175,61.359,347166,0
2014-08-21,61.407,61.794,61.145,61.718,318810,0
2014-08-22,61.634,61.644,60.939,60.976,653790,0
2014-08-25,61.417,62.151,61.219,61.914,336497,0
2014-08-26,61.964,62.432,61.934,62.328,240322,0
2014-08-27,62.261,62.544,62.151,62.423,288543,0
2014-08-28,62.122,62.609,61.885,62.467,252362,0
2014-08-29,62.619,62.843,62.386,62.628,374262,0
2014-09-02,62.656,63.125,62.467,62.712,344032,0
2014-09-03,63.05,63.078,62.253,62.308,472124,0
2014-09-04,62.347,62.732,62.112,62.318,646990,0
2014-09-05,62.328,62.928,61.973,62.544,559867,0
2014-09-08,62.665,62.862,62.151,62.544,342161,0
2014-09-09,62.395,62.395,61.467,61.605,563106,0
2014-09-10,61.596,61.924,61.061,61.379,445749,0
2014-09-11,61.109,61.342,60.723,60.77,396513,0
2014-09-12,60.733,61.229,60.393,60.687,790362,0
2014-09-15,60.77,61.52,60.349,61.155,663845,0
2014-09-16,61.21,61.605,61.164,61.379,294815,0
2014-09-17,61.379,61.644,61.024,61.268,504631,0
2014-09-18,61.476,61.737,61.259,61.708,399243,0
2014-09-19,61.934,62.386,61.755,62.225,773200,0
2014-09-22,62.046,62.122,61.511,61.662,332257,0
2014-09-23,61.397,61.644,60.856,60.856,338860,0
2014-09-24,60.846,61.605,60.77,61.427,312625,0
2014-09-25,61.259,61.502,60.667,60.817,577003,0
2014-09-26,60.807,61.476,60.65,61.268,361322,0
2014-09-29,61.119,61.219,60.359,60.64,450750,0
2014-09-30,60.581,60.865,60.085,60.33,455738,0
2014-10-01,60.151,60.273,59.127,59.137,591259,0
2014-10-02,59.109,59.617,58.443,59.531,703846,0
2014-10-03,59.983,60.471,59.737,60.349,726331,0
2014-10-06,60.554,60.63,59.58,59.805,483675,0
2014-10-07,59.421,59.599,58.79,58.819,486900,0
2014-10-08,58.92,59.842,58.65,59.766,770822,0
2014-10-09,59.654,59.805,58.181,58.218,918317,0
2014-10-10,58.154,58.81,57.607,57.616,667809,0
2014-10-13,57.412,58.01,57.016,57.056,540412,0
2014-10-14,57.288,58.377,57.074,57.88,551347,0
2014-10-15,57.149,57.75,56.614,57.318,1112091,0
2014-10-16,56.483,58.088,56.445,57.851,646186,0
2014-10-17,58.218,58.912,58.078,58.472,609462,0
2014-10-20,58.482,58.988,58.226,58.895,440606,0
2014-10-21,59.166,60.49,59.044,60.393,372598,0
2014-10-22,60.461,60.976,60.114,60.151,349495,0
2014-10-23,60.856,61.005,60.421,60.554,407533,0
2014-10-24,60.49,61.549,60.49,61.539,394959,0
2014-10-27,61.351,62.487,61.08,62.395,478208,0
2014-10-28,62.487,62.947,62.141,62.619,706098,0
2014-10-29,62.798,63.275,62.441,63.078,536615,0
2014-10-30,63.004,63.633,62.064,63.519,575278,0
2014-10-31,64.101,64.204,63.651,64.008,667694,0
2014-11-03,64.204,64.982,64.167,64.392,659308,0
2014-11-04,64.373,64.721,64.064,64.429,413334,0
2014-11-05,64.589,64.862,64.222,64.353,470647,0
2014-11-06,64.232,64.252,63.342,64.194,512592,0
2014-11-07,64.064,64.326,63.624,63.772,459088,0
2014-11-10,63.905,64.008,63.445,63.801,416683,0
2014-11-11,63.849,63.969,63.501,63.624,275674,0
2014-11-12,63.332,64.213,63.332,63.931,578801,0
2014-11-13,63.949,64.027,63.37,63.651,563776,0
2014-11-14,63.491,63.82,63.145,63.415,724007,0
2014-11-17,63.415,63.969,63.2,63.744,665085,0
2014-11-18,63.801,64.054,63.643,63.791,549153,0
2014-11-19,63.735,63.801,63.445,63.519,463342,0
2014-11-20,63.255,64.036,63.255,63.772,786174,0
2014-11-21,64.411,64.486,63.875,64.449,2133588,0
2014-11-24,64.429,64.543,63.959,64.13,732015,0
2014-11-25,63.959,64.157,63.51,63.744,607420,0
2014-11-26,63.772,63.932,63.473,63.669,479439,0
2014-11-28,63.613,64.055,63.263,63.669,190622,0
2014-12-01,63.453,63.735,63.067,63.444,621769,0
2014-12-02,63.518,64.037,63.386,63.906,545282,0
2014-12-03,63.999,65.734,63.791,64.658,1344469,0
2014-12-04,64.48,65.233,64.48,64.997,749710,0
2014-12-05,65.083,65.583,64.677,64.799,667707,0
2014-12-08,64.789,65.441,64.611,65.064,662479,0
2014-12-09,64.376,64.696,63.999,64.432,441545,0
2014-12-10,64.356,64.546,63.473,63.49,509944,0
2014-12-11,63.886,64.526,63.613,64.046,438017,0
2014-12-12,63.444,63.942,62.332,62.35,416760,0
2014-12-15,62.511,62.765,61.334,61.606,783617,0
2014-12-16,61.427,62.642,61.118,61.297,583660,0
2014-12-17,61.738,62.568,61.54,62.35,653562,0
2014-12-18,63.292,63.782,62.67,63.782,516843,0
2014-12-19,64.084,64.809,63.82,64.668,726210,0
2014-12-22,64.903,64.997,64.497,64.724,389935,0
2014-12-23,65.093,65.617,64.733,65.215,357965,0
2014-12-24,65.404,65.593,64.838,65.156,227566,0
2014-12-26,65.271,65.496,65.026,65.055,255530,0
2014-12-29,64.997,65.825,64.762,65.176,290580,0
2014-12-30,65.064,65.761,64.65,65.487,240678,0
2014-12-31,65.646,65.883,64.423,64.462,322907,0
2015-01-02,64.546,64.828,63.565,63.84,480302,0
2015-01-05,63.725,63.83,62.163,62.407,695385,0
2015-01-06,62.389,62.964,61.379,61.54,728247,0
2015-01-07,61.887,62.312,61.417,61.786,612166,0
2015-01-08,62.36,62.973,62.255,62.708,806518,0
2015-01-09,62.935,62.983,62.105,62.492,639300,0
2015-01-12,62.624,62.821,61.833,62.19,518644,0
2015-01-13,62.576,63.613,61.709,62.19,590654,0
2015-01-14,61.307,61.738,60.854,61.719,536369,0
2015-01-15,61.606,61.806,60.534,60.91,771545,0
2015-01-16,61.109,61.502,60.757,61.397,646849,0
2015-01-20,61.407,61.699,60.437,60.711,437901,0
2015-01-21,60.477,61.258,60.08,61.191,738806,0
2015-01-22,61.615,62.255,60.993,62.134,467584,0
2015-01-23,61.984,62.284,61.476,61.494,444883,0
2015-01-26,61.342,61.796,61.07,61.578,438149,0
2015-01-27,60.929,61.588,60.92,61.342,482720,0
2015-01-28,61.776,61.87,60.09,60.127,565700,0
2015-01-29,60.365,60.854,59.882,60.704,396922,0
2015-01-30,60.051,60.796,59.695,59.827,741005,0
2015-02-02,60.137,60.9,59.61,60.834,390639,0
2015-02-03,60.984,61.906,60.854,61.85,423855,0
2015-02-04,61.728,62.293,61.597,61.757,395721,0
2015-02-05,61.748,62.472,61.699,62.436,280531,0
2015-02-06,62.689,63.292,62.312,62.502,378126,0
2015-02-09,62.125,62.549,61.87,62.022,367602,0
2015-02-10,62.482,62.549,61.906,62.219,369154,0
2015-02-11,62.115,62.67,62.115,62.452,304052,0
2015-02-12,62.632,63.084,62.066,62.568,795469,0
2015-02-13,58.865,59.494,57.601,57.875,2607665,0
2015-02-17,57.925,58.291,57.168,57.34,1432515,0
2015-02-18,56.951,57.557,56.632,57.058,1306139,0
2015-02-19,57.028,57.758,56.801,57.558,1384355,0
2015-02-20,57.332,57.531,56.602,57.407,1311772,0
2015-02-23,57.369,57.472,56.782,56.981,489488,0
2015-02-24,56.658,57.568,56.612,57.482,835471,0
2015-02-25,57.407,58.21,57.407,57.975,759107,0
2015-02-26,57.776,58.268,57.614,57.776,717257,0
2015-02-27,57.804,58.353,57.633,57.975,613412,0
2015-03-02,57.869,58.41,57.369,58.37,518383,0
2015-03-03,58.201,58.665,57.541,58.069,695723,0
2015-03-04,57.69,57.85,57.179,57.292,680293,0
2015-03-05,57.312,58.428,56.999,58.325,759450,0
2015-03-06,58.258,59.035,57.994,58.277,659049,0
2015-03-09,58.277,59.167,58.011,58.854,729860,0
2015-03-10,58.55,58.589,57.558,57.596,440599,0
2015-03-11,57.604,57.785,56.762,57.058,808381,0
2015-03-12,57.558,58.636,57.407,58.542,454552,0
2015-03-13,58.428,58.618,57.614,57.928,417455,0
2015-03-16,58.05,58.542,57.994,58.447,412700,0
2015-03-17,58.135,58.703,57.899,58.523,355523,0
2015-03-18,58.428,59.157,58.03,58.685,665391,0
2015-03-19,58.693,58.845,57.719,58.011,644888,0
2015-03-20,58.011,59.062,58.011,58.845,1160525,0
2015-03-23,58.845,59.555,58.797,58.854,688536,0
2015-03-24,58.732,59.137,58.599,58.768,378667,0
2015-03-25,58.703,59.043,57.662,57.7,462793,0
2015-03-26,57.265,58.135,56.991,58.011,941441,0
2015-03-27,57.985,58.04,57.332,57.652,293063,0
2015-03-30,57.909,58.685,57.909,58.296,319591,0
2015-03-31,58.165,58.438,57.748,58.107,367160,0
2015-04-01,57.785,58.477,57.462,57.869,662115,0
2015-04-02,57.795,58.428,57.662,58.107,487207,0
2015-04-06,57.623,58.287,57.549,58.03,411221,0
2015-04-07,58.079,58.335,57.822,57.86,321783,0
2015-04-08,57.975,58.496,57.758,58.38,392514,0
2015-04-09,58.39,58.787,58.174,58.477,321671,0
2015-04-10,58.76,58.845,58.116,58.467,246139,0
2015-04-13,58.296,59.025,58.296,58.854,394204,0
2015-04-14,58.457,58.778,57.84,58.268,472516,0
2015-04-15,58.296,58.523,57.785,58.191,314293,0
2015-04-16,58.097,58.665,57.831,58.428,276354,0
2015-04-17,58.03,58.116,57.36,57.642,473045,0
2015-04-20,57.719,58.325,57.397,57.955,381486,0
2015-04-21,58.04,58.201,57.058,57.113,546073,0
2015-04-22,57.094,57.587,56.772,57.351,437017,0
2015-04-23,57.322,57.604,57.038,57.246,305747,0
2015-04-24,57.141,57.426,56.753,56.859,610348,0
2015-04-27,57.038,57.265,56.517,56.64,506123,0
2015-04-28,56.536,57.549,56.536,57.426,494296,0
2015-04-29,57.237,59.271,57.028,58.826,1759547,0
2015-04-30,58.438,59.622,57.652,58.155,1202375,0
2015-05-01,58.523,58.655,57.909,58.589,625128,0
2015-05-04,58.723,59.167,58.618,59.109,645734,0
2015-05-05,58.958,59.555,58.873,59.516,829412,0
2015-05-06,58.665,61.088,58.646,61.069,1612620,0
2015-05-07,61.002,61.919,60.644,61.181,1186778,0
2015-05-08,61.503,61.684,60.992,61.181,930766,0
2015-05-11,61.031,61.769,60.944,61.398,976315,0
2015-05-12,61.268,61.495,60.852,60.862,762962,0
2015-05-13,60.727,61.04,60.531,60.614,777364,0
2015-05-14,60.822,61.551,60.521,61.428,803099,0
2015-05-15,61.853,62.204,61.647,61.74,1165043,0
2015-05-18,61.627,62.836,61.598,62.582,764823,0
2015-05-19,62.582,62.905,62.517,62.828,714080,0
2015-05-20,62.771,63.262,62.448,62.923,694023,0
2015-05-21,62.856,63.264,62.856,63.171,590113,0
2015-05-22,63.036,63.513,62.923,63.017,421673,0
2015-05-26,62.828,62.999,62.372,62.429,545413,0
2015-05-27,62.496,62.885,62.466,62.619,445135,0
2015-05-28,62.439,62.628,62.21,62.599,704938,0
2015-05-29,62.619,62.914,62.391,62.59,1138561,0
2015-06-01,62.752,63.026,62.324,62.372,527414,0
2015-06-02,62.372,62.828,62.144,62.486,382436,0
2015-06-03,62.666,63.142,62.304,63.113,654709,0
2015-06-04,63.066,63.19,62.267,62.314,417885,0
2015-06-05,62.666,62.885,62.304,62.657,423883,0
2015-06-08,62.58,62.865,62.257,62.304,375276,0
2015-06-09,62.134,62.991,61.993,62.563,959410,0
2015-06-10,62.818,64.311,62.704,64.206,718647,0
2015-06-11,64.263,64.454,63.607,63.721,961613,0
2015-06-12,63.559,63.768,63.208,63.513,626303,0
2015-06-15,62.952,63.476,62.676,63.303,656498,0
2015-06-16,63.198,64.7,63.075,64.358,642295,0
2015-06-17,64.529,64.681,64.017,64.224,574330,0
2015-06-18,64.434,65.498,64.311,65.215,691637,0
2015-06-19,65.081,65.954,64.89,65.165,1326042,0
2015-06-22,65.423,65.718,64.814,65.101,808839,0
2015-06-23,65.337,65.813,64.863,65.459,550514,0
2015-06-24,65.357,65.441,64.966,65.014,611259,0
2015-06-25,65.014,65.224,64.196,64.662,881224,0
2015-06-26,64.919,65.185,64.482,64.985,905209,0
2015-06-29,64.387,64.7,63.228,63.313,558760,0
2015-06-30,64.139,64.139,63.303,63.684,705707,0
2015-07-01,64.519,65.298,64.519,65.155,808734,0
2015-07-02,65.459,65.84,64.938,65.215,578539,0
2015-07-06,64.578,65.271,64.463,65.004,622726,0
2015-07-07,65.136,66.194,64.5,66.096,882800,0
2015-07-08,65.547,65.869,64.729,64.766,982434,0
2015-07-09,65.459,65.813,65.298,65.586,461022,0
2015-07-10,66.364,66.906,65.899,66.726,561179,0
2015-07-13,67.086,68.227,66.878,67.741,868178,0
2015-07-14,67.676,68.426,67.361,68.38,605429,0
2015-07-15,68.55,69.653,68.094,69.492,727137,0
2015-07-16,69.644,70.042,69.5,69.898,465545,0
2015-07-17,69.691,69.728,68.779,69.121,594425,0
2015-07-20,69.177,69.366,68.712,68.806,613783,0
2015-07-21,68.977,69.672,68.854,69.102,559285,0
2015-07-22,69.263,69.825,69.121,69.528,485850,0
2015-07-23,69.728,69.796,68.902,69.102,429143,0
2015-07-24,69.283,70.242,69.148,69.444,458182,0
2015-07-27,69.064,69.121,68.598,69.035,504577,0
2015-07-28,69.464,69.464,68.38,69.283,796214,0
2015-07-29,71.287,72.474,70.414,70.431,1203076,0
2015-07-30,70.651,71.552,70.07,71.431,1130352,0
2015-07-31,71.649,71.649,70.651,70.907,844084,0
2015-08-03,72.057,72.599,71.317,72.551,789893,0
2015-08-04,72.609,72.828,71.943,72.295,498369,0
2015-08-05,72.474,73.215,72.085,72.873,779275,0
2015-08-06,73.15,73.178,72.409,72.893,521920,0
2015-08-07,72.731,73.293,72.656,73.245,535405,0
2015-08-10,73.674,74.434,73.503,74.147,367388,0
2015-08-11,73.854,75.792,73.541,75.214,962665,0
2015-08-12,74.651,75.087,73.94,74.946,790112,0
2015-08-13,74.936,76.03,74.936,75.62,518464,0
2015-08-14,75.899,76.02,75.528,75.66,661442,0
2015-08-17,75.538,75.582,74.624,75.546,535194,0
2015-08-18,75.601,76.116,75.241,75.449,455972,0
2015-08-19,75.195,75.591,74.7,75.033,501209,0
2015-08-20,74.729,75.337,73.274,73.293,457235,0
2015-08-21,72.533,72.866,70.907,71.146,1947927,0
2015-08-24,68.436,73.026,66.878,68.047,1032300,0
2015-08-25,70.042,70.384,68.38,68.463,1298371,0
2015-08-26,70.193,70.868,68.825,70.661,808102,0
2015-08-27,71.566,72.017,70.393,71.672,619480,0
2015-08-28,71.109,71.635,70.958,71.374,495730,0
2015-08-31,71.021,71.462,70.632,70.958,485462,0
2015-09-01,69.724,70.507,68.513,68.895,807252,0
2015-09-02,69.399,69.763,68.942,69.753,392728,0
2015-09-03,69.831,70.318,69.524,69.792,491016,0
2015-09-04,69.105,69.469,68.664,69.134,488502,0
2015-09-08,70.211,70.594,69.543,70.413,490909,0
2015-09-09,70.879,71.384,69.744,69.974,737570,0
2015-09-10,71.644,72.779,70.766,72.017,779333,0
2015-09-11,72.388,73.486,72.388,73.314,1056951,0
2015-09-14,73.351,73.417,72.779,73.142,554199,0
2015-09-15,73.417,74.621,72.569,74.249,708546,0
2015-09-16,73.961,74.334,72.98,73.407,923248,0
2015-09-17,73.456,74.285,72.989,73.151,560686,0
2015-09-18,72.33,72.388,71.7,72.053,943470,0
2015-09-21,72.472,73.246,72.225,72.836,458742,0
2015-09-22,72.034,72.482,71.738,72.149,548437,0
2015-09-23,72.053,73.104,72.053,72.912,535439,0
2015-09-24,72.35,73.618,72.292,73.466,517620,0
2015-09-25,74.249,74.763,73.904,74.525,606173,0
2015-09-28,74.05,74.383,72.902,73.124,719555,0
2015-09-29,73.351,74.03,72.827,73.914,545922,0
2015-09-30,74.755,75.567,74.114,75.403,831352,0
2015-10-01,75.43,75.901,74.276,74.906,609001,0
2015-10-02,73.714,74.678,73.304,74.678,583015,0
2015-10-05,75.003,76.271,74.87,76.043,694492,0
2015-10-06,75.985,77.036,75.833,76.492,698277,0
2015-10-07,76.749,77.473,76.072,76.387,891455,0
2015-10-08,76.109,78.095,75.861,77.99,451511,0
2015-10-09,77.932,78.323,76.749,76.883,566250,0
2015-10-12,76.883,77.256,76.586,76.749,506268,0
2015-10-13,76.567,76.902,76.3,76.806,498769,0
2015-10-14,76.815,77.129,75.927,76.033,351968,0
2015-10-15,76.492,76.586,75.937,76.348,574634,0
2015-10-16,76.377,77.055,76.004,76.415,767015,0
2015-10-19,76.405,77.388,75.994,77.35,712436,0
2015-10-20,77.57,78.619,77.188,78.447,630763,0
2015-10-21,77.57,77.742,75.126,76.261,1306021,0
2015-10-22,76.521,77.742,76.377,77.101,472469,0
2015-10-23,77.455,78.267,77.084,78.113,643787,0
2015-10-26,78.267,78.764,77.884,78.294,489445,0
2015-10-27,77.742,78.0,77.179,77.378,532298,0
2015-10-28,76.338,78.362,74.755,77.684,917276,0
2015-10-29,77.674,78.81,77.129,78.677,387279,0
2015-10-30,78.81,78.81,77.798,77.808,554933,0
2015-11-02,77.742,79.298,77.626,79.144,552792,0
2015-11-03,78.876,80.09,78.352,79.698,625487,0
2015-11-04,79.583,80.164,78.972,79.107,437792,0
2015-11-05,78.981,80.213,78.981,80.002,462724,0
2015-11-06,80.797,81.243,80.155,81.023,467335,0
2015-11-09,81.014,81.062,79.83,80.233,359830,0
2015-11-10,80.136,81.131,80.09,80.997,296432,0
2015-11-11,81.282,81.359,80.405,80.537,286583,0
2015-11-12,79.583,80.443,78.886,78.981,437576,0
2015-11-13,78.981,79.583,78.313,78.4,469639,0
2015-11-16,78.333,79.736,77.838,79.658,427203,0
2015-11-17,79.889,80.748,79.563,80.146,487346,0
2015-11-18,80.299,81.787,80.299,81.625,561325,0
2015-11-19,81.797,82.131,81.386,81.759,479071,0
2015-11-20,82.007,82.665,81.692,82.35,1160163,0
2015-11-23,82.266,83.02,81.913,81.969,467438,0
2015-11-24,81.625,81.883,80.834,81.702,683083,0
2015-11-25,82.009,82.327,81.175,81.412,284596,0
2015-11-27,81.635,81.961,81.029,81.74,184177,0
2015-11-30,81.914,82.873,81.279,82.096,613362,0
2015-12-01,82.472,82.663,81.645,81.846,514925,0
2015-12-02,82.009,82.432,81.038,81.23,472979,0
2015-12-03,81.357,81.472,79.437,79.666,876495,0
2015-12-04,80.204,83.439,80.002,83.094,1175992,0
2015-12-07,83.084,83.709,82.259,83.334,985774,0
2015-12-08,82.767,83.546,82.249,82.402,595494,0
2015-12-09,81.98,82.807,80.367,80.723,753577,0
2015-12-10,80.838,81.586,80.57,80.742,361787,0
2015-12-11,79.839,80.491,78.545,78.994,467210,0
2015-12-14,78.929,79.639,77.621,78.169,663105,0
2015-12-15,79.148,79.359,77.814,78.573,536171,0
2015-12-16,79.14,79.494,78.227,79.244,457730,0
2015-12-17,79.195,79.195,77.595,77.651,533149,0
2015-12-18,77.372,77.669,75.664,75.922,1513611,0
2015-12-21,76.259,77.057,75.471,76.758,523357,0
2015-12-22,77.239,77.546,76.307,77.259,299830,0
2015-12-23,77.709,77.824,76.815,77.719,263865,0
2015-12-24,77.585,78.026,77.324,77.641,109226,0
2015-12-28,77.285,77.814,76.595,77.699,371956,0
2015-12-29,78.14,78.889,77.862,78.706,350882,0
2015-12-30,78.658,78.819,78.111,78.111,253699,0
2015-12-31,77.842,78.275,77.2,77.314,215446,0
2016-01-04,75.778,76.221,74.579,75.377,764689,0
2016-01-05,75.377,77.219,75.377,76.634,526057,0
2016-01-06,75.703,76.201,74.627,75.624,771202,0
2016-01-07,74.166,75.501,73.772,73.926,615848,0
2016-01-08,74.608,75.166,72.918,73.023,1018897,0
2016-01-11,74.118,74.531,73.446,74.3,824681,0
2016-01-12,74.646,74.858,73.888,74.675,532807,0
2016-01-13,75.413,75.989,74.611,75.308,920596,0
2016-01-14,75.423,76.729,74.579,76.153,896046,0
2016-01-15,74.608,75.559,74.378,75.136,594557,0
2016-01-19,75.952,76.422,74.953,75.377,1016609,0
2016-01-20,74.636,75.002,72.659,73.57,644873,0
2016-01-21,73.687,74.893,73.589,74.108,566114,0
2016-01-22,74.953,76.49,74.838,76.287,612189,0
2016-01-25,76.241,76.988,74.876,74.983,727303,0
2016-01-26,75.204,76.604,75.108,76.038,543213,0
2016-01-27,75.962,77.181,75.396,75.788,638797,0
2016-01-28,76.211,76.749,75.798,76.268,540224,0
2016-01-29,76.604,78.054,76.556,78.054,629702,0
2016-02-01,77.612,78.227,77.377,77.738,638695,0
2016-02-02,76.624,76.894,75.837,76.153,674449,0
2016-02-03,76.768,76.768,75.081,76.268,548430,0
2016-02-04,75.952,76.46,74.933,75.491,592340,0
2016-02-05,75.674,76.336,75.059,75.338,535174,0
2016-02-08,74.243,74.243,72.486,73.177,994326,0
2016-02-09,72.035,73.879,71.91,73.426,1076878,0
2016-02-10,69.883,69.883,61.788,63.577,3159756,0
2016-02-11,62.205,65.276,62.022,64.23,2052313,0
2016-02-12,64.787,65.364,63.751,64.384,1007052,0
2016-02-16,64.653,64.979,63.788,64.557,839560,0
2016-02-17,65.314,66.842,64.106,66.477,900026,0
2016-02-18,66.362,66.438,65.367,65.689,989950,0
2016-02-19,65.689,67.522,65.411,67.512,1877906,0
2016-02-22,68.146,68.319,67.456,67.764,688529,0
2016-02-23,67.456,68.244,67.216,67.359,813630,0
2016-02-24,66.757,68.234,66.679,67.783,775166,0
2016-02-25,67.83,70.113,67.396,70.063,815692,0
2016-02-26,70.209,70.973,69.909,70.326,674847,0
2016-02-29,70.103,70.422,68.741,68.741,806207,0
2016-03-01,69.338,71.157,69.277,70.905,926262,0
2016-03-02,70.547,71.523,69.899,70.837,892137,0
2016-03-03,70.837,71.849,70.537,71.689,800482,0
2016-03-04,71.853,72.327,71.175,71.65,774364,0
2016-03-07,71.292,71.65,69.58,71.011,1078069,0
2016-03-08,70.238,73.05,70.238,72.722,1037188,0
2016-03-09,72.82,74.251,72.703,74.085,1045869,0
2016-03-10,74.288,74.831,73.398,74.231,849475,0
2016-03-11,75.034,75.373,74.502,75.024,744890,0
2016-03-14,74.647,75.373,74.288,74.86,568407,0
2016-03-15,74.56,76.106,74.193,76.059,690439,0
2016-03-16,75.922,76.165,75.17,75.344,700950,0
2016-03-17,75.209,76.243,74.753,75.895,615683,0
2016-03-18,76.088,76.174,75.16,75.429,1017670,0
2016-03-21,75.429,76.257,75.401,75.73,564045,0
2016-03-22,75.063,76.619,75.063,76.0,477428,0
2016-03-23,76.088,76.233,75.314,75.373,724075,0
2016-03-24,75.09,75.324,73.96,74.618,671429,0
2016-03-28,74.802,75.419,74.077,75.07,594361,0
2016-03-29,75.08,75.244,73.796,74.551,1064162,0
2016-03-30,74.831,76.079,74.831,75.758,537963,0
2016-03-31,75.662,75.895,74.502,74.589,517812,0
2016-04-01,74.105,75.652,74.019,75.518,789944,0
2016-04-04,75.488,75.773,74.772,75.16,611828,0
2016-04-05,74.898,75.593,74.551,74.811,516340,0
2016-04-06,74.831,75.41,74.213,75.373,489352,0
2016-04-07,74.725,75.217,74.077,74.531,840688,0
2016-04-08,74.87,75.831,74.87,75.324,524565,0
2016-04-11,75.478,76.464,75.13,76.01,514803,0
2016-04-12,76.33,77.15,75.401,77.055,749716,0
2016-04-13,77.364,78.678,77.364,78.573,518787,0
2016-04-14,78.36,79.259,77.906,78.196,536396,0
2016-04-15,78.089,78.484,77.866,78.156,437297,0
2016-04-18,77.538,78.707,77.268,78.648,382932,0
2016-04-19,78.931,79.249,78.504,78.813,462914,0
2016-04-20,78.658,79.025,78.37,78.707,741226,0
2016-04-21,78.291,78.399,76.32,76.357,657517,0
2016-04-22,76.426,77.045,76.32,76.986,613876,0
2016-04-25,76.464,76.821,75.826,76.357,675476,0
2016-04-26,76.357,77.199,76.116,76.677,913379,0
2016-04-27,77.982,82.719,77.982,82.496,1788163,0
2016-04-28,82.052,82.845,81.637,81.782,619218,0
2016-04-29,81.423,82.13,81.075,81.762,1050349,0
2016-05-02,82.177,83.822,82.15,83.387,735845,0
2016-05-03,82.798,83.716,82.544,83.368,749017,0
2016-05-04,82.952,83.638,82.45,83.194,476843,0
2016-05-05,83.204,83.832,83.204,83.387,523417,0
2016-05-06,82.854,83.87,82.604,83.493,366045,0
2016-05-09,83.464,84.092,83.107,83.213,392917,0
2016-05-10,83.251,84.131,83.251,84.122,630309,0
2016-05-11,83.976,85.097,83.503,83.522,350694,0
2016-05-12,83.706,84.571,83.493,84.392,396880,0
2016-05-13,84.45,84.769,83.792,84.122,390858,0
2016-05-16,84.044,84.848,83.552,84.47,340064,0
2016-05-17,84.17,84.537,83.222,83.454,325421,0
2016-05-18,83.425,85.204,83.368,85.04,432703,0
2016-05-19,84.546,85.059,83.503,84.266,401772,0
2016-05-20,84.848,85.514,84.151,84.788,491030,0
2016-05-23,84.838,85.107,84.072,84.246,391460,0
2016-05-24,84.759,85.857,84.702,85.727,387123,0
2016-05-25,85.756,86.259,84.808,84.828,497490,0
2016-05-26,84.944,85.149,84.176,84.205,513005,0
2016-05-27,84.38,85.031,84.312,85.031,493161,0
2016-05-31,85.099,85.722,84.525,84.974,732591,0
2016-06-01,84.37,84.456,83.347,84.059,1306468,0
2016-06-02,83.534,84.399,83.052,83.3,773110,0
2016-06-03,82.687,83.184,82.096,82.66,622960,0
2016-06-06,82.97,83.042,81.891,82.347,571605,0
2016-06-07,82.376,82.902,82.106,82.621,443683,0
2016-06-08,82.697,83.067,82.281,82.726,512677,0
2016-06-09,82.201,82.746,81.367,82.687,561217,0
2016-06-10,82.154,82.862,81.949,82.426,437720,0
2016-06-13,81.891,82.791,81.747,81.861,401313,0
2016-06-14,81.618,82.466,81.386,81.638,442961,0
2016-06-15,81.988,82.162,81.182,81.288,500572,0
2016-06-16,81.006,82.921,80.859,82.892,475609,0
2016-06-17,82.687,83.213,82.241,83.145,1204169,0
2016-06-20,83.67,84.554,83.281,83.379,472666,0
2016-06-21,83.67,84.011,83.174,83.485,459258,0
2016-06-22,83.679,84.225,83.379,83.767,463155,0
2016-06-23,84.594,84.798,83.749,84.185,475958,0
2016-06-24,80.489,82.677,80.489,80.909,703900,0
2016-06-27,80.004,80.199,78.594,78.77,637283,0
2016-06-28,79.635,81.011,79.031,80.869,520707,0
2016-06-29,81.754,82.056,80.963,82.007,462821,0
2016-06-30,82.436,83.943,81.832,83.923,471151,0
2016-07-01,84.127,85.8,84.127,85.518,743711,0
2016-07-05,85.197,85.314,82.902,83.125,512945,0
2016-07-06,82.844,83.495,82.446,83.038,554756,0
2016-07-07,83.067,83.641,81.667,82.086,427862,0
2016-07-08,83.106,84.137,82.961,84.039,437084,0
2016-07-11,84.428,84.808,84.137,84.468,244805,0
2016-07-12,84.914,85.518,84.643,85.109,332040,0
2016-07-13,85.304,85.576,85.013,85.508,218571,0
2016-07-14,86.451,86.529,85.367,85.868,265227,0
2016-07-15,85.304,86.538,85.304,85.498,252057,0
2016-07-18,85.401,85.819,85.109,85.168,226232,0
2016-07-19,84.613,85.187,84.478,85.168,286923,0
2016-07-20,85.469,85.78,84.954,84.974,289285,0
2016-07-21,85.031,85.216,84.682,84.904,283517,0
2016-07-22,85.099,85.595,84.729,85.469,231448,0
2016-07-25,85.314,85.731,85.013,85.177,336309,0
2016-07-26,85.129,85.663,83.689,84.118,496822,0
2016-07-27,83.116,83.574,81.21,81.433,620749,0
2016-07-28,81.201,81.648,80.715,81.044,358354,0
2016-07-29,80.714,81.21,80.354,80.714,465920,0
2016-08-01,80.793,81.133,80.529,80.948,512890,0
2016-08-02,80.899,81.196,80.354,80.987,527814,0
2016-08-03,81.278,82.086,80.977,81.784,519956,0
2016-08-04,81.774,82.115,81.201,81.376,389775,0
2016-08-05,81.911,82.541,81.56,82.466,364106,0
2016-08-08,82.512,82.892,82.046,82.416,321152,0
2016-08-09,82.522,82.951,82.241,82.436,288486,0
2016-08-10,82.241,82.825,82.241,82.436,221677,0
2016-08-11,82.466,83.3,82.466,82.882,237168,0
2016-08-12,82.561,83.029,82.484,82.835,188861,0
2016-08-15,82.902,83.874,82.892,83.417,295370,0
2016-08-16,83.087,83.679,82.806,82.835,282206,0
2016-08-17,82.844,83.739,82.766,83.427,255003,0
2016-08-18,83.456,84.069,83.213,83.758,279304,0
2016-08-19,83.514,84.478,83.32,84.468,227344,0
2016-08-22,84.633,84.633,83.767,84.312,317692,0
2016-08-23,84.332,84.488,84.069,84.332,271306,0
2016-08-24,84.438,84.594,83.991,84.438,321854,0
2016-08-25,84.478,85.836,84.272,85.71,484205,0
2016-08-26,85.66,86.932,85.191,85.759,387656,0
2016-08-29,85.759,86.805,85.759,86.765,334638,0
2016-08-30,86.951,87.783,86.717,87.529,337921,0
2016-08-31,87.558,87.783,86.971,87.578,347363,0
2016-09-01,87.852,88.008,86.893,87.294,357704,0
2016-09-02,87.695,88.302,87.548,88.252,265919,0
2016-09-06,88.233,88.272,87.059,87.9,310651,0
2016-09-07,87.666,88.302,87.313,88.146,236219,0
2016-09-08,88.262,88.34,87.539,87.969,386052,0
2016-09-09,87.695,88.292,86.961,87.264,488722,0
2016-09-12,86.785,88.595,86.404,88.312,354043,0
2016-09-13,87.48,87.49,86.394,86.521,517720,0
2016-09-14,86.482,86.634,85.23,85.406,610495,0
2016-09-15,85.083,86.169,85.083,85.945,331751,0
2016-09-16,86.082,86.218,85.524,85.925,866424,0
2016-09-19,86.248,88.653,86.248,87.646,693122,0
2016-09-20,87.96,88.126,87.177,87.333,334703,0
2016-09-21,87.519,88.859,87.519,88.702,369083,0
2016-09-22,89.094,89.504,88.79,89.27,215777,0
2016-09-23,88.918,89.055,88.146,88.155,264729,0
2016-09-26,87.89,88.448,87.588,87.96,262329,0
2016-09-27,87.91,88.859,87.676,88.712,363341,0
2016-09-28,88.839,89.817,88.8,89.749,276896,0
2016-09-29,89.621,90.219,88.985,89.455,365773,0
2016-09-30,89.739,90.59,89.484,90.219,381620,0
2016-10-03,89.886,90.209,88.257,88.545,530504,0
2016-10-04,88.34,88.497,87.568,88.409,403192,0
2016-10-05,88.8,89.455,88.604,88.937,372595,0
2016-10-06,88.995,89.289,87.011,87.96,616043,0
2016-10-07,88.126,88.526,87.519,87.95,287769,0
2016-10-10,88.146,89.025,88.146,88.8,271242,0
2016-10-11,88.478,89.113,88.183,88.507,429104,0
2016-10-12,88.722,89.563,88.536,89.122,332540,0
2016-10-13,88.242,88.663,87.568,88.106,325456,0
2016-10-14,88.937,89.847,88.702,88.975,308794,0
2016-10-17,89.104,89.417,89.0,89.25,253518,0
2016-10-18,89.973,90.052,89.171,89.289,296706,0
2016-10-19,85.23,85.23,81.691,81.807,987707,0
2016-10-20,81.182,81.954,80.42,81.553,854210,0
2016-10-21,80.997,81.359,80.33,80.987,645043,0
2016-10-24,81.173,81.993,80.771,81.064,483464,0
2016-10-25,81.455,82.062,79.842,80.44,514920,0
2016-10-26,80.682,82.62,79.305,80.124,729337,0
2016-10-27,80.115,80.295,78.16,78.403,1079767,0
2016-10-28,78.59,79.968,77.838,78.218,437229,0
2016-10-31,78.413,79.157,78.376,78.747,466618,0
2016-11-01,78.815,78.893,76.771,77.612,388575,0
2016-11-02,77.71,78.062,76.771,76.986,637783,0
2016-11-03,77.7,79.421,77.642,78.609,584236,0
2016-11-04,78.668,78.971,77.934,77.974,298027,0
2016-11-07,79.099,79.099,77.954,78.218,477661,0
2016-11-08,78.366,78.943,78.105,78.326,627098,0
2016-11-09,78.081,80.967,77.846,80.214,700577,0
2016-11-10,80.682,82.364,80.214,81.651,506377,0
2016-11-11,81.611,81.681,80.486,81.163,930893,0
2016-11-14,81.553,84.79,81.505,84.116,731088,0
2016-11-15,83.93,84.194,83.235,84.106,521824,0
2016-11-16,83.842,84.674,83.529,84.448,565537,0
2016-11-17,84.536,84.81,84.135,84.418,567709,0
2016-11-18,84.497,84.79,83.275,83.901,589208,0
2016-11-21,84.448,84.917,83.431,83.851,295829,0
2016-11-22,84.272,84.272,83.197,83.675,457002,0
2016-11-23,84.069,84.886,83.942,84.817,372820,0
2016-11-25,85.092,85.211,84.758,85.034,127289,0
2016-11-28,84.65,84.975,84.109,84.531,394958,0
2016-11-29,84.857,85.073,84.256,84.699,313639,0
2016-11-30,84.905,85.594,84.738,84.965,547464,0
2016-12-01,85.349,86.017,84.935,85.398,395541,0
2016-12-02,85.339,85.624,84.433,84.728,371913,0
2016-12-05,85.073,85.329,84.488,85.279,574427,0
2016-12-06,85.506,87.828,85.388,87.474,601789,0
2016-12-07,87.583,88.802,87.316,88.802,542206,0
2016-12-08,89.157,92.325,89.157,92.02,825895,0
2016-12-09,91.745,92.05,90.249,90.692,330030,0
2016-12-12,90.495,91.243,89.895,90.672,443973,0
2016-12-13,90.692,91.066,89.334,90.594,415474,0
2016-12-14,90.387,91.893,90.033,90.662,366934,0
2016-12-15,90.544,92.325,90.446,90.997,399643,0
2016-12-16,91.056,91.174,89.442,89.885,1259352,0
2016-12-19,89.904,91.155,89.757,90.938,515982,0
2016-12-20,91.449,91.716,90.584,90.83,316424,0
2016-12-21,90.741,91.194,90.52,90.849,287033,0
2016-12-22,91.135,91.873,90.8,91.706,338123,0
2016-12-23,91.696,92.08,91.13,91.794,213009,0
2016-12-27,91.873,92.636,91.621,92.247,234182,0
2016-12-28,92.621,92.895,91.607,91.706,329372,0
2016-12-29,91.42,92.138,91.075,91.194,435870,0
2016-12-30,91.646,91.913,90.997,91.381,294440,0
2017-01-03,92.148,92.621,91.243,92.621,436191,0
2017-01-04,92.551,93.81,91.016,93.576,466509,0
2017-01-05,93.83,94.421,93.005,93.615,419082,0
2017-01-06,93.763,94.795,93.546,94.451,365235,0
2017-01-09,93.546,93.98,92.561,92.611,508270,0
2017-01-10,92.738,93.693,92.434,92.699,376762,0
2017-01-11,92.651,93.299,92.454,93.289,343579,0
2017-01-12,93.232,93.783,92.444,93.319,389020,0
2017-01-13,93.446,94.501,93.092,93.319,258469,0
2017-01-17,92.808,93.793,92.247,93.202,406050,0
2017-01-18,93.526,94.017,92.738,93.606,404236,0
2017-01-19,93.85,94.421,93.556,94.127,352654,0
2017-01-20,94.284,95.119,93.97,94.618,355253,0
2017-01-23,94.568,94.805,94.157,94.441,267493,0
2017-01-24,94.401,95.503,94.401,95.199,226151,0
2017-01-25,95.819,96.635,95.819,96.468,382840,0
2017-01-26,96.399,97.344,96.38,97.305,294058,0
2017-01-27,97.315,97.398,96.281,96.321,310258,0
2017-01-30,96.144,96.144,94.895,95.416,385192,0
2017-01-31,95.513,95.745,95.091,95.583,390185,0
2017-02-01,96.104,96.366,95.503,95.81,343011,0
2017-02-02,95.819,96.193,95.446,95.79,287409,0
2017-02-03,96.301,96.788,95.897,96.448,307288,0
2017-02-06,95.967,96.37,95.533,95.839,246662,0
2017-02-07,96.035,96.38,95.366,95.455,464650,0
2017-02-08,93.466,93.466,88.124,89.009,1006692,0
2017-02-09,89.009,90.417,88.635,89.904,810964,0
2017-02-10,89.904,91.529,89.737,91.449,476778,0
2017-02-13,91.568,93.409,91.558,92.818,407640,0
2017-02-14,92.02,93.93,91.459,93.733,324834,0
2017-02-15,93.349,94.718,93.349,94.718,375654,0
2017-02-16,94.775,95.543,94.54,94.982,461550,0
2017-02-17,94.558,95.209,93.997,95.209,362490,0
2017-02-21,94.835,96.705,94.825,96.478,442877,0
2017-02-22,95.997,96.921,95.997,96.822,393264,0
2017-02-23,96.961,98.0,96.961,97.792,453572,0
2017-02-24,97.11,97.743,96.724,97.713,270589,0
2017-02-27,97.634,97.921,96.714,97.08,289173,0
2017-02-28,97.08,98.03,96.862,97.95,417180,0
2017-03-01,98.94,100.25,98.94,99.78,423461,0
2017-03-02,99.79,99.79,98.624,98.692,415756,0
2017-03-03,98.841,99.401,98.356,98.811,336280,0
2017-03-06,97.97,98.772,97.723,98.524,298520,0
2017-03-07,98.564,98.752,97.955,98.544,272250,0
2017-03-08,99.182,99.56,98.356,98.426,272504,0
2017-03-09,98.722,99.112,98.426,98.91,254164,0
2017-03-10,99.301,99.311,98.431,98.584,296754,0
2017-03-13,98.426,99.053,98.079,98.356,339476,0
2017-03-14,98.218,98.732,97.01,98.436,327899,0
2017-03-15,98.198,98.604,97.555,97.97,347357,0
2017-03-16,97.98,98.445,97.05,97.545,386266,0
2017-03-17,97.545,98.178,97.11,97.921,815132,0
2017-03-20,97.564,97.564,96.378,96.615,369895,0
2017-03-21,97.188,97.188,94.359,94.438,573578,0
2017-03-22,94.458,94.952,93.776,94.566,360004,0
2017-03-23,94.3,95.468,94.102,94.33,487677,0
2017-03-24,94.498,95.111,93.673,94.052,301391,0
2017-03-27,92.865,93.944,92.37,93.558,544820,0
2017-03-28,93.34,94.716,92.904,94.488,465911,0
2017-03-29,94.378,94.448,93.25,93.31,450324,0
2017-03-30,93.478,94.508,93.31,94.428,311048,0
2017-03-31,94.359,95.12,93.34,94.656,285161,0
2017-04-03,94.804,95.14,92.954,94.002,416377,0
2017-04-04,93.776,94.636,93.34,93.954,290374,0
2017-04-05,94.744,94.744,93.29,93.35,386945,0
2017-04-06,93.34,93.854,92.618,93.786,672484,0
2017-04-07,93.27,94.398,92.994,93.686,279287,0
2017-04-10,93.686,94.923,93.646,93.844,263386,0
2017-04-11,93.568,94.24,93.062,94.2,177762,0
2017-04-12,93.864,94.052,92.548,92.638,355964,0
2017-04-13,91.925,93.072,91.366,91.698,450780,0
2017-04-17,92.202,93.25,91.974,93.222,325634,0
2017-04-18,92.618,93.044,91.886,92.608,353487,0
2017-04-19,93.41,93.626,92.668,92.974,267960,0
2017-04-20,93.468,94.636,92.944,94.102,395107,0
2017-04-21,93.844,94.21,93.538,93.696,349477,0
2017-04-24,94.556,95.368,94.538,95.101,419211,0
2017-04-25,95.526,96.318,95.2,95.892,391953,0
2017-04-26,95.982,96.971,95.892,95.992,297683,0
2017-04-27,96.13,96.456,95.922,96.09,353860,0
2017-04-28,96.002,96.07,95.072,95.22,312671,0
2017-05-01,95.872,96.388,95.25,96.219,318702,0
2017-05-02,96.219,97.248,96.1,97.1,440378,0
2017-05-03,98.93,103.56,97.654,103.4,1164897,0
2017-05-04,103.45,104.89,102.76,103.36,511064,0
2017-05-05,103.46,103.84,102.02,102.82,354919,0
2017-05-08,103.08,104.44,103.01,104.19,422457,0
2017-05-09,104.15,104.86,103.18,103.32,422052,0
2017-05-10,102.87,103.57,102.18,102.53,394142,0
2017-05-11,102.21,102.69,101.27,101.56,412044,0
2017-05-12,101.27,101.6,100.88,100.97,281983,0
2017-05-15,101.21,101.65,100.34,101.17,256911,0
2017-05-16,101.21,101.66,100.62,100.89,237969,0
2017-05-17,99.74,100.48,98.94,99.102,476531,0
2017-05-18,99.242,99.242,98.06,98.228,434697,0
2017-05-19,98.524,98.97,98.128,98.475,421983,0
2017-05-22,98.983,99.142,98.178,98.534,346771,0
2017-05-23,98.534,98.663,97.624,98.436,433591,0
2017-05-24,98.495,98.633,97.634,98.346,285463,0
2017-05-25,98.675,100.15,98.485,99.92,259022,0
2017-05-26,99.83,99.92,98.376,98.754,281299,0
2017-05-30,98.655,99.013,97.799,98.028,389840,0
2017-05-31,98.118,98.118,96.765,97.461,693325,0
2017-06-01,98.118,99.92,97.541,99.62,359810,0
2017-06-02,99.142,99.82,98.287,99.63,350313,0
2017-06-05,99.64,100.27,98.476,98.565,341204,0
2017-06-06,98.157,98.535,97.491,98.466,310479,0
2017-06-07,98.764,99.028,97.948,98.187,272933,0
2017-06-08,98.217,99.301,98.217,98.764,760423,0
2017-06-09,99.202,101.38,99.192,101.14,391919,0
2017-06-12,101.36,101.51,99.421,100.76,462498,0
2017-06-13,100.78,101.69,100.58,101.19,276252,0
2017-06-14,100.97,102.12,100.64,101.79,355826,0
2017-06-15,101.02,103.42,101.02,102.97,339478,0
2017-06-16,102.94,103.97,102.39,103.93,621249,0
2017-06-19,104.44,104.56,103.75,104.19,288585,0
2017-06-20,103.56,104.19,102.95,103.43,225066,0
2017-06-21,103.69,103.88,101.51,101.71,337463,0
2017-06-22,101.3,101.51,99.7,99.73,396307,0
2017-06-23,100.23,101.0,99.91,100.71,798687,0
2017-06-26,101.75,103.94,101.48,103.33,530879,0
2017-06-27,103.4,103.64,102.73,103.09,352890,0
2017-06-28,103.81,104.91,103.63,104.24,380873,0
2017-06-29,105.29,105.29,102.95,103.65,365006,0
2017-06-30,104.0,104.19,102.75,103.14,364946,0
2017-07-03,103.73,105.91,103.71,104.59,210181,0
2017-07-05,104.68,105.14,103.86,104.0,408541,0
2017-07-06,104.05,104.81,103.23,103.6,412696,0
2017-07-07,103.6,105.41,103.59,104.76,256233,0
2017-07-10,104.45,104.75,104.16,104.37,420058,0
2017-07-11,104.39,104.68,103.53,103.9,279770,0
2017-07-12,103.89,104.3,103.35,103.91,487592,0
2017-07-13,104.03,104.92,103.86,104.63,212444,0
2017-07-14,104.05,104.46,103.84,104.08,165693,0
2017-07-17,104.08,104.48,103.36,104.45,209229,0
2017-07-18,104.35,104.56,103.52,103.99,355550,0
2017-07-19,104.22,105.43,104.12,105.36,206219,0
2017-07-20,105.25,105.74,104.81,105.15,168155,0
2017-07-21,105.04,105.39,104.46,104.85,310028,0
2017-07-24,105.17,105.57,104.85,105.44,178177,0
2017-07-25,106.33,106.42,105.27,105.71,325053,0
2017-07-26,105.71,105.79,104.4,104.58,214671,0
2017-07-27,104.73,104.73,103.68,104.38,242168,0
2017-07-28,104.42,104.96,104.1,104.91,203188,0
2017-07-31,105.1,105.24,104.33,104.71,260583,0
2017-08-01,105.47,105.89,104.4,105.7,388963,0
2017-08-02,104.74,105.24,100.24,103.29,687589,0
2017-08-03,102.95,103.79,102.56,103.29,396599,0
2017-08-04,103.84,104.74,103.42,104.38,277303,0
2017-08-07,104.04,104.71,102.71,103.34,288936,0
2017-08-08,103.25,105.26,103.24,104.2,314799,0
2017-08-09,103.86,104.74,103.34,104.46,339913,0
2017-08-10,103.84,104.15,102.42,102.44,249848,0
2017-08-11,102.4,102.73,101.66,102.0,169528,0
2017-08-14,102.62,103.85,102.5,103.68,193451,0
2017-08-15,104.03,104.39,102.63,102.79,154157,0
2017-08-16,102.93,103.3,101.97,102.07,153238,0
2017-08-17,102.08,102.26,99.69,99.79,276447,0
2017-08-18,99.47,100.14,99.112,99.48,277711,0
2017-08-21,99.222,99.222,97.929,98.854,222441,0
2017-08-22,99.062,99.46,98.466,99.371,214181,0
2017-08-23,98.844,100.06,98.844,99.53,238635,0
2017-08-24,99.99,100.0,98.15,98.22,238386,0
2017-08-25,98.48,98.63,97.5,98.49,284003,0
2017-08-28,98.38,98.5,94.83,95.44,526416,0
2017-08-29,94.47,94.78,93.05,94.52,464450,0
2017-08-30,94.31,95.74,94.31,94.78,373804,0
2017-08-31,95.02,95.41,94.56,94.69,563159,0
2017-09-01,95.0,96.05,94.47,94.6,247467,0
2017-09-05,94.23,94.23,89.63,90.46,549344,0
2017-09-06,90.76,91.66,89.72,91.07,421866,0
2017-09-07,90.82,91.035,87.25,87.74,741138,0
2017-09-08,86.98,90.81,86.0,90.77,808848,0
2017-09-11,92.32,94.75,91.47,93.34,866889,0
2017-09-12,93.45,94.29,93.32,94.04,409051,0
2017-09-13,94.04,94.32,93.0,93.77,408966,0
2017-09-14,93.66,94.02,92.78,93.26,395082,0
2017-09-15,92.94,93.94,92.84,93.85,749499,0
2017-09-18,94.19,94.48,93.5,93.8,255101,0
2017-09-19,93.71,94.295,92.92,92.97,447283,0
2017-09-20,93.27,93.53,92.33,93.28,468444,0
2017-09-21,93.47,93.87,92.95,93.6,257508,0
2017-09-22,93.37,94.51,92.89,94.45,415491,0
2017-09-25,94.11,95.49,94.11,94.94,394451,0
2017-09-26,94.5,94.79,91.89,94.39,571851,0
2017-09-27,95.44,96.68,95.3999,95.65,565768,0
2017-09-28,95.66,96.4,94.66,95.78,350902,0
2017-09-29,95.75,96.5,95.17,95.52,263694,0
2017-10-02,95.62,95.83,95.07,95.66,411129,0
2017-10-03,95.49,95.86,94.44,95.7,470939,0
2017-10-04,95.57,95.95,94.9,95.29,617793,0
2017-10-05,95.21,96.16,95.21,95.49,413358,0
2017-10-06,95.85,96.17,95.285,96.04,341595,0
2017-10-09,96.0,96.04,95.18,95.6,320169,0
2017-10-10,95.65,95.89,95.06,95.82,327314,0
2017-10-11,95.42,95.42,92.9,95.32,510950,0
2017-10-12,95.23,96.46,95.23,95.95,528825,0
2017-10-13,96.01,96.06,95.54,95.71,407735,0
2017-10-16,95.86,96.5,95.86,96.22,374429,0
2017-10-17,96.32,96.56,95.85,95.86,389813,0
2017-10-18,96.41,102.23,96.04,101.8,1277293,0
2017-10-19,101.28,101.73,100.25,101.14,631911,0
2017-10-20,101.77,101.79,99.49,99.89,740040,0
2017-10-23,100.04,100.04,99.12,99.49,463664,0
2017-10-24,99.93,100.1,99.1,99.68,290471,0
2017-10-25,100.08,100.52,98.83,99.8,570155,0
2017-10-26,99.93,101.56,99.93,100.43,335336,0
2017-10-27,100.29,100.44,99.51,100.05,337646,0
2017-10-30,99.98,101.29,99.945,100.85,354764,0
2017-10-31,100.64,101.91,100.27,100.65,481619,0
2017-11-01,101.27,102.85,100.98,101.17,514548,0
2017-11-02,100.96,102.45,99.27,100.21,630470,0
2017-11-03,99.03,100.231,97.51,100.14,673794,0
2017-11-06,100.17,100.41,99.27,99.27,305171,0
2017-11-07,99.44,100.27,98.95,99.05,307704,0
2017-11-08,98.88,99.36,97.98,98.38,480779,0
2017-11-09,98.14,99.73,98.1,98.71,409240,0
2017-11-10,98.43,99.02,97.75,98.15,451934,0
