Date,Open,High,Low,Close,Volume,OpenInt
2014-01-02,41.531,41.725,41.012,41.07,543556,0
2014-01-03,41.031,41.235,40.978,41.077,317475,0
2014-01-06,41.193,41.3,40.838,41.041,717759,0
2014-01-07,41.548,42.181,41.548,42.137,1294649,0
2014-01-08,42.065,42.065,41.619,42.003,861826,0
2014-01-09,42.065,42.697,42.019,42.697,954567,0
2014-01-10,42.776,43.08,42.205,42.767,1013604,0
2014-01-13,42.571,42.723,42.214,42.42,1005327,0
2014-01-14,42.546,43.034,42.413,43.016,814395,0
2014-01-15,43.016,43.353,42.872,43.345,916491,0
2014-01-16,43.213,43.418,43.088,43.41,784058,0
2014-01-17,43.401,43.461,43.071,43.167,471316,0
2014-01-21,43.487,43.656,43.167,43.612,782642,0
2014-01-22,43.632,44.012,43.527,43.952,716903,0
2014-01-23,43.808,43.886,43.016,43.105,828559,0
2014-01-24,42.937,43.088,42.046,42.046,1055049,0
2014-01-27,42.073,42.181,41.333,41.341,1119960,0
2014-01-28,41.984,42.313,41.672,42.214,1593194,0
2014-01-29,40.045,42.118,39.732,41.825,1232014,0
2014-01-30,42.055,42.055,41.218,41.424,940559,0
2014-01-31,40.987,41.35,40.562,41.138,808143,0
2014-02-03,41.021,41.218,39.483,39.493,1254830,0
2014-02-04,39.555,39.742,39.172,39.58,1085122,0
2014-02-05,39.513,39.921,39.341,39.814,765268,0
2014-02-06,39.901,40.088,39.627,39.672,816347,0
2014-02-07,39.822,40.347,39.777,40.328,517658,0
2014-02-10,40.268,40.383,40.088,40.268,619185,0
2014-02-11,40.268,40.846,40.178,40.659,381756,0
2014-02-12,40.63,40.754,40.168,40.275,731400,0
2014-02-13,40.045,40.612,40.016,40.587,480168,0
2014-02-14,40.524,40.721,40.311,40.587,366264,0
2014-02-18,40.544,40.954,40.337,40.728,435520,0
2014-02-19,40.621,40.846,40.481,40.587,539636,0
2014-02-20,40.562,41.05,40.462,40.987,389653,0
2014-02-21,40.962,41.129,40.721,40.783,437143,0
2014-02-24,40.783,40.978,40.453,40.453,725117,0
2014-02-25,40.472,40.754,40.275,40.595,492138,0
2014-02-26,40.712,40.889,40.453,40.621,702251,0
2014-02-27,40.604,40.978,40.32,40.898,498550,0
2014-02-28,40.935,41.518,40.935,41.436,703933,0
2014-03-03,41.061,41.403,40.838,41.354,604786,0
2014-03-04,41.705,42.119,41.48,42.09,606116,0
2014-03-05,42.046,42.09,41.805,42.012,377774,0
2014-03-06,42.119,42.406,41.904,42.351,426770,0
2014-03-07,42.584,42.62,42.082,42.19,515611,0
2014-03-10,42.137,42.431,42.082,42.387,697752,0
2014-03-11,42.431,42.54,42.082,42.145,396071,0
2014-03-12,41.929,42.215,41.886,42.037,533817,0
2014-03-13,42.129,42.129,41.462,41.579,674006,0
2014-03-14,41.572,41.993,41.572,41.661,497922,0
2014-03-17,41.777,42.245,41.713,42.137,521400,0
2014-03-18,42.225,42.387,42.082,42.342,627466,0
2014-03-19,42.182,42.342,41.732,41.929,442033,0
2014-03-20,41.859,42.163,41.732,42.163,664116,0
2014-03-21,42.488,42.837,42.137,42.198,2200837,0
2014-03-24,42.423,42.656,42.137,42.245,598868,0
2014-03-25,42.333,42.735,42.082,42.262,482231,0
2014-03-26,42.488,42.594,42.153,42.182,863422,0
2014-03-27,44.288,44.288,41.742,41.886,318091,0
2014-03-28,41.956,42.297,41.866,42.046,277467,0
2014-03-31,42.416,42.72,42.255,42.676,470844,0
2014-04-01,42.666,42.953,42.459,42.953,582819,0
2014-04-02,43.113,43.347,42.919,43.238,991824,0
2014-04-03,43.267,43.393,42.987,43.051,723312,0
2014-04-04,43.14,43.177,41.911,42.012,1006489,0
2014-04-07,41.823,41.948,39.866,40.082,2007043,0
2014-04-08,40.1,40.272,39.015,39.096,1851060,0
2014-04-09,39.042,39.985,38.54,39.714,2706104,0
2014-04-10,39.814,39.922,38.835,39.158,3092453,0
2014-04-11,38.827,40.253,38.8,39.806,18516232,0
2014-04-14,40.09,40.272,39.768,40.127,2404466,0
2014-04-15,40.368,40.601,39.536,40.378,2332314,0
2014-04-16,40.619,40.719,40.236,40.601,1690867,0
2014-04-17,40.619,40.619,40.332,40.512,1798960,0
2014-04-21,40.477,40.702,40.134,40.531,1749934,0
2014-04-22,40.657,40.792,40.362,40.396,1509449,0
2014-04-23,40.406,40.584,40.216,40.316,950589,0
2014-04-24,40.396,40.541,39.931,40.066,1441420,0
2014-04-25,39.94,40.038,39.588,39.892,1416077,0
2014-04-28,40.127,40.378,39.671,40.038,1334496,0
2014-04-29,40.047,40.306,39.876,39.967,2018995,0
2014-04-30,39.892,40.477,39.714,40.378,2521780,0
2014-05-01,40.459,40.809,40.206,40.432,1259960,0
2014-05-02,40.388,40.576,39.958,40.047,854629,0
2014-05-05,39.94,40.362,39.588,40.134,653797,0
2014-05-06,40.038,40.09,39.759,39.796,760610,0
2014-05-07,39.823,40.1,39.626,40.038,1152670,0
2014-05-08,40.038,40.628,39.985,40.396,2247407,0
2014-05-09,40.342,40.753,40.236,40.735,1050781,0
2014-05-12,40.916,41.257,40.763,41.131,935258,0
2014-05-13,41.149,41.238,40.916,40.935,740006,0
2014-05-14,40.898,40.898,40.432,40.522,591519,0
2014-05-15,40.352,40.388,39.931,40.316,872253,0
2014-05-16,40.362,40.819,40.236,40.657,1163586,0
2014-05-19,40.628,40.792,40.468,40.628,994836,0
2014-05-20,40.792,41.229,40.576,40.719,1311587,0
2014-05-21,40.609,41.177,40.486,41.121,929320,0
2014-05-22,41.159,41.545,41.097,41.159,1148484,0
2014-05-23,41.177,41.327,41.104,41.212,1021190,0
2014-05-27,41.337,41.436,41.177,41.345,968393,0
2014-05-28,41.345,41.419,41.097,41.14,1751377,0
2014-05-29,42.763,42.763,41.042,41.22,956482,0
2014-05-30,41.212,41.238,40.997,41.104,1106346,0
2014-06-02,41.195,41.47,41.042,41.403,893832,0
2014-06-03,41.354,41.536,41.159,41.294,530085,0
2014-06-04,41.294,41.827,41.294,41.781,665983,0
2014-06-05,41.736,41.953,41.472,41.482,1114268,0
2014-06-06,41.555,41.781,41.375,41.52,812170,0
2014-06-09,41.555,41.754,41.375,41.472,838541,0
2014-06-10,41.437,41.574,41.186,41.267,679234,0
2014-06-11,41.148,41.555,41.13,41.502,481775,0
2014-06-12,41.394,41.404,41.102,41.311,469795,0
2014-06-13,41.311,41.51,40.976,41.077,569950,0
2014-06-16,41.112,41.286,40.895,41.186,564932,0
2014-06-17,41.194,41.663,40.951,41.538,912232,0
2014-06-18,41.51,42.034,41.394,41.925,654959,0
2014-06-19,41.99,41.999,41.708,41.818,533749,0
2014-06-20,41.708,42.135,41.638,41.945,1718573,0
2014-06-23,42.024,42.189,41.845,42.017,707849,0
2014-06-24,41.945,42.513,41.9,42.189,1110877,0
2014-06-25,42.142,42.541,42.062,42.26,1114531,0
2014-06-26,42.322,42.322,41.628,41.907,732205,0
2014-06-27,41.809,42.205,41.618,41.945,708338,0
2014-06-30,41.971,42.142,41.862,42.126,602490,0
2014-07-01,42.087,42.705,42.024,42.677,1203744,0
2014-07-02,42.567,42.713,42.034,42.126,470041,0
2014-07-03,42.223,42.36,42.034,42.279,339693,0
2014-07-07,42.142,42.243,41.925,42.053,580271,0
2014-07-08,41.99,42.071,41.754,41.9,734980,0
2014-07-09,41.915,42.233,41.907,42.205,564922,0
2014-07-10,41.708,42.26,41.618,42.107,604624,0
2014-07-11,41.953,42.378,41.953,42.289,589741,0
2014-07-14,42.396,42.468,42.017,42.135,578130,0
2014-07-15,42.017,42.223,41.862,42.062,401242,0
2014-07-16,42.214,42.27,41.717,41.827,990329,0
2014-07-17,41.827,42.097,41.555,41.638,701941,0
2014-07-18,41.827,42.079,41.638,41.98,634322,0
2014-07-21,41.925,41.935,41.692,41.799,327031,0
2014-07-22,41.9,42.214,41.881,41.999,508463,0
2014-07-23,42.135,42.27,41.925,42.17,296182,0
2014-07-24,42.196,42.416,42.135,42.161,564130,0
2014-07-25,42.043,42.116,41.238,41.257,957673,0
2014-07-28,41.219,41.492,40.994,41.42,685815,0
2014-07-29,41.394,41.663,40.768,40.768,895832,0
2014-07-30,41.13,42.008,40.951,41.446,1655128,0
2014-07-31,41.211,41.455,40.661,40.681,1131429,0
2014-08-01,40.588,40.895,40.28,40.417,1035680,0
2014-08-04,40.875,40.875,40.354,40.48,615539,0
2014-08-05,40.425,40.524,39.974,40.09,703157,0
2014-08-06,39.974,40.571,39.974,40.524,883049,0
2014-08-07,40.515,40.825,40.496,40.622,1053202,0
2014-08-08,40.622,40.661,40.444,40.651,1019129,0
2014-08-11,40.723,40.986,40.671,40.806,413871,0
2014-08-12,40.768,41.102,40.69,40.843,398282,0
2014-08-13,41.02,41.248,40.866,41.228,463853,0
2014-08-14,41.228,41.446,41.228,41.413,441826,0
2014-08-15,41.638,41.654,41.04,41.238,455005,0
2014-08-18,41.455,41.907,41.32,41.854,767211,0
2014-08-19,41.871,42.024,41.781,41.818,656765,0
2014-08-20,41.763,41.98,41.746,41.9,452098,0
2014-08-21,41.845,42.233,41.809,42.205,502980,0
2014-08-22,42.18,42.488,42.062,42.26,773430,0
2014-08-25,42.488,42.686,42.289,42.478,520894,0
2014-08-26,42.559,42.766,42.522,42.595,426180,0
2014-08-27,42.567,42.728,42.541,42.604,590281,0
2014-08-28,42.459,42.728,42.36,42.567,479669,0
2014-08-29,42.705,42.83,42.423,42.695,541640,0
2014-09-02,42.795,43.345,42.468,42.551,1134779,0
2014-09-03,42.758,42.758,42.422,42.522,539103,0
2014-09-04,42.531,42.714,42.23,42.32,457702,0
2014-09-05,42.33,42.613,42.039,42.177,593682,0
2014-09-08,42.122,42.415,41.875,42.415,678536,0
2014-09-09,42.312,42.33,41.848,41.957,682841,0
2014-09-10,42.049,42.259,41.784,42.103,775245,0
2014-09-11,41.865,42.075,41.784,41.93,784144,0
2014-09-12,41.83,41.904,41.521,41.656,946509,0
2014-09-15,41.685,41.729,41.355,41.511,684189,0
2014-09-16,41.404,41.592,41.018,41.384,1018123,0
2014-09-17,41.539,41.63,41.285,41.456,594968,0
2014-09-18,41.611,41.719,41.394,41.413,655131,0
2014-09-19,41.285,41.575,40.909,41.174,1827515,0
2014-09-22,41.093,41.101,40.709,40.801,1480187,0
2014-09-23,40.608,41.008,40.508,40.793,1416496,0
2014-09-24,40.872,41.447,40.701,41.413,1176191,0
2014-09-25,41.285,41.285,40.773,40.773,948228,0
2014-09-26,40.948,41.437,40.862,41.404,762299,0
2014-09-29,41.076,41.218,40.862,41.056,573210,0
2014-09-30,41.084,41.42,40.991,41.32,1240714,0
2014-10-01,41.32,41.32,40.675,40.829,1261431,0
2014-10-02,40.773,40.983,40.482,40.773,633422,0
2014-10-03,41.093,41.557,40.975,41.43,604390,0
2014-10-06,41.602,41.784,41.256,41.685,987650,0
2014-10-07,41.43,41.575,40.938,40.948,901987,0
2014-10-08,40.9,41.303,40.675,41.293,692922,0
2014-10-09,41.137,41.327,40.709,40.829,1188501,0
2014-10-10,40.872,41.166,40.436,40.82,1239026,0
2014-10-13,40.783,40.999,40.109,40.237,1277225,0
2014-10-14,40.473,40.617,40.172,40.355,963409,0
2014-10-15,39.771,40.591,39.57,40.207,1711733,0
2014-10-16,39.607,40.099,39.499,39.982,1267076,0
2014-10-17,40.308,40.709,40.016,40.645,502614,0
2014-10-20,40.499,40.881,40.499,40.881,518987,0
2014-10-21,40.991,41.227,40.82,41.227,781740,0
2014-10-22,41.375,41.566,41.166,41.266,724423,0
2014-10-23,41.592,41.611,41.237,41.327,674536,0
2014-10-24,41.384,41.766,41.355,41.719,521724,0
2014-10-27,41.611,42.039,41.521,41.875,599477,0
2014-10-28,42.093,42.33,41.793,42.132,1216835,0
2014-10-29,42.075,43.241,41.92,43.187,1636867,0
2014-10-30,43.07,43.206,42.531,42.867,913729,0
2014-10-31,43.27,43.561,43.07,43.451,1031681,0
2014-11-03,43.635,43.787,43.359,43.66,1052523,0
2014-11-04,43.596,43.835,43.461,43.644,794033,0
2014-11-05,43.817,43.905,43.497,43.886,831739,0
2014-11-06,43.896,43.935,43.66,43.797,1117430,0
2014-11-07,43.844,43.998,43.579,43.817,1230762,0
2014-11-10,43.725,44.072,43.716,43.963,1036777,0
2014-11-11,44.015,44.015,43.698,43.886,694503,0
2014-11-12,43.752,43.807,43.517,43.635,930935,0
2014-11-13,43.752,44.023,43.606,43.652,529175,0
2014-11-14,43.596,43.742,43.359,43.487,406671,0
2014-11-17,43.487,43.835,43.279,43.652,577037,0
2014-11-18,43.579,43.896,43.35,43.551,687614,0
2014-11-19,43.461,43.615,43.187,43.477,344985,0
2014-11-20,43.232,43.635,43.232,43.551,343886,0
2014-11-21,43.871,43.935,43.468,43.589,555932,0
2014-11-24,43.752,43.761,43.461,43.698,634713,0
2014-11-25,43.807,43.886,43.579,43.778,364825,0
2014-11-26,43.835,43.835,43.625,43.761,306168,0
2014-11-28,43.935,44.217,43.625,43.679,353000,0
2014-12-01,43.579,43.644,43.35,43.388,440279,0
2014-12-02,43.433,43.752,43.388,43.707,538444,0
2014-12-03,44.065,44.239,43.578,44.194,706596,0
2014-12-04,44.155,44.651,44.074,44.651,670095,0
2014-12-05,44.699,45.054,44.542,44.634,735288,0
2014-12-08,44.66,45.182,44.184,44.827,1221972,0
2014-12-09,44.137,44.735,44.036,44.486,994369,0
2014-12-10,44.258,44.396,43.643,43.698,846571,0
2014-12-11,43.897,44.357,43.77,43.871,661182,0
2014-12-12,43.515,43.798,43.137,43.156,567097,0
2014-12-15,43.285,43.66,42.605,42.742,642827,0
2014-12-16,42.632,43.036,42.404,42.477,1042529,0
2014-12-17,42.622,43.074,42.294,43.055,1065669,0
2014-12-18,43.476,43.595,43.276,43.533,1067023,0
2014-12-19,43.515,43.818,43.405,43.525,1554374,0
2014-12-22,43.66,43.679,43.347,43.679,647241,0
2014-12-23,43.927,43.937,43.56,43.578,518342,0
2014-12-24,43.605,43.707,43.467,43.55,236455,0
2014-12-26,43.761,43.836,43.533,43.578,280782,0
2014-12-29,43.495,43.927,43.356,43.605,431369,0
2014-12-30,43.568,43.955,43.525,43.907,340524,0
2014-12-31,44.008,44.045,43.184,43.212,440874,0
2015-01-02,43.366,43.588,42.707,43.119,588989,0
2015-01-05,42.835,42.981,42.551,42.862,810712,0
2015-01-06,42.835,43.09,42.467,42.78,1015157,0
2015-01-07,42.962,43.247,42.66,43.193,701310,0
2015-01-08,43.414,44.093,43.294,43.946,875508,0
2015-01-09,43.907,43.946,43.303,43.347,475181,0
2015-01-12,43.285,43.568,42.909,43.212,494032,0
2015-01-13,43.605,44.155,43.018,43.422,738283,0
2015-01-14,42.99,43.294,42.698,43.119,431294,0
2015-01-15,43.1,43.54,42.825,42.862,601406,0
2015-01-16,42.357,42.632,41.99,42.385,1727700,0
2015-01-20,42.404,42.66,41.669,41.834,863450,0
2015-01-21,41.778,41.981,41.346,41.613,711909,0
2015-01-22,41.89,42.376,41.641,42.376,875473,0
2015-01-23,42.357,42.522,41.752,41.77,684304,0
2015-01-26,41.834,41.945,41.513,41.945,884988,0
2015-01-27,41.678,41.972,41.43,41.595,632602,0
2015-01-28,41.807,42.026,41.165,41.237,1290912,0
2015-01-29,41.32,41.457,40.835,41.385,821400,0
2015-01-30,41.285,41.414,40.759,40.779,948996,0
2015-02-02,41.064,41.448,40.603,41.448,1086037,0
2015-02-03,41.485,41.945,41.256,41.88,1284367,0
2015-02-04,42.129,42.99,42.045,42.513,1443913,0
2015-02-05,42.477,42.732,42.218,42.632,957688,0
2015-02-06,42.642,42.927,42.376,42.513,790533,0
2015-02-09,42.319,42.319,41.907,42.218,951425,0
2015-02-10,42.218,42.614,42.155,42.438,697198,0
2015-02-11,42.257,42.972,42.257,42.972,636135,0
2015-02-12,43.129,43.376,42.945,43.347,941073,0
2015-02-13,43.285,43.614,43.027,43.595,787690,0
2015-02-17,44.065,44.211,43.643,44.055,1413376,0
2015-02-18,44.008,44.386,43.844,44.367,1277768,0
2015-02-19,44.284,44.708,44.275,44.515,1563658,0
2015-02-20,44.422,44.587,44.184,44.56,662805,0
2015-02-23,44.449,44.476,43.634,43.937,754385,0
2015-02-24,43.798,44.137,43.294,43.688,1602669,0
2015-02-25,43.578,43.698,43.311,43.395,862076,0
2015-02-26,43.459,43.495,43.237,43.431,600546,0
2015-02-27,43.385,43.515,43.119,43.129,884099,0
2015-03-02,43.247,43.461,43.109,43.433,769645,0
2015-03-03,43.368,43.488,43.257,43.304,647820,0
2015-03-04,43.109,43.313,43.008,43.054,672899,0
2015-03-05,43.017,43.23,42.729,42.98,949733,0
2015-03-06,42.907,43.184,42.341,42.38,740244,0
2015-03-09,42.418,42.721,42.418,42.628,1271321,0
2015-03-10,42.341,42.729,42.211,42.22,1286780,0
2015-03-11,42.389,42.748,42.148,42.712,1048749,0
2015-03-12,42.934,43.443,42.934,43.407,738081,0
2015-03-13,43.461,43.544,42.805,43.017,487407,0
2015-03-16,43.203,43.924,43.1,43.886,1110149,0
2015-03-17,43.794,43.971,43.534,43.924,979245,0
2015-03-18,43.756,44.416,43.554,44.164,811693,0
2015-03-19,43.953,44.202,43.832,44.024,784996,0
2015-03-20,44.109,44.258,43.934,44.073,2484917,0
2015-03-23,44.193,44.202,43.849,43.849,739487,0
2015-03-24,43.841,43.997,43.498,43.534,564154,0
2015-03-25,43.683,43.683,42.841,42.841,657226,0
2015-03-26,42.777,43.407,42.628,43.137,917305,0
2015-03-27,43.074,43.378,42.953,43.295,665117,0
2015-03-30,43.582,44.144,43.478,43.859,786183,0
2015-03-31,43.591,43.591,43.184,43.247,1180835,0
2015-04-01,43.247,43.424,42.832,43.23,913197,0
2015-04-02,43.109,43.452,42.897,43.349,916007,0
2015-04-06,43.017,43.841,43.017,43.599,837745,0
2015-04-07,43.646,43.711,43.304,43.323,609768,0
2015-04-08,43.332,43.794,43.238,43.794,489243,0
2015-04-09,43.675,43.943,43.443,43.824,598767,0
2015-04-10,43.775,44.275,43.775,44.082,541022,0
2015-04-13,44.063,44.164,43.73,44.136,482434,0
2015-04-14,44.164,44.387,43.814,44.348,532698,0
2015-04-15,44.406,44.469,44.154,44.202,779563,0
2015-04-16,44.193,44.599,44.136,44.387,814607,0
2015-04-17,44.144,44.144,43.582,44.092,1073287,0
2015-04-20,44.173,44.432,44.136,44.32,888334,0
2015-04-21,44.387,44.535,43.849,44.092,984492,0
2015-04-22,44.092,44.136,43.675,44.136,504091,0
2015-04-23,43.924,44.423,43.924,44.183,1086259,0
2015-04-24,44.016,45.432,43.98,45.385,2005706,0
2015-04-27,45.385,45.404,44.802,44.894,1310233,0
2015-04-28,44.822,45.293,44.711,45.025,1503726,0
2015-04-29,44.72,45.09,44.58,44.914,1238567,0
2015-04-30,44.802,44.842,44.136,44.248,1237701,0
2015-05-01,44.416,44.711,44.294,44.33,657440,0
2015-05-04,44.387,44.507,44.082,44.136,678628,0
2015-05-05,43.943,44.173,43.341,43.655,1853742,0
2015-05-06,43.655,43.962,43.358,43.943,897798,0
2015-05-07,44.053,44.304,43.841,44.164,818900,0
2015-05-08,44.553,44.646,44.266,44.275,866283,0
2015-05-11,44.109,44.535,44.082,44.248,965298,0
2015-05-12,43.989,44.368,43.655,44.21,583160,0
2015-05-13,44.266,44.774,43.989,44.673,1976108,0
2015-05-14,44.914,44.914,44.608,44.739,1757969,0
2015-05-15,44.755,44.842,44.416,44.423,1282506,0
2015-05-18,44.459,44.914,44.387,44.729,1785985,0
2015-05-19,44.867,45.172,44.702,45.052,1751590,0
2015-05-20,45.146,45.875,45.015,45.792,1610742,0
2015-05-21,45.682,45.755,45.432,45.495,941302,0
2015-05-22,45.414,45.645,45.329,45.534,676467,0
2015-05-26,45.349,45.515,45.117,45.414,1613711,0
2015-05-27,45.451,45.543,45.163,45.414,1225487,0
2015-05-28,45.404,45.495,44.97,45.146,1147825,0
2015-05-29,45.181,45.19,44.636,44.822,6068199,0
2015-06-01,45.015,45.247,44.608,44.914,968897,0
2015-06-02,44.858,44.914,44.628,44.739,759565,0
2015-06-03,44.915,45.158,44.617,44.981,737690,0
2015-06-04,44.813,45.027,44.542,44.617,660028,0
2015-06-05,44.784,45.027,44.439,44.645,920585,0
2015-06-08,44.682,44.823,44.327,44.467,874566,0
2015-06-09,44.355,44.421,44.077,44.28,855329,0
2015-06-10,44.467,44.843,44.28,44.823,905118,0
2015-06-11,44.876,45.344,44.747,45.344,1407165,0
2015-06-12,45.223,45.41,45.12,45.223,807522,0
2015-06-15,44.739,45.316,44.729,45.288,1050166,0
2015-06-16,45.288,45.753,44.876,45.753,1045660,0
2015-06-17,45.771,46.099,45.67,45.986,805807,0
2015-06-18,45.986,46.145,45.762,45.884,1347622,0
2015-06-19,45.781,45.986,45.632,45.708,1590482,0
2015-06-22,45.865,45.996,45.596,45.717,655200,0
2015-06-23,45.83,45.951,45.568,45.735,951449,0
2015-06-24,45.612,45.762,45.344,45.371,671614,0
2015-06-25,45.55,45.55,45.036,45.149,577753,0
2015-06-26,45.149,45.324,44.833,44.905,2192474,0
2015-06-29,44.561,44.755,44.028,44.057,1013372,0
2015-06-30,44.476,44.662,43.927,44.096,1417794,0
2015-07-01,44.645,44.682,44.355,44.561,1145635,0
2015-07-02,44.542,44.561,44.124,44.355,717202,0
2015-07-06,43.966,44.28,43.879,44.225,965960,0
2015-07-07,44.207,44.31,43.806,44.28,1100260,0
2015-07-08,43.917,44.207,43.675,43.907,1241426,0
2015-07-09,44.272,44.317,44.001,44.114,741445,0
2015-07-10,44.439,44.496,44.254,44.355,547503,0
2015-07-13,44.617,44.682,44.467,44.617,640717,0
2015-07-14,44.525,44.876,44.486,44.851,668237,0
2015-07-15,44.843,44.924,44.617,44.702,638135,0
2015-07-16,44.895,44.924,44.598,44.924,726534,0
2015-07-17,44.962,44.99,44.702,44.954,910501,0
2015-07-20,44.915,45.046,44.711,44.886,603817,0
2015-07-21,44.934,45.054,44.365,44.617,888726,0
2015-07-22,44.506,44.924,44.476,44.515,557049,0
2015-07-23,44.476,44.784,44.365,44.439,810310,0
2015-07-24,44.429,44.617,44.216,44.216,560588,0
2015-07-27,44.047,44.317,43.927,44.14,733721,0
2015-07-28,44.3,44.31,43.927,43.992,1273929,0
2015-07-29,43.927,44.998,43.927,44.653,1620301,0
2015-07-30,44.506,44.617,44.337,44.429,837665,0
2015-07-31,44.561,44.589,44.188,44.216,1062395,0
2015-08-03,44.178,44.662,44.077,44.662,952128,0
2015-08-04,44.598,45.017,44.403,44.598,999535,0
2015-08-05,44.803,45.017,44.598,44.617,770514,0
2015-08-06,44.662,44.859,44.124,44.245,688976,0
2015-08-07,44.159,44.394,43.937,44.375,478957,0
2015-08-10,44.793,44.954,44.617,44.672,611327,0
2015-08-11,44.385,44.598,44.133,44.486,576637,0
2015-08-12,44.168,44.225,43.656,43.975,1083526,0
2015-08-13,43.907,44.216,43.713,43.844,1061106,0
2015-08-14,43.786,44.104,43.684,44.096,705080,0
2015-08-17,43.879,44.476,43.694,44.476,889586,0
2015-08-18,44.403,44.542,44.3,44.439,508240,0
2015-08-19,44.216,44.245,43.739,43.927,452997,0
2015-08-20,43.582,43.656,43.191,43.191,644151,0
2015-08-21,42.781,42.994,41.772,41.772,1316299,0
2015-08-24,39.817,41.007,37.28,40.17,1113917,0
2015-08-25,40.964,40.999,39.722,39.731,1302357,0
2015-08-26,40.796,40.796,39.668,40.366,1564413,0
2015-08-27,40.877,41.334,40.616,41.242,946759,0
2015-08-28,40.973,41.214,40.804,40.897,1072050,0
2015-08-31,40.824,40.905,40.616,40.756,889905,0
2015-09-01,39.929,40.17,39.32,39.461,1136731,0
2015-09-02,40.025,40.025,39.388,39.884,728903,0
2015-09-03,39.942,40.111,39.819,39.875,1686206,0
2015-09-04,39.48,39.688,39.104,39.188,1420802,0
2015-09-08,39.734,40.137,39.5,39.933,2205637,0
2015-09-09,40.223,40.429,39.66,39.704,1374441,0
2015-09-10,39.51,39.903,39.49,39.592,1013878,0
2015-09-11,39.51,39.612,39.273,39.5,1156568,0
2015-09-14,39.48,39.65,39.379,39.51,1163162,0
2015-09-15,39.573,39.838,39.48,39.743,938696,0
2015-09-16,39.801,40.073,39.602,39.951,968256,0
2015-09-17,39.98,40.355,39.734,39.942,1275822,0
2015-09-18,39.519,39.801,39.142,39.359,3205899,0
2015-09-21,39.772,39.913,39.564,39.81,1500550,0
2015-09-22,39.319,39.81,39.188,39.762,2066872,0
2015-09-23,39.782,39.893,39.422,39.602,909321,0
2015-09-24,39.359,39.461,39.095,39.388,1350263,0
2015-09-25,39.714,39.884,39.388,39.49,1340841,0
2015-09-28,39.31,39.406,38.596,38.69,1330260,0
2015-09-29,38.474,38.654,38.088,38.353,1509057,0
2015-09-30,38.474,38.878,38.267,38.822,1316172,0
2015-10-01,38.738,38.887,38.249,38.784,947840,0
2015-10-02,38.126,39.319,38.126,39.319,908391,0
2015-10-05,39.413,39.696,39.31,39.602,1492388,0
2015-10-06,39.422,39.704,39.422,39.622,1192934,0
2015-10-07,39.893,40.082,39.197,39.679,1566265,0
2015-10-08,39.602,40.091,39.422,40.015,893611,0
2015-10-09,40.005,40.147,39.942,40.025,827472,0
2015-10-12,39.98,40.177,39.913,40.147,720877,0
2015-10-13,39.961,40.137,39.724,39.743,532616,0
2015-10-14,39.734,40.015,39.16,39.923,1170605,0
2015-10-15,40.13,40.223,39.696,39.961,1150934,0
2015-10-16,39.987,40.345,39.961,40.298,1361257,0
2015-10-19,40.213,40.393,40.055,40.167,1550783,0
2015-10-20,40.065,41.021,40.025,40.861,1373087,0
2015-10-21,41.002,41.154,40.467,40.554,744109,0
2015-10-22,40.758,41.193,40.656,40.986,1008237,0
2015-10-23,41.154,41.323,40.88,40.968,1478009,0
2015-10-26,40.976,41.21,40.739,41.117,1123605,0
2015-10-27,40.909,41.126,40.739,41.051,1323722,0
2015-10-28,41.409,41.662,41.031,41.427,1707579,0
2015-10-29,41.126,41.652,41.126,41.521,1389434,0
2015-10-30,41.473,41.624,40.968,41.126,1486942,0
2015-11-02,40.617,41.089,40.355,41.08,1140539,0
2015-11-03,40.986,41.53,40.939,41.304,1661114,0
2015-11-04,41.351,41.56,41.21,41.39,1319080,0
2015-11-05,41.371,41.53,41.173,41.464,899459,0
2015-11-06,41.624,41.672,41.219,41.436,903074,0
2015-11-09,41.38,41.38,40.739,41.051,655709,0
2015-11-10,41.002,41.427,40.89,41.4,1063316,0
2015-11-11,41.473,41.794,41.351,41.596,1190065,0
2015-11-12,41.341,41.473,40.696,40.696,654470,0
2015-11-13,40.646,40.722,40.298,40.421,694665,0
2015-11-16,40.298,40.949,40.243,40.949,833533,0
2015-11-17,41.012,41.089,40.598,40.656,1025249,0
2015-11-18,40.703,41.229,40.627,41.201,853099,0
2015-11-19,41.135,41.341,40.939,41.258,722949,0
2015-11-20,41.38,41.737,41.38,41.56,861499,0
2015-11-23,41.682,41.888,41.418,41.483,938589,0
2015-11-24,41.304,41.727,41.249,41.503,943585,0
2015-11-25,41.578,41.614,41.249,41.332,563026,0
2015-11-27,41.38,41.56,41.154,41.38,320909,0
2015-11-30,41.511,41.702,41.144,41.144,1580407,0
2015-12-01,41.361,41.578,41.051,41.249,1144606,0
2015-12-02,41.352,41.429,41.153,41.219,1082613,0
2015-12-03,41.268,41.381,40.558,40.744,1090793,0
2015-12-04,40.842,41.666,40.754,41.656,933835,0
2015-12-07,41.589,41.77,41.391,41.751,894402,0
2015-12-08,41.429,41.513,41.01,41.097,978429,0
2015-12-09,40.877,41.381,40.725,40.975,1251719,0
2015-12-10,40.946,41.333,40.681,41.21,1360844,0
2015-12-11,40.734,41.457,40.691,41.172,1534601,0
2015-12-14,41.21,41.58,40.263,40.584,1740896,0
2015-12-15,40.887,41.465,40.887,41.315,1014491,0
2015-12-16,41.352,41.352,39.882,40.337,2690901,0
2015-12-17,40.281,40.489,38.935,39.133,2648939,0
2015-12-18,39.105,39.248,38.004,38.014,4289184,0
2015-12-21,38.194,38.403,37.398,38.232,2447137,0
2015-12-22,38.327,38.44,37.749,38.421,1607408,0
2015-12-23,38.555,38.905,38.204,38.905,1396691,0
2015-12-24,38.944,39.171,38.673,39.028,410057,0
2015-12-28,38.868,39.189,38.678,39.189,971608,0
2015-12-29,39.416,39.636,39.234,39.426,908456,0
2015-12-30,39.455,39.607,39.151,39.248,732594,0
2015-12-31,39.076,39.399,38.82,38.83,902105,0
2016-01-04,38.317,38.399,37.806,38.127,1227022,0
2016-01-05,38.242,38.364,37.938,38.232,1177913,0
2016-01-06,37.825,37.861,37.33,37.492,1028038,0
2016-01-07,36.819,36.952,36.374,36.714,1334252,0
2016-01-08,36.81,37.048,36.278,36.326,867879,0
2016-01-11,36.374,36.43,35.397,35.719,1739164,0
2016-01-12,35.918,35.984,35.501,35.928,1261995,0
2016-01-13,36.193,36.296,35.085,35.093,1814106,0
2016-01-14,35.168,36.118,34.885,35.756,2198652,0
2016-01-15,35.055,35.776,34.993,35.671,2363249,0
2016-01-19,36.032,36.127,35.121,35.272,1077647,0
2016-01-20,34.762,35.291,34.11,34.913,1313286,0
2016-01-21,34.998,35.254,34.781,34.855,966339,0
2016-01-22,35.387,35.773,35.311,35.709,795608,0
2016-01-25,35.643,35.653,34.96,34.979,808882,0
2016-01-26,35.208,35.643,35.093,35.424,877193,0
2016-01-27,35.282,35.591,34.922,35.159,803139,0
2016-01-28,35.387,35.619,34.354,34.372,3666721,0
2016-01-29,34.648,35.756,34.382,35.699,3664137,0
2016-02-01,35.624,36.118,35.272,35.879,1757301,0
2016-02-02,35.529,35.756,35.272,35.556,1350282,0
2016-02-03,35.851,36.658,35.433,36.553,1812538,0
2016-02-04,36.402,36.856,36.09,36.686,1527905,0
2016-02-05,36.507,36.752,36.223,36.345,1485533,0
2016-02-08,35.976,36.288,35.786,36.213,1114866,0
2016-02-09,35.909,36.316,35.709,35.87,856295,0
2016-02-10,35.976,36.384,35.86,36.041,989065,0
2016-02-11,35.369,36.108,35.272,35.87,1310626,0
2016-02-12,36.354,36.572,36.007,36.507,988146,0
2016-02-16,36.97,37.113,36.686,36.989,1344346,0
2016-02-17,37.237,37.444,37.123,37.359,926962,0
2016-02-18,37.33,37.758,37.082,37.674,1251677,0
2016-02-19,37.389,37.572,37.151,37.398,1135295,0
2016-02-22,37.635,37.967,37.625,37.871,1002008,0
2016-02-23,37.729,37.881,37.453,37.512,627641,0
2016-02-24,37.171,37.645,36.97,37.606,609357,0
2016-02-25,37.645,37.948,37.453,37.948,686943,0
2016-02-26,38.1,38.194,37.787,37.994,626295,0
2016-02-29,37.901,38.204,37.625,37.797,1113743,0
2016-03-01,38.1,38.517,37.834,38.517,863648,0
2016-03-02,38.363,38.603,38.066,38.593,1242029,0
2016-03-03,38.546,38.957,38.42,38.957,785568,0
2016-03-04,38.938,39.255,38.698,39.255,886417,0
2016-03-07,39.101,39.514,38.861,39.425,543318,0
2016-03-08,39.206,39.311,38.856,39.139,566977,0
2016-03-09,39.236,39.415,39.024,39.34,1063814,0
2016-03-10,39.542,39.752,39.196,39.742,882948,0
2016-03-11,40.163,40.786,40.117,40.786,1025002,0
2016-03-14,40.692,40.776,40.221,40.642,768790,0
2016-03-15,40.488,40.93,40.345,40.853,915956,0
2016-03-16,40.632,41.275,40.518,41.14,1150064,0
2016-03-17,41.112,42.031,41.112,41.848,884422,0
2016-03-18,41.677,42.127,41.618,41.821,1725857,0
2016-03-21,42.241,42.365,41.973,42.221,828926,0
2016-03-22,42.078,42.433,41.945,42.221,674390,0
2016-03-23,42.184,42.271,41.907,42.146,751512,0
2016-03-24,41.973,42.127,41.801,42.107,704072,0
2016-03-28,42.165,42.241,42.003,42.059,831491,0
2016-03-29,42.05,42.424,41.887,42.385,1238982,0
2016-03-30,42.576,42.748,42.405,42.48,798274,0
2016-03-31,42.433,42.768,42.405,42.584,936884,0
2016-04-01,42.405,42.797,42.174,42.728,670096,0
2016-04-04,42.673,42.825,42.378,42.549,1126367,0
2016-04-05,42.211,42.336,41.848,41.867,616430,0
2016-04-06,41.925,42.184,41.733,42.127,676411,0
2016-04-07,41.839,41.935,41.331,41.58,1140345,0
2016-04-08,41.954,42.069,41.618,41.733,656822,0
2016-04-11,41.714,42.298,41.404,41.935,607073,0
2016-04-12,42.021,42.29,41.718,42.211,822715,0
2016-04-13,42.308,42.892,42.241,42.892,691175,0
2016-04-14,42.816,42.963,42.591,42.788,708892,0
2016-04-15,42.816,43.045,42.728,43.026,678520,0
2016-04-18,42.912,43.4,42.825,43.371,705347,0
2016-04-19,43.351,43.725,43.209,43.4,929201,0
2016-04-20,43.466,43.572,43.045,43.438,512982,0
2016-04-21,43.276,43.591,42.83,42.844,815863,0
2016-04-22,42.788,43.351,42.768,43.112,1527562,0
2016-04-25,43.075,43.132,42.758,42.997,855814,0
2016-04-26,43.065,43.246,42.882,43.151,714656,0
2016-04-27,43.237,43.505,43.092,43.217,501730,0
2016-04-28,42.95,43.036,42.46,42.539,1037447,0
2016-04-29,43.735,44.472,43.39,44.08,2093447,0
2016-05-02,44.253,44.99,44.194,44.902,1678475,0
2016-05-03,44.491,44.716,44.155,44.415,1076425,0
2016-05-04,44.184,45.114,44.184,45.055,1305312,0
2016-05-05,45.228,45.411,44.961,45.075,935146,0
2016-05-06,44.864,45.065,44.703,44.961,772780,0
2016-05-09,44.778,45.095,44.73,44.912,768352,0
2016-05-10,45.18,45.708,44.873,45.708,849367,0
2016-05-11,45.545,45.753,45.095,45.133,609433,0
2016-05-12,45.352,45.515,45.189,45.467,590130,0
2016-05-13,45.314,45.421,44.902,45.123,668567,0
2016-05-16,45.055,45.73,45.055,45.391,714368,0
2016-05-17,45.333,45.565,44.892,45.18,889042,0
2016-05-18,45.036,46.023,45.036,45.545,1201161,0
2016-05-19,45.257,45.669,45.104,45.593,968186,0
2016-05-20,45.639,46.033,45.639,45.745,872251,0
2016-05-23,45.603,45.773,45.458,45.574,470407,0
2016-05-24,45.879,46.214,45.467,46.081,827135,0
2016-05-25,46.214,46.366,45.859,46.09,3318271,0
2016-05-26,46.147,46.205,45.813,45.967,1912672,0
2016-05-27,45.889,46.569,45.823,46.147,38830552,0
2016-05-31,46.396,46.445,45.957,46.272,2276244,0
2016-06-01,46.166,46.242,45.515,46.224,1180309,0
2016-06-02,46.166,46.562,45.944,46.562,1186200,0
2016-06-03,46.262,46.321,45.779,46.185,1286201,0
2016-06-06,46.185,46.512,45.964,46.146,1059697,0
2016-06-07,46.282,46.316,46.069,46.204,1150529,0
2016-06-08,46.146,46.451,46.006,46.242,870714,0
2016-06-09,46.166,46.667,45.992,46.667,1676654,0
2016-06-10,46.321,46.557,46.049,46.349,1281004,0
2016-06-13,46.272,46.502,45.876,45.904,937406,0
2016-06-14,45.674,45.731,45.046,45.162,1397905,0
2016-06-15,45.269,45.269,44.685,44.727,1423207,0
2016-06-16,44.565,44.979,44.4,44.979,960664,0
2016-06-17,45.036,45.036,44.516,44.96,1529761,0
2016-06-20,45.394,45.577,45.134,45.162,1010938,0
2016-06-21,45.21,45.414,45.036,45.153,1352153,0
2016-06-22,45.259,45.438,45.134,45.162,879582,0
2016-06-23,45.644,45.896,45.47,45.896,935596,0
2016-06-24,44.274,44.727,43.729,43.762,3054883,0
2016-06-27,43.184,43.464,42.363,42.518,1992539,0
2016-06-28,42.934,43.797,42.884,43.696,1894366,0
2016-06-29,44.062,44.746,43.967,44.737,987557,0
2016-06-30,44.95,45.954,44.709,45.934,1339484,0
2016-07-01,45.789,46.166,45.614,46.127,1218305,0
2016-07-05,45.789,45.914,45.577,45.886,1154166,0
2016-07-06,45.509,46.252,45.499,46.194,1392165,0
2016-07-07,46.311,46.502,46.021,46.321,909012,0
2016-07-08,46.581,47.053,46.466,46.996,1178702,0
2016-07-11,47.189,47.334,47.053,47.266,845731,0
2016-07-12,47.497,47.662,47.294,47.449,842964,0
2016-07-13,47.343,47.479,47.005,47.063,1294275,0
2016-07-14,47.411,47.536,47.034,47.237,1697531,0
2016-07-15,47.237,47.391,47.053,47.304,887057,0
2016-07-18,47.198,47.343,46.865,46.928,657704,0
2016-07-19,46.812,47.081,46.736,46.996,610920,0
2016-07-20,47.092,47.208,46.914,47.073,416439,0
2016-07-21,46.996,47.189,46.827,46.928,748016,0
2016-07-22,46.937,47.488,46.937,47.439,617605,0
2016-07-25,47.343,47.797,47.304,47.787,1243349,0
2016-07-26,47.777,47.961,47.488,47.729,1001504,0
2016-07-27,47.71,48.028,47.594,47.768,983705,0
2016-07-28,47.632,47.797,47.411,47.68,1332765,0
2016-07-29,47.334,47.536,46.456,47.469,1999397,0
2016-08-01,47.469,47.845,47.284,47.816,1174863,0
2016-08-02,47.7,47.913,47.097,47.266,1295990,0
2016-08-03,47.159,47.488,47.136,47.284,1162684,0
2016-08-04,47.14,47.574,47.102,47.189,1095403,0
2016-08-05,47.479,47.739,47.439,47.574,863123,0
2016-08-08,47.584,47.932,47.488,47.68,802922,0
2016-08-09,47.623,48.003,47.623,47.845,752904,0
2016-08-10,47.903,48.048,47.825,47.99,619655,0
2016-08-11,48.008,48.224,47.932,48.008,687504,0
2016-08-12,47.864,48.106,47.614,47.652,872447,0
2016-08-15,47.7,47.98,47.565,47.574,1080237,0
2016-08-16,47.429,47.729,47.053,47.063,2095365,0
2016-08-17,47.005,47.087,46.707,46.899,1429747,0
2016-08-18,46.957,47.024,46.707,46.822,1533998,0
2016-08-19,46.637,47.015,46.505,46.842,5256967,0
2016-08-22,46.842,47.194,46.677,47.092,890776,0
2016-08-23,47.294,47.428,46.672,46.773,1648941,0
2016-08-24,46.687,46.918,46.567,46.908,1720580,0
2016-08-25,46.852,47.284,46.783,47.179,863572,0
2016-08-26,47.284,47.623,47.044,47.304,1115805,0
2016-08-29,47.314,47.859,47.289,47.835,749548,0
2016-08-30,47.961,48.193,47.55,47.806,737193,0
2016-08-31,47.874,48.186,47.661,48.05,1030426,0
2016-09-01,48.078,48.176,47.709,48.059,600078,0
2016-09-02,48.254,48.613,48.137,48.613,655185,0
2016-09-06,48.574,48.672,48.224,48.672,982892,0
2016-09-07,48.506,49.061,48.39,49.061,889276,0
2016-09-08,49.011,49.1,48.798,48.905,676140,0
2016-09-09,48.467,48.672,47.797,47.816,1286673,0
2016-09-12,47.651,48.875,47.592,48.808,1463529,0
2016-09-13,48.526,48.593,48.176,48.254,1323285,0
2016-09-14,48.283,48.448,47.904,48.059,1091282,0
2016-09-15,47.942,48.759,47.942,48.642,807350,0
2016-09-16,48.234,48.759,48.04,48.283,1808655,0
2016-09-19,48.642,48.672,48.196,48.526,1127244,0
2016-09-20,48.856,49.08,48.623,48.702,720752,0
2016-09-21,48.749,49.313,48.672,49.265,1069967,0
2016-09-22,49.595,49.829,49.479,49.693,704886,0
2016-09-23,49.411,49.673,49.285,49.285,762050,0
2016-09-26,48.934,49.148,48.234,49.031,922311,0
2016-09-27,49.021,49.537,48.875,49.401,629176,0
2016-09-28,49.421,49.605,49.105,49.567,594352,0
2016-09-29,49.489,49.489,48.637,48.934,837642,0
2016-09-30,49.333,49.683,49.323,49.469,1325640,0
2016-10-03,49.323,49.421,48.984,49.07,482383,0
2016-10-04,49.09,49.207,48.458,48.895,973032,0
2016-10-05,49.157,49.372,48.954,49.031,585638,0
2016-10-06,49.031,49.391,48.74,49.362,681640,0
2016-10-07,49.489,49.489,48.993,49.177,505305,0
2016-10-10,49.527,49.673,49.129,49.139,473615,0
2016-10-11,49.08,49.119,48.312,48.448,592630,0
2016-10-12,48.467,49.265,48.467,49.08,462594,0
2016-10-13,48.818,48.915,48.467,48.692,667136,0
2016-10-14,49.08,49.313,48.838,48.856,506914,0
2016-10-17,48.944,48.974,48.496,48.536,578025,0
2016-10-18,49.031,49.031,48.56,48.642,460717,0
2016-10-19,48.798,48.875,48.472,48.642,843486,0
2016-10-20,48.477,48.477,47.748,47.825,784934,0
2016-10-21,47.524,47.84,47.29,47.622,799975,0
2016-10-24,47.952,48.108,47.203,47.213,1127457,0
2016-10-25,47.116,47.232,46.96,47.038,893390,0
2016-10-26,46.873,47.378,46.873,47.174,640316,0
2016-10-27,47.339,47.436,46.737,46.775,937021,0
2016-10-28,47.631,48.331,46.445,46.999,900678,0
2016-10-31,47.174,47.213,46.794,46.902,946310,0
2016-11-01,47.057,47.086,46.221,46.338,815609,0
2016-11-02,46.289,46.522,46.017,46.046,995031,0
2016-11-03,46.183,46.834,46.183,46.357,638763,0
2016-11-04,46.329,46.552,45.861,46.173,965317,0
2016-11-07,46.892,47.242,46.747,47.232,817576,0
2016-11-08,47.213,47.671,47.077,47.582,1068598,0
2016-11-09,47.466,48.769,46.931,48.526,1267312,0
2016-11-10,48.944,49.906,48.818,49.789,896654,0
2016-11-11,49.732,50.198,49.693,50.121,1102787,0
2016-11-14,50.354,50.899,50.081,50.685,1504641,0
2016-11-15,50.111,50.461,49.527,49.663,1306066,0
2016-11-16,49.469,49.547,49.177,49.459,931367,0
2016-11-17,49.499,50.471,49.459,50.208,620945,0
2016-11-18,50.101,50.208,49.926,50.101,904963,0
2016-11-21,50.188,50.49,49.906,49.985,504596,0
2016-11-22,50.101,50.354,49.72,49.78,1033362,0
2016-11-23,49.906,50.519,49.878,50.237,970192,0
2016-11-25,50.247,50.431,50.091,50.431,331693,0
2016-11-28,50.218,50.413,49.742,49.809,720982,0
2016-11-29,49.878,50.062,49.78,49.839,1000024,0
2016-11-30,50.133,50.191,49.29,49.329,2030325,0
2016-12-01,49.329,49.388,48.565,48.721,1417557,0
2016-12-02,48.663,48.957,47.977,48.163,1182399,0
2016-12-05,48.536,48.741,48.212,48.32,1405565,0
2016-12-06,48.536,48.923,48.31,48.81,2268498,0
2016-12-07,48.81,49.432,48.653,49.418,2186399,0
2016-12-08,49.545,49.603,49.035,49.134,897115,0
2016-12-09,49.104,49.731,48.918,49.731,1183675,0
2016-12-12,49.672,49.966,49.574,49.662,1816431,0
2016-12-13,49.956,50.113,49.819,50.015,1280227,0
2016-12-14,49.907,50.123,49.094,49.211,1591092,0
2016-12-15,49.231,50.005,49.211,49.789,1167021,0
2016-12-16,49.917,50.691,49.834,50.505,8753589,0
2016-12-19,50.485,50.808,50.172,50.623,1022917,0
2016-12-20,50.917,50.926,50.603,50.818,965989,0
2016-12-21,50.848,51.034,50.574,50.681,536498,0
2016-12-22,50.691,50.95,50.534,50.926,527718,0
2016-12-23,50.945,51.064,50.779,50.955,568160,0
2016-12-27,50.975,51.044,50.808,50.897,534560,0
2016-12-28,50.965,50.995,50.554,50.574,696082,0
2016-12-29,50.623,50.858,50.603,50.789,931187,0
2016-12-30,50.907,51.102,50.583,50.907,1246688,0
2017-01-03,50.945,51.269,50.75,51.181,1080690,0
2017-01-04,51.358,52.15,51.181,51.827,1411428,0
2017-01-05,51.69,52.013,51.515,51.946,1336618,0
2017-01-06,52.141,52.278,52.008,52.063,889958,0
2017-01-09,51.916,52.063,51.308,51.338,941502,0
2017-01-10,51.368,51.68,51.211,51.358,629007,0
2017-01-11,51.328,51.538,50.985,51.416,634915,0
2017-01-12,51.112,51.582,50.907,51.515,1098436,0
2017-01-13,51.582,51.964,51.582,51.739,518273,0
2017-01-17,51.358,51.739,51.083,51.505,704212,0
2017-01-18,51.67,51.936,51.229,51.857,521100,0
2017-01-19,51.964,51.984,51.445,51.602,531444,0
2017-01-20,51.69,51.895,51.505,51.769,718241,0
2017-01-23,51.67,51.881,51.515,51.67,736599,0
2017-01-24,51.857,52.337,51.7,52.15,893753,0
2017-01-25,52.415,52.778,52.22,52.699,933225,0
2017-01-26,52.798,52.974,52.651,52.699,873760,0
2017-01-27,52.611,53.542,51.974,53.513,1075491,0
2017-01-30,53.159,53.405,52.249,52.778,1097888,0
2017-01-31,52.68,52.905,52.444,52.738,850406,0
2017-02-01,52.905,53.092,52.307,52.357,771056,0
2017-02-02,52.288,53.072,52.111,52.856,889361,0
2017-02-03,53.159,53.366,52.768,52.915,863951,0
2017-02-06,52.728,53.102,52.728,52.925,449508,0
2017-02-07,53.179,53.179,52.68,52.837,590889,0
2017-02-08,52.748,52.984,52.543,52.964,645335,0
2017-02-09,53.052,53.64,52.974,53.6,795277,0
2017-02-10,53.719,54.183,53.366,54.051,947578,0
2017-02-13,54.228,54.61,54.041,54.424,692389,0
2017-02-14,54.14,54.659,54.075,54.434,904306,0
2017-02-15,54.434,54.757,54.238,54.688,578875,0
2017-02-16,54.688,55.345,54.649,55.325,653766,0
2017-02-17,55.1,55.786,54.826,55.786,1231076,0
2017-02-21,55.551,56.03,54.923,55.011,1240846,0
2017-02-22,54.914,55.257,54.659,55.08,720194,0
2017-02-23,55.09,55.325,55.031,55.325,564666,0
2017-02-24,55.002,55.756,54.826,55.707,766831,0
2017-02-27,55.707,55.923,55.649,55.825,658800,0
2017-02-28,55.619,56.099,55.619,55.796,850525,0
2017-03-01,56.486,57.038,56.269,56.98,1161277,0
2017-03-02,56.93,57.008,55.953,56.012,827790,0
2017-03-03,55.854,56.174,55.696,56.092,663182,0
2017-03-06,55.657,55.934,55.539,55.638,671198,0
2017-03-07,55.578,55.776,55.095,55.558,892679,0
2017-03-08,55.835,55.864,55.213,55.391,688295,0
2017-03-09,55.41,55.706,55.213,55.48,710941,0
2017-03-10,55.844,55.963,55.46,55.894,593206,0
2017-03-13,55.796,56.23,55.741,56.22,1094819,0
2017-03-14,56.111,56.16,55.766,56.082,627377,0
2017-03-15,56.121,56.388,55.983,56.298,824777,0
2017-03-16,56.555,56.752,55.958,56.092,868911,0
2017-03-17,56.13,56.333,55.805,56.16,5677544,0
2017-03-20,56.18,56.496,55.894,56.111,860061,0
2017-03-21,56.397,56.397,55.213,55.253,1011456,0
2017-03-22,55.194,55.667,55.085,55.361,1027605,0
2017-03-23,55.44,56.032,55.164,55.519,775296,0
2017-03-24,55.696,56.15,55.46,55.677,891320,0
2017-03-27,55.115,55.884,54.784,55.776,636985,0
2017-03-28,55.628,56.318,55.361,56.24,674121,0
2017-03-29,56.19,56.328,55.963,56.022,788607,0
2017-03-30,55.874,56.15,55.825,56.002,454062,0
2017-03-31,55.835,56.052,55.731,55.776,954147,0
2017-04-03,55.835,55.874,55.056,55.263,899186,0
2017-04-04,55.253,55.746,55.016,55.618,722203,0
2017-04-05,55.746,55.894,55.194,55.243,842177,0
2017-04-06,55.332,55.736,54.977,55.638,698752,0
2017-04-07,55.509,55.805,55.322,55.568,907210,0
2017-04-10,55.5,55.776,55.371,55.578,1251907,0
2017-04-11,55.342,55.766,55.134,55.539,1048155,0
2017-04-12,55.401,55.42,54.858,55.036,1022535,0
2017-04-13,54.908,55.105,54.72,54.76,542199,0
2017-04-17,54.986,55.568,54.74,55.519,883868,0
2017-04-18,55.381,55.677,55.119,55.282,784912,0
2017-04-19,55.598,55.687,54.937,55.065,755266,0
2017-04-20,55.272,55.716,55.036,55.49,2037806,0
2017-04-21,55.243,55.608,54.858,54.858,778448,0
2017-04-24,55.726,55.736,55.095,55.292,845060,0
2017-04-25,55.638,55.805,55.401,55.677,797275,0
2017-04-26,55.667,55.929,55.517,55.588,967325,0
2017-04-27,55.736,56.22,55.736,55.963,776249,0
2017-04-28,55.549,55.549,54.503,55.056,1145510,0
2017-05-01,55.342,55.381,54.917,55.184,790094,0
2017-05-02,54.908,55.45,54.148,54.325,1773699,0
2017-05-03,54.207,54.483,54.079,54.266,1355196,0
2017-05-04,54.503,54.71,54.118,54.612,1258829,0
2017-05-05,54.73,54.957,54.612,54.957,664001,0
2017-05-08,55.075,55.174,54.602,54.73,760689,0
2017-05-09,54.829,55.006,54.404,54.473,706283,0
2017-05-10,54.345,54.868,54.187,54.73,963929,0
2017-05-11,54.493,54.819,54.059,54.385,966579,0
2017-05-12,54.177,54.454,53.877,53.99,802636,0
2017-05-15,53.931,54.523,53.763,54.444,881307,0
2017-05-16,54.523,54.725,54.306,54.562,569253,0
2017-05-17,53.891,54.483,53.891,54.217,841733,0
2017-05-18,54.493,54.838,54.168,54.631,800989,0
2017-05-19,54.572,55.184,54.523,55.006,1274082,0
2017-05-22,55.144,55.558,54.913,55.509,800250,0
2017-05-23,55.519,55.983,55.302,55.924,901562,0
2017-05-24,55.953,56.14,55.758,56.072,549841,0
2017-05-25,56.23,56.792,56.052,56.772,774758,0
2017-05-26,56.644,56.762,56.333,56.348,866971,0
2017-05-30,56.042,56.378,55.787,56.2,984096,0
2017-05-31,56.428,56.557,55.961,56.349,1366270,0
2017-06-01,56.498,57.074,56.339,57.074,1232403,0
2017-06-02,56.945,57.163,56.677,56.965,537734,0
2017-06-05,56.855,57.104,56.498,56.528,796608,0
2017-06-06,56.319,56.319,55.807,55.872,593928,0
2017-06-07,56.11,56.756,55.847,56.547,1009102,0
2017-06-08,56.657,57.054,56.488,57.004,788084,0
2017-06-09,57.114,57.561,56.845,57.491,707908,0
2017-06-12,57.481,57.67,57.238,57.66,925747,0
2017-06-13,57.799,58.162,57.69,57.739,865098,0
2017-06-14,57.62,57.799,57.258,57.58,1363804,0
2017-06-15,57.372,58.445,57.352,58.415,1595043,0
2017-06-16,58.375,58.633,58.167,58.574,1264575,0
2017-06-19,58.594,58.713,58.345,58.613,718685,0
2017-06-20,58.524,58.693,58.266,58.266,580817,0
2017-06-21,58.474,58.572,57.441,57.511,758855,0
2017-06-22,57.282,57.471,56.716,56.716,693906,0
2017-06-23,56.796,56.955,56.319,56.329,1205848,0
2017-06-26,56.567,56.786,56.329,56.478,1151159,0
2017-06-27,56.498,56.603,56.051,56.13,1192517,0
2017-06-28,56.448,57.119,56.259,57.004,924095,0
2017-06-29,57.322,57.362,56.23,56.637,867187,0
2017-06-30,56.965,57.064,56.592,56.865,818562,0
2017-07-03,57.213,57.62,57.143,57.143,452164,0
2017-07-05,57.233,57.352,56.955,57.104,726510,0
2017-07-06,57.034,57.362,56.696,56.776,719108,0
2017-07-07,57.143,57.68,56.938,57.322,621909,0
2017-07-10,57.322,57.451,57.014,57.074,889622,0
2017-07-11,57.074,57.327,56.339,56.379,794130,0
2017-07-12,56.557,56.874,56.368,56.488,789636,0
2017-07-13,56.577,57.292,56.418,57.173,627464,0
2017-07-14,56.965,57.342,56.696,57.223,553658,0
2017-07-17,57.213,57.302,56.786,57.114,795581,0
2017-07-18,56.726,57.332,56.726,57.173,472555,0
2017-07-19,57.362,57.362,56.875,57.302,525910,0
2017-07-20,57.412,57.878,57.392,57.878,631834,0
2017-07-21,57.729,58.385,57.729,58.256,760373,0
2017-07-24,58.296,58.514,57.929,58.435,569573,0
2017-07-25,58.931,59.1,58.604,58.703,436725,0
2017-07-26,58.733,58.782,58.167,58.276,576627,0
2017-07-27,58.286,58.385,55.822,57.64,807919,0
2017-07-28,58.226,59.239,57.422,59.011,806383,0
2017-07-31,59.17,59.17,58.345,58.395,741300,0
2017-08-01,58.633,58.931,58.484,58.792,488837,0
2017-08-02,58.683,58.782,58.325,58.623,656575,0
2017-08-03,58.683,58.683,58.176,58.256,494872,0
2017-08-04,58.474,58.708,58.216,58.623,740216,0
2017-08-07,58.604,58.724,58.276,58.514,602303,0
2017-08-08,58.385,58.574,58.286,58.415,537261,0
2017-08-09,58.325,58.643,58.325,58.504,433809,0
2017-08-10,58.256,58.574,58.037,58.216,930504,0
2017-08-11,58.236,58.584,57.958,58.027,549938,0
2017-08-14,58.425,58.594,58.315,58.464,555278,0
2017-08-15,58.643,58.772,58.216,58.325,333601,0
2017-08-16,58.564,58.981,58.474,58.514,504821,0
2017-08-17,58.464,58.723,57.441,57.461,412227,0
2017-08-18,57.352,57.739,57.134,57.551,585432,0
2017-08-21,57.511,57.928,57.279,57.739,545734,0
2017-08-22,57.898,58.231,57.61,58.226,509291,0
2017-08-23,57.998,58.296,57.789,57.819,429900,0
2017-08-24,57.888,58.008,57.62,57.918,671854,0
2017-08-25,58.147,58.286,57.938,57.988,490322,0
2017-08-28,58.037,58.236,57.839,57.908,410828,0
2017-08-29,57.481,57.759,57.372,57.65,500605,0
2017-08-30,57.7,58.14,57.68,57.82,637029,0
2017-08-31,58.01,58.21,57.74,57.9,688678,0
2017-09-01,58.01,58.37,57.92,57.92,438040,0
2017-09-05,57.7,57.99,57.19,57.71,1466197,0
2017-09-06,57.96,58.39,57.29,58.18,692129,0
2017-09-07,58.2,58.27,57.55,57.68,629590,0
2017-09-08,57.59,59.92,57.5264,59.69,1378238,0
2017-09-11,59.49,60.33,59.19,60.04,1529046,0
2017-09-12,60.13,61.44,59.41,60.32,861842,0
2017-09-13,60.18,60.3,59.28,59.96,1032819,0
2017-09-14,60.02,60.19,59.64,60.0,1356027,0
2017-09-15,59.94,60.56,59.75,60.38,1816486,0
2017-09-18,60.34,60.62,60.13,60.4,993491,0
2017-09-19,60.4,60.77,60.29,60.37,820034,0
2017-09-20,60.52,60.845,60.26,60.72,766132,0
2017-09-21,60.72,60.83,60.456,60.67,575830,0
2017-09-22,60.65,61.03,60.507,60.99,785511,0
2017-09-25,60.91,61.06,60.48,60.88,1026280,0
2017-09-26,60.82,61.66,60.744,61.48,1183532,0
2017-09-27,61.87,61.87,61.19,61.63,918472,0
2017-09-28,61.65,61.75,61.36,61.51,578623,0
2017-09-29,61.2,61.63,61.13,61.55,798801,0
2017-10-02,61.68,61.74,60.97,61.69,858999,0
2017-10-03,61.63,62.07,61.52,62.0,618421,0
2017-10-04,61.65,61.73,60.87,61.6,602044,0
2017-10-05,61.6,61.895,61.52,61.8,472013,0
2017-10-06,61.97,62.12,61.53,61.76,578634,0
2017-10-09,61.75,61.9,61.45,61.6,578609,0
2017-10-10,61.56,61.87,61.52,61.87,533228,0
2017-10-11,61.84,61.86,61.58,61.72,497071,0
2017-10-12,61.77,62.135,61.75,62.04,479761,0
2017-10-13,62.0,62.31,61.78,62.02,390961,0
2017-10-16,62.07,62.21,61.49,62.12,485227,0
2017-10-17,62.22,62.36,61.71,61.88,603876,0
2017-10-18,61.98,62.39,61.75,62.13,564102,0
2017-10-19,62.0,62.64,61.83,62.64,487762,0
2017-10-20,63.11,63.14,62.75,62.92,558545,0
2017-10-23,63.02,63.14,62.495,62.96,512773,0
2017-10-24,62.94,63.2,62.66,62.83,572017,0
2017-10-25,62.8,62.91,62.21,62.54,538791,0
2017-10-26,62.74,62.905,62.1,62.25,759352,0
2017-10-27,62.91,63.2,61.91,62.54,845509,0
2017-10-30,62.26,62.84,62.14,62.74,751090,0
2017-10-31,62.69,63.37,62.6,63.33,761534,0
2017-11-01,63.57,64.05,63.45,63.6,607827,0
2017-11-02,63.67,64.06,62.75,63.88,919341,0
2017-11-03,63.59,63.93,63.31,63.69,523541,0
2017-11-06,63.38,64.24,63.38,64.14,672044,0
2017-11-07,64.19,64.45,63.43,63.71,794747,0
2017-11-08,63.63,63.78,63.33,63.53,663153,0
2017-11-09,63.65,63.77,63.65,63.65,317254,0
2017-11-10,63.66,64.2,63.36,64.08,590687,0
