Date,Open,High,Low,Close,Volume,OpenInt
2014-01-02,18.0,18.04,17.65,17.79,417292,0
2014-01-03,17.78,17.93,17.75,17.79,223062,0
2014-01-06,17.8,17.81,17.65,17.67,317777,0
2014-01-07,17.73,17.85,17.69,17.77,347763,0
2014-01-08,17.79,17.82,17.65,17.77,261878,0
2014-01-09,17.87,18.05,17.7,17.94,617497,0
2014-01-10,17.97,18.16,17.9,18.07,428399,0
2014-01-13,17.98,18.11,17.86,17.98,376925,0
2014-01-14,18.01,18.19,17.87,17.93,380758,0
2014-01-15,18.03,18.4,18.01,18.17,358833,0
2014-01-16,18.08,18.09,17.9,18.05,417937,0
2014-01-17,17.98,18.12,17.72,17.83,186777,0
2014-01-21,17.9,17.97,17.58,17.71,268259,0
2014-01-22,17.72,17.76,17.6,17.65,1895064,0
2014-01-23,17.63,17.77,17.57,17.6,265178,0
2014-01-24,17.5,17.52,17.18,17.19,893444,0
2014-01-27,17.18,17.22,16.87,16.93,495946,0
2014-01-28,16.93,17.25,16.9,17.19,406085,0
2014-01-29,16.99,17.1,16.75,16.81,336561,0
2014-01-30,16.92,17.05,16.65,16.9,304528,0
2014-01-31,16.62,17.16,16.59,17.02,269242,0
2014-02-03,17.03,17.13,16.34,16.4,450231,0
2014-02-04,16.44,16.72,16.38,16.48,295839,0
2014-02-05,16.42,16.71,16.25,16.59,279851,0
2014-02-06,16.75,17.03,16.61,16.97,252972,0
2014-02-07,17.34,17.97,17.26,17.91,677617,0
2014-02-10,17.96,18.12,17.66,17.74,570951,0
2014-02-11,17.84,17.99,17.7,17.83,455082,0
2014-02-12,17.91,18.16,17.91,18.06,510757,0
2014-02-13,17.95,18.4,17.94,18.4,406573,0
2014-02-14,18.44,18.83,18.36,18.8,767208,0
2014-02-18,18.87,19.0,18.71,18.8,418470,0
2014-02-19,18.74,19.02,18.74,18.84,404517,0
2014-02-20,18.9,19.07,18.89,19.0,595613,0
2014-02-21,19.04,19.11,18.95,19.01,1254209,0
2014-02-24,19.0,19.21,18.89,18.9,340364,0
2014-02-25,18.9,19.02,18.66,18.68,213365,0
2014-02-26,18.7,18.95,18.65,18.73,253920,0
2014-02-27,18.77,19.03,18.76,18.9,405971,0
2014-02-28,18.94,19.09,18.58,18.63,546319,0
2014-03-03,18.51,18.94,18.27,18.9,1166381,0
2014-03-04,19.17,19.54,19.16,19.46,576391,0
2014-03-05,19.43,19.58,19.21,19.23,277264,0
2014-03-06,19.29,19.55,19.23,19.41,300294,0
2014-03-07,19.57,19.58,19.25,19.32,295484,0
2014-03-10,19.3,19.45,19.2,19.36,753061,0
2014-03-11,19.33,19.46,19.09,19.11,402435,0
2014-03-12,19.0,19.03,18.77,18.95,259738,0
2014-03-13,19.0,19.03,18.44,18.65,912592,0
2014-03-14,18.57,19.15,18.33,19.0,653511,0
2014-03-17,19.14,19.39,19.05,19.22,859157,0
2014-03-18,19.25,19.6,19.25,19.6,302107,0
2014-03-19,19.6,19.69,19.29,19.4,363158,0
2014-03-20,19.32,19.58,19.23,19.37,202113,0
2014-03-21,19.49,19.49,19.31,19.36,436608,0
2014-03-24,19.37,19.37,18.83,19.01,290298,0
2014-03-25,19.14,19.37,18.88,18.95,283890,0
2014-03-26,19.08,19.13,18.39,18.41,443800,0
2014-03-27,18.35,18.63,18.06,18.34,401549,0
2014-03-28,18.37,18.79,18.36,18.6,315600,0
2014-03-31,18.16,18.83,17.18,18.27,1227233,0
2014-04-01,18.27,19.04,18.06,18.71,745777,0
2014-04-02,18.73,18.8,18.3,18.36,587593,0
2014-04-03,18.28,18.31,17.61,17.77,614403,0
2014-04-04,17.84,17.95,17.24,17.25,484872,0
2014-04-07,17.17,17.41,17.1,17.27,686034,0
2014-04-08,17.25,17.45,17.19,17.33,449472,0
2014-04-09,17.38,17.76,17.24,17.68,539058,0
2014-04-10,17.65,17.81,17.32,17.35,494692,0
2014-04-11,17.3,17.5,17.1,17.12,406217,0
2014-04-14,17.25,17.39,16.8,16.94,406214,0
2014-04-15,16.94,16.94,16.32,16.76,713239,0
2014-04-16,16.92,17.38,16.92,17.34,786360,0
2014-04-17,17.33,17.5,17.11,17.21,768099,0
2014-04-21,17.23,17.29,17.09,17.17,249867,0
2014-04-22,17.17,17.51,17.17,17.3,389349,0
2014-04-23,17.3,17.38,17.17,17.32,1522061,0
2014-04-24,17.46,17.54,17.23,17.51,542643,0
2014-04-25,17.41,17.55,17.3,17.5,723116,0
2014-04-28,17.57,17.86,17.4,17.53,1547448,0
2014-04-29,17.68,17.86,17.32,17.45,478779,0
2014-04-30,17.35,17.57,17.23,17.56,1763575,0
2014-05-01,17.59,17.74,17.33,17.59,710779,0
2014-05-02,17.65,18.06,17.57,17.66,436338,0
2014-05-05,17.59,17.88,17.43,17.78,440547,0
2014-05-06,17.73,17.83,17.49,17.6,839006,0
2014-05-07,17.59,17.72,17.4,17.59,733812,0
2014-05-08,17.63,17.78,17.47,17.5,999619,0
2014-05-09,17.45,17.78,17.41,17.7,580916,0
2014-05-12,17.8,18.22,17.8,18.05,557198,0
2014-05-13,18.06,18.23,17.83,17.96,308422,0
2014-05-14,17.98,18.06,17.67,17.75,460524,0
2014-05-15,17.64,17.76,17.5,17.71,466868,0
2014-05-16,17.66,17.9,17.64,17.89,455902,0
2014-05-19,17.82,18.13,17.7,18.0,2332499,0
2014-05-20,18.0,18.09,17.94,18.02,1406714,0
2014-05-21,18.06,18.19,17.94,18.14,445311,0
2014-05-22,18.13,18.69,18.11,18.6,3411271,0
2014-05-23,18.63,18.9,18.42,18.86,641148,0
2014-05-27,18.67,19.22,18.55,18.96,547504,0
2014-05-28,18.91,18.99,18.74,18.89,286736,0
2014-05-29,18.98,18.98,18.78,18.83,213195,0
2014-05-30,18.78,18.9,18.61,18.61,321362,0
2014-06-02,18.69,18.76,18.43,18.64,348331,0
2014-06-03,18.57,18.76,18.44,18.5,301185,0
2014-06-04,18.46,18.63,18.4,18.61,252322,0
2014-06-05,18.69,19.02,18.64,19.0,410601,0
2014-06-06,19.09,19.3,19.03,19.22,319322,0
2014-06-09,19.2,19.5,19.2,19.34,409928,0
2014-06-10,19.41,19.71,19.41,19.69,369300,0
2014-06-11,19.58,19.68,19.34,19.39,300518,0
2014-06-12,19.34,19.39,19.0,19.11,266392,0
2014-06-13,19.12,19.25,19.04,19.21,156332,0
2014-06-16,19.22,19.28,19.05,19.23,194226,0
2014-06-17,19.14,19.33,19.02,19.25,856486,0
2014-06-18,19.22,19.35,19.05,19.32,172999,0
2014-06-19,19.37,19.5,19.26,19.33,166185,0
2014-06-20,19.41,19.57,19.35,19.51,760587,0
2014-06-23,19.73,19.77,19.35,19.44,404350,0
2014-06-24,19.45,19.68,19.13,19.14,390856,0
2014-06-25,19.01,19.11,18.9,19.02,280162,0
2014-06-26,19.01,19.12,18.93,19.0,253277,0
2014-06-27,18.94,19.16,18.91,19.09,635241,0
2014-06-30,19.06,19.13,18.94,19.1,363811,0
2014-07-01,19.21,19.32,18.99,19.01,525699,0
2014-07-02,19.02,19.23,18.85,18.89,500500,0
2014-07-03,18.96,19.04,18.88,19.0,194941,0
2014-07-07,18.96,18.97,18.71,18.75,417937,0
2014-07-08,18.75,18.78,18.31,18.36,681712,0
2014-07-09,18.35,18.48,18.02,18.42,432425,0
2014-07-10,17.95,18.2,17.59,17.98,1021770,0
2014-07-11,17.92,18.36,17.91,18.27,584483,0
2014-07-14,18.38,18.5,18.23,18.3,298388,0
2014-07-15,18.32,18.37,18.07,18.24,563642,0
2014-07-16,18.32,18.4,18.22,18.34,369545,0
2014-07-17,18.27,18.34,18.23,18.27,566106,0
2014-07-18,18.21,19.07,18.21,18.41,778850,0
2014-07-21,18.35,18.49,18.23,18.46,182835,0
2014-07-22,18.53,18.64,18.3,18.37,325794,0
2014-07-23,18.37,18.39,18.17,18.29,261007,0
2014-07-24,18.27,18.47,18.0,18.01,1026119,0
2014-07-25,17.89,18.0,17.75,17.84,323839,0
2014-07-28,17.82,18.01,17.61,18.0,328869,0
2014-07-29,17.99,18.18,17.9,17.9,1357454,0
2014-07-30,17.95,18.12,17.75,17.96,268499,0
2014-07-31,17.76,17.9,17.47,17.75,2158154,0
2014-08-01,17.75,18.01,17.73,17.99,996740,0
2014-08-04,18.01,18.18,17.91,18.17,1583434,0
2014-08-05,18.15,18.44,18.02,18.32,798163,0
2014-08-06,18.2,18.53,18.11,18.35,250185,0
2014-08-07,18.49,18.57,17.99,18.03,690309,0
2014-08-08,18.01,18.28,17.98,18.22,266915,0
2014-08-11,18.37,18.6,18.29,18.42,228980,0
2014-08-12,18.42,18.46,17.91,18.02,165126,0
2014-08-13,18.09,18.3,18.03,18.19,216316,0
2014-08-14,18.28,18.59,18.23,18.52,603036,0
2014-08-15,18.68,18.74,18.33,18.52,646234,0
2014-08-18,18.64,18.71,18.47,18.48,352420,0
2014-08-19,18.53,18.64,18.43,18.44,916945,0
2014-08-20,18.42,18.58,18.3,18.45,484532,0
2014-08-21,18.44,18.56,18.3,18.54,192796,0
2014-08-22,18.53,18.56,18.38,18.39,387621,0
2014-08-25,18.47,18.56,18.29,18.43,157778,0
2014-08-26,18.46,18.56,18.45,18.5,254431,0
2014-08-27,18.53,18.74,18.44,18.52,161003,0
2014-08-28,18.43,18.43,18.28,18.37,135945,0
2014-08-29,18.35,18.54,18.25,18.43,182102,0
2014-09-02,18.47,18.48,18.25,18.38,236891,0
2014-09-03,18.41,18.53,18.25,18.27,153902,0
2014-09-04,18.28,18.4,18.22,18.26,677849,0
2014-09-05,18.18,18.37,18.0,18.03,156933,0
2014-09-08,18.0,18.09,17.88,18.05,211783,0
2014-09-09,18.0,18.08,17.84,17.88,295917,0
2014-09-10,17.87,17.88,17.53,17.64,1072729,0
2014-09-11,17.51,17.82,17.5,17.81,183093,0
2014-09-12,17.82,17.94,17.54,17.59,143451,0
2014-09-15,17.6,17.77,17.26,17.32,158985,0
2014-09-16,17.15,17.32,16.73,17.31,460380,0
2014-09-17,17.25,17.32,17.09,17.14,386951,0
2014-09-18,17.13,17.19,16.73,16.89,443079,0
2014-09-19,16.87,17.06,16.65,16.74,647796,0
2014-09-22,16.68,16.73,16.55,16.7,471564,0
2014-09-23,16.7,16.8,16.65,16.67,542058,0
2014-09-24,16.65,16.75,16.59,16.67,327429,0
2014-09-25,16.67,16.68,16.37,16.37,274775,0
2014-09-26,16.37,16.51,16.31,16.42,216997,0
2014-09-29,16.31,16.43,16.23,16.28,497476,0
2014-09-30,16.32,16.4,15.88,15.97,1321379,0
2014-10-01,15.92,16.0,15.68,15.76,953986,0
2014-10-02,15.66,15.98,15.62,15.97,1108921,0
2014-10-03,16.16,16.41,16.03,16.37,313193,0
2014-10-06,16.38,16.53,16.23,16.35,447793,0
2014-10-07,16.25,16.26,15.99,16.0,419420,0
2014-10-08,15.95,16.06,15.73,15.97,373916,0
2014-10-09,15.92,16.03,15.44,15.46,257737,0
2014-10-10,15.37,15.53,15.12,15.17,339971,0
2014-10-13,15.14,15.77,15.11,15.62,964670,0
2014-10-14,15.85,16.13,15.73,15.88,570067,0
2014-10-15,15.61,16.07,15.34,15.94,797378,0
2014-10-16,15.73,16.17,15.73,16.03,372571,0
2014-10-17,16.2,16.72,16.19,16.54,632560,0
2014-10-20,16.44,16.54,16.09,16.17,378637,0
2014-10-21,16.32,16.72,16.25,16.67,312418,0
2014-10-22,16.65,16.74,16.29,16.35,3524537,0
2014-10-23,16.46,16.84,16.34,16.69,1564846,0
2014-10-24,16.7,16.87,16.6,16.85,244795,0
2014-10-27,16.74,16.87,16.5,16.84,223212,0
2014-10-28,16.93,17.21,16.91,17.18,672416,0
2014-10-29,16.43,16.7,15.75,16.26,1483984,0
2014-10-30,16.31,16.7,16.28,16.64,317430,0
2014-10-31,16.98,17.0,16.65,16.96,387214,0
2014-11-03,16.96,17.21,16.85,17.0,429621,0
2014-11-04,16.96,17.22,16.82,16.94,174979,0
2014-11-05,16.86,17.1,16.66,16.85,335703,0
2014-11-06,16.88,16.91,16.7,16.8,2517536,0
2014-11-07,16.8,16.85,16.7,16.83,221894,0
2014-11-10,16.8,16.85,16.68,16.81,204898,0
2014-11-11,16.82,16.86,16.53,16.71,286637,0
2014-11-12,16.61,16.81,16.54,16.76,154322,0
2014-11-13,16.74,16.89,16.67,16.68,172447,0
2014-11-14,16.65,16.74,16.39,16.41,184730,0
2014-11-17,16.36,16.45,16.21,16.22,144151,0
2014-11-18,16.23,16.56,16.23,16.5,151253,0
2014-11-19,16.49,16.54,16.24,16.41,135658,0
2014-11-20,16.33,16.56,16.3,16.54,157391,0
2014-11-21,16.82,16.88,16.59,16.71,331443,0
2014-11-24,16.71,16.95,16.63,16.92,175635,0
2014-11-25,16.95,17.15,16.88,16.92,98650,0
2014-11-26,16.9,17.03,16.84,16.94,170804,0
2014-11-28,16.99,17.11,16.65,16.7,74608,0
2014-12-01,16.52,16.68,16.39,16.41,207967,0
2014-12-02,16.45,16.86,16.31,16.77,158684,0
2014-12-03,16.73,17.15,16.73,16.92,201613,0
2014-12-04,16.89,16.93,16.56,16.68,158043,0
2014-12-05,16.67,17.0,16.67,16.94,164727,0
2014-12-08,16.84,17.16,16.68,16.72,105045,0
2014-12-09,16.52,17.5,16.47,17.49,250682,0
2014-12-10,17.52,17.56,17.11,17.29,324621,0
2014-12-11,17.42,17.45,17.09,17.19,280908,0
2014-12-12,16.96,17.04,16.4,16.53,259738,0
2014-12-15,16.64,16.64,16.2,16.23,238217,0
2014-12-16,16.31,16.84,16.2,16.5,249330,0
2014-12-17,16.57,17.0,16.24,16.99,258040,0
2014-12-18,17.23,17.64,17.13,17.38,220119,0
2014-12-19,17.48,17.65,17.12,17.51,1062595,0
2014-12-22,17.48,17.72,17.32,17.62,220783,0
2014-12-23,17.61,18.17,17.55,17.92,258915,0
2014-12-24,18.01,18.2,17.88,18.2,81181,0
2014-12-26,18.25,18.38,18.1,18.34,92574,0
2014-12-29,18.29,18.49,18.23,18.38,130624,0
2014-12-30,18.34,18.55,18.07,18.43,115241,0
2014-12-31,18.54,18.75,18.28,18.3,190015,0
2015-01-02,18.4,18.55,18.11,18.15,204529,0
2015-01-05,18.01,18.19,17.71,17.92,141199,0
2015-01-06,17.98,18.05,17.27,17.51,174365,0
2015-01-07,17.58,17.78,17.11,17.21,190653,0
2015-01-08,17.29,17.64,17.25,17.29,271447,0
2015-01-09,17.26,17.5,17.14,17.35,120591,0
2015-01-12,17.41,17.48,17.08,17.26,229177,0
2015-01-13,17.3,17.58,17.08,17.39,155399,0
2015-01-14,17.16,17.38,17.04,17.2,129926,0
2015-01-15,17.98,18.41,17.07,17.17,260962,0
2015-01-16,17.12,17.31,16.93,17.27,202540,0
2015-01-20,17.31,17.33,17.04,17.22,247240,0
2015-01-21,17.23,17.45,17.05,17.17,256003,0
2015-01-22,17.32,17.79,17.13,17.69,297517,0
2015-01-23,17.78,17.9,17.5,17.77,721074,0
2015-01-26,17.79,17.83,17.42,17.55,261970,0
2015-01-27,17.32,17.43,17.3,17.36,161717,0
2015-01-28,17.53,17.53,16.98,17.01,194142,0
2015-01-29,17.02,17.24,16.8,17.09,213283,0
2015-01-30,16.98,17.21,16.71,16.8,667526,0
2015-02-02,16.85,17.8,16.85,17.4,838952,0
2015-02-03,17.58,18.21,17.58,18.17,968779,0
2015-02-04,18.19,18.69,18.17,18.48,768497,0
2015-02-05,18.47,18.66,18.24,18.62,578421,0
2015-02-06,18.58,18.93,18.55,18.68,840402,0
2015-02-09,18.67,18.92,18.43,18.47,444851,0
2015-02-10,18.63,18.78,18.49,18.6,498320,0
2015-02-11,18.59,18.9,18.5,18.72,595196,0
2015-02-12,18.8,18.97,18.65,18.8,541821,0
2015-02-13,18.78,18.97,18.77,18.91,371904,0
2015-02-17,18.86,19.08,18.78,18.9,372250,0
2015-02-18,18.93,19.06,18.85,18.96,341869,0
2015-02-19,18.86,19.13,18.82,19.07,313801,0
2015-02-20,18.98,19.09,18.88,19.06,1160988,0
2015-02-23,19.04,19.19,18.92,19.15,450601,0
2015-02-24,19.21,19.26,19.0,19.17,196390,0
2015-02-25,19.11,19.33,19.11,19.22,234098,0
2015-02-26,19.24,19.39,19.13,19.34,186856,0
2015-02-27,19.26,19.44,19.25,19.3,190857,0
2015-03-02,19.35,19.62,19.25,19.48,210100,0
2015-03-03,19.39,19.51,19.09,19.35,166600,0
2015-03-04,19.24,19.45,19.18,19.32,474400,0
2015-03-05,19.46,19.98,19.3,19.91,566400,0
2015-03-06,19.82,20.2,19.79,19.95,654900,0
2015-03-09,20.03,20.27,20.01,20.21,287000,0
2015-03-10,20.07,20.58,20.07,20.51,863500,0
2015-03-11,20.6,21.5,20.5,21.23,949600,0
2015-03-12,21.39,21.61,21.08,21.36,516100,0
2015-03-13,21.44,21.67,21.26,21.62,365700,0
2015-03-16,21.7,22.01,21.55,21.58,420100,0
2015-03-17,21.59,21.85,21.56,21.78,422000,0
2015-03-18,21.8,22.0,21.58,21.85,403600,0
2015-03-19,21.85,21.95,21.7,21.83,373700,0
2015-03-20,21.95,22.3,21.9,22.12,587300,0
2015-03-23,22.08,22.35,22.06,22.27,305500,0
2015-03-24,22.29,22.87,22.24,22.85,499600,0
2015-03-25,22.87,23.03,22.78,22.92,781800,0
2015-03-26,22.91,22.93,22.67,22.82,355700,0
2015-03-27,22.85,23.04,22.77,22.92,410000,0
2015-03-30,23.0,23.27,22.96,23.06,500400,0
2015-03-31,23.09,23.39,22.94,23.19,662626,0
2015-04-01,23.23,23.28,22.91,23.01,579100,0
2015-04-02,23.03,23.26,22.85,22.92,819100,0
2015-04-06,22.88,23.11,22.8,23.05,847400,0
2015-04-07,23.03,23.2,22.87,22.9,545434,0
2015-04-08,22.9,23.02,22.8,22.97,754200,0
2015-04-09,22.92,23.08,22.59,22.76,298745,0
2015-04-10,22.7,22.7,20.52,21.55,2224400,0
2015-04-13,21.53,21.61,21.28,21.33,524000,0
2015-04-14,21.31,21.59,21.31,21.39,542700,0
2015-04-15,21.42,21.47,20.85,20.88,534659,0
2015-04-16,20.8,21.01,20.71,20.74,330706,0
2015-04-17,20.65,20.66,20.26,20.48,384700,0
2015-04-20,20.57,20.78,20.32,20.39,396443,0
2015-04-21,20.47,20.6,20.31,20.54,230373,0
2015-04-22,20.5,20.81,20.33,20.77,308331,0
2015-04-23,20.7,20.89,20.64,20.85,195300,0
2015-04-24,20.83,20.97,20.76,20.8,257579,0
2015-04-27,20.95,22.3,20.92,22.3,482200,0
2015-04-28,22.1,22.1,19.78,20.7,396200,0
2015-04-29,20.87,21.14,20.2,20.31,475700,0
2015-04-30,20.21,20.44,19.58,19.66,520600,0
2015-05-01,20.15,24.99,19.62,20.03,344700,0
2015-05-04,20.0,20.27,19.92,19.94,227900,0
2015-05-05,20.99,20.99,19.16,19.3,488400,0
2015-05-06,19.34,19.55,19.21,19.47,218401,0
2015-05-07,19.66,20.23,19.59,20.17,307217,0
2015-05-08,20.28,20.63,20.24,20.34,284900,0
2015-05-11,20.28,20.66,20.28,20.5,219700,0
2015-05-12,20.38,20.52,20.21,20.43,205496,0
2015-05-13,20.44,20.67,20.31,20.51,151900,0
2015-05-14,20.57,21.05,20.48,21.04,165900,0
2015-05-15,21.04,21.35,20.89,21.01,231237,0
2015-05-18,21.0,21.3,20.99,21.17,138231,0
2015-05-19,21.17,21.17,20.92,21.01,273452,0
2015-05-20,21.08,21.21,21.0,21.1,177900,0
2015-05-21,21.14,21.18,20.95,21.1,328600,0
2015-05-22,20.63,21.11,20.55,20.72,160300,0
2015-05-26,20.63,20.83,20.23,20.8,164882,0
2015-05-27,20.82,20.98,20.72,20.89,134900,0
2015-05-28,20.79,21.06,20.7,21.01,158558,0
2015-05-29,20.97,20.98,20.66,20.75,384000,0
2015-06-01,20.82,20.99,20.46,20.59,243836,0
2015-06-02,20.52,20.91,20.29,20.58,298166,0
2015-06-03,20.6,21.04,20.55,20.95,198200,0
2015-06-04,20.92,20.95,20.7,20.76,135700,0
2015-06-05,20.7,20.81,20.47,20.55,305800,0
2015-06-08,20.49,20.61,20.21,20.24,143500,0
2015-06-09,20.26,20.3,19.98,20.05,152719,0
2015-06-10,20.09,20.77,20.09,20.72,223046,0
2015-06-11,20.78,21.08,20.76,21.04,122899,0
2015-06-12,20.91,21.11,20.05,20.22,319100,0
2015-06-15,20.15,20.88,20.09,20.6,213200,0
2015-06-16,20.52,20.97,20.43,20.84,104200,0
2015-06-17,20.95,21.19,20.5,20.62,105900,0
2015-06-18,20.67,21.05,20.65,20.81,213400,0
2015-06-19,20.94,21.34,20.94,21.13,391500,0
2015-06-22,21.13,21.4,21.03,21.32,108500,0
2015-06-23,21.29,21.58,21.15,21.3,128978,0
2015-06-24,21.19,21.35,20.99,21.04,135900,0
2015-06-25,21.04,21.22,20.97,21.14,138700,0
2015-06-26,21.2,21.34,20.81,21.04,739500,0
2015-06-29,20.94,21.2,20.53,20.66,455300,0
2015-06-30,20.77,20.83,20.55,20.61,534144,0
2015-07-01,20.74,21.07,20.66,21.01,250000,0
2015-07-02,21.06,21.1,20.76,20.8,172400,0
2015-07-06,20.7,21.0,20.62,20.82,211800,0
2015-07-07,20.84,20.88,20.52,20.73,216500,0
2015-07-08,20.49,20.92,20.46,20.54,474300,0
2015-07-09,20.72,21.01,20.51,20.87,238200,0
2015-07-10,21.06,21.34,20.86,21.22,229500,0
2015-07-13,21.5,23.0,21.31,22.84,760800,0
2015-07-14,22.85,23.81,22.85,23.78,746888,0
2015-07-15,23.82,24.12,23.72,24.05,502640,0
2015-07-16,24.12,24.3,24.08,24.27,384900,0
2015-07-17,24.27,24.35,24.17,24.24,295100,0
2015-07-20,24.3,24.35,23.85,23.92,397700,0
2015-07-21,23.79,23.96,23.43,23.82,309800,0
2015-07-22,23.75,23.85,23.51,23.71,201800,0
2015-07-23,23.74,23.79,22.99,23.2,197800,0
2015-07-24,23.14,23.39,22.71,22.79,174900,0
2015-07-27,22.75,23.3,22.56,23.14,368600,0
2015-07-28,23.32,23.55,22.94,23.35,284000,0
2015-07-29,23.41,23.49,23.1,23.2,195700,0
2015-07-30,23.15,23.19,22.52,22.64,300500,0
2015-07-31,22.67,23.54,22.6,23.41,662700,0
2015-08-03,23.37,23.44,23.06,23.33,291098,0
2015-08-04,23.33,23.5,23.09,23.13,353800,0
2015-08-05,23.3,23.49,22.78,22.85,465900,0
2015-08-06,22.86,22.98,22.68,22.83,444533,0
2015-08-07,22.64,22.84,22.43,22.53,247300,0
2015-08-10,22.58,22.96,22.51,22.59,311300,0
2015-08-11,22.36,22.65,22.19,22.27,350329,0
2015-08-12,22.15,22.42,22.03,22.38,397000,0
2015-08-13,22.38,22.69,22.35,22.45,276100,0
2015-08-14,22.42,22.72,22.3,22.55,410700,0
2015-08-17,22.57,22.85,22.17,22.64,573300,0
2015-08-18,22.57,22.64,22.13,22.18,330600,0
2015-08-19,22.0,22.08,21.6,21.77,467100,0
2015-08-20,21.52,21.74,21.16,21.18,276900,0
2015-08-21,20.91,21.12,20.31,20.62,494100,0
2015-08-24,19.69,20.87,19.47,20.15,475901,0
2015-08-25,20.52,20.67,19.93,19.98,386300,0
2015-08-26,20.38,20.41,19.84,20.21,440600,0
2015-08-27,20.46,20.77,20.23,20.61,249300,0
2015-08-28,20.67,20.72,20.48,20.6,163100,0
2015-08-31,20.58,20.74,20.44,20.57,334400,0
2015-09-01,20.25,20.34,19.83,20.02,301600,0
2015-09-02,20.18,20.53,19.97,20.43,319300,0
2015-09-03,20.5,20.57,20.32,20.38,151200,0
2015-09-04,20.14,20.33,20.1,20.18,161300,0
2015-09-08,20.41,20.75,20.37,20.71,229800,0
2015-09-09,21.64,23.05,21.25,22.77,1150000,0
2015-09-10,22.8,23.46,22.04,22.3,383624,0
2015-09-11,22.21,22.22,21.22,21.5,599600,0
2015-09-14,21.5,21.5,21.12,21.18,183800,0
2015-09-15,21.2,21.32,21.03,21.3,196700,0
2015-09-16,21.32,21.41,20.55,20.72,274400,0
2015-09-17,20.69,20.89,20.44,20.62,315591,0
2015-09-18,20.44,20.64,19.72,19.77,514000,0
2015-09-21,19.81,20.15,19.62,19.85,197100,0
2015-09-22,19.74,19.78,19.35,19.43,336500,0
2015-09-23,19.41,19.55,17.54,17.55,773400,0
2015-09-24,17.78,18.24,17.29,17.44,852135,0
2015-09-25,17.49,17.49,16.62,16.7,544600,0
2015-09-28,16.58,16.69,16.05,16.05,432278,0
2015-09-29,16.09,16.2,15.81,16.08,436000,0
2015-09-30,16.16,16.34,15.89,16.18,589500,0
2015-10-01,16.24,16.59,16.09,16.22,452400,0
2015-10-02,16.1,16.6,16.03,16.58,277300,0
2015-10-05,16.75,17.28,16.56,17.27,361031,0
2015-10-06,17.23,17.53,17.14,17.37,495100,0
2015-10-07,17.45,17.77,17.13,17.21,426600,0
2015-10-08,17.15,17.4,17.04,17.27,227000,0
2015-10-09,17.27,17.72,17.27,17.39,271300,0
2015-10-12,17.33,17.34,16.96,17.07,146651,0
2015-10-13,16.97,17.42,16.88,17.25,255400,0
2015-10-14,17.33,17.66,16.53,16.61,424400,0
2015-10-15,16.9,17.1,16.48,16.71,323800,0
2015-10-16,16.71,16.8,16.51,16.78,297900,0
2015-10-19,16.7,16.82,16.31,16.43,216251,0
2015-10-20,16.45,16.79,16.345,16.66,184407,0
2015-10-21,16.76,16.91,16.35,16.54,255300,0
2015-10-22,16.52,16.8,16.45,16.67,316400,0
2015-10-23,16.78,17.26,16.71,17.16,209200,0
2015-10-26,17.05,17.25,16.46,16.53,306700,0
2015-10-27,16.45,16.64,16.15,16.35,232400,0
2015-10-28,16.43,16.97,16.39,16.93,264000,0
2015-10-29,16.94,17.22,16.6,16.7,324800,0
2015-10-30,16.68,17.14,16.65,16.94,282200,0
2015-11-02,16.99,17.38,16.93,17.19,355628,0
2015-11-03,17.17,17.46,17.03,17.44,146600,0
2015-11-04,17.44,17.71,17.35,17.4,194317,0
2015-11-05,17.4,17.45,17.0,17.2,142600,0
2015-11-06,17.11,17.34,16.94,17.28,150700,0
2015-11-09,17.28,17.34,16.55,16.58,193602,0
2015-11-10,16.59,16.64,16.16,16.25,301500,0
2015-11-11,16.31,16.51,16.04,16.23,290500,0
2015-11-12,16.11,16.11,15.29,15.33,243900,0
2015-11-13,15.14,15.28,14.86,15.07,666800,0
2015-11-16,15.13,16.34,15.13,16.27,328500,0
2015-11-17,16.49,16.74,16.17,16.18,293300,0
2015-11-18,16.17,16.27,15.71,15.95,445400,0
2015-11-19,15.98,16.32,15.96,16.12,231400,0
2015-11-20,16.24,16.51,16.14,16.2,249300,0
2015-11-23,16.18,16.45,16.15,16.25,319700,0
2015-11-24,18.7,19.5,18.14,18.23,640500,0
2015-11-25,18.1,18.1,17.44,17.5,587700,0
2015-11-27,17.54,17.72,17.26,17.29,204800,0
2015-11-30,17.32,17.58,17.25,17.54,388300,0
2015-12-01,17.57,17.91,17.56,17.85,316713,0
2015-12-02,17.85,18.72,17.85,18.59,536682,0
2015-12-03,18.65,18.87,18.39,18.54,458434,0
2015-12-04,18.69,18.72,18.08,18.12,383800,0
2015-12-07,18.15,18.38,17.89,17.97,297800,0
2015-12-08,17.86,17.87,17.42,17.47,199496,0
2015-12-09,17.47,17.7,16.89,17.05,139600,0
2015-12-10,17.0,17.14,16.88,16.98,183000,0
2015-12-11,16.73,16.87,16.4,16.48,217800,0
2015-12-14,16.48,16.69,15.9,15.94,306847,0
2015-12-15,16.1,16.28,15.96,16.18,249500,0
2015-12-16,16.33,16.58,15.9,16.22,515300,0
2015-12-17,16.22,16.51,15.86,15.87,231200,0
2015-12-18,15.86,15.99,15.63,15.78,832400,0
2015-12-21,15.74,15.95,15.5,15.77,173200,0
2015-12-22,15.85,16.23,15.68,16.07,236671,0
2015-12-23,16.12,16.21,15.59,15.74,227100,0
2015-12-24,15.73,16.08,15.73,16.0,62472,0
2015-12-28,16.03,16.03,15.54,15.69,198264,0
2015-12-29,15.77,16.29,15.77,16.25,117984,0
2015-12-30,16.15,16.17,15.7,15.72,145741,0
2015-12-31,15.7,15.84,15.65,15.66,213307,0
2016-01-04,15.37,15.455,14.99,15.4,341757,0
2016-01-05,15.48,15.502,14.87,15.13,227577,0
2016-01-06,14.93,15.06,14.71,14.8,222377,0
2016-01-07,14.65,14.72,14.07,14.24,301758,0
2016-01-08,14.22,14.46,13.98,14.04,393102,0
2016-01-11,14.01,14.59,14.0,14.53,386072,0
2016-01-12,14.69,15.1,14.56,14.83,381655,0
2016-01-13,14.97,15.27,14.335,14.39,545217,0
2016-01-14,14.33,14.99,14.24,14.88,380914,0
2016-01-15,14.43,15.05,14.35,15.03,415046,0
2016-01-19,15.12,15.16,14.51,14.75,538800,0
2016-01-20,14.5,15.36,14.01,15.34,439632,0
2016-01-21,15.37,15.44,14.94,15.18,402371,0
2016-01-22,15.5,15.69,15.22,15.49,331215,0
2016-01-25,15.4,15.59,15.29,15.42,243549,0
2016-01-26,15.49,15.79,15.39,15.69,308880,0
2016-01-27,15.54,15.65,15.34,15.52,294979,0
2016-01-28,15.64,15.65,15.17,15.39,371608,0
2016-01-29,15.47,16.45,15.38,16.45,646572,0
2016-02-01,16.41,16.41,14.64,15.24,460315,0
2016-02-02,14.9,15.01,14.43,14.68,435543,0
2016-02-03,14.88,15.07,14.444,15.03,350536,0
2016-02-04,14.95,15.4,14.932,15.25,233482,0
2016-02-05,15.16,15.18,14.818,15.05,330346,0
2016-02-08,14.82,15.08,14.6101,15.03,266535,0
2016-02-09,14.75,15.1,14.63,15.02,246863,0
2016-02-10,15.03,15.64,14.87,15.38,164363,0
2016-02-11,15.17,15.26,14.69,15.13,275111,0
2016-02-12,15.2,15.32,15.08,15.31,189923,0
2016-02-16,15.52,15.8,15.24,15.73,220164,0
2016-02-17,15.6,16.06,15.6,15.65,446549,0
2016-02-18,15.64,15.69,15.24,15.63,374424,0
2016-02-19,15.58,15.66,15.4,15.52,308213,0
2016-02-22,15.8,16.22,15.73,15.98,309267,0
2016-02-23,16.06,16.13,15.46,15.58,389222,0
2016-02-24,15.34,16.08,15.3,16.0,227722,0
2016-02-25,16.06,16.2,15.56,15.6,220431,0
2016-02-26,15.65,15.785,15.51,15.66,323975,0
2016-02-29,15.7,15.87,15.515,15.53,354559,0
2016-03-01,15.81,16.4,15.67,16.22,289194,0
2016-03-02,16.15,16.4,16.0,16.12,312072,0
2016-03-03,16.1,16.61,16.1,16.41,242194,0
2016-03-04,16.36,16.98,16.36,16.97,334486,0
2016-03-07,16.86,17.2,16.84,17.04,305757,0
2016-03-08,16.95,17.01,16.48,16.59,565006,0
2016-03-09,16.64,16.82,16.31,16.7,210013,0
2016-03-10,16.84,16.85,16.43,16.67,423465,0
2016-03-11,16.75,16.96,16.54,16.68,157497,0
2016-03-14,16.62,16.65,16.26,16.3,157091,0
2016-03-15,16.17,16.25,15.54,15.66,214372,0
2016-03-16,15.63,15.94,15.35,15.78,251934,0
2016-03-17,15.81,16.33,15.67,16.22,275677,0
2016-03-18,16.35,16.67,16.14,16.4,413956,0
2016-03-21,16.4,16.68,16.33,16.46,194305,0
2016-03-22,16.43,16.48,16.1,16.24,121903,0
2016-03-23,16.16,16.2,15.87,15.9,254553,0
2016-03-24,15.8,15.94,15.5601,15.87,134675,0
2016-03-28,15.9,15.9,15.58,15.83,193283,0
2016-03-29,15.8,16.52,15.6453,16.49,211314,0
2016-03-30,16.58,16.89,16.5,16.6,206698,0
2016-03-31,16.6,16.68,16.24,16.38,147439,0
2016-04-01,16.14,16.5,16.04,16.4,151040,0
2016-04-04,16.4,16.53,16.14,16.16,149011,0
2016-04-05,16.04,16.14,15.8629,15.98,274192,0
2016-04-06,15.93,16.18,15.79,16.15,147947,0
2016-04-07,16.1,16.29,15.66,15.83,289688,0
2016-04-08,15.7,16.34,15.7,15.78,145183,0
2016-04-11,15.84,15.85,15.52,15.71,189159,0
2016-04-12,15.75,16.08,15.64,15.95,139872,0
2016-04-13,16.06,16.56,15.88,16.55,242580,0
2016-04-14,16.49,16.57,16.33,16.4,175681,0
2016-04-15,16.35,16.59,16.27,16.53,104574,0
2016-04-18,17.0,17.8,16.68,17.66,462731,0
2016-04-19,17.69,17.69,17.09,17.17,256310,0
2016-04-20,17.17,17.33,17.01,17.26,210458,0
2016-04-21,17.28,17.44,16.94,17.09,189616,0
2016-04-22,17.25,17.78,17.14,17.78,281956,0
2016-04-25,17.75,17.75,17.06,17.17,144840,0
2016-04-26,17.25,18.06,17.25,18.05,251639,0
2016-04-27,18.06,18.43,17.73,18.36,246000,0
2016-04-28,18.17,18.83,18.17,18.46,333388,0
2016-04-29,18.39,18.64,18.0501,18.12,188774,0
2016-05-02,18.15,18.32,17.86,18.32,235428,0
2016-05-03,18.12,18.26,17.73,17.81,297134,0
2016-05-04,17.81,17.89,17.62,17.64,159087,0
2016-05-05,17.79,17.99,17.39,17.4,161753,0
2016-05-06,17.38,17.55,17.14,17.51,277456,0
2016-05-09,17.51,17.88,17.42,17.81,150373,0
2016-05-10,17.89,18.14,17.82,18.05,116592,0
2016-05-11,18.5,18.86,17.6,18.04,385032,0
2016-05-12,18.04,18.189,17.61,17.75,241403,0
2016-05-13,17.66,17.72,17.4,17.54,185068,0
2016-05-16,17.54,17.8475,17.44,17.58,186590,0
2016-05-17,17.6,17.72,17.06,17.18,225215,0
2016-05-18,17.07,17.36,16.93,17.04,180799,0
2016-05-19,16.94,17.1,16.75,17.03,207487,0
2016-05-20,17.15,17.28,16.99,17.19,239866,0
2016-05-23,17.19,17.2,16.77,16.89,339047,0
2016-05-24,17.02,17.52,16.9301,17.47,285534,0
2016-05-25,17.53,17.6,17.34,17.37,149084,0
2016-05-26,17.29,17.4999,17.25,17.27,116668,0
2016-05-27,17.31,17.48,17.13,17.44,116632,0
2016-05-31,17.44,17.5,17.16,17.24,251488,0
2016-06-01,17.24,17.62,17.16,17.57,156996,0
2016-06-02,17.58,17.95,17.55,17.85,292268,0
2016-06-03,17.81,17.81,17.44,17.51,179026,0
2016-06-06,17.51,18.0,17.458,17.95,254340,0
2016-06-07,18.09,18.22,17.93,18.11,247241,0
2016-06-08,18.14,18.34,18.03,18.25,235767,0
2016-06-09,18.11,18.25,17.94,18.19,187997,0
2016-06-10,18.05,18.12,17.83,18.05,275986,0
2016-06-13,18.05,18.08,17.25,17.27,216167,0
2016-06-14,17.18,17.29,17.027,17.28,128235,0
2016-06-15,17.38,17.46,17.25,17.26,108266,0
2016-06-16,17.14,17.37,16.93,17.31,124529,0
2016-06-17,17.36,17.6,17.1301,17.49,390629,0
2016-06-20,17.78,17.89,17.37,17.49,382501,0
2016-06-21,17.5,17.562,17.3586,17.47,227225,0
2016-06-22,17.53,17.61,17.42,17.44,973118,0
2016-06-23,17.72,18.13,17.59,18.12,302634,0
2016-06-24,17.35,17.83,17.35,17.76,487922,0
2016-06-27,17.39,17.5,17.15,17.43,293168,0
2016-06-28,17.58,17.75,17.535,17.75,349706,0
2016-06-29,17.9,18.05,17.69,17.88,415326,0
2016-06-30,17.98,18.28,17.78,18.28,561017,0
2016-07-01,18.28,18.47,17.87,18.1,434472,0
2016-07-05,18.07,18.1,17.783,17.85,141766,0
2016-07-06,17.58,17.92,17.39,17.85,246639,0
2016-07-07,17.84,18.16,17.84,17.94,198970,0
2016-07-08,18.08,18.46,18.08,18.4,340749,0
2016-07-11,18.43,18.625,18.29,18.46,571410,0
2016-07-12,18.55,18.7,18.41,18.61,423555,0
2016-07-13,18.58,18.84,18.45,18.48,223792,0
2016-07-14,18.66,18.66,18.38,18.43,208799,0
2016-07-15,18.59,18.62,18.45,18.51,227375,0
2016-07-18,18.55,18.75,18.47,18.55,186955,0
2016-07-19,18.56,18.83,18.11,18.2,310481,0
2016-07-20,18.22,18.7,18.07,18.62,315330,0
2016-07-21,18.57,18.82,18.49,18.61,161577,0
2016-07-22,18.54,18.61,18.195,18.46,179770,0
2016-07-25,18.45,18.615,18.41,18.61,266369,0
2016-07-26,18.62,18.9954,18.57,18.75,186613,0
2016-07-27,18.74,18.91,18.705,18.81,316766,0
2016-07-28,18.81,18.94,18.6,18.74,230433,0
2016-07-29,18.66,18.87,18.51,18.86,817734,0
2016-08-01,18.82,19.11,18.72,18.88,296173,0
2016-08-02,18.85,18.97,18.6,18.62,186771,0
2016-08-03,18.6,18.655,18.3719,18.63,182825,0
2016-08-04,18.64,18.9,18.58,18.59,126016,0
2016-08-05,18.67,19.16,18.63,19.14,175447,0
2016-08-08,19.14,19.16,18.8274,18.92,156067,0
2016-08-09,18.89,18.94,18.51,18.6,292201,0
2016-08-10,18.53,18.57,16.8,17.34,950098,0
2016-08-11,17.46,17.93,17.38,17.89,399273,0
2016-08-12,17.88,18.14,17.81,17.92,302571,0
2016-08-15,17.93,17.93,17.65,17.82,338615,0
2016-08-16,17.81,17.82,17.56,17.58,208320,0
2016-08-17,17.52,17.55,17.191,17.28,270622,0
2016-08-18,17.3,17.71,17.24,17.7,238238,0
2016-08-19,17.7,18.15,17.64,18.01,716472,0
2016-08-22,18.0,18.1,17.92,18.04,181476,0
2016-08-23,18.02,18.08,17.81,17.96,196727,0
2016-08-24,17.93,17.96,17.76,17.86,180776,0
2016-08-25,17.86,17.925,17.78,17.86,193802,0
2016-08-26,17.84,17.97,17.62,17.82,173916,0
2016-08-29,17.82,18.2599,17.82,18.05,185993,0
2016-08-30,18.15,18.18,18.01,18.05,128217,0
2016-08-31,18.0,18.02,17.705,17.97,319345,0
2016-09-01,17.96,18.11,17.78,18.1,131417,0
2016-09-02,18.19,18.44,18.11,18.36,188094,0
2016-09-06,18.36,18.48,18.28,18.3,154119,0
2016-09-07,18.25,18.43,17.98,18.23,365032,0
2016-09-08,18.15,18.15,17.85,18.06,340192,0
2016-09-09,17.9,17.93,17.59,17.61,164906,0
2016-09-12,17.53,17.75,17.5,17.71,244223,0
2016-09-13,17.57,17.65,17.4,17.43,211086,0
2016-09-14,17.48,17.51,17.32,17.4,174701,0
2016-09-15,17.39,17.65,17.39,17.63,110675,0
2016-09-16,17.61,17.64,17.42,17.6,1395816,0
2016-09-19,17.62,17.7,17.405,17.59,1047835,0
2016-09-20,17.63,17.9,17.41,17.42,229535,0
2016-09-21,17.55,17.71,17.4,17.66,228568,0
2016-09-22,17.79,17.96,17.612,17.94,340759,0
2016-09-23,17.85,18.13,17.81,18.05,288747,0
2016-09-26,17.89,18.0,17.7,17.85,193178,0
2016-09-27,17.75,17.95,17.71,17.77,192129,0
2016-09-28,17.72,18.03,17.7,18.02,145123,0
2016-09-29,17.91,17.989,17.5,17.51,130004,0
2016-09-30,17.5,17.685,17.38,17.58,282588,0
2016-10-03,17.43,17.65,17.396,17.63,214037,0
2016-10-04,17.56,17.75,17.37,17.45,118290,0
2016-10-05,17.48,17.61,17.44,17.49,116167,0
2016-10-06,17.4,17.51,17.2,17.45,180608,0
2016-10-07,17.38,17.69,17.17,17.62,369816,0
2016-10-10,17.79,17.82,17.47,17.68,314091,0
2016-10-11,17.68,17.68,17.21,17.39,193627,0
2016-10-12,17.34,17.43,17.19,17.22,123064,0
2016-10-13,17.05,17.26,16.977,17.22,303982,0
2016-10-14,17.27,17.42,17.02,17.04,147656,0
2016-10-17,17.0,17.11,16.92,17.03,155442,0
2016-10-18,17.19,17.425,17.05,17.25,99808,0
2016-10-19,17.22,17.34,17.1,17.17,97860,0
2016-10-20,17.07,17.175,16.95,16.96,143636,0
2016-10-21,16.79,16.95,16.72,16.73,129465,0
2016-10-24,17.04,17.1,16.76,16.84,191333,0
2016-10-25,16.9,17.48,16.9,17.45,404924,0
2016-10-26,17.26,17.41,17.1,17.18,304792,0
2016-10-27,17.26,17.35,17.14,17.28,184441,0
2016-10-28,17.21,17.39,16.98,17.21,452256,0
2016-10-31,17.2,17.66,17.05,17.6,509896,0
2016-11-01,17.64,17.9,17.47,17.56,376243,0
2016-11-02,17.52,17.52,16.27,16.34,453038,0
2016-11-03,16.35,16.36,16.04,16.08,354602,0
2016-11-04,16.16,16.34,16.14,16.16,250300,0
2016-11-07,16.44,16.6,16.24,16.41,304052,0
2016-11-08,16.32,16.53,16.27,16.38,105909,0
2016-11-09,16.27,18.31,16.2,18.27,422415,0
2016-11-10,18.58,19.39,18.3786,19.32,473402,0
2016-11-11,19.46,20.67,19.37,20.27,627124,0
2016-11-14,20.46,20.6,19.7595,20.11,634151,0
2016-11-15,19.98,20.28,19.96,20.19,294140,0
2016-11-16,20.19,20.2604,19.9064,20.23,287883,0
2016-11-17,20.37,20.6,20.285,20.38,266346,0
2016-11-18,20.39,20.41,20.19,20.22,295400,0
2016-11-21,20.27,20.6,20.22,20.58,216013,0
2016-11-22,20.7,20.9899,20.51,20.92,324770,0
2016-11-23,20.99,20.99,20.48,20.5,342997,0
2016-11-25,20.56,21.11,20.51,21.01,179956,0
2016-11-28,21.0,21.12,20.75,20.75,332206,0
2016-11-29,20.77,21.06,20.5,20.53,241210,0
2016-11-30,20.68,20.68,20.14,20.32,317964,0
2016-12-01,20.32,20.73,20.24,20.35,243717,0
2016-12-02,20.38,20.52,20.251,20.32,132951,0
2016-12-05,20.47,20.76,20.45,20.75,216876,0
2016-12-06,20.68,20.99,20.52,20.98,191957,0
2016-12-07,21.0,21.4,20.95,21.36,239114,0
2016-12-08,19.83,19.99,17.86,19.01,2885353,0
2016-12-09,19.14,19.17,18.2305,18.5,2075625,0
2016-12-12,18.5,18.59,18.3137,18.57,1073211,0
2016-12-13,18.59,19.01,18.58,18.64,783497,0
2016-12-14,18.66,18.69,17.56,17.72,835916,0
2016-12-15,17.77,18.21,17.68,17.73,523886,0
2016-12-16,17.84,18.4,17.84,18.02,1012282,0
2016-12-19,18.02,18.255,17.86,18.0,300857,0
2016-12-20,18.17,18.45,17.95,18.2,492410,0
2016-12-21,18.15,18.4,17.88,17.89,318107,0
2016-12-22,17.82,18.19,17.82,18.13,284027,0
2016-12-23,18.08,18.33,18.08,18.3,239837,0
2016-12-27,18.39,18.5,18.15,18.23,154707,0
2016-12-28,18.25,18.271,17.8907,18.01,174730,0
2016-12-29,18.02,18.17,17.87,17.96,125919,0
2016-12-30,17.94,18.05,17.88,17.95,187116,0
2017-01-03,18.26,18.49,17.92,18.41,427380,0
2017-01-04,18.5,18.61,18.38,18.49,450044,0
2017-01-05,18.52,18.73,18.3,18.44,318066,0
2017-01-06,18.45,18.45,18.07,18.07,275377,0
2017-01-09,18.09,18.09,17.78,17.78,205804,0
2017-01-10,17.86,18.1503,17.77,18.02,326325,0
2017-01-11,17.95,18.25,17.95,18.22,488030,0
2017-01-12,18.2,18.27,17.71,18.17,439665,0
2017-01-13,18.3,18.59,18.3,18.39,298525,0
2017-01-17,18.3,18.3,17.8,17.85,324597,0
2017-01-18,17.84,18.36,17.755,18.3,648344,0
2017-01-19,18.7,18.7,18.16,18.35,638283,0
2017-01-20,18.29,18.4708,18.07,18.25,241981,0
2017-01-23,18.22,18.33,17.92,18.14,189339,0
2017-01-24,18.3,18.373,18.07,18.33,482959,0
2017-01-25,18.6,18.64,18.3,18.34,327137,0
2017-01-26,18.26,18.43,18.02,18.36,556119,0
2017-01-27,18.34,18.47,18.16,18.17,245081,0
2017-01-30,17.89,17.98,17.69,17.88,318332,0
2017-01-31,17.82,18.17,17.7601,18.11,201474,0
2017-02-01,18.15,18.31,17.92,17.96,252294,0
2017-02-02,17.83,18.22,17.75,18.16,461720,0
2017-02-03,18.31,18.6083,18.21,18.59,233291,0
2017-02-06,18.55,18.73,18.525,18.58,199044,0
2017-02-07,18.69,18.93,18.605,18.71,371612,0
2017-02-08,18.59,19.0,18.41,18.69,384293,0
2017-02-09,18.8,19.04,18.77,18.99,401205,0
2017-02-10,19.14,19.24,19.01,19.21,175620,0
2017-02-13,19.39,19.4499,19.13,19.24,274132,0
2017-02-14,19.1,19.37,19.1,19.24,178161,0
2017-02-15,19.19,19.39,19.115,19.3,171568,0
2017-02-16,19.35,19.4,19.1175,19.27,205819,0
2017-02-17,19.24,19.365,19.0301,19.34,360177,0
2017-02-21,19.42,19.52,19.07,19.33,302255,0
2017-02-22,19.27,19.45,18.9901,19.25,231901,0
2017-02-23,19.3,19.4,18.96,19.09,185186,0
2017-02-24,18.91,19.25,18.88,19.25,164512,0
2017-02-27,19.28,19.91,19.159,19.88,592694,0
2017-02-28,19.88,19.9,19.35,19.39,401605,0
2017-03-01,19.97,20.249,19.745,19.87,397525,0
2017-03-02,20.2,22.36,20.0911,21.59,1846046,0
2017-03-03,21.59,21.96,21.34,21.5,741904,0
2017-03-06,21.42,21.69,21.343,21.58,733207,0
2017-03-07,21.41,22.16,21.41,22.0,518380,0
2017-03-08,22.15,22.26,21.88,21.96,322997,0
2017-03-09,21.91,22.25,21.87,22.12,382451,0
2017-03-10,22.27,22.48,21.83,21.97,293544,0
2017-03-13,21.91,22.27,21.77,22.06,472938,0
2017-03-14,21.88,21.98,21.43,21.88,378152,0
2017-03-15,22.0,22.27,21.75,22.02,589671,0
2017-03-16,22.11,22.4,21.93,22.3,451299,0
2017-03-17,22.48,22.91,22.33,22.83,1887949,0
2017-03-20,22.82,22.99,22.41,22.48,423087,0
2017-03-21,22.59,22.615,21.6,21.65,547171,0
2017-03-22,21.64,21.89,21.3325,21.46,519842,0
2017-03-23,21.55,21.93,21.35,21.65,353886,0
2017-03-24,21.68,21.83,21.31,21.42,455442,0
2017-03-27,21.04,21.52,20.95,21.38,281235,0
2017-03-28,21.3,21.6,21.3,21.58,549498,0
2017-03-29,21.57,21.64,21.47,21.61,232658,0
2017-03-30,21.63,21.76,21.45,21.5,304284,0
2017-03-31,21.82,22.13,21.57,21.7,1533248,0
2017-04-03,21.67,21.79,21.06,21.15,711143,0
2017-04-04,21.13,21.63,21.13,21.61,805122,0
2017-04-05,21.7,21.85,21.08,21.12,401879,0
2017-04-06,21.15,21.43,20.98,21.35,356298,0
2017-04-07,21.7,21.78,21.46,21.5,608311,0
2017-04-10,21.73,21.85,21.47,21.75,421758,0
2017-04-11,21.66,21.85,21.52,21.75,325673,0
2017-04-12,21.7,21.72,21.07,21.36,486935,0
2017-04-13,21.22,21.5,21.09,21.2,261451,0
2017-04-17,21.36,21.65,21.19,21.62,293701,0
2017-04-18,21.52,21.88,21.32,21.87,489169,0
2017-04-19,21.9,22.54,21.89,22.43,948795,0
2017-04-20,22.44,22.57,22.02,22.21,423973,0
2017-04-21,22.19,22.51,22.19,22.31,452016,0
2017-04-24,22.72,22.9,22.4531,22.88,615533,0
2017-04-25,22.9,23.185,22.78,23.18,571453,0
2017-04-26,23.12,23.27,22.9,22.94,389346,0
2017-04-27,23.02,23.2,22.79,22.86,454123,0
2017-04-28,22.9,22.9452,22.31,22.41,284371,0
2017-05-01,22.42,22.52,22.14,22.35,207890,0
2017-05-02,22.35,22.4299,22.08,22.18,234270,0
2017-05-03,22.09,22.13,21.84,21.99,352032,0
2017-05-04,21.95,22.34,21.78,22.03,164994,0
2017-05-05,22.08,22.09,21.74,22.09,194837,0
2017-05-08,22.1,22.13,21.815,22.0,187336,0
2017-05-09,21.79,22.01,20.65,21.1,917308,0
2017-05-10,21.0,21.28,20.78,20.87,329711,0
2017-05-11,20.72,20.83,20.475,20.72,236607,0
2017-05-12,20.68,20.71,20.26,20.34,278338,0
2017-05-15,20.4,20.85,20.4,20.83,433825,0
2017-05-16,21.04,21.08,20.56,20.69,511668,0
2017-05-17,20.33,20.57,20.24,20.38,496158,0
2017-05-18,20.32,20.39,20.06,20.29,228251,0
2017-05-19,20.33,20.79,20.31,20.68,268064,0
2017-05-22,20.83,21.285,20.7979,21.28,470620,0
2017-05-23,21.39,21.46,21.11,21.35,527178,0
2017-05-24,21.37,21.74,21.36,21.55,495111,0
2017-05-25,21.69,21.89,21.61,21.84,463574,0
2017-05-26,21.81,21.85,21.63,21.69,294665,0
2017-05-30,21.63,21.745,21.49,21.7,445553,0
2017-05-31,21.92,22.02,21.57,21.9,344301,0
2017-06-01,21.96,22.03,21.75,21.97,322230,0
2017-06-02,22.0,22.51,21.97,22.13,716181,0
2017-06-05,22.06,22.41,21.84,21.98,362942,0
2017-06-06,21.8,21.87,21.28,21.3,329705,0
2017-06-07,21.4,21.5,21.19,21.25,262212,0
2017-06-08,21.25,21.74,21.13,21.72,365068,0
2017-06-09,21.7,21.97,21.61,21.78,503033,0
2017-06-12,21.75,21.98,21.46,21.54,334494,0
2017-06-13,21.53,21.67,21.26,21.32,575474,0
2017-06-14,21.37,21.52,21.18,21.31,444790,0
2017-06-15,21.15,21.28,20.87,20.96,513307,0
2017-06-16,20.87,21.04,20.8,20.84,1023823,0
2017-06-19,20.98,21.14,20.55,21.03,479214,0
2017-06-20,20.93,21.04,20.71,20.73,262692,0
2017-06-21,20.6,20.76,20.35,20.41,257809,0
2017-06-22,20.46,20.54,20.26,20.29,271182,0
2017-06-23,20.3,20.585,20.17,20.5,1818101,0
2017-06-26,20.5,20.74,20.33,20.38,275437,0
2017-06-27,20.33,20.6,20.26,20.54,405336,0
2017-06-28,20.72,20.9,20.44,20.89,285814,0
2017-06-29,20.9,20.96,20.47,20.76,303975,0
2017-06-30,20.82,20.95,20.65,20.8,193381,0
2017-07-03,20.91,21.385,20.77,21.29,184848,0
2017-07-05,21.31,21.96,21.27,21.89,454108,0
2017-07-06,21.73,21.7837,21.3,21.33,324609,0
2017-07-07,21.41,21.8,21.3498,21.79,199450,0
2017-07-10,21.61,21.98,21.44,21.75,324395,0
2017-07-11,21.75,22.05,21.67,21.99,443113,0
2017-07-12,22.09,22.41,21.96,22.37,462343,0
2017-07-13,22.39,22.39,22.02,22.11,223917,0
2017-07-14,22.21,22.7,22.21,22.54,309003,0
2017-07-17,22.55,22.65,22.36,22.64,263949,0
2017-07-18,22.58,22.61,22.31,22.51,222215,0
2017-07-19,22.51,22.84,22.51,22.83,421591,0
2017-07-20,22.83,23.08,22.735,23.01,320630,0
2017-07-21,23.06,23.39,22.95,23.22,325145,0
2017-07-24,23.18,23.76,22.97,23.75,488558,0
2017-07-25,23.85,23.94,23.45,23.85,720115,0
2017-07-26,23.89,23.94,23.48,23.63,539528,0
2017-07-27,23.7,23.7,23.18,23.49,474716,0
2017-07-28,23.4,24.12,23.4,23.94,736029,0
2017-07-31,23.94,23.98,23.41,23.45,513229,0
2017-08-01,23.44,23.9,23.12,23.69,651376,0
2017-08-02,23.69,23.86,23.45,23.53,429993,0
2017-08-03,23.54,23.84,23.5,23.82,253574,0
2017-08-04,27.24,27.49,25.81,27.22,2239832,0
2017-08-07,27.26,27.95,27.03,27.06,907714,0
2017-08-08,26.97,27.48,26.9,26.97,558388,0
2017-08-09,26.85,27.46,26.16,27.3,1003224,0
2017-08-10,27.31,27.31,26.66,26.83,546137,0
2017-08-11,26.5,27.3,26.27,26.89,759257,0
2017-08-14,27.19,27.32,26.8732,27.0,691591,0
2017-08-15,27.09,27.4865,26.95,27.28,489526,0
2017-08-16,27.48,27.94,27.18,27.32,416904,0
2017-08-17,27.23,27.48,27.0,27.02,409330,0
2017-08-18,26.75,27.18,26.41,27.09,803893,0
2017-08-21,27.26,27.71,27.085,27.65,758148,0
2017-08-22,27.83,28.42,27.37,28.38,1409399,0
2017-08-23,28.24,28.49,27.8,28.13,617185,0
2017-08-24,28.17,28.42,28.0,28.09,516643,0
2017-08-25,28.14,28.2,27.5,27.6,517129,0
2017-08-28,27.74,28.11,27.59,27.71,870767,0
2017-08-29,27.63,28.245,27.63,28.04,632440,0
2017-08-30,28.06,29.2499,28.05,29.19,720121,0
2017-08-31,29.28,29.715,29.08,29.63,817363,0
2017-09-01,29.7,30.0,29.5589,29.95,614733,0
2017-09-05,30.0,30.06,28.5,29.1,1091772,0
2017-09-06,29.25,29.53,28.5,28.52,746752,0
2017-09-07,28.56,29.6,28.5,29.46,815860,0
2017-09-08,29.27,29.53,28.33,28.54,677385,0
2017-09-11,28.81,29.1,28.4,28.68,771062,0
2017-09-12,28.76,28.92,28.23,28.29,739962,0
2017-09-13,28.25,28.46,27.8,28.11,775816,0
2017-09-14,28.12,28.28,27.92,27.96,720994,0
2017-09-15,27.91,28.48,27.91,28.33,1117200,0
2017-09-18,29.17,31.39,29.17,30.24,2213435,0
2017-09-19,30.29,30.85,30.07,30.79,936214,0
2017-09-20,30.82,32.24,30.82,31.75,1603121,0
2017-09-21,31.78,32.56,31.63,32.3,1127555,0
2017-09-22,32.75,35.44,32.75,33.89,3164285,0
2017-09-25,33.89,34.25,33.6,33.93,1585766,0
2017-09-26,34.17,35.5,34.1,35.0,1689151,0
2017-09-27,35.32,36.25,35.12,35.16,1313579,0
2017-09-28,35.16,35.8,34.7103,34.99,2036030,0
2017-09-29,35.0,35.73,34.91,35.01,1066707,0
2017-10-02,35.07,35.74,34.82,35.73,778819,0
2017-10-03,35.62,35.62,34.7,34.98,908110,0
2017-10-04,35.0,35.1995,34.551,34.81,615913,0
2017-10-05,34.85,35.07,34.74,34.84,316996,0
2017-10-06,34.8,35.11,34.59,35.05,490160,0
2017-10-09,35.4,35.75,35.15,35.37,693903,0
2017-10-10,35.51,35.9116,35.03,35.19,775346,0
2017-10-11,35.26,35.489,34.72,34.85,500317,0
2017-10-12,34.9,35.65,34.9,35.31,531874,0
2017-10-13,35.25,35.26,33.62,33.77,1259011,0
2017-10-16,33.85,33.98,33.06,33.32,986441,0
2017-10-17,33.18,33.39,32.72,33.38,1341536,0
2017-10-18,33.57,34.33,33.42,33.54,724447,0
2017-10-19,33.42,33.99,32.92,33.89,588266,0
2017-10-20,34.23,34.51,34.02,34.4,576423,0
2017-10-23,33.03,33.5,31.8549,31.92,2028028,0
2017-10-24,32.0,32.72,31.91,32.64,865032,0
2017-10-25,32.5,32.71,32.04,32.42,396776,0
2017-10-26,32.46,32.77,32.08,32.35,675073,0
2017-10-27,32.29,32.86,32.16,32.5,540529,0
2017-10-30,32.2,32.48,31.27,31.55,543943,0
2017-10-31,31.5,31.73,31.04,31.58,957831,0
2017-11-01,31.79,31.969,30.33,30.84,937265,0
2017-11-02,30.78,32.36,30.77,32.15,803043,0
2017-11-03,30.56,30.56,27.66,27.97,3022643,0
2017-11-06,27.95,30.39,27.9,30.2,1913528,0
2017-11-07,30.45,30.45,29.51,29.97,1110730,0
2017-11-08,29.8,30.36,29.575,30.27,725392,0
2017-11-09,30.29,30.66,29.8,29.85,735896,0
2017-11-10,29.75,29.81,29.06,29.09,570062,0
