Date,Open,High,Low,Close,Volume,OpenInt
2014-01-02,10.019,10.058,9.946,10.058,22248,0
2014-01-03,10.109,10.124,10.04,10.102,12847,0
2014-01-06,10.003,10.121,10.003,10.082,29366,0
2014-01-07,10.082,10.165,10.047,10.09,54163,0
2014-01-08,10.142,10.142,10.049,10.116,70548,0
2014-01-09,10.176,10.194,10.109,10.132,14901,0
2014-01-10,10.151,10.203,10.142,10.194,20032,0
2014-01-13,10.282,10.282,10.211,10.22,30585,0
2014-01-14,10.246,10.259,10.237,10.251,21910,0
2014-01-15,10.211,10.275,10.211,10.265,40362,0
2014-01-16,10.282,10.282,10.246,10.265,18712,0
2014-01-17,10.34,10.413,10.306,10.33,57160,0
2014-01-21,10.349,10.358,10.306,10.322,17555,0
2014-01-22,10.306,10.358,10.282,10.358,21006,0
2014-01-23,10.384,10.45,10.349,10.384,55573,0
2014-01-24,10.384,10.441,10.358,10.391,35473,0
2014-01-27,10.349,10.406,10.314,10.33,26729,0
2014-01-28,10.398,10.398,10.34,10.349,29165,0
2014-01-29,10.398,10.398,10.34,10.34,34042,0
2014-01-30,10.391,10.45,10.349,10.432,26920,0
2014-01-31,10.432,10.506,10.432,10.491,15790,0
2014-02-03,10.516,10.516,10.457,10.483,32503,0
2014-02-04,10.483,10.507,10.422,10.422,19616,0
2014-02-05,10.452,10.452,10.409,10.409,29641,0
2014-02-06,10.46,10.46,10.351,10.351,16264,0
2014-02-07,10.332,10.46,10.332,10.368,35994,0
2014-02-10,10.351,10.443,10.351,10.415,46958,0
2014-02-11,10.409,10.46,10.409,10.415,18885,0
2014-02-12,10.401,10.469,10.377,10.384,34713,0
2014-02-13,10.351,10.424,10.342,10.401,14412,0
2014-02-14,10.409,10.415,10.342,10.368,33430,0
2014-02-18,10.368,10.415,10.358,10.384,22149,0
2014-02-19,10.368,10.452,10.368,10.424,21966,0
2014-02-20,10.452,10.486,10.401,10.469,35022,0
2014-02-21,10.478,10.532,10.478,10.518,24273,0
2014-02-24,10.532,10.532,10.486,10.532,19229,0
2014-02-25,10.501,10.526,10.469,10.501,20131,0
2014-02-26,10.478,10.526,10.478,10.526,28297,0
2014-02-27,10.526,10.585,10.526,10.577,31740,0
2014-02-28,10.55,10.56,10.501,10.525,51494,0
2014-03-03,10.501,10.577,10.501,10.55,19994,0
2014-03-04,10.593,10.639,10.56,10.624,23434,0
2014-03-05,10.625,10.633,10.579,10.609,37900,0
2014-03-06,10.641,10.641,10.479,10.495,53632,0
2014-03-07,10.487,10.487,10.402,10.409,41696,0
2014-03-10,10.402,10.503,10.402,10.503,23156,0
2014-03-11,10.503,10.526,10.487,10.511,13523,0
2014-03-12,10.52,10.579,10.52,10.579,18948,0
2014-03-13,10.57,10.633,10.534,10.625,33672,0
2014-03-14,10.625,10.641,10.617,10.625,21496,0
2014-03-17,10.609,10.657,10.609,10.625,31207,0
2014-03-18,10.667,10.667,10.603,10.617,15463,0
2014-03-19,10.609,10.65,10.534,10.534,20151,0
2014-03-20,10.52,10.544,10.479,10.479,35965,0
2014-03-21,10.526,10.552,10.495,10.495,19903,0
2014-03-24,10.544,10.579,10.503,10.57,15264,0
2014-03-25,10.609,10.609,10.57,10.595,38831,0
2014-03-26,10.57,10.65,10.57,10.633,53591,0
2014-03-27,10.617,10.684,10.595,10.657,22710,0
2014-03-28,10.641,10.641,10.587,10.595,21459,0
2014-03-31,10.657,10.657,10.587,10.609,29493,0
2014-04-01,10.625,10.625,10.544,10.562,52184,0
2014-04-02,10.62,10.62,10.537,10.564,63199,0
2014-04-03,10.598,10.598,10.521,10.537,43409,0
2014-04-04,10.573,10.589,10.547,10.581,26479,0
2014-04-07,10.589,10.605,10.573,10.581,24314,0
2014-04-08,10.555,10.611,10.555,10.605,25815,0
2014-04-09,10.573,10.627,10.573,10.605,26215,0
2014-04-10,10.611,10.653,10.605,10.644,34971,0
2014-04-11,10.62,10.66,10.62,10.66,26506,0
2014-04-14,10.653,10.67,10.644,10.644,38931,0
2014-04-15,10.694,10.704,10.653,10.679,19948,0
2014-04-16,10.653,10.74,10.653,10.74,28081,0
2014-04-17,10.757,10.757,10.704,10.714,21946,0
2014-04-21,10.732,10.767,10.732,10.757,24972,0
2014-04-22,10.74,10.808,10.74,10.808,28820,0
2014-04-23,10.829,10.877,10.823,10.877,30148,0
2014-04-24,10.823,10.87,10.823,10.87,26691,0
2014-04-25,10.861,10.922,10.861,10.922,28042,0
2014-04-28,10.949,10.949,10.886,10.93,37364,0
2014-04-29,10.886,10.886,10.829,10.877,27865,0
2014-04-30,10.895,10.903,10.87,10.895,10144,0
2014-05-01,10.877,10.985,10.861,10.985,27031,0
2014-05-02,10.94,10.94,10.877,10.94,17872,0
2014-05-05,10.913,10.968,10.895,10.913,101000,0
2014-05-06,10.922,10.959,10.922,10.959,29382,0
2014-05-07,10.962,11.052,10.952,11.025,46902,0
2014-05-08,11.042,11.052,10.971,11.01,76118,0
2014-05-09,11.035,11.092,10.978,11.069,56644,0
2014-05-12,11.042,11.076,11.003,11.052,32402,0
2014-05-13,11.025,11.042,11.01,11.042,19455,0
2014-05-14,11.061,11.084,11.035,11.069,39527,0
2014-05-15,11.1,11.119,11.069,11.076,31677,0
2014-05-16,11.1,11.119,11.076,11.076,34774,0
2014-05-19,11.119,11.144,11.084,11.11,25102,0
2014-05-20,11.128,11.136,11.092,11.128,22231,0
2014-05-21,11.153,11.171,11.1,11.163,16718,0
2014-05-22,11.171,11.202,11.128,11.153,45123,0
2014-05-23,11.153,11.195,11.144,11.177,24485,0
2014-05-27,11.136,11.195,11.128,11.177,29799,0
2014-05-28,11.186,11.255,11.163,11.247,37149,0
2014-05-29,11.262,11.286,11.227,11.277,22136,0
2014-05-30,11.227,11.255,11.153,11.186,48844,0
2014-06-02,11.195,11.262,11.195,11.247,42278,0
2014-06-03,11.262,11.437,11.186,11.209,46866,0
2014-06-04,11.172,11.22,11.155,11.155,23684,0
2014-06-05,11.102,11.172,11.102,11.172,11006,0
2014-06-06,11.165,11.22,11.165,11.212,20727,0
2014-06-09,11.165,11.258,11.165,11.24,23706,0
2014-06-10,11.279,11.298,11.212,11.258,35091,0
2014-06-11,11.274,11.298,11.189,11.24,21869,0
2014-06-12,11.196,11.279,11.196,11.274,40330,0
2014-06-13,11.24,11.258,11.121,11.165,38237,0
2014-06-16,11.044,11.121,11.044,11.093,136784,0
2014-06-17,11.063,11.102,11.004,11.037,73232,0
2014-06-18,11.037,11.086,11.02,11.078,43250,0
2014-06-19,11.078,11.102,11.004,11.093,42371,0
2014-06-20,11.037,11.102,11.011,11.102,48253,0
2014-06-23,11.078,11.146,11.078,11.13,48223,0
2014-06-24,11.112,11.121,11.071,11.093,38479,0
2014-06-25,11.155,11.155,11.063,11.093,51173,0
2014-06-26,11.102,11.13,11.078,11.13,40342,0
2014-06-27,11.146,11.172,11.13,11.172,16742,0
2014-06-30,11.196,11.196,11.121,11.138,16222,0
2014-07-01,11.165,11.172,11.138,11.155,15592,0
2014-07-02,11.165,11.165,11.063,11.112,14888,0
2014-07-03,11.086,11.121,10.989,11.044,21940,0
2014-07-07,11.086,11.093,11.02,11.063,34781,0
2014-07-08,11.093,11.298,11.063,11.258,126055,0
2014-07-09,11.198,11.251,11.157,11.214,39346,0
2014-07-10,11.233,11.233,11.191,11.198,16298,0
2014-07-11,11.205,11.243,11.198,11.214,13257,0
2014-07-14,11.32,11.32,11.148,11.292,61886,0
2014-07-15,11.292,11.292,11.214,11.223,19988,0
2014-07-16,11.233,11.267,11.181,11.181,20702,0
2014-07-17,11.205,11.276,11.157,11.157,14322,0
2014-07-18,11.198,11.267,11.198,11.243,9785,0
2014-07-21,11.251,11.31,11.251,11.31,16038,0
2014-07-22,11.363,11.363,11.292,11.363,27845,0
2014-07-23,11.394,11.394,11.363,11.394,22778,0
2014-07-24,11.402,11.402,11.378,11.378,23569,0
2014-07-25,11.409,11.427,11.371,11.371,22642,0
2014-07-28,11.402,11.417,11.31,11.31,26250,0
2014-07-29,11.363,11.363,11.282,11.31,15508,0
2014-07-30,11.301,11.328,11.181,11.198,27023,0
2014-07-31,11.198,11.243,11.123,11.123,15254,0
2014-08-01,11.191,11.198,11.08,11.08,17169,0
2014-08-04,11.087,11.157,11.012,11.012,34189,0
2014-08-05,11.005,11.104,11.005,11.037,68512,0
2014-08-06,11.04,11.126,11.031,11.117,41351,0
2014-08-07,11.117,11.194,11.09,11.169,14911,0
2014-08-08,11.169,11.227,11.169,11.227,10542,0
2014-08-11,11.247,11.247,11.201,11.208,7738,0
2014-08-12,11.237,11.247,11.201,11.247,12713,0
2014-08-13,11.247,11.247,11.201,11.237,15374,0
2014-08-14,11.314,11.314,11.247,11.262,19951,0
2014-08-15,11.324,11.324,11.247,11.324,11447,0
2014-08-18,11.324,11.324,11.271,11.295,11852,0
2014-08-19,11.331,11.331,11.295,11.324,18258,0
2014-08-20,11.295,11.324,11.295,11.314,10839,0
2014-08-21,11.368,11.368,11.314,11.368,15704,0
2014-08-22,11.391,11.391,11.314,11.331,16343,0
2014-08-25,11.305,11.391,11.277,11.349,34388,0
2014-08-26,11.383,11.391,11.349,11.368,29688,0
2014-08-27,11.405,11.449,11.374,11.449,21057,0
2014-08-28,11.449,11.466,11.413,11.466,13749,0
2014-08-29,11.456,11.483,11.391,11.397,24312,0
2014-09-02,11.44,11.44,11.397,11.422,15221,0
2014-09-03,11.459,11.589,11.443,11.53,51583,0
2014-09-04,11.503,11.53,11.469,11.53,16002,0
2014-09-05,11.564,11.564,11.477,11.53,16767,0
2014-09-08,11.589,11.598,11.435,11.459,17814,0
2014-09-09,11.503,11.512,11.469,11.469,12450,0
2014-09-10,11.486,11.495,11.459,11.477,12476,0
2014-09-11,11.503,11.512,11.477,11.477,11993,0
2014-09-12,11.435,11.443,11.376,11.385,18953,0
2014-09-15,11.393,11.443,11.342,11.361,12329,0
2014-09-16,11.307,11.333,11.278,11.297,16577,0
2014-09-17,11.342,11.361,11.326,11.351,20563,0
2014-09-18,11.351,11.4,11.351,11.376,11170,0
2014-09-19,11.435,11.486,11.393,11.486,13865,0
2014-09-22,11.486,11.486,11.407,11.486,9399,0
2014-09-23,11.495,11.503,11.451,11.486,17287,0
2014-09-24,11.503,11.503,11.459,11.486,15299,0
2014-09-25,11.503,11.53,11.495,11.495,3403,0
2014-09-26,11.539,11.598,11.486,11.486,15093,0
2014-09-29,11.53,11.598,11.459,11.582,15195,0
2014-09-30,11.616,11.668,11.582,11.598,12123,0
2014-10-01,11.689,11.689,11.61,11.671,20214,0
2014-10-02,11.689,11.738,11.619,11.68,12337,0
2014-10-03,11.689,11.689,11.566,11.566,32388,0
2014-10-06,11.61,11.703,11.61,11.68,24543,0
2014-10-07,11.689,11.712,11.671,11.689,9022,0
2014-10-08,11.703,11.721,11.68,11.721,22116,0
2014-10-09,11.721,11.721,11.68,11.68,15051,0
2014-10-10,11.712,11.721,11.671,11.68,23431,0
2014-10-13,11.728,11.728,11.689,11.689,8575,0
2014-10-14,11.738,11.738,11.68,11.712,8434,0
2014-10-15,11.738,11.79,11.671,11.738,34465,0
2014-10-16,11.806,11.904,11.738,11.798,24988,0
2014-10-17,11.861,11.895,11.806,11.834,17903,0
2014-10-20,11.886,11.886,11.806,11.841,18935,0
2014-10-21,11.904,11.904,11.816,11.851,25475,0
2014-10-22,11.834,11.879,11.825,11.841,26669,0
2014-10-23,11.869,11.895,11.834,11.861,17613,0
2014-10-24,11.904,11.904,11.816,11.879,15634,0
2014-10-27,11.922,11.922,11.834,11.841,16338,0
2014-10-28,11.914,11.93,11.861,11.922,13054,0
2014-10-29,11.955,11.955,11.851,11.869,19406,0
2014-10-30,11.938,12.246,11.879,11.879,6952,0
2014-10-31,12.075,12.075,11.841,11.895,17819,0
2014-11-03,11.978,11.978,11.861,11.869,16134,0
2014-11-04,11.922,11.978,11.914,11.978,16029,0
2014-11-05,12.015,12.015,11.958,11.996,16241,0
2014-11-06,11.996,12.05,11.906,11.988,10427,0
2014-11-07,11.996,12.025,11.94,12.015,9918,0
2014-11-10,12.032,12.032,11.916,11.94,9595,0
2014-11-11,11.988,12.005,11.923,11.932,12120,0
2014-11-12,11.932,11.966,11.916,11.916,7725,0
2014-11-13,11.916,11.973,11.863,11.88,26461,0
2014-11-14,11.871,11.897,11.853,11.853,17169,0
2014-11-17,11.897,11.916,11.721,11.767,25067,0
2014-11-18,11.799,11.799,11.662,11.662,25181,0
2014-11-19,11.729,11.729,11.652,11.662,24757,0
2014-11-20,11.672,11.729,11.652,11.662,18824,0
2014-11-21,11.713,11.739,11.593,11.629,29291,0
2014-11-24,11.584,11.629,11.56,11.602,41475,0
2014-11-25,11.55,11.629,11.55,11.629,25773,0
2014-11-26,11.637,11.652,11.611,11.62,33065,0
2014-11-28,11.62,11.652,11.576,11.652,45956,0
2014-12-01,11.652,11.695,11.629,11.652,27771,0
2014-12-02,11.637,11.808,11.637,11.808,27676,0
2014-12-03,11.722,11.802,11.722,11.802,36885,0
2014-12-04,11.83,11.856,11.811,11.856,13777,0
2014-12-05,11.838,11.856,11.741,11.838,23413,0
2014-12-08,11.82,11.82,11.731,11.731,24198,0
2014-12-09,11.777,11.785,11.715,11.741,13892,0
2014-12-10,11.759,11.82,11.741,11.794,31619,0
2014-12-11,11.802,11.838,11.705,11.715,16255,0
2014-12-12,11.691,11.794,11.682,11.705,29531,0
2014-12-15,11.749,11.794,11.691,11.741,36677,0
2014-12-16,11.777,11.846,11.759,11.794,19320,0
2014-12-17,11.811,11.909,11.811,11.899,17411,0
2014-12-18,11.899,11.899,11.741,11.83,43552,0
2014-12-19,11.882,11.882,11.794,11.882,34484,0
2014-12-22,11.882,11.882,11.749,11.811,39257,0
2014-12-23,11.846,11.856,11.794,11.802,13074,0
2014-12-24,11.866,11.882,11.794,11.794,18771,0
2014-12-26,11.768,11.838,11.696,11.731,53408,0
2014-12-29,11.715,11.759,11.705,11.759,10355,0
2014-12-30,11.768,11.794,11.722,11.749,22606,0
2014-12-31,11.741,11.838,11.741,11.802,24403,0
2015-01-02,11.777,11.83,11.759,11.82,19675,0
2015-01-05,11.794,11.899,11.794,11.882,41470,0
2015-01-06,11.909,11.961,11.899,11.918,31728,0
2015-01-07,11.893,12.002,11.893,11.971,47467,0
2015-01-08,11.937,11.937,11.893,11.912,19942,0
2015-01-09,11.876,11.964,11.876,11.937,19180,0
2015-01-12,11.937,11.978,11.929,11.955,17816,0
2015-01-13,11.964,12.012,11.955,11.995,31414,0
2015-01-14,12.002,12.066,12.002,12.057,21540,0
2015-01-15,12.096,12.138,12.047,12.112,32765,0
2015-01-16,12.172,12.181,12.121,12.172,22509,0
2015-01-20,12.216,12.216,12.148,12.148,20707,0
2015-01-21,12.172,12.181,12.129,12.172,27193,0
2015-01-22,12.19,12.224,12.158,12.224,22590,0
2015-01-23,12.249,12.258,12.172,12.181,26696,0
2015-01-26,12.181,12.224,12.181,12.216,21046,0
2015-01-27,12.232,12.258,12.232,12.241,31036,0
2015-01-28,12.292,12.383,12.292,12.321,32807,0
2015-01-29,12.365,12.391,12.349,12.365,20212,0
2015-01-30,12.349,12.47,12.349,12.417,28456,0
2015-02-02,12.408,12.505,12.383,12.425,34227,0
2015-02-03,12.434,12.488,12.408,12.434,36084,0
2015-02-04,12.437,12.464,12.294,12.323,42528,0
2015-02-05,12.323,12.385,12.259,12.276,42877,0
2015-02-06,12.276,12.276,12.191,12.226,27341,0
2015-02-09,12.242,12.242,12.105,12.105,38355,0
2015-02-10,12.113,12.166,12.077,12.122,19602,0
2015-02-11,12.139,12.139,12.003,12.003,23063,0
2015-02-12,12.003,12.048,11.964,12.013,35207,0
2015-02-13,12.013,12.013,11.912,11.978,62533,0
2015-02-17,11.955,11.955,11.786,11.822,74429,0
2015-02-18,11.839,11.902,11.794,11.902,105275,0
2015-02-19,11.92,11.964,11.858,11.937,39690,0
2015-02-20,11.978,12.003,11.946,11.971,18120,0
2015-02-23,12.013,12.087,12.013,12.031,23896,0
2015-02-24,12.038,12.13,12.013,12.13,31794,0
2015-02-25,12.182,12.191,12.122,12.191,35280,0
2015-02-26,12.182,12.182,11.971,11.971,31079,0
2015-02-27,12.031,12.149,12.013,12.149,33212,0
2015-03-02,12.182,12.182,12.087,12.166,36663,0
2015-03-03,12.173,12.226,12.166,12.209,43035,0
2015-03-04,12.212,12.288,12.212,12.254,43414,0
2015-03-05,12.279,12.279,12.237,12.271,26181,0
2015-03-06,12.237,12.237,12.151,12.159,40237,0
2015-03-09,12.212,12.228,12.176,12.203,11446,0
2015-03-10,12.228,12.237,12.167,12.167,24596,0
2015-03-11,12.221,12.221,12.124,12.124,21874,0
2015-03-12,12.185,12.221,12.151,12.159,21537,0
2015-03-13,12.167,12.221,12.132,12.151,18590,0
2015-03-16,12.212,12.212,12.106,12.132,12809,0
2015-03-17,12.159,12.159,12.06,12.06,13261,0
2015-03-18,12.079,12.167,12.069,12.167,14509,0
2015-03-19,12.185,12.203,12.132,12.185,22784,0
2015-03-20,12.237,12.334,12.237,12.334,14283,0
2015-03-23,12.38,12.388,12.325,12.37,12922,0
2015-03-24,12.388,12.388,12.316,12.38,4421,0
2015-03-25,12.414,12.432,12.37,12.432,14509,0
2015-03-26,12.432,12.459,12.288,12.325,27428,0
2015-03-27,12.38,12.38,12.325,12.37,12014,0
2015-03-30,12.388,12.388,12.141,12.185,60185,0
2015-03-31,12.159,12.279,12.151,12.254,25956,0
2015-04-01,12.288,12.344,12.261,12.316,22556,0
2015-04-02,12.307,12.334,12.254,12.254,19268,0
2015-04-06,12.316,12.353,12.228,12.271,19836,0
2015-04-07,12.307,12.334,12.279,12.297,13026,0
2015-04-08,12.337,12.364,12.29,12.328,28772,0
2015-04-09,12.355,12.355,12.281,12.319,6993,0
2015-04-10,12.3,12.373,12.3,12.347,25837,0
2015-04-13,12.364,12.373,12.319,12.337,13765,0
2015-04-14,12.417,12.434,12.383,12.383,21662,0
2015-04-15,12.425,12.425,12.328,12.39,27285,0
2015-04-16,12.408,12.425,12.373,12.425,10759,0
2015-04-17,12.425,12.481,12.408,12.481,23806,0
2015-04-20,12.489,12.539,12.489,12.522,24874,0
2015-04-21,12.481,12.539,12.481,12.522,13791,0
2015-04-22,12.481,12.515,12.417,12.417,36301,0
2015-04-23,12.471,12.515,12.462,12.497,13426,0
2015-04-24,12.497,12.515,12.481,12.515,15733,0
2015-04-27,12.522,12.522,12.481,12.515,8689,0
2015-04-28,12.506,12.539,12.408,12.453,28208,0
2015-04-29,12.434,12.506,12.434,12.489,20423,0
2015-04-30,12.481,12.481,12.443,12.443,33964,0
2015-05-01,12.462,12.471,12.417,12.453,21100,0
2015-05-04,12.425,12.453,12.364,12.364,36897,0
2015-05-05,12.383,12.425,12.347,12.425,23695,0
2015-05-06,12.375,12.411,12.321,12.349,49121,0
2015-05-07,12.311,12.349,12.215,12.311,24570,0
2015-05-08,12.321,12.456,12.321,12.456,14937,0
2015-05-11,12.465,12.465,12.339,12.401,26958,0
2015-05-12,12.357,12.366,12.311,12.329,29278,0
2015-05-13,12.339,12.411,12.292,12.311,13818,0
2015-05-14,12.292,12.393,12.292,12.384,9885,0
2015-05-15,12.411,12.42,12.357,12.411,11775,0
2015-05-18,12.411,12.411,12.302,12.329,15381,0
2015-05-19,12.275,12.321,12.224,12.283,24399,0
2015-05-20,12.311,12.329,12.283,12.292,10219,0
2015-05-21,12.329,12.366,12.292,12.329,7299,0
2015-05-22,12.302,12.357,12.302,12.329,13704,0
2015-05-26,12.321,12.321,12.275,12.302,9373,0
2015-05-27,12.357,12.375,12.231,12.275,23476,0
2015-05-28,12.311,12.311,12.248,12.248,17870,0
2015-05-29,12.215,12.266,12.179,12.248,32910,0
2015-06-01,12.283,12.357,12.257,12.329,23142,0
2015-06-02,12.357,12.411,12.329,12.401,34597,0
2015-06-03,12.404,12.404,12.341,12.378,14647,0
2015-06-04,12.294,12.331,12.259,12.268,12412,0
2015-06-05,12.233,12.323,12.172,12.225,17668,0
2015-06-08,12.241,12.25,12.145,12.208,41260,0
2015-06-09,12.172,12.199,12.018,12.027,39433,0
2015-06-10,11.982,12.118,11.982,12.018,38056,0
2015-06-11,12.018,12.073,11.998,12.073,39303,0
2015-06-12,12.027,12.118,11.998,11.998,34107,0
2015-06-15,12.043,12.208,12.043,12.127,22923,0
2015-06-16,12.155,12.217,12.083,12.093,23594,0
2015-06-17,12.118,12.163,12.083,12.163,13641,0
2015-06-18,12.163,12.163,12.063,12.073,24713,0
2015-06-19,12.063,12.135,12.063,12.127,11405,0
2015-06-22,12.11,12.127,11.998,12.027,14312,0
2015-06-23,12.035,12.127,12.035,12.093,15962,0
2015-06-24,12.035,12.035,11.895,11.914,97737,0
2015-06-25,11.938,11.99,11.93,11.966,33546,0
2015-06-26,11.956,11.956,11.895,11.938,19681,0
2015-06-29,11.886,11.886,11.814,11.832,31197,0
2015-06-30,11.823,12.027,11.823,12.027,29535,0
2015-07-01,12.027,12.035,11.973,11.998,24266,0
2015-07-02,12.027,12.027,11.982,11.99,15880,0
2015-07-06,11.982,12.027,11.956,11.966,14204,0
2015-07-07,12.035,12.11,12.035,12.073,16661,0
2015-07-08,12.066,12.076,11.984,12.056,8683,0
2015-07-09,12.056,12.066,11.992,12.01,9128,0
2015-07-10,12.0,12.183,12.0,12.086,29719,0
2015-07-13,12.086,12.086,12.037,12.037,12579,0
2015-07-14,12.056,12.056,11.975,11.984,12485,0
2015-07-15,11.958,12.02,11.958,11.992,16034,0
2015-07-16,12.028,12.028,11.992,12.02,16030,0
2015-07-17,12.046,12.046,12.01,12.02,6566,0
2015-07-20,12.046,12.046,11.916,11.949,23709,0
2015-07-21,11.975,11.975,11.932,11.949,14357,0
2015-07-22,11.916,11.975,11.906,11.916,11130,0
2015-07-23,11.923,11.958,11.923,11.932,14249,0
2015-07-24,11.94,11.958,11.841,11.897,15471,0
2015-07-27,11.932,11.975,11.932,11.94,13134,0
2015-07-28,11.975,11.984,11.923,11.932,22262,0
2015-07-29,11.966,11.984,11.906,11.949,17256,0
2015-07-30,11.932,11.966,11.916,11.923,16918,0
2015-07-31,11.949,12.037,11.949,12.037,6902,0
2015-08-03,11.992,12.056,11.992,12.02,7292,0
2015-08-04,12.056,12.066,12.028,12.066,11018,0
2015-08-05,12.115,12.124,11.994,12.031,25036,0
2015-08-06,12.079,12.079,12.022,12.039,8437,0
2015-08-07,12.059,12.098,12.059,12.098,4322,0
2015-08-10,12.115,12.115,11.985,12.059,11409,0
2015-08-11,12.012,12.124,12.012,12.115,19291,0
2015-08-12,12.106,12.151,12.089,12.124,23153,0
2015-08-13,12.159,12.177,12.141,12.168,7644,0
2015-08-14,12.106,12.177,12.089,12.115,12185,0
2015-08-17,12.141,12.204,12.132,12.151,17392,0
2015-08-18,12.159,12.159,12.124,12.132,12077,0
2015-08-19,12.159,12.159,12.124,12.132,17840,0
2015-08-20,12.168,12.168,12.031,12.049,30578,0
2015-08-21,12.106,12.231,12.098,12.124,27809,0
2015-08-24,12.089,12.168,11.933,12.012,48634,0
2015-08-25,12.002,12.168,12.002,12.124,28693,0
2015-08-26,12.089,12.223,12.049,12.223,49745,0
2015-08-27,12.168,12.168,11.951,11.96,57498,0
2015-08-28,11.908,11.994,11.882,11.951,31464,0
2015-08-31,11.985,12.039,11.985,12.039,24594,0
2015-09-01,12.002,12.031,11.976,12.002,40657,0
2015-09-02,12.092,12.109,12.015,12.092,82366,0
2015-09-03,12.144,12.172,12.062,12.154,31316,0
2015-09-04,12.154,12.242,12.117,12.242,29994,0
2015-09-08,12.252,12.287,12.235,12.242,38922,0
2015-09-09,12.27,12.287,12.154,12.154,29771,0
2015-09-10,12.172,12.208,12.126,12.144,9605,0
2015-09-11,12.19,12.226,12.154,12.217,6947,0
2015-09-14,12.252,12.252,12.126,12.217,32855,0
2015-09-15,12.226,12.226,12.126,12.126,7828,0
2015-09-16,12.154,12.287,12.154,12.252,36938,0
2015-09-17,12.208,12.306,12.208,12.287,8927,0
2015-09-18,12.333,12.463,12.325,12.454,22161,0
2015-09-21,12.49,12.49,12.398,12.482,19075,0
2015-09-22,12.353,12.444,12.353,12.417,16319,0
2015-09-23,12.463,12.523,12.426,12.498,10629,0
2015-09-24,12.541,12.541,12.454,12.463,12275,0
2015-09-25,12.472,12.532,12.426,12.435,31316,0
2015-09-28,12.507,12.532,12.325,12.333,17442,0
2015-09-29,12.389,12.515,12.389,12.507,8049,0
2015-09-30,12.523,12.523,12.398,12.407,19737,0
2015-10-01,12.407,12.523,12.407,12.49,9922,0
2015-10-02,12.532,12.624,12.532,12.596,9704,0
2015-10-05,12.567,12.624,12.482,12.541,10808,0
2015-10-06,12.586,12.606,12.558,12.567,13672,0
2015-10-07,12.627,12.627,12.552,12.617,20852,0
2015-10-08,12.569,12.599,12.543,12.589,9440,0
2015-10-09,12.617,12.627,12.599,12.599,12183,0
2015-10-12,12.627,12.665,12.589,12.589,8628,0
2015-10-13,12.617,12.637,12.543,12.637,9112,0
2015-10-14,12.665,12.693,12.617,12.693,12183,0
2015-10-15,12.693,12.711,12.665,12.711,8891,0
2015-10-16,12.729,12.729,12.674,12.684,10099,0
2015-10-19,12.729,12.737,12.637,12.702,18686,0
2015-10-20,12.746,12.746,12.684,12.72,14287,0
2015-10-21,12.756,12.765,12.693,12.737,22720,0
2015-10-22,12.765,12.911,12.765,12.882,34686,0
2015-10-23,12.882,12.882,12.844,12.872,23599,0
2015-10-26,12.882,12.882,12.693,12.789,11637,0
2015-10-27,12.789,12.93,12.789,12.93,15253,0
2015-10-28,12.948,12.983,12.892,12.902,16027,0
2015-10-29,12.948,12.948,12.911,12.93,15804,0
2015-10-30,12.948,12.948,12.882,12.921,26233,0
2015-11-02,12.975,13.01,12.975,13.01,23837,0
2015-11-03,12.983,12.992,12.911,12.975,44456,0
2015-11-04,13.004,13.021,12.978,13.004,22930,0
2015-11-05,13.031,13.065,12.986,12.994,25351,0
2015-11-06,12.978,12.978,12.846,12.894,13113,0
2015-11-09,12.809,12.837,12.721,12.799,14319,0
2015-11-10,12.799,12.969,12.799,12.941,19342,0
2015-11-11,12.951,12.986,12.874,12.986,13225,0
2015-11-12,13.004,13.021,12.941,12.969,8306,0
2015-11-13,12.994,12.994,12.951,12.951,13003,0
2015-11-16,13.013,13.021,12.951,12.951,6121,0
2015-11-17,12.855,12.894,12.827,12.894,13225,0
2015-11-18,12.837,12.894,12.739,12.757,19014,0
2015-11-19,12.748,12.827,12.748,12.809,17154,0
2015-11-20,12.766,12.837,12.766,12.775,24697,0
2015-11-23,12.827,12.846,12.766,12.809,21309,0
2015-11-24,12.783,12.819,12.73,12.757,21309,0
2015-11-25,12.739,12.783,12.59,12.721,38575,0
2015-11-27,12.703,12.766,12.666,12.666,13003,0
2015-11-30,12.712,12.73,12.694,12.703,24806,0
2015-12-01,12.79,12.837,12.721,12.766,34325,0
2015-12-02,12.826,12.826,12.719,12.729,17093,0
2015-12-03,12.701,12.719,12.608,12.617,20513,0
2015-12-04,12.674,12.692,12.608,12.664,26117,0
2015-12-07,12.608,12.683,12.598,12.608,14804,0
2015-12-08,12.608,12.692,12.608,12.683,11535,0
2015-12-09,12.636,12.692,12.506,12.542,62792,0
2015-12-10,12.568,12.664,12.542,12.655,13711,0
2015-12-11,12.692,12.94,12.692,12.719,40155,0
2015-12-14,12.746,12.746,12.568,12.608,13814,0
2015-12-15,12.55,12.617,12.55,12.617,21223,0
2015-12-16,12.617,12.854,12.617,12.781,38850,0
2015-12-17,12.737,12.903,12.737,12.903,19588,0
2015-12-18,12.912,13.013,12.836,12.96,21002,0
2015-12-21,12.931,12.993,12.854,12.96,13497,0
2015-12-22,12.95,13.021,12.922,12.922,7343,0
2015-12-23,12.903,13.013,12.903,12.96,22526,0
2015-12-24,12.993,13.013,12.96,12.977,5387,0
2015-12-28,13.003,13.041,12.931,13.003,17198,0
2015-12-29,12.985,12.993,12.883,12.893,23986,0
2015-12-30,12.893,13.049,12.863,12.977,41417,0
2015-12-31,13.021,13.031,12.931,12.95,27467,0
2016-01-04,12.95,13.031,12.903,12.993,41394,0
2016-01-05,13.031,13.049,13.003,13.041,33841,0
2016-01-06,13.093,13.12,13.029,13.102,27393,0
2016-01-07,13.102,13.148,13.102,13.148,29811,0
2016-01-08,13.187,13.187,13.129,13.139,27763,0
2016-01-11,13.187,13.187,13.11,13.11,15190,0
2016-01-12,13.148,13.148,13.054,13.083,17496,0
2016-01-13,13.11,13.129,12.983,12.983,21048,0
2016-01-14,13.039,13.039,12.958,13.011,26491,0
2016-01-15,12.983,13.048,12.983,13.048,16639,0
2016-01-19,13.048,13.11,13.039,13.048,26335,0
2016-01-20,13.073,13.073,12.92,12.992,13814,0
2016-01-21,13.048,13.139,13.039,13.139,24120,0
2016-01-22,13.139,13.197,13.073,13.187,15556,0
2016-01-25,13.168,13.214,13.11,13.11,14185,0
2016-01-26,13.168,13.187,13.11,13.187,6806,0
2016-01-27,13.11,13.234,13.11,13.177,17731,0
2016-01-28,13.197,13.234,13.168,13.234,12445,0
2016-01-29,13.316,13.379,13.205,13.325,26995,0
2016-02-01,13.278,13.415,13.243,13.415,20887,0
2016-02-02,13.434,13.49,13.407,13.454,8896,0
2016-02-03,13.528,13.528,13.47,13.479,27009,0
2016-02-04,13.479,13.499,13.462,13.499,8795,0
2016-02-05,13.563,13.563,13.509,13.509,24227,0
2016-02-08,13.519,13.555,13.452,13.462,18655,0
2016-02-09,13.462,13.536,13.462,13.462,22088,0
2016-02-10,13.536,13.545,13.472,13.528,17900,0
2016-02-11,13.609,13.609,13.489,13.509,19161,0
2016-02-12,13.528,13.545,13.423,13.442,38291,0
2016-02-16,13.462,13.479,13.405,13.462,59844,0
2016-02-17,13.432,13.462,13.413,13.452,31500,0
2016-02-18,13.462,13.499,13.432,13.499,21442,0
2016-02-19,13.442,13.499,13.442,13.489,22510,0
2016-02-22,13.528,13.528,13.442,13.452,29019,0
2016-02-23,13.432,13.555,13.432,13.555,41792,0
2016-02-24,13.479,13.609,13.479,13.592,34418,0
2016-02-25,13.545,13.607,13.509,13.536,36854,0
2016-02-26,13.555,13.555,13.423,13.479,43347,0
2016-02-29,13.452,13.545,13.452,13.528,18157,0
2016-03-01,13.573,13.72,13.55,13.636,61072,0
2016-03-02,13.662,13.662,13.581,13.634,24372,0
2016-03-03,13.644,13.681,13.624,13.681,23780,0
2016-03-04,13.634,13.716,13.624,13.691,39650,0
2016-03-07,13.644,13.719,13.634,13.719,14082,0
2016-03-08,13.797,13.797,13.681,13.728,27197,0
2016-03-09,13.728,13.747,13.7,13.738,9704,0
2016-03-10,13.747,13.747,13.681,13.691,9423,0
2016-03-11,13.777,13.787,13.624,13.671,21520,0
2016-03-14,13.757,13.757,13.671,13.7,14497,0
2016-03-15,13.671,13.709,13.581,13.581,22917,0
2016-03-16,13.634,13.634,13.571,13.634,11459,0
2016-03-17,13.571,13.662,13.553,13.634,14233,0
2016-03-18,13.719,13.719,13.581,13.581,11649,0
2016-03-21,13.607,13.652,13.59,13.616,16381,0
2016-03-22,13.652,13.767,13.652,13.767,15951,0
2016-03-23,13.681,13.787,13.49,13.747,86541,0
2016-03-24,13.767,13.797,13.7,13.7,13790,0
2016-03-28,13.787,13.787,13.712,13.767,16904,0
2016-03-29,13.813,13.823,13.767,13.813,15705,0
2016-03-30,13.886,13.886,13.806,13.832,11587,0
2016-03-31,13.913,13.913,13.797,13.797,11183,0
2016-04-01,13.85,13.867,13.757,13.777,21071,0
2016-04-04,13.777,13.823,13.777,13.787,19317,0
2016-04-05,13.894,13.894,13.813,13.859,22031,0
2016-04-06,13.83,13.922,13.83,13.893,20022,0
2016-04-07,13.912,13.968,13.907,13.959,17236,0
2016-04-08,14.007,14.007,13.867,13.917,35887,0
2016-04-11,13.949,13.987,13.857,13.931,21685,0
2016-04-12,13.997,14.007,13.941,13.987,12837,0
2016-04-13,14.036,14.036,13.922,13.922,10442,0
2016-04-14,13.959,13.997,13.893,13.902,23112,0
2016-04-15,13.977,14.016,13.902,13.959,37222,0
2016-04-18,14.016,14.118,13.992,14.118,23443,0
2016-04-19,14.127,14.137,13.839,13.987,56633,0
2016-04-20,14.007,14.074,13.997,14.056,21717,0
2016-04-21,14.066,14.066,14.026,14.026,12451,0
2016-04-22,14.046,14.066,14.026,14.026,12253,0
2016-04-25,14.026,14.066,13.959,13.959,12697,0
2016-04-26,13.997,14.036,13.968,14.007,15391,0
2016-04-27,14.056,14.101,14.007,14.101,29768,0
2016-04-28,14.101,14.118,14.056,14.066,14237,0
2016-04-29,14.074,14.118,14.056,14.11,18009,0
2016-05-02,14.118,14.137,14.036,14.036,21488,0
2016-05-03,14.092,14.137,14.066,14.083,19072,0
2016-05-04,14.109,14.117,14.005,14.024,38921,0
2016-05-05,14.072,14.099,13.995,14.015,122589,0
2016-05-06,14.054,14.064,13.92,13.959,37901,0
2016-05-09,14.034,14.238,13.948,14.146,69631,0
2016-05-10,14.165,14.191,14.064,14.064,35472,0
2016-05-11,14.117,14.201,14.109,14.136,18698,0
2016-05-12,14.126,14.201,14.126,14.201,31388,0
2016-05-13,14.229,14.229,14.146,14.21,16762,0
2016-05-16,14.229,14.258,14.16,14.211,44974,0
2016-05-17,14.258,14.267,14.182,14.191,22687,0
2016-05-18,14.219,14.219,14.072,14.072,23912,0
2016-05-19,14.072,14.09,13.837,13.837,40987,0
2016-05-20,13.9,13.948,13.837,13.837,15370,0
2016-05-23,13.948,14.054,13.948,13.995,22827,0
2016-05-24,14.099,14.099,14.005,14.024,15229,0
2016-05-25,14.034,14.191,14.028,14.191,44652,0
2016-05-26,14.191,14.201,14.173,14.182,19964,0
2016-05-27,14.201,14.201,14.09,14.09,62715,0
2016-05-31,13.966,14.015,13.891,13.92,79383,0
2016-06-01,13.937,14.081,13.937,14.053,25177,0
2016-06-02,14.125,14.181,14.063,14.071,41248,0
2016-06-03,14.181,14.191,14.089,14.125,29316,0
2016-06-06,14.172,14.172,14.089,14.098,25250,0
2016-06-07,14.191,14.191,14.116,14.135,35796,0
2016-06-08,14.181,14.181,14.108,14.108,26228,0
2016-06-09,14.164,14.172,14.089,14.172,27487,0
2016-06-10,14.201,14.248,14.125,14.164,33920,0
2016-06-13,14.164,14.219,14.164,14.172,16794,0
2016-06-14,14.229,14.316,14.21,14.316,47179,0
2016-06-15,14.372,14.463,14.325,14.463,60647,0
2016-06-16,14.55,14.587,14.446,14.569,36861,0
2016-06-17,14.635,14.691,14.569,14.655,44938,0
2016-06-20,14.681,14.728,14.617,14.645,36440,0
2016-06-21,14.672,14.672,14.645,14.667,22506,0
2016-06-22,14.681,14.709,14.663,14.663,18348,0
2016-06-23,14.655,14.681,14.617,14.663,20224,0
2016-06-24,14.709,14.775,14.635,14.663,23404,0
2016-06-27,14.765,14.785,14.655,14.655,19506,0
2016-06-28,14.672,14.701,14.645,14.655,16762,0
2016-06-29,14.681,14.681,14.577,14.587,19101,0
2016-06-30,14.663,14.663,14.541,14.55,23886,0
2016-07-01,14.569,14.607,14.502,14.512,16783,0
2016-07-05,14.55,14.569,14.502,14.569,18256,0
2016-07-06,14.618,14.674,14.579,14.599,33399,0
2016-07-07,14.665,14.683,14.618,14.618,16848,0
2016-07-08,14.647,14.683,14.609,14.609,23263,0
2016-07-11,14.72,14.72,14.589,14.589,26037,0
2016-07-12,14.627,14.627,14.447,14.456,26095,0
2016-07-13,14.456,14.513,14.278,14.317,93381,0
2016-07-14,14.326,14.335,14.125,14.201,34884,0
2016-07-15,14.201,14.571,14.201,14.438,95585,0
2016-07-18,14.637,14.637,14.474,14.552,38321,0
2016-07-19,14.627,14.627,14.474,14.543,15596,0
2016-07-20,14.543,14.571,14.523,14.571,7693,0
2016-07-21,14.637,14.637,14.561,14.589,28125,0
2016-07-22,14.683,14.683,14.571,14.589,27243,0
2016-07-25,14.647,14.665,14.571,14.571,14121,0
2016-07-26,14.627,14.647,14.571,14.637,14618,0
2016-07-27,14.683,14.693,14.618,14.674,16635,0
2016-07-28,14.693,14.693,14.647,14.693,9866,0
2016-07-29,14.657,14.703,14.657,14.703,7660,0
2016-08-01,14.683,14.711,14.665,14.693,10725,0
2016-08-02,14.665,14.682,14.571,14.599,27537,0
2016-08-03,14.572,14.704,14.572,14.695,12066,0
2016-08-04,14.731,14.731,14.659,14.659,19560,0
2016-08-05,14.676,14.676,14.554,14.563,9364,0
2016-08-08,14.639,14.639,14.524,14.524,9638,0
2016-08-09,14.62,14.62,14.524,14.524,27531,0
2016-08-10,14.611,14.611,14.534,14.544,27208,0
2016-08-11,14.544,14.564,14.494,14.514,33087,0
2016-08-12,14.524,14.563,14.514,14.544,12312,0
2016-08-15,14.591,14.601,14.524,14.601,33627,0
2016-08-16,14.629,14.629,14.544,14.62,15370,0
2016-08-17,14.629,14.722,14.591,14.695,23120,0
2016-08-18,14.713,14.769,14.704,14.722,14572,0
2016-08-19,14.759,14.779,14.704,14.759,19438,0
2016-08-22,14.799,14.799,14.722,14.74,13252,0
2016-08-23,14.799,14.914,14.769,14.866,55971,0
2016-08-24,14.856,14.866,14.539,14.611,38817,0
2016-08-25,14.629,14.629,14.457,14.524,40074,0
2016-08-26,14.514,14.534,14.41,14.457,36656,0
2016-08-29,14.484,14.534,14.465,14.504,31558,0
2016-08-30,14.572,14.62,14.514,14.611,28548,0
2016-08-31,14.639,14.779,14.639,14.74,34445,0
2016-09-01,14.731,14.799,14.695,14.704,32767,0
2016-09-02,14.809,14.827,14.722,14.731,23807,0
2016-09-06,14.722,14.769,14.722,14.722,19102,0
2016-09-07,14.811,14.811,14.697,14.771,25658,0
2016-09-08,14.761,14.897,14.724,14.838,40051,0
2016-09-09,14.791,14.791,14.525,14.535,32840,0
2016-09-12,14.592,14.592,14.448,14.515,22387,0
2016-09-13,14.602,14.65,14.467,14.515,24134,0
2016-09-14,14.573,14.582,14.466,14.582,9938,0
2016-09-15,14.592,14.621,14.374,14.374,27591,0
2016-09-16,14.466,14.485,14.411,14.485,31641,0
2016-09-19,14.582,14.65,14.485,14.485,34209,0
2016-09-20,14.582,14.582,14.476,14.535,23241,0
2016-09-21,14.573,14.64,14.495,14.592,30079,0
2016-09-22,14.64,14.733,14.63,14.724,21106,0
2016-09-23,14.697,14.733,14.64,14.694,24766,0
2016-09-26,14.733,14.733,14.564,14.579,21339,0
2016-09-27,14.63,14.706,14.582,14.7,36961,0
2016-09-28,14.724,14.771,14.63,14.771,40658,0
2016-09-29,14.761,14.791,14.621,14.65,18129,0
2016-09-30,14.668,14.678,14.525,14.65,19787,0
2016-10-03,14.621,14.687,14.573,14.582,30265,0
2016-10-04,14.63,14.63,14.458,14.515,33584,0
2016-10-05,14.614,14.614,14.431,14.487,23288,0
2016-10-06,14.375,14.497,14.318,14.355,21056,0
2016-10-07,14.394,14.394,14.337,14.355,11273,0
2016-10-10,14.365,14.402,14.328,14.328,12794,0
2016-10-11,14.328,14.337,14.192,14.192,17487,0
2016-10-12,14.182,14.25,14.063,14.063,15729,0
2016-10-13,14.062,14.116,13.983,14.032,48362,0
2016-10-14,14.032,14.042,13.831,13.831,25286,0
2016-10-17,13.887,13.887,13.697,13.712,51356,0
2016-10-18,13.785,13.915,13.726,13.878,24467,0
2016-10-19,13.934,14.346,13.934,14.31,63172,0
2016-10-20,14.346,14.394,14.208,14.365,51301,0
2016-10-21,14.412,14.537,14.37,14.431,17542,0
2016-10-24,14.497,14.497,14.337,14.365,24250,0
2016-10-25,14.431,14.441,14.365,14.385,6424,0
2016-10-26,14.422,14.422,14.26,14.309,11931,0
2016-10-27,14.22,14.24,14.062,14.172,13567,0
2016-10-28,14.202,14.211,14.042,14.062,6132,0
2016-10-31,14.088,14.098,14.062,14.062,5156,0
2016-11-01,14.088,14.172,14.003,14.071,13498,0
2016-11-02,14.11,14.111,14.044,14.09,16741,0
2016-11-03,14.034,14.213,14.034,14.174,13727,0
2016-11-04,14.232,14.282,14.044,14.118,14986,0
2016-11-07,14.203,14.203,14.137,14.174,6640,0
2016-11-08,14.203,14.223,14.118,14.118,7437,0
2016-11-09,14.034,14.147,13.979,14.09,24108,0
2016-11-10,14.072,14.072,13.648,13.687,41254,0
2016-11-11,13.628,13.805,13.548,13.548,23185,0
2016-11-14,13.573,13.573,12.863,12.933,113233,0
2016-11-15,12.923,13.267,12.923,13.191,35877,0
2016-11-16,13.36,13.37,13.191,13.267,30925,0
2016-11-17,13.324,13.324,13.111,13.141,33098,0
2016-11-18,13.121,13.151,13.038,13.083,30502,0
2016-11-21,13.083,13.221,12.98,13.083,42881,0
2016-11-22,13.054,13.277,13.054,13.221,42158,0
2016-11-23,13.083,13.121,13.047,13.077,39913,0
2016-11-25,12.923,13.003,12.805,12.885,39474,0
2016-11-28,12.923,13.018,12.883,12.933,18674,0
2016-11-29,12.999,13.073,12.815,12.883,94431,0
2016-11-30,12.863,12.863,12.685,12.815,36640,0
2016-12-01,12.805,12.805,12.566,12.586,48872,0
2016-12-02,12.518,12.655,12.518,12.625,44458,0
2016-12-05,12.625,12.644,12.464,12.606,41833,0
2016-12-06,12.538,12.675,12.538,12.665,73859,0
2016-12-07,12.637,12.826,12.637,12.78,83730,0
2016-12-08,12.696,12.733,12.657,12.677,66011,0
2016-12-09,12.667,12.836,12.657,12.807,135606,0
2016-12-12,12.742,12.742,12.667,12.714,42769,0
2016-12-13,12.742,12.771,12.667,12.771,44763,0
2016-12-14,12.789,12.836,12.78,12.78,42365,0
2016-12-15,12.714,12.714,12.617,12.617,88582,0
2016-12-16,12.529,12.607,12.529,12.557,106983,0
2016-12-19,12.577,12.983,12.577,12.983,142245,0
2016-12-20,12.896,12.896,12.733,12.808,65480,0
2016-12-21,12.78,12.836,12.771,12.789,26625,0
2016-12-22,12.866,12.866,12.742,12.836,41244,0
2016-12-23,12.789,12.836,12.733,12.762,49557,0
2016-12-27,12.762,12.797,12.733,12.733,43421,0
2016-12-28,12.714,12.762,12.696,12.733,59016,0
2016-12-29,12.771,12.797,12.742,12.742,53272,0
2016-12-30,12.733,12.797,12.724,12.733,51782,0
2017-01-03,12.807,12.807,12.757,12.78,23574,0
2017-01-04,12.828,12.878,12.809,12.848,18190,0
2017-01-05,12.878,13.034,12.878,13.024,44170,0
2017-01-06,13.015,13.024,12.938,12.958,25127,0
2017-01-09,12.986,13.089,12.986,13.044,20443,0
2017-01-10,13.024,13.099,12.995,13.005,26527,0
2017-01-11,12.995,13.099,12.928,13.051,62359,0
2017-01-12,13.099,13.158,13.051,13.051,28567,0
2017-01-13,13.069,13.099,13.044,13.087,21311,0
2017-01-17,13.128,13.178,13.069,13.138,29198,0
2017-01-18,13.118,13.198,13.069,13.118,48166,0
2017-01-19,13.108,13.108,12.995,13.015,45521,0
2017-01-20,13.005,13.024,12.958,12.977,15339,0
2017-01-23,13.034,13.108,12.997,13.108,34018,0
2017-01-24,13.044,13.079,13.044,13.079,13168,0
2017-01-25,13.051,13.066,13.006,13.051,17873,0
2017-01-26,13.024,13.051,13.024,13.051,3845,0
2017-01-27,13.024,13.106,13.015,13.06,21523,0
2017-01-30,13.118,13.138,13.051,13.089,11152,0
2017-01-31,13.108,13.128,13.069,13.099,23870,0
2017-02-01,13.1,13.2,13.081,13.12,17074,0
2017-02-02,13.1,13.14,13.071,13.1,17601,0
2017-02-03,13.11,13.17,13.11,13.13,12573,0
2017-02-06,13.18,13.21,13.15,13.21,18882,0
2017-02-07,13.17,13.256,13.17,13.24,18637,0
2017-02-08,13.25,13.306,13.25,13.277,24107,0
2017-02-09,13.267,13.277,13.18,13.19,36670,0
2017-02-10,13.18,13.24,13.13,13.14,16618,0
2017-02-13,13.15,13.16,13.081,13.1,45068,0
2017-02-14,13.14,13.14,12.996,13.045,29307,0
2017-02-15,13.006,13.045,12.949,12.978,50831,0
2017-02-16,12.969,12.987,12.889,12.959,73090,0
2017-02-17,12.969,12.969,12.919,12.919,30657,0
2017-02-21,12.909,12.978,12.899,12.949,91113,0
2017-02-22,12.919,12.996,12.919,12.949,55721,0
2017-02-23,12.959,13.015,12.949,12.959,53910,0
2017-02-24,12.987,13.025,12.987,12.996,44208,0
2017-02-27,12.978,12.996,12.929,12.949,55525,0
2017-02-28,12.969,13.006,12.969,12.996,28770,0
2017-03-01,12.956,12.975,12.896,12.975,36281,0
2017-03-02,12.946,12.966,12.87,12.946,39610,0
2017-03-03,12.916,12.936,12.876,12.926,53917,0
2017-03-06,12.936,12.936,12.836,12.886,51772,0
2017-03-07,12.886,12.887,12.846,12.851,4733,0
2017-03-08,12.807,12.817,12.787,12.817,24568,0
2017-03-09,12.769,12.769,12.682,12.712,46955,0
2017-03-10,12.712,12.769,12.654,12.75,55928,0
2017-03-13,12.741,12.741,12.684,12.731,25255,0
2017-03-14,12.693,12.731,12.684,12.731,17748,0
2017-03-15,12.693,12.826,12.674,12.779,50369,0
2017-03-16,12.779,12.779,12.703,12.703,19843,0
2017-03-17,12.75,12.769,12.721,12.76,28842,0
2017-03-20,12.76,12.817,12.75,12.817,32569,0
2017-03-21,12.779,12.856,12.779,12.846,17035,0
2017-03-22,12.866,12.886,12.846,12.886,26680,0
2017-03-23,12.896,12.896,12.856,12.886,14174,0
2017-03-24,12.856,12.926,12.856,12.906,16265,0
2017-03-27,12.916,13.013,12.916,13.003,37173,0
2017-03-28,12.975,12.993,12.926,12.936,19946,0
2017-03-29,12.956,12.984,12.936,12.975,24980,0
2017-03-30,12.956,12.975,12.926,12.936,13216,0
2017-03-31,12.936,12.956,12.926,12.926,22316,0
2017-04-03,12.956,13.013,12.946,12.966,25442,0
2017-04-04,12.975,12.984,12.946,12.984,19858,0
2017-04-05,12.933,12.981,12.913,12.923,45611,0
2017-04-06,12.933,13.01,12.933,12.99,29354,0
2017-04-07,13.0,13.057,13.0,13.048,29157,0
2017-04-10,13.067,13.146,13.067,13.146,13698,0
2017-04-11,13.136,13.196,13.136,13.156,39874,0
2017-04-12,13.146,13.236,13.146,13.236,15673,0
2017-04-13,13.216,13.283,13.216,13.246,23748,0
2017-04-17,13.292,13.292,13.216,13.255,16437,0
2017-04-18,13.292,13.321,13.268,13.321,24583,0
2017-04-19,13.312,13.321,13.226,13.283,18392,0
2017-04-20,13.246,13.292,13.186,13.283,39400,0
2017-04-21,13.312,13.312,13.266,13.266,17453,0
2017-04-24,13.246,13.283,13.186,13.186,15474,0
2017-04-25,13.196,13.206,13.097,13.097,19309,0
2017-04-26,13.156,13.211,13.116,13.158,22562,0
2017-04-27,13.186,13.226,13.146,13.206,21556,0
2017-04-28,13.176,13.236,13.176,13.236,13711,0
2017-05-01,13.166,13.255,13.166,13.236,19044,0
2017-05-02,13.226,13.255,13.226,13.255,8595,0
2017-05-03,13.252,13.299,13.252,13.299,8344,0
2017-05-04,13.27,13.28,13.26,13.26,10486,0
2017-05-05,13.252,13.299,13.252,13.27,9483,0
2017-05-08,13.233,13.289,13.233,13.28,19819,0
2017-05-09,13.223,13.26,13.223,13.223,20289,0
2017-05-10,13.252,13.27,13.143,13.163,56887,0
2017-05-11,13.133,13.211,13.133,13.198,26544,0
2017-05-12,13.213,13.309,13.203,13.309,43852,0
2017-05-15,13.309,13.309,13.28,13.289,23840,0
2017-05-16,13.27,13.318,13.27,13.293,16734,0
2017-05-17,13.328,13.377,13.328,13.349,21744,0
2017-05-18,13.377,13.396,13.318,13.368,79676,0
2017-05-19,13.338,13.368,13.289,13.299,24409,0
2017-05-22,13.28,13.313,13.27,13.299,73609,0
2017-05-23,13.338,13.338,13.294,13.328,65711,0
2017-05-24,13.309,13.368,13.309,13.368,39987,0
2017-05-25,13.328,13.368,13.323,13.338,61466,0
2017-05-26,13.377,13.377,13.328,13.377,27432,0
2017-05-30,13.348,13.397,13.348,13.368,25648,0
2017-05-31,13.407,13.447,13.377,13.447,48859,0
2017-06-01,13.447,13.447,13.407,13.437,25862,0
2017-06-02,13.477,13.497,13.447,13.467,32345,0
2017-06-05,13.467,13.477,13.427,13.437,15818,0
2017-06-06,13.507,13.517,13.467,13.467,28015,0
2017-06-07,13.514,13.514,13.454,13.474,30886,0
2017-06-08,13.474,13.512,13.434,13.474,51279,0
2017-06-09,13.444,13.504,13.434,13.474,23873,0
2017-06-12,13.424,13.468,13.414,13.464,64067,0
2017-06-13,13.464,13.464,13.434,13.454,27966,0
2017-06-14,13.474,13.542,13.464,13.474,60423,0
2017-06-15,13.474,13.484,13.434,13.464,32525,0
2017-06-16,13.514,13.533,13.474,13.512,24018,0
2017-06-19,13.524,13.527,13.464,13.474,30692,0
2017-06-20,13.514,13.533,13.504,13.514,10348,0
2017-06-21,13.484,13.559,13.484,13.54,34276,0
2017-06-22,13.562,13.581,13.537,13.581,17811,0
2017-06-23,13.581,13.62,13.562,13.61,20328,0
2017-06-26,13.6,13.61,13.571,13.581,6939,0
2017-06-27,13.6,13.62,13.533,13.552,10033,0
2017-06-28,13.6,13.6,13.524,13.552,25126,0
2017-06-29,13.484,13.504,13.454,13.464,27233,0
2017-06-30,13.434,13.464,13.414,13.454,15325,0
2017-07-03,13.454,13.474,13.434,13.454,18930,0
2017-07-05,13.444,13.474,13.414,13.464,18777,0
2017-07-06,13.454,13.454,13.404,13.422,13725,0
2017-07-07,13.404,13.414,13.355,13.375,22711,0
2017-07-10,13.434,13.434,13.365,13.394,22785,0
2017-07-11,13.355,13.417,13.355,13.404,46318,0
2017-07-12,13.414,13.444,13.404,13.424,37567,0
2017-07-13,13.404,13.444,13.397,13.434,30484,0
2017-07-14,13.454,13.542,13.454,13.494,46536,0
2017-07-17,13.464,13.484,13.454,13.464,25753,0
2017-07-18,13.474,13.533,13.474,13.533,11304,0
2017-07-19,13.533,13.542,13.524,13.542,15507,0
2017-07-20,13.552,13.562,13.504,13.552,22983,0
2017-07-21,13.571,13.611,13.514,13.571,50120,0
2017-07-24,13.542,13.562,13.514,13.524,44315,0
2017-07-25,13.524,13.524,13.474,13.474,28177,0
2017-07-26,13.524,13.542,13.494,13.524,69356,0
2017-07-27,13.542,13.542,13.474,13.474,44189,0
2017-07-28,13.494,13.562,13.484,13.542,22943,0
2017-07-31,13.504,13.611,13.504,13.601,46547,0
2017-08-01,13.601,13.66,13.601,13.66,31317,0
2017-08-02,13.7,13.74,13.67,13.73,30743,0
2017-08-03,13.74,13.838,13.71,13.834,47769,0
2017-08-04,13.838,13.838,13.733,13.8,18985,0
2017-08-07,13.809,13.813,13.77,13.79,12842,0
2017-08-08,13.77,13.829,13.765,13.77,25506,0
2017-08-09,13.819,13.829,13.73,13.73,28223,0
2017-08-10,13.76,13.77,13.651,13.66,27637,0
2017-08-11,13.74,13.75,13.651,13.72,14121,0
2017-08-14,13.7,13.807,13.7,13.75,25676,0
2017-08-15,13.76,13.76,13.69,13.72,13492,0
2017-08-16,13.72,13.72,13.67,13.68,21904,0
2017-08-17,13.73,13.76,13.68,13.76,12745,0
2017-08-18,13.76,13.78,13.73,13.78,10355,0
2017-08-21,13.77,13.809,13.69,13.74,29578,0
2017-08-22,13.71,13.79,13.71,13.71,34110,0
2017-08-23,13.71,13.79,13.71,13.72,16729,0
2017-08-24,13.76,13.77,13.69,13.71,25984,0
2017-08-25,13.69,13.722,13.68,13.69,15607,0
2017-08-28,13.73,13.76,13.69,13.71,31090,0
2017-08-29,13.78,13.819,13.75,13.78,34790,0
2017-08-30,13.77,13.798,13.73,13.73,29137,0
2017-08-31,13.829,13.829,13.73,13.73,27509,0
2017-09-01,13.78,13.809,13.75,13.77,32552,0
2017-09-05,13.76,13.838,13.75,13.8,45217,0
2017-09-06,13.848,13.848,13.79,13.79,23842,0
2017-09-07,13.809,13.868,13.77,13.8,24748,0
2017-09-08,13.8,13.854,13.79,13.829,35874,0
2017-09-11,13.888,13.888,13.76,13.8,49064,0
2017-09-12,13.76,13.838,13.76,13.809,23958,0
2017-09-13,13.819,13.848,13.75,13.819,14929,0
2017-09-14,13.848,13.848,13.76,13.809,25823,0
2017-09-15,13.819,13.888,13.8,13.868,38934,0
2017-09-18,13.868,13.918,13.838,13.908,32938,0
2017-09-19,13.918,13.918,13.868,13.918,13303,0
2017-09-20,13.918,13.918,13.848,13.868,17930,0
2017-09-21,13.888,13.888,13.71,13.71,40529,0
2017-09-22,13.78,13.79,13.72,13.72,10428,0
2017-09-25,13.76,13.8,13.71,13.75,12270,0
2017-09-26,13.76,13.8,13.74,13.78,16073,0
2017-09-27,13.78,13.78,13.71,13.72,21859,0
2017-09-28,13.79,13.79,13.67,13.68,25570,0
2017-09-29,13.74,13.74,13.69,13.71,15445,0
2017-10-02,13.69,13.74,13.68,13.7,8316,0
2017-10-03,13.78,13.78,13.66,13.66,13017,0
2017-10-04,13.65,13.7,13.65,13.67,7136,0
2017-10-05,13.72,13.72,13.64,13.65,17462,0
2017-10-06,13.64,13.671,13.64,13.67,20663,0
2017-10-09,13.74,13.79,13.725,13.77,23425,0
2017-10-10,13.76,13.76,13.73,13.76,8238,0
2017-10-11,13.77,13.78,13.77,13.78,9118,0
2017-10-12,13.77,13.78,13.741,13.78,11406,0
2017-10-13,13.81,13.839,13.79,13.79,4718,0
2017-10-16,13.75,13.81,13.75,13.81,24550,0
2017-10-17,13.75,13.839,13.72,13.83,26914,0
2017-10-18,13.82,13.82,13.74,13.77,16273,0
2017-10-19,13.839,13.959,13.838,13.959,36265,0
2017-10-20,13.869,13.905,13.849,13.859,39300,0
2017-10-23,13.83,13.879,13.83,13.854,13026,0
2017-10-24,13.849,13.849,13.81,13.839,19924,0
2017-10-25,13.839,13.839,13.75,13.78,29844,0
2017-10-26,13.75,13.75,13.67,13.67,16130,0
2017-10-27,13.65,13.65,13.6,13.65,19195,0
2017-10-30,13.67,13.71,13.64,13.69,19785,0
2017-10-31,13.7,13.705,13.57,13.67,26989,0
2017-11-01,13.7,13.72,13.68,13.7,18026,0
2017-11-02,13.76,13.83,13.7,13.77,39945,0
2017-11-03,13.78,13.78,13.74,13.77,24501,0
2017-11-06,13.77,13.83,13.74,13.74,20760,0
2017-11-07,13.77,13.81,13.77,13.81,13464,0
2017-11-08,13.85,13.89,13.82,13.88,22610,0
2017-11-09,13.86,13.86,13.82,13.85,8185,0
2017-11-10,13.83,13.83,13.66,13.7,76536,0
