Date,Open,High,Low,Close,Volume,OpenInt
2014-01-02,24.67,24.9,24.35,24.57,363417,0
2014-01-03,24.56,24.84,24.44,24.59,363802,0
2014-01-06,24.69,24.77,23.91,24.22,633900,0
2014-01-07,24.25,24.58,23.88,24.44,485000,0
2014-01-08,23.62,23.9,22.36,22.89,2272700,0
2014-01-09,22.89,23.27,22.52,22.91,1645400,0
2014-01-10,22.86,23.05,22.76,22.83,1000300,0
2014-01-13,22.71,23.16,22.71,22.85,1022600,0
2014-01-14,22.96,23.0,22.6,22.84,704200,0
2014-01-15,22.72,23.1,22.65,22.9,1018700,0
2014-01-16,22.86,22.99,22.64,22.8,427211,0
2014-01-17,22.85,23.0,22.58,22.61,367400,0
2014-01-21,22.6,22.75,22.02,22.68,864100,0
2014-01-22,22.66,22.66,22.33,22.39,648000,0
2014-01-23,22.32,22.6,22.12,22.57,614100,0
2014-01-24,22.34,22.56,21.54,21.6,688700,0
2014-01-27,21.6,21.74,21.14,21.3,829100,0
2014-01-28,21.41,21.95,21.21,21.89,924900,0
2014-01-29,21.9,22.0,21.51,21.78,819900,0
2014-01-30,21.89,22.93,21.79,22.68,601100,0
2014-01-31,22.18,22.88,22.0,22.7,1168900,0
2014-02-03,22.63,23.24,22.07,22.1,779959,0
2014-02-04,22.6,22.61,21.8,22.04,482004,0
2014-02-05,21.69,22.06,21.12,21.68,734075,0
2014-02-06,21.83,22.02,21.38,21.95,529008,0
2014-02-07,22.0,22.76,22.0,22.6,415605,0
2014-02-10,22.46,23.17,22.46,23.17,711677,0
2014-02-11,23.47,24.0,23.21,23.76,715083,0
2014-02-12,23.89,24.11,23.33,23.78,482071,0
2014-02-13,23.53,24.01,23.39,23.93,526578,0
2014-02-14,24.0,24.59,23.86,24.0,525389,0
2014-02-18,23.98,25.8,23.98,25.28,1044516,0
2014-02-19,25.27,25.45,24.84,25.11,575534,0
2014-02-20,24.9,25.85,24.883,25.73,329287,0
2014-02-21,25.87,26.94,25.73,26.48,1156823,0
2014-02-24,27.54,27.99,27.24,27.81,2161770,0
2014-02-25,27.97,28.0,26.81,27.01,1338447,0
2014-02-26,27.28,27.71,27.06,27.6,755700,0
2014-02-27,27.5,27.55,25.88,26.8,1415018,0
2014-02-28,26.86,27.05,25.7,25.82,1188218,0
2014-03-03,24.54,24.54,21.11,24.1,5223907,0
2014-03-04,23.7,24.98,23.42,23.95,2441068,0
2014-03-05,23.85,24.18,23.43,23.99,801923,0
2014-03-06,24.03,24.12,22.32,22.74,1268678,0
2014-03-07,22.78,22.875,22.076,22.45,1209627,0
2014-03-10,22.21,22.77,22.14,22.61,870877,0
2014-03-11,22.32,22.8,22.273,22.37,793140,0
2014-03-12,22.21,22.91,21.881,22.87,672153,0
2014-03-13,22.98,23.25,22.53,22.56,741432,0
2014-03-14,22.8,23.71,22.525,23.41,987142,0
2014-03-17,23.56,23.91,23.38,23.68,1043346,0
2014-03-18,23.73,23.98,23.511,23.97,997688,0
2014-03-19,23.98,24.13,23.69,23.84,1048868,0
2014-03-20,23.89,24.2,23.24,23.38,510677,0
2014-03-21,23.55,23.55,21.88,22.2,1719714,0
2014-03-24,22.22,22.45,21.63,22.2,941421,0
2014-03-25,22.38,22.71,21.84,22.04,954350,0
2014-03-26,22.18,22.59,21.42,21.47,736300,0
2014-03-27,21.46,21.87,20.63,21.82,1047781,0
2014-03-28,21.77,22.19,20.93,21.0,1055530,0
2014-03-31,21.16,22.07,21.07,22.0,1643030,0
2014-04-01,22.42,22.65,21.76,22.12,854838,0
2014-04-02,22.02,22.25,21.44,21.67,674519,0
2014-04-03,21.59,21.78,21.125,21.7,718083,0
2014-04-04,21.89,22.03,21.02,21.1,756406,0
2014-04-07,21.08,21.58,20.61,20.93,825859,0
2014-04-08,20.98,21.23,20.52,21.06,718964,0
2014-04-09,21.12,22.05,21.03,22.01,1019510,0
2014-04-10,21.99,21.99,21.26,21.53,1248783,0
2014-04-11,21.27,22.0,20.964,21.63,1027780,0
2014-04-14,21.77,22.2,21.34,21.68,912958,0
2014-04-15,21.69,22.14,20.71,21.61,862132,0
2014-04-16,21.87,22.75,21.44,22.71,580499,0
2014-04-17,22.75,23.16,22.28,22.81,674475,0
2014-04-21,22.95,23.65,22.81,23.65,566995,0
2014-04-22,24.1,25.09,24.01,24.65,847043,0
2014-04-23,24.69,24.79,23.82,24.04,702393,0
2014-04-24,24.11,24.49,23.51,24.29,467972,0
2014-04-25,24.16,24.43,23.8,23.91,590639,0
2014-04-28,24.07,24.67,23.49,24.41,689317,0
2014-04-29,24.27,24.97,24.27,24.75,513141,0
2014-04-30,24.91,25.24,24.5,25.22,636628,0
2014-05-01,25.05,25.26,24.53,24.98,640030,0
2014-05-02,25.11,25.18,24.446,24.74,489638,0
2014-05-05,24.5,25.47,24.27,25.4,1256653,0
2014-05-06,25.12,25.83,24.26,25.38,765214,0
2014-05-07,25.54,25.84,24.75,25.81,1016691,0
2014-05-08,25.87,25.87,24.66,24.7,682316,0
2014-05-09,25.47,26.95,24.96,25.82,1476740,0
2014-05-12,26.34,26.34,25.07,25.85,947528,0
2014-05-13,25.99,26.98,25.918,26.9,787225,0
2014-05-14,26.84,26.909,26.42,26.74,742980,0
2014-05-15,26.53,26.86,25.9,26.81,864511,0
2014-05-16,26.76,26.89,26.45,26.81,574050,0
2014-05-19,26.94,27.9,26.86,27.325,806589,0
2014-05-20,27.38,27.68,26.77,26.94,1443900,0
2014-05-21,27.23,28.22,27.02,28.04,972043,0
2014-05-22,28.23,28.91,28.13,28.22,1076939,0
2014-05-23,28.31,28.57,28.05,28.33,620042,0
2014-05-27,28.69,29.4,28.41,29.28,1029090,0
2014-05-28,29.51,29.619,28.45,28.49,1039293,0
2014-05-29,28.7,28.99,28.41,28.51,519520,0
2014-05-30,28.7,28.7,27.645,27.97,1003033,0
2014-06-02,27.56,28.2,27.09,28.17,939231,0
2014-06-03,27.81,28.46,27.8,28.33,1155438,0
2014-06-04,28.21,28.82,28.02,28.69,706257,0
2014-06-05,28.99,28.99,28.26,28.5,588717,0
2014-06-06,28.81,28.827,28.33,28.43,485670,0
2014-06-09,28.35,28.85,28.2,28.54,591489,0
2014-06-10,28.55,28.55,27.76,28.32,657700,0
2014-06-11,28.14,28.62,27.83,28.15,618726,0
2014-06-12,28.18,28.3,27.38,27.51,643138,0
2014-06-13,27.35,28.33,27.19,27.75,621325,0
2014-06-16,27.59,28.04,27.336,27.83,398914,0
2014-06-17,28.04,28.92,27.854,28.58,715725,0
2014-06-18,28.41,28.48,27.52,28.05,909888,0
2014-06-19,28.33,28.42,27.71,28.12,652124,0
2014-06-20,28.26,29.93,28.1,29.77,2279880,0
2014-06-23,30.0,30.48,29.67,29.73,941210,0
2014-06-24,29.95,31.56,29.784,30.96,1305608,0
2014-06-25,30.75,31.65,30.22,30.29,1728944,0
2014-06-26,30.15,30.76,30.09,30.7,565281,0
2014-06-27,30.51,31.89,30.33,31.71,1520372,0
2014-06-30,31.79,33.31,31.71,33.25,2134141,0
2014-07-01,34.17,37.079,34.033,34.19,4854172,0
2014-07-02,33.78,34.83,33.57,34.26,1039300,0
2014-07-03,34.33,34.72,33.76,33.93,473496,0
2014-07-07,33.78,34.12,32.26,32.6,1298431,0
2014-07-08,32.36,32.75,31.34,32.14,1145007,0
2014-07-09,32.14,33.36,32.0,33.11,760688,0
2014-07-10,32.73,34.39,32.09,34.12,1405314,0
2014-07-11,34.47,34.83,33.915,34.63,1362173,0
2014-07-14,35.0,35.72,34.982,35.28,1346049,0
2014-07-15,35.4,35.64,34.44,35.14,892960,0
2014-07-16,35.34,35.34,32.67,32.93,2034566,0
2014-07-17,32.76,33.87,32.51,33.37,767717,0
2014-07-18,33.41,34.5,33.41,34.16,642231,0
2014-07-21,34.2,34.4,33.52,34.03,568875,0
2014-07-22,34.4,34.81,34.17,34.48,452127,0
2014-07-23,34.57,35.17,34.07,34.32,660609,0
2014-07-24,34.57,35.48,34.51,34.73,792180,0
2014-07-25,34.38,34.95,34.25,34.48,549937,0
2014-07-28,34.31,34.62,33.66,34.45,705703,0
2014-07-29,34.51,35.24,34.43,34.68,572696,0
2014-07-30,34.99,35.25,34.56,34.97,468260,0
2014-07-31,34.66,34.91,33.832,33.93,592282,0
2014-08-01,33.92,34.65,33.41,34.0,813414,0
2014-08-04,34.4,34.86,33.51,34.33,977835,0
2014-08-05,36.0,37.55,33.61,34.93,3699534,0
2014-08-06,34.74,34.89,31.85,34.26,2950740,0
2014-08-07,34.25,34.49,33.13,33.41,2153340,0
2014-08-08,33.27,34.41,33.16,34.32,826760,0
2014-08-11,34.45,35.39,34.1,35.0,1283260,0
2014-08-12,34.61,35.62,34.57,35.57,1060162,0
2014-08-13,35.73,36.93,35.67,36.87,1053349,0
2014-08-14,37.33,37.39,35.86,36.0,1195757,0
2014-08-15,36.31,36.48,35.6,36.24,945662,0
2014-08-18,36.79,38.1,36.52,37.97,1330408,0
2014-08-19,38.25,38.61,37.56,37.82,874201,0
2014-08-20,37.7,37.76,37.12,37.6,591186,0
2014-08-21,37.48,37.88,37.25,37.55,691752,0
2014-08-22,37.52,38.06,37.25,37.74,619418,0
2014-08-25,38.09,38.95,37.98,38.43,1125352,0
2014-08-26,38.67,39.48,38.6,39.02,1228312,0
2014-08-27,39.24,39.28,38.5,38.9,1391142,0
2014-08-28,38.72,38.91,38.46,38.78,640469,0
2014-08-29,38.78,39.45,38.77,39.02,774562,0
2014-09-02,39.12,39.39,38.52,39.09,5037390,0
2014-09-03,39.25,39.299,38.823,38.99,1412776,0
2014-09-04,39.19,39.27,37.435,37.69,1107308,0
2014-09-05,37.68,38.3,37.23,38.16,524875,0
2014-09-08,37.61,38.1,36.39,36.81,1240212,0
2014-09-09,36.81,36.98,36.18,36.32,831401,0
2014-09-10,36.45,36.87,36.28,36.62,834609,0
2014-09-11,36.32,38.27,35.63,37.85,2445668,0
2014-09-12,38.0,38.35,36.71,37.31,2232129,0
2014-09-15,37.19,37.38,35.9,36.1,842587,0
2014-09-16,36.0,36.84,35.835,36.82,1382521,0
2014-09-17,36.92,37.25,36.45,36.55,608557,0
2014-09-18,36.82,37.53,36.71,37.02,929953,0
2014-09-19,37.22,37.36,36.34,36.78,1695914,0
2014-09-22,36.75,36.77,36.01,36.37,618746,0
2014-09-23,36.38,36.72,35.33,35.82,835776,0
2014-09-24,36.0,37.06,35.92,36.86,1166316,0
2014-09-25,36.73,36.75,35.91,36.17,748928,0
2014-09-26,36.23,36.41,35.34,35.7,742071,0
2014-09-29,36.03,36.8,35.889,36.36,1401093,0
2014-09-30,36.37,37.23,36.26,36.27,1029103,0
2014-10-01,36.16,36.188,33.65,34.88,2052472,0
2014-10-02,34.89,35.98,34.77,35.84,730104,0
2014-10-03,36.15,37.19,36.04,36.96,1400886,0
2014-10-06,37.23,37.54,36.85,37.0,823084,0
2014-10-07,36.91,36.91,35.67,36.0,746447,0
2014-10-08,36.0,36.72,35.26,36.65,1051351,0
2014-10-09,36.84,37.974,36.02,36.02,1274185,0
2014-10-10,35.83,36.5,34.73,34.78,758528,0
2014-10-13,34.8,34.84,33.16,33.71,1301361,0
2014-10-14,34.11,35.72,33.626,35.26,1031019,0
2014-10-15,34.62,35.22,33.76,34.95,1094114,0
2014-10-16,34.09,36.6,34.09,35.8,1012324,0
2014-10-17,36.4,37.48,36.25,37.24,1037450,0
2014-10-20,37.44,39.2,37.31,39.01,1514971,0
2014-10-21,39.75,41.4,39.74,41.29,3278117,0
2014-10-22,44.42,45.25,41.51,41.71,4252827,0
2014-10-23,42.68,43.54,42.22,42.77,1664095,0
2014-10-24,43.04,44.41,42.98,44.38,1014357,0
2014-10-27,43.74,44.609,43.5,44.27,1017834,0
2014-10-28,44.19,44.66,42.51,43.54,1943068,0
2014-10-29,43.4,43.64,42.58,43.14,1023742,0
2014-10-30,43.02,44.328,42.26,43.64,1020654,0
2014-10-31,44.45,44.73,44.1,44.55,1281634,0
2014-11-03,44.75,45.0,43.64,43.82,1149114,0
2014-11-04,43.56,44.1,42.02,42.64,1340125,0
2014-11-05,42.97,43.55,41.17,41.68,1792927,0
2014-11-06,42.49,42.49,36.35,37.88,6913861,0
2014-11-07,36.66,37.64,35.04,36.59,3613109,0
2014-11-10,36.05,36.36,35.02,36.16,2552604,0
2014-11-11,36.03,36.32,34.76,34.96,1646742,0
2014-11-12,34.8,35.51,34.02,35.43,1810121,0
2014-11-13,35.11,37.85,35.1,37.68,3012899,0
2014-11-14,37.61,38.51,36.9,38.21,2117159,0
2014-11-17,38.04,38.98,37.73,37.89,1310595,0
2014-11-18,37.95,38.91,37.72,38.42,1068633,0
2014-11-19,38.42,38.63,37.77,38.18,1030036,0
2014-11-20,38.26,38.35,37.56,38.07,1786440,0
2014-11-21,38.46,38.5,36.301,36.32,1458768,0
2014-11-24,36.47,37.86,36.43,37.55,1112550,0
2014-11-25,37.77,38.2,37.44,38.04,903498,0
2014-11-26,37.99,39.26,37.92,39.18,723711,0
2014-11-28,39.2,40.72,39.18,40.07,691838,0
2014-12-01,39.82,39.93,38.26,38.34,1008383,0
2014-12-02,38.33,39.46,38.02,39.46,910669,0
2014-12-03,39.72,40.23,38.7,40.18,918744,0
2014-12-04,40.18,40.46,39.06,39.28,1247122,0
2014-12-05,39.3,39.525,38.62,39.37,825389,0
2014-12-08,39.4,40.5,39.375,39.75,1363683,0
2014-12-09,39.5,41.315,39.01,41.14,2031720,0
2014-12-10,41.51,42.54,40.57,40.6,2170892,0
2014-12-11,40.75,41.79,40.51,40.86,1334431,0
2014-12-12,40.32,41.96,40.139,41.24,1029501,0
2014-12-15,41.7,42.11,39.4,39.72,1577722,0
2014-12-16,39.21,39.69,37.4,37.55,1674920,0
2014-12-17,37.52,38.2,36.8,38.16,1322947,0
2014-12-18,38.76,39.27,38.02,38.41,870989,0
2014-12-19,38.32,38.43,37.5,38.06,1629774,0
2014-12-22,37.9,38.49,37.37,37.59,673928,0
2014-12-23,37.63,37.73,35.33,36.04,1210119,0
2014-12-24,36.1,37.03,36.1,36.47,367104,0
2014-12-26,37.85,37.85,36.3,36.91,451765,0
2014-12-29,36.9,37.18,36.55,36.85,647750,0
2014-12-30,36.75,37.13,36.22,36.45,651978,0
2014-12-31,36.27,37.02,36.17,36.2,1627992,0
2015-01-02,36.54,36.89,35.45,36.07,953495,0
2015-01-05,35.96,38.02,35.86,37.12,1243000,0
2015-01-06,37.18,37.69,35.87,36.42,935335,0
2015-01-07,36.68,38.18,36.56,38.16,1234920,0
2015-01-08,38.66,40.56,38.66,40.28,1386361,0
2015-01-09,40.31,40.96,40.11,40.72,1054911,0
2015-01-12,40.82,41.28,40.08,40.51,828145,0
2015-01-13,40.82,41.77,40.33,41.28,1174607,0
2015-01-14,40.75,42.25,40.22,41.74,860304,0
2015-01-15,41.98,42.49,40.28,40.46,1444484,0
2015-01-16,40.36,42.72,40.14,42.57,876532,0
2015-01-20,43.73,44.3,42.14,43.08,1507487,0
2015-01-21,43.24,43.25,41.75,41.98,898081,0
2015-01-22,42.22,42.24,40.61,41.55,1431484,0
2015-01-23,41.69,42.67,41.57,42.35,1271655,0
2015-01-26,42.73,43.15,41.92,42.26,1417619,0
2015-01-27,41.67,43.31,41.65,43.0,872134,0
2015-01-28,43.883,43.883,43.0,43.01,1758481,0
2015-01-29,43.0,43.34,41.74,43.215,1297505,0
2015-01-30,42.86,43.57,42.14,42.58,11028600,0
2015-02-02,43.37,43.46,41.81,43.03,1341182,0
2015-02-03,43.19,43.81,42.1,43.74,1151882,0
2015-02-04,43.57,44.73,42.77,44.38,1165814,0
2015-02-05,45.0,46.7,44.86,46.24,1882427,0
2015-02-06,46.67,48.0,46.01,47.36,1852024,0
2015-02-09,47.47,47.79,46.62,46.64,1295023,0
2015-02-10,47.02,47.29,45.75,46.59,1324661,0
2015-02-11,46.66,47.62,46.53,47.07,1254535,0
2015-02-12,47.41,47.88,46.73,47.53,873153,0
2015-02-13,47.46,47.53,46.36,47.28,1088494,0
2015-02-17,47.23,47.82,47.0,47.74,877087,0
2015-02-18,47.72,48.63,46.76,47.63,972533,0
2015-02-19,47.44,48.5,47.31,47.93,735051,0
2015-02-20,47.91,48.13,47.438,48.02,813453,0
2015-02-23,48.21,48.94,47.73,48.05,960540,0
2015-02-24,47.95,48.08,46.83,47.36,875528,0
2015-02-25,47.44,47.45,46.22,46.4,2286856,0
2015-02-26,49.1,53.995,48.69,53.47,4868087,0
2015-02-27,52.93,55.86,52.62,53.81,3505672,0
2015-03-02,53.68,53.99,52.65,53.71,2444900,0
2015-03-03,51.26,51.9,47.51,49.33,6710100,0
2015-03-04,49.1,52.47,49.01,51.19,2573200,0
2015-03-05,51.65,52.2,50.48,50.88,1448200,0
2015-03-06,50.79,50.95,49.02,49.83,1255500,0
2015-03-09,49.83,52.02,49.74,51.84,1580800,0
2015-03-10,46.59,46.8,41.48,41.49,9052000,0
2015-03-11,46.13,47.4,46.12,47.01,2304900,0
2015-03-12,47.24,47.4,41.26,41.99,6934909,0
2015-03-13,43.08,45.16,41.18,41.28,4845200,0
2015-03-16,41.5,43.59,41.34,43.22,2895500,0
2015-03-17,42.99,44.22,42.62,43.84,2295300,0
2015-03-18,47.32,49.42,46.77,48.15,5635400,0
2015-03-19,48.04,49.7,47.36,49.44,3002800,0
2015-03-20,49.88,50.46,48.28,49.03,2518000,0
2015-03-23,48.9,49.27,47.82,48.98,1398800,0
2015-03-24,49.11,50.34,48.1,48.16,1480200,0
2015-03-25,48.33,48.64,45.6,45.66,1800600,0
2015-03-26,44.48,47.1,44.01,46.27,1745500,0
2015-03-27,46.5,48.95,46.33,48.48,1994900,0
2015-03-30,48.61,48.94,47.73,48.08,1565000,0
2015-03-31,48.0,48.19,47.19,47.51,1100066,0
2015-04-01,47.28,47.47,45.59,47.4,1378600,0
2015-04-02,47.59,47.93,46.8,47.24,1884900,0
2015-04-06,46.59,47.75,46.41,47.37,1066300,0
2015-04-07,47.35,48.97,47.25,47.73,1204677,0
2015-04-08,47.8,50.26,47.55,49.76,2607700,0
2015-04-09,49.8,51.58,49.63,51.43,1915861,0
2015-04-10,51.55,52.78,51.35,52.74,1941700,0
2015-04-13,52.75,52.78,50.87,51.36,1821300,0
2015-04-14,51.49,52.13,50.7,51.85,926500,0
2015-04-15,52.53,52.89,52.06,52.61,1337567,0
2015-04-16,52.37,53.28,52.2,53.16,957654,0
2015-04-17,52.76,53.45,51.17,53.23,1806500,0
2015-04-20,53.7,54.66,52.61,54.66,1485987,0
2015-04-21,55.0,56.38,54.6,55.39,2719603,0
2015-04-22,55.56,56.4,53.69,53.7,1838963,0
2015-04-23,53.9,55.96,53.28,55.92,1596200,0
2015-04-24,56.06,57.1,55.041,55.24,1764497,0
2015-04-27,46.93,47.48,42.68,43.1,15293600,0
2015-04-28,43.21,45.46,43.0,44.76,4151757,0
2015-04-29,44.28,44.63,42.77,43.51,2483500,0
2015-04-30,43.16,43.7,41.26,41.64,2679000,0
2015-05-01,41.67,43.09,41.59,43.0,1839400,0
2015-05-04,42.9,43.67,41.92,42.21,1689500,0
2015-05-05,42.03,42.23,39.57,40.0,3770800,0
2015-05-06,39.85,40.56,38.76,39.31,3550268,0
2015-05-07,39.12,40.37,38.63,40.26,2960907,0
2015-05-08,40.66,41.44,40.4,40.68,1562800,0
2015-05-11,39.56,41.24,39.51,40.81,1216000,0
2015-05-12,40.44,41.28,40.185,40.44,1403906,0
2015-05-13,40.47,41.87,40.41,41.42,1669430,0
2015-05-14,41.79,41.88,41.24,41.58,1125400,0
2015-05-15,41.52,41.76,41.03,41.5,987961,0
2015-05-18,40.47,42.78,40.47,42.47,1689294,0
2015-05-19,42.38,44.501,42.33,43.8,2588679,0
2015-05-20,43.9,45.6,43.65,43.9,1587166,0
2015-05-21,44.08,44.08,42.97,43.5,866200,0
2015-05-22,43.5,44.28,43.18,43.84,943800,0
2015-05-26,43.64,43.82,41.68,42.84,1772349,0
2015-05-27,43.19,44.1,43.02,43.96,1300100,0
2015-05-28,44.35,45.3,43.57,45.2,1510146,0
2015-05-29,44.94,46.71,44.9,45.9,1977000,0
2015-06-01,46.17,46.52,45.28,46.25,1413680,0
2015-06-02,46.22,46.74,45.87,46.71,1885190,0
2015-06-03,47.12,47.36,45.55,45.86,1354800,0
2015-06-04,45.6,46.22,45.05,45.16,754400,0
2015-06-05,45.14,46.83,44.65,46.55,1036900,0
2015-06-08,47.04,47.46,46.2,46.24,1149100,0
2015-06-09,46.3,46.52,45.23,46.19,723954,0
2015-06-10,46.21,46.8,45.52,46.67,1283734,0
2015-06-11,46.78,47.19,46.47,46.61,932791,0
2015-06-12,46.24,46.66,46.0,46.29,792800,0
2015-06-15,46.1,46.19,45.38,45.98,1222900,0
2015-06-16,45.99,46.96,45.77,46.89,1844300,0
2015-06-17,47.09,47.5,46.64,46.66,1356900,0
2015-06-18,46.54,48.4,46.54,48.25,2007000,0
2015-06-19,48.21,48.53,47.36,47.52,1717700,0
2015-06-22,47.84,48.48,47.7,48.1,1129000,0
2015-06-23,48.49,48.5,45.94,46.2,2543299,0
2015-06-24,46.02,46.68,45.67,45.78,1664700,0
2015-06-25,46.4,46.4,44.53,44.81,1518800,0
2015-06-26,44.99,45.03,43.3,43.51,7706300,0
2015-06-29,42.85,43.72,42.39,42.54,2160900,0
2015-06-30,42.95,43.86,42.425,43.66,1346372,0
2015-07-01,44.17,44.69,42.92,43.32,1509300,0
2015-07-02,43.51,43.78,43.07,43.37,976400,0
2015-07-06,42.89,44.3,42.57,43.46,2413700,0
2015-07-07,43.65,43.68,41.88,42.54,1785600,0
2015-07-08,42.03,42.28,41.08,41.09,1719400,0
2015-07-09,41.65,43.05,41.65,42.42,1204600,0
2015-07-10,43.03,43.22,42.56,43.1,1010200,0
2015-07-13,43.75,44.23,43.21,43.64,909900,0
2015-07-14,43.55,44.97,43.5,44.73,1213390,0
2015-07-15,44.9,45.55,44.17,44.3,1315153,0
2015-07-16,44.56,45.31,44.55,45.15,1070100,0
2015-07-17,45.11,45.69,45.02,45.54,1003500,0
2015-07-20,45.5,45.86,44.63,44.92,724900,0
2015-07-21,44.58,45.0,43.64,44.75,687700,0
2015-07-22,44.36,45.72,44.07,45.69,961700,0
2015-07-23,45.75,46.5,45.22,46.01,981700,0
2015-07-24,45.81,46.36,45.05,45.39,918700,0
2015-07-27,45.18,46.36,44.39,46.16,1517400,0
2015-07-28,46.45,47.14,45.95,47.01,977700,0
2015-07-29,47.12,47.35,45.83,46.44,1072300,0
2015-07-30,46.44,46.93,45.57,46.33,886100,0
2015-07-31,46.67,46.93,46.05,46.11,676000,0
2015-08-03,46.44,46.64,45.56,46.16,705784,0
2015-08-04,45.93,46.16,45.31,45.86,905500,0
2015-08-05,45.98,46.2,45.04,45.12,1603500,0
2015-08-06,44.95,45.21,42.81,42.99,1919325,0
2015-08-07,42.89,43.13,41.43,43.07,1792100,0
2015-08-10,43.25,44.98,43.25,44.55,1180000,0
2015-08-11,44.0,45.01,43.68,44.81,1084182,0
2015-08-12,44.46,45.03,43.05,44.73,756500,0
2015-08-13,44.6,45.19,43.83,43.87,595500,0
2015-08-14,43.95,44.16,42.95,43.68,443700,0
2015-08-17,43.19,44.38,42.6,44.3,496500,0
2015-08-18,43.98,44.44,42.94,43.82,519800,0
2015-08-19,43.65,44.03,43.02,43.77,554100,0
2015-08-20,43.35,43.89,41.43,41.52,975600,0
2015-08-21,40.88,41.24,39.29,40.26,1607800,0
2015-08-24,36.96,39.775,33.0,39.41,1786845,0
2015-08-25,39.27,41.11,38.5,38.55,1086300,0
2015-08-26,39.62,39.99,37.17,39.01,1270400,0
2015-08-27,39.36,41.96,38.98,41.21,1155000,0
2015-08-28,41.2,41.9,40.71,41.03,664700,0
2015-08-31,41.17,41.86,39.5,39.79,792000,0
2015-09-01,38.91,39.72,38.43,38.61,1341400,0
2015-09-02,39.08,39.66,38.15,39.62,668800,0
2015-09-03,39.61,39.99,38.28,38.5,774700,0
2015-09-04,38.13,38.85,37.74,38.42,523100,0
2015-09-08,39.41,40.03,38.76,39.92,737600,0
2015-09-09,39.95,40.34,38.13,38.22,615100,0
2015-09-10,37.88,38.76,37.82,38.05,701062,0
2015-09-11,38.07,38.43,37.07,38.38,953900,0
2015-09-14,38.48,38.92,37.72,38.03,460200,0
2015-09-15,37.99,38.18,37.27,38.05,1114000,0
2015-09-16,38.06,38.49,37.57,38.04,509700,0
2015-09-17,38.28,40.1,37.93,39.71,1051159,0
2015-09-18,39.18,39.73,38.87,38.95,1129200,0
2015-09-21,39.25,39.46,36.63,37.77,1786600,0
2015-09-22,37.35,38.15,36.49,37.35,969100,0
2015-09-23,37.47,37.79,36.6,36.75,455559,0
2015-09-24,36.62,36.62,34.25,35.34,1139493,0
2015-09-25,35.34,35.35,31.51,32.06,1807900,0
2015-09-28,32.08,32.22,28.76,29.29,2388873,0
2015-09-29,29.03,29.65,26.3,26.46,2870400,0
2015-09-30,27.08,28.58,26.99,28.5,2186700,0
2015-10-01,28.68,29.15,27.6,28.22,1557300,0
2015-10-02,27.7,29.84,27.54,29.84,1386800,0
2015-10-05,30.12,30.98,29.42,30.52,2770704,0
2015-10-06,30.6,30.86,28.28,29.25,1640500,0
2015-10-07,29.09,29.95,28.45,29.59,1533397,0
2015-10-08,29.45,29.99,28.77,29.51,1002100,0
2015-10-09,29.33,30.47,29.06,29.9,744900,0
2015-10-12,29.94,30.03,29.02,29.21,811014,0
2015-10-13,28.62,29.54,27.33,27.44,1589800,0
2015-10-14,28.0,29.11,27.56,27.72,1297000,0
2015-10-15,27.5,29.16,27.5,29.1,994900,0
2015-10-16,29.0,29.96,28.92,29.35,756200,0
2015-10-19,29.22,30.0,28.77,29.26,1247734,0
2015-10-20,29.36,29.36,25.94,26.2,1641700,0
2015-10-21,26.68,26.8,23.04,25.33,2536600,0
2015-10-22,25.48,25.56,19.08,22.06,5239900,0
2015-10-23,22.82,26.24,22.74,25.92,3315900,0
2015-10-26,25.27,25.76,23.85,25.6,2109900,0
2015-10-27,25.69,26.1,24.55,24.81,1113000,0
2015-10-28,24.9,26.09,24.39,26.03,1207800,0
2015-10-29,25.73,26.89,25.73,25.87,1345900,0
2015-10-30,25.94,27.23,25.91,26.74,1688000,0
2015-11-02,26.71,27.39,26.65,27.05,1433278,0
2015-11-03,26.59,27.72,26.59,27.15,1253563,0
2015-11-04,27.16,27.53,26.25,26.61,1204251,0
2015-11-05,27.45,29.5,27.08,29.2,3592200,0
2015-11-06,28.82,30.01,28.2,29.95,1833100,0
2015-11-09,29.54,31.05,28.77,28.95,1601363,0
2015-11-10,28.8,29.54,28.5,28.95,1167800,0
2015-11-11,28.95,29.58,27.53,27.6,1431300,0
2015-11-12,27.43,28.33,26.98,27.33,1166200,0
2015-11-13,27.21,29.0,26.95,28.57,1297200,0
2015-11-16,28.81,31.49,28.08,30.61,2579600,0
2015-11-17,30.45,31.31,30.21,30.7,1361900,0
2015-11-18,30.67,33.19,30.59,33.06,1576800,0
2015-11-19,33.13,33.45,31.71,32.46,1129600,0
2015-11-20,32.33,33.19,32.09,32.82,660000,0
2015-11-23,33.06,34.42,32.88,33.87,1173700,0
2015-11-24,33.48,33.75,32.67,32.79,1085100,0
2015-11-25,32.74,33.74,32.5,33.56,666400,0
2015-11-27,33.54,34.0,33.1,33.44,258400,0
2015-11-30,33.77,34.1,32.94,33.3,855900,0
2015-12-01,33.5,34.62,33.21,34.55,1187202,0
2015-12-02,36.27,36.97,33.87,34.29,1568313,0
2015-12-03,34.66,34.84,33.25,33.97,1200525,0
2015-12-04,34.08,36.17,33.97,35.81,1385200,0
2015-12-07,35.62,35.97,34.87,35.49,1123600,0
2015-12-08,35.16,36.76,35.06,36.54,1228690,0
2015-12-09,36.26,37.49,34.95,35.75,1276100,0
2015-12-10,35.89,35.95,35.01,35.56,869600,0
2015-12-11,35.27,35.84,33.72,34.57,1246300,0
2015-12-14,34.65,34.84,32.97,33.73,1704782,0
2015-12-15,34.1,35.24,33.8,35.01,2053700,0
2015-12-16,35.49,35.78,34.95,35.62,1211100,0
2015-12-17,35.6,35.89,34.6,35.09,1373900,0
2015-12-18,34.77,36.83,34.77,36.03,2817700,0
2015-12-21,36.34,36.5,35.03,35.59,3061200,0
2015-12-22,35.74,37.14,35.405,36.14,2773460,0
2015-12-23,36.3,36.58,36.0,36.47,943000,0
2015-12-24,36.42,37.49,36.28,37.34,417021,0
2015-12-28,37.12,37.41,36.21,36.83,684570,0
2015-12-29,37.09,37.6,36.52,36.85,809284,0
2015-12-30,36.88,37.71,36.79,37.22,482696,0
2015-12-31,37.14,37.86,37.0,37.31,559639,0
2016-01-04,36.72,38.14,36.5,38.1,1826882,0
2016-01-05,38.23,38.93,37.73,38.45,1440140,0
2016-01-06,38.03,39.46,37.76,38.52,3969377,0
2016-01-07,37.5,38.4,37.0,38.04,1614258,0
2016-01-08,38.45,38.73,37.01,37.47,1438487,0
2016-01-11,37.49,38.0,32.57,33.75,2138491,0
2016-01-12,34.07,34.25,28.4105,29.82,7377190,0
2016-01-13,29.82,29.99,27.15,27.82,4063152,0
2016-01-14,27.93,30.67,27.58,30.32,3115010,0
2016-01-15,29.15,30.36,27.27,28.51,3445305,0
2016-01-19,29.03,29.84,26.0,27.0,2630700,0
2016-01-20,26.69,28.63,25.72,28.07,1697853,0
2016-01-21,28.22,28.48,26.86,27.58,1461651,0
2016-01-22,27.92,28.665,27.395,28.31,1225480,0
2016-01-25,28.13,28.63,27.55,27.81,961391,0
2016-01-26,27.9,28.37,26.51,27.47,1378796,0
2016-01-27,27.25,27.25,25.561,25.98,2563316,0
2016-01-28,26.38,27.06,24.82,26.05,1654348,0
2016-01-29,26.07,26.97,25.4,25.97,1211206,0
2016-02-01,26.07,26.6,25.36,26.15,993414,0
2016-02-02,25.83,26.035,24.85,25.22,1006350,0
2016-02-03,25.3,25.385,23.8,24.77,1560620,0
2016-02-04,24.69,25.75,24.24,25.41,879008,0
2016-02-05,25.06,26.2,24.32,25.23,1147601,0
2016-02-08,24.6,24.8357,23.53,24.07,1168560,0
2016-02-09,23.71,24.91,23.24,24.52,1112008,0
2016-02-10,24.62,25.22,24.02,24.23,1240018,0
2016-02-11,23.42,23.85,22.19,22.66,1243352,0
2016-02-12,22.84,24.32,22.24,23.96,1459165,0
2016-02-16,24.57,24.99,23.8,24.46,1017935,0
2016-02-17,24.64,26.34,24.15,25.8,1287390,0
2016-02-18,25.75,26.11,24.72,24.82,1024423,0
2016-02-19,24.7,25.01,24.17,24.95,549880,0
2016-02-22,25.29,26.21,25.29,25.77,963927,0
2016-02-23,25.9,25.9,24.85,24.88,856743,0
2016-02-24,24.78,25.42,23.91,25.25,546416,0
2016-02-25,25.39,26.45,25.31,26.01,887396,0
2016-02-26,26.2,28.15,25.65,27.38,1154417,0
2016-02-29,27.11,28.14,26.31,26.59,1645015,0
2016-03-01,26.74,26.94,25.38,26.25,1931874,0
2016-03-02,26.13,26.745,25.94,26.63,769477,0
2016-03-03,26.56,26.83,25.68,25.88,1552195,0
2016-03-04,25.83,25.99,24.77,25.08,1550211,0
2016-03-07,25.0,25.67,24.37,25.19,1230993,0
2016-03-08,25.26,25.27,23.92,24.0,919361,0
2016-03-09,24.03,24.51,23.58,24.17,625936,0
2016-03-10,24.42,24.988,23.735,24.12,1093293,0
2016-03-11,24.34,24.74,24.05,24.65,1090065,0
2016-03-14,24.74,24.89,23.68,23.71,1300130,0
2016-03-15,23.52,23.52,21.36,21.49,2306062,0
2016-03-16,21.39,21.68,20.623,20.75,2088283,0
2016-03-17,20.92,21.23,18.78,19.09,5260796,0
2016-03-18,19.03,19.4,17.57,18.85,5423903,0
2016-03-21,18.8,19.7489,18.52,18.72,2130026,0
2016-03-22,21.97,26.67,21.78,26.32,13338930,0
2016-03-23,26.07,26.82,24.02,24.77,5114807,0
2016-03-24,24.41,25.22,23.68,24.37,1773660,0
2016-03-28,24.26,24.5,23.02,23.26,1304858,0
2016-03-29,23.45,23.61,22.04,23.52,976017,0
2016-03-30,23.7,24.09,22.525,22.71,1127656,0
2016-03-31,22.92,24.0699,22.8,23.53,1823869,0
2016-04-01,23.25,23.74,22.92,23.48,1465715,0
2016-04-04,23.38,25.03,23.31,24.54,2244659,0
2016-04-05,24.12,24.62,22.78,23.18,2861922,0
2016-04-06,23.27,25.0,23.06,24.97,2023250,0
2016-04-07,24.73,26.45,24.31,25.83,1984829,0
2016-04-08,26.04,26.44,25.44,25.8,832234,0
2016-04-11,25.86,26.07,24.73,24.91,683098,0
2016-04-12,24.74,24.94,24.1,24.75,957786,0
2016-04-13,24.56,25.98,24.16,25.68,846862,0
2016-04-14,25.77,26.05,25.41,25.89,663216,0
2016-04-15,25.82,26.57,25.6305,26.45,925830,0
2016-04-18,26.15,27.125,25.94,26.7,947293,0
2016-04-19,26.75,27.51,26.45,26.62,1038871,0
2016-04-20,26.69,27.47,26.56,27.13,822139,0
2016-04-21,27.02,28.32,26.89,28.07,1086252,0
2016-04-22,28.12,28.54,27.85,28.33,1184313,0
2016-04-25,28.35,28.3783,26.35,26.49,2975855,0
2016-04-26,26.47,26.66,25.6,25.98,733212,0
2016-04-27,26.04,26.4224,25.75,26.11,720674,0
2016-04-28,25.91,26.512,25.38,25.43,520902,0
2016-04-29,25.35,25.72,24.64,25.45,1182347,0
2016-05-02,25.64,25.65,24.76,25.15,1302660,0
2016-05-03,25.21,26.2,24.74,25.32,1081234,0
2016-05-04,24.96,25.405,23.83,24.38,860985,0
2016-05-05,24.43,24.43,23.5,23.88,846602,0
2016-05-06,23.61,23.61,19.18,21.99,9189356,0
2016-05-09,22.26,23.32,21.87,22.72,1707620,0
2016-05-10,25.84,27.49,24.43,27.29,4899790,0
2016-05-11,27.11,28.49,26.74,27.85,2597592,0
2016-05-12,28.14,28.19,25.83,26.41,3072869,0
2016-05-13,25.98,27.45,25.9011,26.5,1836118,0
2016-05-16,26.9,27.96,26.55,27.81,2191943,0
2016-05-17,27.95,30.3899,27.9,29.92,5165262,0
2016-05-18,29.17,30.26,29.09,29.71,2737642,0
2016-05-19,29.38,30.0,28.88,29.64,1390509,0
2016-05-20,29.65,30.84,29.4,30.55,1982173,0
2016-05-23,30.89,31.1399,30.27,30.48,968297,0
2016-05-24,30.62,31.0391,30.47,30.96,923465,0
2016-05-25,31.21,31.476,30.3,30.4,1939524,0
2016-05-26,30.44,30.514,29.37,29.75,2436455,0
2016-05-27,29.8,31.19,29.515,30.16,2555019,0
2016-05-31,30.33,30.69,29.59,29.89,1127902,0
2016-06-01,29.89,31.41,29.43,30.94,1565401,0
2016-06-02,30.98,31.48,30.65,30.95,1703854,0
2016-06-03,30.86,31.51,30.09,30.995,1482800,0
2016-06-06,30.98,31.92,30.05,31.66,1129827,0
2016-06-07,31.36,31.6,30.64,31.45,1163977,0
2016-06-08,31.5,31.71,30.89,31.32,743776,0
2016-06-09,31.18,31.44,30.675,30.8,940413,0
2016-06-10,30.5,30.9,29.955,30.25,1053522,0
2016-06-13,30.1,30.26,29.54,29.69,914348,0
2016-06-14,29.62,30.34,29.33,30.21,1774921,0
2016-06-15,30.2,30.35,29.92,30.03,879939,0
2016-06-16,29.9,29.9532,28.94,29.4,907349,0
2016-06-17,29.44,29.78,28.88,28.92,1400156,0
2016-06-20,29.25,29.79,28.96,29.01,1098123,0
2016-06-21,29.16,29.22,28.0,28.74,1046538,0
2016-06-22,28.54,29.51,28.23,28.74,1058463,0
2016-06-23,29.09,29.31,28.84,29.1,1314269,0
2016-06-24,27.13,29.0,27.02,27.76,1208692,0
2016-06-27,27.68,27.75,26.27,26.37,1242593,0
2016-06-28,26.61,28.15,26.61,28.02,1206756,0
2016-06-29,28.48,28.87,27.95,28.63,809988,0
2016-06-30,28.57,28.78,27.77,28.485,898113,0
2016-07-01,28.5,29.7,28.2807,29.5,1054512,0
2016-07-05,29.22,29.5,28.38,29.18,715290,0
2016-07-06,28.99,30.029,28.65,29.65,980262,0
2016-07-07,29.87,30.36,29.376,30.02,1548255,0
2016-07-08,29.99,31.02,29.9632,30.66,1621452,0
2016-07-11,31.02,31.28,30.39,30.91,1359758,0
2016-07-12,31.13,31.45,30.84,31.14,785691,0
2016-07-13,31.3,31.46,30.165,30.23,675116,0
2016-07-14,30.49,31.13,30.09,31.03,824328,0
2016-07-15,31.03,31.6,30.86,31.18,827507,0
2016-07-18,31.42,31.89,31.07,31.36,1527790,0
2016-07-19,31.4,31.6,30.25,30.35,1490314,0
2016-07-20,30.58,31.82,30.5675,31.8,893785,0
2016-07-21,32.0,32.74,31.94,32.18,730058,0
2016-07-22,32.38,32.64,31.921,32.58,744420,0
2016-07-25,32.5,33.245,32.415,33.18,797165,0
2016-07-26,33.03,33.44,32.81,32.86,678742,0
2016-07-27,32.97,34.23,32.871,34.15,1093315,0
2016-07-28,34.14,34.1999,33.02,34.12,889961,0
2016-07-29,34.11,34.31,33.21,34.23,1131713,0
2016-08-01,34.44,34.53,33.64,33.8,836154,0
2016-08-02,33.05,33.23,32.41,32.895,1110476,0
2016-08-03,32.98,33.395,32.66,33.01,1248563,0
2016-08-04,35.03,35.4,31.21,31.24,3300838,0
2016-08-05,30.91,31.48,30.4,31.02,1523831,0
2016-08-08,30.79,31.03,30.111,30.69,1029474,0
2016-08-09,30.7,31.21,30.39,30.89,1246690,0
2016-08-10,30.89,31.0,29.5001,30.29,1212101,0
2016-08-11,30.32,30.85,30.23,30.54,872616,0
2016-08-12,30.45,30.82,30.09,30.73,1436874,0
2016-08-15,30.88,31.14,30.39,30.47,777243,0
2016-08-16,30.32,30.47,29.78,29.81,409961,0
2016-08-17,29.98,29.98,29.14,29.31,513911,0
2016-08-18,29.35,29.6,29.12,29.44,397543,0
2016-08-19,29.35,29.424,29.06,29.28,321858,0
2016-08-22,29.29,29.85,29.29,29.52,477494,0
2016-08-23,29.68,29.99,29.375,29.47,706944,0
2016-08-24,29.55,30.2,27.73,27.94,1418515,0
2016-08-25,28.0,28.13,26.57,26.73,1710070,0
2016-08-26,26.82,27.39,26.63,26.86,905626,0
2016-08-29,26.9,27.385,26.74,27.12,943368,0
2016-08-30,27.05,27.71,27.05,27.56,1192687,0
2016-08-31,27.51,27.685,26.65,26.92,690450,0
2016-09-01,27.04,27.1,26.21,26.68,866055,0
2016-09-02,26.68,26.73,26.07,26.47,1028344,0
2016-09-06,26.56,27.03,26.25,26.46,783444,0
2016-09-07,26.59,26.98,26.21,26.675,718387,0
2016-09-08,26.69,27.47,26.42,27.36,898933,0
2016-09-09,27.1,28.04,27.1,27.27,1499634,0
2016-09-12,27.1,28.51,26.77,28.43,1476554,0
2016-09-13,28.18,28.318,27.35,27.57,827717,0
2016-09-14,27.77,28.28,27.38,27.56,2629056,0
2016-09-15,28.28,29.03,28.0,28.38,2126141,0
2016-09-16,28.3,28.695,28.27,28.41,1304350,0
2016-09-19,28.55,28.77,28.01,28.45,763450,0
2016-09-20,28.74,28.91,27.74,28.11,943657,0
2016-09-21,28.14,28.33,27.05,27.73,1097340,0
2016-09-22,27.76,28.26,27.48,27.88,1081685,0
2016-09-23,27.85,29.3,27.75,29.22,1606070,0
2016-09-26,28.95,29.02,27.4,27.42,1111500,0
2016-09-27,27.39,27.959,27.2,27.78,684399,0
2016-09-28,27.81,27.91,27.13,27.74,570090,0
2016-09-29,27.59,27.695,26.51,26.63,785708,0
2016-09-30,26.83,27.52,26.45,27.27,866805,0
2016-10-03,27.2,27.49,26.81,27.47,625139,0
2016-10-04,27.36,27.92,27.21,27.58,976774,0
2016-10-05,27.62,28.42,27.54,27.91,885883,0
2016-10-06,27.76,27.76,26.85,27.32,839966,0
2016-10-07,27.44,27.46,26.81,27.11,561034,0
2016-10-10,27.31,28.42,27.31,28.13,514024,0
2016-10-11,27.87,28.25,27.11,27.4,606385,0
2016-10-12,27.37,27.73,26.88,26.98,1044016,0
2016-10-13,26.75,28.29,26.61,28.09,1312812,0
2016-10-14,28.22,28.37,27.21,27.23,1387775,0
2016-10-17,27.14,27.5,26.51,26.53,1330881,0
2016-10-18,26.77,27.14,26.61,26.89,785817,0
2016-10-19,27.01,28.01,26.76,27.73,945514,0
2016-10-20,27.82,28.17,26.97,27.12,1238076,0
2016-10-21,27.0,27.26,26.26,26.74,969606,0
2016-10-24,26.86,27.0,26.2,26.23,978551,0
2016-10-25,26.26,26.55,25.55,25.58,784639,0
2016-10-26,25.55,25.55,24.52,24.61,1205345,0
2016-10-27,24.82,25.16,24.62,24.78,1010542,0
2016-10-28,24.64,24.72,23.81,24.45,1084650,0
2016-10-31,24.15,24.42,23.72,23.95,910066,0
2016-11-01,23.83,24.82,23.7,24.65,1250264,0
2016-11-02,24.64,25.08,24.2214,24.74,1795331,0
2016-11-03,26.32,26.32,19.9,20.27,6270366,0
2016-11-04,20.27,21.08,19.28,19.68,3828074,0
2016-11-07,19.44,20.8,19.2,20.26,3518020,0
2016-11-08,19.74,20.625,19.66,20.01,1874279,0
2016-11-09,22.0,22.79,20.9,21.9,3211072,0
2016-11-10,21.93,23.03,21.45,21.55,2357542,0
2016-11-11,21.27,22.28,21.14,22.19,1538119,0
2016-11-14,22.16,23.11,22.13,22.96,1466555,0
2016-11-15,22.91,23.42,22.14,23.27,1211691,0
2016-11-16,23.17,23.36,22.01,22.16,1267607,0
2016-11-17,22.13,22.64,21.75,22.265,1145282,0
2016-11-18,22.22,22.5953,21.77,21.89,883600,0
2016-11-21,22.06,22.26,21.59,21.79,1024014,0
2016-11-22,21.91,21.91,20.98,21.49,924302,0
2016-11-23,21.55,22.47,21.24,22.4,1229616,0
2016-11-25,22.56,22.7,22.11,22.35,493411,0
2016-11-28,22.88,22.88,22.12,22.4,1050176,0
2016-11-29,22.91,23.05,21.82,22.0,1628652,0
2016-11-30,22.02,22.16,21.1,21.22,1041503,0
2016-12-01,20.81,21.11,19.815,19.99,2118662,0
2016-12-02,19.92,20.11,19.59,19.88,1760207,0
2016-12-05,20.01,20.3,19.835,20.22,1593408,0
2016-12-06,20.15,20.1815,18.78,18.94,3040761,0
2016-12-07,18.51,18.94,17.61,18.23,3352497,0
2016-12-08,18.33,18.5,18.03,18.4,2111731,0
2016-12-09,18.58,18.81,18.36,18.6,1884536,0
2016-12-12,20.53,21.02,19.86,20.21,3887221,0
2016-12-13,20.25,20.7,20.21,20.47,1736691,0
2016-12-14,20.53,20.78,20.055,20.29,1871095,0
2016-12-15,20.35,20.75,19.98,20.3,1228049,0
2016-12-16,20.4,21.18,20.3745,20.92,2461027,0
2016-12-19,20.88,21.42,20.75,21.05,1843108,0
2016-12-20,21.0,21.43,20.86,21.3,1570510,0
2016-12-21,21.4,21.58,21.2,21.34,944837,0
2016-12-22,21.45,21.45,20.98,21.08,1092343,0
2016-12-23,21.03,21.82,21.025,21.71,2347417,0
2016-12-27,21.72,21.989,21.33,21.48,830101,0
2016-12-28,21.44,21.6,21.0,21.02,607606,0
2016-12-29,20.98,21.32,20.92,21.15,909185,0
2016-12-30,21.19,22.01,21.18,21.83,1171804,0
2017-01-03,22.13,22.44,21.46,22.07,1160235,0
2017-01-04,22.15,23.71,22.09,23.42,2456491,0
2017-01-05,23.29,23.7,22.9601,23.42,1277430,0
2017-01-06,23.26,23.4,22.49,22.55,1212176,0
2017-01-09,22.62,22.84,22.16,22.6,1151117,0
2017-01-10,22.69,23.21,22.35,22.54,719039,0
2017-01-11,22.31,22.64,21.15,21.66,1197395,0
2017-01-12,21.63,22.18,21.41,21.87,1228449,0
2017-01-13,21.76,22.52,21.76,22.48,865930,0
2017-01-17,22.25,22.25,21.13,21.25,1957711,0
2017-01-18,21.25,21.47,20.26,20.87,1983826,0
2017-01-19,20.87,21.0,20.58,20.61,743204,0
2017-01-20,20.63,20.9,20.33,20.52,899278,0
2017-01-23,20.4,20.79,19.93,20.15,919904,0
2017-01-24,20.2,20.29,19.46,19.77,1133720,0
2017-01-25,19.79,20.1,19.53,19.89,951583,0
2017-01-26,19.95,19.9854,19.51,19.7,924754,0
2017-01-27,19.83,20.2038,19.46,19.65,1415746,0
2017-01-30,19.55,19.6,17.7442,18.29,3998029,0
2017-01-31,18.2,19.16,18.1,19.1,3978591,0
2017-02-01,19.13,20.28,19.1,19.45,1935001,0
2017-02-02,19.38,20.31,19.15,19.905,1823033,0
2017-02-03,19.95,20.38,19.76,20.08,1242405,0
2017-02-06,20.09,20.24,19.87,20.06,838529,0
2017-02-07,20.1,20.19,19.737,19.84,948632,0
2017-02-08,19.75,20.59,19.675,20.54,1281631,0
2017-02-09,20.64,20.82,20.395,20.69,1855360,0
2017-02-10,20.66,20.77,20.153,20.49,1096554,0
2017-02-13,20.63,21.25,20.6,20.74,1337746,0
2017-02-14,20.74,21.7,20.65,21.65,1198235,0
2017-02-15,21.45,22.09,21.27,21.98,1331702,0
2017-02-16,21.99,22.17,21.31,21.84,1299054,0
2017-02-17,21.71,21.88,21.52,21.78,1173529,0
2017-02-21,21.94,22.62,21.64,21.91,1153507,0
2017-02-22,22.0,22.075,21.48,21.57,978291,0
2017-02-23,21.59,21.77,21.28,21.58,1100146,0
2017-02-24,21.5,21.605,20.79,21.28,1451097,0
2017-02-27,21.18,22.17,21.03,22.08,1156387,0
2017-02-28,22.13,22.13,20.74,20.81,3285834,0
2017-03-01,20.25,22.24,20.0,21.85,6969131,0
2017-03-02,22.99,23.55,22.32,22.98,4940177,0
2017-03-03,22.85,24.15,22.85,24.115,3968191,0
2017-03-06,23.37,23.8971,22.13,22.39,3212082,0
2017-03-07,22.11,22.83,21.64,22.48,1736559,0
2017-03-08,22.61,23.22,22.57,22.89,1504508,0
2017-03-09,22.84,23.07,22.48,22.82,1180765,0
2017-03-10,22.97,22.99,22.31,22.66,946861,0
2017-03-13,22.78,22.86,22.33,22.5,844612,0
2017-03-14,22.51,22.66,22.19,22.22,847608,0
2017-03-15,22.22,22.89,22.13,22.68,1839484,0
2017-03-16,22.73,23.04,22.49,22.82,1305501,0
2017-03-17,22.96,22.96,22.27,22.32,1366145,0
2017-03-20,22.22,22.56,22.01,22.54,1104120,0
2017-03-21,22.52,22.73,21.9,22.37,1630417,0
2017-03-22,22.43,22.55,22.07,22.24,1343608,0
2017-03-23,22.21,22.54,22.1,22.295,941117,0
2017-03-24,22.28,23.0,22.2,22.75,1066299,0
2017-03-27,22.93,24.47,22.8,23.98,3231341,0
2017-03-28,23.85,24.91,23.44,24.77,3039437,0
2017-03-29,24.82,25.13,24.28,24.46,2719257,0
2017-03-30,24.56,24.8,24.21,24.35,1495458,0
2017-03-31,24.38,25.0,24.03,24.07,1132182,0
2017-04-03,24.19,24.36,23.2,23.69,2780413,0
2017-04-04,23.55,24.24,23.17,23.33,1848848,0
2017-04-05,23.52,24.5499,23.52,23.96,2611302,0
2017-04-06,24.0,25.57,24.0,25.22,2949765,0
2017-04-07,25.45,30.64,25.41,29.77,24388711,0
2017-04-10,33.3,33.58,31.36,32.5,13395001,0
2017-04-11,32.3,33.0,32.24,32.76,4334890,0
2017-04-12,32.77,33.18,32.61,32.99,4892688,0
2017-04-13,32.97,32.98,32.39,32.42,2694672,0
2017-04-17,32.42,32.49,31.81,31.99,2438171,0
2017-04-18,31.64,33.32,31.29,33.04,5304371,0
2017-04-19,33.09,33.3932,32.72,32.85,2306032,0
2017-04-20,32.97,33.14,32.5,33.0,1213815,0
2017-04-21,32.82,33.08,32.66,32.91,2211885,0
2017-04-24,32.55,34.0,32.2872,32.72,7174116,0
2017-04-25,32.9,33.21,32.85,33.09,59183770,0
2017-04-26,33.16,33.3,33.05,33.18,9642019,0
2017-04-27,33.25,33.42,33.17,33.34,6105616,0
2017-04-28,33.33,33.475,33.26,33.45,4371901,0
2017-05-01,33.48,33.48,33.23,33.32,3650417,0
2017-05-02,33.32,33.53,33.3,33.495,5119209,0
2017-05-03,33.35,33.35,32.86,33.14,7976058,0
2017-05-04,33.22,33.25,33.0,33.1,4273620,0
2017-05-05,33.2,33.2,33.06,33.08,3251358,0
2017-05-08,33.09,33.28,33.0,33.095,3214508,0
2017-05-09,33.16,33.3,33.1,33.27,3554680,0
2017-05-10,33.26,33.26,33.12,33.24,2514352,0
2017-05-11,33.2,33.28,33.02,33.17,3196171,0
2017-05-12,33.15,33.2401,33.08,33.15,2133095,0
2017-05-15,33.14,33.23,33.1,33.19,1912647,0
2017-05-16,33.23,33.28,33.16,33.27,2491699,0
2017-05-17,33.22,33.28,33.14,33.14,2659082,0
2017-05-18,33.16,33.175,32.95,33.1,3056805,0
2017-05-19,33.2,33.255,33.12,33.21,1323639,0
2017-05-22,33.17,33.26,33.07,33.2,1957787,0
2017-05-23,33.17,33.25,33.15,33.18,2876317,0
2017-05-24,33.16,33.23,33.12,33.18,2542516,0
2017-05-25,33.19,33.26,33.18,33.24,1242300,0
2017-05-26,33.2,33.265,33.17,33.21,1091188,0
2017-05-30,33.22,33.26,33.17,33.2,1602043,0
2017-05-31,33.23,33.33,33.18,33.27,2762072,0
2017-06-01,33.23,33.315,33.21,33.3,2400993,0
2017-06-02,33.28,33.35,33.25,33.26,1073597,0
2017-06-05,33.27,33.32,33.14,33.2,3747039,0
2017-06-06,33.23,33.3,33.2,33.23,812013,0
2017-06-07,33.25,33.95,33.24,33.36,2394003,0
2017-06-08,33.37,33.425,33.2,33.28,1946797,0
2017-06-09,33.3,33.44,33.125,33.24,1623335,0
2017-06-12,33.25,33.41,33.23,33.38,1371288,0
2017-06-13,33.38,33.455,33.32,33.44,1320259,0
2017-06-14,33.38,33.46,33.33,33.44,1109511,0
2017-06-15,33.37,33.48,33.32,33.45,1176377,0
2017-06-16,33.46,33.54,33.38,33.48,1842377,0
2017-06-19,33.52,33.54,33.4,33.45,1645855,0
2017-06-20,33.48,33.62,33.38,33.41,1129667,0
2017-06-21,33.44,33.59,33.42,33.49,1634926,0
2017-06-22,33.47,33.55,33.46,33.53,2033086,0
2017-06-23,33.52,33.57,33.48,33.53,2472890,0
2017-06-26,33.54,33.61,33.48,33.58,1695159,0
2017-06-27,33.55,33.59,33.42,33.42,1109263,0
2017-06-28,33.48,33.565,33.47,33.49,1121500,0
2017-06-29,33.49,33.53,33.4,33.44,1998892,0
2017-06-30,33.46,33.58,33.45,33.54,1615781,0
2017-07-03,33.54,33.6,33.445,33.47,550271,0
2017-07-05,33.48,33.57,33.48,33.52,1299767,0
2017-07-06,33.52,33.535,33.43,33.5,1593462,0
2017-07-07,33.51,33.59,33.5,33.55,1223102,0
2017-07-10,33.53,33.605,33.45,33.565,968475,0
2017-07-11,33.55,33.63,33.54,33.62,1174341,0
2017-07-12,33.65,33.67,33.51,33.55,1394275,0
2017-07-13,33.55,33.69,33.52,33.63,1358833,0
2017-07-14,33.62,33.675,33.57,33.645,2798173,0
2017-07-17,33.65,33.73,33.58,33.7,1401266,0
2017-07-18,33.67,33.715,33.65,33.7,2708224,0
2017-07-19,33.7,33.71,33.43,33.64,8626117,0
2017-07-20,33.64,33.72,33.6,33.65,6289806,0
2017-07-21,33.66,33.68,33.58,33.6,3516488,0
2017-07-24,33.6,33.64,33.57,33.62,1393669,0
2017-07-25,33.62,33.655,33.6,33.65,1430037,0
2017-07-26,33.64,33.67,33.62,33.63,900845,0
2017-07-27,33.64,33.67,33.59,33.6,1399581,0
2017-07-28,33.6,33.665,33.58,33.63,2583771,0
2017-07-31,33.63,33.65,33.59,33.62,1542380,0
2017-08-01,33.55,33.615,33.45,33.45,4905970,0
2017-08-02,33.42,33.55,33.42,33.48,4244890,0
2017-08-03,33.48,33.54,33.3975,33.45,2939444,0
2017-08-04,33.45,33.54,33.32,33.47,2520661,0
2017-08-07,33.43,33.54,33.4,33.47,1748451,0
2017-08-08,33.46,33.48,33.35,33.4,1974602,0
2017-08-09,33.4,33.5,33.31,33.36,5555506,0
2017-08-10,33.37,33.42,33.299,33.32,5344721,0
2017-08-11,33.35,33.4,33.3,33.31,1781794,0
2017-08-14,33.32,33.38,33.31,33.335,2152209,0
2017-08-15,33.34,33.36,33.33,33.34,922350,0
2017-08-16,33.33,33.36,33.18,33.3,1500196,0
2017-08-17,33.3,33.8,32.51,32.6,7670556,0
2017-08-18,32.42,32.5,31.82,31.98,8063376,0
2017-08-21,32.09,32.75,31.96,32.61,5151797,0
2017-08-22,32.4,32.7,32.29,32.52,4023260,0
2017-08-23,32.55,32.58,32.3,32.32,2025177,0
2017-08-24,32.33,32.47,32.31,32.36,3008340,0
2017-08-25,32.4,32.69,32.4,32.5,1286979,0
2017-08-28,32.45,32.59,32.42,32.49,2386984,0
2017-08-29,32.53,32.72,32.35,32.62,1101094,0
2017-08-30,32.57,32.86,32.54,32.83,3185235,0
2017-08-31,32.84,33.0,32.77,32.9,1491958,0
2017-09-01,32.92,32.97,32.865,32.94,1335401,0
2017-09-05,32.92,33.03,32.85,32.97,1743950,0
2017-09-06,32.99,33.03,32.92,32.96,1352093,0
2017-09-07,32.99,33.101,32.95,32.99,2456018,0
2017-09-08,32.96,33.14,32.959,33.1,1522501,0
2017-09-11,33.17,33.22,33.109,33.17,1311719,0
2017-09-12,33.18,33.46,33.13,33.23,2194629,0
2017-09-13,33.25,33.3,33.0601,33.15,1582815,0
2017-09-14,33.15,33.2325,32.73,32.97,2936295,0
2017-09-15,33.0,33.13,32.97,33.1,1889367,0
2017-09-18,33.06,33.12,33.0,33.02,1359384,0
2017-09-19,33.07,33.13,33.05,33.1,736378,0
2017-09-20,33.1,33.21,33.085,33.135,943627,0
2017-09-21,33.1,33.1575,33.1,33.14,1341753,0
2017-09-22,33.14,33.155,33.035,33.06,1439347,0
2017-09-25,33.05,33.11,33.02,33.11,977746,0
2017-09-26,33.1,33.155,33.05,33.12,1630045,0
2017-09-27,33.14,33.155,33.08,33.15,1166243,0
2017-09-28,33.14,33.18,33.1,33.17,2311644,0
2017-09-29,33.15,33.3,33.135,33.19,2059911,0
2017-10-02,33.21,33.21,33.15,33.17,2823611,0
2017-10-03,33.03,33.06,32.6,32.68,6718983,0
2017-10-04,32.8,33.09,32.8,32.9,4777666,0
2017-10-05,32.9,33.0,32.7,32.79,3239908,0
2017-10-06,32.78,33.0,32.67,32.83,2778460,0
2017-10-09,32.81,32.91,32.795,32.86,1437385,0
2017-10-10,32.9,33.0,32.9,32.935,2278145,0
2017-10-11,32.99,33.0,32.86,32.95,623216,0
2017-10-12,32.99,33.2,32.97,33.16,2846383,0
2017-10-13,33.15,33.23,33.13,33.22,1553972,0
2017-10-16,33.26,33.35,33.18,33.21,1566755,0
2017-10-17,33.22,33.29,33.18,33.25,1348573,0
2017-10-18,33.23,33.32,33.15,33.18,2295661,0
2017-10-19,33.16,33.17,33.1,33.15,1672543,0
2017-10-20,33.22,33.37,33.1525,33.28,1311566,0
2017-10-23,33.22,33.32,33.19,33.29,1012724,0
2017-10-24,33.29,33.3,33.23,33.26,430144,0
2017-10-25,33.23,33.27,33.145,33.22,1720566,0
2017-10-26,33.2,33.28,32.17,32.84,12331905,0
2017-10-27,32.9,32.98,32.5,32.52,2730959,0
2017-10-30,32.49,32.65,32.33,32.44,2136133,0
2017-10-31,32.49,32.69,32.36,32.57,3867479,0
2017-11-01,32.64,32.74,32.45,32.54,3414159,0
2017-11-02,33.165,33.41,33.15,33.25,9313017,0
2017-11-03,33.2,33.265,33.09,33.15,1693317,0
2017-11-06,33.16,33.305,33.13,33.26,1505929,0
2017-11-07,33.25,33.36,33.25,33.27,2087265,0
2017-11-08,33.29,33.33,33.205,33.24,1459423,0
2017-11-09,33.24,33.28,33.135,33.15,2406843,0
2017-11-10,33.17,33.32,33.17,33.21,2907397,0
