Date,Open,High,Low,Close,Volume,OpenInt
2014-01-02,43.443,43.443,42.513,42.806,192603,0
2014-01-03,42.675,43.043,42.609,42.815,237518,0
2014-01-06,42.921,42.937,42.609,42.675,165510,0
2014-01-07,42.704,42.992,42.609,42.825,269699,0
2014-01-08,42.825,42.825,42.321,42.625,185332,0
2014-01-09,42.782,42.904,42.407,42.887,180072,0
2014-01-10,42.937,43.627,42.937,43.452,108090,0
2014-01-13,43.418,43.418,42.765,43.043,153880,0
2014-01-14,43.033,43.13,42.73,42.878,112522,0
2014-01-15,42.878,42.937,42.563,42.704,204665,0
2014-01-16,42.52,42.842,42.503,42.765,88563,0
2014-01-17,42.806,43.077,42.712,42.806,99563,0
2014-01-21,43.112,43.269,42.815,43.236,95325,0
2014-01-22,43.286,43.443,43.199,43.435,77991,0
2014-01-23,43.365,43.722,43.173,43.652,176951,0
2014-01-24,43.347,43.591,42.815,42.869,147329,0
2014-01-27,42.834,42.974,42.59,42.609,129144,0
2014-01-28,42.747,42.852,42.248,42.546,210904,0
2014-01-29,42.172,42.782,42.172,42.546,215743,0
2014-01-30,42.937,43.26,42.738,43.061,144296,0
2014-01-31,42.747,43.539,42.407,43.53,217593,0
2014-02-03,43.538,43.975,42.806,43.008,281600,0
2014-02-04,43.183,43.286,42.328,42.328,126541,0
2014-02-05,42.267,42.417,41.962,42.039,132566,0
2014-02-06,42.048,42.267,41.953,42.077,121937,0
2014-02-07,42.305,42.363,42.006,42.163,114124,0
2014-02-10,42.258,42.381,41.771,42.345,120316,0
2014-02-11,42.191,42.904,42.111,42.789,188354,0
2014-02-12,42.939,43.062,42.632,42.825,96005,0
2014-02-13,42.729,43.866,42.729,43.61,184733,0
2014-02-14,43.988,43.988,43.177,43.784,131289,0
2014-02-18,43.898,45.378,43.898,45.043,225882,0
2014-02-19,44.97,45.86,44.833,45.043,161287,0
2014-02-20,45.051,45.641,44.882,45.5,103370,0
2014-02-21,45.632,45.719,45.051,45.173,188191,0
2014-02-24,45.299,45.465,44.902,44.902,164279,0
2014-02-25,44.98,45.33,44.761,44.786,143742,0
2014-02-26,44.145,44.4,43.758,44.303,539056,0
2014-02-27,44.419,45.262,44.11,44.145,2118295,0
2014-02-28,44.161,44.786,44.161,44.435,364276,0
2014-03-03,44.329,44.427,43.979,44.038,310697,0
2014-03-04,44.392,44.857,44.161,44.682,332879,0
2014-03-05,44.479,44.594,44.145,44.224,215984,0
2014-03-06,44.207,44.372,43.723,43.952,360939,0
2014-03-07,44.161,44.313,43.627,44.154,474327,0
2014-03-10,44.17,44.567,44.17,44.251,250627,0
2014-03-11,44.323,44.611,43.906,43.952,213092,0
2014-03-12,43.856,44.188,43.846,44.161,335999,0
2014-03-13,44.224,44.795,44.161,44.594,256433,0
2014-03-14,44.62,45.105,44.567,44.682,214973,0
2014-03-17,44.97,45.122,44.47,44.815,279086,0
2014-03-18,44.805,45.299,44.557,45.138,250050,0
2014-03-19,45.086,45.219,44.549,44.833,377317,0
2014-03-20,44.751,44.761,44.285,44.663,213026,0
2014-03-21,44.524,45.772,43.546,45.552,773285,0
2014-03-24,45.755,45.922,45.271,45.614,310842,0
2014-03-25,45.755,46.091,45.571,45.975,287240,0
2014-03-26,46.267,46.267,45.509,45.552,287017,0
2014-03-27,45.491,45.746,45.219,45.622,342848,0
2014-03-28,45.622,45.782,45.33,45.535,153580,0
2014-03-31,45.851,46.39,45.5,46.113,248815,0
2014-04-01,46.151,46.218,45.692,45.914,177863,0
2014-04-02,45.888,46.054,45.552,45.851,179141,0
2014-04-03,45.807,46.017,45.651,45.772,183193,0
2014-04-04,46.063,46.18,45.33,45.552,231632,0
2014-04-07,45.475,45.651,45.254,45.349,214047,0
2014-04-08,45.349,46.003,45.173,45.914,195253,0
2014-04-09,46.045,46.18,45.193,45.606,153748,0
2014-04-10,45.465,45.833,44.866,45.138,463420,0
2014-04-11,44.882,45.359,44.647,44.92,251600,0
2014-04-14,45.262,45.33,44.62,44.882,331380,0
2014-04-15,44.892,45.349,44.46,45.067,338068,0
2014-04-16,45.475,45.571,45.018,45.428,217280,0
2014-04-17,45.42,45.614,44.857,45.193,250563,0
2014-04-21,45.321,45.571,45.035,45.29,266528,0
2014-04-22,45.299,45.675,44.989,45.571,329970,0
2014-04-23,45.596,46.017,45.193,45.254,157638,0
2014-04-24,45.412,45.412,45.086,45.254,173643,0
2014-04-25,45.254,45.526,45.026,45.299,161907,0
2014-04-28,45.543,45.815,45.321,45.66,289830,0
2014-04-29,45.922,45.922,45.026,45.105,261105,0
2014-04-30,45.157,45.729,45.157,45.535,531485,0
2014-05-01,45.586,45.586,44.751,45.254,316858,0
2014-05-02,45.202,45.244,44.233,44.338,251655,0
2014-05-05,44.066,44.567,43.915,44.497,180896,0
2014-05-06,44.251,44.46,43.802,44.048,275935,0
2014-05-07,44.154,45.157,44.084,45.067,230779,0
2014-05-08,45.138,45.359,44.444,44.576,179773,0
2014-05-09,44.444,44.663,43.995,44.127,183720,0
2014-05-12,44.216,44.313,43.962,44.013,298609,0
2014-05-13,44.085,44.297,43.532,43.807,288418,0
2014-05-14,43.764,44.058,43.541,43.8,218653,0
2014-05-15,43.614,43.854,43.382,43.525,207863,0
2014-05-16,43.389,43.864,43.322,43.854,210079,0
2014-05-19,43.791,43.791,43.24,43.292,195281,0
2014-05-20,43.275,43.463,42.663,43.178,324570,0
2014-05-21,43.24,43.24,42.734,43.204,215618,0
2014-05-22,43.15,43.773,43.15,43.764,194430,0
2014-05-23,43.748,44.278,43.658,44.021,303369,0
2014-05-27,44.333,44.644,44.163,44.529,348457,0
2014-05-28,44.414,44.537,44.146,44.271,294492,0
2014-05-29,44.218,44.278,43.923,43.988,203904,0
2014-05-30,44.038,44.172,43.873,44.128,248138,0
2014-06-02,44.128,44.181,43.702,43.817,263488,0
2014-06-03,43.595,43.791,43.338,43.481,278730,0
2014-06-04,43.428,43.532,43.143,43.436,221022,0
2014-06-05,43.515,44.218,43.428,44.218,294394,0
2014-06-06,44.386,44.572,44.103,44.306,172603,0
2014-06-09,44.163,44.333,43.961,43.995,173470,0
2014-06-10,43.988,44.085,43.817,43.923,209921,0
2014-06-11,43.905,43.97,43.15,43.159,225999,0
2014-06-12,42.876,43.055,42.212,42.867,381436,0
2014-06-13,42.787,42.894,42.415,42.555,169779,0
2014-06-16,42.513,43.214,42.513,42.822,191758,0
2014-06-17,42.698,42.822,42.477,42.663,252255,0
2014-06-18,42.716,43.436,42.645,43.374,299930,0
2014-06-19,43.399,44.005,43.399,43.914,193938,0
2014-06-20,44.067,44.067,43.773,43.864,478072,0
2014-06-23,44.021,44.146,43.56,43.961,179361,0
2014-06-24,43.951,44.563,43.951,44.324,305964,0
2014-06-25,44.2,44.537,44.111,44.502,249980,0
2014-06-26,44.423,44.723,44.342,44.689,209296,0
2014-06-27,44.404,45.303,44.404,45.275,489979,0
2014-06-30,45.14,45.728,44.911,45.62,338760,0
2014-07-01,45.612,45.807,45.354,45.585,263718,0
2014-07-02,45.433,45.433,44.892,44.946,369527,0
2014-07-03,44.93,44.938,44.492,44.689,232211,0
2014-07-07,44.652,44.93,44.431,44.554,144019,0
2014-07-08,44.591,45.186,44.591,44.823,218156,0
2014-07-09,44.874,45.027,44.431,44.582,211537,0
2014-07-10,44.342,44.591,44.245,44.474,212952,0
2014-07-11,44.465,44.563,43.873,43.873,204232,0
2014-07-14,44.138,44.138,43.257,43.257,180026,0
2014-07-15,43.214,43.506,42.983,43.472,241048,0
2014-07-16,43.506,43.773,43.143,43.488,283051,0
2014-07-17,43.232,43.579,42.92,42.965,158103,0
2014-07-18,42.867,43.409,42.688,43.399,212397,0
2014-07-21,43.204,43.614,43.009,43.355,419934,0
2014-07-22,43.579,43.605,43.232,43.382,162795,0
2014-07-23,43.472,43.472,42.957,43.116,152330,0
2014-07-24,43.08,43.24,42.761,42.937,120881,0
2014-07-25,42.716,42.804,42.538,42.582,211145,0
2014-07-28,42.573,43.24,42.555,43.168,179886,0
2014-07-29,43.214,43.24,42.743,42.812,145950,0
2014-07-30,42.974,42.993,42.127,42.351,211210,0
2014-07-31,41.969,42.405,41.668,41.685,237016,0
2014-08-01,41.95,42.582,41.89,42.53,337149,0
2014-08-04,42.779,42.779,40.991,41.927,316651,0
2014-08-05,41.643,42.751,41.544,42.262,324142,0
2014-08-06,42.262,42.387,41.942,42.111,222387,0
2014-08-07,42.165,42.467,41.899,42.194,105622,0
2014-08-08,42.058,42.654,42.058,42.592,324168,0
2014-08-11,42.743,42.92,42.457,42.477,315226,0
2014-08-12,42.467,42.679,42.226,42.415,153277,0
2014-08-13,42.431,42.835,42.431,42.657,147901,0
2014-08-14,42.639,42.864,42.478,42.539,259956,0
2014-08-15,42.835,42.899,42.219,42.657,262861,0
2014-08-18,42.99,42.99,42.62,42.729,145092,0
2014-08-19,42.71,43.312,42.71,43.312,164387,0
2014-08-20,43.141,43.231,42.943,43.105,148668,0
2014-08-21,43.088,43.33,42.961,43.213,160079,0
2014-08-22,43.196,43.446,42.89,43.356,179282,0
2014-08-25,43.42,43.563,43.356,43.429,176225,0
2014-08-26,43.4,43.652,43.114,43.131,116770,0
2014-08-27,43.131,43.582,43.131,43.429,169641,0
2014-08-28,43.302,43.689,43.131,43.632,122968,0
2014-08-29,43.609,43.805,43.375,43.689,173738,0
2014-09-02,43.707,43.822,43.267,43.39,188236,0
2014-09-03,43.518,43.716,43.429,43.553,241969,0
2014-09-04,43.518,43.68,42.639,42.845,384106,0
2014-09-05,42.729,43.438,42.729,43.41,113106,0
2014-09-08,43.275,43.42,43.078,43.356,110992,0
2014-09-09,43.222,43.222,42.835,42.998,195171,0
2014-09-10,42.916,42.916,42.612,42.738,110814,0
2014-09-11,42.639,43.15,42.639,43.088,106834,0
2014-09-12,43.006,43.014,42.125,42.191,213540,0
2014-09-15,42.307,42.448,41.795,41.893,128851,0
2014-09-16,42.001,42.125,41.823,42.001,164460,0
2014-09-17,42.009,42.109,41.56,41.84,141875,0
2014-09-18,41.856,41.946,41.4,41.469,212638,0
2014-09-19,41.544,41.84,41.229,41.353,304103,0
2014-09-22,41.131,41.38,40.952,41.067,258598,0
2014-09-23,40.969,41.06,40.573,40.727,213391,0
2014-09-24,40.788,40.788,40.232,40.681,162459,0
2014-09-25,40.664,40.825,40.367,40.377,221479,0
2014-09-26,40.377,40.573,40.107,40.349,130019,0
2014-09-29,40.124,40.394,39.992,40.153,210953,0
2014-09-30,40.107,40.422,39.846,39.846,248107,0
2014-10-01,39.748,40.895,39.667,40.854,453712,0
2014-10-02,40.977,42.182,40.861,41.714,703897,0
2014-10-03,41.992,42.044,41.461,41.992,422496,0
2014-10-06,42.001,42.29,41.931,41.973,455623,0
2014-10-07,41.776,42.557,41.695,42.083,368601,0
2014-10-08,42.109,43.141,42.109,42.864,440671,0
2014-10-09,42.682,43.088,42.152,42.2,475628,0
2014-10-10,42.2,42.789,41.659,42.448,380969,0
2014-10-13,42.448,43.213,42.379,42.799,371701,0
2014-10-14,43.014,43.929,42.899,43.535,420334,0
2014-10-15,43.257,43.599,42.504,43.267,419180,0
2014-10-16,42.872,43.861,42.71,43.553,302458,0
2014-10-17,43.805,43.841,43.213,43.482,245322,0
2014-10-20,43.518,44.379,43.518,44.335,359028,0
2014-10-21,44.442,44.613,44.246,44.433,334055,0
2014-10-22,44.433,44.872,44.236,44.542,311076,0
2014-10-23,44.72,45.178,44.649,44.854,271896,0
2014-10-24,44.937,45.207,44.766,45.044,189868,0
2014-10-27,45.009,45.197,44.756,45.108,169183,0
2014-10-28,45.178,45.932,45.108,45.932,220763,0
2014-10-29,45.851,46.373,45.269,45.708,216217,0
2014-10-30,45.673,46.859,45.564,46.849,179760,0
2014-10-31,47.288,47.288,46.551,46.892,281399,0
2014-11-03,47.809,47.809,46.561,46.83,267233,0
2014-11-04,46.909,47.532,46.784,47.117,287558,0
2014-11-05,47.343,47.415,46.732,47.367,359104,0
2014-11-06,47.288,47.386,46.335,46.507,313973,0
2014-11-07,46.624,47.008,46.246,46.9,216523,0
2014-11-10,46.939,47.334,46.776,47.261,224555,0
2014-11-11,47.396,47.396,46.659,46.83,186989,0
2014-11-12,46.741,47.03,45.78,46.44,236551,0
2014-11-13,46.514,46.605,45.316,45.373,185773,0
2014-11-14,45.363,45.49,44.91,45.154,162951,0
2014-11-17,45.263,45.678,45.091,45.391,167113,0
2014-11-18,45.433,45.924,45.391,45.654,152224,0
2014-11-19,45.481,45.752,45.254,45.433,192296,0
2014-11-20,45.191,45.516,45.191,45.425,136246,0
2014-11-21,45.833,45.915,45.452,45.598,195437,0
2014-11-24,45.571,45.941,45.425,45.798,163634,0
2014-11-25,45.771,46.122,45.624,46.033,133238,0
2014-11-26,45.979,46.505,45.907,46.44,170678,0
2014-11-28,46.505,47.183,46.096,46.188,119634,0
2014-12-01,46.231,46.369,45.752,46.16,208265,0
2014-12-02,46.16,47.02,46.061,46.92,134060,0
2014-12-03,46.958,47.346,46.478,47.293,207512,0
2014-12-04,47.21,47.863,47.21,47.411,300834,0
2014-12-05,47.229,47.663,47.076,47.302,176835,0
2014-12-08,47.139,47.963,46.977,47.555,185451,0
2014-12-09,47.356,48.233,47.149,48.226,210704,0
2014-12-10,47.963,48.2,47.338,47.373,511355,0
2014-12-11,47.538,48.016,46.967,47.618,128687,0
2014-12-12,47.076,47.819,47.049,47.229,197241,0
2014-12-15,47.266,47.51,46.586,47.083,277849,0
2014-12-16,46.92,47.998,46.568,47.202,256117,0
2014-12-17,47.202,48.687,46.992,48.526,292759,0
2014-12-18,48.752,49.45,48.516,49.44,224616,0
2014-12-19,49.369,50.219,49.259,49.801,882704,0
2014-12-22,49.819,50.066,49.312,50.039,197991,0
2014-12-23,50.139,50.281,49.685,50.02,181763,0
2014-12-24,50.01,50.701,49.867,50.573,111034,0
2014-12-26,50.781,51.315,50.744,51.207,169233,0
2014-12-29,51.136,52.53,51.136,52.512,245680,0
2014-12-30,52.295,52.304,51.016,51.071,195752,0
2014-12-31,51.136,51.263,49.957,49.967,144665,0
2015-01-02,50.066,50.381,49.549,50.219,227978,0
2015-01-05,49.901,50.039,49.213,49.42,233321,0
2015-01-06,49.45,50.355,49.331,49.376,251393,0
2015-01-07,49.204,50.347,49.204,50.31,183266,0
2015-01-08,50.41,51.37,50.229,51.298,298742,0
2015-01-09,51.207,51.207,50.148,50.391,212041,0
2015-01-12,50.401,50.401,49.376,50.066,224335,0
2015-01-13,50.365,51.37,50.139,50.72,213944,0
2015-01-14,50.273,51.578,50.257,51.497,197438,0
2015-01-15,51.534,51.687,51.026,51.389,168205,0
2015-01-16,51.234,52.068,50.963,52.023,181191,0
2015-01-20,52.186,52.204,51.407,51.966,220050,0
2015-01-21,51.842,52.412,51.595,52.041,145712,0
2015-01-22,52.349,52.612,51.76,52.575,243195,0
2015-01-23,52.584,53.191,52.367,52.765,271044,0
2015-01-26,52.765,53.29,52.194,53.272,174431,0
2015-01-27,52.939,54.124,52.939,53.634,188921,0
2015-01-28,53.752,54.062,52.648,52.865,206762,0
2015-01-29,52.901,53.263,52.53,52.883,495039,0
2015-01-30,52.538,52.775,51.305,51.333,349388,0
2015-02-02,51.461,51.858,50.809,51.724,356483,0
2015-02-03,51.615,52.239,51.615,52.194,259376,0
2015-02-04,52.068,52.349,51.534,51.595,223861,0
2015-02-05,51.704,52.239,51.407,52.076,232754,0
2015-02-06,51.95,52.068,49.967,50.156,303956,0
2015-02-09,50.156,50.735,49.384,49.46,373260,0
2015-02-10,49.622,50.473,49.511,50.129,304898,0
2015-02-11,50.161,50.444,49.458,49.666,263509,0
2015-02-12,49.841,50.253,49.567,50.134,175951,0
2015-02-13,50.07,50.07,48.634,49.063,326199,0
2015-02-17,49.338,49.338,47.901,48.267,325075,0
2015-02-18,48.167,49.869,48.011,49.869,265539,0
2015-02-19,49.979,50.829,49.979,50.481,407531,0
2015-02-20,50.298,50.634,49.576,50.519,285217,0
2015-02-23,50.563,51.111,50.563,51.111,324963,0
2015-02-24,51.003,51.77,50.618,51.302,227023,0
2015-02-25,51.167,51.259,50.07,50.253,203667,0
2015-02-26,50.692,50.692,50.023,50.05,264755,0
2015-02-27,50.014,50.543,49.622,50.152,761932,0
2015-03-02,50.206,50.206,48.798,48.835,385453,0
2015-03-03,48.825,49.192,48.488,49.063,289337,0
2015-03-04,48.962,49.255,48.187,48.248,225369,0
2015-03-05,48.359,48.679,48.197,48.597,211262,0
2015-03-06,48.039,48.077,46.785,47.225,239473,0
2015-03-09,47.326,47.939,47.326,47.683,261123,0
2015-03-10,47.573,47.883,47.336,47.663,259702,0
2015-03-11,47.453,47.83,47.317,47.462,319297,0
2015-03-12,47.755,48.706,47.755,48.488,227226,0
2015-03-13,48.532,48.561,47.489,48.095,184907,0
2015-03-16,48.397,49.228,48.267,48.825,212465,0
2015-03-17,48.616,49.173,48.112,48.287,268342,0
2015-03-18,48.204,49.594,47.911,49.291,235647,0
2015-03-19,49.1,49.382,48.423,48.488,361396,0
2015-03-20,48.798,48.999,48.388,48.899,611477,0
2015-03-23,48.89,49.209,48.735,49.026,365334,0
2015-03-24,49.045,49.255,48.469,48.679,395623,0
2015-03-25,48.945,49.118,48.368,48.431,333623,0
2015-03-26,48.331,48.642,47.663,47.728,297428,0
2015-03-27,47.856,48.339,47.563,47.921,308364,0
2015-03-30,48.177,48.743,47.83,48.167,273590,0
2015-03-31,48.12,48.339,47.801,48.248,364894,0
2015-04-01,48.086,48.414,47.428,48.277,337777,0
2015-04-02,48.277,48.45,47.683,47.883,261779,0
2015-04-06,47.921,48.423,47.856,48.177,382937,0
2015-04-07,48.086,48.138,47.409,47.428,243522,0
2015-04-08,47.379,47.563,47.053,47.428,152651,0
2015-04-09,47.489,47.489,46.742,47.163,311741,0
2015-04-10,47.453,47.792,47.105,47.399,137888,0
2015-04-13,47.353,47.37,46.759,46.776,204481,0
2015-04-14,46.823,47.188,46.638,47.043,235317,0
2015-04-15,47.134,47.711,47.071,47.087,310824,0
2015-04-16,47.253,47.253,46.685,46.986,524288,0
2015-04-17,46.695,47.253,46.366,46.585,376596,0
2015-04-20,46.695,47.608,46.695,47.178,256624,0
2015-04-21,47.308,47.537,46.347,46.521,182485,0
2015-04-22,46.704,46.704,45.917,46.319,179546,0
2015-04-23,46.366,46.97,46.201,46.713,883537,0
2015-04-24,46.933,47.326,46.713,47.134,551449,0
2015-04-27,47.269,47.445,46.513,46.776,427116,0
2015-04-28,46.667,47.379,46.503,47.244,238709,0
2015-04-29,46.832,47.061,46.567,46.886,241987,0
2015-04-30,46.575,46.751,45.579,46.0,672167,0
2015-05-01,46.064,46.127,45.497,45.671,303662,0
2015-05-04,45.753,46.521,45.753,46.064,345652,0
2015-05-05,45.935,46.266,44.855,45.296,433130,0
2015-05-06,45.222,45.634,44.519,45.039,213447,0
2015-05-07,46.266,46.266,44.802,44.912,311654,0
2015-05-08,44.362,45.131,44.289,44.692,450624,0
2015-05-11,44.592,44.931,44.419,44.692,439472,0
2015-05-12,44.582,44.802,44.023,44.647,389292,0
2015-05-13,44.843,45.048,44.198,44.411,426270,0
2015-05-14,44.549,45.002,44.549,44.658,209509,0
2015-05-15,44.751,45.095,44.513,44.751,217452,0
2015-05-18,44.586,45.122,44.448,44.954,348176,0
2015-05-19,44.828,45.391,44.707,45.242,212652,0
2015-05-20,45.214,45.584,45.048,45.353,218708,0
2015-05-21,45.391,45.843,45.038,45.823,264916,0
2015-05-22,45.722,45.962,45.52,45.823,303225,0
2015-05-26,45.659,45.77,45.409,45.511,380747,0
2015-05-27,45.547,45.917,45.492,45.871,535893,0
2015-05-28,45.741,46.397,45.732,46.322,536068,0
2015-05-29,46.389,46.693,46.11,46.526,812170,0
2015-06-01,46.582,46.878,46.331,46.611,311166,0
2015-06-02,46.322,46.452,45.833,46.0,425684,0
2015-06-03,45.954,46.11,45.474,45.982,440011,0
2015-06-04,45.813,46.269,45.593,45.677,413609,0
2015-06-05,45.271,45.391,44.964,45.289,380817,0
2015-06-08,45.363,45.732,45.14,45.547,485355,0
2015-06-09,45.434,45.454,44.493,44.576,497530,0
2015-06-10,44.819,44.964,44.614,44.698,433599,0
2015-06-11,44.809,45.167,44.799,44.992,358387,0
2015-06-12,44.881,44.881,44.226,44.255,264590,0
2015-06-15,44.152,44.347,43.858,44.179,365993,0
2015-06-16,44.152,44.557,43.949,44.438,246952,0
2015-06-17,44.576,45.298,44.576,45.16,278011,0
2015-06-18,45.131,46.0,45.131,45.852,228664,0
2015-06-19,45.991,46.11,45.483,45.593,460358,0
2015-06-22,45.62,45.88,45.16,45.399,159080,0
2015-06-23,45.232,45.843,44.668,44.735,208918,0
2015-06-24,44.643,44.954,44.327,44.337,238727,0
2015-06-25,43.44,43.727,42.757,43.367,533079,0
2015-06-26,43.265,43.672,43.033,43.597,530807,0
2015-06-29,43.58,44.05,43.228,43.255,251065,0
2015-06-30,43.033,43.33,42.785,42.868,311525,0
2015-07-01,42.979,42.997,42.499,42.941,382981,0
2015-07-02,43.145,43.808,43.108,43.616,244032,0
2015-07-06,43.561,43.868,43.153,43.708,375406,0
2015-07-07,43.737,44.65,43.432,44.448,304093,0
2015-07-08,44.28,44.707,44.28,44.634,384280,0
2015-07-09,44.751,45.555,43.717,43.929,334499,0
2015-07-10,44.022,44.725,43.828,44.411,234507,0
2015-07-13,44.43,44.725,44.124,44.235,191437,0
2015-07-14,44.152,44.523,43.838,43.892,277531,0
2015-07-15,43.838,43.901,43.58,43.848,416753,0
2015-07-16,43.959,44.624,43.959,44.448,432112,0
2015-07-17,44.327,44.614,44.106,44.144,289592,0
2015-07-20,44.078,44.28,43.182,43.708,375081,0
2015-07-21,43.653,43.901,42.997,43.2,172283,0
2015-07-22,43.125,43.773,43.099,43.377,167737,0
2015-07-23,43.33,43.495,41.849,42.194,327683,0
2015-07-24,42.214,43.099,42.083,42.719,609480,0
2015-07-27,42.655,44.144,42.655,43.919,267620,0
2015-07-28,43.994,44.421,43.868,44.355,262101,0
2015-07-29,44.355,44.448,44.05,44.217,263183,0
2015-07-30,44.124,44.658,43.919,44.29,305389,0
2015-07-31,44.624,44.954,44.493,44.624,330063,0
2015-08-03,44.658,45.038,44.411,44.735,226627,0
2015-08-04,46.186,46.186,44.92,45.095,344997,0
2015-08-05,45.289,46.139,45.177,45.722,434817,0
2015-08-06,45.685,46.297,45.373,46.249,249074,0
2015-08-07,46.139,47.682,46.139,47.321,402569,0
2015-08-10,47.581,47.581,46.823,46.842,288617,0
2015-08-11,46.861,47.34,46.535,47.219,313482,0
2015-08-12,47.092,47.905,46.87,47.58,224046,0
2015-08-13,47.524,48.187,47.327,47.756,374053,0
2015-08-14,47.728,48.269,47.373,48.232,183544,0
2015-08-17,48.223,48.988,47.934,48.465,224473,0
2015-08-18,48.26,48.606,47.944,48.111,163829,0
2015-08-19,47.896,48.382,47.606,48.24,162009,0
2015-08-20,47.98,48.642,47.85,47.99,188259,0
2015-08-21,46.936,47.972,45.76,47.27,316516,0
2015-08-24,45.721,46.654,44.975,45.227,301221,0
2015-08-25,45.628,45.917,43.5,43.528,323480,0
2015-08-26,44.426,44.426,43.22,44.248,252441,0
2015-08-27,44.377,44.601,43.807,44.434,288550,0
2015-08-28,44.471,44.92,43.977,44.611,156863,0
2015-08-31,44.443,44.601,43.753,44.592,335266,0
2015-09-01,44.368,44.368,42.848,43.146,252333,0
2015-09-02,43.518,43.528,42.921,43.465,291444,0
2015-09-03,43.622,43.771,42.8,43.557,163185,0
2015-09-04,43.184,43.406,43.062,43.286,173474,0
2015-09-08,43.807,44.219,43.174,44.162,210546,0
2015-09-09,44.443,44.573,44.136,44.294,266799,0
2015-09-10,44.313,44.779,44.181,44.509,214001,0
2015-09-11,44.416,44.947,43.64,44.93,171653,0
2015-09-14,44.955,45.338,44.676,44.779,104575,0
2015-09-15,44.852,44.939,44.461,44.843,108219,0
2015-09-16,44.91,45.553,44.649,45.255,128258,0
2015-09-17,45.163,46.161,44.975,45.572,153966,0
2015-09-18,45.134,45.872,45.032,45.097,432984,0
2015-09-21,45.44,45.572,45.134,45.255,119469,0
2015-09-22,44.939,45.415,44.713,45.003,186012,0
2015-09-23,45.106,45.526,44.965,45.48,217972,0
2015-09-24,45.45,46.234,45.143,46.132,194812,0
2015-09-25,46.161,47.72,45.964,46.852,268835,0
2015-09-28,46.673,47.131,45.76,46.784,354483,0
2015-09-29,46.794,47.243,45.955,46.03,270548,0
2015-09-30,46.171,47.27,46.086,47.121,311264,0
2015-10-01,47.224,47.309,46.103,46.58,331194,0
2015-10-02,46.385,46.887,46.002,46.879,263156,0
2015-10-05,47.092,47.588,46.692,47.534,151514,0
2015-10-06,47.476,47.588,46.775,47.112,156650,0
2015-10-07,47.048,47.448,46.852,47.382,246761,0
2015-10-08,47.364,48.402,47.084,48.392,203045,0
2015-10-09,48.446,48.523,47.925,47.953,150865,0
2015-10-12,48.065,48.708,47.925,48.325,212867,0
2015-10-13,48.24,48.54,47.877,48.232,238510,0
2015-10-14,48.317,48.587,48.026,48.075,165758,0
2015-10-15,48.017,48.672,47.737,48.662,200152,0
2015-10-16,48.708,49.371,48.513,49.25,248583,0
2015-10-19,48.26,48.867,47.737,48.065,436748,0
2015-10-20,48.055,48.616,48.007,48.157,271935,0
2015-10-21,48.279,48.662,47.588,47.597,186759,0
2015-10-22,47.682,48.129,47.534,47.597,276228,0
2015-10-23,47.616,47.616,46.274,46.628,232941,0
2015-10-26,46.645,47.009,46.215,46.981,253406,0
2015-10-27,46.936,47.72,46.701,47.672,355945,0
2015-10-28,47.662,47.972,46.478,46.973,484631,0
2015-10-29,46.721,46.879,46.086,46.571,163401,0
2015-10-30,46.628,47.029,46.31,46.862,265299,0
2015-11-02,46.765,47.214,46.422,47.084,234563,0
2015-11-03,49.259,49.259,47.27,47.877,476059,0
2015-11-04,47.905,48.392,47.774,48.372,195497,0
2015-11-05,48.343,48.606,48.007,48.343,152042,0
2015-11-06,47.691,47.886,45.917,46.759,254691,0
2015-11-09,46.628,47.214,45.789,47.058,192186,0
2015-11-10,47.075,47.98,46.731,47.886,211724,0
2015-11-11,47.963,48.876,47.963,48.745,283835,0
2015-11-12,48.628,49.165,47.657,47.715,177526,0
2015-11-13,47.629,48.289,47.233,47.356,102716,0
2015-11-16,47.46,48.552,47.383,48.533,129244,0
2015-11-17,48.421,48.779,47.506,48.204,384975,0
2015-11-18,48.204,48.26,47.12,47.873,237267,0
2015-11-19,47.941,48.457,47.901,48.439,173917,0
2015-11-20,48.779,49.184,48.496,48.816,225489,0
2015-11-23,48.769,48.957,48.24,48.354,189305,0
2015-11-24,48.166,48.25,47.346,48.063,127987,0
2015-11-25,47.996,47.996,47.6,47.892,130093,0
2015-11-27,47.892,48.373,47.76,48.204,50828,0
2015-11-30,48.373,48.619,47.987,48.014,438773,0
2015-12-01,48.156,48.373,47.657,47.76,292574,0
2015-12-02,47.742,47.855,46.253,46.282,298402,0
2015-12-03,46.074,46.243,45.168,45.282,294761,0
2015-12-04,45.292,46.602,45.292,46.554,270904,0
2015-12-07,46.489,46.96,46.282,46.932,321732,0
2015-12-08,47.413,47.873,46.799,47.262,361859,0
2015-12-09,46.912,47.591,46.648,47.006,288414,0
2015-12-10,47.168,47.262,46.065,46.31,457660,0
2015-12-11,45.651,46.111,45.405,45.838,431027,0
2015-12-14,45.818,46.179,45.5,45.923,271510,0
2015-12-15,45.98,46.809,45.98,46.77,270055,0
2015-12-16,46.997,47.591,46.735,47.582,271009,0
2015-12-17,47.695,48.269,47.441,48.091,413307,0
2015-12-18,47.969,48.146,46.912,47.337,487797,0
2015-12-21,47.563,47.563,46.744,47.196,184741,0
2015-12-22,47.383,48.204,46.638,48.091,204124,0
2015-12-23,48.156,48.666,48.004,48.403,241511,0
2015-12-24,48.309,48.496,47.941,48.204,177331,0
2015-12-28,48.128,48.6,48.063,48.309,368655,0
2015-12-29,48.526,48.751,48.214,48.373,303623,0
2015-12-30,48.318,48.863,48.25,48.637,150509,0
2015-12-31,48.637,48.684,47.619,47.901,232960,0
2016-01-04,47.516,47.887,46.535,46.857,412541,0
2016-01-05,47.233,47.29,46.243,47.006,296108,0
2016-01-06,46.612,47.27,46.421,47.139,222459,0
2016-01-07,46.583,47.309,46.583,46.819,516042,0
2016-01-08,46.893,47.609,46.838,46.987,222724,0
2016-01-11,47.149,47.883,47.129,47.742,247531,0
2016-01-12,48.034,48.034,46.857,47.309,205174,0
2016-01-13,47.383,47.715,46.809,47.006,247084,0
2016-01-14,47.035,47.742,46.705,47.393,423320,0
2016-01-15,46.253,47.196,45.98,46.638,367446,0
2016-01-19,47.016,47.732,46.573,47.46,490980,0
2016-01-20,47.506,47.715,46.337,46.932,603605,0
2016-01-21,47.055,47.223,45.481,45.96,365361,0
2016-01-22,46.347,47.262,46.197,47.139,683908,0
2016-01-25,47.026,47.144,46.45,46.573,256841,0
2016-01-26,46.819,47.657,46.809,47.639,209997,0
2016-01-27,47.496,48.393,47.318,48.024,306211,0
2016-01-28,48.214,49.089,47.76,48.976,204500,0
2016-01-29,49.363,50.644,49.363,49.854,403779,0
2016-02-01,49.674,50.692,49.4,50.457,284593,0
2016-02-02,50.259,50.947,49.76,50.844,219120,0
2016-02-03,50.938,51.791,50.634,51.248,431164,0
2016-02-04,51.267,51.267,50.371,50.457,232284,0
2016-02-05,50.672,50.889,49.864,50.371,353323,0
2016-02-08,50.39,50.731,49.824,50.531,545402,0
2016-02-09,50.315,51.719,50.037,51.503,338474,0
2016-02-10,51.673,51.719,50.108,50.418,422834,0
2016-02-11,50.009,50.591,49.095,49.962,359266,0
2016-02-12,50.161,50.809,49.354,50.028,211926,0
2016-02-16,50.199,50.347,49.734,49.895,220380,0
2016-02-17,49.895,49.895,49.354,49.428,416968,0
2016-02-18,48.477,51.008,48.371,50.514,443949,0
2016-02-19,50.181,50.75,49.514,49.942,375557,0
2016-02-22,50.152,50.874,50.009,50.476,210794,0
2016-02-23,50.238,50.724,49.932,50.561,196285,0
2016-02-24,50.532,51.494,50.532,51.484,219042,0
2016-02-25,51.676,51.778,51.227,51.455,180168,0
2016-02-26,51.417,51.417,50.001,50.009,227246,0
2016-02-29,49.962,50.989,49.717,50.457,323825,0
2016-03-01,50.695,50.884,49.505,49.771,299669,0
2016-03-02,49.714,50.457,48.81,50.447,322178,0
2016-03-03,50.541,51.409,49.763,51.39,335370,0
2016-03-04,51.142,52.303,50.741,52.255,314316,0
2016-03-07,52.093,52.787,51.998,52.683,216441,0
2016-03-08,52.769,53.188,52.321,52.873,217492,0
2016-03-09,52.959,53.52,52.35,53.455,243992,0
2016-03-10,53.292,53.768,52.37,53.664,215950,0
2016-03-11,53.768,53.836,52.864,53.131,259574,0
2016-03-14,53.036,53.263,52.654,52.922,137146,0
2016-03-15,52.893,53.25,52.817,52.912,118571,0
2016-03-16,52.873,53.887,52.321,53.806,157243,0
2016-03-17,53.768,55.13,53.768,55.025,266790,0
2016-03-18,55.367,55.519,54.472,54.767,466379,0
2016-03-21,54.482,54.772,53.617,54.501,197796,0
2016-03-22,54.425,54.596,53.673,54.083,203872,0
2016-03-23,53.892,54.683,53.395,54.444,182198,0
2016-03-24,54.387,54.92,54.283,54.738,139772,0
2016-03-28,54.787,55.195,54.216,54.454,98730,0
2016-03-29,52.883,54.729,52.883,54.52,721095,0
2016-03-30,54.606,54.606,53.017,53.169,601732,0
2016-03-31,53.225,53.768,53.225,53.359,349621,0
2016-04-01,53.378,53.873,52.873,53.283,378989,0
2016-04-04,53.207,53.283,52.74,53.179,215553,0
2016-04-05,53.169,53.169,51.322,51.322,271612,0
2016-04-06,51.257,51.474,50.884,51.237,418348,0
2016-04-07,51.171,51.79,50.933,51.579,489041,0
2016-04-08,51.817,52.197,51.424,51.978,299282,0
2016-04-11,52.236,52.484,51.998,52.321,442856,0
2016-04-12,52.34,52.769,52.226,52.683,311473,0
2016-04-13,52.968,52.987,52.236,52.732,280225,0
2016-04-14,52.636,53.092,52.303,52.864,441404,0
2016-04-15,52.74,53.456,52.683,53.387,298651,0
2016-04-18,53.349,53.873,52.968,53.873,345487,0
2016-04-19,53.969,54.054,53.292,53.598,367975,0
2016-04-20,53.465,53.731,52.454,52.531,448676,0
2016-04-21,52.474,52.484,51.656,51.79,406987,0
2016-04-22,51.799,52.29,51.702,52.027,300973,0
2016-04-25,51.826,52.255,51.627,52.245,270691,0
2016-04-26,52.36,52.712,52.102,52.712,210222,0
2016-04-27,52.845,53.492,52.295,53.255,209448,0
2016-04-28,52.959,53.673,52.688,53.349,246047,0
2016-04-29,53.273,53.607,52.722,53.472,183792,0
2016-05-02,53.472,54.506,53.387,54.253,288688,0
2016-05-03,53.997,54.624,53.095,54.32,371723,0
2016-05-04,54.263,55.586,54.238,55.329,326326,0
2016-05-05,55.195,55.662,54.666,54.901,434407,0
2016-05-06,54.862,54.901,53.073,54.158,740741,0
2016-05-09,54.263,54.911,53.863,54.729,329405,0
2016-05-10,54.94,55.025,54.454,54.729,228607,0
2016-05-11,54.787,54.92,54.168,54.683,318253,0
2016-05-12,54.748,55.401,54.173,54.817,197221,0
2016-05-13,54.798,55.027,54.452,54.653,201583,0
2016-05-16,54.518,54.854,54.259,54.683,302493,0
2016-05-17,54.768,54.768,52.924,53.251,272481,0
2016-05-18,52.962,53.588,52.338,52.397,338440,0
2016-05-19,52.272,52.704,51.887,52.655,176629,0
2016-05-20,52.789,52.915,52.358,52.915,176194,0
2016-05-23,52.982,53.055,52.319,52.368,185798,0
2016-05-24,52.406,53.549,52.406,53.51,263022,0
2016-05-25,54.683,54.683,53.376,53.903,270914,0
2016-05-26,54.018,54.844,54.018,54.683,222650,0
2016-05-27,54.71,55.23,54.692,55.19,210764,0
2016-05-31,55.24,55.614,54.844,55.45,553476,0
2016-06-01,55.499,55.777,55.345,55.623,150365,0
2016-06-02,55.46,55.777,55.047,55.67,243487,0
2016-06-03,56.152,56.948,55.768,56.679,227947,0
2016-06-06,56.842,57.275,56.747,57.006,184141,0
2016-06-07,57.102,57.524,57.102,57.447,175070,0
2016-06-08,57.524,58.044,57.332,58.014,137084,0
2016-06-09,58.081,58.686,57.841,58.571,168457,0
2016-06-10,58.313,58.927,58.11,58.399,138113,0
2016-06-13,58.389,58.676,58.159,58.35,108764,0
2016-06-14,58.504,58.974,58.014,58.974,188549,0
2016-06-15,59.023,59.023,58.081,58.139,427576,0
2016-06-16,58.11,58.734,57.804,58.649,228275,0
2016-06-17,58.744,58.744,57.889,58.668,479548,0
2016-06-20,59.013,59.531,58.436,59.34,222971,0
2016-06-21,59.331,59.695,58.576,59.272,159230,0
2016-06-22,59.331,59.331,58.649,58.668,241813,0
2016-06-23,58.764,59.331,57.859,59.331,191867,0
2016-06-24,58.552,59.608,57.679,59.34,608907,0
2016-06-27,59.272,59.724,59.156,59.551,355615,0
2016-06-28,59.781,60.367,59.311,60.041,283848,0
2016-06-29,60.28,60.751,60.136,60.55,206617,0
2016-06-30,60.645,62.125,60.478,62.066,317512,0
2016-07-01,62.518,62.518,61.404,62.02,158732,0
2016-07-05,62.154,62.671,62.056,62.576,166349,0
2016-07-06,62.615,62.815,62.031,62.336,132722,0
2016-07-07,62.154,62.369,60.972,61.153,163208,0
2016-07-08,61.193,61.808,60.56,61.75,242553,0
2016-07-11,61.654,61.865,60.685,61.808,192424,0
2016-07-12,61.567,61.605,60.895,61.145,274667,0
2016-07-13,61.242,61.789,61.242,61.74,169340,0
2016-07-14,61.413,61.74,60.933,60.962,155144,0
2016-07-15,61.03,61.385,60.021,61.212,150139,0
2016-07-18,61.153,61.825,61.001,61.357,111111,0
2016-07-19,61.367,61.367,60.962,61.117,111728,0
2016-07-20,61.193,61.371,60.857,60.953,106737,0
2016-07-21,60.79,61.222,60.367,60.962,139977,0
2016-07-22,60.885,62.461,60.704,62.171,216641,0
2016-07-25,62.211,62.412,61.5,61.674,108436,0
2016-07-26,61.635,61.701,61.001,61.193,120875,0
2016-07-27,61.127,61.222,60.089,60.589,151649,0
2016-07-28,60.385,60.943,60.385,60.731,98468,0
2016-07-29,60.915,61.462,60.54,61.318,191362,0
2016-08-01,61.145,61.481,60.915,61.462,131047,0
2016-08-02,61.298,61.904,61.193,61.222,210548,0
2016-08-03,60.933,61.75,59.8,60.021,183709,0
2016-08-04,59.897,60.482,59.675,59.829,187943,0
2016-08-05,59.714,59.975,58.898,58.955,227057,0
2016-08-08,59.061,59.436,58.629,58.773,168731,0
2016-08-09,58.869,59.196,58.764,58.917,137948,0
2016-08-10,59.023,59.023,58.581,58.936,152939,0
2016-08-11,59.062,59.381,58.858,59.362,206523,0
2016-08-12,59.556,59.682,59.15,59.198,140486,0
2016-08-15,59.304,59.362,58.394,58.442,149931,0
2016-08-16,58.191,58.191,57.357,57.552,309478,0
2016-08-17,57.318,58.229,56.805,58.073,260741,0
2016-08-18,58.142,59.284,57.86,59.266,166936,0
2016-08-19,58.984,59.314,58.152,58.587,188871,0
2016-08-22,58.782,59.218,58.597,59.15,98201,0
2016-08-23,59.353,59.721,58.442,58.491,155952,0
2016-08-24,58.423,58.423,57.831,58.046,228431,0
2016-08-25,58.103,58.413,58.046,58.171,315165,0
2016-08-26,58.326,58.927,56.756,57.125,284652,0
2016-08-29,57.155,57.754,57.056,57.744,275187,0
2016-08-30,57.851,58.171,56.97,57.019,187067,0
2016-08-31,57.066,57.512,56.815,57.435,181634,0
2016-09-01,57.328,57.648,57.056,57.561,204564,0
2016-09-02,57.774,58.616,57.542,58.606,168332,0
2016-09-06,59.043,59.488,58.732,59.4,196852,0
2016-09-07,59.314,59.847,59.062,59.672,218134,0
2016-09-08,59.507,60.011,59.362,59.866,159211,0
2016-09-09,59.381,59.381,57.261,57.28,158702,0
2016-09-12,57.086,58.083,57.086,57.9,346653,0
2016-09-13,57.552,57.724,56.766,56.854,444744,0
2016-09-14,57.106,57.318,56.37,56.679,422922,0
2016-09-15,56.603,57.814,56.573,57.628,222506,0
2016-09-16,57.628,58.646,57.086,58.606,772995,0
2016-09-19,58.606,58.878,58.249,58.829,172061,0
2016-09-20,59.188,59.4,58.674,58.694,134824,0
2016-09-21,58.984,60.331,58.578,60.235,165939,0
2016-09-22,60.504,60.727,60.156,60.727,203274,0
2016-09-23,60.63,60.63,60.253,60.262,155252,0
2016-09-26,60.331,60.331,59.702,59.702,200770,0
2016-09-27,59.731,59.973,58.868,59.004,211790,0
2016-09-28,58.974,59.188,58.209,58.898,136779,0
2016-09-29,58.752,58.752,57.608,57.987,107007,0
2016-09-30,58.297,58.355,57.28,57.744,178069,0
2016-10-03,57.678,57.678,56.786,57.357,244001,0
2016-10-04,57.222,57.416,55.217,55.575,189006,0
2016-10-05,55.711,55.876,55.062,55.313,262621,0
2016-10-06,55.139,55.479,54.811,55.169,177423,0
2016-10-07,55.615,55.866,55.256,55.265,274609,0
2016-10-10,55.169,55.952,55.15,55.914,127039,0
2016-10-11,55.846,55.886,54.791,55.023,188576,0
2016-10-12,55.12,55.691,54.868,55.653,248783,0
2016-10-13,55.681,56.738,55.662,56.224,194455,0
2016-10-14,56.012,56.427,55.681,55.77,110735,0
2016-10-17,55.952,56.234,55.905,56.128,126538,0
2016-10-18,56.35,57.155,55.943,57.135,323181,0
2016-10-19,57.231,57.444,56.565,57.318,205340,0
2016-10-20,57.473,57.707,57.096,57.571,151959,0
2016-10-21,57.202,57.831,57.12,57.687,263171,0
2016-10-24,58.055,58.152,57.396,57.707,241864,0
2016-10-25,57.599,58.259,57.542,58.249,129514,0
2016-10-26,58.239,58.375,57.744,57.957,149286,0
2016-10-27,57.678,57.92,57.236,57.532,142564,0
2016-10-28,57.552,57.948,57.125,57.724,236305,0
2016-10-31,57.851,59.47,57.794,59.362,282848,0
2016-11-01,59.275,59.275,57.744,57.774,225523,0
2016-11-02,57.707,57.823,56.921,57.202,145644,0
2016-11-03,56.825,57.754,56.37,57.522,166626,0
2016-11-04,59.275,59.275,56.766,57.106,293363,0
2016-11-07,57.59,58.277,56.311,58.239,285098,0
2016-11-08,58.249,58.878,57.988,58.452,145184,0
2016-11-09,57.241,57.88,56.534,57.552,295569,0
2016-11-10,57.639,57.806,55.186,57.082,397273,0
2016-11-11,57.111,59.085,56.887,58.392,371036,0
2016-11-14,58.284,59.349,57.405,59.173,230545,0
2016-11-15,59.349,60.189,58.929,60.16,237752,0
2016-11-16,60.16,60.521,59.134,59.711,318148,0
2016-11-17,59.701,60.102,58.929,59.358,222025,0
2016-11-18,59.378,59.994,59.231,59.534,265778,0
2016-11-21,59.848,60.052,59.417,59.994,234166,0
2016-11-22,60.209,61.156,59.994,61.137,153693,0
2016-11-23,60.444,61.313,60.062,60.678,244899,0
2016-11-25,60.825,61.499,60.825,61.499,78175,0
2016-11-28,61.713,63.091,61.342,62.534,272761,0
2016-11-29,62.426,62.901,61.811,62.289,240618,0
2016-11-30,61.489,61.733,60.394,60.404,277445,0
2016-12-01,59.915,60.628,59.574,59.915,285261,0
2016-12-02,60.541,61.235,59.788,60.267,216629,0
2016-12-05,60.15,60.775,59.745,60.765,193611,0
2016-12-06,61.009,61.411,60.468,61.156,248559,0
2016-12-07,61.283,61.919,61.205,61.84,182353,0
2016-12-08,61.469,62.827,61.069,62.74,284522,0
2016-12-09,62.925,63.697,62.52,63.697,345757,0
2016-12-12,63.14,64.478,63.14,64.254,235907,0
2016-12-13,64.488,64.869,63.961,64.713,304892,0
2016-12-14,64.869,65.387,62.525,62.613,297585,0
2016-12-15,62.573,63.15,62.172,63.004,283102,0
2016-12-16,63.247,63.961,62.501,62.925,1069735,0
2016-12-19,63.081,63.081,62.027,62.398,418998,0
2016-12-20,62.534,63.521,62.055,62.877,349039,0
2016-12-21,62.916,63.272,62.124,62.124,244930,0
2016-12-22,61.987,62.573,61.655,61.84,296524,0
2016-12-23,62.114,62.407,61.83,62.369,345569,0
2016-12-27,62.045,62.867,62.045,62.651,128217,0
2016-12-28,62.779,62.779,61.713,61.86,144936,0
2016-12-29,62.212,62.896,61.969,62.837,148252,0
2016-12-30,62.847,63.434,62.192,62.72,228427,0
2017-01-03,62.827,63.247,62.036,62.202,173095,0
2017-01-04,62.486,62.984,62.281,62.73,233336,0
2017-01-05,62.837,62.867,62.129,62.329,148255,0
2017-01-06,62.163,62.456,61.933,62.182,295831,0
2017-01-09,62.339,62.375,60.688,60.892,202434,0
2017-01-10,60.854,61.225,60.229,60.882,321526,0
2017-01-11,60.912,61.83,60.854,61.723,239677,0
2017-01-12,61.693,61.733,61.009,61.479,243036,0
2017-01-13,61.372,61.811,60.942,61.245,272219,0
2017-01-17,61.557,62.144,61.362,61.616,134283,0
2017-01-18,61.401,61.919,61.313,61.89,164685,0
2017-01-19,61.646,61.773,60.991,61.146,133634,0
2017-01-20,61.049,61.713,61.049,61.283,190238,0
2017-01-23,61.43,61.581,60.619,60.755,113964,0
2017-01-24,60.708,61.576,60.708,61.489,212964,0
2017-01-25,61.802,63.257,60.662,62.887,453164,0
2017-01-26,62.984,63.608,62.534,63.198,216060,0
2017-01-27,63.511,63.618,62.769,62.984,133628,0
2017-01-30,63.071,63.071,62.095,62.896,265090,0
2017-01-31,62.984,63.98,62.496,63.853,254826,0
2017-02-01,63.638,63.844,62.798,63.121,276724,0
2017-02-02,63.424,63.785,62.755,63.755,169987,0
2017-02-03,63.912,64.371,63.551,64.361,197260,0
2017-02-06,64.762,64.762,63.834,64.244,168922,0
2017-02-07,64.244,64.401,63.844,64.029,152543,0
2017-02-08,64.224,64.722,63.755,64.303,174817,0
2017-02-09,64.117,64.976,63.98,64.137,153948,0
2017-02-10,64.234,64.752,63.765,64.391,162961,0
2017-02-13,64.632,64.632,64.208,64.406,189616,0
2017-02-14,64.406,64.406,63.687,64.15,196609,0
2017-02-15,64.918,64.986,63.692,64.73,208727,0
2017-02-16,64.662,65.381,64.642,65.252,181337,0
2017-02-17,65.528,65.656,64.81,65.598,273032,0
2017-02-21,65.528,66.11,65.134,66.061,301172,0
2017-02-22,66.1,66.208,65.317,65.509,259760,0
2017-02-23,65.913,66.1,65.194,65.765,442118,0
2017-02-24,65.794,66.247,65.598,66.129,573829,0
2017-02-27,66.021,66.208,65.755,66.139,269437,0
2017-02-28,65.873,66.508,65.873,66.208,263275,0
2017-03-01,65.726,66.779,65.312,66.189,292209,0
2017-03-02,66.051,66.681,65.942,66.08,199116,0
2017-03-03,66.149,66.405,65.4,66.327,341789,0
2017-03-06,66.199,66.425,65.834,66.149,252986,0
2017-03-07,65.962,66.346,65.794,65.834,295392,0
2017-03-08,65.282,65.46,64.218,64.228,191998,0
2017-03-09,64.258,64.72,63.598,63.627,356690,0
2017-03-10,63.883,64.248,63.745,64.11,238373,0
2017-03-13,64.051,64.346,63.716,64.346,201429,0
2017-03-14,64.268,64.612,64.09,64.406,173643,0
2017-03-15,64.711,66.208,64.583,65.903,283730,0
2017-03-16,66.041,66.109,65.39,65.666,197551,0
2017-03-17,65.528,66.593,65.528,66.375,636823,0
2017-03-20,66.613,66.613,64.996,65.489,166947,0
2017-03-21,65.519,66.405,65.243,66.1,183757,0
2017-03-22,66.208,66.751,65.893,66.415,220706,0
2017-03-23,66.238,66.937,65.765,66.494,156573,0
2017-03-24,66.356,67.154,66.218,66.907,154078,0
2017-03-27,66.779,67.331,66.322,67.135,221827,0
2017-03-28,66.987,67.361,66.691,67.341,153616,0
2017-03-29,67.203,67.213,66.494,66.741,280866,0
2017-03-30,66.859,66.859,65.903,66.475,184963,0
2017-03-31,66.631,67.193,66.189,66.701,272598,0
2017-04-03,66.701,66.701,65.814,66.139,187198,0
2017-04-04,66.07,66.967,65.987,66.769,191184,0
2017-04-05,66.701,67.381,66.613,66.997,388046,0
2017-04-06,66.829,67.528,66.435,67.42,173309,0
2017-04-07,67.42,67.952,67.341,67.676,267980,0
2017-04-10,67.715,68.12,67.115,67.922,296544,0
2017-04-11,67.794,68.543,67.479,68.336,424836,0
2017-04-12,68.376,68.415,67.622,68.287,282874,0
2017-04-13,68.238,68.296,67.725,67.794,268471,0
2017-04-17,67.952,68.424,67.834,68.336,226812,0
2017-04-18,68.395,68.838,68.168,68.474,320540,0
2017-04-19,68.474,68.75,67.873,67.972,265004,0
2017-04-20,67.972,68.208,67.292,68.12,183696,0
2017-04-21,68.267,69.489,68.267,69.331,296042,0
2017-04-24,69.745,70.976,69.251,69.794,169105,0
2017-04-25,69.804,69.961,69.469,69.705,181331,0
2017-04-26,69.863,70.267,69.449,70.05,306638,0
2017-04-27,70.139,70.691,69.696,69.725,214468,0
2017-04-28,69.764,69.764,68.77,68.868,208389,0
2017-05-01,69.124,69.124,67.844,68.149,266062,0
2017-05-02,68.346,68.562,67.814,68.1,199005,0
2017-05-03,68.12,68.12,67.331,67.519,207794,0
2017-05-04,67.135,68.248,67.053,68.178,269767,0
2017-05-05,68.592,68.976,68.474,68.75,170105,0
2017-05-08,68.908,69.272,68.602,68.77,258893,0
2017-05-09,68.592,68.937,68.218,68.366,207775,0
2017-05-10,68.504,68.932,68.08,68.356,179609,0
2017-05-11,68.46,68.857,67.978,68.857,168513,0
2017-05-12,68.867,69.125,68.718,68.857,129780,0
2017-05-15,69.115,69.373,68.892,68.976,133013,0
2017-05-16,68.956,69.046,67.904,67.914,233336,0
2017-05-17,67.815,68.649,67.626,68.271,231686,0
2017-05-18,68.49,68.897,67.666,68.668,226427,0
2017-05-19,68.51,69.165,68.113,68.758,164623,0
2017-05-22,68.867,69.969,68.123,69.81,146962,0
2017-05-23,70.038,70.575,69.721,70.386,181950,0
2017-05-24,70.614,71.865,70.614,71.478,360270,0
2017-05-25,71.528,72.53,71.379,72.461,166165,0
2017-05-26,72.431,72.987,72.312,72.62,296718,0
2017-05-30,72.57,72.689,72.123,72.183,125705,0
2017-05-31,72.371,72.927,72.044,72.858,237564,0
2017-06-01,72.917,73.056,72.401,73.047,238646,0
2017-06-02,73.593,74.009,73.205,73.573,263116,0
2017-06-05,73.563,73.801,72.649,72.719,181943,0
2017-06-06,72.719,73.017,72.352,72.63,226729,0
2017-06-07,72.471,73.543,72.113,73.503,366205,0
2017-06-08,73.295,73.344,72.232,73.285,279265,0
2017-06-09,73.037,73.771,72.52,73.732,249866,0
2017-06-12,73.751,74.049,72.59,72.908,271025,0
2017-06-13,72.937,72.937,72.133,72.342,388970,0
2017-06-14,72.689,73.364,72.327,72.719,165941,0
2017-06-15,72.421,73.022,72.421,72.927,164258,0
2017-06-16,72.054,72.898,71.835,72.491,856569,0
2017-06-19,72.729,73.056,72.302,72.649,435063,0
2017-06-20,72.57,73.037,72.53,72.659,282382,0
2017-06-21,72.788,72.992,72.342,72.54,205239,0
2017-06-22,72.838,73.195,72.63,72.709,158926,0
2017-06-23,72.669,73.255,72.62,72.838,354811,0
2017-06-26,73.146,73.475,72.54,73.116,176824,0
2017-06-27,72.709,72.903,71.955,72.084,153268,0
2017-06-28,72.401,72.729,71.955,72.074,245686,0
2017-06-29,71.825,71.895,71.083,71.716,208203,0
2017-06-30,71.756,72.193,71.121,71.16,237457,0
2017-07-03,71.438,71.677,71.101,71.121,79752,0
2017-07-05,71.339,71.642,70.197,70.495,235923,0
2017-07-06,70.227,70.833,70.038,70.684,171703,0
2017-07-07,70.823,71.428,70.649,70.743,222828,0
2017-07-10,70.644,71.15,69.721,69.8,211735,0
2017-07-11,69.909,70.078,69.284,69.87,251788,0
2017-07-12,70.475,70.589,69.741,69.79,332754,0
2017-07-13,69.81,69.929,69.389,69.512,213775,0
2017-07-14,69.8,70.168,69.562,69.78,197113,0
2017-07-17,69.82,70.108,69.393,70.048,163913,0
2017-07-18,69.959,70.277,69.785,70.168,135283,0
2017-07-19,70.217,70.912,70.207,70.912,125367,0
2017-07-20,71.081,72.272,70.803,72.223,202586,0
2017-07-21,72.679,72.997,71.984,72.917,253349,0
2017-07-24,72.957,73.225,71.577,71.816,135619,0
2017-07-25,71.855,72.004,71.369,71.468,263180,0
2017-07-26,71.478,72.014,71.175,71.766,156306,0
2017-07-27,71.786,72.57,71.736,72.133,125046,0
2017-07-28,72.143,72.272,71.468,72.044,189667,0
2017-07-31,72.133,72.937,71.786,72.739,247722,0
2017-08-01,72.798,73.761,72.679,73.473,362135,0
2017-08-02,74.575,74.575,72.6,73.215,213876,0
2017-08-03,72.352,73.315,71.875,73.086,254896,0
2017-08-04,72.947,73.533,72.689,73.444,189825,0
2017-08-07,73.454,73.851,72.833,73.692,172848,0
2017-08-08,73.602,74.625,73.503,74.327,211310,0
2017-08-09,74.466,74.466,73.732,73.811,205526,0
2017-08-10,73.632,74.258,73.568,73.94,186899,0
2017-08-11,73.99,74.09,73.08,73.3,170355,0
2017-08-14,73.5,74.26,73.31,74.22,165348,0
2017-08-15,73.75,74.36,72.865,73.99,173137,0
2017-08-16,74.2,74.74,73.61,74.73,155710,0
2017-08-17,74.72,74.89,74.46,74.49,234034,0
2017-08-18,74.03,75.26,74.0,75.07,209981,0
2017-08-21,75.07,75.62,74.7,75.45,258221,0
2017-08-22,75.49,76.39,75.15,76.39,239679,0
2017-08-23,76.24,76.59,75.92,76.48,155802,0
2017-08-24,76.55,76.89,76.28,76.73,114862,0
2017-08-25,76.91,77.02,76.475,76.81,89499,0
2017-08-28,76.94,77.3,76.68,77.04,143622,0
2017-08-29,77.05,77.31,76.74,77.05,153604,0
2017-08-30,77.0,77.39,76.89,77.03,168692,0
2017-08-31,77.23,77.44,76.85,77.33,228287,0
2017-09-01,77.54,77.7299,77.18,77.52,121681,0
2017-09-05,77.5,78.06,77.5,77.83,214875,0
2017-09-06,78.0,78.12,77.31,77.63,165481,0
2017-09-07,77.78,78.7,77.45,78.65,165653,0
2017-09-08,78.55,79.27,77.62,79.14,138058,0
2017-09-11,79.14,79.61,78.98,79.14,295041,0
2017-09-12,79.11,79.11,77.42,77.75,183295,0
2017-09-13,77.88,77.92,77.29,77.56,302992,0
2017-09-14,77.7,78.21,77.0,78.2,149445,0
2017-09-15,78.41,78.52,77.79,78.41,405492,0
2017-09-18,78.35,78.35,77.24,77.65,164679,0
2017-09-19,77.74,78.21,77.34,77.68,190357,0
2017-09-20,77.79,77.88,77.01,77.29,191470,0
2017-09-21,77.3,77.795,77.03,77.15,187837,0
2017-09-22,77.57,77.57,76.88,76.91,175589,0
2017-09-25,76.84,77.81,76.55,77.56,168516,0
2017-09-26,77.56,77.86,77.12,77.42,182084,0
2017-09-27,77.1,77.86,76.6513,77.7,280452,0
2017-09-28,77.61,78.16,77.06,77.84,214407,0
2017-09-29,77.85,77.85,77.08,77.29,171527,0
2017-10-02,77.47,78.06,77.31,77.82,283245,0
2017-10-03,77.98,77.98,76.55,77.55,194501,0
2017-10-04,77.71,78.64,77.27,78.49,187292,0
2017-10-05,78.52,78.85,77.975,78.49,214906,0
2017-10-06,78.13,78.59,77.28,78.31,111753,0
2017-10-09,78.46,78.86,77.98,78.08,112105,0
2017-10-10,78.24,79.35,78.23,78.81,199623,0
2017-10-11,78.75,79.69,78.75,79.06,228250,0
2017-10-12,79.17,79.42,78.65,78.81,348328,0
2017-10-13,79.03,79.43,78.31,78.38,237681,0
2017-10-16,78.42,78.965,77.7,78.01,191740,0
2017-10-17,78.16,79.25,77.58,78.78,167449,0
2017-10-18,78.82,79.47,78.6,79.34,149909,0
2017-10-19,78.5,79.28,78.125,79.09,147897,0
2017-10-20,78.96,79.54,78.77,78.93,160731,0
2017-10-23,79.22,79.22,78.35,78.62,146959,0
2017-10-24,79.025,79.035,78.35,78.7,199127,0
2017-10-25,78.69,79.06,77.89,78.8,176267,0
2017-10-26,79.29,79.83,78.73,79.03,159977,0
2017-10-27,79.16,79.85,78.84,79.69,210149,0
2017-10-30,79.49,79.49,77.57,77.64,229164,0
2017-10-31,77.86,78.9,77.65,78.35,291158,0
2017-11-01,80.0,80.0,76.91,77.32,229554,0
2017-11-02,77.36,79.2,77.36,78.07,229382,0
2017-11-03,77.75,78.12,76.76,76.93,276504,0
2017-11-06,77.17,77.425,76.301,77.08,364594,0
2017-11-07,77.25,77.74,76.95,77.25,260035,0
2017-11-08,76.86,77.55,76.48,77.2,298400,0
2017-11-09,76.8,77.33,76.61,76.93,194767,0
2017-11-10,76.53,76.7,75.2,76.34,263345,0
