Date,Open,High,Low,Close,Volume,OpenInt
2014-01-02,57.06,57.37,56.43,56.96,437600,0
2014-01-03,57.02,57.53,56.615,57.17,331336,0
2014-01-06,57.75,61.09,57.5,59.9,2293550,0
2014-01-07,60.67,62.44,60.5,61.36,2170400,0
2014-01-08,61.41,61.75,60.51,60.73,970900,0
2014-01-09,60.76,61.08,59.45,60.34,725400,0
2014-01-10,60.43,61.44,59.87,60.71,568400,0
2014-01-13,61.18,61.19,58.17,58.69,938600,0
2014-01-14,58.67,60.42,57.03,60.4,996150,0
2014-01-15,60.64,62.43,60.59,62.23,1431300,0
2014-01-16,62.02,63.48,61.78,62.12,1076764,0
2014-01-17,63.92,64.93,62.96,63.95,1751500,0
2014-01-21,65.08,65.1,62.28,62.67,1722000,0
2014-01-22,62.41,63.58,61.97,63.2,1205800,0
2014-01-23,63.12,63.42,62.21,63.4,10838750,0
2014-01-24,62.85,63.1,58.13,58.88,2789100,0
2014-01-27,58.87,58.88,53.76,55.43,3022500,0
2014-01-28,55.65,57.75,55.54,57.47,1839900,0
2014-01-29,57.18,58.14,56.14,57.74,1521300,0
2014-01-30,58.74,59.81,58.16,58.49,1909020,0
2014-01-31,57.28,59.74,55.75,59.42,2423000,0
2014-02-03,59.08,59.72,54.47,54.96,1908187,0
2014-02-04,55.02,55.49,54.11,55.23,1485073,0
2014-02-05,54.74,55.51,54.04,54.67,930899,0
2014-02-06,54.99,55.64,53.89,54.01,1220330,0
2014-02-07,54.36,55.07,54.13,55.01,1387885,0
2014-02-10,55.1,55.59,54.57,54.99,823201,0
2014-02-11,55.52,56.1,54.71,55.19,949357,0
2014-02-12,55.1,55.635,54.6,54.91,574778,0
2014-02-13,54.38,55.17,54.05,54.66,852000,0
2014-02-14,54.6,55.21,54.35,54.58,740440,0
2014-02-18,54.57,55.66,54.49,55.32,930501,0
2014-02-19,54.7,55.13,53.56,53.8,998517,0
2014-02-20,53.65,54.04,52.09,53.52,1385419,0
2014-02-21,54.0,54.09,52.9,52.98,1144707,0
2014-02-24,53.87,54.58,53.14,54.31,950860,0
2014-02-25,54.1,54.35,53.25,53.46,903383,0
2014-02-26,53.33,54.15,52.79,53.15,1154311,0
2014-02-27,52.74,53.4,52.74,52.93,750892,0
2014-02-28,53.02,53.49,51.73,52.33,826993,0
2014-03-03,53.29,53.29,51.76,52.3,895736,0
2014-03-04,53.04,55.58,52.94,55.125,1479242,0
2014-03-05,55.16,55.638,53.99,54.07,844822,0
2014-03-06,54.28,55.23,54.27,54.75,897542,0
2014-03-07,55.01,55.32,53.91,55.28,892012,0
2014-03-10,55.25,55.96,54.88,55.6,897712,0
2014-03-11,55.62,55.9,54.02,54.28,727516,0
2014-03-12,53.69,54.62,53.085,54.32,462378,0
2014-03-13,54.67,54.74,51.77,52.38,757760,0
2014-03-14,52.25,53.12,51.77,52.74,470023,0
2014-03-17,53.0,53.78,52.89,53.45,470818,0
2014-03-18,53.58,55.04,53.51,54.78,689747,0
2014-03-19,55.13,55.312,53.61,54.16,674207,0
2014-03-20,54.12,54.79,53.39,54.72,573629,0
2014-03-21,54.83,54.97,52.96,53.92,1361054,0
2014-03-24,54.0,54.0,52.07,52.75,706359,0
2014-03-25,53.46,54.3,52.35,52.91,584572,0
2014-03-26,53.39,54.05,52.03,52.07,722100,0
2014-03-27,52.12,53.66,50.9,51.43,1077941,0
2014-03-28,51.57,52.22,50.61,50.73,610152,0
2014-03-31,51.23,52.08,50.37,51.79,750601,0
2014-04-01,51.458,53.73,51.458,53.59,1043470,0
2014-04-02,53.66,54.75,52.18,54.24,744236,0
2014-04-03,54.18,54.3,52.72,53.59,569604,0
2014-04-04,57.06,57.5,53.97,54.81,2606643,0
2014-04-07,55.4,55.59,52.5,52.94,1504560,0
2014-04-08,52.87,53.723,52.041,52.35,951169,0
2014-04-09,52.5,54.25,52.26,54.16,796916,0
2014-04-10,53.97,54.15,50.39,50.61,759223,0
2014-04-11,50.03,50.44,48.75,49.39,1119949,0
2014-04-14,49.56,50.24,48.46,49.15,684158,0
2014-04-15,49.31,51.12,49.01,51.05,1207484,0
2014-04-16,51.37,52.67,51.13,51.68,776270,0
2014-04-17,51.44,53.61,50.81,53.4,952992,0
2014-04-21,53.48,53.8,52.12,52.25,1170511,0
2014-04-22,52.11,53.38,51.78,52.06,755550,0
2014-04-23,51.91,52.94,51.91,52.45,1261010,0
2014-04-24,52.8,52.8,48.56,50.8,2835539,0
2014-04-25,50.41,50.74,49.79,50.0,1352749,0
2014-04-28,50.0,50.75,48.13,49.17,1018356,0
2014-04-29,49.56,50.47,49.19,50.06,1038357,0
2014-04-30,49.81,50.77,49.48,50.39,1070574,0
2014-05-01,50.35,51.83,49.61,51.0,1160565,0
2014-05-02,50.5,51.59,50.35,50.43,620913,0
2014-05-05,49.88,50.59,49.22,50.33,655674,0
2014-05-06,49.99,50.95,48.91,49.03,847329,0
2014-05-07,49.05,49.05,47.22,48.19,1444299,0
2014-05-08,48.18,49.53,47.221,48.04,925166,0
2014-05-09,47.6,49.46,47.52,49.45,648835,0
2014-05-12,49.71,51.52,49.22,51.3,872404,0
2014-05-13,51.08,51.648,50.73,51.01,695490,0
2014-05-14,50.71,51.16,49.93,50.09,715329,0
2014-05-15,49.65,50.0,48.88,49.69,538232,0
2014-05-16,49.73,50.36,49.07,50.35,559933,0
2014-05-19,50.0,51.16,49.8,50.79,804198,0
2014-05-20,50.63,50.63,49.52,50.04,978614,0
2014-05-21,50.14,52.986,49.75,52.71,1316208,0
2014-05-22,52.55,53.25,51.99,52.72,778497,0
2014-05-23,52.71,54.35,52.32,54.13,875832,0
2014-05-27,54.72,54.99,53.55,53.69,956032,0
2014-05-28,53.5,54.14,52.55,53.18,1004374,0
2014-05-29,53.6,55.42,52.85,55.12,1456714,0
2014-05-30,54.99,55.329,53.765,54.61,1290553,0
2014-06-02,54.75,55.235,54.23,55.01,823319,0
2014-06-03,54.25,55.44,53.87,53.89,1183859,0
2014-06-04,53.2,53.64,52.89,53.37,1127954,0
2014-06-05,53.46,54.1,52.67,53.56,614817,0
2014-06-06,53.88,53.88,52.94,53.37,804004,0
2014-06-09,53.19,53.77,52.83,53.15,703902,0
2014-06-10,53.13,53.47,52.07,52.47,644700,0
2014-06-11,51.81,52.707,51.55,51.6,648093,0
2014-06-12,51.65,51.86,50.67,50.81,826663,0
2014-06-13,50.84,51.08,50.31,50.78,728234,0
2014-06-16,50.69,51.19,50.37,50.95,745131,0
2014-06-17,50.75,51.99,50.558,51.055,595450,0
2014-06-18,51.01,51.92,50.8,51.83,562942,0
2014-06-19,52.13,52.18,51.71,52.16,628920,0
2014-06-20,52.52,52.65,52.08,52.39,1222501,0
2014-06-23,52.25,52.74,52.06,52.51,925904,0
2014-06-24,52.53,53.11,52.15,52.74,1378562,0
2014-06-25,52.43,54.13,52.2,54.05,1096219,0
2014-06-26,55.18,55.18,54.08,55.13,1458826,0
2014-06-27,54.81,56.63,54.78,56.32,10715610,0
2014-06-30,56.4,56.75,55.76,56.04,1353066,0
2014-07-01,56.33,57.63,56.165,57.36,1213632,0
2014-07-02,57.36,57.79,56.57,56.79,872900,0
2014-07-03,56.91,57.19,56.42,57.14,749597,0
2014-07-07,56.97,57.23,55.99,56.12,678461,0
2014-07-08,56.05,56.05,54.5,55.11,979110,0
2014-07-09,55.37,55.63,54.85,55.06,558929,0
2014-07-10,54.23,55.16,54.01,54.46,881226,0
2014-07-11,54.57,54.8,53.46,54.09,779923,0
2014-07-14,54.72,54.74,54.1,54.31,390955,0
2014-07-15,54.27,54.44,53.06,53.91,524510,0
2014-07-16,54.35,54.45,53.5,53.92,590735,0
2014-07-17,53.6,54.13,52.17,52.26,836551,0
2014-07-18,52.3,52.61,51.86,52.57,1705169,0
2014-07-21,52.15,52.37,51.29,51.62,1439173,0
2014-07-22,52.0,53.17,51.96,52.62,1070338,0
2014-07-23,52.79,53.24,52.51,53.12,705354,0
2014-07-24,53.27,53.52,52.94,53.23,1025329,0
2014-07-25,55.77,56.91,55.0,56.36,1804134,0
2014-07-28,56.2,56.58,54.68,54.72,1156359,0
2014-07-29,54.66,55.09,54.03,54.72,795198,0
2014-07-30,54.79,55.88,54.75,55.54,862856,0
2014-07-31,55.11,55.54,54.21,54.21,749031,0
2014-08-01,54.05,54.14,53.19,53.42,871739,0
2014-08-04,53.5,54.0,53.2,53.96,511647,0
2014-08-05,53.71,54.54,53.59,54.14,609139,0
2014-08-06,53.85,55.08,53.715,54.26,689307,0
2014-08-07,54.51,54.74,53.48,53.54,550094,0
2014-08-08,53.73,54.28,53.1,54.11,571435,0
2014-08-11,54.44,54.47,53.67,54.27,419228,0
2014-08-12,53.99,54.38,53.42,53.76,423365,0
2014-08-13,53.99,54.83,53.81,54.75,433076,0
2014-08-14,54.66,54.97,54.21,54.71,332213,0
2014-08-15,55.0,55.07,53.75,54.35,420936,0
2014-08-18,54.9,55.02,54.59,54.95,408749,0
2014-08-19,54.81,55.31,54.72,55.14,414133,0
2014-08-20,54.82,55.35,54.68,55.09,272586,0
2014-08-21,55.1,55.14,54.25,54.485,353795,0
2014-08-22,54.33,54.66,53.5,54.29,679908,0
2014-08-25,54.73,55.44,54.28,55.22,497115,0
2014-08-26,55.49,56.89,55.01,56.61,780608,0
2014-08-27,56.58,56.58,55.29,55.5,450240,0
2014-08-28,55.22,55.22,54.72,54.79,308951,0
2014-08-29,54.85,54.85,54.13,54.46,430971,0
2014-09-02,54.46,55.56,54.19,55.53,597302,0
2014-09-03,55.54,55.54,54.82,55.29,543484,0
2014-09-04,55.5,55.81,54.92,55.305,449203,0
2014-09-05,55.23,55.66,54.78,55.31,405385,0
2014-09-08,55.31,55.62,55.01,55.58,570964,0
2014-09-09,55.57,55.91,54.8,54.9,990792,0
2014-09-10,54.82,55.54,54.82,55.32,498466,0
2014-09-11,55.13,55.58,55.02,55.55,456958,0
2014-09-12,55.33,55.71,54.76,54.9,384244,0
2014-09-15,54.91,55.17,53.61,53.78,383470,0
2014-09-16,54.11,54.27,53.04,54.17,855795,0
2014-09-17,54.174,54.44,53.5,53.895,312302,0
2014-09-18,54.09,54.77,53.79,54.37,321206,0
2014-09-19,54.48,54.97,54.37,54.88,844324,0
2014-09-22,54.6,54.97,53.88,53.935,515547,0
2014-09-23,53.64,53.92,52.91,52.93,320595,0
2014-09-24,53.04,53.87,52.7,53.8,606271,0
2014-09-25,53.59,53.91,52.76,52.83,462450,0
2014-09-26,52.97,53.42,52.46,53.185,784138,0
2014-09-29,52.52,53.428,52.52,53.12,561458,0
2014-09-30,53.23,53.51,51.66,51.68,839075,0
2014-10-01,51.81,51.863,50.0,50.07,1216012,0
2014-10-02,49.94,50.11,47.61,48.8,2388494,0
2014-10-03,48.95,49.053,48.02,48.49,1741518,0
2014-10-06,48.92,48.93,47.83,47.86,1292677,0
2014-10-07,47.64,47.86,47.02,47.025,1019562,0
2014-10-08,46.83,47.87,46.5,47.79,816587,0
2014-10-09,47.58,47.77,46.61,46.63,917934,0
2014-10-10,46.56,47.02,45.19,45.215,1003061,0
2014-10-13,45.11,46.96,44.76,44.955,884141,0
2014-10-14,45.21,45.87,44.16,44.37,1132215,0
2014-10-15,43.68,44.95,43.27,44.56,967711,0
2014-10-16,44.12,45.43,44.026,45.16,992596,0
2014-10-17,45.8,46.03,45.12,45.38,649651,0
2014-10-20,48.32,48.48,46.82,47.59,926749,0
2014-10-21,47.87,48.9,47.87,48.8,916254,0
2014-10-22,48.972,49.021,47.94,47.98,629297,0
2014-10-23,48.6,49.61,48.29,49.04,915073,0
2014-10-24,51.44,53.23,50.56,51.5,2244299,0
2014-10-27,51.02,51.47,50.79,51.32,700528,0
2014-10-28,51.45,52.83,50.941,52.21,661579,0
2014-10-29,52.1,52.45,51.65,52.18,568734,0
2014-10-30,51.9,52.308,51.27,51.95,487349,0
2014-10-31,52.49,52.88,52.06,52.62,577483,0
2014-11-03,52.77,53.05,51.79,51.81,674058,0
2014-11-04,51.95,52.42,51.76,52.23,506764,0
2014-11-05,52.57,52.98,51.71,51.84,351725,0
2014-11-06,51.81,52.7,51.64,52.63,412152,0
2014-11-07,52.77,52.8,52.14,52.39,610986,0
2014-11-10,52.63,53.21,52.01,52.37,585786,0
2014-11-11,52.28,53.6,52.01,53.57,534492,0
2014-11-12,53.11,54.91,53.11,54.86,919959,0
2014-11-13,54.81,54.95,54.27,54.71,1041953,0
2014-11-14,54.62,54.92,54.08,54.27,319664,0
2014-11-17,54.37,54.905,54.07,54.25,402744,0
2014-11-18,54.23,55.11,54.11,54.76,395707,0
2014-11-19,54.58,54.58,53.89,54.415,374577,0
2014-11-20,54.075,55.13,53.66,55.125,423031,0
2014-11-21,55.66,56.005,55.18,55.66,580177,0
2014-11-24,55.64,57.02,55.55,56.98,593855,0
2014-11-25,57.54,57.71,56.58,57.3,1038360,0
2014-11-26,56.95,57.38,56.855,57.34,867551,0
2014-11-28,57.34,57.58,56.76,56.9,646597,0
2014-12-01,56.74,56.81,55.84,55.85,647074,0
2014-12-02,56.31,57.13,55.76,57.0,504993,0
2014-12-03,57.39,57.39,55.96,56.32,938280,0
2014-12-04,56.39,56.74,56.0,56.33,665040,0
2014-12-05,56.3,56.87,56.11,56.79,468177,0
2014-12-08,56.6,57.35,56.6,56.84,620231,0
2014-12-09,56.0,57.72,55.56,57.63,532499,0
2014-12-10,57.52,57.7,56.51,56.57,692803,0
2014-12-11,57.28,57.67,56.44,56.46,461073,0
2014-12-12,55.9,56.75,55.58,55.73,452094,0
2014-12-15,56.07,56.11,54.99,55.41,539151,0
2014-12-16,55.69,56.13,54.87,55.08,423395,0
2014-12-17,54.84,55.57,54.01,55.45,640285,0
2014-12-18,56.48,56.64,55.55,56.1,494833,0
2014-12-19,56.27,57.21,55.89,56.83,736378,0
2014-12-22,56.74,57.33,56.21,56.88,302425,0
2014-12-23,57.32,57.348,55.8,56.84,322107,0
2014-12-24,56.91,57.64,56.89,57.01,142005,0
2014-12-26,57.33,57.52,56.49,56.66,146553,0
2014-12-29,56.57,57.04,56.29,56.33,272467,0
2014-12-30,56.3,56.85,56.175,56.36,163941,0
2014-12-31,56.42,57.36,55.85,55.91,222416,0
2015-01-02,57.24,58.38,55.78,56.2,797073,0
2015-01-05,55.89,57.52,55.642,56.99,593605,0
2015-01-06,57.33,57.94,56.79,57.45,825658,0
2015-01-07,57.97,59.75,57.45,59.57,1053500,0
2015-01-08,60.0,61.67,59.74,61.44,1289401,0
2015-01-09,61.67,62.82,61.5,62.58,1549352,0
2015-01-12,62.76,63.3,62.67,63.17,1097974,0
2015-01-13,63.59,64.75,62.0,62.65,1155553,0
2015-01-14,61.42,62.51,60.63,61.06,853360,0
2015-01-15,61.39,61.94,59.5,59.63,599544,0
2015-01-16,59.19,59.2,56.01,56.92,1869833,0
2015-01-20,57.09,57.22,55.45,56.24,1637224,0
2015-01-21,56.24,57.05,55.665,55.9,904763,0
2015-01-22,56.41,58.11,55.96,58.01,987588,0
2015-01-23,58.03,58.16,57.01,57.46,747305,0
2015-01-26,57.52,58.34,56.66,58.2,726076,0
2015-01-27,57.56,58.88,57.08,58.75,662446,0
2015-01-28,59.42,60.17,58.46,58.57,1220973,0
2015-01-29,58.05,58.78,56.64,58.67,1471985,0
2015-01-30,52.79,55.15,51.77,53.05,5115461,0
2015-02-02,52.96,55.3,52.02,55.18,1932386,0
2015-02-03,55.22,55.98,54.05,54.68,1220826,0
2015-02-04,54.26,55.307,53.99,54.3,808639,0
2015-02-05,54.64,55.3,54.25,55.0,717062,0
2015-02-06,54.96,55.49,54.34,54.63,493502,0
2015-02-09,54.23,55.08,54.007,55.02,742765,0
2015-02-10,54.65,55.8,54.29,55.74,794671,0
2015-02-11,55.7,56.15,55.26,55.8,630571,0
2015-02-12,56.36,57.36,55.82,57.24,814241,0
2015-02-13,57.05,57.32,56.72,56.9,704716,0
2015-02-17,56.62,58.16,56.4,57.63,776046,0
2015-02-18,57.65,57.665,55.85,56.54,1021890,0
2015-02-19,56.57,57.095,56.09,56.81,657628,0
2015-02-20,56.76,57.25,56.4,56.81,569113,0
2015-02-23,56.37,56.77,56.08,56.535,649967,0
2015-02-24,56.55,56.82,56.18,56.56,560995,0
2015-02-25,56.78,57.14,55.99,56.16,493761,0
2015-02-26,55.63,56.64,55.63,56.43,877168,0
2015-02-27,56.34,57.53,55.856,57.35,592072,0
2015-03-02,58.15,58.15,57.16,57.76,430100,0
2015-03-03,57.75,57.87,56.78,56.97,442500,0
2015-03-04,57.0,57.32,56.6,57.15,456600,0
2015-03-05,57.35,58.13,56.93,57.89,453200,0
2015-03-06,57.77,58.16,56.76,57.09,576300,0
2015-03-09,57.03,57.29,56.23,56.49,615400,0
2015-03-10,56.44,57.42,56.35,56.86,833700,0
2015-03-11,56.84,57.68,56.52,56.93,625400,0
2015-03-12,57.0,57.21,56.34,57.02,519400,0
2015-03-13,56.58,57.22,55.4,55.98,621600,0
2015-03-16,56.11,56.67,55.91,56.34,813500,0
2015-03-17,56.0,56.42,55.4,56.19,1041000,0
2015-03-18,56.12,56.71,55.71,56.38,699700,0
2015-03-19,56.3,58.39,56.19,58.32,741000,0
2015-03-20,58.52,58.52,56.78,57.18,1688600,0
2015-03-23,57.09,57.16,56.3,56.33,617800,0
2015-03-24,56.44,56.61,55.36,55.48,669200,0
2015-03-25,55.42,56.13,54.65,54.69,681600,0
2015-03-26,54.49,54.92,53.15,54.58,775700,0
2015-03-27,54.19,54.65,52.14,54.04,1696200,0
2015-03-30,54.55,55.02,53.98,54.6,844400,0
2015-03-31,54.48,54.95,53.74,53.785,834898,0
2015-04-01,53.67,53.87,52.28,52.45,1177800,0
2015-04-02,52.29,53.3,52.29,52.75,1095900,0
2015-04-06,52.62,53.41,52.26,53.07,924500,0
2015-04-07,53.35,53.74,52.5,52.55,986171,0
2015-04-08,53.0,53.16,51.65,52.72,2163500,0
2015-04-09,53.0,53.0,52.27,52.72,921296,0
2015-04-10,53.0,54.68,52.95,54.29,1917200,0
2015-04-13,54.11,54.86,53.8,53.82,828200,0
2015-04-14,54.34,54.34,53.01,53.15,457900,0
2015-04-15,53.04,53.57,52.75,52.86,721741,0
2015-04-16,52.9,53.26,52.29,52.77,602835,0
2015-04-17,52.43,53.44,52.29,53.38,762600,0
2015-04-20,53.57,54.27,53.37,54.205,597900,0
2015-04-21,58.09,58.09,55.99,56.15,1637495,0
2015-04-22,56.18,56.26,55.41,55.94,955165,0
2015-04-23,55.9,56.72,55.5,56.01,1419500,0
2015-04-24,60.93,61.24,58.88,59.18,3776279,0
2015-04-27,59.64,59.89,58.37,58.59,1177200,0
2015-04-28,58.44,59.56,57.72,59.45,1110250,0
2015-04-29,59.32,60.74,59.06,60.18,1431900,0
2015-04-30,59.81,60.13,58.76,58.84,1239100,0
2015-05-01,58.74,59.76,58.55,59.18,1084400,0
2015-05-04,59.34,60.61,59.11,60.35,652300,0
2015-05-05,60.37,60.45,58.77,59.51,860400,0
2015-05-06,59.48,59.58,58.64,58.91,721020,0
2015-05-07,58.66,59.35,58.66,58.87,483357,0
2015-05-08,59.42,60.4,59.23,59.71,468600,0
2015-05-11,59.49,59.91,59.23,59.35,351400,0
2015-05-12,58.66,59.13,57.89,58.64,490082,0
2015-05-13,58.86,59.12,58.295,58.75,525316,0
2015-05-14,59.02,59.69,58.55,59.31,439900,0
2015-05-15,59.31,59.58,59.11,59.28,279623,0
2015-05-18,59.25,60.0,59.06,59.86,490636,0
2015-05-19,59.86,60.01,59.06,59.24,566157,0
2015-05-20,59.35,59.79,59.06,59.22,336340,0
2015-05-21,59.01,59.69,58.82,59.38,418800,0
2015-05-22,59.2,59.96,58.78,59.29,320100,0
2015-05-26,59.08,59.64,58.8,59.27,459530,0
2015-05-27,59.21,59.78,58.9,59.7,327700,0
2015-05-28,59.5,61.33,59.31,61.18,1060084,0
2015-05-29,61.21,61.42,60.42,60.67,644200,0
2015-06-01,61.08,62.72,61.08,61.74,844212,0
2015-06-02,61.39,62.41,61.1,62.37,792758,0
2015-06-03,62.74,63.93,62.4,63.4,1235000,0
2015-06-04,63.11,63.36,62.39,62.79,1308700,0
2015-06-05,62.73,62.98,61.81,62.91,478400,0
2015-06-08,63.05,63.23,61.72,61.99,344800,0
2015-06-09,62.11,62.36,61.32,61.58,251557,0
2015-06-10,61.92,62.65,61.04,62.52,286864,0
2015-06-11,62.44,63.05,62.2,62.96,406645,0
2015-06-12,62.83,63.37,62.39,63.02,678600,0
2015-06-15,62.66,63.4,61.76,63.22,643600,0
2015-06-16,63.04,64.31,62.75,64.29,668600,0
2015-06-17,64.54,64.99,59.56,62.29,3297100,0
2015-06-18,62.29,63.48,62.0,62.15,784000,0
2015-06-19,62.4,63.48,62.21,63.24,991400,0
2015-06-22,63.71,63.71,62.8,63.31,497400,0
2015-06-23,63.31,63.6,62.52,62.98,664480,0
2015-06-24,62.95,63.17,60.93,61.12,959200,0
2015-06-25,61.25,62.17,61.17,61.57,790800,0
2015-06-26,61.88,62.66,61.69,62.63,734900,0
2015-06-29,62.26,62.74,61.53,61.65,863300,0
2015-06-30,62.34,63.11,61.65,62.71,843671,0
2015-07-01,63.18,63.75,62.62,63.22,785900,0
2015-07-02,63.37,64.0,62.8,63.29,1006100,0
2015-07-06,62.72,64.18,62.29,62.5,2088900,0
2015-07-07,62.79,63.66,61.78,63.5,640800,0
2015-07-08,63.24,63.71,62.1,62.74,747800,0
2015-07-09,63.36,63.37,62.01,62.2,568100,0
2015-07-10,62.84,63.15,62.26,62.94,573200,0
2015-07-13,63.06,63.82,62.68,63.61,471300,0
2015-07-14,63.53,64.51,63.53,64.31,424477,0
2015-07-15,64.5,65.04,63.965,64.63,812232,0
2015-07-16,65.05,65.58,64.71,65.37,561800,0
2015-07-17,65.46,65.63,64.72,64.93,607800,0
2015-07-20,65.08,66.46,64.95,66.04,647000,0
2015-07-21,66.45,66.45,64.74,65.16,848800,0
2015-07-22,64.83,65.53,64.73,65.23,728200,0
2015-07-23,65.74,66.53,65.17,65.59,1484200,0
2015-07-24,63.5,64.6,60.05,60.4,3805800,0
2015-07-27,59.59,60.98,58.86,60.98,1459600,0
2015-07-28,61.2,61.6,60.18,61.2,1102300,0
2015-07-29,61.48,62.7,60.73,62.6,1435600,0
2015-07-30,62.8,62.93,62.14,62.36,663800,0
2015-07-31,62.59,63.53,62.08,62.7,628800,0
2015-08-03,62.48,63.06,61.5,62.61,820235,0
2015-08-04,62.33,62.83,61.39,61.44,695500,0
2015-08-05,61.87,62.6,61.5,62.07,511600,0
2015-08-06,61.95,62.04,60.55,60.94,391119,0
2015-08-07,60.94,61.21,60.16,60.73,530000,0
2015-08-10,61.05,61.97,61.05,61.7,486900,0
2015-08-11,61.13,61.78,60.77,61.15,491871,0
2015-08-12,60.33,60.95,59.67,60.83,431300,0
2015-08-13,60.63,61.26,60.14,60.2,509800,0
2015-08-14,60.0,60.67,59.68,60.57,341400,0
2015-08-17,60.48,60.99,60.05,60.88,701000,0
2015-08-18,60.81,61.32,60.32,60.52,385300,0
2015-08-19,60.07,60.43,59.44,59.73,726200,0
2015-08-20,59.5,59.5,57.96,58.02,539500,0
2015-08-21,57.64,57.99,56.39,56.45,669700,0
2015-08-24,52.75,56.41,52.01,54.55,874233,0
2015-08-25,56.38,56.47,54.15,54.23,774900,0
2015-08-26,55.53,56.22,54.71,55.95,914100,0
2015-08-27,56.83,57.49,55.82,56.82,426700,0
2015-08-28,57.02,57.36,56.36,57.27,375000,0
2015-08-31,57.07,57.84,56.55,56.6,595600,0
2015-09-01,55.62,56.44,53.85,53.94,928700,0
2015-09-02,54.49,55.13,53.57,55.1,807300,0
2015-09-03,55.17,55.86,54.88,55.13,632900,0
2015-09-04,54.44,54.87,53.74,54.28,510000,0
2015-09-08,55.21,55.52,54.7,55.4,475100,0
2015-09-09,56.03,56.21,54.85,54.97,332900,0
2015-09-10,54.69,55.84,54.344,55.19,369748,0
2015-09-11,55.53,56.9,55.09,55.55,631200,0
2015-09-14,55.66,55.88,55.38,55.61,563100,0
2015-09-15,55.84,56.66,55.03,56.52,485400,0
2015-09-16,56.33,56.79,56.12,56.6,447200,0
2015-09-17,56.73,59.47,56.446,58.45,755721,0
2015-09-18,57.74,58.54,57.24,57.42,686100,0
2015-09-21,57.5,58.07,56.68,57.01,421400,0
2015-09-22,56.45,56.98,56.12,56.87,562000,0
2015-09-23,56.85,57.54,56.71,57.21,323800,0
2015-09-24,56.81,57.1,56.09,56.96,361553,0
2015-09-25,57.37,57.79,55.91,56.65,702500,0
2015-09-28,56.17,56.47,54.64,55.33,882301,0
2015-09-29,55.51,56.8,55.15,55.91,742600,0
2015-09-30,56.24,56.94,55.51,56.76,847200,0
2015-10-01,56.58,56.79,55.0,55.44,882400,0
2015-10-02,54.91,56.97,54.69,56.91,694100,0
2015-10-05,57.3,58.59,57.3,58.47,744825,0
2015-10-06,58.55,58.96,55.53,55.75,721500,0
2015-10-07,56.05,56.83,55.37,56.55,671503,0
2015-10-08,56.59,56.96,55.43,56.23,450200,0
2015-10-09,56.33,56.63,55.68,56.39,689300,0
2015-10-12,56.45,57.66,56.38,57.26,355604,0
2015-10-13,56.83,57.53,56.16,56.21,747400,0
2015-10-14,56.52,57.05,55.32,56.5,742800,0
2015-10-15,57.13,60.93,56.98,60.65,1555800,0
2015-10-16,60.83,61.42,59.84,60.65,653000,0
2015-10-19,60.47,61.73,60.325,61.1,769612,0
2015-10-20,61.28,62.0,60.72,61.98,821100,0
2015-10-21,62.44,62.44,60.74,61.59,700100,0
2015-10-22,61.76,61.9,60.35,60.78,2557600,0
2015-10-23,64.5,68.48,64.4,67.97,2609000,0
2015-10-26,67.0,68.43,66.18,68.27,1298000,0
2015-10-27,68.0,68.16,66.22,67.09,1255400,0
2015-10-28,67.12,67.12,65.39,66.3,1379500,0
2015-10-29,66.47,66.47,65.28,65.7,1193900,0
2015-10-30,65.39,65.97,64.56,65.46,924100,0
2015-11-02,65.76,67.08,65.15,66.37,891918,0
2015-11-03,66.2,66.96,65.61,66.93,464640,0
2015-11-04,67.18,67.31,65.98,66.53,339018,0
2015-11-05,66.6,66.8,65.78,66.39,322100,0
2015-11-06,66.16,67.19,65.94,67.17,334200,0
2015-11-09,66.93,67.98,66.57,67.08,496479,0
2015-11-10,66.66,67.11,64.69,66.1,1177200,0
2015-11-11,66.0,66.19,65.43,65.59,741800,0
2015-11-12,65.04,65.6,63.88,64.0,484800,0
2015-11-13,64.0,64.36,63.6,63.67,475500,0
2015-11-16,63.65,65.23,63.05,65.15,699200,0
2015-11-17,65.33,66.41,65.11,65.28,642800,0
2015-11-18,66.63,66.72,65.14,66.33,436400,0
2015-11-19,66.38,67.46,66.0,67.39,802100,0
2015-11-20,67.36,67.96,66.92,67.19,453800,0
2015-11-23,67.04,67.68,66.92,67.21,595400,0
2015-11-24,67.0,67.3,66.19,67.25,663500,0
2015-11-25,67.46,67.97,67.22,67.76,321500,0
2015-11-27,67.73,67.97,67.25,67.65,141200,0
2015-11-30,67.79,68.0,66.45,66.74,424800,0
2015-12-01,66.86,67.23,66.153,67.09,301852,0
2015-12-02,67.34,68.327,67.09,67.93,580560,0
2015-12-03,68.33,68.425,65.581,65.82,517928,0
2015-12-04,65.8,66.29,64.52,65.56,588800,0
2015-12-07,65.71,66.59,65.06,66.47,308600,0
2015-12-08,66.23,66.72,65.13,66.58,341935,0
2015-12-09,66.17,66.96,64.52,64.84,353800,0
2015-12-10,65.04,66.35,64.46,65.03,370700,0
2015-12-11,64.69,65.35,64.03,65.09,434900,0
2015-12-14,65.2,65.689,64.4,65.04,346586,0
2015-12-15,65.69,66.16,64.58,65.84,342500,0
2015-12-16,66.11,66.31,63.19,65.76,286800,0
2015-12-17,65.75,65.94,64.11,64.77,248400,0
2015-12-18,64.41,64.72,63.85,64.16,659600,0
2015-12-21,64.46,64.68,63.73,64.21,319800,0
2015-12-22,64.72,65.85,64.1,65.42,305405,0
2015-12-23,65.75,65.91,63.84,65.12,364500,0
2015-12-24,65.36,65.73,65.22,65.39,243521,0
2015-12-28,65.1,66.49,65.1,66.34,303458,0
2015-12-29,66.93,67.37,66.01,66.37,211955,0
2015-12-30,66.41,66.64,66.07,66.1,150377,0
2015-12-31,66.5,67.37,65.79,65.85,434130,0
2016-01-04,64.99,65.0,63.43,64.27,875422,0
2016-01-05,64.64,67.0,64.64,64.95,637463,0
2016-01-06,64.11,65.82,64.03,64.87,765945,0
2016-01-07,63.53,64.89,62.905,63.5,671015,0
2016-01-08,64.38,66.1,63.94,64.53,829198,0
2016-01-11,64.78,64.95,60.44,61.0,884991,0
2016-01-12,61.0,62.21,60.61,61.77,302942,0
2016-01-13,61.89,62.025,58.68,58.86,417331,0
2016-01-14,59.31,60.52,58.18,59.99,334441,0
2016-01-15,58.7,59.86,57.83,59.85,281387,0
2016-01-19,60.27,61.05,59.31,59.77,606100,0
2016-01-20,59.16,60.94,57.31,60.33,649356,0
2016-01-21,60.46,61.3476,59.88,60.73,334915,0
2016-01-22,61.18,61.46,59.86,60.95,616832,0
2016-01-25,60.81,61.33,60.17,60.39,276186,0
2016-01-26,60.47,62.34,59.94,62.21,266853,0
2016-01-27,62.4,62.94,61.21,61.41,294388,0
2016-01-28,61.58,62.2,58.43,59.51,1061445,0
2016-01-29,64.5,69.36,62.885,66.15,1921206,0
2016-02-01,66.11,68.03,65.58,67.55,875155,0
2016-02-02,65.65,67.75,65.57,67.54,675079,0
2016-02-03,67.76,68.0,65.25,67.17,443701,0
2016-02-04,67.01,67.99,66.59,67.38,266827,0
2016-02-05,67.1,67.34,65.02,65.87,437649,0
2016-02-08,65.0,65.0,57.51,58.65,1366289,0
2016-02-09,58.22,59.74,58.045,58.66,666910,0
2016-02-10,59.21,62.68,58.69,60.13,983187,0
2016-02-11,59.21,59.72,57.75,58.79,583233,0
2016-02-12,59.74,59.95,58.0,58.78,382898,0
2016-02-16,59.61,61.95,58.955,61.87,608255,0
2016-02-17,62.07,63.66,61.06,63.1,514473,0
2016-02-18,63.62,63.83,62.39,62.88,358407,0
2016-02-19,62.35,63.44,61.44,63.29,218264,0
2016-02-22,63.77,64.66,63.68,64.33,328314,0
2016-02-23,63.42,64.5,62.82,62.94,368050,0
2016-02-24,62.24,63.55,61.49,63.32,331017,0
2016-02-25,63.5,64.495,63.275,64.46,292945,0
2016-02-26,64.2,65.62,64.16,65.4,365753,0
2016-02-29,65.32,66.25,65.08,66.03,500998,0
2016-03-01,66.26,68.08,65.77,67.86,611407,0
2016-03-02,67.98,68.62,66.715,68.51,491944,0
2016-03-03,68.59,69.58,67.765,69.44,393100,0
2016-03-04,69.48,70.6,68.48,70.39,650326,0
2016-03-07,70.35,71.65,69.84,71.55,504621,0
2016-03-08,71.07,71.51,69.84,70.6,755372,0
2016-03-09,70.66,71.14,70.13,70.69,614297,0
2016-03-10,70.63,71.075,69.45,70.42,691860,0
2016-03-11,71.22,72.75,70.84,72.3,583866,0
2016-03-14,71.58,72.56,71.1229,72.21,487985,0
2016-03-15,71.97,72.74,70.82,71.04,616166,0
2016-03-16,70.6,72.83,70.41,72.64,702459,0
2016-03-17,68.67,69.24,66.79,68.47,3111127,0
2016-03-18,68.5,69.43,68.25,68.9,1293384,0
2016-03-21,69.22,69.88,68.46,68.8,892530,0
2016-03-22,68.71,69.88,68.44,69.82,673051,0
2016-03-23,69.91,70.4,69.51,69.78,689692,0
2016-03-24,69.6,70.35,68.81,70.23,597216,0
2016-03-28,70.34,70.68,69.7,70.35,696511,0
2016-03-29,70.06,72.63,69.71,72.47,815194,0
2016-03-30,72.53,73.43,71.94,72.01,537471,0
2016-03-31,72.0,73.55,71.9736,72.69,903764,0
2016-04-01,72.57,73.46,71.9,73.02,506348,0
2016-04-04,73.3,73.83,72.29,73.34,533444,0
2016-04-05,72.92,73.06,71.93,72.18,544202,0
2016-04-06,72.09,73.575,71.91,73.55,554196,0
2016-04-07,73.57,73.62,72.3,72.49,544764,0
2016-04-08,73.17,73.324,72.36,73.06,313997,0
2016-04-11,73.25,74.21,72.99,73.32,361277,0
2016-04-12,73.37,73.7,72.71,73.09,317899,0
2016-04-13,73.22,73.49,72.87,73.09,436886,0
2016-04-14,73.16,73.43,72.62,73.13,252732,0
2016-04-15,72.98,73.67,72.7511,73.47,417435,0
2016-04-18,73.45,74.03,73.13,73.63,490212,0
2016-04-19,74.07,74.13,72.71,72.9,396409,0
2016-04-20,73.42,74.03,72.48,73.55,792029,0
2016-04-21,73.73,74.196,73.04,73.3,368444,0
2016-04-22,73.3,73.88,72.94,73.87,619807,0
2016-04-25,73.79,74.52,73.54,74.28,376012,0
2016-04-26,74.73,75.17,74.05,74.7,501946,0
2016-04-27,74.04,74.99,73.65,74.78,329457,0
2016-04-28,74.42,75.74,73.41,73.7,768523,0
2016-04-29,75.05,75.69,70.03,72.19,1315572,0
2016-05-02,72.56,75.11,72.39,75.1,1225264,0
2016-05-03,74.1,75.41,73.97,74.9,1001507,0
2016-05-04,74.4,75.08,74.05,74.8,719126,0
2016-05-05,74.36,76.29,74.26,75.56,1149737,0
2016-05-06,75.05,75.63,73.85,74.7,883176,0
2016-05-09,74.48,76.516,74.48,75.58,760261,0
2016-05-10,76.3,77.09,75.99,76.56,641562,0
2016-05-11,77.09,77.185,76.01,76.33,537545,0
2016-05-12,76.4,77.185,75.14,75.72,472058,0
2016-05-13,75.47,76.8,75.47,76.08,396133,0
2016-05-16,76.4,77.6,76.36,77.0,485583,0
2016-05-17,77.13,77.32,75.76,75.96,550013,0
2016-05-18,75.9,77.11,75.52,76.03,887470,0
2016-05-19,75.62,77.09,74.92,75.97,572340,0
2016-05-20,76.48,78.25,76.14,77.43,669309,0
2016-05-23,77.7,78.28,77.19,77.38,865593,0
2016-05-24,78.04,78.94,77.54,78.78,726160,0
2016-05-25,78.83,79.46,78.29,79.0,787762,0
2016-05-26,79.02,79.1,78.06,78.74,534744,0
2016-05-27,78.59,79.58,78.285,79.18,548297,0
2016-05-31,79.18,79.79,78.72,78.83,654891,0
2016-06-01,78.92,79.66,78.45,79.22,594249,0
2016-06-02,79.02,79.64,79.0,79.63,663466,0
2016-06-03,79.6,79.6,78.275,78.4,761124,0
2016-06-06,78.41,79.02,77.91,78.7,596287,0
2016-06-07,78.84,79.299,78.35,78.84,458297,0
2016-06-08,78.97,79.58,78.4,79.37,410420,0
2016-06-09,79.1,79.78,78.9754,79.69,371222,0
2016-06-10,78.95,79.24,78.57,78.83,376785,0
2016-06-13,78.61,79.56,78.24,78.25,337921,0
2016-06-14,78.0,79.12,77.7,78.96,311960,0
2016-06-15,79.39,79.63,78.95,79.255,564546,0
2016-06-16,78.95,79.58,78.31,79.35,522125,0
2016-06-17,79.2,79.66,78.53,79.16,568802,0
2016-06-20,80.17,81.0,79.605,79.66,510193,0
2016-06-21,79.51,79.94,78.94,79.34,532652,0
2016-06-22,79.39,80.53,78.84,80.415,460458,0
2016-06-23,81.19,81.98,79.89,81.78,495723,0
2016-06-24,78.85,80.18,78.14,79.0,639103,0
2016-06-27,78.33,79.24,77.07,77.21,483051,0
2016-06-28,77.87,78.65,77.4001,78.62,534934,0
2016-06-29,79.35,79.99,78.955,79.85,494867,0
2016-06-30,79.91,80.56,79.37,80.55,549881,0
2016-07-01,80.74,82.57,80.31,82.54,553989,0
2016-07-05,82.55,82.63,80.3,80.87,360500,0
2016-07-06,80.71,81.9,80.5001,81.25,820682,0
2016-07-07,82.18,83.18,81.375,81.89,663377,0
2016-07-08,82.21,83.3,81.92,82.93,557022,0
2016-07-11,83.49,83.77,82.93,83.36,394629,0
2016-07-12,83.98,84.75,83.7724,84.38,583866,0
2016-07-13,84.37,84.795,82.895,83.06,521491,0
2016-07-14,83.65,83.92,82.96,83.25,367680,0
2016-07-15,83.35,83.96,82.0,82.42,478596,0
2016-07-18,82.4,82.98,82.4,82.87,358479,0
2016-07-19,83.2,83.35,82.74,82.98,394096,0
2016-07-20,83.59,83.91,83.34,83.41,499339,0
2016-07-21,83.68,84.115,82.31,82.72,490368,0
2016-07-22,83.0,84.6,82.6,84.59,431043,0
2016-07-25,84.63,84.67,83.77,84.17,305427,0
2016-07-26,84.15,85.66,84.15,85.61,381863,0
2016-07-27,85.57,85.77,84.561,85.15,300824,0
2016-07-28,85.36,86.2,84.4,85.28,955693,0
2016-07-29,85.25,89.58,85.2,89.15,1610677,0
2016-08-01,89.49,90.0972,88.65,89.69,444576,0
2016-08-02,89.32,90.61,89.26,90.37,651168,0
2016-08-03,90.52,92.04,90.02,91.95,867488,0
2016-08-04,91.98,92.4,90.68,91.72,989710,0
2016-08-05,92.0,92.61,91.42,91.81,742517,0
2016-08-08,92.21,92.4,91.47,91.8,687679,0
2016-08-09,91.98,93.27,91.87,93.16,552278,0
2016-08-10,93.47,93.9,93.12,93.37,621771,0
2016-08-11,93.38,95.05,93.37,94.63,483426,0
2016-08-12,94.84,95.78,94.56,95.65,785729,0
2016-08-15,95.62,96.13,94.86,96.0,559282,0
2016-08-16,95.83,95.93,94.63,94.71,224223,0
2016-08-17,94.82,95.0,92.3322,93.03,954176,0
2016-08-18,92.49,95.23,92.49,94.71,776791,0
2016-08-19,94.47,95.59,94.02,94.82,269297,0
2016-08-22,94.52,95.4,94.22,94.4,476553,0
2016-08-23,94.5,94.6,93.27,93.61,687883,0
2016-08-24,93.6,93.63,92.18,92.41,637186,0
2016-08-25,92.4,92.71,90.57,92.02,874902,0
2016-08-26,92.1,93.79,92.1,92.67,515114,0
2016-08-29,92.98,93.82,92.74,93.45,476047,0
2016-08-30,93.51,93.72,92.45,93.19,737127,0
2016-08-31,93.05,93.44,92.34,92.9,570123,0
2016-09-01,93.2,93.92,92.4,93.76,550948,0
2016-09-02,94.43,95.94,94.43,95.78,681221,0
2016-09-06,96.23,96.5681,94.39,95.27,481498,0
2016-09-07,95.38,96.48,95.38,96.29,703541,0
2016-09-08,96.25,96.9,95.2,95.39,338936,0
2016-09-09,94.57,95.437,91.51,91.79,796974,0
2016-09-12,91.57,93.35,91.02,93.12,831323,0
2016-09-13,92.61,93.6025,91.32,92.0,452855,0
2016-09-14,92.1,92.59,91.45,92.35,478900,0
2016-09-15,92.95,93.59,92.04,92.92,719084,0
2016-09-16,92.86,94.1,92.47,93.84,784924,0
2016-09-19,93.89,95.44,93.5,94.13,396697,0
2016-09-20,94.79,94.98,93.67,93.7,816736,0
2016-09-21,93.76,95.7,93.47,95.34,1195932,0
2016-09-22,95.98,96.23,95.46,95.67,1003893,0
2016-09-23,95.3,95.55,93.7266,94.13,331075,0
2016-09-26,94.07,94.13,92.86,93.1,392902,0
2016-09-27,93.49,94.6499,93.07,94.44,433215,0
2016-09-28,94.54,94.7,93.59,94.6,252356,0
2016-09-29,94.51,94.51,91.64,92.41,447357,0
2016-09-30,92.5,94.52,92.33,93.75,472386,0
2016-10-03,92.04,92.3015,88.2,90.21,1375786,0
2016-10-04,90.58,91.68,88.75,89.46,661752,0
2016-10-05,89.51,90.34,89.18,89.48,638264,0
2016-10-06,89.09,90.145,88.92,89.44,716476,0
2016-10-07,89.77,90.0,88.5,89.68,550464,0
2016-10-10,89.71,92.18,89.71,91.08,446088,0
2016-10-11,91.32,92.04,88.8,89.61,496925,0
2016-10-12,90.02,90.5629,89.11,90.26,417009,0
2016-10-13,89.96,91.44,89.47,90.95,547013,0
2016-10-14,91.05,91.82,90.57,90.88,533451,0
2016-10-17,90.72,91.2699,89.35,89.79,530326,0
2016-10-18,90.9,91.18,90.29,90.41,445515,0
2016-10-19,91.11,91.52,90.245,91.0,394318,0
2016-10-20,91.0,91.61,90.67,91.53,307794,0
2016-10-21,90.5,90.62,88.86,89.5,758862,0
2016-10-24,90.0,91.05,89.04,89.26,835693,0
2016-10-25,89.99,89.99,87.12,87.5,687346,0
2016-10-26,87.0,87.0,84.18,84.52,1151244,0
2016-10-27,84.9,84.9,83.2701,84.14,796482,0
2016-10-28,83.8,86.63,83.3,85.17,744493,0
2016-10-31,85.31,86.345,83.63,85.92,1377455,0
2016-11-01,85.86,86.73,83.77,84.56,1308617,0
2016-11-02,84.48,86.725,84.21,85.21,1150707,0
2016-11-03,85.71,87.01,85.42,86.08,585311,0
2016-11-04,86.09,86.535,85.56,85.73,719132,0
2016-11-07,87.14,88.69,86.38,87.86,1176825,0
2016-11-08,89.89,91.96,86.72,88.79,2220076,0
2016-11-09,87.77,91.38,87.19,90.88,1155904,0
2016-11-10,91.77,92.62,88.74,90.6,896525,0
2016-11-11,90.51,92.15,89.82,91.54,917514,0
2016-11-14,92.06,92.87,89.99,90.22,1109908,0
2016-11-15,90.52,94.56,90.52,93.95,1372965,0
2016-11-16,93.42,95.34,93.21,94.04,976585,0
2016-11-17,93.75,97.28,93.72,97.24,1280814,0
2016-11-18,97.73,98.62,94.8,94.84,909794,0
2016-11-21,94.75,97.102,94.25,96.18,842133,0
2016-11-22,95.0,95.11,93.19,94.46,1081354,0
2016-11-23,94.05,96.08,94.05,95.55,758856,0
2016-11-25,96.44,96.88,95.73,96.19,455039,0
2016-11-28,96.33,98.11,95.01,95.34,1017123,0
2016-11-29,95.95,96.225,94.94,95.51,1022831,0
2016-11-30,95.0,95.45,92.31,93.05,3587534,0
2016-12-01,93.12,93.68,91.46,92.54,1398606,0
2016-12-02,92.3,94.16,92.25,92.46,778776,0
2016-12-05,93.26,94.71,93.2101,94.01,859067,0
2016-12-06,94.65,96.37,92.74,96.25,923840,0
2016-12-07,98.17,98.21,95.25,98.14,1272338,0
2016-12-08,97.89,99.58,97.47,99.3,889204,0
2016-12-09,99.84,100.67,98.4298,98.62,1146075,0
2016-12-12,97.99,99.48,97.62,98.53,1019424,0
2016-12-13,99.69,100.495,97.94,99.15,690383,0
2016-12-14,99.05,99.93,98.0501,98.6,704677,0
2016-12-15,98.93,100.59,98.25,100.27,827244,0
2016-12-16,100.18,101.79,100.02,101.14,1208024,0
2016-12-19,101.56,102.1,100.09,100.25,723655,0
2016-12-20,100.13,100.8,99.05,99.39,592344,0
2016-12-21,99.76,99.76,98.351,98.65,487702,0
2016-12-22,98.93,99.16,97.99,98.21,556477,0
2016-12-23,98.39,98.69,97.91,98.5,410150,0
2016-12-27,98.71,99.45,98.59,98.66,380859,0
2016-12-28,98.6,99.24,96.5,96.8,490848,0
2016-12-29,97.09,97.59,96.55,96.96,442607,0
2016-12-30,97.12,97.35,95.84,96.13,489377,0
2017-01-03,96.49,98.33,95.801,96.96,801757,0
2017-01-04,96.85,98.82,96.8,97.77,648623,0
2017-01-05,97.52,97.77,94.41,94.82,723600,0
2017-01-06,94.82,95.74,93.6,94.08,976781,0
2017-01-09,94.13,95.87,93.51,94.79,808148,0
2017-01-10,94.61,96.79,94.15,96.13,753685,0
2017-01-11,96.07,96.76,95.06,96.0,566404,0
2017-01-12,95.57,95.85,94.4,95.55,505052,0
2017-01-13,95.65,96.64,95.2791,96.01,478486,0
2017-01-17,95.47,96.17,94.63,95.34,515030,0
2017-01-18,95.79,96.11,93.83,94.42,678278,0
2017-01-19,91.51,91.85,90.21,90.55,2048973,0
2017-01-20,90.89,92.025,90.86,91.7,794665,0
2017-01-23,91.58,92.47,91.44,92.04,630109,0
2017-01-24,92.53,92.67,90.78,91.65,802358,0
2017-01-25,91.88,93.6,91.76,93.41,414867,0
2017-01-26,93.46,93.56,91.84,92.23,593850,0
2017-01-27,91.67,92.47,89.9601,90.93,1570069,0
2017-01-30,89.64,90.09,88.56,89.98,1333627,0
2017-01-31,89.72,91.75,89.32,91.69,1529555,0
2017-02-01,97.0,102.0,95.43,97.25,3738248,0
2017-02-02,97.38,98.54,94.72,95.08,1599043,0
2017-02-03,95.43,96.52,94.14,95.82,1104765,0
2017-02-06,96.0,96.24,93.3,93.85,1197703,0
2017-02-07,94.31,94.5,93.09,93.65,922119,0
2017-02-08,93.25,94.19,92.61,94.17,548707,0
2017-02-09,94.2,96.49,94.2,95.98,657406,0
2017-02-10,95.96,97.22,95.17,96.97,716802,0
2017-02-13,96.92,98.02,96.4001,97.61,577843,0
2017-02-14,97.67,99.28,97.31,98.39,570180,0
2017-02-15,98.27,100.12,98.1684,99.96,573245,0
2017-02-16,100.0,100.76,99.62,100.42,763199,0
2017-02-17,100.35,101.83,99.6,101.765,659950,0
2017-02-21,102.28,102.9,101.06,101.86,521931,0
2017-02-22,100.61,101.195,100.025,101.09,778286,0
2017-02-23,101.21,101.65,100.27,101.16,501040,0
2017-02-24,100.57,103.04,100.57,102.9,678574,0
2017-02-27,102.57,103.24,102.11,102.26,608023,0
2017-02-28,102.27,103.83,102.27,102.76,725239,0
2017-03-01,103.77,104.42,102.67,103.83,745482,0
2017-03-02,104.09,104.53,103.16,104.14,520756,0
2017-03-03,104.2,104.25,103.12,104.04,451567,0
2017-03-06,104.1,104.7,102.18,102.74,742771,0
2017-03-07,102.47,103.82,102.02,103.15,579832,0
2017-03-08,103.65,104.59,103.39,103.72,325567,0
2017-03-09,104.09,105.59,103.22,105.36,465662,0
2017-03-10,105.84,105.92,104.395,105.32,444777,0
2017-03-13,105.69,108.27,105.47,107.99,665790,0
2017-03-14,107.84,107.84,106.62,107.48,490480,0
2017-03-15,107.59,110.87,107.12,110.31,1082028,0
2017-03-16,110.65,111.396,109.76,110.47,616810,0
2017-03-17,110.89,113.0,110.56,111.85,1101055,0
2017-03-20,112.25,113.31,111.65,113.23,862349,0
2017-03-21,113.77,114.29,110.58,111.06,1027791,0
2017-03-22,110.95,112.49,110.25,111.99,509571,0
2017-03-23,111.93,113.33,111.35,112.55,526688,0
2017-03-24,112.64,114.99,112.64,113.87,644508,0
2017-03-27,113.42,114.49,112.21,114.02,551630,0
2017-03-28,113.76,114.35,113.215,113.9,386452,0
2017-03-29,113.81,114.92,113.252,114.23,295584,0
2017-03-30,114.59,114.98,113.75,113.96,600793,0
2017-03-31,113.7,115.2,113.46,114.71,545935,0
2017-04-03,115.13,116.75,114.8,116.36,1110025,0
2017-04-04,116.56,116.99,115.25,115.61,546208,0
2017-04-05,115.94,116.45,114.72,114.8,438727,0
2017-04-06,114.77,115.36,114.18,115.19,506221,0
2017-04-07,114.76,115.74,114.66,114.74,511730,0
2017-04-10,115.25,115.25,114.27,114.73,412779,0
2017-04-11,114.82,115.25,114.1,114.95,473945,0
2017-04-12,115.16,115.5,113.93,114.11,421120,0
2017-04-13,113.97,114.72,113.4,113.73,440841,0
2017-04-17,113.96,115.31,113.815,115.18,403411,0
2017-04-18,114.94,116.4,114.74,116.32,397313,0
2017-04-19,116.65,117.98,116.574,117.55,476548,0
2017-04-20,117.5,119.19,116.32,118.87,663683,0
2017-04-21,119.1,120.02,118.08,118.44,713557,0
2017-04-24,120.02,120.875,119.05,120.34,824324,0
2017-04-25,121.47,121.79,118.37,118.78,1074711,0
2017-04-26,119.24,120.06,118.45,119.74,570085,0
2017-04-27,119.96,120.41,119.16,120.09,1296539,0
2017-04-28,139.79,145.24,133.71,134.62,4319723,0
2017-05-01,135.39,136.33,133.03,133.68,1433294,0
2017-05-02,133.56,135.3,133.38,134.12,1642979,0
2017-05-03,134.5,135.84,131.32,131.97,1718929,0
2017-05-04,132.21,142.18,132.02,141.89,2072553,0
2017-05-05,141.69,141.85,137.769,138.03,1440066,0
2017-05-08,138.25,138.77,136.32,137.0,1411640,0
2017-05-09,137.97,138.97,137.23,138.17,730088,0
2017-05-10,137.96,138.355,135.81,137.01,1119265,0
2017-05-11,136.51,137.61,135.85,137.47,561025,0
2017-05-12,137.24,139.229,137.14,138.67,689628,0
2017-05-15,138.9,139.95,138.16,138.46,785950,0
2017-05-16,138.83,139.12,137.5,138.61,595772,0
2017-05-17,137.53,137.89,134.68,136.08,733776,0
2017-05-18,136.0,138.84,135.59,137.69,882702,0
2017-05-19,138.0,138.99,137.7,138.43,767872,0
2017-05-22,139.23,139.42,138.04,138.1,982949,0
2017-05-23,137.93,138.31,136.26,138.22,894555,0
2017-05-24,138.78,139.26,137.78,138.65,1017282,0
2017-05-25,138.71,141.94,138.71,141.39,1880300,0
2017-05-26,141.4,143.09,140.24,142.1,1176627,0
2017-05-30,142.56,144.45,141.7,143.33,766722,0
2017-05-31,144.59,146.0,142.6,145.2,1152169,0
2017-06-01,146.36,147.0,144.04,145.91,964418,0
2017-06-02,146.57,150.355,146.52,149.7,1215671,0
2017-06-05,150.0,150.56,148.6,148.83,830633,0
2017-06-06,148.74,149.53,147.4,148.62,534408,0
2017-06-07,149.15,149.64,148.57,149.13,652331,0
2017-06-08,149.25,151.91,148.46,151.82,776393,0
2017-06-09,152.16,153.93,146.11,148.85,1150345,0
2017-06-12,147.34,147.79,139.0,143.41,2236859,0
2017-06-13,144.17,146.03,142.04,144.38,1024294,0
2017-06-14,145.38,145.81,142.99,144.3,867392,0
2017-06-15,142.95,144.17,142.01,144.02,1055616,0
2017-06-16,144.78,145.51,144.01,145.26,17940259,0
2017-06-19,146.32,152.14,146.25,149.7,1635917,0
2017-06-20,150.08,150.84,146.77,146.99,943850,0
2017-06-21,147.16,149.77,147.153,149.42,670304,0
2017-06-22,150.07,150.98,148.85,149.69,622643,0
2017-06-23,154.85,154.85,151.24,153.5,2206218,0
2017-06-26,153.66,154.79,151.45,151.67,720893,0
2017-06-27,151.15,152.83,148.94,149.34,883099,0
2017-06-28,150.19,152.59,149.62,152.24,728066,0
2017-06-29,151.5,152.09,148.011,148.62,781082,0
2017-06-30,148.33,150.95,148.33,150.12,577216,0
2017-07-03,151.06,152.23,148.95,149.03,340637,0
2017-07-05,151.52,152.8,149.16,151.94,551918,0
2017-07-06,151.12,151.48,149.5,149.74,679595,0
2017-07-07,150.98,152.8,150.92,151.9,479679,0
2017-07-10,152.1,153.48,150.56,151.58,533002,0
2017-07-11,151.56,152.26,150.33,151.59,754943,0
2017-07-12,152.07,152.93,151.14,152.51,682727,0
2017-07-13,153.13,153.65,150.76,152.19,409836,0
2017-07-14,152.14,154.82,152.12,154.3,517870,0
2017-07-17,155.01,157.86,154.9,156.21,1003280,0
2017-07-18,155.99,156.75,155.11,156.02,555805,0
2017-07-19,157.09,159.45,156.76,159.28,893029,0
2017-07-20,159.5,160.54,158.1,160.17,946656,0
2017-07-21,160.31,160.93,158.42,158.87,837675,0
2017-07-24,158.67,161.81,158.65,161.22,833354,0
2017-07-25,161.81,161.81,158.45,158.56,1071010,0
2017-07-26,158.66,159.929,157.37,158.69,809275,0
2017-07-27,160.52,160.648,155.55,157.26,1488092,0
2017-07-28,168.1,173.79,160.37,173.06,2454712,0
2017-07-31,173.34,173.75,166.11,167.23,1291437,0
2017-08-01,167.41,171.65,167.37,169.43,1286548,0
2017-08-02,170.28,171.05,166.38,167.99,725548,0
2017-08-03,168.09,170.62,167.59,170.46,748263,0
2017-08-04,170.88,170.999,168.57,169.3,508491,0
2017-08-07,169.49,174.82,169.485,174.01,1088081,0
2017-08-08,173.89,176.84,173.35,173.62,1085556,0
2017-08-09,173.84,176.44,172.37,175.77,992181,0
2017-08-10,174.92,174.92,171.15,171.23,1084667,0
2017-08-11,171.76,175.16,171.48,173.56,719970,0
2017-08-14,173.91,175.357,173.68,174.16,610680,0
2017-08-15,174.88,178.58,174.18,177.97,893545,0
2017-08-16,178.89,179.762,176.807,178.37,628674,0
2017-08-17,177.9,177.9,169.13,169.33,1952173,0
2017-08-18,169.96,172.18,167.274,168.61,1393519,0
2017-08-21,168.51,169.64,165.179,167.98,949876,0
2017-08-22,167.97,173.0,166.64,172.55,900504,0
2017-08-23,172.33,173.84,170.79,172.85,867957,0
2017-08-24,174.0,175.96,173.35,175.31,926339,0
2017-08-25,175.41,176.2,171.55,172.55,822647,0
2017-08-28,173.02,175.925,173.02,175.11,597781,0
2017-08-29,173.03,174.61,172.27,173.97,698643,0
2017-08-30,173.55,174.905,172.91,174.88,589391,0
2017-08-31,175.05,177.07,173.935,176.74,999270,0
2017-09-01,176.81,177.4,173.88,176.38,665443,0
2017-09-05,176.42,179.96,176.42,179.33,1043821,0
2017-09-06,180.0,180.36,175.37,176.63,685588,0
2017-09-07,176.56,180.55,174.441,179.99,1003487,0
2017-09-08,179.8,181.99,179.083,181.48,566345,0
2017-09-11,185.61,185.61,181.49,184.12,739181,0
2017-09-12,184.8,186.1,182.55,185.66,639926,0
2017-09-13,185.18,185.87,183.26,183.57,998165,0
2017-09-14,183.415,185.485,182.1,184.86,872017,0
2017-09-15,184.5,185.6,183.16,184.5,1862214,0
2017-09-18,185.95,188.97,185.055,188.34,1111082,0
2017-09-19,189.07,190.04,186.04,187.18,893367,0
2017-09-20,187.83,189.01,186.54,188.78,565025,0
2017-09-21,188.76,189.389,184.75,186.32,640899,0
2017-09-22,186.2,188.24,186.05,188.0,575880,0
2017-09-25,187.4,187.455,183.53,184.89,605378,0
2017-09-26,185.61,186.1,183.04,184.2,692677,0
2017-09-27,184.49,186.805,183.21,184.78,676107,0
2017-09-28,184.5,184.77,180.312,183.04,890343,0
2017-09-29,183.6,186.62,182.06,186.27,785489,0
2017-10-02,187.16,187.98,185.05,187.22,705766,0
2017-10-03,187.75,188.38,185.2,186.45,558780,0
2017-10-04,186.41,186.87,184.67,185.98,599860,0
2017-10-05,185.44,187.49,185.21,186.61,641625,0
2017-10-06,186.99,191.78,186.15,187.04,1104398,0
2017-10-09,186.83,189.28,185.485,188.13,779823,0
2017-10-10,188.53,189.92,188.13,188.67,665154,0
2017-10-11,188.22,193.185,188.22,192.46,879084,0
2017-10-12,192.79,194.84,192.2,192.38,740547,0
2017-10-13,192.85,193.94,191.35,192.81,699786,0
2017-10-16,193.01,195.6,192.21,193.37,1187811,0
2017-10-17,193.46,196.04,192.65,194.27,805635,0
2017-10-18,194.72,196.0,193.62,194.23,775762,0
2017-10-19,194.23,196.89,191.8,196.85,928081,0
2017-10-20,196.67,201.7,196.67,200.88,2865684,0
2017-10-23,205.45,205.99,202.46,202.76,1226528,0
2017-10-24,202.76,205.07,198.435,203.72,1110752,0
2017-10-25,203.0,203.89,200.27,201.75,1106130,0
2017-10-26,202.59,207.65,199.45,202.98,1928923,0
2017-10-27,225.64,239.83,223.56,235.94,3294986,0
2017-10-30,234.35,243.27,233.36,235.57,1407498,0
2017-10-31,235.1,240.66,235.05,238.98,951743,0
2017-11-01,243.0,244.6,232.311,234.95,1441566,0
2017-11-02,235.38,237.95,233.0,233.47,1037612,0
2017-11-03,233.85,242.55,233.85,241.35,1035508,0
2017-11-06,244.02,246.83,238.59,244.5,1063586,0
2017-11-07,245.0,246.84,243.66,246.46,613456,0
2017-11-08,246.0,253.65,246.0,252.74,1080484,0
2017-11-09,251.8,254.19,245.531,249.63,1313281,0
2017-11-10,249.38,251.015,246.26,249.46,927592,0
